TO [s] WNc [w] C StringLn ASCIIString
---------------------------------------
518400.000 1975 COM2 64 0R0 254 0.3 6.6 43.4 1.0103 0.00 0.0M
518460.000 1975 COM2 64 0R0 015 0.4 6.5 42.5 1.0103 0.00 0.0M
518520.000 1975 COM2 64 0R0 234 0.4 6.5 41.7 1.0103 0.00 0.0M
518580.000 1975 COM2 64 0R0 289 0.4 6.4 39.5 1.0103 0.00 0.0M
518640.000 1975 COM2 64 0R0 255 0.3 6.4 39.9 1.0102 0.00 0.0M
518700.000 1975 COM2 64 0R0 310 0.3 6.4 39.6 1.0102 0.00 0.0M
518760.000 1975 COM2 64 0R0 318 0.3 6.4 37.9 1.0102 0.00 0.0M
518820.000 1975 COM2 64 0R0 324 0.1 6.4 37.9 1.0102 0.00 0.0M
518880.000 1975 COM2 64 0R0 129 0.3 6.4 38.2 1.0102 0.00 0.0M
518940.000 1975 COM2 64 0R0 074 0.1 6.4 38.5 1.0102 0.00 0.0M
519000.000 1975 COM2 64 0R0 335 0.2 6.4 38.2 1.0102 0.00 0.0M
519060.000 1975 COM2 64 0R0 109 0.2 6.4 37.8 1.0102 0.00 0.0M
519120.000 1975 COM2 64 0R0 297 0.4 6.4 37.7 1.0102 0.00 0.0M
519180.000 1975 COM2 64 0R0 245 0.1 6.4 38.3 1.0103 0.00 0.0M
519240.000 1975 COM2 64 0R0 289 0.1 6.4 37.1 1.0103 0.00 0.0M
519300.000 1975 COM2 64 0R0 320 0.2 6.4 38.3 1.0103 0.00 0.0M
519360.000 1975 COM2 64 0R0 267 0.6 6.4 37.9 1.0103 0.00 0.0M
519420.000 1975 COM2 64 0R0 269 0.3 6.3 38.2 1.0104 0.00 0.0M
519480.000 1975 COM2 64 0R0 258 0.6 6.3 41.1 1.0104 0.00 0.0M
519540.000 1975 COM2 64 0R0 281 1.7 6.3 41.2 1.0104 0.00 0.0M
519600.000 1975 COM2 64 0R0 267 1.7 6.2 39.1 1.0104 0.00 0.0M
519660.000 1975 COM2 64 0R0 303 0.4 6.1 38.6 1.0103 0.00 0.0M
519720.000 1975 COM2 64 0R0 274 1.2 6.1 38.6 1.0103 0.00 0.0M
519780.000 1975 COM2 64 0R0 267 0.9 6.1 39.9 1.0103 0.00 0.0M
519840.000 1975 COM2 64 0R0 277 0.8 6.1 39.7 1.0103 0.00 0.0M
519900.000 1975 COM2 64 0R0 304 0.7 6.1 39.3 1.0103 0.00 0.0M
519960.000 1975 COM2 64 0R0 335 0.2 6.1 40.4 1.0102 0.00 0.0M
520020.000 1975 COM2 64 0R0 258 0.1 6.1 40.3 1.0102 0.00 0.0M
520080.000 1975 COM2 64 0R0 294 0.3 6.1 40.4 1.0101 0.00 0.0M
520140.000 1975 COM2 64 0R0 263 0.3 6.0 40.6 1.0101 0.00 0.0M
520200.000 1975 COM2 64 0R0 265 0.5 6.0 40.0 1.0101 0.00 0.0M
520260.000 1975 COM2 64 0R0 308 1.1 6.0 40.8 1.0101 0.00 0.0M
520320.000 1975 COM2 64 0R0 310 1.6 6.0 39.0 1.0102 0.00 0.0M
520380.000 1975 COM2 64 0R0 306 0.4 6.0 38.8 1.0102 0.00 0.0M
520440.000 1975 COM2 64 0R0 350 0.5 6.0 41.0 1.0101 0.00 0.0M
520500.000 1975 COM2 64 0R0 342 0.4 6.1 38.8 1.0101 0.00 0.0M
520560.000 1975 COM2 64 0R0 327 0.4 6.1 39.5 1.0101 0.00 0.0M
520620.000 1975 COM2 64 0R0 326 0.4 6.1 39.8 1.0101 0.00 0.0M
520680.000 1975 COM2 64 0R0 279 0.8 6.0 40.4 1.0100 0.00 0.0M
520740.000 1975 COM2 64 0R0 276 1.4 6.0 39.4 1.0100 0.00 0.0M
520800.000 1975 COM2 64 0R0 297 1.4 6.0 37.5 1.0100 0.00 0.0M
520860.000 1975 COM2 64 0R0 286 2.0 5.9 37.2 1.0100 0.00 0.0M
520920.000 1975 COM2 64 0R0 286 1.8 5.9 38.3 1.0100 0.00 0.0M
520980.000 1975 COM2 64 0R0 299 1.6 5.9 36.9 1.0100 0.00 0.0M
521040.000 1975 COM2 64 0R0 288 1.8 5.9 37.1 1.0100 0.00 0.0M
521100.000 1975 COM2 64 0R0 287 2.0 5.9 37.0 1.0100 0.00 0.0M
521160.000 1975 COM2 64 0R0 323 0.2 5.9 37.6 1.0100 0.00 0.0M
521220.000 1975 COM2 64 0R0 305 1.7 5.9 36.6 1.0100 0.00 0.0M
521280.000 1975 COM2 64 0R0 288 1.7 5.9 37.3 1.0100 0.00 0.0M
521340.000 1975 COM2 64 0R0 306 1.0 5.8 38.0 1.0100 0.00 0.0M
521400.000 1975 COM2 64 0R0 219 0.5 5.8 37.6 1.0100 0.00 0.0M
521460.000 1975 COM2 64 0R0 274 1.4 5.8 37.8 1.0100 0.00 0.0M
521520.000 1975 COM2 64 0R0 282 1.8 5.8 37.3 1.0099 0.00 0.0M
521580.000 1975 COM2 64 0R0 306 0.4 5.8 37.5 1.0099 0.00 0.0M
521640.000 1975 COM2 64 0R0 317 1.2 5.8 36.4 1.0099 0.00 0.0M
521700.000 1975 COM2 64 0R0 305 1.2 5.8 36.0 1.0099 0.00 0.0M
521760.000 1975 COM2 64 0R0 306 1.2 5.8 36.5 1.0099 0.00 0.0M
521820.000 1975 COM2 64 0R0 218 0.1 5.9 36.9 1.0100 0.00 0.0M
521880.000 1975 COM2 64 0R0 280 0.3 5.9 37.3 1.0100 0.00 0.0M
521940.000 1975 COM2 64 0R0 285 0.7 5.9 36.8 1.0099 0.00 0.0M
522000.000 1975 COM2 64 0R0 304 0.3 5.9 35.9 1.0099 0.00 0.0M
522060.000 1975 COM2 64 0R0 309 0.2 5.9 36.5 1.0099 0.00 0.0M
522120.000 1975 COM2 64 0R0 311 0.3 5.9 37.5 1.0100 0.00 0.0M
522180.000 1975 COM2 64 0R0 312 1.0 5.9 36.4 1.0100 0.00 0.0M
522240.000 1975 COM2 64 0R0 279 1.6 5.9 36.4 1.0100 0.00 0.0M
522300.000 1975 COM2 64 0R0 294 1.7 5.9 35.1 1.0099 0.00 0.0M
522360.000 1975 COM2 64 0R0 300 1.2 6.0 35.1 1.0099 0.00 0.0M
522420.000 1975 COM2 64 0R0 289 1.9 6.0 35.5 1.0100 0.00 0.0M
522480.000 1975 COM2 64 0R0 296 1.2 5.9 34.6 1.0100 0.00 0.0M
522540.000 1975 COM2 64 0R0 299 1.3 5.9 35.9 1.0100 0.00 0.0M
522600.000 1975 COM2 64 0R0 285 2.3 5.9 35.9 1.0101 0.00 0.0M
522660.000 1975 COM2 64 0R0 302 1.4 5.8 35.2 1.0101 0.00 0.0M
522720.000 1975 COM2 64 0R0 265 1.6 5.8 35.2 1.0101 0.00 0.0M
522780.000 1975 COM2 64 0R0 303 0.5 5.7 35.8 1.0101 0.00 0.0M
522840.000 1975 COM2 64 0R0 280 1.2 5.7 34.6 1.0101 0.00 0.0M
522900.000 1975 COM2 64 0R0 294 1.4 5.7 35.6 1.0101 0.00 0.0M
522960.000 1975 COM2 64 0R0 283 1.5 5.6 35.1 1.0101 0.00 0.0M
523020.000 1975 COM2 64 0R0 281 1.3 5.6 35.6 1.0101 0.00 0.0M
523080.000 1975 COM2 64 0R0 277 0.6 5.6 35.4 1.0102 0.00 0.0M
523140.000 1975 COM2 64 0R0 259 1.5 5.6 38.2 1.0102 0.00 0.0M
523200.000 1975 COM2 64 0R0 279 1.1 5.6 37.5 1.0102 0.00 0.0M
523260.000 1975 COM2 64 0R0 270 1.3 5.5 35.8 1.0102 0.00 0.0M
523320.000 1975 COM2 64 0R0 244 0.6 5.5 37.7 1.0102 0.00 0.0M
523380.000 1975 COM2 64 0R0 321 0.8 5.5 37.4 1.0101 0.00 0.0M
523440.000 1975 COM2 64 0R0 288 2.1 5.5 36.5 1.0101 0.00 0.0M
523500.000 1975 COM2 64 0R0 016 0.4 5.5 36.8 1.0102 0.00 0.0M
523560.000 1975 COM2 64 0R0 280 1.4 5.5 37.0 1.0102 0.00 0.0M
523620.000 1975 COM2 64 0R0 353 0.6 5.5 37.7 1.0102 0.00 0.0M
523680.000 1975 COM2 64 0R0 256 0.8 5.5 38.0 1.0102 0.00 0.0M
523740.000 1975 COM2 64 0R0 215 0.6 5.5 40.0 1.0102 0.00 0.0M
523800.000 1975 COM2 64 0R0 243 0.4 5.5 39.2 1.0103 0.00 0.0M
523860.000 1975 COM2 64 0R0 266 0.9 5.5 38.8 1.0103 0.00 0.0M
523920.000 1975 COM2 64 0R0 288 0.8 5.4 37.9 1.0103 0.00 0.0M
523980.000 1975 COM2 64 0R0 287 1.1 5.4 39.0 1.0103 0.00 0.0M
524040.000 1975 COM2 64 0R0 002 0.4 5.4 38.9 1.0103 0.00 0.0M
524100.000 1975 COM2 64 0R0 333 0.6 5.4 41.0 1.0104 0.00 0.0M
524160.000 1975 COM2 64 0R0 005 0.2 5.3 40.3 1.0104 0.00 0.0M
524220.000 1975 COM2 64 0R0 333 0.4 5.3 39.2 1.0104 0.00 0.0M
524280.000 1975 COM2 64 0R0 355 0.2 5.3 40.5 1.0104 0.00 0.0M
524340.000 1975 COM2 64 0R0 013 0.2 5.3 40.2 1.0104 0.00 0.0M
524400.000 1975 COM2 64 0R0 355 0.3 5.2 40.4 1.0105 0.00 0.0M
524460.000 1975 COM2 64 0R0 055 0.3 5.2 40.5 1.0105 0.00 0.0M
524520.100 1975 COM2 64 0R0 298 0.5 5.2 40.2 1.0105 0.00 0.0M
524580.000 1975 COM2 64 0R0 334 0.8 5.1 40.0 1.0105 0.00 0.0M
524640.000 1975 COM2 64 0R0 093 0.2 5.1 41.1 1.0105 0.00 0.0M
524700.000 1975 COM2 64 0R0 044 0.2 5.1 41.1 1.0105 0.00 0.0M
524760.000 1975 COM2 64 0R0 007 0.3 5.1 40.7 1.0105 0.00 0.0M
524820.000 1975 COM2 64 0R0 028 0.3 5.1 41.1 1.0105 0.00 0.0M
524880.000 1975 COM2 64 0R0 017 0.2 5.1 42.2 1.0106 0.00 0.0M
524940.000 1975 COM2 64 0R0 030 0.3 5.1 43.6 1.0105 0.00 0.0M
525000.000 1975 COM2 64 0R0 031 0.5 5.1 42.3 1.0105 0.00 0.0M
525060.000 1975 COM2 64 0R0 063 0.6 5.1 41.7 1.0105 0.00 0.0M
525120.000 1975 COM2 64 0R0 032 0.4 5.0 41.5 1.0105 0.00 0.0M
525180.000 1975 COM2 64 0R0 357 0.5 5.0 41.7 1.0105 0.00 0.0M
525240.000 1975 COM2 64 0R0 332 0.2 4.9 40.4 1.0105 0.00 0.0M
525300.000 1975 COM2 64 0R0 215 0.4 4.9 40.9 1.0105 0.00 0.0M
525360.000 1975 COM2 64 0R0 326 0.3 4.9 48.5 1.0104 0.00 0.0M
525420.000 1975 COM2 64 0R0 210 0.4 4.8 51.6 1.0104 0.00 0.0M
525480.000 1975 COM2 64 0R0 180 0.1 4.7 52.9 1.0104 0.00 0.0M
525540.000 1975 COM2 64 0R0 156 0.3 4.5 54.6 1.0103 0.00 0.0M
525600.000 1975 COM2 64 0R0 172 0.2 4.4 55.2 1.0103 0.00 0.0M
525660.000 1975 COM2 64 0R0 116 0.1 4.3 52.6 1.0103 0.00 0.0M
525720.000 1975 COM2 64 0R0 094 0.2 4.2 52.6 1.0103 0.00 0.0M
525780.000 1975 COM2 64 0R0 137 0.4 4.2 54.8 1.0103 0.00 0.0M
525840.000 1975 COM2 64 0R0 138 0.4 4.1 57.0 1.0103 0.00 0.0M
525900.000 1975 COM2 64 0R0 180 1.0 4.0 57.2 1.0103 0.00 0.0M
525960.000 1975 COM2 64 0R0 209 1.1 3.9 56.8 1.0103 0.00 0.0M
526020.000 1975 COM2 64 0R0 194 0.9 3.8 56.7 1.0102 0.00 0.0M
526080.000 1975 COM2 64 0R0 254 0.2 3.6 58.8 1.0102 0.00 0.0M
526140.000 1975 COM2 64 0R0 078 0.3 3.5 60.0 1.0101 0.00 0.0M
526200.000 1975 COM2 64 0R0 043 0.2 3.5 59.5 1.0101 0.00 0.0M
526260.000 1975 COM2 64 0R0 244 0.4 3.4 57.8 1.0101 0.00 0.0M
526320.000 1975 COM2 64 0R0 335 0.2 3.4 57.8 1.0101 0.00 0.0M
526380.000 1975 COM2 64 0R0 259 0.3 3.4 56.6 1.0101 0.00 0.0M
526440.000 1975 COM2 64 0R0 259 0.5 3.4 57.6 1.0101 0.00 0.0M
526500.000 1975 COM2 64 0R0 245 0.6 3.4 56.4 1.0101 0.00 0.0M
526560.000 1975 COM2 64 0R0 248 0.3 3.5 56.7 1.0102 0.00 0.0M
526620.000 1975 COM2 64 0R0 278 0.6 3.5 55.0 1.0102 0.00 0.0M
526680.000 1975 COM2 64 0R0 266 0.8 3.6 54.2 1.0101 0.00 0.0M
526740.000 1975 COM2 64 0R0 273 0.8 3.6 49.6 1.0101 0.00 0.0M
526800.000 1975 COM2 64 0R0 277 0.4 3.7 51.7 1.0101 0.00 0.0M
526860.000 1975 COM2 64 0R0 264 0.5 3.7 52.7 1.0101 0.00 0.0M
526920.000 1975 COM2 64 0R0 263 0.9 3.8 48.3 1.0100 0.00 0.0M
526980.000 1975 COM2 64 0R0 270 1.0 3.8 48.6 1.0101 0.00 0.0M
527040.000 1975 COM2 64 0R0 279 0.9 3.9 49.5 1.0101 0.00 0.0M
527100.000 1975 COM2 64 0R0 272 1.1 4.0 48.8 1.0101 0.00 0.0M
527160.000 1975 COM2 64 0R0 261 1.1 4.1 51.7 1.0101 0.00 0.0M
527220.000 1975 COM2 64 0R0 275 1.0 4.2 50.9 1.0101 0.00 0.0M
527280.000 1975 COM2 64 0R0 277 1.1 4.3 46.0 1.0101 0.00 0.0M
527340.000 1975 COM2 64 0R0 297 1.5 4.4 44.7 1.0102 0.00 0.0M
527400.000 1975 COM2 64 0R0 303 1.2 4.5 43.1 1.0102 0.00 0.0M
527460.000 1975 COM2 64 0R0 299 1.2 4.6 42.9 1.0103 0.00 0.0M
527520.000 1975 COM2 64 0R0 220 0.1 4.7 42.9 1.0103 0.00 0.0M
527580.000 1975 COM2 64 0R0 287 0.9 4.8 41.1 1.0103 0.00 0.0M
527640.000 1975 COM2 64 0R0 276 0.3 4.9 41.9 1.0103 0.00 0.0M
527700.000 1975 COM2 64 0R0 267 0.9 4.9 41.7 1.0102 0.00 0.0M
527760.000 1975 COM2 64 0R0 266 1.1 4.9 41.4 1.0101 0.00 0.0M
527820.000 1975 COM2 64 0R0 274 0.5 4.9 42.3 1.0101 0.00 0.0M
527880.000 1975 COM2 64 0R0 269 0.8 4.9 39.9 1.0101 0.00 0.0M
527940.000 1975 COM2 64 0R0 296 0.5 4.8 43.9 1.0101 0.00 0.0M
528000.000 1975 COM2 64 0R0 317 1.0 4.8 44.1 1.0102 0.00 0.0M
528060.000 1975 COM2 64 0R0 340 0.7 4.8 42.9 1.0102 0.00 0.0M
528120.000 1975 COM2 64 0R0 296 1.2 4.8 41.7 1.0102 0.00 0.0M
528180.000 1975 COM2 64 0R0 295 1.1 4.9 41.7 1.0102 0.00 0.0M
528240.000 1975 COM2 64 0R0 280 0.2 4.9 41.2 1.0101 0.00 0.0M
528300.000 1975 COM2 64 0R0 301 0.4 5.0 41.7 1.0101 0.00 0.0M
528360.000 1975 COM2 64 0R0 281 0.3 5.0 44.1 1.0101 0.00 0.0M
528420.000 1975 COM2 64 0R0 050 0.2 5.0 45.6 1.0101 0.00 0.0M
528480.000 1975 COM2 64 0R0 143 0.3 4.9 48.5 1.0101 0.00 0.0M
528540.000 1975 COM2 64 0R0 086 0.3 4.9 50.7 1.0101 0.00 0.0M
528600.000 1975 COM2 64 0R0 211 0.7 4.8 51.1 1.0102 0.00 0.0M
528660.000 1975 COM2 64 0R0 144 0.2 4.8 52.5 1.0102 0.00 0.0M
528720.000 1975 COM2 64 0R0 142 0.3 4.7 53.1 1.0102 0.00 0.0M
528780.000 1975 COM2 64 0R0 316 0.2 4.6 53.5 1.0102 0.00 0.0M
528840.000 1975 COM2 64 0R0 073 0.2 4.5 53.7 1.0101 0.00 0.0M
528900.000 1975 COM2 64 0R0 130 0.5 4.4 53.7 1.0101 0.00 0.0M
528960.000 1975 COM2 64 0R0 124 0.7 4.4 54.0 1.0101 0.00 0.0M
529020.000 1975 COM2 64 0R0 119 0.5 4.2 54.8 1.0101 0.00 0.0M
529080.000 1975 COM2 64 0R0 218 0.1 4.1 55.0 1.0101 0.00 0.0M
529140.000 1975 COM2 64 0R0 053 0.1 4.0 54.7 1.0101 0.00 0.0M
529200.000 1975 COM2 64 0R0 016 0.2 4.0 54.6 1.0101 0.00 0.0M
529260.000 1975 COM2 64 0R0 012 0.2 3.9 54.0 1.0101 0.00 0.0M
529320.000 1975 COM2 64 0R0 028 0.5 3.9 53.2 1.0100 0.00 0.0M
529380.000 1975 COM2 64 0R0 061 0.3 3.9 53.4 1.0100 0.00 0.0M
529440.000 1975 COM2 64 0R0 332 0.2 3.8 52.9 1.0100 0.00 0.0M
529500.000 1975 COM2 64 0R0 074 0.1 3.7 54.2 1.0100 0.00 0.0M
529560.000 1975 COM2 64 0R0 196 0.6 3.7 56.4 1.0100 0.00 0.0M
529620.000 1975 COM2 64 0R0 195 0.4 3.7 56.8 1.0100 0.00 0.0M
529680.000 1975 COM2 64 0R0 238 0.3 3.7 57.4 1.0100 0.00 0.0M
529740.000 1975 COM2 64 0R0 274 0.5 3.7 58.6 1.0100 0.00 0.0M
529800.000 1975 COM2 64 0R0 238 0.6 3.7 53.0 1.0100 0.00 0.0M
529860.000 1975 COM2 64 0R0 181 0.7 3.7 54.9 1.0100 0.00 0.0M
529920.000 1975 COM2 64 0R0 217 0.6 3.7 57.4 1.0100 0.00 0.0M
529980.000 1975 COM2 64 0R0 235 0.6 3.7 57.9 1.0100 0.00 0.0M
530040.000 1975 COM2 64 0R0 256 0.7 3.7 57.9 1.0100 0.00 0.0M
530100.000 1975 COM2 64 0R0 237 0.5 3.7 57.8 1.0100 0.00 0.0M
530160.000 1975 COM2 64 0R0 254 0.5 3.7 57.3 1.0100 0.00 0.0M
530220.000 1975 COM2 64 0R0 160 0.2 3.7 55.9 1.0100 0.00 0.0M
530280.000 1975 COM2 64 0R0 184 0.2 3.7 53.8 1.0099 0.00 0.0M
530340.000 1975 COM2 64 0R0 104 0.2 3.7 52.2 1.0099 0.00 0.0M
530400.000 1975 COM2 64 0R0 183 0.4 3.7 52.6 1.0099 0.00 0.0M
530460.000 1975 COM2 64 0R0 211 0.1 3.7 53.1 1.0099 0.00 0.0M
530520.000 1975 COM2 64 0R0 278 0.8 3.7 51.1 1.0099 0.00 0.0M
530580.000 1975 COM2 64 0R0 320 0.3 3.7 48.5 1.0099 0.00 0.0M
530640.000 1975 COM2 64 0R0 280 0.8 3.7 50.7 1.0099 0.00 0.0M
530700.000 1975 COM2 64 0R0 275 0.8 3.7 47.1 1.0099 0.00 0.0M
530760.000 1975 COM2 64 0R0 263 0.7 3.8 49.3 1.0099 0.00 0.0M
530820.000 1975 COM2 64 0R0 219 0.4 3.9 50.8 1.0099 0.00 0.0M
530880.000 1975 COM2 64 0R0 233 0.5 3.9 53.5 1.0099 0.00 0.0M
530940.000 1975 COM2 64 0R0 248 1.0 3.9 53.5 1.0099 0.00 0.0M
531000.000 1975 COM2 64 0R0 264 0.4 3.9 50.3 1.0099 0.00 0.0M
531060.000 1975 COM2 64 0R0 271 1.1 4.0 51.8 1.0098 0.00 0.0M
531120.000 1975 COM2 64 0R0 269 1.2 4.0 46.9 1.0098 0.00 0.0M
531180.000 1975 COM2 64 0R0 267 1.4 4.0 47.6 1.0099 0.00 0.0M
531240.000 1975 COM2 64 0R0 257 1.2 4.0 48.9 1.0099 0.00 0.0M
531300.000 1975 COM2 64 0R0 259 1.3 4.1 47.9 1.0099 0.00 0.0M
531360.000 1975 COM2 64 0R0 274 1.5 4.1 47.5 1.0099 0.00 0.0M
531420.000 1975 COM2 64 0R0 278 1.4 4.1 45.5 1.0098 0.00 0.0M
531480.000 1975 COM2 64 0R0 282 1.1 4.1 43.8 1.0098 0.00 0.0M
531540.000 1975 COM2 64 0R0 280 1.9 4.2 43.8 1.0098 0.00 0.0M
531600.000 1975 COM2 64 0R0 276 2.1 4.3 42.7 1.0098 0.00 0.0M
531660.000 1975 COM2 64 0R0 281 2.0 4.3 42.3 1.0098 0.00 0.0M
531720.000 1975 COM2 64 0R0 292 1.6 4.4 42.6 1.0098 0.00 0.0M
531780.000 1975 COM2 64 0R0 281 1.2 4.4 41.8 1.0098 0.00 0.0M
531840.000 1975 COM2 64 0R0 266 1.2 4.4 41.8 1.0099 0.00 0.0M
531900.000 1975 COM2 64 0R0 267 1.4 4.4 44.0 1.0099 0.00 0.0M
531960.000 1975 COM2 64 0R0 264 1.8 4.4 44.9 1.0098 0.00 0.0M
532020.000 1975 COM2 64 0R0 294 1.4 4.4 44.7 1.0098 0.00 0.0M
532080.000 1975 COM2 64 0R0 286 1.9 4.3 43.9 1.0098 0.00 0.0M
532140.000 1975 COM2 64 0R0 274 1.6 4.3 42.5 1.0098 0.00 0.0M
532200.000 1975 COM2 64 0R0 271 1.7 4.3 42.6 1.0098 0.00 0.0M
532260.000 1975 COM2 64 0R0 272 1.9 4.3 43.7 1.0098 0.00 0.0M
532320.000 1975 COM2 64 0R0 278 2.1 4.2 43.1 1.0098 0.00 0.0M
532380.000 1975 COM2 64 0R0 293 2.3 4.2 43.3 1.0098 0.00 0.0M
532440.000 1975 COM2 64 0R0 296 0.4 4.2 43.3 1.0098 0.00 0.0M
532500.000 1975 COM2 64 0R0 262 2.0 4.2 43.3 1.0099 0.00 0.0M
532560.000 1975 COM2 64 0R0 276 1.6 4.2 43.4 1.0098 0.00 0.0M
532620.000 1975 COM2 64 0R0 287 1.8 4.2 42.6 1.0098 0.00 0.0M
532680.000 1975 COM2 64 0R0 280 1.5 4.2 43.2 1.0097 0.00 0.0M
532740.000 1975 COM2 64 0R0 272 1.6 4.2 43.5 1.0097 0.00 0.0M
532800.000 1975 COM2 64 0R0 255 0.9 4.1 43.7 1.0097 0.00 0.0M
532860.000 1975 COM2 64 0R0 193 0.3 4.1 45.0 1.0097 0.00 0.0M
532920.000 1975 COM2 64 0R0 204 0.4 4.1 47.7 1.0097 0.00 0.0M
532980.000 1975 COM2 64 0R0 105 0.3 4.1 49.1 1.0097 0.00 0.0M
533040.000 1975 COM2 64 0R0 113 0.1 4.1 49.9 1.0097 0.00 0.0M
533100.000 1975 COM2 64 0R0 129 0.2 4.0 51.0 1.0097 0.00 0.0M
533160.000 1975 COM2 64 0R0 080 0.4 3.9 51.8 1.0097 0.00 0.0M
533220.000 1975 COM2 64 0R0 159 0.5 3.9 52.5 1.0097 0.00 0.0M
533280.000 1975 COM2 64 0R0 050 0.5 3.8 53.9 1.0097 0.00 0.0M
533340.000 1975 COM2 64 0R0 130 0.1 3.7 53.5 1.0097 0.00 0.0M
533400.000 1975 COM2 64 0R0 025 0.2 3.5 53.9 1.0097 0.00 0.0M
533460.000 1975 COM2 64 0R0 333 0.2 3.4 55.2 1.0097 0.00 0.0M
533520.000 1975 COM2 64 0R0 133 0.1 3.3 55.8 1.0097 0.00 0.0M
533580.100 1975 COM2 64 0R0 204 0.5 3.2 56.1 1.0097 0.00 0.0M
533640.000 1975 COM2 64 0R0 167 0.1 3.1 57.6 1.0098 0.00 0.0M
533700.000 1975 COM2 64 0R0 013 0.5 3.0 55.6 1.0098 0.00 0.0M
533760.100 1975 COM2 64 0R0 028 0.8 2.9 55.1 1.0097 0.00 0.0M
533820.000 1975 COM2 64 0R0 041 0.8 2.8 57.2 1.0097 0.00 0.0M
533880.100 1975 COM2 64 0R0 099 0.3 2.6 57.6 1.0097 0.00 0.0M
533940.000 1975 COM2 64 0R0 306 0.3 2.5 58.2 1.0097 0.00 0.0M
534000.000 1975 COM2 64 0R0 023 0.6 2.4 58.0 1.0096 0.00 0.0M
534060.000 1975 COM2 64 0R0 045 0.5 2.4 58.6 1.0095 0.00 0.0M
534120.000 1975 COM2 64 0R0 059 0.2 2.4 57.9 1.0095 0.00 0.0M
534180.000 1975 COM2 64 0R0 026 0.1 2.3 57.6 1.0095 0.00 0.0M
534240.000 1975 COM2 64 0R0 227 0.6 2.3 58.5 1.0095 0.00 0.0M
534300.000 1975 COM2 64 0R0 234 0.5 2.3 59.9 1.0095 0.00 0.0M
534360.000 1975 COM2 64 0R0 219 0.6 2.3 60.1 1.0095 0.00 0.0M
534420.000 1975 COM2 64 0R0 227 0.6 2.3 62.4 1.0095 0.00 0.0M
534480.000 1975 COM2 64 0R0 246 0.5 2.4 56.5 1.0094 0.00 0.0M
534540.000 1975 COM2 64 0R0 190 0.2 2.4 59.1 1.0094 0.00 0.0M
534600.000 1975 COM2 64 0R0 155 0.2 2.4 61.9 1.0094 0.00 0.0M
534660.000 1975 COM2 64 0R0 245 0.7 2.5 62.2 1.0094 0.00 0.0M
534720.000 1975 COM2 64 0R0 209 0.4 2.4 63.3 1.0094 0.00 0.0M
534780.000 1975 COM2 64 0R0 187 0.4 2.4 63.7 1.0095 0.00 0.0M
534840.000 1975 COM2 64 0R0 277 0.4 2.4 63.9 1.0094 0.00 0.0M
534900.000 1975 COM2 64 0R0 205 0.2 2.3 60.0 1.0094 0.00 0.0M
534960.000 1975 COM2 64 0R0 244 0.3 2.4 61.6 1.0093 0.00 0.0M
535020.000 1975 COM2 64 0R0 237 0.3 2.4 59.8 1.0093 0.00 0.0M
535080.000 1975 COM2 64 0R0 275 0.9 2.4 56.0 1.0093 0.00 0.0M
535140.000 1975 COM2 64 0R0 252 0.3 2.5 53.5 1.0093 0.00 0.0M
535200.000 1975 COM2 64 0R0 213 0.4 2.6 54.7 1.0093 0.00 0.0M
535260.000 1975 COM2 64 0R0 262 0.2 2.7 59.7 1.0093 0.00 0.0M
535320.000 1975 COM2 64 0R0 222 0.4 2.7 59.3 1.0093 0.00 0.0M
535380.000 1975 COM2 64 0R0 156 1.0 2.7 61.3 1.0093 0.00 0.0M
535440.000 1975 COM2 64 0R0 155 0.2 2.6 62.2 1.0093 0.00 0.0M
535500.000 1975 COM2 64 0R0 092 0.5 2.5 63.0 1.0093 0.00 0.0M
535560.000 1975 COM2 64 0R0 061 0.3 2.4 61.6 1.0092 0.00 0.0M
535620.000 1975 COM2 64 0R0 109 0.3 2.2 63.0 1.0092 0.00 0.0M
535680.000 1975 COM2 64 0R0 130 0.4 2.1 63.6 1.0092 0.00 0.0M
535740.000 1975 COM2 64 0R0 153 0.5 2.1 63.9 1.0092 0.00 0.0M
535800.000 1975 COM2 64 0R0 064 0.2 2.0 64.3 1.0092 0.00 0.0M
535860.000 1975 COM2 64 0R0 021 0.1 2.0 64.4 1.0092 0.00 0.0M
535920.000 1975 COM2 64 0R0 138 0.4 1.9 64.9 1.0092 0.00 0.0M
535980.000 1975 COM2 64 0R0 044 0.2 1.9 65.3 1.0092 0.00 0.0M
536040.000 1975 COM2 64 0R0 045 0.2 1.9 65.5 1.0091 0.00 0.0M
536100.000 1975 COM2 64 0R0 228 0.3 1.9 65.8 1.0091 0.00 0.0M
536160.000 1975 COM2 64 0R0 204 0.2 1.9 66.0 1.0091 0.00 0.0M
536220.000 1975 COM2 64 0R0 264 0.7 1.9 62.9 1.0091 0.00 0.0M
536280.000 1975 COM2 64 0R0 283 0.6 1.9 62.0 1.0091 0.00 0.0M
536340.000 1975 COM2 64 0R0 344 0.1 1.9 62.5 1.0091 0.00 0.0M
536400.000 1975 COM2 64 0R0 293 1.3 2.0 58.6 1.0091 0.00 0.0M
536460.000 1975 COM2 64 0R0 322 0.2 2.1 56.1 1.0090 0.00 0.0M
536520.000 1975 COM2 64 0R0 313 0.4 2.2 56.8 1.0090 0.00 0.0M
536580.000 1975 COM2 64 0R0 284 0.6 2.3 56.0 1.0090 0.00 0.0M
536640.000 1975 COM2 64 0R0 359 0.2 2.3 55.0 1.0091 0.00 0.0M
536700.000 1975 COM2 64 0R0 174 0.5 2.4 58.8 1.0091 0.00 0.0M
536760.000 1975 COM2 64 0R0 002 0.1 2.4 62.1 1.0091 0.00 0.0M
536820.000 1975 COM2 64 0R0 256 0.5 2.4 62.7 1.0091 0.00 0.0M
536880.000 1975 COM2 64 0R0 288 0.3 2.3 60.7 1.0091 0.00 0.0M
536940.000 1975 COM2 64 0R0 255 0.2 2.3 60.2 1.0090 0.00 0.0M
537000.000 1975 COM2 64 0R0 185 0.2 2.3 60.6 1.0091 0.00 0.0M
537060.000 1975 COM2 64 0R0 299 0.3 2.2 59.8 1.0091 0.00 0.0M
537120.000 1975 COM2 64 0R0 293 0.6 2.2 59.6 1.0090 0.00 0.0M
537180.000 1975 COM2 64 0R0 277 0.3 2.2 57.8 1.0090 0.00 0.0M
537240.000 1975 COM2 64 0R0 124 0.3 2.2 57.4 1.0091 0.00 0.0M
537300.000 1975 COM2 64 0R0 252 0.1 2.2 53.8 1.0091 0.00 0.0M
537360.000 1975 COM2 64 0R0 261 0.4 2.2 55.4 1.0091 0.00 0.0M
537420.000 1975 COM2 64 0R0 225 0.4 2.3 56.0 1.0090 0.00 0.0M
537480.000 1975 COM2 64 0R0 183 0.1 2.3 56.9 1.0090 0.00 0.0M
537540.000 1975 COM2 64 0R0 283 0.2 2.3 53.6 1.0090 0.00 0.0M
537600.000 1975 COM2 64 0R0 349 0.2 2.3 54.2 1.0090 0.00 0.0M
537660.000 1975 COM2 64 0R0 109 0.3 2.3 54.4 1.0090 0.00 0.0M
537720.000 1975 COM2 64 0R0 241 0.2 2.3 58.4 1.0090 0.00 0.0M
537780.000 1975 COM2 64 0R0 277 0.2 2.4 60.2 1.0090 0.00 0.0M
537840.000 1975 COM2 64 0R0 265 0.1 2.4 62.1 1.0090 0.00 0.0M
537900.000 1975 COM2 64 0R0 000 0.2 2.4 60.1 1.0090 0.00 0.0M
537960.000 1975 COM2 64 0R0 035 0.2 2.4 60.6 1.0090 0.00 0.0M
538020.000 1975 COM2 64 0R0 251 0.1 2.3 60.2 1.0090 0.00 0.0M
538080.000 1975 COM2 64 0R0 269 0.4 2.3 60.0 1.0090 0.00 0.0M
538140.000 1975 COM2 64 0R0 229 0.2 2.3 61.4 1.0090 0.00 0.0M
538200.000 1975 COM2 64 0R0 261 0.4 2.3 61.2 1.0090 0.00 0.0M
538260.000 1975 COM2 64 0R0 300 0.2 2.3 60.6 1.0089 0.00 0.0M
538320.000 1975 COM2 64 0R0 220 0.3 2.3 60.4 1.0088 0.00 0.0M
538380.000 1975 COM2 64 0R0 179 0.4 2.3 61.8 1.0088 0.00 0.0M
538440.000 1975 COM2 64 0R0 157 0.5 2.3 61.2 1.0089 0.00 0.0M
538500.000 1975 COM2 64 0R0 096 0.5 2.3 60.6 1.0088 0.00 0.0M
538560.000 1975 COM2 64 0R0 091 0.3 2.2 62.2 1.0088 0.00 0.0M
538620.000 1975 COM2 64 0R0 096 0.1 2.2 61.1 1.0088 0.00 0.0M
538680.000 1975 COM2 64 0R0 137 0.3 2.2 62.1 1.0088 0.00 0.0M
538740.000 1975 COM2 64 0R0 163 0.1 2.2 62.3 1.0087 0.00 0.0M
538800.000 1975 COM2 64 0R0 077 0.4 2.1 63.1 1.0087 0.00 0.0M
538860.000 1975 COM2 64 0R0 152 0.1 2.1 62.4 1.0087 0.00 0.0M
538920.000 1975 COM2 64 0R0 266 0.2 2.1 62.6 1.0087 0.00 0.0M
538980.000 1975 COM2 64 0R0 214 0.2 2.1 63.2 1.0087 0.00 0.0M
539040.000 1975 COM2 64 0R0 244 0.2 2.0 63.3 1.0086 0.00 0.0M
539100.000 1975 COM2 64 0R0 275 0.4 2.0 62.9 1.0087 0.00 0.0M
539160.000 1975 COM2 64 0R0 245 0.8 2.0 64.9 1.0087 0.00 0.0M
539220.000 1975 COM2 64 0R0 257 1.0 2.1 64.2 1.0086 0.00 0.0M
539280.000 1975 COM2 64 0R0 262 0.2 2.1 59.0 1.0085 0.00 0.0M
539340.000 1975 COM2 64 0R0 327 0.4 2.2 57.3 1.0085 0.00 0.0M
539400.000 1975 COM2 64 0R0 297 0.5 2.2 51.2 1.0085 0.00 0.0M
539460.000 1975 COM2 64 0R0 307 0.6 2.4 49.1 1.0085 0.00 0.0M
539520.000 1975 COM2 64 0R0 274 1.8 2.6 47.8 1.0086 0.00 0.0M
539580.000 1975 COM2 64 0R0 251 0.8 2.8 44.6 1.0086 0.00 0.0M
539640.000 1975 COM2 64 0R0 260 1.0 2.9 48.5 1.0087 0.00 0.0M
539700.000 1975 COM2 64 0R0 270 1.3 3.0 48.0 1.0087 0.00 0.0M
539760.000 1975 COM2 64 0R0 276 1.6 3.0 47.2 1.0086 0.00 0.0M
539820.000 1975 COM2 64 0R0 266 2.0 3.0 46.4 1.0086 0.00 0.0M
539880.000 1975 COM2 64 0R0 276 2.1 3.0 46.6 1.0086 0.00 0.0M
539940.000 1975 COM2 64 0R0 290 1.8 3.0 48.5 1.0086 0.00 0.0M
540000.000 1975 COM2 64 0R0 308 2.1 2.9 46.0 1.0085 0.00 0.0M
540060.000 1975 COM2 64 0R0 316 0.8 3.0 42.9 1.0084 0.00 0.0M
540120.000 1975 COM2 64 0R0 301 1.3 3.1 45.4 1.0084 0.00 0.0M
540180.000 1975 COM2 64 0R0 277 2.5 3.2 44.7 1.0085 0.00 0.0M
540240.100 1975 COM2 64 0R0 259 1.1 3.2 44.4 1.0085 0.00 0.0M
540300.100 1975 COM2 64 0R0 308 1.0 3.3 45.6 1.0086 0.00 0.0M
540360.000 1975 COM2 64 0R0 318 1.2 3.2 44.7 1.0084 0.00 0.0M
540420.000 1975 COM2 64 0R0 311 1.6 3.2 44.2 1.0083 0.00 0.0M
540480.000 1975 COM2 64 0R0 269 0.7 3.2 45.5 1.0084 0.00 0.0M
540540.000 1975 COM2 64 0R0 279 1.7 3.2 43.8 1.0085 0.00 0.0M
540600.000 1975 COM2 64 0R0 296 1.8 3.2 43.2 1.0085 0.00 0.0M
540660.000 1975 COM2 64 0R0 249 1.6 3.2 43.7 1.0085 0.00 0.0M
540720.000 1975 COM2 64 0R0 277 1.5 3.2 43.3 1.0085 0.00 0.0M
540780.000 1975 COM2 64 0R0 269 1.3 3.2 43.8 1.0085 0.00 0.0M
540840.000 1975 COM2 64 0R0 259 1.4 3.2 44.2 1.0085 0.00 0.0M
540900.000 1975 COM2 64 0R0 287 1.1 3.2 42.8 1.0085 0.00 0.0M
540960.000 1975 COM2 64 0R0 264 1.6 3.2 43.2 1.0085 0.00 0.0M
541020.000 1975 COM2 64 0R0 301 1.5 3.2 43.1 1.0085 0.00 0.0M
541080.000 1975 COM2 64 0R0 275 1.3 3.1 43.1 1.0084 0.00 0.0M
541140.000 1975 COM2 64 0R0 272 1.3 3.1 45.6 1.0084 0.00 0.0M
541200.000 1975 COM2 64 0R0 254 1.3 3.1 43.6 1.0084 0.00 0.0M
541260.000 1975 COM2 64 0R0 231 0.6 3.2 51.3 1.0085 0.00 0.0M
541320.000 1975 COM2 64 0R0 230 0.5 3.1 50.1 1.0086 0.00 0.0M
541380.000 1975 COM2 64 0R0 244 0.7 3.1 51.1 1.0085 0.00 0.0M
541440.000 1975 COM2 64 0R0 250 0.8 3.1 48.7 1.0085 0.00 0.0M
541500.000 1975 COM2 64 0R0 281 0.4 3.0 47.3 1.0085 0.00 0.0M
541560.000 1975 COM2 64 0R0 275 0.7 2.9 45.5 1.0085 0.00 0.0M
541620.000 1975 COM2 64 0R0 269 1.0 2.9 47.4 1.0084 0.00 0.0M
541680.000 1975 COM2 64 0R0 300 1.3 2.8 46.7 1.0084 0.00 0.0M
541740.000 1975 COM2 64 0R0 310 1.7 2.8 43.8 1.0083 0.00 0.0M
541800.000 1975 COM2 64 0R0 307 1.7 2.9 42.9 1.0083 0.00 0.0M
541860.000 1975 COM2 64 0R0 309 1.7 3.0 42.1 1.0082 0.00 0.0M
541920.000 1975 COM2 64 0R0 299 1.7 3.2 42.4 1.0082 0.00 0.0M
541980.000 1975 COM2 64 0R0 302 1.3 3.3 41.4 1.0082 0.00 0.0M
542040.000 1975 COM2 64 0R0 295 0.8 3.4 40.6 1.0082 0.00 0.0M
542100.000 1975 COM2 64 0R0 291 0.8 3.5 40.4 1.0082 0.00 0.0M
542160.000 1975 COM2 64 0R0 290 2.0 3.5 41.4 1.0083 0.00 0.0M
542220.000 1975 COM2 64 0R0 287 2.1 3.6 41.9 1.0082 0.00 0.0M
542280.000 1975 COM2 64 0R0 003 0.6 3.6 44.1 1.0082 0.00 0.0M
542340.000 1975 COM2 64 0R0 292 0.3 3.6 41.4 1.0082 0.00 0.0M
542400.000 1975 COM2 64 0R0 347 0.2 3.6 43.6 1.0082 0.00 0.0M
542460.000 1975 COM2 64 0R0 168 0.2 3.6 49.9 1.0082 0.00 0.0M
542520.000 1975 COM2 64 0R0 218 0.2 3.5 52.5 1.0082 0.00 0.0M
542580.000 1975 COM2 64 0R0 039 0.4 3.4 52.6 1.0081 0.00 0.0M
542640.000 1975 COM2 64 0R0 025 0.2 3.2 51.3 1.0081 0.00 0.0M
542700.000 1975 COM2 64 0R0 224 0.1 3.1 48.6 1.0081 0.00 0.0M
542760.000 1975 COM2 64 0R0 245 0.3 3.0 54.9 1.0083 0.00 0.0M
542820.000 1975 COM2 64 0R0 215 0.8 2.9 56.1 1.0084 0.00 0.0M
542880.000 1975 COM2 64 0R0 203 0.3 2.7 57.2 1.0083 0.00 0.0M
542940.000 1975 COM2 64 0R0 157 0.3 2.5 56.9 1.0083 0.00 0.0M
543000.000 1975 COM2 64 0R0 201 0.4 2.4 56.9 1.0083 0.00 0.0M
543060.000 1975 COM2 64 0R0 266 0.2 2.3 59.5 1.0083 0.00 0.0M
543120.000 1975 COM2 64 0R0 041 0.3 2.1 60.2 1.0082 0.00 0.0M
543180.000 1975 COM2 64 0R0 182 0.2 2.0 59.9 1.0081 0.00 0.0M
543240.000 1975 COM2 64 0R0 179 0.6 1.9 59.8 1.0081 0.00 0.0M
543300.000 1975 COM2 64 0R0 057 0.2 1.8 61.3 1.0082 0.00 0.0M
543360.000 1975 COM2 64 0R0 118 0.4 1.8 62.0 1.0082 0.00 0.0M
543420.000 1975 COM2 64 0R0 246 0.6 1.7 60.7 1.0082 0.00 0.0M
543480.000 1975 COM2 64 0R0 131 0.1 1.7 59.3 1.0082 0.00 0.0M
543540.000 1975 COM2 64 0R0 114 0.2 1.7 59.6 1.0081 0.00 0.0M
543600.000 1975 COM2 64 0R0 238 0.5 1.7 57.4 1.0081 0.00 0.0M
543660.000 1975 COM2 64 0R0 215 0.2 1.8 55.8 1.0080 0.00 0.0M
543720.000 1975 COM2 64 0R0 177 0.2 1.9 55.3 1.0080 0.00 0.0M
543780.000 1975 COM2 64 0R0 206 0.3 2.0 56.8 1.0081 0.00 0.0M
543840.000 1975 COM2 64 0R0 272 0.4 2.1 57.6 1.0081 0.00 0.0M
543900.000 1975 COM2 64 0R0 286 0.1 2.2 53.9 1.0081 0.00 0.0M
543960.000 1975 COM2 64 0R0 013 0.2 2.2 55.0 1.0081 0.00 0.0M
544020.000 1975 COM2 64 0R0 182 0.3 2.2 58.7 1.0080 0.00 0.0M
544080.000 1975 COM2 64 0R0 153 0.4 2.2 60.3 1.0079 0.00 0.0M
544140.000 1975 COM2 64 0R0 142 0.4 2.1 62.2 1.0079 0.00 0.0M
544200.000 1975 COM2 64 0R0 095 0.3 2.0 62.9 1.0079 0.00 0.0M
544260.000 1975 COM2 64 0R0 150 0.2 1.8 63.8 1.0078 0.00 0.0M
544320.000 1975 COM2 64 0R0 120 0.3 1.7 64.7 1.0078 0.00 0.0M
544380.000 1975 COM2 64 0R0 115 0.3 1.6 65.7 1.0078 0.00 0.0M
544440.000 1975 COM2 64 0R0 291 0.4 1.4 67.1 1.0078 0.00 0.0M
544500.000 1975 COM2 64 0R0 116 0.2 1.4 67.6 1.0078 0.00 0.0M
544560.000 1975 COM2 64 0R0 113 0.2 1.3 68.5 1.0078 0.00 0.0M
544620.000 1975 COM2 64 0R0 110 0.3 1.3 68.5 1.0077 0.00 0.0M
544680.000 1975 COM2 64 0R0 356 0.3 1.2 68.7 1.0076 0.00 0.0M
544740.000 1975 COM2 64 0R0 030 0.1 1.1 69.0 1.0076 0.00 0.0M
544800.000 1975 COM2 64 0R0 353 0.1 1.1 68.7 1.0076 0.00 0.0M
544860.000 1975 COM2 64 0R0 032 0.2 1.0 67.5 1.0076 0.00 0.0M
544920.000 1975 COM2 64 0R0 029 0.7 1.0 67.0 1.0075 0.00 0.0M
544980.000 1975 COM2 64 0R0 051 0.3 1.0 66.1 1.0076 0.00 0.0M
545040.000 1975 COM2 64 0R0 128 0.2 1.0 66.4 1.0076 0.00 0.0M
545100.000 1975 COM2 64 0R0 036 0.5 1.0 67.1 1.0075 0.00 0.0M
545160.000 1975 COM2 64 0R0 198 0.2 1.1 66.0 1.0074 0.00 0.0M
545220.000 1975 COM2 64 0R0 044 0.2 1.1 65.7 1.0074 0.00 0.0M
545280.000 1975 COM2 64 0R0 016 0.2 1.1 65.5 1.0074 0.00 0.0M
545340.000 1975 COM2 64 0R0 126 0.1 1.1 65.7 1.0074 0.00 0.0M
545400.000 1975 COM2 64 0R0 114 0.3 1.1 67.8 1.0075 0.00 0.0M
545460.000 1975 COM2 64 0R0 101 0.5 1.1 69.2 1.0075 0.00 0.0M
545520.000 1975 COM2 64 0R0 161 0.5 1.1 69.4 1.0074 0.00 0.0M
545580.000 1975 COM2 64 0R0 146 0.1 1.0 68.3 1.0074 0.00 0.0M
545640.000 1975 COM2 64 0R0 216 0.1 1.0 69.8 1.0074 0.00 0.0M
545700.000 1975 COM2 64 0R0 072 0.2 1.0 69.3 1.0074 0.00 0.0M
545760.000 1975 COM2 64 0R0 348 0.1 1.0 69.5 1.0075 0.00 0.0M
545820.000 1975 COM2 64 0R0 121 0.1 1.0 69.5 1.0075 0.00 0.0M
545880.000 1975 COM2 64 0R0 162 0.1 1.0 69.9 1.0074 0.00 0.0M
545940.000 1975 COM2 64 0R0 035 0.2 1.0 69.4 1.0074 0.00 0.0M
546000.000 1975 COM2 64 0R0 017 0.6 1.0 69.1 1.0074 0.00 0.0M
546060.000 1975 COM2 64 0R0 040 0.7 0.9 63.1 1.0074 0.00 0.0M
546120.000 1975 COM2 64 0R0 359 0.3 0.9 58.6 1.0073 0.00 0.0M
546180.000 1975 COM2 64 0R0 312 0.2 0.9 60.3 1.0073 0.00 0.0M
546240.000 1975 COM2 64 0R0 153 0.1 1.0 61.0 1.0073 0.00 0.0M
546300.000 1975 COM2 64 0R0 020 0.1 1.0 65.0 1.0073 0.00 0.0M
546360.000 1975 COM2 64 0R0 129 0.2 1.1 66.5 1.0073 0.00 0.0M
546420.000 1975 COM2 64 0R0 029 0.8 1.1 64.8 1.0073 0.00 0.0M
546480.000 1975 COM2 64 0R0 037 0.8 1.0 60.4 1.0073 0.00 0.0M
546540.000 1975 COM2 64 0R0 008 0.5 1.1 59.3 1.0073 0.00 0.0M
546600.000 1975 COM2 64 0R0 016 0.8 1.1 59.1 1.0072 0.00 0.0M
546660.000 1975 COM2 64 0R0 038 0.9 1.1 56.2 1.0073 0.00 0.0M
546720.000 1975 COM2 64 0R0 028 0.2 1.2 57.1 1.0073 0.00 0.0M
546780.000 1975 COM2 64 0R0 086 0.1 1.3 58.5 1.0073 0.00 0.0M
546840.000 1975 COM2 64 0R0 130 0.5 1.3 61.2 1.0072 0.00 0.0M
546900.000 1975 COM2 64 0R0 139 0.1 1.3 61.3 1.0071 0.00 0.0M
546960.000 1975 COM2 64 0R0 293 0.2 1.3 59.5 1.0071 0.00 0.0M
547020.000 1975 COM2 64 0R0 098 0.2 1.3 60.4 1.0070 0.00 0.0M
547080.000 1975 COM2 64 0R0 111 0.6 1.3 60.6 1.0070 0.00 0.0M
547140.000 1975 COM2 64 0R0 134 0.4 1.3 59.3 1.0070 0.00 0.0M
547200.000 1975 COM2 64 0R0 096 0.4 1.3 65.6 1.0071 0.00 0.0M
547260.000 1975 COM2 64 0R0 152 0.4 1.2 67.4 1.0071 0.00 0.0M
547320.000 1975 COM2 64 0R0 183 0.5 1.2 68.9 1.0071 0.00 0.0M
547380.000 1975 COM2 64 0R0 168 1.1 1.1 69.7 1.0072 0.00 0.0M
547440.000 1975 COM2 64 0R0 149 0.4 1.0 70.7 1.0072 0.00 0.0M
547500.000 1975 COM2 64 0R0 093 0.3 0.9 71.2 1.0072 0.00 0.0M
547560.000 1975 COM2 64 0R0 136 1.3 0.7 72.3 1.0072 0.00 0.0M
547620.000 1975 COM2 64 0R0 131 0.7 0.6 72.5 1.0072 0.00 0.0M
547680.000 1975 COM2 64 0R0 093 0.9 0.5 73.0 1.0072 0.00 0.0M
547740.000 1975 COM2 64 0R0 131 1.2 0.4 73.4 1.0072 0.00 0.0M
547800.000 1975 COM2 64 0R0 144 0.6 0.3 71.9 1.0072 0.00 0.0M
547860.000 1975 COM2 64 0R0 168 0.8 0.2 73.3 1.0072 0.00 0.0M
547920.000 1975 COM2 64 0R0 133 0.8 0.2 73.8 1.0071 0.00 0.0M
547980.000 1975 COM2 64 0R0 162 0.5 0.2 74.7 1.0071 0.00 0.0M
548040.000 1975 COM2 64 0R0 167 0.3 0.2 74.7 1.0071 0.00 0.0M
548100.000 1975 COM2 64 0R0 150 0.6 0.2 75.1 1.0071 0.00 0.0M
548160.000 1975 COM2 64 0R0 125 0.7 0.2 74.1 1.0071 0.00 0.0M
548220.000 1975 COM2 64 0R0 147 0.4 0.1 73.8 1.0071 0.00 0.0M
548280.000 1975 COM2 64 0R0 137 0.4 0.1 73.7 1.0071 0.00 0.0M
548340.000 1975 COM2 64 0R0 172 0.3 0.1 74.4 1.0071 0.00 0.0M
548400.000 1975 COM2 64 0R0 101 0.4 0.2 75.1 1.0070 0.00 0.0M
548460.000 1975 COM2 64 0R0 085 0.2 0.2 74.9 1.0070 0.00 0.0M
548520.000 1975 COM2 64 0R0 052 0.3 0.2 74.4 1.0070 0.00 0.0M
548580.000 1975 COM2 64 0R0 119 0.2 0.2 73.9 1.0070 0.00 0.0M
548640.000 1975 COM2 64 0R0 114 0.7 0.2 73.2 1.0070 0.00 0.0M
548700.000 1975 COM2 64 0R0 137 1.4 0.2 73.0 1.0070 0.00 0.0M
548760.000 1975 COM2 64 0R0 151 0.4 0.1 69.0 1.0070 0.00 0.0M
548820.000 1975 COM2 64 0R0 124 1.1 0.1 69.4 1.0069 0.00 0.0M
548880.000 1975 COM2 64 0R0 130 0.8 0.2 69.1 1.0069 0.00 0.0M
548940.000 1975 COM2 64 0R0 114 0.8 0.2 71.3 1.0069 0.00 0.0M
549000.000 1975 COM2 64 0R0 154 0.7 0.3 68.9 1.0068 0.00 0.0M
549060.000 1975 COM2 64 0R0 142 0.6 0.3 68.6 1.0068 0.00 0.0M
549120.000 1975 COM2 64 0R0 307 0.2 0.4 67.3 1.0068 0.00 0.0M
549180.000 1975 COM2 64 0R0 138 0.1 0.5 70.5 1.0068 0.00 0.0M
549240.000 1975 COM2 64 0R0 183 0.3 0.5 69.9 1.0068 0.00 0.0M
549300.000 1975 COM2 64 0R0 184 0.8 0.5 68.3 1.0069 0.00 0.0M
549360.000 1975 COM2 64 0R0 192 1.4 0.5 68.6 1.0069 0.00 0.0M
549420.000 1975 COM2 64 0R0 180 1.1 0.4 68.0 1.0069 0.00 0.0M
549480.000 1975 COM2 64 0R0 179 1.5 0.4 69.0 1.0070 0.00 0.0M
549540.000 1975 COM2 64 0R0 181 1.4 0.4 67.1 1.0070 0.00 0.0M
549600.000 1975 COM2 64 0R0 173 0.9 0.4 62.3 1.0070 0.00 0.0M
549660.000 1975 COM2 64 0R0 196 1.5 0.4 62.8 1.0070 0.00 0.0M
549720.000 1975 COM2 64 0R0 182 1.3 0.4 62.1 1.0070 0.00 0.0M
549780.000 1975 COM2 64 0R0 168 0.6 0.4 63.4 1.0070 0.00 0.0M
549840.000 1975 COM2 64 0R0 176 1.0 0.4 66.2 1.0071 0.00 0.0M
549900.000 1975 COM2 64 0R0 122 0.5 0.4 65.9 1.0071 0.00 0.0M
549960.000 1975 COM2 64 0R0 207 0.2 0.4 67.3 1.0071 0.00 0.0M
550020.000 1975 COM2 64 0R0 195 0.9 0.5 66.8 1.0071 0.00 0.0M
550080.000 1975 COM2 64 0R0 178 1.0 0.5 66.0 1.0071 0.00 0.0M
550140.000 1975 COM2 64 0R0 201 1.3 0.5 63.1 1.0072 0.00 0.0M
550200.000 1975 COM2 64 0R0 157 1.3 0.4 62.5 1.0072 0.00 0.0M
550260.000 1975 COM2 64 0R0 172 1.0 0.3 64.4 1.0072 0.00 0.0M
550320.000 1975 COM2 64 0R0 191 0.9 0.2 64.8 1.0072 0.00 0.0M
550380.000 1975 COM2 64 0R0 211 1.3 0.3 63.8 1.0072 0.00 0.0M
550440.000 1975 COM2 64 0R0 201 0.4 0.3 64.7 1.0072 0.00 0.0M
550500.000 1975 COM2 64 0R0 210 1.1 0.4 66.0 1.0072 0.00 0.0M
550560.000 1975 COM2 64 0R0 192 0.6 0.4 66.6 1.0071 0.00 0.0M
550620.000 1975 COM2 64 0R0 217 0.8 0.5 67.0 1.0071 0.00 0.0M
550680.000 1975 COM2 64 0R0 185 0.3 0.5 66.0 1.0071 0.00 0.0M
550740.000 1975 COM2 64 0R0 116 0.2 0.5 65.9 1.0071 0.00 0.0M
550800.000 1975 COM2 64 0R0 253 0.3 0.5 65.5 1.0071 0.00 0.0M
550860.000 1975 COM2 64 0R0 185 0.5 0.5 65.9 1.0071 0.00 0.0M
550920.000 1975 COM2 64 0R0 155 0.6 0.6 66.4 1.0072 0.00 0.0M
550980.000 1975 COM2 64 0R0 206 1.4 0.6 64.3 1.0072 0.00 0.0M
551040.000 1975 COM2 64 0R0 146 0.8 0.7 64.4 1.0072 0.00 0.0M
551100.000 1975 COM2 64 0R0 186 1.4 0.7 64.5 1.0072 0.00 0.0M
551160.000 1975 COM2 64 0R0 222 1.1 0.8 62.3 1.0072 0.00 0.0M
551220.000 1975 COM2 64 0R0 198 0.7 0.8 63.7 1.0072 0.00 0.0M
551280.000 1975 COM2 64 0R0 165 0.8 0.9 62.4 1.0072 0.00 0.0M
551340.000 1975 COM2 64 0R0 113 0.6 0.9 64.0 1.0072 0.00 0.0M
551400.000 1975 COM2 64 0R0 199 1.1 0.9 64.9 1.0072 0.00 0.0M
551460.000 1975 COM2 64 0R0 178 0.3 0.9 63.7 1.0072 0.00 0.0M
551520.000 1975 COM2 64 0R0 208 0.6 0.9 65.6 1.0072 0.00 0.0M
551580.000 1975 COM2 64 0R0 199 0.7 0.9 66.1 1.0072 0.00 0.0M
551640.000 1975 COM2 64 0R0 148 0.3 0.9 67.3 1.0072 0.00 0.0M
551700.000 1975 COM2 64 0R0 157 0.3 0.9 66.5 1.0072 0.00 0.0M
551760.000 1975 COM2 64 0R0 121 0.1 0.9 66.7 1.0072 0.00 0.0M
551820.000 1975 COM2 64 0R0 150 0.8 0.9 66.5 1.0072 0.00 0.0M
551880.000 1975 COM2 64 0R0 129 0.5 0.9 63.2 1.0072 0.00 0.0M
551940.000 1975 COM2 64 0R0 118 1.1 0.9 63.0 1.0072 0.00 0.0M
552000.000 1975 COM2 64 0R0 146 1.5 1.0 62.5 1.0071 0.00 0.0M
552060.000 1975 COM2 64 0R0 092 1.1 1.0 62.9 1.0072 0.00 0.0M
552120.000 1975 COM2 64 0R0 125 0.8 1.0 63.3 1.0072 0.00 0.0M
552180.000 1975 COM2 64 0R0 142 1.2 1.0 63.8 1.0072 0.00 0.0M
552240.000 1975 COM2 64 0R0 113 0.5 1.0 64.5 1.0072 0.00 0.0M
552300.000 1975 COM2 64 0R0 169 0.4 1.0 65.1 1.0072 0.00 0.0M
552360.000 1975 COM2 64 0R0 108 0.3 0.9 65.4 1.0072 0.00 0.0M
552420.000 1975 COM2 64 0R0 176 0.5 0.9 66.5 1.0072 0.00 0.0M
552480.000 1975 COM2 64 0R0 147 0.8 0.8 65.9 1.0072 0.00 0.0M
552540.000 1975 COM2 64 0R0 127 0.3 0.7 67.2 1.0072 0.00 0.0M
552600.000 1975 COM2 64 0R0 125 0.7 0.7 68.2 1.0072 0.00 0.0M
552660.000 1975 COM2 64 0R0 116 0.5 0.7 68.0 1.0072 0.00 0.0M
552720.000 1975 COM2 64 0R0 155 1.1 0.6 67.5 1.0072 0.00 0.0M
552780.000 1975 COM2 64 0R0 128 0.7 0.6 68.0 1.0072 0.00 0.0M
552840.000 1975 COM2 64 0R0 182 1.1 0.6 66.3 1.0072 0.00 0.0M
552900.000 1975 COM2 64 0R0 145 1.4 0.6 64.9 1.0072 0.00 0.0M
552960.000 1975 COM2 64 0R0 143 0.5 0.5 65.4 1.0072 0.00 0.0M
553020.000 1975 COM2 64 0R0 157 1.3 0.5 66.6 1.0072 0.00 0.0M
553080.000 1975 COM2 64 0R0 149 1.7 0.5 65.8 1.0072 0.00 0.0M
553140.000 1975 COM2 64 0R0 147 1.5 0.5 64.5 1.0072 0.00 0.0M
553200.000 1975 COM2 64 0R0 145 1.1 0.4 65.8 1.0071 0.00 0.0M
553260.000 1975 COM2 64 0R0 130 1.1 0.3 65.8 1.0071 0.00 0.0M
553320.000 1975 COM2 64 0R0 116 0.8 0.3 67.0 1.0071 0.00 0.0M
553380.000 1975 COM2 64 0R0 293 0.3 0.3 67.0 1.0071 0.00 0.0M
553440.000 1975 COM2 64 0R0 208 0.3 0.4 67.7 1.0071 0.00 0.0M
553500.000 1975 COM2 64 0R0 242 0.2 0.4 69.5 1.0070 0.00 0.0M
553560.000 1975 COM2 64 0R0 258 0.4 0.4 68.7 1.0070 0.00 0.0M
553620.000 1975 COM2 64 0R0 202 0.3 0.4 68.9 1.0070 0.00 0.0M
553680.000 1975 COM2 64 0R0 160 0.9 0.4 66.2 1.0070 0.00 0.0M
553740.000 1975 COM2 64 0R0 206 1.2 0.4 66.5 1.0070 0.00 0.0M
553800.000 1975 COM2 64 0R0 279 0.6 0.4 65.1 1.0071 0.00 0.0M
553860.000 1975 COM2 64 0R0 215 1.3 0.4 66.4 1.0071 0.00 0.0M
553920.000 1975 COM2 64 0R0 239 1.0 0.4 66.0 1.0072 0.00 0.0M
553980.000 1975 COM2 64 0R0 243 1.3 0.4 64.9 1.0072 0.00 0.0M
554040.000 1975 COM2 64 0R0 253 1.3 0.5 67.1 1.0073 0.00 0.0M
554100.000 1975 COM2 64 0R0 258 1.6 0.5 67.6 1.0072 0.00 0.0M
554160.000 1975 COM2 64 0R0 239 1.5 0.6 66.6 1.0072 0.00 0.0M
554220.000 1975 COM2 64 0R0 247 1.1 0.6 66.0 1.0072 0.00 0.0M
554280.000 1975 COM2 64 0R0 238 1.6 0.6 65.8 1.0072 0.00 0.0M
554340.000 1975 COM2 64 0R0 244 1.6 0.6 66.4 1.0072 0.00 0.0M
554400.000 1975 COM2 64 0R0 238 1.4 0.6 65.6 1.0072 0.00 0.0M
554460.000 1975 COM2 64 0R0 244 1.8 0.6 66.2 1.0073 0.00 0.0M
554520.000 1975 COM2 64 0R0 232 1.2 0.6 66.0 1.0073 0.00 0.0M
554580.000 1975 COM2 64 0R0 247 1.3 0.6 66.4 1.0073 0.00 0.0M
554640.000 1975 COM2 64 0R0 227 1.1 0.6 66.0 1.0072 0.00 0.0M
554700.000 1975 COM2 64 0R0 207 1.0 0.6 66.1 1.0072 0.00 0.0M
554760.000 1975 COM2 64 0R0 249 0.8 0.6 65.7 1.0071 0.00 0.0M
554820.000 1975 COM2 64 0R0 245 0.9 0.6 65.2 1.0071 0.00 0.0M
554880.000 1975 COM2 64 0R0 226 0.7 0.6 65.8 1.0071 0.00 0.0M
554940.000 1975 COM2 64 0R0 255 0.4 0.6 64.9 1.0071 0.00 0.0M
555000.000 1975 COM2 64 0R0 253 1.2 0.6 66.4 1.0071 0.00 0.0M
555060.000 1975 COM2 64 0R0 228 1.3 0.6 66.2 1.0071 0.00 0.0M
555120.000 1975 COM2 64 0R0 226 1.7 0.6 65.5 1.0071 0.00 0.0M
555180.000 1975 COM2 64 0R0 257 0.5 0.6 65.3 1.0071 0.00 0.0M
555240.000 1975 COM2 64 0R0 284 0.6 0.6 66.1 1.0072 0.00 0.0M
555300.000 1975 COM2 64 0R0 263 0.3 0.6 65.7 1.0071 0.00 0.0M
555360.000 1975 COM2 64 0R0 224 1.5 0.6 65.3 1.0071 0.00 0.0M
555420.000 1975 COM2 64 0R0 207 1.7 0.6 65.6 1.0071 0.00 0.0M
555480.000 1975 COM2 64 0R0 236 1.2 0.6 64.8 1.0070 0.00 0.0M
555540.000 1975 COM2 64 0R0 248 0.6 0.6 66.1 1.0070 0.00 0.0M
555600.000 1975 COM2 64 0R0 176 1.6 0.5 65.2 1.0069 0.00 0.0M
555660.000 1975 COM2 64 0R0 186 1.3 0.5 66.3 1.0068 0.00 0.0M
555720.000 1975 COM2 64 0R0 162 1.1 0.5 65.4 1.0068 0.00 0.0M
555780.000 1975 COM2 64 0R0 184 1.5 0.5 65.4 1.0067 0.00 0.0M
555840.000 1975 COM2 64 0R0 193 1.8 0.4 65.1 1.0067 0.00 0.0M
555900.000 1975 COM2 64 0R0 196 1.0 0.3 65.6 1.0067 0.00 0.0M
555960.000 1975 COM2 64 0R0 206 1.0 0.2 66.7 1.0067 0.00 0.0M
556020.000 1975 COM2 64 0R0 200 0.9 0.2 66.7 1.0066 0.00 0.0M
556080.000 1975 COM2 64 0R0 216 1.7 0.2 67.9 1.0066 0.00 0.0M
556140.000 1975 COM2 64 0R0 214 0.9 0.2 68.3 1.0067 0.00 0.0M
556200.000 1975 COM2 64 0R0 245 0.8 0.2 68.1 1.0067 0.00 0.0M
556260.000 1975 COM2 64 0R0 225 1.6 0.2 68.5 1.0067 0.00 0.0M
556320.000 1975 COM2 64 0R0 245 1.6 0.3 68.8 1.0068 0.00 0.0M
556380.000 1975 COM2 64 0R0 287 0.7 0.3 68.0 1.0069 0.00 0.0M
556440.000 1975 COM2 64 0R0 183 1.0 0.2 68.4 1.0069 0.00 0.0M
556500.000 1975 COM2 64 0R0 275 1.1 0.2 68.6 1.0069 0.00 0.0M
556560.000 1975 COM2 64 0R0 240 2.1 0.2 68.5 1.0069 0.00 0.0M
556620.000 1975 COM2 64 0R0 242 2.5 0.1 68.2 1.0069 0.00 0.0M
556680.000 1975 COM2 64 0R0 232 2.0 0.1 67.5 1.0069 0.00 0.0M
556740.000 1975 COM2 64 0R0 233 2.5 0.1 68.4 1.0069 0.00 0.0M
556800.000 1975 COM2 64 0R0 263 2.0 0.1 68.3 1.0070 0.00 0.0M
556860.000 1975 COM2 64 0R0 240 2.7 0.2 68.0 1.0070 0.00 0.0M
556920.000 1975 COM2 64 0R0 241 2.8 0.2 68.4 1.0070 0.00 0.0M
556980.000 1975 COM2 64 0R0 190 1.8 0.2 68.2 1.0069 0.00 0.0M
557040.000 1975 COM2 64 0R0 222 1.4 0.2 67.8 1.0069 0.00 0.0M
557100.000 1975 COM2 64 0R0 229 1.5 0.2 68.4 1.0069 0.00 0.0M
557160.000 1975 COM2 64 0R0 177 1.3 0.2 68.3 1.0069 0.00 0.0M
557220.000 1975 COM2 64 0R0 181 1.0 0.2 68.1 1.0070 0.00 0.0M
557280.000 1975 COM2 64 0R0 233 2.0 0.3 68.4 1.0070 0.00 0.0M
557340.000 1975 COM2 64 0R0 228 2.8 0.3 67.2 1.0069 0.00 0.0M
557400.000 1975 COM2 64 0R0 233 1.6 0.3 68.1 1.0069 0.00 0.0M
557460.000 1975 COM2 64 0R0 200 2.1 0.3 67.4 1.0068 0.00 0.0M
557520.000 1975 COM2 64 0R0 183 1.5 0.3 67.5 1.0068 0.00 0.0M
557580.000 1975 COM2 64 0R0 180 2.0 0.3 67.2 1.0067 0.00 0.0M
557640.000 1975 COM2 64 0R0 197 2.4 0.2 68.3 1.0067 0.00 0.0M
557700.000 1975 COM2 64 0R0 167 2.1 0.1 68.1 1.0067 0.00 0.0M
557760.000 1975 COM2 64 0R0 175 1.5 0.1 68.0 1.0067 0.00 0.0M
557820.000 1975 COM2 64 0R0 204 1.8 0.1 68.9 1.0067 0.00 0.0M
557880.000 1975 COM2 64 0R0 179 2.1 0.1 69.3 1.0067 0.00 0.0M
557940.000 1975 COM2 64 0R0 185 1.7 0.0 69.3 1.0067 0.00 0.0M
558000.000 1975 COM2 64 0R0 189 1.8 0.0 69.5 1.0067 0.00 0.0M
558060.000 1975 COM2 64 0R0 195 2.0 0.0 69.7 1.0068 0.00 0.0M
558120.000 1975 COM2 64 0R0 178 2.4 0.0 70.0 1.0067 0.00 0.0M
558180.000 1975 COM2 65 0R0 172 2.0 -0.1 69.6 1.0067 0.00 0.0M
558240.000 1975 COM2 65 0R0 187 2.3 -0.1 70.3 1.0066 0.00 0.0M
558300.000 1975 COM2 65 0R0 182 2.2 -0.1 70.4 1.0065 0.00 0.0M
558360.000 1975 COM2 64 0R0 157 2.2 0.0 70.6 1.0065 0.00 0.0M
558420.000 1975 COM2 64 0R0 137 0.9 0.0 70.5 1.0064 0.00 0.0M
558480.000 1975 COM2 64 0R0 170 2.7 0.0 69.3 1.0064 0.00 0.0M
558540.000 1975 COM2 64 0R0 156 2.1 0.0 68.5 1.0064 0.00 0.0M
558600.000 1975 COM2 65 0R0 170 3.2 -0.1 69.1 1.0064 0.00 0.0M
558660.000 1975 COM2 65 0R0 186 3.2 -0.2 69.8 1.0064 0.00 0.0M
558720.000 1975 COM2 65 0R0 174 2.7 -0.3 70.8 1.0064 0.00 0.0M
558780.000 1975 COM2 65 0R0 160 1.6 -0.4 71.9 1.0064 0.00 0.0M
558840.000 1975 COM2 65 0R0 186 2.1 -0.4 72.2 1.0064 0.00 0.0M
558900.000 1975 COM2 65 0R0 167 2.2 -0.4 72.6 1.0064 0.00 0.0M
558960.000 1975 COM2 65 0R0 168 2.1 -0.4 72.4 1.0064 0.00 0.0M
559020.000 1975 COM2 65 0R0 182 1.2 -0.4 72.7 1.0064 0.00 0.0M
559080.000 1975 COM2 65 0R0 180 2.3 -0.4 72.8 1.0064 0.00 0.0M
559140.000 1975 COM2 65 0R0 197 1.8 -0.4 73.1 1.0064 0.00 0.0M
559200.000 1975 COM2 65 0R0 175 2.0 -0.4 73.7 1.0064 0.00 0.0M
559260.000 1975 COM2 65 0R0 180 0.4 -0.4 72.9 1.0063 0.00 0.0M
559320.000 1975 COM2 65 0R0 110 1.0 -0.3 73.7 1.0063 0.00 0.0M
559380.000 1975 COM2 65 0R0 136 1.2 -0.2 72.5 1.0063 0.00 0.0M
559440.000 1975 COM2 65 0R0 137 1.5 -0.1 70.7 1.0063 0.00 0.0M
559500.000 1975 COM2 64 0R0 136 1.7 0.0 71.1 1.0064 0.00 0.0M
559560.000 1975 COM2 64 0R0 107 0.7 0.0 71.2 1.0064 0.00 0.0M
559620.000 1975 COM2 64 0R0 132 1.6 0.0 71.0 1.0063 0.00 0.0M
559680.000 1975 COM2 64 0R0 134 1.7 0.0 70.2 1.0063 0.00 0.0M
559740.000 1975 COM2 64 0R0 145 2.6 0.0 70.5 1.0063 0.00 0.0M
559800.000 1975 COM2 65 0R0 154 0.8 -0.1 70.5 1.0063 0.00 0.0M
559860.000 1975 COM2 65 0R0 145 2.0 -0.1 70.8 1.0063 0.00 0.0M
559920.000 1975 COM2 65 0R0 111 0.9 -0.2 71.3 1.0063 0.00 0.0M
559980.100 1975 COM2 65 0R0 022 0.4 -0.2 71.7 1.0063 0.00 0.0M
560040.100 1975 COM2 65 0R0 144 1.0 -0.1 71.3 1.0063 0.00 0.0M
560100.000 1975 COM2 65 0R0 150 1.1 -0.1 71.4 1.0063 0.00 0.0M
560160.000 1975 COM2 64 0R0 130 0.9 0.0 71.3 1.0063 0.00 0.0M
560220.000 1975 COM2 64 0R0 144 1.8 0.0 71.4 1.0062 0.00 0.0M
560280.000 1975 COM2 64 0R0 163 0.5 0.0 71.4 1.0062 0.00 0.0M
560340.000 1975 COM2 64 0R0 123 1.3 0.1 70.8 1.0061 0.00 0.0M
560400.000 1975 COM2 64 0R0 145 2.0 0.0 71.0 1.0061 0.00 0.0M
560460.000 1975 COM2 64 0R0 156 2.6 0.0 70.8 1.0061 0.00 0.0M
560520.000 1975 COM2 64 0R0 140 1.9 0.0 70.9 1.0062 0.00 0.0M
560580.000 1975 COM2 64 0R0 167 1.8 0.0 71.1 1.0062 0.00 0.0M
560640.000 1975 COM2 64 0R0 200 2.0 0.0 70.8 1.0063 0.00 0.0M
560700.000 1975 COM2 64 0R0 181 1.9 0.0 70.5 1.0063 0.00 0.0M
560760.000 1975 COM2 64 0R0 183 1.9 0.0 71.0 1.0063 0.00 0.0M
560820.000 1975 COM2 65 0R0 191 2.0 -0.1 71.1 1.0064 0.00 0.0M
560880.000 1975 COM2 65 0R0 207 2.0 -0.1 72.3 1.0064 0.00 0.0M
560940.000 1975 COM2 65 0R0 194 2.2 -0.1 73.2 1.0064 0.00 0.0M
561000.000 1975 COM2 65 0R0 167 1.3 -0.1 73.3 1.0064 0.00 0.0M
561060.000 1975 COM2 64 0R0 225 1.6 0.0 72.8 1.0064 0.00 0.0M
561120.000 1975 COM2 64 0R0 191 2.2 0.0 72.9 1.0064 0.00 0.0M
561180.000 1975 COM2 64 0R0 196 2.2 0.0 72.2 1.0064 0.00 0.0M
561240.000 1975 COM2 64 0R0 152 1.7 0.0 71.9 1.0064 0.00 0.0M
561300.000 1975 COM2 64 0R0 159 0.8 0.1 72.1 1.0064 0.00 0.0M
561360.000 1975 COM2 64 0R0 212 1.1 0.1 72.0 1.0063 0.00 0.0M
561420.000 1975 COM2 64 0R0 143 0.4 0.2 72.2 1.0063 0.00 0.0M
561480.000 1975 COM2 64 0R0 146 0.9 0.4 71.6 1.0062 0.00 0.0M
561540.000 1975 COM2 64 0R0 135 0.7 0.5 70.5 1.0062 0.00 0.0M
561600.000 1975 COM2 64 0R0 123 1.6 0.6 70.3 1.0062 0.00 0.0M
561660.000 1975 COM2 64 0R0 132 1.3 0.7 69.5 1.0062 0.00 0.0M
561720.000 1975 COM2 64 0R0 158 1.9 0.7 68.9 1.0062 0.00 0.0M
561780.000 1975 COM2 64 0R0 112 1.4 0.7 68.8 1.0061 0.00 0.0M
561840.000 1975 COM2 64 0R0 127 0.7 0.7 68.5 1.0061 0.00 0.0M
561900.000 1975 COM2 64 0R0 155 2.3 0.6 69.1 1.0060 0.00 0.0M
561960.000 1975 COM2 64 0R0 177 2.0 0.6 68.5 1.0060 0.00 0.0M
562020.000 1975 COM2 64 0R0 126 1.3 0.5 68.6 1.0060 0.00 0.0M
562080.000 1975 COM2 64 0R0 184 1.7 0.3 70.6 1.0060 0.00 0.0M
562140.000 1975 COM2 64 0R0 106 0.9 0.4 70.3 1.0060 0.00 0.0M
562200.000 1975 COM2 64 0R0 199 0.5 0.4 70.3 1.0060 0.00 0.0M
562260.000 1975 COM2 64 0R0 133 1.4 0.5 70.3 1.0059 0.00 0.0M
562320.000 1975 COM2 64 0R0 107 1.8 0.5 69.8 1.0059 0.00 0.0M
562380.000 1975 COM2 64 0R0 165 2.0 0.5 69.1 1.0059 0.00 0.0M
562440.000 1975 COM2 64 0R0 262 0.2 0.5 69.6 1.0059 0.00 0.0M
562500.000 1975 COM2 64 0R0 098 1.3 0.5 69.8 1.0058 0.00 0.0M
562560.000 1975 COM2 64 0R0 187 0.5 0.5 69.3 1.0058 0.00 0.0M
562620.000 1975 COM2 64 0R0 118 0.5 0.5 70.0 1.0058 0.00 0.0M
562680.000 1975 COM2 64 0R0 117 0.7 0.5 69.8 1.0057 0.00 0.0M
562740.000 1975 COM2 64 0R0 104 0.3 0.5 69.5 1.0057 0.00 0.0M
562800.000 1975 COM2 64 0R0 074 0.5 0.5 70.5 1.0057 0.00 0.0M
562860.000 1975 COM2 64 0R0 126 1.1 0.6 70.0 1.0057 0.00 0.0M
562920.000 1975 COM2 64 0R0 171 0.5 0.7 69.1 1.0057 0.00 0.0M
562980.000 1975 COM2 64 0R0 126 0.9 0.7 69.7 1.0057 0.00 0.0M
563040.000 1975 COM2 64 0R0 124 2.2 0.7 69.6 1.0057 0.00 0.0M
563100.000 1975 COM2 64 0R0 133 1.5 0.7 68.5 1.0057 0.00 0.0M
563160.000 1975 COM2 64 0R0 186 1.4 0.7 69.1 1.0058 0.00 0.0M
563220.000 1975 COM2 64 0R0 213 0.7 0.7 68.8 1.0058 0.00 0.0M
563280.000 1975 COM2 64 0R0 148 0.4 0.7 69.4 1.0057 0.00 0.0M
563340.000 1975 COM2 64 0R0 236 0.2 0.7 69.9 1.0057 0.00 0.0M
563400.000 1975 COM2 64 0R0 139 0.5 0.8 70.0 1.0057 0.00 0.0M
563460.000 1975 COM2 64 0R0 175 0.2 0.8 69.9 1.0057 0.00 0.0M
563520.000 1975 COM2 64 0R0 136 1.0 0.9 69.2 1.0057 0.00 0.0M
563580.000 1975 COM2 64 0R0 139 1.2 0.9 68.7 1.0057 0.00 0.0M
563640.000 1975 COM2 64 0R0 104 0.9 0.9 68.2 1.0056 0.00 0.0M
563700.000 1975 COM2 64 0R0 131 1.6 0.9 68.7 1.0056 0.00 0.0M
563760.000 1975 COM2 64 0R0 091 1.0 0.9 67.9 1.0055 0.00 0.0M
563820.000 1975 COM2 64 0R0 125 1.2 0.9 68.8 1.0055 0.00 0.0M
563880.000 1975 COM2 64 0R0 106 0.4 0.9 68.7 1.0054 0.00 0.0M
563940.000 1975 COM2 64 0R0 086 1.0 1.0 68.6 1.0054 0.00 0.0M
564000.000 1975 COM2 64 0R0 123 1.1 1.0 67.8 1.0054 0.00 0.0M
564060.000 1975 COM2 64 0R0 117 0.9 1.0 68.3 1.0055 0.00 0.0M
564120.000 1975 COM2 64 0R0 014 0.3 1.0 68.9 1.0055 0.00 0.0M
564180.000 1975 COM2 64 0R0 141 0.5 1.0 68.5 1.0055 0.00 0.0M
564240.000 1975 COM2 64 0R0 083 0.9 1.0 69.7 1.0054 0.00 0.0M
564300.000 1975 COM2 64 0R0 138 1.4 1.0 67.8 1.0055 0.00 0.0M
564360.000 1975 COM2 64 0R0 107 0.7 1.0 68.7 1.0055 0.00 0.0M
564420.000 1975 COM2 64 0R0 141 0.8 1.0 69.1 1.0055 0.00 0.0M
564480.000 1975 COM2 64 0R0 150 0.7 1.0 68.9 1.0056 0.00 0.0M
564540.000 1975 COM2 64 0R0 202 0.6 1.0 69.4 1.0056 0.00 0.0M
564600.000 1975 COM2 64 0R0 139 0.3 1.0 69.5 1.0056 0.00 0.0M
564660.000 1975 COM2 64 0R0 128 0.9 1.0 68.9 1.0056 0.00 0.0M
564720.000 1975 COM2 64 0R0 130 1.2 1.0 68.5 1.0055 0.00 0.0M
564780.000 1975 COM2 64 0R0 177 0.8 1.0 68.5 1.0055 0.00 0.0M
564840.000 1975 COM2 64 0R0 157 2.0 1.1 68.4 1.0055 0.00 0.0M
564900.000 1975 COM2 64 0R0 099 0.6 1.1 67.6 1.0054 0.00 0.0M
564960.000 1975 COM2 64 0R0 138 1.4 1.1 67.6 1.0055 0.00 0.0M
565020.000 1975 COM2 64 0R0 136 0.7 1.2 68.0 1.0054 0.00 0.0M
565080.000 1975 COM2 64 0R0 136 0.8 1.2 67.5 1.0054 0.00 0.0M
565140.000 1975 COM2 64 0R0 119 1.4 1.3 67.6 1.0053 0.00 0.0M
565200.000 1975 COM2 64 0R0 146 0.7 1.2 67.4 1.0053 0.00 0.0M
565260.000 1975 COM2 64 0R0 121 1.7 1.3 67.4 1.0053 0.00 0.0M
565320.000 1975 COM2 64 0R0 138 1.4 1.2 67.5 1.0054 0.00 0.0M
565380.000 1975 COM2 64 0R0 289 0.4 1.2 68.2 1.0054 0.00 0.0M
565440.000 1975 COM2 64 0R0 134 0.7 1.2 68.5 1.0054 0.00 0.0M
565500.000 1975 COM2 64 0R0 072 0.3 1.3 68.0 1.0054 0.00 0.0M
565560.000 1975 COM2 64 0R0 164 1.6 1.4 68.4 1.0054 0.00 0.0M
565620.000 1975 COM2 64 0R0 096 0.7 1.5 66.7 1.0053 0.00 0.0M
565680.000 1975 COM2 64 0R0 150 1.4 1.5 67.1 1.0053 0.00 0.0M
565740.000 1975 COM2 64 0R0 125 1.2 1.5 67.2 1.0054 0.00 0.0M
565800.000 1975 COM2 64 0R0 107 0.8 1.5 66.6 1.0054 0.00 0.0M
565860.000 1975 COM2 64 0R0 135 1.9 1.6 66.3 1.0054 0.00 0.0M
565920.000 1975 COM2 64 0R0 174 0.5 1.5 65.9 1.0053 0.00 0.0M
565980.000 1975 COM2 64 0R0 161 1.4 1.4 67.1 1.0053 0.00 0.0M
566040.000 1975 COM2 64 0R0 160 1.0 1.4 67.2 1.0053 0.00 0.0M
566100.000 1975 COM2 64 0R0 146 2.2 1.5 66.8 1.0053 0.00 0.0M
566160.000 1975 COM2 64 0R0 103 1.2 1.4 66.1 1.0053 0.00 0.0M
566220.000 1975 COM2 64 0R0 161 0.5 1.3 66.8 1.0052 0.00 0.0M
566280.100 1975 COM2 64 0R0 110 1.1 1.3 67.7 1.0052 0.00 0.0M
566340.000 1975 COM2 64 0R0 131 1.0 1.3 68.1 1.0051 0.00 0.0M
566400.000 1975 COM2 64 0R0 123 0.9 1.5 67.5 1.0051 0.00 0.0M
566460.000 1975 COM2 64 0R0 139 1.4 1.7 67.5 1.0051 0.00 0.0M
566520.000 1975 COM2 64 0R0 155 1.3 1.7 66.4 1.0051 0.00 0.0M
566580.000 1975 COM2 64 0R0 125 0.6 1.8 66.0 1.0050 0.00 0.0M
566640.000 1975 COM2 64 0R0 142 0.7 1.8 65.9 1.0050 0.00 0.0M
566700.000 1975 COM2 64 0R0 304 0.4 1.8 66.5 1.0050 0.00 0.0M
566760.000 1975 COM2 64 0R0 100 0.9 1.9 66.7 1.0050 0.00 0.0M
566820.000 1975 COM2 64 0R0 239 0.5 1.9 66.4 1.0050 0.00 0.0M
566880.000 1975 COM2 64 0R0 181 1.8 2.0 65.4 1.0050 0.00 0.0M
566940.000 1975 COM2 64 0R0 155 1.3 1.9 66.1 1.0051 0.00 0.0M
567000.000 1975 COM2 64 0R0 141 1.4 1.9 65.8 1.0051 0.00 0.0M
567060.000 1975 COM2 64 0R0 149 0.5 1.9 65.7 1.0051 0.00 0.0M
567120.000 1975 COM2 64 0R0 198 1.4 1.9 66.5 1.0051 0.00 0.0M
567180.000 1975 COM2 64 0R0 186 0.8 1.9 65.9 1.0051 0.00 0.0M
567240.000 1975 COM2 64 0R0 227 0.3 1.9 66.5 1.0052 0.00 0.0M
567300.000 1975 COM2 64 0R0 164 0.9 1.9 66.8 1.0052 0.00 0.0M
567360.000 1975 COM2 64 0R0 173 1.0 1.9 66.4 1.0051 0.00 0.0M
567420.000 1975 COM2 64 0R0 139 1.8 1.9 67.2 1.0051 0.00 0.0M
567480.000 1975 COM2 64 0R0 154 1.2 1.9 67.0 1.0051 0.00 0.0M
567540.000 1975 COM2 64 0R0 130 1.1 1.9 67.1 1.0050 0.00 0.0M
567600.000 1975 COM2 64 0R0 108 0.9 2.0 67.2 1.0050 0.00 0.0M
567660.000 1975 COM2 64 0R0 179 1.7 2.0 67.1 1.0049 0.00 0.0M
567720.000 1975 COM2 64 0R0 133 1.1 2.1 66.7 1.0049 0.00 0.0M
567780.000 1975 COM2 64 0R0 144 1.4 2.1 66.9 1.0048 0.00 0.0M
567840.000 1975 COM2 64 0R0 147 1.9 2.1 66.2 1.0048 0.00 0.0M
567900.000 1975 COM2 64 0R0 111 0.8 2.1 66.5 1.0048 0.00 0.0M
567960.000 1975 COM2 64 0R0 157 0.9 2.0 66.7 1.0047 0.00 0.0M
568020.000 1975 COM2 64 0R0 103 0.9 2.0 66.9 1.0047 0.00 0.0M
568080.000 1975 COM2 64 0R0 132 2.1 2.0 66.7 1.0046 0.00 0.0M
568140.000 1975 COM2 64 0R0 151 1.7 1.9 66.9 1.0046 0.00 0.0M
568200.000 1975 COM2 64 0R0 137 0.9 1.9 67.5 1.0046 0.00 0.0M
568260.000 1975 COM2 64 0R0 142 1.9 1.9 67.8 1.0046 0.00 0.0M
568320.000 1975 COM2 64 0R0 157 1.9 2.0 67.5 1.0045 0.00 0.0M
568380.000 1975 COM2 64 0R0 190 1.6 2.1 67.5 1.0045 0.00 0.0M
568440.000 1975 COM2 64 0R0 151 0.5 2.1 67.6 1.0045 0.00 0.0M
568500.000 1975 COM2 64 0R0 115 1.0 2.2 67.4 1.0045 0.00 0.0M
568560.000 1975 COM2 64 0R0 173 0.7 2.3 66.8 1.0045 0.00 0.0M
568620.000 1975 COM2 64 0R0 202 1.8 2.3 66.8 1.0045 0.00 0.0M
568680.000 1975 COM2 64 0R0 103 0.8 2.2 67.5 1.0045 0.00 0.0M
568740.000 1975 COM2 64 0R0 176 2.0 2.2 67.5 1.0044 0.00 0.0M
568800.000 1975 COM2 64 0R0 183 1.4 2.2 67.3 1.0044 0.00 0.0M
568860.000 1975 COM2 64 0R0 222 1.1 2.2 67.7 1.0044 0.00 0.0M
568920.000 1975 COM2 64 0R0 162 1.2 2.2 68.5 1.0044 0.00 0.0M
568980.000 1975 COM2 64 0R0 230 0.7 2.2 68.0 1.0044 0.00 0.0M
569040.000 1975 COM2 64 0R0 191 1.8 2.2 67.5 1.0044 0.00 0.0M
569100.000 1975 COM2 64 0R0 161 0.8 2.2 68.0 1.0043 0.00 0.0M
569160.000 1975 COM2 64 0R0 156 0.8 2.2 68.6 1.0042 0.00 0.0M
569220.000 1975 COM2 64 0R0 137 0.7 2.2 68.6 1.0042 0.00 0.0M
569280.000 1975 COM2 64 0R0 143 0.8 2.3 68.5 1.0042 0.00 0.0M
569340.000 1975 COM2 64 0R0 174 1.1 2.4 68.4 1.0042 0.00 0.0M
569400.000 1975 COM2 64 0R0 102 1.0 2.4 68.3 1.0042 0.00 0.0M
569460.000 1975 COM2 64 0R0 195 1.7 2.5 68.0 1.0043 0.00 0.0M
569520.000 1975 COM2 64 0R0 197 1.4 2.4 68.2 1.0043 0.00 0.0M
569580.000 1975 COM2 64 0R0 110 0.4 2.4 68.8 1.0043 0.00 0.0M
569640.000 1975 COM2 64 0R0 178 0.7 2.4 69.1 1.0043 0.00 0.0M
569700.000 1975 COM2 64 0R0 166 1.5 2.5 68.8 1.0043 0.00 0.0M
569760.000 1975 COM2 64 0R0 203 1.2 2.5 68.6 1.0043 0.00 0.0M
569820.000 1975 COM2 64 0R0 231 1.9 2.6 68.7 1.0043 0.00 0.0M
569880.000 1975 COM2 64 0R0 217 2.6 2.6 67.5 1.0043 0.00 0.0M
569940.000 1975 COM2 64 0R0 220 0.8 2.6 67.7 1.0042 0.00 0.0M
570000.000 1975 COM2 64 0R0 224 1.2 2.6 68.1 1.0042 0.00 0.0M
570060.000 1975 COM2 64 0R0 204 1.6 2.6 68.0 1.0042 0.00 0.0M
570120.000 1975 COM2 64 0R0 162 1.2 2.6 68.2 1.0042 0.00 0.0M
570180.000 1975 COM2 64 0R0 201 1.1 2.6 68.6 1.0043 0.00 0.0M
570240.000 1975 COM2 64 0R0 194 0.8 2.6 68.4 1.0043 0.00 0.0M
570300.000 1975 COM2 64 0R0 193 1.4 2.7 68.2 1.0042 0.00 0.0M
570360.000 1975 COM2 64 0R0 208 1.2 2.7 68.3 1.0042 0.00 0.0M
570420.000 1975 COM2 64 0R0 214 1.8 2.8 68.5 1.0042 0.00 0.0M
570480.000 1975 COM2 64 0R0 208 0.9 2.8 68.9 1.0042 0.00 0.0M
570540.000 1975 COM2 64 0R0 202 0.8 2.9 68.3 1.0042 0.00 0.0M
570600.000 1975 COM2 64 0R0 235 1.6 2.9 68.4 1.0043 0.00 0.0M
570660.000 1975 COM2 64 0R0 224 2.3 3.0 68.6 1.0043 0.00 0.0M
570720.000 1975 COM2 64 0R0 199 1.7 3.1 68.4 1.0042 0.00 0.0M
570780.000 1975 COM2 64 0R0 175 1.6 3.1 68.8 1.0042 0.00 0.0M
570840.000 1975 COM2 64 0R0 213 2.3 3.1 68.9 1.0042 0.00 0.0M
570900.000 1975 COM2 64 0R0 204 1.4 3.1 68.2 1.0042 0.00 0.0M
570960.000 1975 COM2 64 0R0 235 1.9 3.1 68.4 1.0041 0.00 0.0M
571020.000 1975 COM2 64 0R0 228 1.2 3.2 68.5 1.0041 0.00 0.0M
571080.000 1975 COM2 64 0R0 238 2.0 3.2 68.4 1.0042 0.00 0.0M
571140.000 1975 COM2 64 0R0 185 1.7 3.2 68.1 1.0042 0.00 0.0M
571200.000 1975 COM2 64 0R0 216 2.0 3.2 67.8 1.0041 0.00 0.0M
571260.000 1975 COM2 64 0R0 168 2.2 3.2 68.6 1.0041 0.00 0.0M
571320.000 1975 COM2 64 0R0 188 1.4 3.2 68.8 1.0040 0.00 0.0M
571380.000 1975 COM2 64 0R0 126 0.8 3.2 69.1 1.0039 0.00 0.0M
571440.000 1975 COM2 64 0R0 119 0.9 3.2 69.3 1.0038 0.00 0.0M
571500.000 1975 COM2 64 0R0 115 0.5 3.3 68.6 1.0038 0.00 0.0M
571560.000 1975 COM2 64 0R0 124 0.8 3.5 68.2 1.0038 0.00 0.0M
571620.000 1975 COM2 64 0R0 113 0.8 3.6 67.6 1.0038 0.00 0.0M
571680.000 1975 COM2 64 0R0 152 1.5 3.7 66.8 1.0037 0.00 0.0M
571740.000 1975 COM2 64 0R0 172 1.6 3.7 67.1 1.0037 0.00 0.0M
571800.000 1975 COM2 64 0R0 152 1.8 3.7 66.7 1.0037 0.00 0.0M
571860.000 1975 COM2 64 0R0 154 0.6 3.6 67.1 1.0037 0.00 0.0M
571920.000 1975 COM2 64 0R0 138 1.7 3.6 67.1 1.0037 0.00 0.0M
571980.000 1975 COM2 64 0R0 122 1.4 3.6 66.9 1.0036 0.00 0.0M
572040.000 1975 COM2 64 0R0 147 2.1 3.6 67.5 1.0036 0.00 0.0M
572100.000 1975 COM2 64 0R0 088 1.0 3.6 67.4 1.0036 0.00 0.0M
572160.000 1975 COM2 64 0R0 152 2.2 3.6 67.9 1.0035 0.00 0.0M
572220.000 1975 COM2 64 0R0 125 1.8 3.6 68.4 1.0035 0.00 0.0M
572280.000 1975 COM2 64 0R0 129 0.6 3.8 67.7 1.0034 0.00 0.0M
572340.000 1975 COM2 64 0R0 099 0.7 3.9 67.5 1.0034 0.00 0.0M
572400.000 1975 COM2 64 0R0 115 0.7 4.1 67.0 1.0035 0.00 0.0M
572460.000 1975 COM2 64 0R0 142 1.3 4.3 66.0 1.0036 0.00 0.0M
572520.000 1975 COM2 64 0R0 140 1.1 4.5 65.1 1.0036 0.00 0.0M
572580.000 1975 COM2 64 0R0 152 0.8 4.6 64.7 1.0036 0.00 0.0M
572640.000 1975 COM2 64 0R0 119 0.6 4.6 64.7 1.0036 0.00 0.0M
572700.100 1975 COM2 64 0R0 176 0.5 4.6 64.9 1.0037 0.00 0.0M
572760.100 1975 COM2 64 0R0 162 0.3 4.6 64.9 1.0037 0.00 0.0M
572820.000 1975 COM2 64 0R0 194 1.1 4.6 64.9 1.0037 0.00 0.0M
572880.000 1975 COM2 64 0R0 179 1.6 4.6 64.5 1.0037 0.00 0.0M
572940.000 1975 COM2 64 0R0 133 0.5 4.6 64.7 1.0037 0.00 0.0M
573000.100 1975 COM2 64 0R0 120 0.5 4.5 65.1 1.0037 0.00 0.0M
573060.000 1975 COM2 64 0R0 098 1.1 4.6 65.3 1.0037 0.00 0.0M
573120.000 1975 COM2 64 0R0 052 0.4 4.6 65.5 1.0037 0.00 0.0M
573180.000 1975 COM2 64 0R0 165 0.5 4.8 64.8 1.0037 0.00 0.0M
573240.000 1975 COM2 64 0R0 095 1.0 4.9 64.7 1.0037 0.00 0.0M
573300.000 1975 COM2 64 0R0 116 0.5 5.0 64.4 1.0037 0.00 0.0M
573360.000 1975 COM2 64 0R0 142 0.5 5.1 64.0 1.0037 0.00 0.0M
573420.000 1975 COM2 64 0R0 161 0.7 5.3 64.0 1.0036 0.00 0.0M
573480.000 1975 COM2 64 0R0 180 0.6 5.5 63.0 1.0036 0.00 0.0M
573540.000 1975 COM2 64 0R0 179 1.9 5.5 63.2 1.0035 0.00 0.0M
573600.000 1975 COM2 64 0R0 162 2.5 5.6 62.7 1.0035 0.00 0.0M
573660.000 1975 COM2 64 0R0 347 0.7 5.4 63.5 1.0034 0.00 0.0M
573720.000 1975 COM2 64 0R0 101 0.8 5.2 64.0 1.0034 0.00 0.0M
573780.000 1975 COM2 64 0R0 135 1.3 5.2 64.7 1.0034 0.00 0.0M
573840.000 1975 COM2 64 0R0 229 1.2 5.2 64.4 1.0034 0.00 0.0M
573900.000 1975 COM2 64 0R0 142 0.7 5.3 64.9 1.0034 0.00 0.0M
573960.000 1975 COM2 64 0R0 182 0.3 5.4 64.4 1.0035 0.00 0.0M
574020.000 1975 COM2 64 0R0 034 0.3 5.5 64.0 1.0036 0.00 0.0M
574080.000 1975 COM2 64 0R0 269 1.2 5.7 63.6 1.0036 0.00 0.0M
574140.000 1975 COM2 64 0R0 211 1.1 5.8 63.6 1.0035 0.00 0.0M
574200.000 1975 COM2 64 0R0 118 0.8 5.8 63.6 1.0035 0.00 0.0M
574260.000 1975 COM2 64 0R0 173 0.7 5.8 63.8 1.0035 0.00 0.0M
574320.000 1975 COM2 64 0R0 218 1.3 5.9 63.2 1.0036 0.00 0.0M
574380.000 1975 COM2 64 0R0 194 2.2 5.9 63.1 1.0036 0.00 0.0M
574440.000 1975 COM2 64 0R0 162 1.2 5.7 64.1 1.0035 0.00 0.0M
574500.000 1975 COM2 64 0R0 203 2.7 5.7 64.2 1.0034 0.00 0.0M
574560.000 1975 COM2 64 0R0 229 1.8 5.6 64.2 1.0034 0.00 0.0M
574620.000 1975 COM2 64 0R0 186 2.7 5.5 65.0 1.0034 0.00 0.0M
574680.000 1975 COM2 64 0R0 183 1.8 5.5 65.4 1.0033 0.00 0.0M
574740.000 1975 COM2 64 0R0 232 1.4 5.5 65.6 1.0033 0.00 0.0M
574800.000 1975 COM2 64 0R0 169 2.2 5.6 65.5 1.0033 0.00 0.0M
574860.000 1975 COM2 64 0R0 210 1.2 5.7 65.5 1.0033 0.00 0.0M
574920.000 1975 COM2 64 0R0 167 2.0 5.8 65.0 1.0033 0.00 0.0M
574980.000 1975 COM2 64 0R0 187 1.8 5.8 65.2 1.0032 0.00 0.0M
575040.000 1975 COM2 64 0R0 123 0.9 5.9 65.3 1.0031 0.00 0.0M
575100.000 1975 COM2 64 0R0 179 1.7 6.0 65.2 1.0031 0.00 0.0M
575160.000 1975 COM2 64 0R0 147 0.5 6.1 65.1 1.0030 0.00 0.0M
575220.000 1975 COM2 64 0R0 167 2.0 6.2 64.8 1.0030 0.00 0.0M
575280.000 1975 COM2 64 0R0 115 0.8 6.3 64.3 1.0030 0.00 0.0M
575340.000 1975 COM2 64 0R0 191 2.2 6.4 63.7 1.0030 0.00 0.0M
575400.000 1975 COM2 64 0R0 175 2.8 6.4 63.8 1.0029 0.00 0.0M
575460.000 1975 COM2 64 0R0 144 1.6 6.4 63.9 1.0029 0.00 0.0M
575520.000 1975 COM2 64 0R0 119 1.0 6.4 64.3 1.0029 0.00 0.0M
575580.000 1975 COM2 64 0R0 120 1.3 6.5 63.7 1.0029 0.00 0.0M
575640.000 1975 COM2 64 0R0 189 1.9 6.5 64.1 1.0028 0.00 0.0M
575700.000 1975 COM2 64 0R0 156 1.7 6.5 64.2 1.0027 0.00 0.0M
575760.000 1975 COM2 64 0R0 120 1.5 6.5 64.3 1.0027 0.00 0.0M
575820.000 1975 COM2 64 0R0 180 1.0 6.6 64.2 1.0026 0.00 0.0M
575880.000 1975 COM2 64 0R0 135 1.2 6.7 64.0 1.0026 0.00 0.0M
575940.000 1975 COM2 64 0R0 092 1.9 6.8 63.7 1.0025 0.00 0.0M
576000.000 1975 COM2 64 0R0 128 2.5 6.9 63.2 1.0025 0.00 0.0M
576060.000 1975 COM2 64 0R0 146 1.9 7.0 63.1 1.0024 0.00 0.0M
576120.000 1975 COM2 64 0R0 149 1.5 7.0 63.0 1.0024 0.00 0.0M
576180.000 1975 COM2 64 0R0 131 2.6 7.0 63.3 1.0023 0.00 0.0M
576240.000 1975 COM2 64 0R0 131 2.2 7.0 63.4 1.0023 0.00 0.0M
576300.000 1975 COM2 64 0R0 149 2.3 7.0 63.6 1.0023 0.00 0.0M
576360.100 1975 COM2 64 0R0 150 2.0 7.0 63.5 1.0021 0.00 0.0M
576420.000 1975 COM2 64 0R0 135 2.5 7.0 63.7 1.0021 0.00 0.0M
576480.000 1975 COM2 64 0R0 117 1.4 7.1 63.7 1.0020 0.00 0.0M
576540.000 1975 COM2 64 0R0 144 2.3 7.2 63.5 1.0020 0.00 0.0M
576600.000 1975 COM2 64 0R0 153 3.0 7.3 63.4 1.0020 0.00 0.0M
576660.000 1975 COM2 64 0R0 131 2.6 7.3 63.4 1.0020 0.00 0.0M
576720.000 1975 COM2 64 0R0 169 3.1 7.3 63.5 1.0019 0.00 0.0M
576780.000 1975 COM2 64 0R0 151 2.7 7.3 63.2 1.0018 0.00 0.0M
576840.000 1975 COM2 64 0R0 144 2.6 7.3 63.6 1.0017 0.00 0.0M
576900.000 1975 COM2 64 0R0 121 1.9 7.3 63.6 1.0016 0.00 0.0M
576960.000 1975 COM2 64 0R0 166 3.8 7.3 63.7 1.0016 0.00 0.0M
577020.000 1975 COM2 64 0R0 166 4.1 7.3 63.7 1.0016 0.00 0.0M
577080.000 1975 COM2 64 0R0 167 3.8 7.4 63.9 1.0015 0.00 0.0M
577140.000 1975 COM2 64 0R0 109 1.0 7.4 63.9 1.0015 0.00 0.0M
577200.000 1975 COM2 64 0R0 211 2.9 7.5 63.5 1.0015 0.00 0.0M
577260.000 1975 COM2 64 0R0 193 3.8 7.6 63.3 1.0015 0.00 0.0M
577320.000 1975 COM2 64 0R0 156 1.8 7.6 63.2 1.0015 0.00 0.0M
577380.000 1975 COM2 64 0R0 187 4.8 7.7 63.5 1.0014 0.00 0.0M
577440.000 1975 COM2 64 0R0 192 9.7 7.7 63.2 1.0014 0.00 0.0M
577500.000 1975 COM2 64 0R0 168 6.2 7.8 62.4 1.0012 0.00 0.0M
577560.000 1975 COM2 64 0R0 217 4.3 7.8 62.5 1.0012 0.00 0.0M
577620.000 1975 COM2 64 0R0 151 3.1 7.8 62.8 1.0012 0.00 0.0M
577680.000 1975 COM2 64 0R0 119 2.1 7.9 62.7 1.0012 0.00 0.0M
577740.000 1975 COM2 64 0R0 199 1.7 8.1 62.4 1.0012 0.00 0.0M
577800.000 1975 COM2 64 0R0 148 2.9 8.2 61.6 1.0012 0.00 0.0M
577860.000 1975 COM2 64 0R0 177 9.0 8.2 61.5 1.0010 0.00 0.0M
577920.000 1975 COM2 64 0R0 201 8.4 8.2 61.4 1.0010 0.00 0.0M
577980.000 1975 COM2 64 0R0 168 5.0 8.1 61.7 1.0010 0.00 0.0M
578040.000 1975 COM2 64 0R0 179 3.6 8.0 62.3 1.0010 0.00 0.0M
578100.000 1975 COM2 64 0R0 163 5.6 8.0 62.3 1.0009 0.00 0.0M
578160.000 1975 COM2 64 0R0 165 6.5 8.1 62.0 1.0009 0.00 0.0M
578220.000 1975 COM2 64 0R0 178 3.9 8.1 61.7 1.0009 0.00 0.0M
578280.000 1975 COM2 64 0R0 138 3.4 8.1 62.0 1.0008 0.00 0.0M
578340.000 1975 COM2 64 0R0 169 4.7 8.2 61.4 1.0007 0.00 0.0M
578400.000 1975 COM2 64 0R0 184 3.2 8.2 61.8 1.0007 0.00 0.0M
578460.000 1975 COM2 64 0R0 167 3.4 8.2 62.2 1.0007 0.00 0.0M
578520.000 1975 COM2 64 0R0 195 4.8 8.2 61.3 1.0006 0.00 0.0M
578580.000 1975 COM2 64 0R0 189 6.1 8.2 61.6 1.0005 0.00 0.0M
578640.000 1975 COM2 64 0R0 171 5.1 8.3 62.3 1.0006 0.00 0.0M
578700.000 1975 COM2 64 0R0 186 7.3 8.3 61.2 1.0005 0.00 0.0M
578760.000 1975 COM2 64 0R0 174 4.6 8.2 62.1 1.0006 0.00 0.0M
578820.000 1975 COM2 64 0R0 198 5.9 8.3 61.5 1.0006 0.00 0.0M
578880.000 1975 COM2 64 0R0 199 6.8 8.3 61.7 1.0005 0.00 0.0M
578940.100 1975 COM2 64 0R0 136 1.8 8.2 61.9 1.0005 0.00 0.0M
579000.000 1975 COM2 64 0R0 115 1.3 8.3 62.1 1.0005 0.00 0.0M
579060.000 1975 COM2 64 0R0 178 8.6 8.4 61.2 1.0003 0.00 0.0M
579120.000 1975 COM2 64 0R0 161 4.4 8.4 61.4 1.0003 0.00 0.0M
579180.000 1975 COM2 64 0R0 178 6.8 8.4 61.4 1.0004 0.00 0.0M
579240.000 1975 COM2 64 0R0 189 4.6 8.4 61.5 1.0003 0.00 0.0M
579300.000 1975 COM2 64 0R0 170 6.1 8.3 61.5 1.0002 0.00 0.0M
579360.000 1975 COM2 64 0R0 184 4.5 8.3 61.5 1.0003 0.00 0.0M
579420.000 1975 COM2 64 0R0 171 2.1 8.3 62.0 1.0003 0.00 0.0M
579480.000 1975 COM2 64 0R0 193 5.0 8.4 62.0 1.0002 0.00 0.0M
579540.000 1975 COM2 64 0R0 179 3.8 8.4 61.8 1.0002 0.00 0.0M
579600.000 1975 COM2 64 0R0 196 5.0 8.5 61.8 1.0001 0.00 0.0M
579660.000 1975 COM2 64 0R0 163 3.8 8.5 61.6 1.0001 0.00 0.0M
579720.000 1975 COM2 64 0R0 138 2.0 8.5 61.1 1.0001 0.00 0.0M
579780.000 1975 COM2 64 0R0 155 3.5 8.5 61.4 1.0001 0.00 0.0M
579840.000 1975 COM2 64 0R0 146 1.1 8.5 61.7 1.0001 0.00 0.0M
579900.000 1975 COM2 64 0R0 185 4.8 8.6 61.3 1.0000 0.00 0.0M
579960.000 1975 COM2 64 0R0 155 2.5 8.6 61.2 1.0000 0.00 0.0M
580020.000 1975 COM2 64 0R0 187 4.2 8.6 60.9 1.0000 0.00 0.0M
580080.000 1975 COM2 64 0R0 176 3.7 8.6 61.1 1.0000 0.00 0.0M
580140.000 1975 COM2 64 0R0 174 4.4 8.6 61.5 0.9999 0.00 0.0M
580200.000 1975 COM2 64 0R0 145 2.7 8.6 60.8 0.9998 0.00 0.0M
580260.000 1975 COM2 64 0R0 172 4.8 8.7 61.1 0.9999 0.00 0.0M
580320.000 1975 COM2 64 0R0 212 2.7 8.7 61.2 0.9998 0.00 0.0M
580380.000 1975 COM2 64 0R0 098 2.0 8.8 60.9 0.9998 0.00 0.0M
580440.000 1975 COM2 64 0R0 220 5.4 8.8 60.1 0.9997 0.00 0.0M
580500.000 1975 COM2 64 0R0 127 3.0 8.9 60.0 0.9998 0.00 0.0M
580560.000 1975 COM2 64 0R0 143 3.7 8.9 59.8 0.9998 0.00 0.0M
580620.000 1975 COM2 64 0R0 174 5.1 8.9 59.8 0.9998 0.00 0.0M
580680.100 1975 COM2 64 0R0 199 0.8 8.9 59.7 0.9997 0.00 0.0M
580740.000 1975 COM2 64 0R0 130 4.8 8.9 60.0 0.9997 0.00 0.0M
580800.000 1975 COM2 64 0R0 129 3.3 9.0 59.3 0.9997 0.00 0.0M
580860.000 1975 COM2 64 0R0 199 5.0 9.0 59.6 0.9996 0.00 0.0M
580920.000 1975 COM2 64 0R0 134 2.2 9.0 59.7 0.9996 0.00 0.0M
580980.000 1975 COM2 64 0R0 187 4.3 9.0 59.6 0.9996 0.00 0.0M
581040.000 1975 COM2 64 0R0 183 4.9 9.0 59.6 0.9996 0.00 0.0M
581100.000 1975 COM2 64 0R0 169 3.9 9.0 59.6 0.9995 0.00 0.0M
581160.000 1975 COM2 64 0R0 176 3.6 9.0 59.7 0.9995 0.00 0.0M
581220.000 1975 COM2 64 0R0 177 4.5 9.0 59.6 0.9995 0.00 0.0M
581280.000 1975 COM2 64 0R0 184 5.6 9.0 59.8 0.9995 0.00 0.0M
581340.100 1975 COM2 64 0R0 139 3.7 9.0 59.6 0.9995 0.00 0.0M
581400.000 1975 COM2 64 0R0 167 3.4 9.1 59.5 0.9995 0.00 0.0M
581460.000 1975 COM2 64 0R0 235 2.9 9.1 59.5 0.9995 0.00 0.0M
581520.000 1975 COM2 64 0R0 200 5.0 9.1 59.6 0.9994 0.00 0.0M
581580.000 1975 COM2 64 0R0 124 1.4 9.1 59.5 0.9994 0.00 0.0M
581640.000 1975 COM2 64 0R0 192 3.9 9.1 59.6 0.9994 0.00 0.0M
581700.000 1975 COM2 64 0R0 176 4.5 9.2 59.5 0.9994 0.00 0.0M
581760.000 1975 COM2 64 0R0 165 5.1 9.1 60.0 0.9993 0.00 0.0M
581820.000 1975 COM2 64 0R0 134 3.2 9.1 59.6 0.9992 0.00 0.0M
581880.000 1975 COM2 64 0R0 178 2.7 9.1 60.7 0.9992 0.00 0.0M
581940.000 1975 COM2 64 0R0 134 3.6 9.2 61.5 0.9992 0.00 0.0M
582000.000 1975 COM2 64 0R0 183 5.5 9.2 60.6 0.9992 0.00 0.0M
582060.000 1975 COM2 64 0R0 179 3.6 9.2 59.9 0.9991 0.01 0.0M
582120.000 1975 COM2 64 0R0 201 4.3 9.1 60.8 0.9991 0.01 0.0M
582180.000 1975 COM2 64 0R0 215 1.1 9.1 61.4 0.9991 0.00 0.0M
582240.000 1975 COM2 64 0R0 177 5.1 9.1 61.4 0.9990 0.00 0.0M
582300.000 1975 COM2 64 0R0 167 5.6 9.1 60.4 0.9990 0.00 0.0M
582360.000 1975 COM2 64 0R0 173 3.6 9.1 60.7 0.9989 0.00 0.0M
582420.000 1975 COM2 64 0R0 155 4.1 9.1 61.4 0.9989 0.00 0.0M
582480.000 1975 COM2 64 0R0 186 5.1 9.1 61.5 0.9989 0.00 0.0M
582540.000 1975 COM2 64 0R0 173 4.4 9.1 62.0 0.9989 0.00 0.0M
582600.000 1975 COM2 64 0R0 194 4.0 9.1 61.8 0.9989 0.00 0.0M
582660.000 1975 COM2 64 0R0 169 6.6 9.1 61.7 0.9988 0.00 0.0M
582720.100 1975 COM2 64 0R0 190 4.0 9.1 62.0 0.9988 0.00 0.0M
582780.000 1975 COM2 64 0R0 171 4.1 9.1 62.4 0.9988 0.00 0.0M
582840.000 1975 COM2 64 0R0 167 4.8 9.1 62.7 0.9987 0.00 0.0M
582900.000 1975 COM2 64 0R0 152 4.2 9.2 63.0 0.9986 0.00 0.0M
582960.000 1975 COM2 64 0R0 123 3.0 9.2 62.2 0.9986 0.00 0.0M
583020.000 1975 COM2 64 0R0 134 2.2 9.2 61.8 0.9985 0.00 0.0M
583080.000 1975 COM2 64 0R0 159 4.2 9.3 62.8 0.9985 0.00 0.0M
583140.000 1975 COM2 64 0R0 167 2.5 9.3 62.1 0.9985 0.00 0.0M
583200.000 1975 COM2 64 0R0 118 2.0 9.4 62.6 0.9984 0.00 0.0M
583260.000 1975 COM2 64 0R0 126 2.7 9.4 62.3 0.9984 0.00 0.0M
583320.000 1975 COM2 64 0R0 177 4.8 9.4 62.0 0.9984 0.00 0.0M
583380.000 1975 COM2 64 0R0 126 3.6 9.4 62.6 0.9983 0.00 0.0M
583440.000 1975 COM2 64 0R0 104 2.2 9.5 62.4 0.9983 0.00 0.0M
583500.000 1975 COM2 64 0R0 141 3.5 9.5 61.4 0.9982 0.00 0.0M
583560.000 1975 COM2 64 0R0 120 1.9 9.5 61.1 0.9982 0.00 0.0M
583620.000 1975 COM2 64 0R0 184 2.6 9.5 62.2 0.9982 0.00 0.0M
583680.000 1975 COM2 64 0R0 196 2.7 9.6 61.1 0.9981 0.00 0.0M
583740.000 1975 COM2 64 0R0 105 1.4 9.6 62.5 0.9981 0.00 0.0M
583800.000 1975 COM2 64 0R0 094 2.6 9.6 62.3 0.9980 0.00 0.0M
583860.000 1975 COM2 64 0R0 166 3.4 9.6 62.1 0.9980 0.01 0.0M
583920.100 1975 COM2 64 0R0 112 3.2 9.6 63.4 0.9980 0.00 0.0M
583980.000 1975 COM2 64 0R0 271 2.1 9.5 62.2 0.9980 0.00 0.0M
584040.000 1975 COM2 64 0R0 131 1.6 9.5 62.8 0.9979 0.00 0.0M
584100.000 1975 COM2 64 0R0 184 3.7 9.5 62.0 0.9978 0.00 0.0M
584160.000 1975 COM2 64 0R0 168 4.6 9.5 62.1 0.9978 0.00 0.0M
584220.100 1975 COM2 64 0R0 122 2.0 9.5 62.2 0.9977 0.00 0.0M
584280.000 1975 COM2 64 0R0 121 1.7 9.5 62.5 0.9977 0.00 0.0M
584340.000 1975 COM2 64 0R0 138 3.0 9.5 62.2 0.9977 0.00 0.0M
584400.000 1975 COM2 64 0R0 143 2.2 9.5 63.9 0.9977 0.00 0.0M
584460.000 1975 COM2 64 0R0 168 3.3 9.6 62.5 0.9977 0.00 0.0M
584520.000 1975 COM2 64 0R0 193 1.2 9.6 62.8 0.9977 0.00 0.0M
584580.000 1975 COM2 64 0R0 135 3.1 9.6 61.8 0.9976 0.00 0.0M
584640.000 1975 COM2 64 0R0 171 1.3 9.6 62.4 0.9976 0.00 0.0M
584700.000 1975 COM2 64 0R0 162 4.1 9.6 62.5 0.9975 0.00 0.0M
584760.000 1975 COM2 64 0R0 128 2.3 9.5 62.6 0.9975 0.00 0.0M
584820.000 1975 COM2 64 0R0 149 3.0 9.5 63.5 0.9975 0.00 0.0M
584880.000 1975 COM2 64 0R0 165 2.6 9.5 64.3 0.9975 0.01 0.0M
584940.000 1975 COM2 64 0R0 108 2.0 9.6 62.4 0.9975 0.00 0.0M
585000.100 1975 COM2 64 0R0 188 3.7 9.6 62.4 0.9974 0.00 0.0M
585060.000 1975 COM2 64 0R0 139 3.0 9.6 62.7 0.9973 0.00 0.0M
585120.000 1975 COM2 64 0R0 154 4.0 9.6 62.9 0.9973 0.00 0.0M
585180.000 1975 COM2 64 0R0 135 4.5 9.5 64.7 0.9973 0.00 0.0M
585240.000 1975 COM2 64 0R0 099 1.0 9.5 63.7 0.9972 0.00 0.0M
585300.000 1975 COM2 64 0R0 125 1.5 9.5 63.6 0.9972 0.00 0.0M
585360.000 1975 COM2 64 0R0 140 2.8 9.6 63.6 0.9971 0.00 0.0M
585420.000 1975 COM2 64 0R0 136 3.9 9.6 62.5 0.9972 0.00 0.0M
585480.000 1975 COM2 64 0R0 154 2.1 9.5 64.6 0.9972 0.00 0.0M
585540.000 1975 COM2 64 0R0 142 3.3 9.6 63.5 0.9971 0.00 0.0M
585600.000 1975 COM2 64 0R0 163 4.3 9.6 63.7 0.9971 0.00 0.0M
585660.000 1975 COM2 64 0R0 179 3.7 9.5 63.7 0.9971 0.01 0.0M
585720.000 1975 COM2 64 0R0 115 0.6 9.5 62.0 0.9971 0.00 0.0M
585780.000 1975 COM2 64 0R0 174 3.8 9.5 63.2 0.9971 0.00 0.0M
585840.000 1975 COM2 64 0R0 171 4.2 9.5 62.6 0.9971 0.00 0.0M
585900.200 1975 COM2 64 0R0 205 4.4 9.5 63.7 0.9971 0.01 0.0M
585960.000 1975 COM2 64 0R0 155 3.5 9.5 62.5 0.9972 0.00 0.0M
586020.200 1975 COM2 64 0R0 171 4.7 9.5 62.5 0.9972 0.01 0.0M
586080.200 1975 COM2 64 0R0 190 3.4 9.5 63.9 0.9972 0.00 0.0M
586140.200 1975 COM2 64 0R0 152 4.0 9.5 62.1 0.9972 0.01 0.0M
586200.200 1975 COM2 64 0R0 130 1.5 9.5 63.1 0.9972 0.01 0.0M
586260.000 1975 COM2 64 0R0 182 2.0 9.5 64.9 0.9972 0.00 0.0M
586320.000 1975 COM2 64 0R0 174 4.4 9.5 62.6 0.9972 0.00 0.0M
586380.000 1975 COM2 64 0R0 200 4.5 9.5 63.9 0.9971 0.00 0.0M
586440.200 1975 COM2 64 0R0 214 3.8 9.5 63.9 0.9971 0.00 0.0M
586500.200 1975 COM2 64 0R0 187 3.3 9.5 64.2 0.9972 0.00 0.0M
586560.200 1975 COM2 64 0R0 187 3.9 9.5 64.6 0.9971 0.01 0.0M
586620.200 1975 COM2 64 0R0 187 4.5 9.5 64.4 0.9971 0.00 0.0M
586680.000 1975 COM2 64 0R0 175 5.4 9.5 63.9 0.9971 0.00 0.0M
586740.200 1975 COM2 64 0R0 167 4.4 9.5 65.3 0.9970 0.01 0.0M
586800.200 1975 COM2 64 0R0 152 3.1 9.5 65.6 0.9970 0.01 0.0M
586860.200 1975 COM2 64 0R0 199 3.9 9.5 66.3 0.9969 0.01 0.0M
586920.200 1975 COM2 64 0R0 189 4.7 9.5 66.3 0.9969 0.01 0.0M
586980.200 1975 COM2 64 0R0 178 4.0 9.4 65.9 0.9969 0.00 0.0M
587040.200 1975 COM2 64 0R0 197 3.7 9.4 65.0 0.9968 0.01 0.0M
587100.200 1975 COM2 64 0R0 193 3.4 9.4 66.6 0.9969 0.01 0.0M
587160.000 1975 COM2 64 0R0 234 2.4 9.3 66.2 0.9968 0.00 0.0M
587220.200 1975 COM2 64 0R0 153 1.8 9.3 66.3 0.9968 0.00 0.0M
587280.200 1975 COM2 64 0R0 226 3.4 9.4 67.5 0.9968 0.00 0.0M
587340.000 1975 COM2 64 0R0 160 3.1 9.4 68.6 0.9968 0.00 0.0M
587400.000 1975 COM2 64 0R0 201 3.5 9.4 67.7 0.9967 0.00 0.0M
587460.000 1975 COM2 64 0R0 204 2.5 9.3 67.7 0.9967 0.00 0.0M
587520.000 1975 COM2 64 0R0 187 4.4 9.3 67.3 0.9966 0.00 0.0M
587580.000 1975 COM2 64 0R0 180 4.8 9.3 65.5 0.9965 0.00 0.0M
587640.000 1975 COM2 64 0R0 198 3.5 9.4 65.8 0.9965 0.00 0.0M
587700.000 1975 COM2 64 0R0 169 2.7 9.4 66.4 0.9965 0.00 0.0M
587760.100 1975 COM2 64 0R0 181 3.4 9.4 65.0 0.9964 0.00 0.0M
587820.000 1975 COM2 64 0R0 174 3.1 9.4 66.7 0.9964 0.00 0.0M
587880.000 1975 COM2 64 0R0 165 4.2 9.4 65.5 0.9964 0.00 0.0M
587940.000 1975 COM2 64 0R0 175 4.3 9.4 65.3 0.9964 0.00 0.0M
588000.000 1975 COM2 64 0R0 176 3.8 9.4 66.3 0.9964 0.00 0.0M
588060.000 1975 COM2 64 0R0 137 1.9 9.4 65.4 0.9964 0.00 0.0M
588120.000 1975 COM2 64 0R0 178 3.6 9.4 64.2 0.9964 0.00 0.0M
588180.000 1975 COM2 64 0R0 210 3.2 9.4 64.6 0.9964 0.00 0.0M
588240.200 1975 COM2 64 0R0 165 3.9 9.4 65.4 0.9964 0.00 0.0M
588300.000 1975 COM2 64 0R0 112 1.4 9.4 66.4 0.9964 0.00 0.0M
588360.200 1975 COM2 64 0R0 141 1.4 9.4 67.2 0.9963 0.00 0.0M
588420.000 1975 COM2 64 0R0 174 3.2 9.5 66.0 0.9963 0.00 0.0M
588480.100 1975 COM2 64 0R0 165 4.2 9.5 64.5 0.9963 0.00 0.0M
588540.000 1975 COM2 64 0R0 206 4.4 9.5 65.6 0.9963 0.00 0.0M
588600.100 1975 COM2 64 0R0 157 2.9 9.5 63.3 0.9962 0.00 0.0M
588660.000 1975 COM2 64 0R0 163 3.0 9.5 64.4 0.9962 0.00 0.0M
588720.000 1975 COM2 64 0R0 164 2.7 9.5 64.4 0.9963 0.00 0.0M
588780.000 1975 COM2 64 0R0 182 3.3 9.5 65.1 0.9962 0.00 0.0M
588840.000 1975 COM2 64 0R0 156 3.4 9.6 63.5 0.9962 0.00 0.0M
588900.000 1975 COM2 64 0R0 171 2.8 9.6 64.2 0.9961 0.00 0.0M
588960.000 1975 COM2 64 0R0 163 3.7 9.6 63.7 0.9961 0.01 0.0M
589020.000 1975 COM2 64 0R0 112 1.9 9.6 63.7 0.9961 0.00 0.0M
589080.000 1975 COM2 64 0R0 129 2.2 9.6 62.5 0.9961 0.00 0.0M
589140.000 1975 COM2 64 0R0 163 2.5 9.6 64.1 0.9961 0.00 0.0M
589200.000 1975 COM2 64 0R0 138 1.6 9.6 65.4 0.9961 0.00 0.0M
589260.000 1975 COM2 64 0R0 163 3.5 9.6 62.9 0.9961 0.00 0.0M
589320.000 1975 COM2 64 0R0 185 3.7 9.6 63.8 0.9960 0.00 0.0M
589380.000 1975 COM2 64 0R0 147 0.8 9.6 63.0 0.9961 0.00 0.0M
589440.000 1975 COM2 64 0R0 163 2.9 9.6 63.6 0.9961 0.00 0.0M
589500.000 1975 COM2 64 0R0 198 3.9 9.6 65.0 0.9961 0.00 0.0M
589560.000 1975 COM2 64 0R0 131 1.1 9.6 63.3 0.9961 0.00 0.0M
589620.000 1975 COM2 64 0R0 232 1.1 9.7 64.3 0.9960 0.00 0.0M
589680.000 1975 COM2 64 0R0 149 2.7 9.7 63.1 0.9960 0.00 0.0M
589740.000 1975 COM2 64 0R0 209 2.6 9.7 63.0 0.9959 0.00 0.0M
589800.000 1975 COM2 64 0R0 163 4.2 9.7 64.9 0.9959 0.00 0.0M
589860.000 1975 COM2 64 0R0 165 3.8 9.7 63.5 0.9959 0.00 0.0M
589920.000 1975 COM2 64 0R0 142 1.1 9.7 63.0 0.9959 0.00 0.0M
589980.000 1975 COM2 64 0R0 164 3.8 9.7 62.2 0.9958 0.00 0.0M
590040.000 1975 COM2 64 0R0 194 4.0 9.7 62.4 0.9958 0.00 0.0M
590100.000 1975 COM2 64 0R0 158 3.0 9.7 63.4 0.9958 0.00 0.0M
590160.000 1975 COM2 64 0R0 171 2.9 9.7 63.2 0.9958 0.00 0.0M
590220.000 1975 COM2 64 0R0 205 2.9 9.8 62.7 0.9959 0.00 0.0M
590280.000 1975 COM2 64 0R0 188 2.4 9.8 62.6 0.9959 0.00 0.0M
590340.000 1975 COM2 64 0R0 164 2.4 9.8 61.2 0.9958 0.00 0.0M
590400.000 1975 COM2 64 0R0 161 3.6 9.8 61.2 0.9958 0.00 0.0M
590460.000 1975 COM2 64 0R0 179 4.3 9.9 61.8 0.9958 0.00 0.0M
590520.000 1975 COM2 64 0R0 180 3.9 9.9 60.1 0.9957 0.00 0.0M
590580.000 1975 COM2 64 0R0 165 3.0 9.9 60.3 0.9957 0.00 0.0M
590640.000 1975 COM2 64 0R0 156 3.2 9.9 60.7 0.9957 0.00 0.0M
590700.100 1975 COM2 64 0R0 210 3.1 9.9 61.4 0.9957 0.00 0.0M
590760.000 1975 COM2 64 0R0 182 4.3 9.9 60.4 0.9957 0.00 0.0M
590820.000 1975 COM2 64 0R0 163 3.4 9.9 59.9 0.9957 0.00 0.0M
590880.000 1975 COM2 64 0R0 172 3.2 9.9 58.9 0.9957 0.00 0.0M
590940.000 1975 COM2 64 0R0 194 2.2 9.9 60.7 0.9957 0.00 0.0M
591000.100 1975 COM2 64 0R0 171 2.8 9.9 60.3 0.9957 0.00 0.0M
591060.000 1975 COM2 65 0R0 179 3.1 10.0 59.2 0.9957 0.00 0.0M
591120.000 1975 COM2 65 0R0 192 2.3 10.0 59.7 0.9957 0.01 0.0M
591180.000 1975 COM2 65 0R0 196 2.7 10.0 60.5 0.9958 0.00 0.0M
591240.000 1975 COM2 64 0R0 165 2.1 9.9 59.9 0.9958 0.00 0.0M
591300.000 1975 COM2 64 0R0 170 4.2 9.9 59.7 0.9958 0.00 0.0M
591360.000 1975 COM2 64 0R0 157 3.0 9.9 61.1 0.9958 0.00 0.0M
591420.000 1975 COM2 64 0R0 200 4.6 9.9 60.8 0.9958 0.00 0.0M
591480.000 1975 COM2 65 0R0 163 5.1 10.0 59.7 0.9957 0.00 0.0M
591540.000 1975 COM2 65 0R0 118 1.1 10.0 58.5 0.9958 0.00 0.0M
591600.000 1975 COM2 65 0R0 177 2.6 10.0 59.9 0.9958 0.00 0.0M
591660.100 1975 COM2 65 0R0 199 3.0 10.0 59.6 0.9958 0.00 0.0M
591720.000 1975 COM2 64 0R0 183 3.0 9.9 59.4 0.9958 0.00 0.0M
591780.000 1975 COM2 64 0R0 184 3.2 9.9 60.4 0.9958 0.00 0.0M
591840.000 1975 COM2 64 0R0 142 1.8 9.9 60.0 0.9958 0.00 0.0M
591900.000 1975 COM2 64 0R0 169 1.9 9.9 61.1 0.9958 0.00 0.0M
591960.000 1975 COM2 64 0R0 184 3.1 9.9 62.1 0.9958 0.01 0.0M
592020.000 1975 COM2 64 0R0 185 2.4 9.9 60.2 0.9958 0.00 0.0M
592080.000 1975 COM2 64 0R0 184 0.6 9.9 62.5 0.9958 0.01 0.0M
592140.000 1975 COM2 64 0R0 192 2.6 9.9 62.1 0.9959 0.00 0.0M
592200.000 1975 COM2 64 0R0 192 2.9 9.8 62.1 0.9959 0.00 0.0M
592260.000 1975 COM2 64 0R0 163 2.4 9.8 61.2 0.9959 0.00 0.0M
592320.000 1975 COM2 64 0R0 201 2.3 9.8 62.2 0.9959 0.00 0.0M
592380.000 1975 COM2 64 0R0 161 2.2 9.8 62.3 0.9959 0.00 0.0M
592440.100 1975 COM2 64 0R0 193 2.3 9.7 62.0 0.9959 0.00 0.0M
592500.000 1975 COM2 64 0R0 200 2.7 9.7 61.4 0.9958 0.00 0.0M
592560.000 1975 COM2 64 0R0 139 0.9 9.7 61.1 0.9958 0.00 0.0M
592620.000 1975 COM2 64 0R0 147 1.6 9.7 62.3 0.9958 0.00 0.0M
592680.000 1975 COM2 64 0R0 178 2.7 9.7 62.6 0.9958 0.00 0.0M
592740.000 1975 COM2 64 0R0 174 2.2 9.7 62.3 0.9958 0.00 0.0M
592800.000 1975 COM2 64 0R0 192 2.9 9.7 61.5 0.9958 0.00 0.0M
592860.000 1975 COM2 64 0R0 162 3.2 9.7 61.4 0.9957 0.00 0.0M
592920.000 1975 COM2 64 0R0 164 2.0 9.7 62.4 0.9957 0.00 0.0M
592980.000 1975 COM2 64 0R0 166 2.7 9.7 61.5 0.9957 0.00 0.0M
593040.100 1975 COM2 64 0R0 174 2.2 9.7 61.4 0.9957 0.00 0.0M
593100.100 1975 COM2 64 0R0 168 2.0 9.7 61.6 0.9956 0.02 0.0M
593160.100 1975 COM2 64 0R0 134 1.6 9.7 62.6 0.9956 0.01 0.0M
593220.100 1975 COM2 64 0R0 175 1.9 9.7 63.8 0.9956 0.00 0.0M
593280.000 1975 COM2 64 0R0 149 1.7 9.7 63.7 0.9955 0.00 0.0M
593340.000 1975 COM2 64 0R0 120 0.8 9.7 64.2 0.9955 0.00 0.0M
593400.000 1975 COM2 64 0R0 127 0.6 9.7 63.8 0.9955 0.00 0.0M
593460.000 1975 COM2 64 0R0 168 2.8 9.6 64.9 0.9955 0.00 0.0M
593520.000 1975 COM2 64 0R0 169 1.4 9.6 63.8 0.9955 0.00 0.0M
593580.100 1975 COM2 64 0R0 177 2.5 9.5 63.8 0.9955 0.00 0.0M
593640.000 1975 COM2 64 0R0 167 2.4 9.5 63.7 0.9955 0.00 0.0M
593700.100 1975 COM2 64 0R0 159 1.4 9.5 63.8 0.9955 0.00 0.0M
593760.000 1975 COM2 64 0R0 172 1.9 9.5 64.1 0.9954 0.00 0.0M
593820.000 1975 COM2 64 0R0 173 2.1 9.5 64.3 0.9954 0.00 0.0M
593880.100 1975 COM2 64 0R0 166 2.5 9.5 64.6 0.9954 0.00 0.0M
593940.100 1975 COM2 64 0R0 177 1.8 9.5 64.7 0.9953 0.01 0.0M
594000.000 1975 COM2 64 0R0 160 2.0 9.5 65.2 0.9953 0.00 0.0M
594060.000 1975 COM2 64 0R0 154 0.3 9.5 65.9 0.9952 0.00 0.0M
594120.100 1975 COM2 64 0R0 134 0.4 9.5 66.2 0.9951 0.01 0.0M
594180.000 1975 COM2 64 0R0 108 1.1 9.5 66.4 0.9951 0.00 0.0M
594240.000 1975 COM2 64 0R0 137 0.9 9.5 65.5 0.9950 0.00 0.0M
594300.000 1975 COM2 64 0R0 122 1.2 9.5 66.7 0.9951 0.00 0.0M
594360.100 1975 COM2 64 0R0 148 2.0 9.5 65.6 0.9950 0.00 0.0M
594420.000 1975 COM2 64 0R0 146 2.0 9.4 65.4 0.9950 0.01 0.0M
594480.100 1975 COM2 64 0R0 132 1.7 9.4 65.7 0.9950 0.02 0.0M
594540.000 1975 COM2 64 0R0 139 1.8 9.4 65.6 0.9950 0.06 0.0M
594600.000 1975 COM2 64 0R0 138 0.5 9.3 66.3 0.9950 0.01 0.0M
594660.000 1975 COM2 64 0R0 177 0.4 9.3 67.1 0.9950 0.05 0.0M
594720.000 1975 COM2 64 0R0 184 0.8 9.3 67.6 0.9950 0.01 0.0M
594780.000 1975 COM2 64 0R0 125 0.2 9.4 66.2 0.9950 0.00 0.0M
594840.000 1975 COM2 64 0R0 203 0.4 9.4 69.0 0.9950 0.00 0.0M
594900.000 1975 COM2 64 0R0 138 0.5 9.4 68.0 0.9950 0.00 0.0M
594960.000 1975 COM2 64 0R0 185 1.5 9.4 68.1 0.9950 0.00 0.0M
595020.000 1975 COM2 64 0R0 175 1.9 9.4 65.4 0.9950 0.04 0.0M
595080.000 1975 COM2 64 0R0 192 1.2 9.4 64.8 0.9950 0.04 0.0M
595140.000 1975 COM2 64 0R0 184 1.2 9.3 69.0 0.9950 0.01 0.0M
595200.000 1975 COM2 64 0R0 179 1.5 9.3 67.0 0.9950 0.00 0.0M
595260.000 1975 COM2 64 0R0 130 0.4 9.3 66.8 0.9950 0.01 0.0M
595320.000 1975 COM2 64 0R0 225 0.9 9.3 69.0 0.9950 0.00 0.0M
595380.000 1975 COM2 64 0R0 217 0.9 9.3 68.8 0.9950 0.00 0.0M
595440.000 1975 COM2 64 0R0 227 0.8 9.2 69.6 0.9950 0.00 0.0M
595500.000 1975 COM2 64 0R0 264 0.4 9.2 69.7 0.9950 0.00 0.0M
595560.000 1975 COM2 64 0R0 229 1.2 9.2 68.7 0.9950 0.00 0.0M
595620.000 1975 COM2 64 0R0 193 1.3 9.1 67.3 0.9949 0.01 0.0M
595680.000 1975 COM2 64 0R0 203 1.0 9.1 66.1 0.9948 0.01 0.0M
595740.000 1975 COM2 64 0R0 207 1.3 9.1 65.7 0.9948 0.02 0.0M
595800.000 1975 COM2 64 0R0 150 0.9 9.1 67.8 0.9948 0.03 0.0M
595860.000 1975 COM2 64 0R0 173 0.4 9.2 70.9 0.9947 0.01 0.0M
595920.000 1975 COM2 64 0R0 231 0.7 9.2 71.7 0.9947 0.01 0.0M
595980.000 1975 COM2 64 0R0 226 0.9 9.2 67.9 0.9947 0.02 0.0M
596040.000 1975 COM2 64 0R0 206 0.9 9.2 68.5 0.9947 0.01 0.0M
596100.000 1975 COM2 64 0R0 230 1.1 9.2 69.2 0.9947 0.00 0.0M
596160.000 1975 COM2 64 0R0 228 1.0 9.1 69.6 0.9947 0.00 0.0M
596220.000 1975 COM2 64 0R0 206 0.8 9.1 69.1 0.9947 0.00 0.0M
596280.000 1975 COM2 64 0R0 230 1.0 9.1 70.1 0.9947 0.00 0.0M
596340.000 1975 COM2 64 0R0 230 1.3 9.1 70.5 0.9948 0.00 0.0M
596400.000 1975 COM2 64 0R0 277 0.7 9.1 70.6 0.9948 0.00 0.0M
596460.000 1975 COM2 64 0R0 250 0.7 9.0 71.0 0.9948 0.00 0.0M
596520.000 1975 COM2 64 0R0 228 0.9 9.0 72.5 0.9948 0.00 0.0M
596580.000 1975 COM2 64 0R0 235 0.9 9.0 72.4 0.9948 0.00 0.0M
596640.000 1975 COM2 64 0R0 221 0.9 9.0 72.2 0.9947 0.00 0.0M
596700.000 1975 COM2 64 0R0 274 0.4 9.0 70.4 0.9948 0.02 0.0M
596760.000 1975 COM2 64 0R0 254 1.0 8.9 71.7 0.9948 0.05 0.0M
596820.000 1975 COM2 64 0R0 271 0.6 8.9 70.9 0.9948 0.05 0.0M
596880.000 1975 COM2 64 0R0 275 0.6 8.9 72.9 0.9948 0.02 0.0M
596940.000 1975 COM2 64 0R0 251 0.7 8.9 71.0 0.9948 0.01 0.0M
597000.000 1975 COM2 64 0R0 258 1.5 8.9 71.9 0.9949 0.03 0.0M
597060.000 1975 COM2 64 0R0 256 1.3 8.9 71.9 0.9949 0.01 0.0M
597120.000 1975 COM2 64 0R0 287 1.4 8.8 72.8 0.9949 0.01 0.0M
597180.000 1975 COM2 64 0R0 257 1.0 8.8 71.4 0.9949 0.01 0.0M
597240.000 1975 COM2 64 0R0 298 0.3 8.8 72.8 0.9949 0.01 0.0M
597300.000 1975 COM2 64 0R0 275 0.7 8.7 73.2 0.9949 0.00 0.0M
597360.000 1975 COM2 64 0R0 268 0.5 8.7 73.5 0.9948 0.01 0.0M
597420.000 1975 COM2 64 0R0 261 0.7 8.7 73.6 0.9948 0.00 0.0M
597480.000 1975 COM2 64 0R0 251 0.9 8.7 72.7 0.9947 0.04 0.0M
597540.000 1975 COM2 64 0R0 244 0.8 8.7 73.4 0.9948 0.02 0.0M
597600.000 1975 COM2 64 0R0 237 0.8 8.6 73.3 0.9948 0.03 0.0M
597660.000 1975 COM2 64 0R0 285 0.7 8.6 73.5 0.9948 0.05 0.0M
597720.000 1975 COM2 64 0R0 247 1.2 8.6 74.0 0.9948 0.02 0.0M
597780.000 1975 COM2 64 0R0 270 0.9 8.6 74.6 0.9949 0.02 0.0M
597840.000 1975 COM2 64 0R0 233 0.7 8.6 75.6 0.9949 0.01 0.0M
597900.000 1975 COM2 64 0R0 228 0.9 8.6 75.9 0.9949 0.01 0.0M
597960.000 1975 COM2 64 0R0 262 0.3 8.6 76.5 0.9949 0.01 0.0M
598020.000 1975 COM2 64 0R0 258 0.7 8.6 76.8 0.9949 0.01 0.0M
598080.000 1975 COM2 64 0R0 241 0.6 8.5 76.8 0.9948 0.02 0.0M
598140.000 1975 COM2 64 0R0 273 0.6 8.5 76.9 0.9948 0.01 0.0M
598200.000 1975 COM2 64 0R0 227 0.6 8.5 76.7 0.9948 0.01 0.0M
598260.000 1975 COM2 64 0R0 217 0.5 8.4 76.7 0.9948 0.04 0.0M
598320.000 1975 COM2 64 0R0 276 0.2 8.4 75.4 0.9947 0.02 0.0M
598380.000 1975 COM2 64 0R0 236 0.8 8.4 75.8 0.9947 0.02 0.0M
598440.000 1975 COM2 64 0R0 170 1.2 8.4 77.8 0.9947 0.00 0.0M
598500.000 1975 COM2 64 0R0 169 1.0 8.5 77.4 0.9946 0.02 0.0M
598560.000 1975 COM2 64 0R0 152 0.4 8.5 75.0 0.9945 0.01 0.0M
598620.000 1975 COM2 64 0R0 119 0.5 8.5 78.0 0.9945 0.01 0.0M
598680.000 1975 COM2 64 0R0 145 0.5 8.6 78.3 0.9944 0.03 0.0M
598740.000 1975 COM2 64 0R0 118 0.9 8.6 76.8 0.9944 0.04 0.0M
598800.000 1975 COM2 64 0R0 149 1.0 8.6 76.0 0.9943 0.03 0.0M
598860.000 1975 COM2 64 0R0 139 1.1 8.6 76.4 0.9943 0.05 0.0M
598920.000 1975 COM2 64 0R0 144 1.9 8.6 74.8 0.9943 0.07 0.0M
598980.000 1975 COM2 64 0R0 160 1.3 8.6 75.2 0.9943 0.06 0.0M
599040.000 1975 COM2 64 0R0 179 0.7 8.6 76.6 0.9943 0.05 0.0M
599100.000 1975 COM2 64 0R0 185 0.4 8.6 77.2 0.9943 0.08 0.0M
599160.000 1975 COM2 64 0R0 071 0.2 8.6 80.1 0.9943 0.08 0.0M
599220.000 1975 COM2 64 0R0 170 0.6 8.6 79.7 0.9943 0.08 0.0M
599280.000 1975 COM2 64 0R0 164 1.1 8.6 79.7 0.9944 0.07 0.0M
599340.000 1975 COM2 64 0R0 152 0.9 8.5 77.5 0.9944 0.08 0.0M
599400.000 1975 COM2 64 0R0 227 0.8 8.5 77.2 0.9945 0.09 0.0M
599460.000 1975 COM2 64 0R0 261 0.8 8.4 75.1 0.9946 0.05 0.0M
599520.000 1975 COM2 64 0R0 275 0.4 8.4 77.6 0.9947 0.03 0.0M
599580.000 1975 COM2 64 0R0 278 0.7 8.4 79.5 0.9947 0.02 0.0M
599640.000 1975 COM2 64 0R0 241 1.2 8.4 80.1 0.9948 0.02 0.0M
599700.000 1975 COM2 64 0R0 251 0.7 8.3 78.8 0.9947 0.07 0.0M
599760.000 1975 COM2 64 0R0 272 0.7 8.3 79.9 0.9947 0.05 0.0M
599820.000 1975 COM2 64 0R0 234 0.4 8.3 79.4 0.9947 0.02 0.0M
599880.000 1975 COM2 64 0R0 228 0.8 8.2 79.2 0.9947 0.02 0.0M
599940.000 1975 COM2 64 0R0 247 0.8 8.2 78.9 0.9947 0.04 0.0M
600000.000 1975 COM2 64 0R0 273 0.7 8.2 78.7 0.9947 0.07 0.0M
600060.000 1975 COM2 64 0R0 091 0.6 8.2 79.3 0.9946 0.04 0.0M
600120.000 1975 COM2 64 0R0 198 0.3 8.2 80.5 0.9945 0.01 0.0M
600180.000 1975 COM2 64 0R0 261 0.4 8.2 81.2 0.9945 0.00 0.0M
600240.000 1975 COM2 64 0R0 262 1.0 8.2 81.0 0.9946 0.01 0.0M
600300.000 1975 COM2 64 0R0 276 0.9 8.2 78.2 0.9946 0.00 0.0M
600360.000 1975 COM2 64 0R0 292 0.4 8.2 79.4 0.9945 0.01 0.0M
600420.000 1975 COM2 64 0R0 288 0.3 8.2 77.9 0.9944 0.00 0.0M
600480.000 1975 COM2 64 0R0 219 0.2 8.2 78.1 0.9943 0.02 0.0M
600540.000 1975 COM2 64 0R0 321 0.3 8.2 79.1 0.9944 0.01 0.0M
600600.000 1975 COM2 64 0R0 345 0.2 8.2 79.9 0.9944 0.01 0.0M
600660.000 1975 COM2 64 0R0 140 2.0 8.2 79.1 0.9942 0.00 0.0M
600720.000 1975 COM2 64 0R0 133 2.3 8.3 76.3 0.9941 0.07 0.0M
600780.100 1975 COM2 64 0R0 143 1.6 8.3 77.1 0.9941 0.13 0.0M
600840.100 1975 COM2 64 0R0 115 0.9 8.4 78.1 0.9941 0.07 0.0M
600900.100 1975 COM2 64 0R0 113 1.0 8.4 77.8 0.9942 0.08 0.0M
600960.100 1975 COM2 64 0R0 165 1.2 8.5 76.6 0.9942 0.07 0.0M
601020.000 1975 COM2 64 0R0 214 0.8 8.5 77.0 0.9942 0.04 0.0M
601080.000 1975 COM2 64 0R0 160 0.4 8.5 76.4 0.9942 0.02 0.0M
601140.000 1975 COM2 64 0R0 177 0.6 8.5 78.5 0.9942 0.01 0.0M
601200.000 1975 COM2 64 0R0 131 1.1 8.5 78.8 0.9942 0.02 0.0M
601260.000 1975 COM2 64 0R0 140 1.1 8.5 76.7 0.9942 0.02 0.0M
601320.000 1975 COM2 64 0R0 119 0.7 8.5 79.5 0.9942 0.02 0.0M
601380.000 1975 COM2 64 0R0 146 1.1 8.6 77.7 0.9942 0.00 0.0M
601440.100 1975 COM2 64 0R0 134 1.5 8.6 78.2 0.9943 0.00 0.0M
601500.000 1975 COM2 64 0R0 147 1.6 8.6 78.4 0.9943 0.00 0.0M
601560.000 1975 COM2 64 0R0 145 2.4 8.6 78.1 0.9942 0.01 0.0M
601620.000 1975 COM2 64 0R0 146 2.6 8.5 77.1 0.9941 0.00 0.0M
601680.000 1975 COM2 64 0R0 127 1.4 8.5 77.2 0.9942 0.02 0.0M
601740.000 1975 COM2 64 0R0 129 2.5 8.5 78.6 0.9941 0.01 0.0M
601800.000 1975 COM2 64 0R0 137 2.1 8.5 77.8 0.9941 0.00 0.0M
601860.000 1975 COM2 64 0R0 115 1.3 8.4 79.7 0.9941 0.00 0.0M
601920.000 1975 COM2 64 0R0 142 2.1 8.4 81.8 0.9941 0.00 0.0M
601980.000 1975 COM2 64 0R0 139 2.0 8.3 82.4 0.9940 0.00 0.0M
602040.000 1975 COM2 64 0R0 138 1.9 8.2 83.3 0.9940 0.00 0.0M
602100.000 1975 COM2 64 0R0 117 0.9 8.1 83.6 0.9940 0.00 0.0M
602160.000 1975 COM2 64 0R0 153 4.7 8.1 83.1 0.9940 0.00 0.0M
602220.000 1975 COM2 64 0R0 156 3.2 8.1 79.9 0.9941 0.00 0.0M
602280.000 1975 COM2 64 0R0 157 2.7 8.1 80.3 0.9941 0.00 0.0M
602340.000 1975 COM2 64 0R0 182 2.6 8.1 81.0 0.9942 0.00 0.0M
602400.000 1975 COM2 64 0R0 191 2.0 8.1 81.4 0.9943 0.00 0.0M
602460.000 1975 COM2 64 0R0 183 2.1 8.1 82.2 0.9943 0.00 0.0M
602520.000 1975 COM2 64 0R0 196 1.8 8.1 82.1 0.9944 0.00 0.0M
602580.000 1975 COM2 64 0R0 158 1.5 8.1 82.6 0.9943 0.00 0.0M
602640.000 1975 COM2 64 0R0 157 2.4 8.1 81.7 0.9943 0.00 0.0M
602700.000 1975 COM2 64 0R0 157 2.5 8.1 81.5 0.9942 0.00 0.0M
602760.000 1975 COM2 64 0R0 125 1.8 8.1 81.9 0.9942 0.00 0.0M
602820.000 1975 COM2 64 0R0 146 1.5 8.1 81.6 0.9942 0.00 0.0M
602880.000 1975 COM2 64 0R0 168 2.4 8.1 81.9 0.9942 0.00 0.0M
602940.000 1975 COM2 64 0R0 161 2.7 8.1 82.0 0.9941 0.00 0.0M
603000.000 1975 COM2 64 0R0 142 2.2 8.2 81.6 0.9941 0.00 0.0M
603060.000 1975 COM2 64 0R0 117 0.6 8.2 82.3 0.9941 0.00 0.0M
603120.000 1975 COM2 64 0R0 132 1.7 8.2 83.0 0.9941 0.00 0.0M
603180.000 1975 COM2 64 0R0 139 1.4 8.2 82.5 0.9940 0.00 0.0M
603240.000 1975 COM2 64 0R0 148 1.1 8.2 81.8 0.9940 0.00 0.0M
603300.000 1975 COM2 64 0R0 171 2.6 8.2 82.4 0.9940 0.00 0.0M
603360.000 1975 COM2 64 0R0 121 1.9 8.2 82.9 0.9940 0.00 0.0M
603420.000 1975 COM2 64 0R0 146 2.1 8.2 83.1 0.9939 0.00 0.0M
603480.000 1975 COM2 64 0R0 181 0.7 8.2 83.0 0.9940 0.00 0.0M
603540.000 1975 COM2 64 0R0 197 0.8 8.2 82.6 0.9939 0.00 0.0M
603600.000 1975 COM2 64 0R0 154 2.4 8.2 82.8 0.9939 0.00 0.0M
603660.000 1975 COM2 64 0R0 188 2.8 8.2 82.0 0.9939 0.00 0.0M
603720.000 1975 COM2 64 0R0 156 2.3 8.2 81.8 0.9940 0.00 0.0M
603780.000 1975 COM2 64 0R0 190 3.3 8.2 82.0 0.9939 0.00 0.0M
603840.000 1975 COM2 64 0R0 156 2.2 8.2 82.1 0.9939 0.00 0.0M
603900.000 1975 COM2 64 0R0 200 3.2 8.2 83.1 0.9939 0.00 0.0M
603960.000 1975 COM2 64 0R0 185 2.9 8.2 82.7 0.9939 0.00 0.0M
604020.000 1975 COM2 64 0R0 190 3.6 8.2 82.0 0.9938 0.00 0.0M
604080.000 1975 COM2 64 0R0 150 3.5 8.2 82.0 0.9938 0.00 0.0M
604140.000 1975 COM2 64 0R0 172 3.9 8.3 82.3 0.9937 0.00 0.0M
604200.000 1975 COM2 64 0R0 157 3.6 8.3 81.8 0.9936 0.00 0.0M
604260.000 1975 COM2 64 0R0 154 3.7 8.3 81.9 0.9936 0.00 0.0M
604320.000 1975 COM2 64 0R0 174 3.2 8.3 82.1 0.9936 0.00 0.0M
604380.000 1975 COM2 64 0R0 156 3.1 8.2 82.0 0.9935 0.00 0.0M
604440.000 1975 COM2 64 0R0 167 4.5 8.3 82.4 0.9935 0.00 0.0M
604500.000 1975 COM2 64 0R0 163 2.5 8.3 82.5 0.9934 0.00 0.0M
604560.000 1975 COM2 64 0R0 148 1.7 8.3 81.9 0.9934 0.00 0.0M
604620.000 1975 COM2 64 0R0 114 2.0 8.4 82.0 0.9934 0.00 0.0M
604680.000 1975 COM2 64 0R0 170 3.8 8.4 81.4 0.9933 0.00 0.0M
604740.000 1975 COM2 64 0R0 169 3.8 8.4 81.7 0.9933 0.00 0.0M
