TO [s] WNc [w] C StringLn ASCIIString
---------------------------------------
345600.000 1960 COM2 65 0R0 053 0.7 20.5 89.5 1.0093 0.00 0.0M
345660.000 1960 COM2 65 0R0 064 1.0 20.5 89.6 1.0093 0.00 0.0M
345720.000 1960 COM2 65 0R0 067 0.4 20.5 89.7 1.0093 0.00 0.0M
345780.000 1960 COM2 65 0R0 053 0.2 20.5 89.6 1.0093 0.00 0.0M
345840.000 1960 COM2 65 0R0 057 0.3 20.5 89.7 1.0092 0.00 0.0M
345900.000 1960 COM2 65 0R0 028 1.2 20.5 89.7 1.0092 0.00 0.0M
345960.000 1960 COM2 65 0R0 018 0.9 20.5 89.7 1.0092 0.00 0.0M
346020.000 1960 COM2 65 0R0 032 1.1 20.5 89.7 1.0093 0.00 0.0M
346080.100 1960 COM2 65 0R0 086 0.3 20.5 89.8 1.0093 0.00 0.0M
346140.000 1960 COM2 65 0R0 169 0.4 20.5 89.8 1.0093 0.00 0.0M
346200.000 1960 COM2 65 0R0 013 0.4 20.5 89.9 1.0094 0.00 0.0M
346260.000 1960 COM2 65 0R0 006 0.3 20.5 89.8 1.0094 0.00 0.0M
346320.000 1960 COM2 65 0R0 115 0.2 20.5 89.7 1.0094 0.00 0.0M
346380.000 1960 COM2 65 0R0 014 0.2 20.5 89.8 1.0094 0.00 0.0M
346440.000 1960 COM2 65 0R0 013 0.4 20.5 89.7 1.0094 0.00 0.0M
346500.000 1960 COM2 65 0R0 302 0.1 20.5 89.7 1.0094 0.00 0.0M
346560.000 1960 COM2 65 0R0 225 0.2 20.5 89.7 1.0094 0.00 0.0M
346620.000 1960 COM2 65 0R0 333 0.1 20.5 89.6 1.0094 0.00 0.0M
346680.000 1960 COM2 65 0R0 103 0.1 20.5 89.5 1.0094 0.00 0.0M
346740.000 1960 COM2 65 0R0 127 0.1 20.5 89.4 1.0094 0.00 0.0M
346800.000 1960 COM2 65 0R0 036 0.3 20.5 89.5 1.0094 0.00 0.0M
346860.000 1960 COM2 65 0R0 340 0.1 20.5 89.5 1.0094 0.00 0.0M
346920.000 1960 COM2 65 0R0 052 0.4 20.5 89.3 1.0094 0.00 0.0M
346980.000 1960 COM2 65 0R0 124 0.2 20.5 89.5 1.0094 0.00 0.0M
347040.000 1960 COM2 65 0R0 089 0.4 20.5 89.5 1.0094 0.00 0.0M
347100.000 1960 COM2 65 0R0 087 1.0 20.5 88.9 1.0095 0.00 0.0M
347160.000 1960 COM2 65 0R0 090 0.6 20.6 88.9 1.0095 0.00 0.0M
347220.000 1960 COM2 65 0R0 083 1.0 20.6 88.8 1.0095 0.00 0.0M
347280.000 1960 COM2 65 0R0 052 1.2 20.7 89.0 1.0096 0.00 0.0M
347340.000 1960 COM2 65 0R0 006 0.9 20.7 89.0 1.0096 0.00 0.0M
347400.000 1960 COM2 65 0R0 039 0.6 20.7 89.1 1.0096 0.00 0.0M
347460.000 1960 COM2 65 0R0 154 0.3 20.6 89.3 1.0096 0.00 0.0M
347520.000 1960 COM2 65 0R0 031 0.5 20.6 89.5 1.0096 0.00 0.0M
347580.000 1960 COM2 65 0R0 005 0.7 20.6 89.5 1.0096 0.00 0.0M
347640.000 1960 COM2 65 0R0 097 0.4 20.5 89.7 1.0096 0.00 0.0M
347700.000 1960 COM2 65 0R0 045 0.7 20.5 89.7 1.0097 0.00 0.0M
347760.000 1960 COM2 65 0R0 053 0.3 20.4 89.9 1.0097 0.00 0.0M
347820.000 1960 COM2 65 0R0 043 0.8 20.4 89.9 1.0097 0.00 0.0M
347880.000 1960 COM2 65 0R0 039 0.9 20.4 90.1 1.0097 0.00 0.0M
347940.000 1960 COM2 65 0R0 046 0.4 20.4 90.2 1.0097 0.00 0.0M
348000.000 1960 COM2 65 0R0 015 1.1 20.4 90.3 1.0097 0.00 0.0M
348060.000 1960 COM2 65 0R0 358 1.0 20.4 90.4 1.0097 0.00 0.0M
348120.000 1960 COM2 65 0R0 002 1.4 20.4 90.6 1.0097 0.00 0.0M
348180.000 1960 COM2 65 0R0 017 1.0 20.3 90.8 1.0097 0.00 0.0M
348240.000 1960 COM2 65 0R0 027 0.3 20.3 90.9 1.0097 0.00 0.0M
348300.000 1960 COM2 65 0R0 048 1.4 20.3 90.9 1.0098 0.00 0.0M
348360.000 1960 COM2 65 0R0 034 1.1 20.3 90.9 1.0098 0.00 0.0M
348420.000 1960 COM2 65 0R0 020 1.0 20.3 91.0 1.0098 0.00 0.0M
348480.000 1960 COM2 65 0R0 013 0.6 20.3 91.1 1.0098 0.00 0.0M
348540.000 1960 COM2 65 0R0 010 1.9 20.2 91.1 1.0098 0.00 0.0M
348600.000 1960 COM2 65 0R0 015 1.4 20.2 91.2 1.0098 0.00 0.0M
348660.000 1960 COM2 65 0R0 033 1.7 20.2 91.3 1.0098 0.00 0.0M
348720.000 1960 COM2 65 0R0 038 0.3 20.2 91.4 1.0098 0.00 0.0M
348780.000 1960 COM2 65 0R0 047 1.8 20.2 91.5 1.0098 0.00 0.0M
348840.000 1960 COM2 65 0R0 003 0.4 20.2 91.6 1.0098 0.00 0.0M
348900.000 1960 COM2 65 0R0 016 0.4 20.2 91.7 1.0099 0.00 0.0M
348960.000 1960 COM2 65 0R0 044 1.1 20.2 91.7 1.0099 0.00 0.0M
349020.000 1960 COM2 65 0R0 025 1.1 20.2 91.7 1.0099 0.00 0.0M
349080.000 1960 COM2 65 0R0 033 1.5 20.1 91.7 1.0099 0.00 0.0M
349140.000 1960 COM2 65 0R0 033 0.6 20.1 91.8 1.0099 0.00 0.0M
349200.000 1960 COM2 65 0R0 021 2.5 20.1 91.8 1.0099 0.00 0.0M
349260.000 1960 COM2 65 0R0 015 1.7 20.1 91.7 1.0099 0.00 0.0M
349320.000 1960 COM2 65 0R0 026 1.3 20.1 91.8 1.0099 0.00 0.0M
349380.000 1960 COM2 65 0R0 051 0.5 20.1 91.8 1.0099 0.00 0.0M
349440.000 1960 COM2 65 0R0 039 1.8 20.1 91.9 1.0099 0.00 0.0M
349500.000 1960 COM2 65 0R0 032 1.6 20.1 91.8 1.0099 0.00 0.0M
349560.000 1960 COM2 65 0R0 042 1.9 20.1 91.8 1.0099 0.00 0.0M
349620.000 1960 COM2 65 0R0 014 0.2 20.1 91.8 1.0099 0.00 0.0M
349680.000 1960 COM2 65 0R0 329 0.5 20.1 91.8 1.0099 0.00 0.0M
349740.000 1960 COM2 65 0R0 082 0.4 20.1 91.7 1.0099 0.00 0.0M
349800.000 1960 COM2 65 0R0 040 1.5 20.1 91.7 1.0099 0.00 0.0M
349860.000 1960 COM2 65 0R0 059 0.8 20.1 91.5 1.0100 0.00 0.0M
349920.000 1960 COM2 65 0R0 031 1.9 20.1 91.5 1.0100 0.00 0.0M
349980.000 1960 COM2 65 0R0 016 1.6 20.1 91.4 1.0100 0.00 0.0M
350040.000 1960 COM2 65 0R0 029 0.9 20.1 91.4 1.0100 0.00 0.0M
350100.000 1960 COM2 65 0R0 034 1.4 20.1 91.6 1.0100 0.00 0.0M
350160.000 1960 COM2 65 0R0 020 1.0 20.1 91.4 1.0100 0.00 0.0M
350220.000 1960 COM2 65 0R0 013 1.4 20.1 91.2 1.0101 0.00 0.0M
350280.000 1960 COM2 65 0R0 033 1.1 20.1 91.2 1.0101 0.00 0.0M
350340.000 1960 COM2 65 0R0 020 0.9 20.1 91.1 1.0100 0.00 0.0M
350400.000 1960 COM2 65 0R0 048 0.5 20.1 91.1 1.0100 0.00 0.0M
350460.000 1960 COM2 65 0R0 053 0.7 20.1 91.3 1.0100 0.00 0.0M
350520.000 1960 COM2 65 0R0 041 1.2 20.1 91.3 1.0100 0.00 0.0M
350580.000 1960 COM2 65 0R0 023 0.3 20.1 91.3 1.0100 0.00 0.0M
350640.000 1960 COM2 65 0R0 053 1.2 20.1 91.1 1.0100 0.00 0.0M
350700.000 1960 COM2 65 0R0 358 0.6 20.1 91.2 1.0100 0.00 0.0M
350760.000 1960 COM2 65 0R0 060 0.8 20.0 91.2 1.0100 0.00 0.0M
350820.000 1960 COM2 65 0R0 038 2.5 20.0 91.3 1.0100 0.00 0.0M
350880.000 1960 COM2 65 0R0 058 0.2 20.0 91.3 1.0100 0.00 0.0M
350940.000 1960 COM2 65 0R0 041 1.8 20.0 91.4 1.0100 0.00 0.0M
351000.000 1960 COM2 65 0R0 006 1.1 20.0 91.4 1.0100 0.00 0.0M
351060.000 1960 COM2 65 0R0 062 1.0 20.0 91.5 1.0101 0.00 0.0M
351120.000 1960 COM2 65 0R0 029 2.0 20.0 91.6 1.0101 0.00 0.0M
351180.000 1960 COM2 65 0R0 034 1.5 20.0 91.6 1.0101 0.00 0.0M
351240.000 1960 COM2 65 0R0 356 0.1 20.0 91.6 1.0101 0.00 0.0M
351300.000 1960 COM2 65 0R0 062 0.8 20.0 91.7 1.0101 0.00 0.0M
351360.000 1960 COM2 65 0R0 070 0.6 20.0 91.7 1.0102 0.00 0.0M
351420.000 1960 COM2 65 0R0 076 1.1 20.0 91.7 1.0102 0.00 0.0M
351480.000 1960 COM2 65 0R0 065 2.0 20.0 91.8 1.0102 0.00 0.0M
351540.000 1960 COM2 65 0R0 062 1.2 20.0 91.8 1.0102 0.00 0.0M
351600.000 1960 COM2 65 0R0 038 1.2 20.0 91.8 1.0102 0.00 0.0M
351660.000 1960 COM2 65 0R0 046 1.4 20.0 91.9 1.0102 0.00 0.0M
351720.000 1960 COM2 65 0R0 186 0.3 20.0 91.9 1.0102 0.00 0.0M
351780.000 1960 COM2 65 0R0 046 0.2 20.0 91.9 1.0103 0.00 0.0M
351840.000 1960 COM2 65 0R0 075 1.0 20.0 91.9 1.0103 0.00 0.0M
351900.000 1960 COM2 65 0R0 088 1.6 20.0 91.6 1.0103 0.00 0.0M
351960.000 1960 COM2 65 0R0 283 0.1 20.0 91.4 1.0103 0.00 0.0M
352020.000 1960 COM2 65 0R0 047 0.6 20.0 91.3 1.0103 0.00 0.0M
352080.000 1960 COM2 65 0R0 032 1.1 20.0 91.3 1.0103 0.00 0.0M
352140.000 1960 COM2 65 0R0 068 0.7 20.0 91.3 1.0103 0.00 0.0M
352200.000 1960 COM2 65 0R0 048 1.1 20.0 91.3 1.0103 0.00 0.0M
352260.000 1960 COM2 65 0R0 067 2.2 20.0 91.3 1.0103 0.00 0.0M
352320.000 1960 COM2 65 0R0 062 2.2 20.0 91.0 1.0103 0.00 0.0M
352380.000 1960 COM2 65 0R0 035 2.1 20.0 90.7 1.0103 0.00 0.0M
352440.000 1960 COM2 65 0R0 062 1.8 19.9 90.8 1.0103 0.00 0.0M
352500.000 1960 COM2 65 0R0 121 1.1 19.9 90.9 1.0103 0.00 0.0M
352560.000 1960 COM2 65 0R0 061 1.8 19.9 90.7 1.0103 0.00 0.0M
352620.000 1960 COM2 65 0R0 093 1.3 19.9 90.7 1.0103 0.00 0.0M
352680.000 1960 COM2 65 0R0 138 0.6 19.9 90.3 1.0103 0.00 0.0M
352740.000 1960 COM2 65 0R0 112 1.2 20.0 90.3 1.0103 0.00 0.0M
352800.000 1960 COM2 65 0R0 081 1.9 20.0 90.0 1.0103 0.00 0.0M
352860.000 1960 COM2 65 0R0 128 1.0 20.0 89.8 1.0103 0.00 0.0M
352920.000 1960 COM2 65 0R0 141 0.4 20.0 89.7 1.0104 0.00 0.0M
352980.000 1960 COM2 65 0R0 094 0.4 20.0 89.6 1.0104 0.00 0.0M
353040.000 1960 COM2 65 0R0 092 1.8 20.0 89.8 1.0105 0.00 0.0M
353100.000 1960 COM2 65 0R0 113 1.2 20.0 89.6 1.0105 0.00 0.0M
353160.000 1960 COM2 65 0R0 130 0.8 20.0 89.7 1.0106 0.00 0.0M
353220.000 1960 COM2 65 0R0 115 1.9 20.0 89.6 1.0106 0.00 0.0M
353280.000 1960 COM2 65 0R0 074 1.6 20.0 89.5 1.0106 0.00 0.0M
353340.000 1960 COM2 65 0R0 085 2.4 20.0 89.4 1.0106 0.00 0.0M
353400.000 1960 COM2 65 0R0 094 1.5 20.0 89.3 1.0106 0.00 0.0M
353460.000 1960 COM2 65 0R0 091 1.8 20.0 89.5 1.0106 0.00 0.0M
353520.000 1960 COM2 65 0R0 076 1.1 20.0 89.3 1.0106 0.00 0.0M
353580.000 1960 COM2 65 0R0 129 0.6 20.0 89.3 1.0106 0.00 0.0M
353640.000 1960 COM2 65 0R0 084 2.9 20.0 89.2 1.0106 0.00 0.0M
353700.000 1960 COM2 65 0R0 107 2.2 20.0 88.9 1.0106 0.00 0.0M
353760.000 1960 COM2 65 0R0 108 1.1 20.0 89.0 1.0106 0.00 0.0M
353820.000 1960 COM2 65 0R0 087 0.6 19.9 89.2 1.0106 0.00 0.0M
353880.000 1960 COM2 65 0R0 113 1.2 19.9 89.1 1.0106 0.00 0.0M
353940.000 1960 COM2 65 0R0 106 1.4 19.9 88.9 1.0106 0.00 0.0M
354000.000 1960 COM2 65 0R0 100 2.3 20.0 88.6 1.0106 0.00 0.0M
354060.000 1960 COM2 65 0R0 100 2.2 20.0 88.3 1.0106 0.00 0.0M
354120.000 1960 COM2 65 0R0 103 1.6 19.9 88.4 1.0106 0.00 0.0M
354180.000 1960 COM2 65 0R0 059 0.5 19.9 88.5 1.0106 0.00 0.0M
354240.000 1960 COM2 65 0R0 117 1.5 19.9 88.2 1.0106 0.00 0.0M
354300.000 1960 COM2 65 0R0 105 1.4 19.9 88.4 1.0106 0.00 0.0M
354360.000 1960 COM2 65 0R0 069 0.8 19.8 88.2 1.0106 0.00 0.0M
354420.000 1960 COM2 65 0R0 085 0.7 19.8 88.3 1.0106 0.00 0.0M
354480.000 1960 COM2 65 0R0 103 0.8 19.8 88.2 1.0106 0.00 0.0M
354540.000 1960 COM2 65 0R0 155 0.2 19.8 87.6 1.0107 0.00 0.0M
354600.000 1960 COM2 65 0R0 089 0.1 19.9 87.9 1.0107 0.00 0.0M
354660.000 1960 COM2 65 0R0 144 0.5 19.9 88.4 1.0107 0.00 0.0M
354720.000 1960 COM2 65 0R0 143 0.4 19.9 88.5 1.0107 0.00 0.0M
354780.000 1960 COM2 65 0R0 142 0.6 19.9 88.0 1.0107 0.00 0.0M
354840.000 1960 COM2 65 0R0 102 0.6 20.0 87.8 1.0107 0.00 0.0M
354900.000 1960 COM2 65 0R0 187 1.3 20.0 87.8 1.0108 0.00 0.0M
354960.000 1960 COM2 65 0R0 185 1.5 20.0 88.1 1.0108 0.00 0.0M
355020.000 1960 COM2 65 0R0 169 0.9 20.0 88.1 1.0108 0.00 0.0M
355080.000 1960 COM2 65 0R0 174 1.2 19.9 87.7 1.0107 0.00 0.0M
355140.000 1960 COM2 65 0R0 159 1.8 19.9 88.0 1.0108 0.00 0.0M
355200.000 1960 COM2 65 0R0 154 0.7 19.9 87.9 1.0108 0.00 0.0M
355260.000 1960 COM2 65 0R0 139 1.3 19.9 88.4 1.0108 0.00 0.0M
355320.000 1960 COM2 65 0R0 147 1.1 19.9 88.1 1.0107 0.00 0.0M
355380.000 1960 COM2 65 0R0 170 0.8 19.8 88.1 1.0108 0.00 0.0M
355440.000 1960 COM2 65 0R0 164 0.5 19.8 88.2 1.0108 0.00 0.0M
355500.000 1960 COM2 65 0R0 162 1.2 19.8 88.1 1.0108 0.00 0.0M
355560.100 1960 COM2 65 0R0 246 0.2 19.8 87.7 1.0108 0.00 0.0M
355620.000 1960 COM2 65 0R0 156 0.9 19.8 87.9 1.0108 0.00 0.0M
355680.000 1960 COM2 65 0R0 132 0.5 19.8 87.7 1.0108 0.00 0.0M
355740.000 1960 COM2 65 0R0 179 0.4 19.8 87.4 1.0108 0.00 0.0M
355800.000 1960 COM2 65 0R0 197 0.9 19.9 87.6 1.0108 0.00 0.0M
355860.000 1960 COM2 65 0R0 185 1.2 19.9 87.0 1.0109 0.00 0.0M
355920.000 1960 COM2 65 0R0 175 1.1 19.9 87.5 1.0109 0.00 0.0M
355980.000 1960 COM2 65 0R0 126 0.5 19.9 87.0 1.0109 0.00 0.0M
356040.000 1960 COM2 65 0R0 181 1.7 19.9 86.7 1.0109 0.00 0.0M
356100.000 1960 COM2 65 0R0 197 1.7 19.9 86.3 1.0109 0.00 0.0M
356160.000 1960 COM2 65 0R0 207 1.5 19.9 86.6 1.0109 0.00 0.0M
356220.000 1960 COM2 65 0R0 215 1.2 19.9 86.5 1.0109 0.00 0.0M
356280.000 1960 COM2 65 0R0 247 0.5 20.0 86.5 1.0109 0.00 0.0M
356340.100 1960 COM2 65 0R0 023 0.2 20.0 86.5 1.0109 0.00 0.0M
356400.000 1960 COM2 65 0R0 009 0.2 20.0 86.3 1.0109 0.00 0.0M
356460.000 1960 COM2 65 0R0 253 0.3 20.0 85.9 1.0109 0.00 0.0M
356520.000 1960 COM2 65 0R0 119 0.6 20.0 85.2 1.0109 0.00 0.0M
356580.100 1960 COM2 65 0R0 147 0.6 20.1 84.8 1.0108 0.00 0.0M
356640.000 1960 COM2 65 0R0 112 0.8 20.1 84.5 1.0108 0.00 0.0M
356700.000 1960 COM2 65 0R0 130 0.8 20.1 84.7 1.0108 0.00 0.0M
356760.000 1960 COM2 65 0R0 337 0.2 20.1 84.7 1.0108 0.00 0.0M
356820.000 1960 COM2 65 0R0 152 0.1 20.1 84.5 1.0108 0.00 0.0M
356880.000 1960 COM2 65 0R0 175 0.4 20.1 85.0 1.0108 0.00 0.0M
356940.000 1960 COM2 65 0R0 109 0.4 20.1 84.8 1.0108 0.00 0.0M
357000.000 1960 COM2 65 0R0 182 0.4 20.2 84.6 1.0108 0.00 0.0M
357060.000 1960 COM2 65 0R0 331 0.2 20.2 85.1 1.0108 0.00 0.0M
357120.000 1960 COM2 65 0R0 169 0.3 20.2 85.3 1.0108 0.00 0.0M
357180.000 1960 COM2 65 0R0 218 0.2 20.2 85.2 1.0109 0.00 0.0M
357240.000 1960 COM2 65 0R0 266 0.1 20.2 85.4 1.0109 0.00 0.0M
357300.000 1960 COM2 65 0R0 322 0.1 20.2 85.3 1.0109 0.00 0.0M
357360.000 1960 COM2 65 0R0 341 0.1 20.2 85.5 1.0109 0.00 0.0M
357420.000 1960 COM2 65 0R0 017 0.1 20.1 85.9 1.0109 0.00 0.0M
357480.000 1960 COM2 65 0R0 096 0.1 20.1 86.5 1.0109 0.00 0.0M
357540.000 1960 COM2 65 0R0 351 0.1 20.1 86.0 1.0109 0.00 0.0M
357600.000 1960 COM2 65 0R0 166 0.4 20.1 85.8 1.0109 0.00 0.0M
357660.000 1960 COM2 65 0R0 069 0.3 20.1 85.4 1.0110 0.00 0.0M
357720.000 1960 COM2 65 0R0 093 0.8 20.0 85.4 1.0110 0.00 0.0M
357780.000 1960 COM2 65 0R0 077 0.2 20.1 85.0 1.0109 0.00 0.0M
357840.000 1960 COM2 65 0R0 137 0.6 20.1 85.1 1.0109 0.00 0.0M
357900.000 1960 COM2 65 0R0 037 0.2 20.1 85.0 1.0109 0.00 0.0M
357960.000 1960 COM2 65 0R0 035 0.2 20.1 85.4 1.0109 0.00 0.0M
358020.000 1960 COM2 65 0R0 095 0.6 20.1 85.6 1.0109 0.00 0.0M
358080.000 1960 COM2 65 0R0 288 0.6 20.1 85.3 1.0109 0.00 0.0M
358140.000 1960 COM2 65 0R0 024 0.6 20.1 85.4 1.0109 0.00 0.0M
358200.000 1960 COM2 65 0R0 008 0.1 20.1 86.3 1.0109 0.00 0.0M
358260.000 1960 COM2 65 0R0 164 0.1 20.0 86.5 1.0109 0.00 0.0M
358320.000 1960 COM2 65 0R0 069 0.5 20.0 86.7 1.0109 0.00 0.0M
358380.000 1960 COM2 65 0R0 012 0.7 20.0 86.8 1.0109 0.00 0.0M
358440.100 1960 COM2 65 0R0 025 0.5 20.0 87.2 1.0109 0.00 0.0M
358500.000 1960 COM2 65 0R0 101 0.1 20.0 87.4 1.0109 0.00 0.0M
358560.000 1960 COM2 65 0R0 149 0.3 19.9 87.6 1.0109 0.00 0.0M
358620.000 1960 COM2 65 0R0 047 0.4 19.9 87.8 1.0109 0.00 0.0M
358680.000 1960 COM2 65 0R0 009 0.5 19.9 87.8 1.0109 0.00 0.0M
358740.000 1960 COM2 65 0R0 148 0.1 19.8 87.7 1.0109 0.00 0.0M
358800.000 1960 COM2 65 0R0 233 0.1 19.8 87.8 1.0110 0.00 0.0M
358860.000 1960 COM2 65 0R0 075 0.4 19.8 87.8 1.0110 0.00 0.0M
358920.000 1960 COM2 65 0R0 141 0.2 19.8 87.9 1.0109 0.00 0.0M
358980.000 1960 COM2 65 0R0 095 0.2 19.9 87.5 1.0109 0.00 0.0M
359040.000 1960 COM2 65 0R0 091 0.6 19.9 87.3 1.0109 0.00 0.0M
359100.000 1960 COM2 65 0R0 115 0.5 19.9 87.2 1.0109 0.00 0.0M
359160.000 1960 COM2 65 0R0 077 0.8 20.0 87.2 1.0108 0.00 0.0M
359220.000 1960 COM2 65 0R0 152 0.2 20.0 86.9 1.0108 0.00 0.0M
359280.000 1960 COM2 65 0R0 084 0.6 20.0 86.9 1.0108 0.00 0.0M
359340.000 1960 COM2 65 0R0 126 0.3 20.0 86.8 1.0108 0.00 0.0M
359400.000 1960 COM2 65 0R0 038 0.4 20.0 86.8 1.0108 0.00 0.0M
359460.000 1960 COM2 65 0R0 020 0.7 20.0 86.8 1.0108 0.00 0.0M
359520.000 1960 COM2 65 0R0 083 0.3 20.0 87.0 1.0108 0.00 0.0M
359580.200 1960 COM2 65 0R0 074 0.2 19.9 87.2 1.0108 0.00 0.0M
359640.000 1960 COM2 65 0R0 041 0.8 19.9 87.1 1.0108 0.00 0.0M
359700.000 1960 COM2 65 0R0 070 0.2 19.9 87.0 1.0108 0.00 0.0M
359760.000 1960 COM2 65 0R0 045 1.1 19.9 87.1 1.0108 0.00 0.0M
359820.000 1960 COM2 65 0R0 132 0.2 19.9 87.2 1.0108 0.00 0.0M
359880.000 1960 COM2 65 0R0 019 0.3 19.9 87.4 1.0108 0.00 0.0M
359940.000 1960 COM2 65 0R0 099 0.4 19.9 87.4 1.0108 0.00 0.0M
360000.000 1960 COM2 65 0R0 326 0.2 19.9 87.3 1.0108 0.00 0.0M
360060.000 1960 COM2 65 0R0 318 0.2 19.9 87.3 1.0108 0.00 0.0M
360120.000 1960 COM2 65 0R0 151 0.4 19.9 87.1 1.0108 0.00 0.0M
360180.000 1960 COM2 65 0R0 074 0.1 19.9 87.0 1.0108 0.00 0.0M
360240.000 1960 COM2 65 0R0 062 0.6 19.9 87.0 1.0108 0.00 0.0M
360300.000 1960 COM2 65 0R0 053 0.7 19.9 87.0 1.0108 0.00 0.0M
360360.000 1960 COM2 65 0R0 066 0.9 19.9 87.0 1.0108 0.00 0.0M
360420.000 1960 COM2 65 0R0 062 0.7 19.9 87.0 1.0108 0.00 0.0M
360480.000 1960 COM2 65 0R0 036 1.1 19.9 87.2 1.0108 0.00 0.0M
360540.000 1960 COM2 65 0R0 024 0.3 19.8 87.3 1.0108 0.00 0.0M
360600.000 1960 COM2 65 0R0 359 0.2 19.8 87.6 1.0107 0.00 0.0M
360660.000 1960 COM2 65 0R0 077 1.2 19.8 87.5 1.0107 0.00 0.0M
360720.000 1960 COM2 65 0R0 079 0.9 19.8 87.5 1.0107 0.00 0.0M
360780.000 1960 COM2 65 0R0 070 0.9 19.8 87.4 1.0107 0.00 0.0M
360840.000 1960 COM2 65 0R0 064 0.2 19.8 87.2 1.0107 0.00 0.0M
360900.000 1960 COM2 65 0R0 040 0.9 19.8 87.4 1.0107 0.00 0.0M
360960.000 1960 COM2 65 0R0 099 0.5 19.8 87.4 1.0107 0.00 0.0M
361020.000 1960 COM2 65 0R0 031 0.7 19.8 87.2 1.0107 0.00 0.0M
361080.000 1960 COM2 65 0R0 210 0.3 19.8 87.4 1.0107 0.00 0.0M
361140.000 1960 COM2 65 0R0 058 0.2 19.8 87.3 1.0107 0.00 0.0M
361200.000 1960 COM2 65 0R0 075 0.7 19.8 87.4 1.0107 0.00 0.0M
361260.000 1960 COM2 65 0R0 171 0.2 19.8 87.4 1.0107 0.00 0.0M
361320.000 1960 COM2 65 0R0 121 0.3 19.8 87.4 1.0107 0.00 0.0M
361380.000 1960 COM2 65 0R0 117 0.4 19.8 87.5 1.0107 0.00 0.0M
361440.000 1960 COM2 65 0R0 020 0.1 19.8 87.3 1.0107 0.00 0.0M
361500.000 1960 COM2 65 0R0 074 0.5 19.9 87.0 1.0106 0.00 0.0M
361560.000 1960 COM2 65 0R0 128 0.5 19.9 86.7 1.0106 0.00 0.0M
361620.000 1960 COM2 65 0R0 143 0.7 19.9 86.5 1.0106 0.00 0.0M
361680.000 1960 COM2 65 0R0 113 0.4 19.9 86.0 1.0106 0.00 0.0M
361740.000 1960 COM2 65 0R0 124 0.9 19.9 86.0 1.0106 0.00 0.0M
361800.000 1960 COM2 65 0R0 124 0.3 19.9 86.0 1.0106 0.00 0.0M
361860.000 1960 COM2 65 0R0 167 0.2 19.9 86.2 1.0106 0.00 0.0M
361920.000 1960 COM2 65 0R0 204 0.3 19.9 85.7 1.0106 0.00 0.0M
361980.000 1960 COM2 65 0R0 124 0.6 20.0 86.0 1.0106 0.00 0.0M
362040.000 1960 COM2 65 0R0 119 1.0 20.0 86.0 1.0106 0.00 0.0M
362100.000 1960 COM2 65 0R0 148 0.7 20.0 85.5 1.0105 0.00 0.0M
362160.000 1960 COM2 65 0R0 111 0.4 20.0 85.3 1.0105 0.00 0.0M
362220.000 1960 COM2 65 0R0 122 0.7 20.0 85.8 1.0105 0.00 0.0M
362280.000 1960 COM2 65 0R0 326 0.1 20.0 85.7 1.0105 0.00 0.0M
362340.000 1960 COM2 65 0R0 035 0.7 20.0 85.7 1.0105 0.00 0.0M
362400.000 1960 COM2 65 0R0 022 0.5 20.0 86.7 1.0105 0.00 0.0M
362460.000 1960 COM2 65 0R0 002 0.6 20.0 87.0 1.0105 0.00 0.0M
362520.000 1960 COM2 65 0R0 035 0.8 19.9 87.3 1.0105 0.00 0.0M
362580.000 1960 COM2 65 0R0 023 1.0 19.8 87.7 1.0105 0.00 0.0M
362640.000 1960 COM2 65 0R0 348 0.5 19.8 87.9 1.0105 0.00 0.0M
362700.000 1960 COM2 65 0R0 022 0.4 19.7 87.9 1.0105 0.00 0.0M
362760.000 1960 COM2 65 0R0 014 0.5 19.7 88.0 1.0105 0.00 0.0M
362820.000 1960 COM2 65 0R0 039 0.5 19.7 88.1 1.0105 0.00 0.0M
362880.000 1960 COM2 65 0R0 359 0.2 19.7 88.3 1.0105 0.00 0.0M
362940.000 1960 COM2 65 0R0 034 0.2 19.6 88.4 1.0105 0.00 0.0M
363000.000 1960 COM2 65 0R0 058 0.6 19.6 88.3 1.0105 0.00 0.0M
363060.000 1960 COM2 65 0R0 046 0.3 19.6 88.1 1.0104 0.00 0.0M
363120.000 1960 COM2 65 0R0 029 0.3 19.6 87.7 1.0104 0.00 0.0M
363180.000 1960 COM2 65 0R0 353 0.3 19.6 87.8 1.0104 0.00 0.0M
363240.000 1960 COM2 65 0R0 060 0.3 19.7 87.6 1.0104 0.00 0.0M
363300.000 1960 COM2 65 0R0 051 0.4 19.7 87.8 1.0104 0.00 0.0M
363360.000 1960 COM2 65 0R0 031 0.7 19.7 87.8 1.0104 0.00 0.0M
363420.000 1960 COM2 65 0R0 059 0.5 19.7 87.8 1.0104 0.00 0.0M
363480.000 1960 COM2 65 0R0 075 0.5 19.7 87.7 1.0104 0.00 0.0M
363540.000 1960 COM2 65 0R0 091 0.3 19.7 87.7 1.0104 0.00 0.0M
363600.000 1960 COM2 65 0R0 306 0.1 19.7 87.6 1.0104 0.00 0.0M
363660.000 1960 COM2 65 0R0 129 0.1 19.7 87.5 1.0104 0.00 0.0M
363720.000 1960 COM2 65 0R0 337 0.1 19.8 87.3 1.0104 0.00 0.0M
363780.000 1960 COM2 65 0R0 034 0.1 19.8 87.3 1.0104 0.00 0.0M
363840.000 1960 COM2 65 0R0 235 0.3 19.8 87.4 1.0104 0.00 0.0M
363900.000 1960 COM2 65 0R0 293 0.3 19.8 87.2 1.0104 0.00 0.0M
363960.000 1960 COM2 65 0R0 316 0.2 19.8 87.0 1.0104 0.00 0.0M
364020.000 1960 COM2 65 0R0 266 0.5 19.8 87.2 1.0104 0.00 0.0M
364080.000 1960 COM2 65 0R0 281 0.6 19.8 87.5 1.0104 0.00 0.0M
364140.000 1960 COM2 65 0R0 278 0.5 19.8 87.5 1.0104 0.00 0.0M
364200.000 1960 COM2 65 0R0 319 0.3 19.8 87.4 1.0104 0.00 0.0M
364260.000 1960 COM2 65 0R0 337 0.5 19.8 86.6 1.0104 0.00 0.0M
364320.000 1960 COM2 65 0R0 310 0.6 19.8 86.1 1.0104 0.00 0.0M
364380.000 1960 COM2 65 0R0 309 0.6 19.8 86.2 1.0104 0.00 0.0M
364440.000 1960 COM2 65 0R0 335 0.6 19.9 86.0 1.0104 0.00 0.0M
364500.000 1960 COM2 65 0R0 308 0.7 19.9 85.8 1.0104 0.00 0.0M
364560.000 1960 COM2 65 0R0 279 0.3 19.9 85.9 1.0104 0.00 0.0M
364620.000 1960 COM2 65 0R0 205 0.2 19.9 85.8 1.0104 0.00 0.0M
364680.000 1960 COM2 65 0R0 195 0.2 19.9 85.7 1.0104 0.00 0.0M
364740.000 1960 COM2 65 0R0 231 0.4 19.9 86.1 1.0104 0.00 0.0M
364800.000 1960 COM2 65 0R0 260 0.4 19.9 86.3 1.0104 0.00 0.0M
364860.000 1960 COM2 65 0R0 328 0.3 19.9 86.6 1.0104 0.00 0.0M
364920.000 1960 COM2 65 0R0 247 0.4 19.9 86.6 1.0104 0.00 0.0M
364980.000 1960 COM2 65 0R0 276 0.8 19.9 86.7 1.0104 0.00 0.0M
365040.000 1960 COM2 65 0R0 302 0.3 19.9 87.0 1.0104 0.00 0.0M
365100.000 1960 COM2 65 0R0 233 0.2 19.9 87.2 1.0104 0.00 0.0M
365160.000 1960 COM2 65 0R0 253 0.6 19.9 87.1 1.0104 0.00 0.0M
365220.000 1960 COM2 65 0R0 286 0.7 19.9 87.4 1.0104 0.00 0.0M
365280.000 1960 COM2 65 0R0 268 0.5 19.9 87.7 1.0104 0.00 0.0M
365340.000 1960 COM2 65 0R0 303 0.2 19.9 87.5 1.0104 0.00 0.0M
365400.000 1960 COM2 65 0R0 242 0.3 19.8 87.4 1.0104 0.00 0.0M
365460.000 1960 COM2 65 0R0 263 0.6 19.8 87.7 1.0104 0.00 0.0M
365520.000 1960 COM2 65 0R0 257 0.6 19.8 87.6 1.0104 0.00 0.0M
365580.000 1960 COM2 65 0R0 025 0.1 19.8 87.7 1.0104 0.00 0.0M
365640.000 1960 COM2 65 0R0 291 0.5 19.8 87.6 1.0104 0.00 0.0M
365700.000 1960 COM2 65 0R0 296 0.3 19.8 87.6 1.0104 0.00 0.0M
365760.000 1960 COM2 65 0R0 295 0.1 19.8 87.6 1.0105 0.00 0.0M
365820.000 1960 COM2 65 0R0 300 1.2 19.8 87.6 1.0105 0.00 0.0M
365880.000 1960 COM2 65 0R0 274 0.9 19.8 87.4 1.0105 0.00 0.0M
365940.000 1960 COM2 65 0R0 331 1.2 19.8 87.2 1.0105 0.00 0.0M
366000.000 1960 COM2 65 0R0 068 0.4 19.8 87.5 1.0105 0.00 0.0M
366060.000 1960 COM2 65 0R0 351 0.9 19.9 87.5 1.0104 0.00 0.0M
366120.000 1960 COM2 65 0R0 337 1.0 19.8 88.0 1.0104 0.00 0.0M
366180.000 1960 COM2 65 0R0 317 0.6 19.8 88.1 1.0104 0.00 0.0M
366240.000 1960 COM2 65 0R0 101 0.1 19.8 87.9 1.0104 0.00 0.0M
366300.000 1960 COM2 65 0R0 345 0.4 19.8 87.9 1.0104 0.00 0.0M
366360.000 1960 COM2 65 0R0 035 0.3 19.8 87.9 1.0103 0.00 0.0M
366420.000 1960 COM2 65 0R0 201 0.2 19.7 87.8 1.0103 0.00 0.0M
366480.000 1960 COM2 65 0R0 000 0.2 19.7 87.9 1.0103 0.00 0.0M
366540.000 1960 COM2 65 0R0 056 0.2 19.7 88.1 1.0103 0.00 0.0M
366600.000 1960 COM2 65 0R0 116 0.5 19.7 87.9 1.0103 0.00 0.0M
366660.000 1960 COM2 65 0R0 075 0.1 19.7 88.2 1.0103 0.00 0.0M
366720.000 1960 COM2 65 0R0 087 0.1 19.7 88.2 1.0102 0.00 0.0M
366780.000 1960 COM2 65 0R0 349 0.4 19.7 88.3 1.0102 0.00 0.0M
366840.000 1960 COM2 65 0R0 354 0.2 19.7 88.4 1.0102 0.00 0.0M
366900.000 1960 COM2 65 0R0 093 0.2 19.6 88.4 1.0101 0.00 0.0M
366960.000 1960 COM2 65 0R0 012 0.1 19.6 88.5 1.0101 0.00 0.0M
367020.000 1960 COM2 65 0R0 067 0.3 19.6 88.5 1.0101 0.00 0.0M
367080.000 1960 COM2 65 0R0 338 0.1 19.6 88.5 1.0101 0.00 0.0M
367140.000 1960 COM2 65 0R0 351 0.1 19.6 88.4 1.0101 0.00 0.0M
367200.000 1960 COM2 65 0R0 098 0.1 19.5 88.3 1.0101 0.00 0.0M
367260.000 1960 COM2 65 0R0 358 0.2 19.5 88.4 1.0101 0.00 0.0M
367320.000 1960 COM2 65 0R0 197 0.4 19.5 88.1 1.0101 0.00 0.0M
367380.000 1960 COM2 65 0R0 164 0.5 19.6 88.6 1.0101 0.00 0.0M
367440.000 1960 COM2 65 0R0 093 0.2 19.6 88.7 1.0101 0.00 0.0M
367500.000 1960 COM2 65 0R0 173 0.5 19.6 88.8 1.0101 0.00 0.0M
367560.000 1960 COM2 65 0R0 194 0.3 19.6 88.9 1.0101 0.00 0.0M
367620.000 1960 COM2 65 0R0 191 0.6 19.6 88.6 1.0101 0.00 0.0M
367680.000 1960 COM2 65 0R0 049 0.1 19.6 88.7 1.0101 0.00 0.0M
367740.000 1960 COM2 65 0R0 152 0.3 19.6 88.6 1.0101 0.00 0.0M
367800.000 1960 COM2 65 0R0 357 0.1 19.6 88.6 1.0100 0.00 0.0M
367860.000 1960 COM2 65 0R0 162 0.0 19.6 88.4 1.0100 0.00 0.0M
367920.000 1960 COM2 65 0R0 074 0.2 19.6 88.5 1.0100 0.00 0.0M
367980.000 1960 COM2 65 0R0 025 0.3 19.6 88.6 1.0100 0.00 0.0M
368040.000 1960 COM2 65 0R0 321 0.1 19.6 88.7 1.0100 0.00 0.0M
368100.000 1960 COM2 65 0R0 031 0.2 19.6 88.8 1.0100 0.00 0.0M
368160.000 1960 COM2 65 0R0 018 0.4 19.6 88.9 1.0100 0.00 0.0M
368220.000 1960 COM2 65 0R0 038 0.5 19.5 88.9 1.0100 0.00 0.0M
368280.000 1960 COM2 65 0R0 088 0.5 19.5 89.1 1.0100 0.00 0.0M
368340.000 1960 COM2 65 0R0 018 0.3 19.5 89.3 1.0100 0.00 0.0M
368400.000 1960 COM2 65 0R0 086 0.1 19.5 89.2 1.0100 0.00 0.0M
368460.000 1960 COM2 65 0R0 049 0.5 19.5 89.3 1.0100 0.00 0.0M
368520.000 1960 COM2 65 0R0 030 0.3 19.5 89.2 1.0100 0.00 0.0M
368580.000 1960 COM2 65 0R0 004 0.4 19.5 89.1 1.0100 0.00 0.0M
368640.000 1960 COM2 65 0R0 032 0.5 19.5 89.0 1.0100 0.00 0.0M
368700.000 1960 COM2 65 0R0 299 0.3 19.5 88.9 1.0100 0.00 0.0M
368760.000 1960 COM2 65 0R0 027 0.2 19.5 88.4 1.0101 0.00 0.0M
368820.000 1960 COM2 65 0R0 272 0.7 19.5 88.5 1.0101 0.00 0.0M
368880.000 1960 COM2 65 0R0 349 0.7 19.5 88.5 1.0101 0.00 0.0M
368940.000 1960 COM2 65 0R0 330 1.0 19.5 88.2 1.0100 0.00 0.0M
369000.000 1960 COM2 65 0R0 321 0.4 19.5 88.3 1.0101 0.00 0.0M
369060.000 1960 COM2 65 0R0 300 0.3 19.5 88.3 1.0101 0.00 0.0M
369120.000 1960 COM2 65 0R0 304 0.9 19.5 88.3 1.0102 0.00 0.0M
369180.000 1960 COM2 65 0R0 291 0.7 19.5 88.3 1.0102 0.00 0.0M
369240.000 1960 COM2 65 0R0 003 0.5 19.5 88.4 1.0102 0.00 0.0M
369300.000 1960 COM2 65 0R0 243 0.3 19.5 88.2 1.0102 0.00 0.0M
369360.000 1960 COM2 65 0R0 218 0.1 19.5 88.2 1.0102 0.00 0.0M
369420.000 1960 COM2 65 0R0 040 0.1 19.5 88.1 1.0102 0.00 0.0M
369480.000 1960 COM2 65 0R0 108 0.2 19.5 88.0 1.0102 0.00 0.0M
369540.000 1960 COM2 65 0R0 171 0.4 19.5 88.3 1.0101 0.00 0.0M
369600.000 1960 COM2 65 0R0 238 0.1 19.5 88.4 1.0101 0.00 0.0M
369660.000 1960 COM2 65 0R0 326 0.2 19.5 88.2 1.0101 0.00 0.0M
369720.000 1960 COM2 65 0R0 099 0.5 19.5 87.5 1.0101 0.00 0.0M
369780.000 1960 COM2 65 0R0 157 0.2 19.5 87.8 1.0100 0.00 0.0M
369840.000 1960 COM2 65 0R0 070 0.1 19.5 87.4 1.0100 0.00 0.0M
369900.100 1960 COM2 65 0R0 072 0.4 19.5 87.1 1.0100 0.00 0.0M
369960.100 1960 COM2 65 0R0 184 0.0 19.6 87.2 1.0100 0.00 0.0M
370020.100 1960 COM2 65 0R0 157 0.1 19.6 87.5 1.0100 0.00 0.0M
370080.000 1960 COM2 65 0R0 106 0.5 19.6 87.7 1.0100 0.00 0.0M
370140.000 1960 COM2 65 0R0 009 0.2 19.6 87.7 1.0100 0.00 0.0M
370200.000 1960 COM2 65 0R0 116 0.3 19.6 87.7 1.0100 0.00 0.0M
370260.000 1960 COM2 65 0R0 090 0.5 19.5 87.8 1.0100 0.00 0.0M
370320.000 1960 COM2 65 0R0 162 0.5 19.5 88.1 1.0101 0.00 0.0M
370380.000 1960 COM2 65 0R0 194 0.1 19.5 87.9 1.0101 0.00 0.0M
370440.000 1960 COM2 65 0R0 034 0.1 19.5 87.8 1.0101 0.00 0.0M
370500.000 1960 COM2 65 0R0 039 0.3 19.5 87.4 1.0101 0.00 0.0M
370560.000 1960 COM2 65 0R0 033 0.4 19.5 87.7 1.0101 0.00 0.0M
370620.000 1960 COM2 65 0R0 158 0.3 19.5 88.1 1.0101 0.00 0.0M
370680.000 1960 COM2 65 0R0 038 0.1 19.5 88.1 1.0102 0.00 0.0M
370740.000 1960 COM2 65 0R0 211 0.2 19.5 88.1 1.0102 0.00 0.0M
370800.000 1960 COM2 65 0R0 226 0.2 19.5 88.0 1.0102 0.00 0.0M
370860.000 1960 COM2 65 0R0 220 0.2 19.5 88.0 1.0102 0.00 0.0M
370920.000 1960 COM2 65 0R0 234 0.5 19.5 88.1 1.0102 0.00 0.0M
370980.000 1960 COM2 65 0R0 236 0.3 19.5 88.3 1.0102 0.00 0.0M
371040.000 1960 COM2 65 0R0 175 0.4 19.5 88.4 1.0103 0.00 0.0M
371100.000 1960 COM2 65 0R0 247 0.5 19.5 88.5 1.0103 0.00 0.0M
371160.000 1960 COM2 65 0R0 264 0.3 19.5 88.6 1.0103 0.00 0.0M
371220.000 1960 COM2 65 0R0 257 0.2 19.5 88.7 1.0103 0.00 0.0M
371280.000 1960 COM2 65 0R0 260 0.4 19.5 88.8 1.0103 0.00 0.0M
371340.000 1960 COM2 65 0R0 300 0.4 19.5 88.7 1.0103 0.00 0.0M
371400.000 1960 COM2 65 0R0 121 0.3 19.5 88.6 1.0103 0.00 0.0M
371460.000 1960 COM2 65 0R0 199 0.3 19.5 88.5 1.0104 0.00 0.0M
371520.000 1960 COM2 65 0R0 063 0.2 19.5 88.4 1.0104 0.00 0.0M
371580.000 1960 COM2 65 0R0 098 0.2 19.4 88.4 1.0104 0.00 0.0M
371640.000 1960 COM2 65 0R0 144 0.2 19.4 88.4 1.0104 0.00 0.0M
371700.000 1960 COM2 65 0R0 241 0.1 19.4 88.6 1.0104 0.00 0.0M
371760.000 1960 COM2 65 0R0 271 0.1 19.4 88.5 1.0104 0.00 0.0M
371820.000 1960 COM2 65 0R0 297 0.1 19.4 88.3 1.0104 0.00 0.0M
371880.000 1960 COM2 65 0R0 233 0.3 19.4 88.5 1.0104 0.00 0.0M
371940.000 1960 COM2 65 0R0 350 0.2 19.4 88.3 1.0104 0.00 0.0M
372000.000 1960 COM2 65 0R0 056 0.1 19.4 88.6 1.0104 0.00 0.0M
372060.000 1960 COM2 65 0R0 099 0.2 19.4 88.8 1.0104 0.00 0.0M
372120.000 1960 COM2 65 0R0 092 0.5 19.4 88.9 1.0104 0.00 0.0M
372180.000 1960 COM2 65 0R0 121 0.6 19.4 89.0 1.0104 0.00 0.0M
372240.000 1960 COM2 65 0R0 103 0.2 19.4 88.7 1.0104 0.00 0.0M
372300.000 1960 COM2 65 0R0 091 0.7 19.4 88.5 1.0104 0.00 0.0M
372360.000 1960 COM2 65 0R0 128 0.7 19.4 88.4 1.0104 0.00 0.0M
372420.000 1960 COM2 65 0R0 127 0.8 19.4 88.3 1.0104 0.00 0.0M
372480.000 1960 COM2 65 0R0 113 0.4 19.4 88.4 1.0104 0.00 0.0M
372540.000 1960 COM2 65 0R0 155 0.5 19.4 88.5 1.0104 0.00 0.0M
372600.000 1960 COM2 65 0R0 134 0.1 19.4 88.6 1.0103 0.00 0.0M
372660.000 1960 COM2 65 0R0 044 0.1 19.4 88.4 1.0103 0.00 0.0M
372720.000 1960 COM2 65 0R0 350 0.2 19.3 88.5 1.0103 0.00 0.0M
372780.000 1960 COM2 65 0R0 021 0.2 19.3 89.3 1.0103 0.00 0.0M
372840.000 1960 COM2 65 0R0 025 0.8 19.3 89.4 1.0103 0.00 0.0M
372900.000 1960 COM2 65 0R0 028 0.6 19.2 89.6 1.0103 0.00 0.0M
372960.000 1960 COM2 65 0R0 032 0.7 19.2 89.9 1.0103 0.00 0.0M
373020.000 1960 COM2 65 0R0 022 0.4 19.2 90.1 1.0103 0.00 0.0M
373080.000 1960 COM2 65 0R0 051 0.6 19.1 90.2 1.0103 0.00 0.0M
373140.000 1960 COM2 65 0R0 082 0.6 19.1 90.2 1.0103 0.00 0.0M
373200.000 1960 COM2 65 0R0 078 0.3 19.1 90.2 1.0103 0.00 0.0M
373260.000 1960 COM2 65 0R0 070 0.3 19.1 90.2 1.0103 0.00 0.0M
373320.000 1960 COM2 65 0R0 151 0.1 19.1 90.1 1.0103 0.00 0.0M
373380.000 1960 COM2 65 0R0 127 0.1 19.1 90.1 1.0103 0.00 0.0M
373440.000 1960 COM2 65 0R0 279 0.1 19.1 90.1 1.0103 0.00 0.0M
373500.000 1960 COM2 65 0R0 261 0.3 19.0 90.1 1.0103 0.00 0.0M
373560.000 1960 COM2 65 0R0 294 0.1 19.0 90.1 1.0103 0.00 0.0M
373620.000 1960 COM2 65 0R0 042 0.1 19.0 90.0 1.0103 0.00 0.0M
373680.000 1960 COM2 65 0R0 107 0.2 19.0 90.1 1.0103 0.00 0.0M
373740.000 1960 COM2 65 0R0 103 0.2 19.0 90.1 1.0103 0.00 0.0M
373800.000 1960 COM2 65 0R0 099 0.5 19.0 89.8 1.0102 0.00 0.0M
373860.000 1960 COM2 65 0R0 126 0.3 19.1 89.8 1.0102 0.00 0.0M
373920.000 1960 COM2 65 0R0 109 0.6 19.1 89.8 1.0102 0.00 0.0M
373980.000 1960 COM2 65 0R0 141 0.3 19.1 89.8 1.0102 0.00 0.0M
374040.000 1960 COM2 65 0R0 111 0.6 19.1 89.3 1.0102 0.00 0.0M
374100.000 1960 COM2 65 0R0 086 0.4 19.1 89.5 1.0102 0.00 0.0M
374160.000 1960 COM2 65 0R0 088 0.1 19.1 89.5 1.0102 0.00 0.0M
374220.000 1960 COM2 65 0R0 172 0.3 19.1 89.6 1.0102 0.00 0.0M
374280.000 1960 COM2 65 0R0 120 0.4 19.1 89.7 1.0102 0.00 0.0M
374340.000 1960 COM2 65 0R0 129 0.8 19.1 89.6 1.0102 0.00 0.0M
374400.000 1960 COM2 65 0R0 123 0.4 19.1 89.7 1.0101 0.00 0.0M
374460.000 1960 COM2 65 0R0 111 1.0 19.1 89.4 1.0101 0.00 0.0M
374520.000 1960 COM2 65 0R0 121 0.7 19.1 89.7 1.0101 0.00 0.0M
374580.000 1960 COM2 65 0R0 122 0.6 19.1 89.9 1.0101 0.00 0.0M
374640.000 1960 COM2 65 0R0 103 0.8 19.1 89.9 1.0101 0.00 0.0M
374700.000 1960 COM2 65 0R0 107 1.0 19.1 89.9 1.0101 0.00 0.0M
374760.000 1960 COM2 65 0R0 096 0.2 19.1 90.2 1.0101 0.00 0.0M
374820.000 1960 COM2 65 0R0 270 0.1 19.1 90.3 1.0101 0.00 0.0M
374880.000 1960 COM2 65 0R0 012 0.2 19.0 90.2 1.0101 0.00 0.0M
374940.000 1960 COM2 65 0R0 035 0.1 19.0 90.2 1.0101 0.00 0.0M
375000.000 1960 COM2 65 0R0 047 0.0 19.0 90.4 1.0102 0.00 0.0M
375060.000 1960 COM2 65 0R0 050 0.2 19.0 90.5 1.0102 0.00 0.0M
375120.000 1960 COM2 65 0R0 091 0.2 18.9 90.6 1.0102 0.00 0.0M
375180.000 1960 COM2 65 0R0 333 0.3 18.9 90.7 1.0102 0.00 0.0M
375240.000 1960 COM2 65 0R0 327 0.1 18.9 90.8 1.0102 0.00 0.0M
375300.000 1960 COM2 65 0R0 233 0.2 18.9 90.8 1.0102 0.00 0.0M
375360.000 1960 COM2 65 0R0 270 0.4 18.9 90.9 1.0102 0.00 0.0M
375420.000 1960 COM2 65 0R0 272 0.4 18.9 90.9 1.0102 0.00 0.0M
375480.000 1960 COM2 65 0R0 292 1.4 18.9 91.0 1.0102 0.00 0.0M
375540.000 1960 COM2 65 0R0 305 0.6 18.9 91.0 1.0102 0.00 0.0M
375600.000 1960 COM2 65 0R0 289 0.7 18.9 91.1 1.0103 0.00 0.0M
375660.000 1960 COM2 65 0R0 061 0.3 18.9 91.0 1.0103 0.00 0.0M
375720.000 1960 COM2 65 0R0 137 0.1 18.9 90.9 1.0102 0.00 0.0M
375780.000 1960 COM2 65 0R0 305 0.1 18.9 90.7 1.0102 0.00 0.0M
375840.000 1960 COM2 65 0R0 089 0.2 18.9 90.6 1.0102 0.00 0.0M
375900.000 1960 COM2 65 0R0 318 0.1 18.9 90.6 1.0102 0.00 0.0M
375960.000 1960 COM2 65 0R0 048 0.2 18.9 90.4 1.0102 0.00 0.0M
376020.000 1960 COM2 65 0R0 206 0.2 18.9 90.4 1.0102 0.00 0.0M
376080.000 1960 COM2 65 0R0 195 0.6 18.9 90.5 1.0102 0.00 0.0M
376140.000 1960 COM2 65 0R0 110 0.1 18.9 90.4 1.0102 0.00 0.0M
376200.000 1960 COM2 65 0R0 125 0.2 18.9 90.3 1.0102 0.00 0.0M
376260.000 1960 COM2 65 0R0 204 0.7 18.9 90.1 1.0102 0.00 0.0M
376320.000 1960 COM2 65 0R0 041 0.2 18.9 90.4 1.0102 0.00 0.0M
376380.000 1960 COM2 65 0R0 123 0.1 18.9 90.3 1.0102 0.00 0.0M
376440.000 1960 COM2 65 0R0 201 0.2 18.9 90.5 1.0102 0.00 0.0M
376500.000 1960 COM2 65 0R0 206 0.4 18.9 90.6 1.0101 0.00 0.0M
376560.000 1960 COM2 65 0R0 033 0.1 18.8 90.4 1.0101 0.00 0.0M
376620.000 1960 COM2 65 0R0 193 0.8 18.8 90.4 1.0101 0.00 0.0M
376680.000 1960 COM2 65 0R0 191 1.0 18.8 90.6 1.0102 0.00 0.0M
376740.000 1960 COM2 65 0R0 197 0.4 18.8 90.8 1.0102 0.00 0.0M
376800.000 1960 COM2 65 0R0 164 0.5 18.8 90.9 1.0102 0.00 0.0M
376860.000 1960 COM2 65 0R0 227 0.6 18.8 90.9 1.0102 0.00 0.0M
376920.000 1960 COM2 65 0R0 208 0.7 18.8 91.1 1.0102 0.00 0.0M
376980.000 1960 COM2 65 0R0 212 0.9 18.8 91.1 1.0102 0.00 0.0M
377040.000 1960 COM2 65 0R0 181 0.5 18.8 91.1 1.0102 0.00 0.0M
377100.000 1960 COM2 65 0R0 164 0.5 18.8 91.2 1.0102 0.00 0.0M
377160.000 1960 COM2 65 0R0 068 0.2 18.8 91.0 1.0102 0.00 0.0M
377220.100 1960 COM2 65 0R0 114 0.2 18.8 90.7 1.0101 0.00 0.0M
377280.000 1960 COM2 65 0R0 166 0.2 18.8 90.6 1.0101 0.00 0.0M
377340.000 1960 COM2 65 0R0 180 0.2 18.8 90.7 1.0101 0.00 0.0M
377400.000 1960 COM2 65 0R0 103 0.4 18.8 90.5 1.0101 0.00 0.0M
377460.000 1960 COM2 65 0R0 150 0.3 18.8 90.5 1.0101 0.00 0.0M
377520.000 1960 COM2 65 0R0 100 0.5 18.8 90.5 1.0101 0.00 0.0M
377580.000 1960 COM2 65 0R0 103 0.1 18.8 90.5 1.0101 0.00 0.0M
377640.000 1960 COM2 65 0R0 146 0.2 18.8 90.5 1.0101 0.00 0.0M
377700.000 1960 COM2 65 0R0 095 0.2 18.8 90.6 1.0101 0.00 0.0M
377760.000 1960 COM2 65 0R0 317 0.1 18.8 90.5 1.0101 0.00 0.0M
377820.000 1960 COM2 65 0R0 083 0.1 18.8 90.4 1.0101 0.00 0.0M
377880.000 1960 COM2 65 0R0 075 0.1 18.8 90.1 1.0101 0.00 0.0M
377940.000 1960 COM2 65 0R0 150 0.2 18.8 90.1 1.0101 0.00 0.0M
378000.000 1960 COM2 65 0R0 067 0.3 18.8 90.5 1.0101 0.00 0.0M
378060.000 1960 COM2 65 0R0 067 0.3 18.8 90.3 1.0101 0.00 0.0M
378120.000 1960 COM2 65 0R0 039 0.2 18.8 90.3 1.0101 0.00 0.0M
378180.000 1960 COM2 65 0R0 138 0.2 18.8 90.2 1.0101 0.00 0.0M
378240.000 1960 COM2 65 0R0 118 0.2 18.8 90.2 1.0101 0.00 0.0M
378300.000 1960 COM2 65 0R0 236 0.3 18.8 90.1 1.0101 0.00 0.0M
378360.000 1960 COM2 65 0R0 043 0.1 18.8 90.1 1.0101 0.00 0.0M
378420.000 1960 COM2 65 0R0 259 0.2 18.8 90.1 1.0102 0.00 0.0M
378480.000 1960 COM2 65 0R0 333 0.1 18.8 90.3 1.0102 0.00 0.0M
378540.000 1960 COM2 65 0R0 037 0.2 18.8 90.3 1.0102 0.00 0.0M
378600.000 1960 COM2 65 0R0 358 0.1 18.8 90.7 1.0102 0.00 0.0M
378660.000 1960 COM2 65 0R0 228 0.2 18.8 90.8 1.0102 0.00 0.0M
378720.000 1960 COM2 65 0R0 238 0.3 18.8 90.8 1.0102 0.00 0.0M
378780.000 1960 COM2 65 0R0 342 0.1 18.8 90.9 1.0102 0.00 0.0M
378840.000 1960 COM2 65 0R0 080 0.1 18.8 90.8 1.0102 0.00 0.0M
378900.000 1960 COM2 65 0R0 181 0.3 18.7 90.8 1.0102 0.00 0.0M
378960.000 1960 COM2 65 0R0 241 0.2 18.7 90.9 1.0102 0.00 0.0M
379020.000 1960 COM2 65 0R0 168 0.2 18.7 90.9 1.0102 0.00 0.0M
379080.000 1960 COM2 65 0R0 249 0.5 18.7 90.9 1.0102 0.00 0.0M
379140.000 1960 COM2 65 0R0 278 0.4 18.7 91.0 1.0103 0.00 0.0M
379200.000 1960 COM2 65 0R0 232 0.3 18.7 91.2 1.0103 0.00 0.0M
379260.000 1960 COM2 65 0R0 267 0.5 18.8 91.4 1.0103 0.00 0.0M
379320.000 1960 COM2 65 0R0 214 0.3 18.8 91.5 1.0103 0.00 0.0M
379380.000 1960 COM2 65 0R0 245 0.2 18.8 91.6 1.0103 0.00 0.0M
379440.000 1960 COM2 65 0R0 252 0.4 18.8 91.5 1.0103 0.00 0.0M
379500.000 1960 COM2 65 0R0 267 0.4 18.8 91.4 1.0103 0.00 0.0M
379560.000 1960 COM2 65 0R0 271 0.6 18.8 91.3 1.0103 0.00 0.0M
379620.000 1960 COM2 65 0R0 272 0.6 18.9 91.2 1.0103 0.00 0.0M
379680.000 1960 COM2 65 0R0 264 0.4 18.9 91.2 1.0103 0.00 0.0M
379740.000 1960 COM2 65 0R0 193 0.3 18.9 91.2 1.0103 0.00 0.0M
379800.000 1960 COM2 65 0R0 260 0.1 18.9 91.1 1.0103 0.00 0.0M
379860.000 1960 COM2 65 0R0 252 0.4 18.9 91.0 1.0103 0.00 0.0M
379920.000 1960 COM2 65 0R0 233 0.2 18.9 90.8 1.0104 0.00 0.0M
379980.000 1960 COM2 65 0R0 075 0.2 18.9 90.7 1.0104 0.00 0.0M
380040.000 1960 COM2 65 0R0 138 0.1 19.0 90.4 1.0104 0.00 0.0M
380100.000 1960 COM2 65 0R0 330 0.2 19.0 90.2 1.0104 0.00 0.0M
380160.000 1960 COM2 65 0R0 102 0.2 19.0 90.1 1.0104 0.00 0.0M
380220.000 1960 COM2 65 0R0 163 0.2 19.0 90.2 1.0104 0.00 0.0M
380280.000 1960 COM2 65 0R0 191 0.3 19.0 90.1 1.0105 0.00 0.0M
380340.000 1960 COM2 65 0R0 205 0.6 19.0 89.8 1.0105 0.00 0.0M
380400.000 1960 COM2 65 0R0 343 0.2 19.0 89.8 1.0105 0.00 0.0M
380460.000 1960 COM2 65 0R0 266 0.2 19.0 89.8 1.0105 0.00 0.0M
380520.000 1960 COM2 65 0R0 106 0.4 19.0 89.8 1.0105 0.00 0.0M
380580.000 1960 COM2 65 0R0 300 0.3 19.0 89.6 1.0105 0.00 0.0M
380640.000 1960 COM2 65 0R0 013 0.1 19.0 89.4 1.0105 0.00 0.0M
380700.000 1960 COM2 65 0R0 178 0.3 19.0 89.3 1.0105 0.00 0.0M
380760.000 1960 COM2 65 0R0 186 0.2 19.0 89.1 1.0105 0.00 0.0M
380820.000 1960 COM2 65 0R0 181 0.2 19.0 89.2 1.0105 0.00 0.0M
380880.000 1960 COM2 65 0R0 105 0.3 19.0 89.3 1.0105 0.00 0.0M
380940.000 1960 COM2 65 0R0 188 0.4 19.0 89.4 1.0105 0.00 0.0M
381000.000 1960 COM2 65 0R0 210 0.6 19.0 89.5 1.0105 0.00 0.0M
381060.000 1960 COM2 65 0R0 210 0.2 19.0 89.6 1.0105 0.00 0.0M
381120.000 1960 COM2 65 0R0 151 0.1 19.0 89.9 1.0105 0.00 0.0M
381180.000 1960 COM2 65 0R0 104 0.2 19.0 89.7 1.0105 0.00 0.0M
381240.000 1960 COM2 65 0R0 016 0.2 19.0 89.7 1.0105 0.00 0.0M
381300.000 1960 COM2 65 0R0 032 0.1 18.9 89.8 1.0105 0.00 0.0M
381360.000 1960 COM2 65 0R0 338 0.1 18.9 89.8 1.0105 0.00 0.0M
381420.000 1960 COM2 65 0R0 332 0.1 18.9 89.7 1.0105 0.00 0.0M
381480.000 1960 COM2 65 0R0 091 0.2 18.9 89.7 1.0105 0.00 0.0M
381540.000 1960 COM2 65 0R0 325 0.1 18.9 89.7 1.0105 0.00 0.0M
381600.000 1960 COM2 65 0R0 178 0.2 18.9 89.8 1.0105 0.00 0.0M
381660.000 1960 COM2 65 0R0 091 0.3 18.9 89.8 1.0105 0.00 0.0M
381720.000 1960 COM2 65 0R0 107 0.6 18.9 89.8 1.0105 0.00 0.0M
381780.000 1960 COM2 65 0R0 188 0.5 18.9 90.0 1.0105 0.00 0.0M
381840.000 1960 COM2 65 0R0 010 0.2 18.9 90.2 1.0105 0.00 0.0M
381900.000 1960 COM2 65 0R0 206 0.4 18.9 89.9 1.0106 0.00 0.0M
381960.000 1960 COM2 65 0R0 171 0.7 18.9 90.1 1.0106 0.00 0.0M
382020.000 1960 COM2 65 0R0 178 0.7 18.9 89.9 1.0106 0.00 0.0M
382080.000 1960 COM2 65 0R0 029 0.2 18.9 90.2 1.0106 0.00 0.0M
382140.000 1960 COM2 65 0R0 113 0.4 18.9 90.2 1.0105 0.00 0.0M
382200.000 1960 COM2 65 0R0 097 0.4 18.9 90.1 1.0105 0.00 0.0M
382260.000 1960 COM2 65 0R0 101 0.2 18.9 90.3 1.0105 0.00 0.0M
382320.000 1960 COM2 65 0R0 192 0.7 18.9 90.0 1.0105 0.00 0.0M
382380.000 1960 COM2 65 0R0 159 0.6 18.9 90.0 1.0105 0.00 0.0M
382440.000 1960 COM2 65 0R0 108 0.4 18.9 89.8 1.0106 0.00 0.0M
382500.000 1960 COM2 65 0R0 158 0.4 18.9 90.0 1.0106 0.00 0.0M
382560.000 1960 COM2 65 0R0 192 0.7 18.9 89.8 1.0106 0.00 0.0M
382620.000 1960 COM2 65 0R0 199 1.1 18.9 90.0 1.0106 0.00 0.0M
382680.000 1960 COM2 65 0R0 193 0.8 18.9 90.8 1.0107 0.00 0.0M
382740.000 1960 COM2 65 0R0 213 0.8 18.9 90.8 1.0107 0.00 0.0M
382800.000 1960 COM2 65 0R0 232 0.8 18.9 90.8 1.0107 0.00 0.0M
382860.000 1960 COM2 65 0R0 261 0.7 18.9 90.5 1.0107 0.00 0.0M
382920.000 1960 COM2 65 0R0 256 0.6 18.9 90.5 1.0107 0.00 0.0M
382980.000 1960 COM2 65 0R0 214 0.4 18.9 90.5 1.0107 0.00 0.0M
383040.000 1960 COM2 65 0R0 281 0.2 18.9 90.7 1.0107 0.00 0.0M
383100.000 1960 COM2 65 0R0 241 0.3 18.9 90.8 1.0107 0.00 0.0M
383160.000 1960 COM2 65 0R0 287 0.6 18.9 90.8 1.0107 0.00 0.0M
383220.000 1960 COM2 65 0R0 259 0.4 18.9 90.8 1.0107 0.00 0.0M
383280.000 1960 COM2 65 0R0 247 0.4 18.9 90.7 1.0108 0.00 0.0M
383340.100 1960 COM2 65 0R0 142 0.4 19.0 90.6 1.0108 0.00 0.0M
383400.000 1960 COM2 65 0R0 235 0.4 19.0 90.6 1.0108 0.00 0.0M
383460.000 1960 COM2 65 0R0 196 0.8 19.0 90.6 1.0108 0.00 0.0M
383520.000 1960 COM2 65 0R0 190 0.7 19.1 90.3 1.0108 0.00 0.0M
383580.000 1960 COM2 65 0R0 226 0.4 19.1 90.2 1.0108 0.00 0.0M
383640.000 1960 COM2 65 0R0 173 0.4 19.1 90.1 1.0108 0.00 0.0M
383700.000 1960 COM2 65 0R0 188 0.1 19.1 89.9 1.0108 0.00 0.0M
383760.000 1960 COM2 65 0R0 237 0.3 19.1 89.8 1.0108 0.00 0.0M
383820.000 1960 COM2 65 0R0 207 0.3 19.2 89.7 1.0108 0.00 0.0M
383880.000 1960 COM2 65 0R0 231 0.1 19.2 89.7 1.0108 0.00 0.0M
383940.000 1960 COM2 65 0R0 154 0.1 19.2 89.2 1.0108 0.00 0.0M
384000.000 1960 COM2 65 0R0 214 0.8 19.3 89.1 1.0108 0.00 0.0M
384060.000 1960 COM2 65 0R0 176 0.9 19.3 88.9 1.0108 0.00 0.0M
384120.000 1960 COM2 65 0R0 208 0.9 19.3 88.9 1.0109 0.00 0.0M
384180.000 1960 COM2 65 0R0 126 0.2 19.3 88.9 1.0109 0.00 0.0M
384240.000 1960 COM2 65 0R0 192 0.7 19.3 88.8 1.0109 0.00 0.0M
384300.000 1960 COM2 65 0R0 155 0.7 19.3 88.9 1.0109 0.00 0.0M
384360.000 1960 COM2 65 0R0 195 0.6 19.3 88.8 1.0109 0.00 0.0M
384420.000 1960 COM2 65 0R0 206 0.9 19.3 88.5 1.0109 0.00 0.0M
384480.000 1960 COM2 65 0R0 187 0.7 19.4 88.5 1.0109 0.00 0.0M
384540.000 1960 COM2 65 0R0 327 0.2 19.4 88.8 1.0109 0.00 0.0M
384600.000 1960 COM2 65 0R0 262 0.2 19.4 89.1 1.0109 0.00 0.0M
384660.000 1960 COM2 65 0R0 163 0.2 19.4 89.0 1.0109 0.00 0.0M
384720.000 1960 COM2 65 0R0 244 0.4 19.4 88.7 1.0109 0.00 0.0M
384780.000 1960 COM2 65 0R0 194 0.1 19.5 88.5 1.0109 0.00 0.0M
384840.000 1960 COM2 65 0R0 147 0.3 19.5 88.3 1.0110 0.00 0.0M
384900.000 1960 COM2 65 0R0 342 0.1 19.6 88.0 1.0110 0.00 0.0M
384960.000 1960 COM2 65 0R0 208 0.3 19.7 87.5 1.0110 0.00 0.0M
385020.000 1960 COM2 65 0R0 261 0.7 19.7 87.4 1.0110 0.00 0.0M
385080.000 1960 COM2 65 0R0 263 0.6 19.8 87.5 1.0110 0.00 0.0M
385140.000 1960 COM2 65 0R0 248 0.8 19.9 87.5 1.0110 0.00 0.0M
385200.000 1960 COM2 65 0R0 164 0.4 19.9 87.2 1.0110 0.00 0.0M
385260.000 1960 COM2 65 0R0 196 1.0 19.9 87.1 1.0111 0.00 0.0M
385320.000 1960 COM2 65 0R0 193 1.0 19.9 86.9 1.0111 0.00 0.0M
385380.000 1960 COM2 65 0R0 236 0.9 19.9 87.0 1.0111 0.00 0.0M
385440.000 1960 COM2 65 0R0 189 1.2 19.9 86.7 1.0111 0.00 0.0M
385500.000 1960 COM2 65 0R0 227 1.5 19.9 86.9 1.0111 0.00 0.0M
385560.000 1960 COM2 65 0R0 225 1.1 19.9 86.8 1.0111 0.00 0.0M
385620.000 1960 COM2 65 0R0 211 1.0 19.8 87.0 1.0111 0.00 0.0M
385680.000 1960 COM2 65 0R0 356 0.2 19.8 86.9 1.0112 0.00 0.0M
385740.000 1960 COM2 65 0R0 311 0.4 19.8 87.2 1.0112 0.00 0.0M
385800.000 1960 COM2 65 0R0 237 0.8 19.8 87.3 1.0112 0.00 0.0M
385860.000 1960 COM2 65 0R0 187 1.2 19.9 87.1 1.0112 0.00 0.0M
385920.000 1960 COM2 65 0R0 208 0.6 19.9 86.4 1.0112 0.00 0.0M
385980.000 1960 COM2 65 0R0 270 0.4 19.9 86.9 1.0112 0.00 0.0M
386040.000 1960 COM2 65 0R0 265 0.4 19.9 86.9 1.0112 0.00 0.0M
386100.000 1960 COM2 65 0R0 205 0.5 19.9 86.8 1.0112 0.00 0.0M
386160.000 1960 COM2 65 0R0 219 1.1 19.9 86.7 1.0112 0.00 0.0M
386220.000 1960 COM2 65 0R0 187 0.9 20.0 86.5 1.0112 0.00 0.0M
386280.000 1960 COM2 65 0R0 258 0.7 19.9 86.7 1.0112 0.00 0.0M
386340.000 1960 COM2 65 0R0 243 1.3 19.9 86.8 1.0112 0.00 0.0M
386400.000 1960 COM2 65 0R0 231 1.4 19.9 86.4 1.0112 0.00 0.0M
386460.000 1960 COM2 65 0R0 243 0.9 20.0 86.3 1.0112 0.00 0.0M
386520.000 1960 COM2 65 0R0 202 1.0 20.0 86.1 1.0112 0.00 0.0M
386580.000 1960 COM2 65 0R0 161 0.6 20.0 85.8 1.0112 0.00 0.0M
386640.000 1960 COM2 65 0R0 187 1.2 20.0 86.0 1.0112 0.00 0.0M
386700.000 1960 COM2 65 0R0 266 0.2 20.0 85.6 1.0112 0.00 0.0M
386760.000 1960 COM2 65 0R0 156 0.5 20.1 85.8 1.0112 0.00 0.0M
386820.000 1960 COM2 65 0R0 169 0.4 20.1 85.3 1.0112 0.00 0.0M
386880.000 1960 COM2 65 0R0 286 0.1 20.2 85.1 1.0113 0.00 0.0M
386940.000 1960 COM2 65 0R0 171 0.2 20.3 84.9 1.0113 0.00 0.0M
387000.000 1960 COM2 65 0R0 099 0.2 20.4 84.9 1.0113 0.00 0.0M
387060.000 1960 COM2 65 0R0 222 0.2 20.5 84.6 1.0113 0.00 0.0M
387120.000 1960 COM2 65 0R0 156 0.3 20.6 84.3 1.0113 0.00 0.0M
387180.000 1960 COM2 65 0R0 109 0.1 20.7 83.6 1.0113 0.00 0.0M
387240.000 1960 COM2 65 0R0 252 0.2 20.8 83.1 1.0113 0.00 0.0M
387300.100 1960 COM2 65 0R0 093 0.5 20.9 82.7 1.0113 0.00 0.0M
387360.100 1960 COM2 65 0R0 188 0.3 21.1 82.4 1.0113 0.00 0.0M
387420.100 1960 COM2 65 0R0 322 0.2 21.1 81.7 1.0113 0.00 0.0M
387480.100 1960 COM2 65 0R0 149 0.3 21.2 81.0 1.0113 0.00 0.0M
387540.100 1960 COM2 65 0R0 196 0.3 21.3 80.5 1.0113 0.00 0.0M
387600.000 1960 COM2 65 0R0 098 0.2 21.4 80.3 1.0113 0.00 0.0M
387660.100 1960 COM2 65 0R0 031 0.2 21.4 80.3 1.0113 0.00 0.0M
387720.100 1960 COM2 65 0R0 052 0.3 21.4 79.9 1.0114 0.00 0.0M
387780.000 1960 COM2 65 0R0 090 0.2 21.5 79.9 1.0114 0.00 0.0M
387840.000 1960 COM2 65 0R0 335 0.4 21.5 79.7 1.0114 0.00 0.0M
387900.000 1960 COM2 65 0R0 352 0.1 21.6 79.2 1.0114 0.00 0.0M
387960.100 1960 COM2 65 0R0 353 0.2 21.7 79.3 1.0114 0.00 0.0M
388020.000 1960 COM2 65 0R0 104 0.1 21.7 79.4 1.0114 0.00 0.0M
388080.100 1960 COM2 65 0R0 221 0.2 21.8 78.8 1.0114 0.00 0.0M
388140.100 1960 COM2 65 0R0 075 0.6 21.9 78.6 1.0114 0.00 0.0M
388200.100 1960 COM2 65 0R0 087 1.1 22.0 78.3 1.0114 0.00 0.0M
388260.100 1960 COM2 65 0R0 126 0.1 22.0 77.8 1.0115 0.00 0.0M
388320.100 1960 COM2 65 0R0 254 0.2 22.0 78.0 1.0115 0.00 0.0M
388380.000 1960 COM2 65 0R0 122 0.4 22.1 77.7 1.0115 0.00 0.0M
388440.100 1960 COM2 65 0R0 145 0.5 22.2 77.5 1.0115 0.00 0.0M
388500.100 1960 COM2 65 0R0 030 0.4 22.2 77.2 1.0115 0.00 0.0M
388560.100 1960 COM2 65 0R0 183 0.6 22.2 77.0 1.0115 0.00 0.0M
388620.000 1960 COM2 65 0R0 310 0.2 22.3 76.8 1.0115 0.00 0.0M
388680.000 1960 COM2 65 0R0 073 0.3 22.4 76.7 1.0116 0.00 0.0M
388740.000 1960 COM2 65 0R0 065 0.2 22.5 76.2 1.0116 0.00 0.0M
388800.100 1960 COM2 65 0R0 308 0.3 22.6 76.5 1.0116 0.00 0.0M
388860.100 1960 COM2 65 0R0 020 0.3 22.6 76.2 1.0116 0.00 0.0M
388920.000 1960 COM2 65 0R0 038 0.5 22.6 76.0 1.0116 0.00 0.0M
388980.000 1960 COM2 65 0R0 353 0.3 22.6 76.2 1.0116 0.00 0.0M
389040.100 1960 COM2 65 0R0 026 0.8 22.5 76.4 1.0116 0.00 0.0M
389100.100 1960 COM2 65 0R0 156 0.1 22.4 76.6 1.0116 0.00 0.0M
389160.100 1960 COM2 65 0R0 192 0.2 22.2 76.8 1.0117 0.00 0.0M
389220.100 1960 COM2 65 0R0 068 0.4 22.2 76.8 1.0117 0.00 0.0M
389280.000 1960 COM2 65 0R0 120 0.3 22.3 76.8 1.0117 0.00 0.0M
389340.000 1960 COM2 65 0R0 061 0.1 22.5 76.3 1.0117 0.00 0.0M
389400.100 1960 COM2 65 0R0 140 0.2 22.6 75.5 1.0117 0.00 0.0M
389460.000 1960 COM2 65 0R0 015 0.5 22.7 75.2 1.0118 0.00 0.0M
389520.000 1960 COM2 65 0R0 033 0.2 22.9 75.0 1.0118 0.00 0.0M
389580.000 1960 COM2 65 0R0 045 0.4 23.0 74.2 1.0118 0.00 0.0M
389640.000 1960 COM2 65 0R0 321 0.2 23.0 74.3 1.0118 0.00 0.0M
389700.000 1960 COM2 65 0R0 128 0.6 23.2 74.4 1.0118 0.00 0.0M
389760.000 1960 COM2 65 0R0 148 0.1 23.3 73.7 1.0118 0.00 0.0M
389820.000 1960 COM2 65 0R0 040 0.8 23.3 74.1 1.0118 0.00 0.0M
389880.000 1960 COM2 65 0R0 018 0.2 23.4 74.7 1.0118 0.00 0.0M
389940.000 1960 COM2 65 0R0 206 0.4 23.4 74.7 1.0118 0.00 0.0M
390000.000 1960 COM2 65 0R0 188 0.4 23.3 74.1 1.0118 0.00 0.0M
390060.000 1960 COM2 65 0R0 099 1.0 23.3 73.5 1.0118 0.00 0.0M
390120.000 1960 COM2 65 0R0 205 0.4 23.3 73.0 1.0118 0.00 0.0M
390180.000 1960 COM2 65 0R0 090 0.2 23.3 72.7 1.0118 0.00 0.0M
390240.000 1960 COM2 65 0R0 097 0.4 23.3 72.5 1.0118 0.00 0.0M
390300.000 1960 COM2 65 0R0 326 0.4 23.3 71.9 1.0118 0.00 0.0M
390360.000 1960 COM2 65 0R0 150 0.8 23.4 71.7 1.0118 0.00 0.0M
390420.000 1960 COM2 65 0R0 120 0.3 23.4 71.0 1.0118 0.00 0.0M
390480.000 1960 COM2 65 0R0 084 0.4 23.5 70.5 1.0118 0.00 0.0M
390540.000 1960 COM2 65 0R0 190 0.2 23.6 70.7 1.0118 0.00 0.0M
390600.000 1960 COM2 65 0R0 145 0.6 23.6 69.5 1.0118 0.00 0.0M
390660.000 1960 COM2 65 0R0 199 0.3 23.7 68.5 1.0118 0.00 0.0M
390720.000 1960 COM2 65 0R0 156 1.1 23.8 68.6 1.0118 0.00 0.0M
390780.000 1960 COM2 65 0R0 047 0.3 23.9 67.7 1.0118 0.00 0.0M
390840.000 1960 COM2 65 0R0 180 0.9 23.8 68.3 1.0118 0.00 0.0M
390900.000 1960 COM2 65 0R0 137 0.2 23.8 67.6 1.0118 0.00 0.0M
390960.000 1960 COM2 65 0R0 158 0.8 23.8 68.1 1.0118 0.00 0.0M
391020.000 1960 COM2 65 0R0 188 0.2 23.8 68.1 1.0118 0.00 0.0M
391080.000 1960 COM2 65 0R0 216 0.6 23.8 69.0 1.0118 0.00 0.0M
391140.000 1960 COM2 65 0R0 228 0.2 23.9 68.5 1.0118 0.00 0.0M
391200.000 1960 COM2 65 0R0 131 0.2 24.0 68.5 1.0118 0.00 0.0M
391260.000 1960 COM2 65 0R0 101 1.0 24.1 68.1 1.0118 0.00 0.0M
391320.000 1960 COM2 65 0R0 076 0.5 24.2 68.1 1.0118 0.00 0.0M
391380.000 1960 COM2 65 0R0 025 0.3 24.2 69.5 1.0118 0.00 0.0M
391440.000 1960 COM2 65 0R0 143 0.3 24.1 69.9 1.0118 0.00 0.0M
391500.000 1960 COM2 65 0R0 241 0.3 24.1 69.5 1.0118 0.00 0.0M
391560.000 1960 COM2 65 0R0 003 0.5 24.1 70.2 1.0118 0.00 0.0M
391620.000 1960 COM2 65 0R0 059 1.0 23.9 70.7 1.0118 0.00 0.0M
391680.000 1960 COM2 65 0R0 056 0.8 23.7 71.3 1.0118 0.00 0.0M
391740.000 1960 COM2 65 0R0 053 0.6 23.5 71.6 1.0118 0.00 0.0M
391800.000 1960 COM2 65 0R0 230 0.2 23.5 71.5 1.0118 0.00 0.0M
391860.000 1960 COM2 65 0R0 090 0.3 23.4 72.1 1.0118 0.00 0.0M
391920.000 1960 COM2 65 0R0 164 0.6 23.4 71.1 1.0118 0.00 0.0M
391980.000 1960 COM2 65 0R0 114 0.3 23.6 71.0 1.0118 0.00 0.0M
392040.000 1960 COM2 65 0R0 145 0.3 23.8 70.8 1.0119 0.00 0.0M
392100.000 1960 COM2 65 0R0 141 0.5 23.9 70.2 1.0119 0.00 0.0M
392160.000 1960 COM2 65 0R0 187 1.2 24.1 70.1 1.0119 0.00 0.0M
392220.000 1960 COM2 65 0R0 186 0.8 24.3 69.2 1.0119 0.00 0.0M
392280.000 1960 COM2 65 0R0 264 0.2 24.3 69.2 1.0119 0.00 0.0M
392340.000 1960 COM2 65 0R0 108 0.2 24.3 69.6 1.0119 0.00 0.0M
392400.000 1960 COM2 65 0R0 151 0.6 24.4 69.0 1.0119 0.00 0.0M
392460.000 1960 COM2 65 0R0 100 0.3 24.5 68.1 1.0119 0.00 0.0M
392520.000 1960 COM2 65 0R0 091 0.3 24.3 68.6 1.0118 0.00 0.0M
392580.000 1960 COM2 65 0R0 242 0.1 24.3 68.8 1.0118 0.00 0.0M
392640.000 1960 COM2 65 0R0 169 0.5 24.5 68.5 1.0118 0.00 0.0M
392700.000 1960 COM2 65 0R0 324 0.5 24.6 68.4 1.0118 0.00 0.0M
392760.000 1960 COM2 65 0R0 020 0.4 24.7 68.1 1.0118 0.00 0.0M
392820.000 1960 COM2 65 0R0 086 0.5 24.8 68.3 1.0118 0.00 0.0M
392880.000 1960 COM2 65 0R0 122 0.2 24.7 68.6 1.0119 0.00 0.0M
392940.000 1960 COM2 65 0R0 359 0.5 24.7 69.0 1.0118 0.00 0.0M
393000.000 1960 COM2 65 0R0 138 0.2 24.7 68.7 1.0118 0.00 0.0M
393060.000 1960 COM2 65 0R0 068 0.5 24.7 68.2 1.0119 0.00 0.0M
393120.000 1960 COM2 65 0R0 120 0.5 24.8 68.0 1.0118 0.00 0.0M
393180.000 1960 COM2 65 0R0 083 0.2 24.9 67.8 1.0118 0.00 0.0M
393240.000 1960 COM2 65 0R0 119 0.6 24.9 68.1 1.0119 0.00 0.0M
393300.000 1960 COM2 65 0R0 038 0.2 24.9 67.6 1.0119 0.00 0.0M
393360.000 1960 COM2 65 0R0 000 0.8 24.9 67.6 1.0119 0.00 0.0M
393420.000 1960 COM2 65 0R0 162 0.6 25.0 68.4 1.0119 0.00 0.0M
393480.000 1960 COM2 65 0R0 188 0.3 25.1 67.5 1.0119 0.00 0.0M
393540.000 1960 COM2 65 0R0 175 0.2 25.1 67.4 1.0119 0.00 0.0M
393600.000 1960 COM2 65 0R0 227 0.2 25.1 67.6 1.0119 0.00 0.0M
393660.000 1960 COM2 65 0R0 194 0.3 25.2 67.4 1.0119 0.00 0.0M
393720.000 1960 COM2 65 0R0 101 0.1 25.3 66.6 1.0119 0.00 0.0M
393780.000 1960 COM2 65 0R0 022 0.4 25.5 66.7 1.0118 0.00 0.0M
393840.000 1960 COM2 65 0R0 023 0.2 25.6 66.1 1.0118 0.00 0.0M
393900.000 1960 COM2 65 0R0 065 1.5 25.6 66.4 1.0118 0.00 0.0M
393960.000 1960 COM2 65 0R0 082 0.9 25.2 67.1 1.0118 0.00 0.0M
394020.000 1960 COM2 65 0R0 114 0.8 24.8 68.6 1.0119 0.00 0.0M
394080.000 1960 COM2 65 0R0 080 1.9 24.6 69.7 1.0119 0.00 0.0M
394140.000 1960 COM2 65 0R0 098 1.9 24.6 69.0 1.0119 0.00 0.0M
394200.000 1960 COM2 65 0R0 111 1.3 24.3 70.0 1.0119 0.00 0.0M
394260.000 1960 COM2 65 0R0 095 1.2 23.9 71.7 1.0119 0.00 0.0M
394320.000 1960 COM2 65 0R0 147 0.2 23.7 72.1 1.0119 0.00 0.0M
394380.000 1960 COM2 65 0R0 121 0.6 23.7 72.8 1.0119 0.00 0.0M
394440.000 1960 COM2 65 0R0 307 0.3 23.9 72.0 1.0119 0.00 0.0M
394500.000 1960 COM2 65 0R0 230 0.3 24.3 70.5 1.0119 0.00 0.0M
394560.000 1960 COM2 65 0R0 089 0.9 24.6 69.6 1.0119 0.00 0.0M
394620.000 1960 COM2 65 0R0 112 0.8 24.9 69.0 1.0119 0.00 0.0M
394680.000 1960 COM2 65 0R0 105 1.8 25.0 68.5 1.0119 0.00 0.0M
394740.000 1960 COM2 65 0R0 092 0.2 24.8 69.3 1.0119 0.00 0.0M
394800.000 1960 COM2 65 0R0 318 0.2 24.6 70.1 1.0119 0.00 0.0M
394860.000 1960 COM2 65 0R0 030 0.2 24.5 70.2 1.0119 0.00 0.0M
394920.000 1960 COM2 65 0R0 155 0.3 24.6 69.9 1.0119 0.00 0.0M
394980.000 1960 COM2 65 0R0 090 0.5 24.7 70.1 1.0119 0.00 0.0M
395040.000 1960 COM2 65 0R0 133 0.5 25.0 69.1 1.0119 0.00 0.0M
395100.000 1960 COM2 65 0R0 141 1.8 25.3 67.7 1.0120 0.00 0.0M
395160.000 1960 COM2 65 0R0 137 1.5 25.4 67.4 1.0120 0.00 0.0M
395220.000 1960 COM2 65 0R0 128 1.6 25.2 67.0 1.0120 0.00 0.0M
395280.000 1960 COM2 65 0R0 121 1.7 24.9 67.9 1.0120 0.00 0.0M
395340.000 1960 COM2 65 0R0 155 0.6 24.7 68.7 1.0120 0.00 0.0M
395400.000 1960 COM2 65 0R0 183 0.8 24.5 68.9 1.0120 0.00 0.0M
395460.000 1960 COM2 65 0R0 118 1.1 24.4 69.2 1.0120 0.00 0.0M
395520.000 1960 COM2 65 0R0 097 0.5 24.5 69.8 1.0120 0.00 0.0M
395580.000 1960 COM2 65 0R0 247 0.6 24.7 69.5 1.0120 0.00 0.0M
395640.000 1960 COM2 65 0R0 172 0.9 25.0 68.4 1.0120 0.00 0.0M
395700.000 1960 COM2 65 0R0 156 0.9 25.2 68.3 1.0120 0.00 0.0M
395760.000 1960 COM2 65 0R0 157 0.8 25.4 67.8 1.0120 0.00 0.0M
395820.000 1960 COM2 65 0R0 220 0.4 25.6 67.6 1.0121 0.00 0.0M
395880.000 1960 COM2 65 0R0 146 0.3 25.7 67.9 1.0121 0.00 0.0M
395940.000 1960 COM2 65 0R0 240 0.3 25.7 67.3 1.0121 0.00 0.0M
396000.000 1960 COM2 65 0R0 107 1.3 25.7 66.1 1.0121 0.00 0.0M
396060.000 1960 COM2 65 0R0 097 0.8 25.8 66.0 1.0121 0.00 0.0M
396120.000 1960 COM2 65 0R0 173 0.2 25.6 66.9 1.0121 0.00 0.0M
396180.000 1960 COM2 65 0R0 180 1.3 25.3 68.3 1.0121 0.00 0.0M
396240.000 1960 COM2 65 0R0 292 1.2 25.3 68.4 1.0121 0.00 0.0M
396300.000 1960 COM2 65 0R0 266 0.8 25.3 67.8 1.0121 0.00 0.0M
396360.000 1960 COM2 65 0R0 233 1.6 25.5 67.3 1.0121 0.00 0.0M
396420.000 1960 COM2 65 0R0 214 2.0 25.5 67.0 1.0121 0.00 0.0M
396480.000 1960 COM2 65 0R0 241 1.9 25.5 67.6 1.0121 0.00 0.0M
396540.000 1960 COM2 65 0R0 229 2.0 25.4 67.5 1.0120 0.00 0.0M
396600.000 1960 COM2 65 0R0 244 0.8 25.4 67.3 1.0120 0.00 0.0M
396660.000 1960 COM2 65 0R0 156 0.5 25.2 68.1 1.0120 0.00 0.0M
396720.000 1960 COM2 65 0R0 162 0.7 25.2 68.6 1.0120 0.00 0.0M
396780.000 1960 COM2 65 0R0 149 0.8 25.4 66.8 1.0120 0.00 0.0M
396840.000 1960 COM2 65 0R0 204 1.0 25.5 67.1 1.0120 0.00 0.0M
396900.000 1960 COM2 65 0R0 177 1.1 25.8 66.5 1.0120 0.00 0.0M
396960.000 1960 COM2 65 0R0 253 0.6 25.9 65.7 1.0120 0.00 0.0M
397020.000 1960 COM2 65 0R0 286 0.6 25.9 65.7 1.0120 0.00 0.0M
397080.000 1960 COM2 65 0R0 113 1.3 25.9 64.2 1.0120 0.00 0.0M
397140.000 1960 COM2 65 0R0 139 1.2 25.9 66.4 1.0120 0.00 0.0M
397200.000 1960 COM2 65 0R0 123 1.7 26.0 66.6 1.0120 0.00 0.0M
397260.000 1960 COM2 65 0R0 127 1.6 26.0 65.4 1.0120 0.00 0.0M
397320.000 1960 COM2 65 0R0 150 3.0 26.0 66.0 1.0119 0.00 0.0M
397380.000 1960 COM2 65 0R0 128 0.6 25.9 66.2 1.0119 0.00 0.0M
397440.000 1960 COM2 65 0R0 135 0.8 25.7 67.3 1.0119 0.00 0.0M
397500.000 1960 COM2 65 0R0 093 0.9 25.5 67.2 1.0119 0.00 0.0M
397560.000 1960 COM2 65 0R0 113 0.7 25.4 67.3 1.0119 0.00 0.0M
397620.000 1960 COM2 65 0R0 130 1.2 25.4 66.6 1.0119 0.00 0.0M
397680.000 1960 COM2 65 0R0 098 0.6 25.5 64.6 1.0119 0.00 0.0M
397740.000 1960 COM2 65 0R0 222 0.8 25.6 66.1 1.0120 0.00 0.0M
397800.000 1960 COM2 65 0R0 143 0.8 25.8 64.4 1.0120 0.00 0.0M
397860.000 1960 COM2 65 0R0 199 2.4 25.9 64.5 1.0120 0.00 0.0M
397920.000 1960 COM2 65 0R0 223 0.4 26.0 61.9 1.0119 0.00 0.0M
397980.000 1960 COM2 65 0R0 072 0.8 26.1 63.7 1.0119 0.00 0.0M
398040.000 1960 COM2 65 0R0 245 0.5 26.2 63.5 1.0119 0.00 0.0M
398100.000 1960 COM2 65 0R0 154 0.7 26.3 63.3 1.0119 0.00 0.0M
398160.100 1960 COM2 65 0R0 098 0.3 26.3 63.8 1.0119 0.00 0.0M
398220.000 1960 COM2 65 0R0 102 0.6 26.5 63.5 1.0119 0.00 0.0M
398280.000 1960 COM2 65 0R0 197 1.2 26.6 63.5 1.0119 0.00 0.0M
398340.000 1960 COM2 65 0R0 122 1.3 26.6 62.5 1.0119 0.00 0.0M
398400.000 1960 COM2 65 0R0 127 1.7 26.6 62.7 1.0119 0.00 0.0M
398460.000 1960 COM2 65 0R0 206 1.1 26.8 61.5 1.0119 0.00 0.0M
398520.000 1960 COM2 65 0R0 020 0.4 26.7 61.3 1.0120 0.00 0.0M
398580.000 1960 COM2 65 0R0 179 0.8 26.5 62.4 1.0120 0.00 0.0M
398640.000 1960 COM2 65 0R0 261 1.0 26.6 62.2 1.0120 0.00 0.0M
398700.000 1960 COM2 65 0R0 160 0.4 26.6 61.5 1.0120 0.00 0.0M
398760.000 1960 COM2 65 0R0 230 1.9 26.7 61.9 1.0119 0.00 0.0M
398820.000 1960 COM2 65 0R0 229 0.4 26.7 62.0 1.0119 0.00 0.0M
398880.000 1960 COM2 65 0R0 106 1.1 26.7 62.5 1.0119 0.00 0.0M
398940.000 1960 COM2 65 0R0 107 1.0 26.7 60.9 1.0119 0.00 0.0M
399000.000 1960 COM2 65 0R0 091 1.1 27.0 60.4 1.0119 0.00 0.0M
399060.000 1960 COM2 65 0R0 209 0.7 27.0 59.4 1.0119 0.00 0.0M
399120.000 1960 COM2 65 0R0 126 1.0 26.8 59.7 1.0119 0.00 0.0M
399180.000 1960 COM2 65 0R0 137 1.9 26.7 60.8 1.0119 0.00 0.0M
399240.000 1960 COM2 65 0R0 160 1.8 26.7 60.2 1.0119 0.00 0.0M
399300.000 1960 COM2 65 0R0 105 1.0 26.6 59.7 1.0119 0.00 0.0M
399360.000 1960 COM2 65 0R0 154 1.4 26.6 60.1 1.0119 0.00 0.0M
399420.000 1960 COM2 65 0R0 107 0.6 26.7 59.4 1.0119 0.00 0.0M
399480.000 1960 COM2 65 0R0 168 0.8 26.6 60.0 1.0119 0.00 0.0M
399540.000 1960 COM2 65 0R0 090 1.3 26.5 60.0 1.0119 0.00 0.0M
399600.000 1960 COM2 65 0R0 168 1.5 26.6 60.5 1.0119 0.00 0.0M
399660.000 1960 COM2 65 0R0 147 1.7 26.6 60.0 1.0119 0.00 0.0M
399720.000 1960 COM2 65 0R0 161 1.6 26.5 59.5 1.0119 0.00 0.0M
399780.000 1960 COM2 65 0R0 215 0.8 26.4 59.4 1.0119 0.00 0.0M
399840.000 1960 COM2 65 0R0 251 0.3 26.3 60.7 1.0119 0.00 0.0M
399900.000 1960 COM2 65 0R0 057 0.3 26.5 60.6 1.0119 0.00 0.0M
399960.000 1960 COM2 65 0R0 244 0.2 26.7 60.4 1.0119 0.00 0.0M
400020.000 1960 COM2 65 0R0 145 0.3 27.1 60.1 1.0118 0.00 0.0M
400080.000 1960 COM2 65 0R0 191 0.5 27.4 59.5 1.0118 0.00 0.0M
400140.000 1960 COM2 65 0R0 128 1.3 27.7 58.1 1.0118 0.00 0.0M
400200.000 1960 COM2 65 0R0 113 1.6 27.8 57.1 1.0118 0.00 0.0M
400260.000 1960 COM2 65 0R0 078 1.4 27.5 56.3 1.0118 0.00 0.0M
400320.000 1960 COM2 65 0R0 120 1.6 27.2 57.8 1.0118 0.00 0.0M
400380.000 1960 COM2 65 0R0 191 2.5 27.1 58.5 1.0118 0.00 0.0M
400440.100 1960 COM2 65 0R0 188 2.3 27.2 57.9 1.0117 0.00 0.0M
400500.000 1960 COM2 65 0R0 086 0.5 26.9 58.9 1.0117 0.00 0.0M
400560.000 1960 COM2 65 0R0 163 1.9 26.7 60.4 1.0118 0.00 0.0M
400620.000 1960 COM2 65 0R0 206 1.0 26.8 59.4 1.0118 0.00 0.0M
400680.100 1960 COM2 65 0R0 226 0.8 26.9 59.0 1.0118 0.00 0.0M
400740.000 1960 COM2 65 0R0 207 0.8 26.9 59.4 1.0118 0.00 0.0M
400800.000 1960 COM2 65 0R0 190 0.6 26.8 59.6 1.0117 0.00 0.0M
400860.000 1960 COM2 65 0R0 158 1.5 26.7 60.0 1.0118 0.00 0.0M
400920.000 1960 COM2 65 0R0 127 2.4 26.8 59.8 1.0117 0.00 0.0M
400980.000 1960 COM2 65 0R0 120 1.7 27.1 58.0 1.0117 0.00 0.0M
401040.000 1960 COM2 65 0R0 114 2.2 27.4 58.3 1.0117 0.00 0.0M
401100.000 1960 COM2 65 0R0 158 0.3 27.5 57.3 1.0118 0.00 0.0M
401160.000 1960 COM2 65 0R0 110 1.3 27.3 57.9 1.0118 0.00 0.0M
401220.000 1960 COM2 65 0R0 114 1.7 27.3 57.8 1.0117 0.00 0.0M
401280.100 1960 COM2 65 0R0 188 0.5 27.5 57.1 1.0118 0.00 0.0M
401340.100 1960 COM2 65 0R0 176 1.3 27.6 57.4 1.0118 0.00 0.0M
401400.100 1960 COM2 65 0R0 183 0.9 27.6 57.4 1.0118 0.00 0.0M
401460.000 1960 COM2 65 0R0 243 1.4 27.6 58.6 1.0118 0.00 0.0M
401520.000 1960 COM2 65 0R0 166 1.3 27.6 58.7 1.0118 0.00 0.0M
401580.100 1960 COM2 65 0R0 229 2.2 27.5 57.7 1.0118 0.00 0.0M
401640.100 1960 COM2 65 0R0 198 2.6 27.2 59.1 1.0118 0.00 0.0M
401700.100 1960 COM2 65 0R0 222 2.5 27.0 59.7 1.0117 0.00 0.0M
401760.100 1960 COM2 65 0R0 184 2.7 26.9 60.0 1.0117 0.00 0.0M
401820.100 1960 COM2 65 0R0 223 2.8 26.8 60.6 1.0117 0.00 0.0M
401880.100 1960 COM2 65 0R0 212 2.1 26.6 60.9 1.0117 0.00 0.0M
401940.100 1960 COM2 65 0R0 313 0.5 26.4 61.1 1.0117 0.00 0.0M
402000.100 1960 COM2 65 0R0 267 1.2 26.5 61.9 1.0117 0.00 0.0M
402060.100 1960 COM2 65 0R0 157 1.7 26.6 61.3 1.0117 0.00 0.0M
402120.100 1960 COM2 65 0R0 265 0.7 26.8 61.3 1.0117 0.00 0.0M
402180.100 1960 COM2 65 0R0 157 0.7 27.0 60.6 1.0117 0.00 0.0M
402240.100 1960 COM2 65 0R0 089 2.6 27.1 61.2 1.0117 0.00 0.0M
402300.100 1960 COM2 65 0R0 124 3.2 27.2 59.5 1.0116 0.00 0.0M
402360.100 1960 COM2 65 0R0 093 3.2 27.3 59.5 1.0117 0.00 0.0M
402420.100 1960 COM2 65 0R0 153 0.9 27.2 59.6 1.0116 0.00 0.0M
402480.000 1960 COM2 65 0R0 143 1.4 27.1 60.1 1.0116 0.00 0.0M
402540.000 1960 COM2 65 0R0 123 1.1 27.2 60.9 1.0116 0.00 0.0M
402600.000 1960 COM2 65 0R0 137 1.6 27.2 60.3 1.0116 0.00 0.0M
402660.000 1960 COM2 65 0R0 202 2.1 27.2 60.4 1.0116 0.00 0.0M
402720.000 1960 COM2 65 0R0 221 1.3 27.2 60.3 1.0116 0.00 0.0M
402780.000 1960 COM2 65 0R0 235 0.2 27.2 59.5 1.0116 0.00 0.0M
402840.000 1960 COM2 65 0R0 232 0.2 27.2 59.7 1.0116 0.00 0.0M
402900.000 1960 COM2 65 0R0 086 0.6 27.2 59.7 1.0116 0.00 0.0M
402960.000 1960 COM2 65 0R0 221 0.8 27.4 59.7 1.0116 0.00 0.0M
403020.000 1960 COM2 65 0R0 090 0.3 27.7 59.2 1.0116 0.00 0.0M
403080.000 1960 COM2 65 0R0 223 1.2 28.1 58.4 1.0116 0.00 0.0M
403140.000 1960 COM2 65 0R0 248 2.9 28.4 58.0 1.0116 0.00 0.0M
403200.000 1960 COM2 65 0R0 246 1.6 28.8 56.3 1.0116 0.00 0.0M
403260.000 1960 COM2 65 0R0 219 1.7 28.9 56.4 1.0116 0.00 0.0M
403320.000 1960 COM2 65 0R0 227 2.3 28.7 56.8 1.0116 0.00 0.0M
403380.000 1960 COM2 65 0R0 267 1.6 28.6 56.4 1.0116 0.00 0.0M
403440.000 1960 COM2 65 0R0 230 1.2 28.5 56.0 1.0116 0.00 0.0M
403500.100 1960 COM2 65 0R0 250 2.4 28.5 55.7 1.0116 0.00 0.0M
403560.000 1960 COM2 65 0R0 237 1.7 28.4 56.2 1.0116 0.00 0.0M
403620.000 1960 COM2 65 0R0 276 1.2 28.3 55.8 1.0116 0.00 0.0M
403680.000 1960 COM2 65 0R0 188 1.6 28.2 56.6 1.0116 0.00 0.0M
403740.000 1960 COM2 65 0R0 233 0.6 28.2 57.8 1.0116 0.00 0.0M
403800.000 1960 COM2 65 0R0 139 0.2 28.2 55.7 1.0116 0.00 0.0M
403860.000 1960 COM2 65 0R0 054 0.7 28.2 56.6 1.0116 0.00 0.0M
403920.000 1960 COM2 65 0R0 321 0.3 28.2 56.7 1.0115 0.00 0.0M
403980.000 1960 COM2 65 0R0 183 1.0 28.3 56.7 1.0115 0.00 0.0M
404040.000 1960 COM2 65 0R0 277 1.1 28.4 56.5 1.0115 0.00 0.0M
404100.000 1960 COM2 65 0R0 233 1.4 28.5 55.9 1.0115 0.00 0.0M
404160.000 1960 COM2 65 0R0 267 1.7 28.4 55.6 1.0115 0.00 0.0M
404220.000 1960 COM2 65 0R0 216 1.9 28.3 56.4 1.0115 0.00 0.0M
404280.000 1960 COM2 65 0R0 257 0.7 28.2 57.1 1.0115 0.00 0.0M
404340.000 1960 COM2 65 0R0 233 0.9 28.2 55.9 1.0115 0.00 0.0M
404400.000 1960 COM2 65 0R0 235 1.9 28.1 56.5 1.0115 0.00 0.0M
404460.000 1960 COM2 65 0R0 159 0.7 28.1 56.3 1.0115 0.00 0.0M
404520.000 1960 COM2 65 0R0 192 0.7 28.2 57.5 1.0115 0.00 0.0M
404580.000 1960 COM2 65 0R0 152 0.3 28.4 56.7 1.0115 0.00 0.0M
404640.000 1960 COM2 65 0R0 124 0.4 28.6 55.8 1.0115 0.00 0.0M
404700.000 1960 COM2 65 0R0 167 2.7 28.9 55.5 1.0115 0.00 0.0M
404760.000 1960 COM2 65 0R0 148 0.7 29.1 54.0 1.0114 0.00 0.0M
404820.100 1960 COM2 65 0R0 124 1.8 29.0 54.1 1.0114 0.00 0.0M
404880.000 1960 COM2 65 0R0 103 1.2 28.8 54.1 1.0114 0.00 0.0M
404940.000 1960 COM2 65 0R0 101 1.4 28.6 54.3 1.0114 0.00 0.0M
405000.000 1960 COM2 65 0R0 095 2.1 28.5 54.7 1.0113 0.00 0.0M
405060.000 1960 COM2 65 0R0 135 2.5 28.6 54.8 1.0113 0.00 0.0M
405120.000 1960 COM2 65 0R0 146 2.1 28.7 54.7 1.0113 0.00 0.0M
405180.000 1960 COM2 65 0R0 137 2.1 28.9 54.8 1.0113 0.00 0.0M
405240.000 1960 COM2 65 0R0 134 2.1 29.0 53.4 1.0113 0.00 0.0M
405300.000 1960 COM2 65 0R0 126 1.8 29.1 53.0 1.0113 0.00 0.0M
405360.000 1960 COM2 65 0R0 160 2.5 29.1 54.1 1.0113 0.00 0.0M
405420.000 1960 COM2 65 0R0 118 1.2 29.1 53.3 1.0113 0.00 0.0M
405480.000 1960 COM2 65 0R0 106 0.9 29.0 53.8 1.0113 0.00 0.0M
405540.000 1960 COM2 65 0R0 161 1.6 29.1 53.9 1.0113 0.00 0.0M
405600.000 1960 COM2 65 0R0 217 1.2 29.2 53.3 1.0113 0.00 0.0M
405660.000 1960 COM2 65 0R0 108 1.0 29.1 53.4 1.0113 0.00 0.0M
405720.000 1960 COM2 65 0R0 156 1.5 29.1 54.5 1.0112 0.00 0.0M
405780.000 1960 COM2 65 0R0 152 1.2 29.3 53.5 1.0112 0.00 0.0M
405840.000 1960 COM2 65 0R0 206 1.3 29.3 52.2 1.0112 0.00 0.0M
405900.000 1960 COM2 65 0R0 126 0.4 28.8 53.7 1.0112 0.00 0.0M
405960.000 1960 COM2 65 0R0 033 0.4 28.6 54.9 1.0112 0.00 0.0M
406020.000 1960 COM2 65 0R0 134 0.4 28.7 55.0 1.0112 0.00 0.0M
406080.000 1960 COM2 65 0R0 124 2.0 29.1 54.6 1.0112 0.00 0.0M
406140.000 1960 COM2 65 0R0 191 2.4 29.5 52.4 1.0112 0.00 0.0M
406200.000 1960 COM2 65 0R0 188 2.2 29.5 53.8 1.0111 0.00 0.0M
406260.000 1960 COM2 65 0R0 194 1.9 29.4 51.9 1.0111 0.00 0.0M
406320.000 1960 COM2 65 0R0 154 2.3 29.0 53.0 1.0111 0.00 0.0M
406380.000 1960 COM2 65 0R0 104 0.5 28.9 53.4 1.0111 0.00 0.0M
406440.000 1960 COM2 65 0R0 130 1.0 29.0 54.1 1.0111 0.00 0.0M
406500.000 1960 COM2 65 0R0 116 1.1 29.2 52.9 1.0111 0.00 0.0M
406560.000 1960 COM2 65 0R0 138 2.3 29.2 54.3 1.0111 0.00 0.0M
406620.000 1960 COM2 65 0R0 204 3.7 29.2 53.2 1.0111 0.00 0.0M
406680.000 1960 COM2 65 0R0 148 3.1 29.1 52.5 1.0111 0.00 0.0M
406740.000 1960 COM2 65 0R0 154 2.4 28.8 52.9 1.0111 0.00 0.0M
406800.000 1960 COM2 65 0R0 155 2.1 28.5 53.3 1.0111 0.00 0.0M
406860.000 1960 COM2 65 0R0 091 0.1 28.3 54.6 1.0111 0.00 0.0M
406920.000 1960 COM2 65 0R0 173 2.8 28.2 53.4 1.0111 0.00 0.0M
406980.000 1960 COM2 65 0R0 175 1.7 28.3 53.9 1.0111 0.00 0.0M
407040.000 1960 COM2 65 0R0 203 0.7 28.3 52.7 1.0111 0.00 0.0M
407100.000 1960 COM2 65 0R0 121 1.4 28.3 53.7 1.0110 0.00 0.0M
407160.000 1960 COM2 65 0R0 115 2.5 28.3 54.8 1.0110 0.00 0.0M
407220.000 1960 COM2 65 0R0 124 2.2 28.6 53.6 1.0110 0.00 0.0M
407280.000 1960 COM2 65 0R0 114 1.0 28.6 54.3 1.0110 0.00 0.0M
407340.000 1960 COM2 65 0R0 092 3.5 28.6 54.0 1.0110 0.00 0.0M
407400.000 1960 COM2 65 0R0 111 3.3 28.5 54.0 1.0109 0.00 0.0M
407460.000 1960 COM2 65 0R0 128 1.7 28.3 54.4 1.0109 0.00 0.0M
407520.000 1960 COM2 65 0R0 107 1.2 28.2 55.2 1.0109 0.00 0.0M
407580.000 1960 COM2 65 0R0 122 2.1 28.2 55.8 1.0109 0.00 0.0M
407640.000 1960 COM2 65 0R0 147 2.2 28.5 55.1 1.0109 0.00 0.0M
407700.000 1960 COM2 65 0R0 172 2.9 28.9 54.8 1.0109 0.00 0.0M
407760.000 1960 COM2 65 0R0 191 2.0 29.1 54.8 1.0109 0.00 0.0M
407820.000 1960 COM2 65 0R0 113 2.3 29.0 54.5 1.0109 0.00 0.0M
407880.000 1960 COM2 65 0R0 144 1.0 28.8 53.3 1.0109 0.00 0.0M
407940.000 1960 COM2 65 0R0 211 0.9 28.5 54.4 1.0109 0.00 0.0M
408000.000 1960 COM2 65 0R0 238 0.7 28.4 54.7 1.0109 0.00 0.0M
408060.000 1960 COM2 65 0R0 082 1.8 28.4 55.2 1.0109 0.00 0.0M
408120.000 1960 COM2 65 0R0 119 2.3 28.5 54.7 1.0109 0.00 0.0M
408180.000 1960 COM2 65 0R0 127 0.7 28.5 54.7 1.0109 0.00 0.0M
408240.000 1960 COM2 65 0R0 102 2.3 28.5 54.8 1.0109 0.00 0.0M
408300.000 1960 COM2 65 0R0 111 2.2 28.6 54.6 1.0109 0.00 0.0M
408360.000 1960 COM2 65 0R0 144 0.2 28.7 54.7 1.0109 0.00 0.0M
408420.000 1960 COM2 65 0R0 205 1.7 28.9 54.8 1.0108 0.00 0.0M
408480.000 1960 COM2 65 0R0 155 3.3 29.2 54.3 1.0108 0.00 0.0M
408540.000 1960 COM2 65 0R0 108 1.0 29.5 52.6 1.0107 0.00 0.0M
408600.000 1960 COM2 65 0R0 071 0.5 29.6 52.6 1.0108 0.00 0.0M
408660.000 1960 COM2 65 0R0 128 2.2 29.8 53.2 1.0108 0.00 0.0M
408720.000 1960 COM2 65 0R0 129 1.4 30.0 52.0 1.0107 0.00 0.0M
408780.000 1960 COM2 65 0R0 144 2.6 30.1 51.2 1.0107 0.00 0.0M
408840.000 1960 COM2 65 0R0 130 0.9 30.1 52.2 1.0107 0.00 0.0M
408900.000 1960 COM2 65 0R0 116 2.6 30.1 51.8 1.0107 0.00 0.0M
408960.000 1960 COM2 65 0R0 088 2.3 30.1 50.6 1.0107 0.00 0.0M
409020.000 1960 COM2 65 0R0 085 2.2 29.7 50.9 1.0107 0.00 0.0M
409080.000 1960 COM2 65 0R0 089 2.0 29.1 51.8 1.0107 0.00 0.0M
409140.000 1960 COM2 65 0R0 111 2.6 28.6 53.7 1.0107 0.00 0.0M
409200.000 1960 COM2 65 0R0 099 2.4 28.4 55.1 1.0106 0.00 0.0M
409260.000 1960 COM2 65 0R0 128 2.9 28.6 53.0 1.0107 0.00 0.0M
409320.000 1960 COM2 65 0R0 187 4.1 28.7 53.5 1.0106 0.00 0.0M
409380.000 1960 COM2 65 0R0 171 4.4 28.9 54.5 1.0106 0.00 0.0M
409440.000 1960 COM2 65 0R0 192 3.2 29.2 51.9 1.0106 0.00 0.0M
409500.000 1960 COM2 65 0R0 193 3.1 28.9 52.4 1.0106 0.00 0.0M
409560.000 1960 COM2 65 0R0 129 2.1 28.5 53.3 1.0106 0.00 0.0M
409620.000 1960 COM2 65 0R0 136 1.5 28.5 54.9 1.0106 0.00 0.0M
409680.000 1960 COM2 65 0R0 150 1.0 28.7 54.6 1.0106 0.00 0.0M
409740.000 1960 COM2 65 0R0 169 1.8 29.0 53.5 1.0106 0.00 0.0M
409800.000 1960 COM2 65 0R0 149 0.9 29.2 53.2 1.0106 0.00 0.0M
409860.000 1960 COM2 65 0R0 198 4.2 29.4 54.7 1.0105 0.00 0.0M
409920.000 1960 COM2 65 0R0 202 2.6 29.6 53.3 1.0105 0.00 0.0M
409980.000 1960 COM2 65 0R0 233 1.2 29.4 53.5 1.0106 0.00 0.0M
410040.000 1960 COM2 65 0R0 113 1.8 29.2 55.1 1.0105 0.00 0.0M
410100.000 1960 COM2 65 0R0 150 2.5 29.2 54.7 1.0105 0.00 0.0M
410160.000 1960 COM2 65 0R0 119 2.6 29.3 52.7 1.0105 0.00 0.0M
410220.100 1960 COM2 65 0R0 099 0.7 29.2 52.6 1.0105 0.00 0.0M
410280.000 1960 COM2 65 0R0 103 1.5 29.1 53.6 1.0105 0.00 0.0M
410340.100 1960 COM2 65 0R0 159 1.7 29.1 53.4 1.0105 0.00 0.0M
410400.000 1960 COM2 65 0R0 185 2.6 29.2 53.6 1.0105 0.00 0.0M
410460.000 1960 COM2 65 0R0 135 1.6 29.1 52.9 1.0105 0.00 0.0M
410520.000 1960 COM2 65 0R0 155 1.8 28.9 54.0 1.0105 0.00 0.0M
410580.000 1960 COM2 65 0R0 109 1.6 29.0 54.6 1.0105 0.00 0.0M
410640.000 1960 COM2 65 0R0 100 1.0 29.2 54.0 1.0105 0.00 0.0M
410700.000 1960 COM2 65 0R0 218 3.1 29.4 52.8 1.0105 0.00 0.0M
410760.000 1960 COM2 65 0R0 097 0.6 29.5 52.2 1.0104 0.00 0.0M
410820.000 1960 COM2 65 0R0 205 0.8 29.6 51.9 1.0105 0.00 0.0M
410880.000 1960 COM2 65 0R0 162 2.7 29.7 51.4 1.0105 0.00 0.0M
410940.000 1960 COM2 65 0R0 112 2.0 29.8 51.6 1.0105 0.00 0.0M
411000.000 1960 COM2 65 0R0 162 4.3 29.8 51.1 1.0105 0.00 0.0M
411060.000 1960 COM2 65 0R0 134 1.1 29.9 50.6 1.0105 0.00 0.0M
411120.000 1960 COM2 65 0R0 124 0.9 29.7 51.6 1.0105 0.00 0.0M
411180.000 1960 COM2 65 0R0 150 2.0 29.7 51.8 1.0105 0.00 0.0M
411240.000 1960 COM2 65 0R0 134 3.4 29.8 52.3 1.0104 0.00 0.0M
411300.000 1960 COM2 65 0R0 127 1.6 30.0 49.2 1.0104 0.00 0.0M
411360.000 1960 COM2 65 0R0 100 3.0 29.9 50.0 1.0104 0.00 0.0M
411420.000 1960 COM2 65 0R0 137 4.5 29.7 49.6 1.0104 0.00 0.0M
411480.000 1960 COM2 65 0R0 154 3.0 29.5 50.1 1.0104 0.00 0.0M
411540.000 1960 COM2 65 0R0 125 1.9 29.5 50.2 1.0104 0.00 0.0M
411600.000 1960 COM2 65 0R0 143 2.5 29.5 50.7 1.0104 0.00 0.0M
411660.000 1960 COM2 65 0R0 138 1.3 29.6 50.7 1.0104 0.00 0.0M
411720.000 1960 COM2 65 0R0 176 3.5 29.6 50.3 1.0104 0.00 0.0M
411780.000 1960 COM2 65 0R0 143 3.3 29.7 50.5 1.0103 0.00 0.0M
411840.000 1960 COM2 65 0R0 139 3.0 29.7 50.2 1.0103 0.00 0.0M
411900.000 1960 COM2 65 0R0 146 4.2 29.8 50.3 1.0102 0.00 0.0M
411960.000 1960 COM2 65 0R0 135 4.6 29.8 50.9 1.0102 0.00 0.0M
412020.000 1960 COM2 65 0R0 092 2.0 29.8 50.6 1.0102 0.00 0.0M
412080.000 1960 COM2 65 0R0 139 2.5 29.7 51.4 1.0102 0.00 0.0M
412140.000 1960 COM2 65 0R0 184 0.7 29.6 51.8 1.0102 0.00 0.0M
412200.000 1960 COM2 65 0R0 151 1.5 29.5 52.3 1.0103 0.00 0.0M
412260.000 1960 COM2 65 0R0 112 1.6 29.5 52.2 1.0103 0.00 0.0M
412320.000 1960 COM2 65 0R0 196 3.6 29.4 50.9 1.0103 0.00 0.0M
412380.000 1960 COM2 65 0R0 187 4.9 29.2 52.3 1.0103 0.00 0.0M
412440.000 1960 COM2 65 0R0 187 4.1 29.1 53.1 1.0102 0.00 0.0M
412500.000 1960 COM2 65 0R0 212 3.1 28.9 54.2 1.0102 0.00 0.0M
412560.000 1960 COM2 65 0R0 236 3.2 28.9 54.1 1.0102 0.00 0.0M
412620.000 1960 COM2 65 0R0 218 2.8 29.0 54.1 1.0101 0.00 0.0M
412680.000 1960 COM2 65 0R0 338 0.6 29.1 53.5 1.0101 0.00 0.0M
412740.000 1960 COM2 65 0R0 153 3.5 29.2 53.6 1.0101 0.00 0.0M
412800.000 1960 COM2 65 0R0 195 2.0 29.3 53.8 1.0101 0.00 0.0M
412860.000 1960 COM2 65 0R0 200 0.7 29.3 52.1 1.0101 0.00 0.0M
412920.000 1960 COM2 65 0R0 137 2.0 29.2 53.7 1.0101 0.00 0.0M
412980.000 1960 COM2 65 0R0 122 3.9 29.3 53.2 1.0100 0.00 0.0M
413040.000 1960 COM2 65 0R0 214 2.3 29.4 52.1 1.0100 0.00 0.0M
413100.100 1960 COM2 65 0R0 166 2.3 29.3 52.4 1.0101 0.00 0.0M
413160.000 1960 COM2 65 0R0 139 1.0 29.1 53.0 1.0100 0.00 0.0M
413220.000 1960 COM2 65 0R0 213 1.5 29.0 53.3 1.0100 0.00 0.0M
413280.000 1960 COM2 65 0R0 177 3.6 29.0 53.4 1.0100 0.00 0.0M
413340.000 1960 COM2 65 0R0 176 3.1 29.1 53.1 1.0100 0.00 0.0M
413400.000 1960 COM2 65 0R0 164 4.5 29.0 54.4 1.0099 0.00 0.0M
413460.000 1960 COM2 65 0R0 172 2.9 29.0 53.0 1.0099 0.00 0.0M
413520.000 1960 COM2 65 0R0 230 2.4 28.9 53.2 1.0099 0.00 0.0M
413580.000 1960 COM2 65 0R0 134 1.7 28.8 54.4 1.0100 0.00 0.0M
413640.000 1960 COM2 65 0R0 162 2.5 28.9 54.4 1.0099 0.00 0.0M
413700.000 1960 COM2 65 0R0 189 3.7 29.1 53.1 1.0099 0.00 0.0M
413760.000 1960 COM2 65 0R0 190 2.7 29.1 53.5 1.0099 0.00 0.0M
413820.000 1960 COM2 65 0R0 151 1.6 29.0 54.4 1.0099 0.00 0.0M
413880.000 1960 COM2 65 0R0 178 3.5 29.0 54.8 1.0098 0.00 0.0M
413940.100 1960 COM2 65 0R0 174 3.6 29.0 54.3 1.0098 0.00 0.0M
414000.000 1960 COM2 65 0R0 133 3.4 29.1 54.1 1.0098 0.00 0.0M
414060.100 1960 COM2 65 0R0 115 3.7 29.2 55.1 1.0098 0.00 0.0M
414120.000 1960 COM2 65 0R0 114 3.0 29.2 54.0 1.0098 0.00 0.0M
414180.000 1960 COM2 65 0R0 134 1.9 29.1 54.5 1.0098 0.00 0.0M
414240.000 1960 COM2 65 0R0 127 2.0 29.1 54.9 1.0098 0.00 0.0M
414300.000 1960 COM2 65 0R0 086 0.5 29.2 54.0 1.0097 0.00 0.0M
414360.000 1960 COM2 65 0R0 108 0.6 29.2 54.6 1.0097 0.00 0.0M
414420.000 1960 COM2 65 0R0 129 3.4 29.2 54.3 1.0098 0.00 0.0M
414480.000 1960 COM2 65 0R0 105 1.8 29.2 54.4 1.0097 0.00 0.0M
414540.000 1960 COM2 65 0R0 118 1.9 29.2 53.4 1.0097 0.00 0.0M
414600.000 1960 COM2 65 0R0 157 2.4 29.2 53.5 1.0097 0.00 0.0M
414660.000 1960 COM2 65 0R0 150 1.6 29.2 53.2 1.0097 0.00 0.0M
414720.000 1960 COM2 65 0R0 123 1.1 29.2 53.3 1.0097 0.00 0.0M
414780.000 1960 COM2 65 0R0 091 2.1 29.3 53.4 1.0097 0.00 0.0M
414840.000 1960 COM2 65 0R0 128 3.2 29.4 52.6 1.0097 0.00 0.0M
414900.000 1960 COM2 65 0R0 123 1.0 29.5 52.2 1.0096 0.00 0.0M
414960.000 1960 COM2 65 0R0 199 1.0 29.6 53.0 1.0096 0.00 0.0M
415020.000 1960 COM2 65 0R0 137 2.2 29.8 52.0 1.0096 0.00 0.0M
415080.000 1960 COM2 65 0R0 167 3.8 30.0 51.6 1.0096 0.00 0.0M
415140.000 1960 COM2 65 0R0 181 4.2 30.2 50.1 1.0096 0.00 0.0M
415200.000 1960 COM2 65 0R0 187 4.1 29.9 50.4 1.0096 0.00 0.0M
415260.000 1960 COM2 65 0R0 167 4.2 29.4 50.7 1.0096 0.00 0.0M
415320.000 1960 COM2 65 0R0 175 2.5 29.0 51.8 1.0096 0.00 0.0M
415380.000 1960 COM2 65 0R0 217 2.2 28.9 52.6 1.0096 0.00 0.0M
415440.000 1960 COM2 65 0R0 146 0.7 29.0 52.9 1.0095 0.00 0.0M
415500.000 1960 COM2 65 0R0 106 2.2 29.1 53.0 1.0095 0.00 0.0M
415560.000 1960 COM2 65 0R0 129 2.6 29.3 51.8 1.0095 0.00 0.0M
415620.000 1960 COM2 65 0R0 114 1.8 29.4 52.1 1.0095 0.00 0.0M
415680.000 1960 COM2 65 0R0 134 1.8 29.5 52.2 1.0095 0.00 0.0M
415740.000 1960 COM2 65 0R0 166 3.6 29.6 52.9 1.0095 0.00 0.0M
415800.000 1960 COM2 65 0R0 197 4.0 29.6 52.6 1.0095 0.00 0.0M
415860.000 1960 COM2 65 0R0 165 3.3 29.4 52.4 1.0095 0.00 0.0M
415920.100 1960 COM2 65 0R0 143 0.9 29.1 53.7 1.0095 0.00 0.0M
415980.000 1960 COM2 65 0R0 178 3.5 29.0 53.7 1.0094 0.00 0.0M
416040.000 1960 COM2 65 0R0 170 3.3 28.8 52.8 1.0094 0.00 0.0M
416100.000 1960 COM2 65 0R0 236 1.3 28.7 53.5 1.0094 0.00 0.0M
416160.100 1960 COM2 65 0R0 148 1.6 28.7 54.2 1.0094 0.00 0.0M
416220.100 1960 COM2 65 0R0 122 0.9 28.7 53.5 1.0094 0.00 0.0M
416280.100 1960 COM2 65 0R0 114 0.9 28.7 54.0 1.0094 0.00 0.0M
416340.100 1960 COM2 65 0R0 182 2.2 28.8 53.6 1.0094 0.00 0.0M
416400.100 1960 COM2 65 0R0 123 1.7 28.9 53.4 1.0094 0.00 0.0M
416460.100 1960 COM2 65 0R0 129 2.3 29.0 53.1 1.0093 0.00 0.0M
416520.100 1960 COM2 65 0R0 073 0.3 29.1 52.5 1.0093 0.00 0.0M
416580.100 1960 COM2 65 0R0 178 0.8 29.2 52.5 1.0093 0.00 0.0M
416640.000 1960 COM2 65 0R0 170 2.8 29.4 53.3 1.0093 0.00 0.0M
416700.100 1960 COM2 65 0R0 081 1.0 29.6 52.6 1.0093 0.00 0.0M
416760.100 1960 COM2 65 0R0 105 1.4 29.7 52.1 1.0093 0.00 0.0M
416820.100 1960 COM2 65 0R0 090 2.7 29.7 51.8 1.0092 0.00 0.0M
416880.100 1960 COM2 65 0R0 102 2.8 29.8 51.4 1.0092 0.00 0.0M
416940.100 1960 COM2 65 0R0 161 1.4 29.8 50.8 1.0092 0.00 0.0M
417000.100 1960 COM2 65 0R0 136 0.6 29.8 51.5 1.0091 0.00 0.0M
417060.000 1960 COM2 65 0R0 120 2.2 29.8 51.4 1.0091 0.00 0.0M
417120.100 1960 COM2 65 0R0 125 1.1 29.8 50.9 1.0091 0.00 0.0M
417180.100 1960 COM2 65 0R0 131 0.9 29.7 51.7 1.0091 0.00 0.0M
417240.100 1960 COM2 65 0R0 149 2.3 29.7 51.3 1.0091 0.00 0.0M
417300.000 1960 COM2 65 0R0 155 0.7 29.7 51.5 1.0090 0.00 0.0M
417360.000 1960 COM2 65 0R0 121 2.0 29.7 51.6 1.0090 0.00 0.0M
417420.000 1960 COM2 65 0R0 180 3.1 29.8 51.5 1.0090 0.00 0.0M
417480.100 1960 COM2 65 0R0 086 1.7 29.9 52.3 1.0090 0.00 0.0M
417540.000 1960 COM2 65 0R0 125 3.7 29.9 52.2 1.0090 0.00 0.0M
417600.000 1960 COM2 65 0R0 111 1.4 30.0 50.6 1.0089 0.00 0.0M
417660.000 1960 COM2 65 0R0 104 2.9 29.9 50.9 1.0090 0.00 0.0M
417720.000 1960 COM2 65 0R0 213 1.3 29.8 51.4 1.0090 0.00 0.0M
417780.100 1960 COM2 65 0R0 089 2.8 29.5 52.2 1.0090 0.00 0.0M
417840.000 1960 COM2 65 0R0 129 3.5 29.5 52.0 1.0090 0.00 0.0M
417900.000 1960 COM2 65 0R0 114 1.6 29.5 52.6 1.0090 0.00 0.0M
417960.000 1960 COM2 65 0R0 124 1.6 29.6 51.4 1.0090 0.00 0.0M
418020.100 1960 COM2 65 0R0 111 2.5 29.7 51.3 1.0090 0.00 0.0M
418080.000 1960 COM2 65 0R0 117 3.8 29.7 50.8 1.0090 0.00 0.0M
418140.000 1960 COM2 65 0R0 150 1.9 29.8 50.6 1.0089 0.00 0.0M
418200.000 1960 COM2 65 0R0 171 2.0 29.7 50.8 1.0090 0.00 0.0M
418260.000 1960 COM2 65 0R0 191 3.2 29.7 51.7 1.0090 0.00 0.0M
418320.000 1960 COM2 65 0R0 203 2.4 29.7 50.3 1.0089 0.00 0.0M
418380.000 1960 COM2 65 0R0 191 1.5 29.5 52.2 1.0089 0.00 0.0M
418440.000 1960 COM2 65 0R0 093 1.2 29.3 52.4 1.0089 0.00 0.0M
418500.000 1960 COM2 65 0R0 105 1.9 29.4 52.4 1.0089 0.00 0.0M
418560.000 1960 COM2 65 0R0 152 3.1 29.6 52.7 1.0089 0.00 0.0M
418620.000 1960 COM2 65 0R0 140 1.6 29.9 51.7 1.0089 0.00 0.0M
418680.000 1960 COM2 65 0R0 175 2.0 30.0 52.1 1.0089 0.00 0.0M
418740.000 1960 COM2 65 0R0 182 2.2 30.0 51.9 1.0089 0.00 0.0M
418800.000 1960 COM2 65 0R0 106 1.1 29.9 51.6 1.0089 0.00 0.0M
418860.000 1960 COM2 65 0R0 176 4.4 29.8 52.2 1.0089 0.00 0.0M
418920.000 1960 COM2 65 0R0 128 1.0 29.8 51.5 1.0088 0.00 0.0M
418980.000 1960 COM2 65 0R0 134 3.0 29.7 52.3 1.0088 0.00 0.0M
419040.000 1960 COM2 65 0R0 166 3.6 29.7 51.9 1.0088 0.00 0.0M
419100.000 1960 COM2 65 0R0 157 2.6 29.7 52.2 1.0088 0.00 0.0M
419160.000 1960 COM2 65 0R0 158 3.7 29.5 52.2 1.0088 0.00 0.0M
419220.000 1960 COM2 65 0R0 186 1.3 29.4 52.7 1.0088 0.00 0.0M
419280.000 1960 COM2 65 0R0 197 1.2 29.4 53.4 1.0088 0.00 0.0M
419340.000 1960 COM2 65 0R0 175 3.3 29.3 53.6 1.0088 0.00 0.0M
419400.000 1960 COM2 65 0R0 194 2.6 29.3 54.2 1.0088 0.00 0.0M
419460.000 1960 COM2 65 0R0 213 3.1 29.3 54.2 1.0088 0.00 0.0M
419520.000 1960 COM2 65 0R0 188 4.1 29.2 54.1 1.0087 0.00 0.0M
419580.000 1960 COM2 65 0R0 111 2.9 29.3 54.5 1.0087 0.00 0.0M
419640.000 1960 COM2 65 0R0 128 2.3 29.3 54.0 1.0087 0.00 0.0M
419700.000 1960 COM2 65 0R0 111 1.7 29.3 53.8 1.0087 0.00 0.0M
419760.000 1960 COM2 65 0R0 159 4.6 29.4 53.7 1.0087 0.00 0.0M
419820.000 1960 COM2 65 0R0 148 3.5 29.3 53.3 1.0088 0.00 0.0M
419880.000 1960 COM2 65 0R0 139 2.5 29.2 53.4 1.0088 0.00 0.0M
419940.000 1960 COM2 65 0R0 170 4.0 29.2 53.3 1.0088 0.00 0.0M
420000.100 1960 COM2 65 0R0 091 1.8 29.1 53.9 1.0088 0.00 0.0M
420060.000 1960 COM2 65 0R0 174 2.6 29.0 54.5 1.0088 0.00 0.0M
420120.000 1960 COM2 65 0R0 110 1.5 29.0 54.3 1.0088 0.00 0.0M
420180.000 1960 COM2 65 0R0 130 2.2 29.0 54.8 1.0088 0.00 0.0M
420240.000 1960 COM2 65 0R0 136 2.9 29.0 55.0 1.0087 0.00 0.0M
420300.000 1960 COM2 65 0R0 176 3.5 29.1 55.0 1.0087 0.00 0.0M
420360.000 1960 COM2 65 0R0 124 1.6 29.1 54.5 1.0087 0.00 0.0M
420420.000 1960 COM2 65 0R0 156 1.5 29.0 55.0 1.0087 0.00 0.0M
420480.000 1960 COM2 65 0R0 144 1.1 28.9 55.4 1.0086 0.00 0.0M
420540.000 1960 COM2 65 0R0 184 2.7 28.9 55.4 1.0086 0.00 0.0M
420600.000 1960 COM2 65 0R0 140 1.9 29.0 55.8 1.0086 0.00 0.0M
420660.000 1960 COM2 65 0R0 156 3.0 28.9 55.1 1.0086 0.00 0.0M
420720.000 1960 COM2 65 0R0 173 3.1 28.9 55.7 1.0086 0.00 0.0M
420780.000 1960 COM2 65 0R0 138 2.3 28.9 56.0 1.0086 0.00 0.0M
420840.000 1960 COM2 65 0R0 161 1.9 28.9 56.5 1.0086 0.00 0.0M
420900.100 1960 COM2 65 0R0 047 0.3 28.9 56.6 1.0086 0.00 0.0M
420960.000 1960 COM2 65 0R0 107 2.0 28.9 56.6 1.0086 0.00 0.0M
421020.100 1960 COM2 65 0R0 139 3.1 28.9 56.6 1.0086 0.00 0.0M
421080.000 1960 COM2 65 0R0 153 2.2 29.0 56.8 1.0085 0.00 0.0M
421140.000 1960 COM2 65 0R0 114 1.8 29.0 57.3 1.0085 0.00 0.0M
421200.000 1960 COM2 65 0R0 121 2.1 29.0 57.6 1.0086 0.00 0.0M
421260.000 1960 COM2 65 0R0 142 2.4 29.0 57.6 1.0086 0.00 0.0M
421320.000 1960 COM2 65 0R0 131 3.7 29.1 57.5 1.0085 0.00 0.0M
421380.000 1960 COM2 65 0R0 169 1.6 29.1 57.6 1.0085 0.00 0.0M
421440.000 1960 COM2 65 0R0 141 2.1 29.0 57.8 1.0086 0.00 0.0M
421500.000 1960 COM2 65 0R0 169 2.4 28.9 58.1 1.0085 0.00 0.0M
421560.000 1960 COM2 65 0R0 161 3.3 28.8 58.7 1.0085 0.00 0.0M
421620.000 1960 COM2 65 0R0 175 2.2 28.8 59.1 1.0085 0.00 0.0M
421680.000 1960 COM2 65 0R0 136 3.5 28.8 59.3 1.0086 0.00 0.0M
421740.000 1960 COM2 65 0R0 130 3.3 28.8 59.5 1.0086 0.00 0.0M
421800.000 1960 COM2 65 0R0 115 1.3 28.8 59.8 1.0085 0.00 0.0M
421860.000 1960 COM2 65 0R0 179 2.9 28.7 60.0 1.0085 0.00 0.0M
421920.000 1960 COM2 65 0R0 125 1.4 28.6 59.7 1.0085 0.00 0.0M
421980.000 1960 COM2 65 0R0 176 3.3 28.6 60.3 1.0085 0.00 0.0M
422040.000 1960 COM2 65 0R0 128 4.2 28.6 60.2 1.0084 0.00 0.0M
422100.000 1960 COM2 65 0R0 174 4.6 28.6 59.9 1.0085 0.00 0.0M
422160.000 1960 COM2 65 0R0 188 5.2 28.5 60.8 1.0085 0.00 0.0M
422220.000 1960 COM2 65 0R0 169 6.3 28.5 60.6 1.0086 0.00 0.0M
422280.000 1960 COM2 65 0R0 199 7.1 28.4 61.3 1.0087 0.00 0.0M
422340.000 1960 COM2 65 0R0 171 5.1 28.3 60.6 1.0087 0.00 0.0M
422400.000 1960 COM2 65 0R0 201 6.4 28.2 61.6 1.0088 0.00 0.0M
422460.000 1960 COM2 65 0R0 209 5.0 28.2 61.6 1.0088 0.00 0.0M
422520.000 1960 COM2 65 0R0 151 1.9 28.2 61.7 1.0088 0.00 0.0M
422580.000 1960 COM2 65 0R0 174 5.0 28.1 63.0 1.0089 0.00 0.0M
422640.000 1960 COM2 65 0R0 196 6.0 28.1 62.9 1.0089 0.00 0.0M
422700.000 1960 COM2 65 0R0 215 6.8 28.1 62.7 1.0088 0.00 0.0M
422760.000 1960 COM2 65 0R0 196 6.6 27.9 62.9 1.0088 0.00 0.0M
422820.000 1960 COM2 65 0R0 214 5.2 27.8 64.5 1.0088 0.00 0.0M
422880.000 1960 COM2 65 0R0 217 5.2 27.7 64.0 1.0087 0.00 0.0M
422940.000 1960 COM2 65 0R0 228 3.2 27.7 64.5 1.0087 0.00 0.0M
423000.000 1960 COM2 65 0R0 156 1.8 27.7 65.9 1.0087 0.00 0.0M
423060.000 1960 COM2 65 0R0 200 5.4 27.7 66.4 1.0087 0.00 0.0M
423120.000 1960 COM2 65 0R0 205 7.7 27.7 65.5 1.0086 0.00 0.0M
423180.000 1960 COM2 65 0R0 216 5.5 27.7 65.1 1.0086 0.00 0.0M
423240.000 1960 COM2 65 0R0 185 3.7 27.5 65.9 1.0087 0.00 0.0M
423300.000 1960 COM2 65 0R0 174 7.6 27.3 65.3 1.0086 0.00 0.0M
423360.000 1960 COM2 65 0R0 211 7.3 27.2 65.3 1.0086 0.00 0.0M
423420.000 1960 COM2 65 0R0 259 2.9 27.1 65.6 1.0087 0.00 0.0M
423480.000 1960 COM2 65 0R0 211 4.7 26.9 66.8 1.0088 0.00 0.0M
423540.000 1960 COM2 65 0R0 277 3.4 26.9 66.2 1.0088 0.00 0.0M
423600.000 1960 COM2 65 0R0 181 5.5 26.9 65.6 1.0088 0.00 0.0M
423660.000 1960 COM2 65 0R0 198 6.2 26.9 65.6 1.0088 0.00 0.0M
423720.000 1960 COM2 65 0R0 162 4.6 26.8 64.9 1.0087 0.00 0.0M
423780.000 1960 COM2 65 0R0 235 3.7 26.8 67.0 1.0088 0.00 0.0M
423840.000 1960 COM2 65 0R0 195 5.4 26.7 67.2 1.0088 0.00 0.0M
423900.000 1960 COM2 65 0R0 175 3.0 26.7 67.2 1.0088 0.00 0.0M
423960.000 1960 COM2 65 0R0 232 5.3 26.7 67.6 1.0089 0.00 0.0M
424020.000 1960 COM2 65 0R0 192 6.5 26.7 66.2 1.0089 0.00 0.0M
424080.000 1960 COM2 65 0R0 228 7.3 26.6 66.4 1.0089 0.00 0.0M
424140.000 1960 COM2 65 0R0 184 3.5 26.6 66.8 1.0088 0.00 0.0M
424200.000 1960 COM2 65 0R0 128 2.2 26.5 67.9 1.0089 0.00 0.0M
424260.000 1960 COM2 65 0R0 222 2.4 26.5 67.2 1.0089 0.00 0.0M
424320.000 1960 COM2 65 0R0 184 2.5 26.6 65.7 1.0088 0.00 0.0M
424380.000 1960 COM2 65 0R0 198 4.6 26.6 65.8 1.0088 0.00 0.0M
424440.000 1960 COM2 65 0R0 223 3.4 26.6 66.2 1.0087 0.00 0.0M
424500.000 1960 COM2 65 0R0 167 3.4 26.6 66.2 1.0086 0.00 0.0M
424560.000 1960 COM2 65 0R0 172 1.7 26.6 66.0 1.0087 0.00 0.0M
424620.000 1960 COM2 65 0R0 173 3.2 26.6 66.0 1.0087 0.00 0.0M
424680.000 1960 COM2 65 0R0 146 3.0 26.6 65.6 1.0087 0.00 0.0M
424740.000 1960 COM2 65 0R0 156 5.6 26.6 65.4 1.0087 0.00 0.0M
424800.000 1960 COM2 65 0R0 144 4.6 26.6 63.3 1.0087 0.00 0.0M
424860.000 1960 COM2 65 0R0 168 5.1 26.6 63.0 1.0087 0.00 0.0M
424920.000 1960 COM2 65 0R0 223 4.0 26.6 63.7 1.0088 0.00 0.0M
424980.000 1960 COM2 65 0R0 143 3.3 26.6 63.9 1.0088 0.00 0.0M
425040.000 1960 COM2 65 0R0 178 5.2 26.6 62.5 1.0087 0.00 0.0M
425100.000 1960 COM2 65 0R0 193 6.7 26.5 62.3 1.0088 0.00 0.0M
425160.000 1960 COM2 65 0R0 142 3.0 26.3 60.3 1.0087 0.00 0.0M
425220.000 1960 COM2 65 0R0 181 6.3 26.3 60.6 1.0087 0.00 0.0M
425280.000 1960 COM2 65 0R0 169 6.1 26.3 61.6 1.0088 0.00 0.0M
425340.000 1960 COM2 65 0R0 162 1.0 26.3 62.2 1.0088 0.00 0.0M
425400.000 1960 COM2 65 0R0 185 4.7 26.3 61.3 1.0089 0.00 0.0M
425460.000 1960 COM2 65 0R0 192 4.7 26.4 61.8 1.0088 0.00 0.0M
425520.000 1960 COM2 65 0R0 172 7.5 26.4 61.5 1.0088 0.00 0.0M
425580.000 1960 COM2 65 0R0 129 3.3 26.4 59.0 1.0088 0.00 0.0M
425640.000 1960 COM2 65 0R0 152 4.0 26.4 59.0 1.0087 0.00 0.0M
425700.000 1960 COM2 65 0R0 169 5.1 26.4 58.9 1.0087 0.00 0.0M
425760.000 1960 COM2 65 0R0 170 6.8 26.4 58.6 1.0087 0.00 0.0M
425820.000 1960 COM2 65 0R0 165 5.9 26.4 58.7 1.0087 0.00 0.0M
425880.000 1960 COM2 65 0R0 193 4.4 26.3 57.6 1.0088 0.00 0.0M
425940.000 1960 COM2 65 0R0 131 2.6 26.4 58.0 1.0088 0.00 0.0M
426000.000 1960 COM2 65 0R0 192 3.6 26.4 58.1 1.0089 0.00 0.0M
426060.000 1960 COM2 65 0R0 222 5.3 26.5 58.7 1.0089 0.00 0.0M
426120.000 1960 COM2 65 0R0 132 3.4 26.5 57.2 1.0089 0.00 0.0M
426180.000 1960 COM2 65 0R0 176 5.7 26.5 56.1 1.0090 0.00 0.0M
426240.000 1960 COM2 65 0R0 124 3.5 26.5 54.1 1.0090 0.00 0.0M
426300.000 1960 COM2 65 0R0 169 5.1 26.5 54.2 1.0089 0.00 0.0M
426360.000 1960 COM2 65 0R0 180 3.6 26.5 53.7 1.0090 0.00 0.0M
426420.000 1960 COM2 65 0R0 129 2.7 26.4 55.2 1.0090 0.00 0.0M
426480.000 1960 COM2 65 0R0 193 3.2 26.3 54.7 1.0090 0.00 0.0M
426540.000 1960 COM2 65 0R0 177 4.9 26.3 53.5 1.0090 0.00 0.0M
426600.000 1960 COM2 65 0R0 166 5.7 26.3 53.0 1.0090 0.00 0.0M
426660.000 1960 COM2 65 0R0 170 4.1 26.2 53.2 1.0090 0.00 0.0M
426720.000 1960 COM2 65 0R0 154 2.1 26.2 53.9 1.0091 0.00 0.0M
426780.000 1960 COM2 65 0R0 166 5.2 26.2 54.0 1.0091 0.00 0.0M
426840.000 1960 COM2 65 0R0 205 5.1 26.2 51.7 1.0090 0.00 0.0M
426900.000 1960 COM2 65 0R0 196 6.0 26.1 52.7 1.0090 0.00 0.0M
426960.000 1960 COM2 65 0R0 171 5.7 26.1 51.4 1.0090 0.00 0.0M
427020.000 1960 COM2 65 0R0 179 6.2 26.0 51.6 1.0089 0.00 0.0M
427080.000 1960 COM2 65 0R0 169 5.2 25.9 52.0 1.0090 0.00 0.0M
427140.000 1960 COM2 65 0R0 160 6.1 25.8 52.1 1.0090 0.00 0.0M
427200.000 1960 COM2 65 0R0 148 2.8 25.8 52.6 1.0090 0.00 0.0M
427260.000 1960 COM2 65 0R0 189 3.6 25.7 53.5 1.0090 0.00 0.0M
427320.000 1960 COM2 65 0R0 136 1.9 25.7 53.4 1.0090 0.00 0.0M
427380.000 1960 COM2 65 0R0 148 2.6 25.8 53.6 1.0090 0.00 0.0M
427440.000 1960 COM2 65 0R0 208 3.3 25.8 53.6 1.0090 0.00 0.0M
427500.000 1960 COM2 65 0R0 165 6.5 25.8 53.3 1.0090 0.00 0.0M
427560.100 1960 COM2 65 0R0 185 4.8 25.7 53.2 1.0089 0.00 0.0M
427620.000 1960 COM2 65 0R0 118 2.5 25.6 52.6 1.0090 0.00 0.0M
427680.000 1960 COM2 65 0R0 132 3.2 25.5 54.5 1.0090 0.00 0.0M
427740.000 1960 COM2 65 0R0 179 3.1 25.5 54.3 1.0091 0.00 0.0M
427800.000 1960 COM2 65 0R0 197 3.8 25.5 54.8 1.0091 0.00 0.0M
427860.000 1960 COM2 65 0R0 123 2.4 25.5 55.2 1.0091 0.00 0.0M
427920.000 1960 COM2 65 0R0 142 4.0 25.5 55.3 1.0092 0.00 0.0M
427980.000 1960 COM2 65 0R0 167 3.4 25.4 56.5 1.0092 0.00 0.0M
428040.000 1960 COM2 65 0R0 195 3.6 25.4 57.1 1.0092 0.00 0.0M
428100.000 1960 COM2 65 0R0 195 2.6 25.4 58.3 1.0092 0.00 0.0M
428160.000 1960 COM2 65 0R0 208 3.7 25.4 58.4 1.0093 0.00 0.0M
428220.000 1960 COM2 65 0R0 193 4.1 25.4 58.5 1.0092 0.00 0.0M
428280.000 1960 COM2 65 0R0 197 3.6 25.3 60.0 1.0093 0.00 0.0M
428340.000 1960 COM2 65 0R0 168 4.3 25.3 61.0 1.0093 0.00 0.0M
428400.000 1960 COM2 65 0R0 163 5.8 25.2 61.3 1.0094 0.00 0.0M
428460.000 1960 COM2 65 0R0 133 1.0 25.1 62.8 1.0094 0.00 0.0M
428520.000 1960 COM2 65 0R0 205 7.6 25.1 63.3 1.0095 0.00 0.0M
428580.000 1960 COM2 65 0R0 204 5.4 25.0 64.9 1.0095 0.00 0.0M
428640.000 1960 COM2 65 0R0 183 9.3 24.9 66.0 1.0096 0.00 0.0M
428700.000 1960 COM2 65 0R0 215 7.9 24.9 67.6 1.0095 0.00 0.0M
428760.000 1960 COM2 65 0R0 157 2.3 24.8 68.3 1.0096 0.00 0.0M
428820.000 1960 COM2 65 0R0 225 6.1 24.7 69.1 1.0096 0.00 0.0M
428880.000 1960 COM2 65 0R0 133 3.8 24.6 68.7 1.0097 0.00 0.0M
428940.000 1960 COM2 65 0R0 138 2.4 24.6 69.3 1.0097 0.00 0.0M
429000.000 1960 COM2 65 0R0 194 9.0 24.5 69.9 1.0095 0.00 0.0M
429060.000 1960 COM2 65 0R0 169 4.4 24.5 71.0 1.0095 0.00 0.0M
429120.000 1960 COM2 65 0R0 197 9.1 24.4 69.4 1.0096 0.00 0.0M
429180.000 1960 COM2 65 0R0 217 7.6 24.3 67.3 1.0097 0.00 0.0M
429240.000 1960 COM2 66 0R0 204 10.0 24.1 67.6 1.0097 0.00 0.0M
429300.000 1960 COM2 66 0R0 185 10.3 23.9 67.4 1.0096 0.00 0.0M
429360.000 1960 COM2 65 0R0 215 8.2 23.8 67.4 1.0096 0.00 0.0M
429420.000 1960 COM2 65 0R0 217 2.8 23.7 67.6 1.0097 0.00 0.0M
429480.000 1960 COM2 65 0R0 242 3.2 23.7 67.7 1.0098 0.00 0.0M
429540.000 1960 COM2 65 0R0 189 6.0 23.7 67.9 1.0099 0.00 0.0M
429600.000 1960 COM2 65 0R0 234 1.8 23.7 67.9 1.0098 0.00 0.0M
429660.000 1960 COM2 65 0R0 234 5.1 23.6 68.4 1.0098 0.00 0.0M
429720.000 1960 COM2 65 0R0 202 5.8 23.6 68.5 1.0098 0.00 0.0M
429780.100 1960 COM2 65 0R0 246 3.9 23.6 68.7 1.0099 0.00 0.0M
429840.000 1960 COM2 65 0R0 235 4.9 23.5 69.1 1.0099 0.00 0.0M
429900.000 1960 COM2 65 0R0 226 4.7 23.5 69.5 1.0098 0.00 0.0M
429960.000 1960 COM2 65 0R0 177 1.2 23.4 69.8 1.0098 0.00 0.0M
430020.000 1960 COM2 65 0R0 190 4.4 23.4 69.9 1.0099 0.00 0.0M
430080.000 1960 COM2 65 0R0 242 5.9 23.4 70.1 1.0098 0.00 0.0M
430140.100 1960 COM2 65 0R0 163 3.3 23.4 70.4 1.0098 0.00 0.0M
430200.000 1960 COM2 65 0R0 142 1.5 23.3 70.6 1.0098 0.00 0.0M
430260.000 1960 COM2 65 0R0 218 4.0 23.3 70.7 1.0098 0.00 0.0M
430320.000 1960 COM2 65 0R0 187 4.5 23.3 71.0 1.0098 0.00 0.0M
430380.100 1960 COM2 65 0R0 193 4.3 23.2 72.3 1.0097 0.00 0.0M
430440.100 1960 COM2 65 0R0 229 6.0 23.2 72.1 1.0097 0.00 0.0M
430500.000 1960 COM2 65 0R0 166 3.0 23.1 71.7 1.0097 0.00 0.0M
430560.000 1960 COM2 65 0R0 236 4.1 23.1 71.8 1.0098 0.00 0.0M
430620.000 1960 COM2 65 0R0 295 3.4 23.1 72.0 1.0098 0.00 0.0M
430680.000 1960 COM2 65 0R0 229 1.8 23.1 71.8 1.0098 0.00 0.0M
430740.000 1960 COM2 65 0R0 245 3.2 23.1 72.1 1.0098 0.00 0.0M
430800.000 1960 COM2 65 0R0 206 4.2 23.1 72.1 1.0098 0.00 0.0M
430860.000 1960 COM2 65 0R0 201 3.1 23.1 72.0 1.0097 0.00 0.0M
430920.000 1960 COM2 65 0R0 248 2.4 23.1 72.2 1.0097 0.00 0.0M
430980.000 1960 COM2 65 0R0 227 2.5 23.0 72.2 1.0097 0.00 0.0M
431040.000 1960 COM2 65 0R0 178 1.8 23.1 72.1 1.0098 0.00 0.0M
431100.000 1960 COM2 65 0R0 192 2.5 23.1 72.2 1.0098 0.00 0.0M
431160.000 1960 COM2 65 0R0 218 0.9 23.1 72.2 1.0098 0.00 0.0M
431220.000 1960 COM2 65 0R0 137 0.9 23.0 72.4 1.0099 0.00 0.0M
431280.000 1960 COM2 65 0R0 215 0.8 23.0 72.3 1.0099 0.00 0.0M
431340.000 1960 COM2 65 0R0 191 1.4 23.1 72.3 1.0099 0.00 0.0M
431400.000 1960 COM2 65 0R0 206 1.4 23.1 72.3 1.0099 0.00 0.0M
431460.000 1960 COM2 65 0R0 179 1.8 23.1 72.1 1.0098 0.00 0.0M
431520.000 1960 COM2 65 0R0 176 1.8 23.1 72.1 1.0098 0.00 0.0M
431580.000 1960 COM2 65 0R0 166 1.0 23.1 72.2 1.0098 0.00 0.0M
431640.000 1960 COM2 65 0R0 171 2.0 23.1 72.0 1.0097 0.00 0.0M
431700.000 1960 COM2 65 0R0 161 1.2 23.1 72.0 1.0097 0.00 0.0M
431760.000 1960 COM2 65 0R0 103 0.9 23.1 72.0 1.0098 0.00 0.0M
431820.000 1960 COM2 65 0R0 176 0.4 23.1 72.2 1.0098 0.00 0.0M
431880.000 1960 COM2 65 0R0 177 0.4 23.1 71.8 1.0098 0.00 0.0M
431940.000 1960 COM2 65 0R0 145 0.4 23.1 72.1 1.0098 0.00 0.0M
