TO [s] WNc [w] C StringLn ASCIIString
---------------------------------------
86400.000 1971 COM2 65 0R0 169 4.3 20.0 79.5 1.0019 0.00 0.0M
86460.000 1971 COM2 65 0R0 167 4.3 20.0 79.5 1.0019 0.00 0.0M
86520.000 1971 COM2 65 0R0 199 5.2 20.0 79.3 1.0019 0.00 0.0M
86580.300 1971 COM2 65 0R0 162 1.5 20.0 80.1 1.0019 0.00 0.0M
86640.000 1971 COM2 65 0R0 214 3.5 19.9 80.0 1.0019 0.00 0.0M
86700.000 1971 COM2 65 0R0 212 4.9 19.9 80.0 1.0020 0.00 0.0M
86760.000 1971 COM2 65 0R0 179 1.4 19.9 79.9 1.0020 0.00 0.0M
86820.000 1971 COM2 65 0R0 190 2.5 19.9 79.7 1.0021 0.00 0.0M
86880.000 1971 COM2 65 0R0 192 3.3 19.9 79.8 1.0021 0.00 0.0M
86940.000 1971 COM2 65 0R0 193 5.7 19.9 80.2 1.0020 0.00 0.0M
87000.000 1971 COM2 65 0R0 211 4.3 19.9 80.2 1.0019 0.00 0.0M
87060.000 1971 COM2 65 0R0 193 4.0 19.9 80.5 1.0019 0.00 0.0M
87120.000 1971 COM2 65 0R0 217 2.2 19.9 80.6 1.0020 0.00 0.0M
87180.000 1971 COM2 65 0R0 128 1.4 19.9 80.6 1.0020 0.00 0.0M
87240.000 1971 COM2 65 0R0 205 4.2 19.9 80.5 1.0020 0.00 0.0M
87300.000 1971 COM2 65 0R0 233 1.8 19.8 80.7 1.0020 0.00 0.0M
87360.000 1971 COM2 65 0R0 189 3.6 19.8 80.7 1.0020 0.00 0.0M
87420.000 1971 COM2 65 0R0 192 3.1 19.8 80.8 1.0020 0.00 0.0M
87480.000 1971 COM2 65 0R0 180 5.5 19.8 80.9 1.0020 0.00 0.0M
87540.000 1971 COM2 65 0R0 222 2.2 19.8 80.7 1.0020 0.00 0.0M
87600.000 1971 COM2 65 0R0 169 5.6 19.8 81.2 1.0020 0.00 0.0M
87660.000 1971 COM2 65 0R0 190 3.4 19.8 81.0 1.0020 0.00 0.0M
87720.000 1971 COM2 65 0R0 191 4.4 19.7 81.1 1.0019 0.00 0.0M
87780.000 1971 COM2 65 0R0 227 2.7 19.7 81.2 1.0019 0.00 0.0M
87840.000 1971 COM2 65 0R0 172 3.8 19.7 81.4 1.0019 0.00 0.0M
87900.000 1971 COM2 65 0R0 210 3.9 19.7 81.7 1.0019 0.00 0.0M
87960.000 1971 COM2 65 0R0 160 2.8 19.7 81.8 1.0019 0.00 0.0M
88020.000 1971 COM2 65 0R0 195 3.8 19.7 82.0 1.0018 0.00 0.0M
88080.000 1971 COM2 65 0R0 188 5.8 19.6 81.9 1.0018 0.00 0.0M
88140.000 1971 COM2 65 0R0 207 3.8 19.6 82.0 1.0018 0.00 0.0M
88200.000 1971 COM2 65 0R0 202 5.1 19.7 82.2 1.0018 0.00 0.0M
88260.000 1971 COM2 65 0R0 118 3.0 19.6 82.1 1.0017 0.00 0.0M
88320.000 1971 COM2 65 0R0 166 3.1 19.6 82.4 1.0017 0.00 0.0M
88380.000 1971 COM2 65 0R0 212 3.8 19.6 82.5 1.0017 0.00 0.0M
88440.000 1971 COM2 65 0R0 123 2.2 19.6 82.4 1.0017 0.00 0.0M
88500.000 1971 COM2 65 0R0 110 0.8 19.6 82.4 1.0017 0.00 0.0M
88560.000 1971 COM2 65 0R0 178 3.3 19.6 82.6 1.0016 0.00 0.0M
88620.000 1971 COM2 65 0R0 194 3.7 19.6 83.0 1.0016 0.00 0.0M
88680.000 1971 COM2 65 0R0 167 3.5 19.6 83.1 1.0015 0.00 0.0M
88740.000 1971 COM2 65 0R0 170 3.7 19.5 82.8 1.0015 0.00 0.0M
88800.000 1971 COM2 65 0R0 117 1.4 19.5 83.0 1.0014 0.00 0.0M
88860.000 1971 COM2 65 0R0 163 6.3 19.5 83.0 1.0014 0.00 0.0M
88920.000 1971 COM2 65 0R0 185 4.7 19.5 83.1 1.0013 0.00 0.0M
88980.000 1971 COM2 65 0R0 135 1.9 19.4 83.0 1.0013 0.00 0.0M
89040.000 1971 COM2 65 0R0 137 2.9 19.4 83.0 1.0012 0.00 0.0M
89100.000 1971 COM2 65 0R0 178 5.3 19.4 83.5 1.0012 0.00 0.0M
89160.000 1971 COM2 65 0R0 136 1.7 19.4 83.4 1.0012 0.00 0.0M
89220.000 1971 COM2 65 0R0 179 4.0 19.3 83.5 1.0013 0.00 0.0M
89280.000 1971 COM2 65 0R0 157 1.2 19.3 83.9 1.0014 0.00 0.0M
89340.000 1971 COM2 65 0R0 211 3.6 19.3 84.2 1.0014 0.00 0.0M
89400.000 1971 COM2 65 0R0 261 1.3 19.4 84.3 1.0015 0.00 0.0M
89460.000 1971 COM2 65 0R0 230 0.9 19.4 84.1 1.0015 0.00 0.0M
89520.000 1971 COM2 65 0R0 208 2.1 19.4 84.4 1.0016 0.00 0.0M
89580.000 1971 COM2 65 0R0 164 3.0 19.4 84.2 1.0016 0.00 0.0M
89640.000 1971 COM2 65 0R0 203 3.3 19.4 83.9 1.0016 0.00 0.0M
89700.000 1971 COM2 65 0R0 194 3.0 19.4 83.9 1.0016 0.00 0.0M
89760.000 1971 COM2 65 0R0 212 3.1 19.3 83.9 1.0016 0.00 0.0M
89820.000 1971 COM2 65 0R0 194 2.8 19.3 84.0 1.0016 0.00 0.0M
89880.000 1971 COM2 65 0R0 235 1.1 19.3 84.1 1.0016 0.00 0.0M
89940.000 1971 COM2 65 0R0 177 4.1 19.3 84.3 1.0015 0.00 0.0M
90000.000 1971 COM2 65 0R0 163 3.7 19.3 84.9 1.0015 0.00 0.0M
90060.000 1971 COM2 65 0R0 210 3.7 19.3 84.6 1.0015 0.00 0.0M
90120.000 1971 COM2 65 0R0 195 3.7 19.3 84.6 1.0016 0.00 0.0M
90180.000 1971 COM2 65 0R0 223 3.8 19.3 84.4 1.0017 0.00 0.0M
90240.000 1971 COM2 65 0R0 214 4.3 19.3 84.3 1.0017 0.00 0.0M
90300.000 1971 COM2 65 0R0 218 3.8 19.3 84.5 1.0018 0.00 0.0M
90360.000 1971 COM2 65 0R0 187 3.8 19.3 84.5 1.0018 0.00 0.0M
90420.000 1971 COM2 65 0R0 242 2.7 19.3 84.3 1.0019 0.00 0.0M
90480.000 1971 COM2 65 0R0 244 2.0 19.3 84.4 1.0019 0.00 0.0M
90540.000 1971 COM2 65 0R0 178 3.4 19.3 84.5 1.0019 0.00 0.0M
90600.000 1971 COM2 65 0R0 228 3.0 19.3 84.4 1.0019 0.00 0.0M
90660.000 1971 COM2 65 0R0 272 2.2 19.3 84.5 1.0019 0.00 0.0M
90720.000 1971 COM2 65 0R0 221 2.8 19.3 84.8 1.0019 0.00 0.0M
90780.000 1971 COM2 65 0R0 184 3.0 19.2 84.9 1.0018 0.00 0.0M
90840.000 1971 COM2 65 0R0 181 4.8 19.2 85.0 1.0017 0.00 0.0M
90900.000 1971 COM2 65 0R0 192 5.8 19.3 85.1 1.0016 0.00 0.0M
90960.000 1971 COM2 65 0R0 199 5.5 19.2 85.3 1.0016 0.00 0.0M
91020.000 1971 COM2 65 0R0 153 0.9 19.3 85.5 1.0016 0.00 0.0M
91080.000 1971 COM2 65 0R0 175 4.4 19.3 85.7 1.0015 0.00 0.0M
91140.000 1971 COM2 65 0R0 223 3.3 19.3 85.7 1.0015 0.00 0.0M
91200.000 1971 COM2 65 0R0 212 4.6 19.3 85.9 1.0016 0.00 0.0M
91260.000 1971 COM2 65 0R0 246 3.2 19.3 85.7 1.0017 0.00 0.0M
91320.000 1971 COM2 65 0R0 217 4.6 19.3 85.4 1.0017 0.00 0.0M
91380.000 1971 COM2 65 0R0 207 2.4 19.2 85.4 1.0018 0.00 0.0M
91440.000 1971 COM2 65 0R0 211 6.3 19.2 85.9 1.0017 0.00 0.0M
91500.000 1971 COM2 65 0R0 199 6.2 19.2 85.7 1.0018 0.00 0.0M
91560.000 1971 COM2 65 0R0 184 3.6 19.3 85.5 1.0019 0.00 0.0M
91620.000 1971 COM2 65 0R0 194 2.7 19.2 85.5 1.0019 0.00 0.0M
91680.000 1971 COM2 65 0R0 239 2.3 19.2 85.5 1.0019 0.00 0.0M
91740.000 1971 COM2 65 0R0 177 3.7 19.2 85.8 1.0019 0.00 0.0M
91800.000 1971 COM2 65 0R0 233 3.6 19.2 85.7 1.0019 0.00 0.0M
91860.000 1971 COM2 65 0R0 192 3.3 19.2 85.8 1.0019 0.00 0.0M
91920.000 1971 COM2 65 0R0 220 3.1 19.2 85.8 1.0019 0.00 0.0M
91980.000 1971 COM2 65 0R0 202 4.2 19.1 85.8 1.0018 0.00 0.0M
92040.000 1971 COM2 65 0R0 225 4.1 19.1 86.0 1.0018 0.00 0.0M
92100.000 1971 COM2 65 0R0 205 5.0 19.1 86.1 1.0018 0.00 0.0M
92160.000 1971 COM2 65 0R0 181 1.2 19.1 85.9 1.0018 0.00 0.0M
92220.000 1971 COM2 65 0R0 270 1.1 19.1 85.9 1.0018 0.00 0.0M
92280.000 1971 COM2 65 0R0 204 4.4 19.1 86.1 1.0018 0.00 0.0M
92340.000 1971 COM2 65 0R0 171 2.7 19.1 86.0 1.0018 0.00 0.0M
92400.000 1971 COM2 65 0R0 218 3.2 19.1 86.2 1.0018 0.00 0.0M
92460.000 1971 COM2 65 0R0 173 4.1 19.1 86.4 1.0017 0.00 0.0M
92520.000 1971 COM2 65 0R0 179 3.7 19.1 86.3 1.0017 0.00 0.0M
92580.000 1971 COM2 65 0R0 175 2.1 19.1 86.3 1.0017 0.00 0.0M
92640.000 1971 COM2 65 0R0 216 4.4 19.0 86.5 1.0017 0.00 0.0M
92700.000 1971 COM2 65 0R0 205 5.7 19.0 86.5 1.0017 0.00 0.0M
92760.000 1971 COM2 65 0R0 188 3.5 19.0 86.8 1.0017 0.00 0.0M
92820.000 1971 COM2 65 0R0 191 2.6 19.0 86.6 1.0017 0.00 0.0M
92880.000 1971 COM2 65 0R0 227 3.8 19.0 86.7 1.0016 0.00 0.0M
92940.000 1971 COM2 65 0R0 275 1.2 19.0 86.5 1.0016 0.00 0.0M
93000.000 1971 COM2 65 0R0 248 2.3 19.0 86.8 1.0016 0.00 0.0M
93060.000 1971 COM2 65 0R0 229 1.1 19.0 86.7 1.0016 0.00 0.0M
93120.000 1971 COM2 65 0R0 219 2.6 19.0 87.0 1.0016 0.00 0.0M
93180.000 1971 COM2 65 0R0 243 2.4 19.0 86.9 1.0016 0.00 0.0M
93240.000 1971 COM2 65 0R0 248 3.8 19.0 86.9 1.0016 0.00 0.0M
93300.000 1971 COM2 65 0R0 206 3.7 19.0 86.9 1.0016 0.00 0.0M
93360.000 1971 COM2 65 0R0 238 3.6 19.0 86.9 1.0016 0.00 0.0M
93420.000 1971 COM2 65 0R0 215 1.9 19.0 87.0 1.0016 0.00 0.0M
93480.000 1971 COM2 65 0R0 194 2.7 18.9 87.1 1.0016 0.00 0.0M
93540.000 1971 COM2 65 0R0 243 2.6 18.9 87.2 1.0016 0.00 0.0M
93600.000 1971 COM2 65 0R0 262 2.4 18.9 87.1 1.0016 0.00 0.0M
93660.000 1971 COM2 65 0R0 218 2.5 18.9 87.2 1.0016 0.00 0.0M
93720.000 1971 COM2 65 0R0 202 2.4 18.9 87.3 1.0016 0.00 0.0M
93780.000 1971 COM2 65 0R0 275 1.4 18.9 87.4 1.0016 0.00 0.0M
93840.000 1971 COM2 65 0R0 228 3.1 18.9 87.5 1.0016 0.00 0.0M
93900.000 1971 COM2 65 0R0 227 2.3 18.9 87.6 1.0016 0.00 0.0M
93960.000 1971 COM2 65 0R0 192 2.8 18.9 87.4 1.0016 0.00 0.0M
94020.000 1971 COM2 65 0R0 192 2.2 18.9 87.6 1.0016 0.00 0.0M
94080.000 1971 COM2 65 0R0 129 0.6 18.9 87.4 1.0016 0.00 0.0M
94140.000 1971 COM2 65 0R0 220 2.3 18.9 87.6 1.0016 0.00 0.0M
94200.000 1971 COM2 65 0R0 235 4.0 18.8 87.6 1.0015 0.00 0.0M
94260.000 1971 COM2 65 0R0 233 4.6 18.8 87.8 1.0015 0.00 0.0M
94320.000 1971 COM2 65 0R0 230 3.5 18.9 87.8 1.0015 0.00 0.0M
94380.000 1971 COM2 65 0R0 231 4.6 18.9 88.0 1.0014 0.00 0.0M
94440.000 1971 COM2 65 0R0 238 3.2 18.8 87.8 1.0014 0.00 0.0M
94500.000 1971 COM2 65 0R0 222 3.1 18.8 88.1 1.0015 0.00 0.0M
94560.000 1971 COM2 65 0R0 239 2.5 18.8 88.0 1.0015 0.00 0.0M
94620.000 1971 COM2 65 0R0 231 3.3 18.8 88.0 1.0015 0.00 0.0M
94680.000 1971 COM2 65 0R0 210 2.4 18.8 88.1 1.0014 0.00 0.0M
94740.000 1971 COM2 65 0R0 146 1.9 18.8 88.5 1.0014 0.00 0.0M
94800.000 1971 COM2 65 0R0 230 2.1 18.8 88.3 1.0014 0.00 0.0M
94860.000 1971 COM2 65 0R0 217 2.8 18.8 88.6 1.0014 0.00 0.0M
94920.000 1971 COM2 65 0R0 237 3.8 18.8 88.6 1.0014 0.00 0.0M
94980.000 1971 COM2 65 0R0 204 3.8 18.8 88.6 1.0013 0.00 0.0M
95040.000 1971 COM2 65 0R0 192 3.0 18.8 88.5 1.0013 0.00 0.0M
95100.000 1971 COM2 65 0R0 227 3.2 18.8 88.4 1.0013 0.00 0.0M
95160.000 1971 COM2 65 0R0 225 2.9 18.8 88.3 1.0013 0.00 0.0M
95220.000 1971 COM2 65 0R0 178 3.4 18.8 88.7 1.0013 0.00 0.0M
95280.000 1971 COM2 65 0R0 230 3.7 18.8 88.6 1.0013 0.00 0.0M
95340.000 1971 COM2 65 0R0 216 3.2 18.8 88.7 1.0013 0.00 0.0M
95400.000 1971 COM2 65 0R0 245 3.2 18.8 88.9 1.0013 0.00 0.0M
95460.000 1971 COM2 65 0R0 223 5.2 18.8 88.9 1.0013 0.00 0.0M
95520.000 1971 COM2 65 0R0 200 3.3 18.8 88.8 1.0013 0.00 0.0M
95580.000 1971 COM2 65 0R0 224 4.4 18.8 88.7 1.0013 0.00 0.0M
95640.000 1971 COM2 65 0R0 242 4.6 18.8 88.8 1.0013 0.00 0.0M
95700.000 1971 COM2 65 0R0 182 4.0 18.8 88.9 1.0013 0.00 0.0M
95760.000 1971 COM2 65 0R0 216 4.5 18.8 88.7 1.0012 0.00 0.0M
95820.000 1971 COM2 65 0R0 161 5.1 18.8 88.8 1.0012 0.00 0.0M
95880.000 1971 COM2 65 0R0 204 2.9 18.8 88.8 1.0011 0.00 0.0M
95940.000 1971 COM2 65 0R0 200 3.3 18.8 88.7 1.0011 0.00 0.0M
96000.000 1971 COM2 65 0R0 201 2.4 18.8 89.0 1.0011 0.00 0.0M
96060.000 1971 COM2 65 0R0 230 3.6 18.8 89.0 1.0011 0.00 0.0M
96120.000 1971 COM2 65 0R0 262 2.9 18.8 89.1 1.0011 0.00 0.0M
96180.000 1971 COM2 65 0R0 198 5.0 18.8 89.5 1.0011 0.00 0.0M
96240.000 1971 COM2 65 0R0 208 4.4 18.8 89.3 1.0011 0.00 0.0M
96300.000 1971 COM2 65 0R0 194 3.7 18.8 89.1 1.0011 0.00 0.0M
96360.100 1971 COM2 65 0R0 178 5.3 18.8 89.1 1.0011 0.00 0.0M
96420.000 1971 COM2 65 0R0 245 1.4 18.8 89.3 1.0012 0.00 0.0M
96480.100 1971 COM2 65 0R0 224 3.8 18.8 89.1 1.0012 0.00 0.0M
96540.000 1971 COM2 65 0R0 261 1.7 18.8 89.2 1.0012 0.00 0.0M
96600.000 1971 COM2 65 0R0 217 2.9 18.8 88.9 1.0012 0.00 0.0M
96660.000 1971 COM2 65 0R0 203 2.8 18.8 89.3 1.0012 0.00 0.0M
96720.000 1971 COM2 65 0R0 251 2.0 18.8 89.1 1.0012 0.00 0.0M
96780.000 1971 COM2 65 0R0 206 4.1 18.8 89.1 1.0012 0.00 0.0M
96840.000 1971 COM2 65 0R0 230 3.0 18.8 89.1 1.0012 0.00 0.0M
96900.000 1971 COM2 65 0R0 223 4.7 18.8 89.0 1.0011 0.00 0.0M
96960.000 1971 COM2 65 0R0 222 2.4 18.8 89.1 1.0012 0.00 0.0M
97020.000 1971 COM2 65 0R0 209 2.5 18.8 89.0 1.0012 0.00 0.0M
97080.000 1971 COM2 65 0R0 234 5.2 18.8 89.5 1.0011 0.00 0.0M
97140.000 1971 COM2 65 0R0 200 3.7 18.8 89.4 1.0011 0.00 0.0M
97200.000 1971 COM2 65 0R0 244 3.7 18.8 89.2 1.0011 0.00 0.0M
97260.000 1971 COM2 65 0R0 216 4.4 18.8 89.5 1.0010 0.00 0.0M
97320.000 1971 COM2 65 0R0 221 3.9 18.8 89.5 1.0010 0.00 0.0M
97380.000 1971 COM2 65 0R0 207 5.3 18.8 89.4 1.0010 0.00 0.0M
97440.000 1971 COM2 65 0R0 207 2.6 18.8 89.6 1.0010 0.00 0.0M
97500.000 1971 COM2 65 0R0 173 3.2 18.8 89.4 1.0009 0.00 0.0M
97560.000 1971 COM2 65 0R0 197 3.6 18.8 89.6 1.0009 0.00 0.0M
97620.000 1971 COM2 65 0R0 194 2.3 18.8 89.7 1.0009 0.00 0.0M
97680.000 1971 COM2 65 0R0 195 4.2 18.8 89.7 1.0009 0.00 0.0M
97740.000 1971 COM2 65 0R0 228 4.5 18.8 89.7 1.0009 0.00 0.0M
97800.000 1971 COM2 65 0R0 216 3.6 18.8 89.8 1.0009 0.00 0.0M
97860.000 1971 COM2 65 0R0 204 4.7 18.8 89.7 1.0009 0.00 0.0M
97920.000 1971 COM2 65 0R0 205 4.2 18.8 89.8 1.0009 0.00 0.0M
97980.000 1971 COM2 65 0R0 219 2.5 18.8 89.5 1.0009 0.00 0.0M
98040.000 1971 COM2 65 0R0 231 4.6 18.8 89.5 1.0009 0.00 0.0M
98100.000 1971 COM2 65 0R0 222 4.0 18.8 89.7 1.0008 0.00 0.0M
98160.000 1971 COM2 65 0R0 228 4.2 18.8 89.5 1.0008 0.00 0.0M
98220.000 1971 COM2 65 0R0 211 5.4 18.8 89.5 1.0008 0.00 0.0M
98280.000 1971 COM2 65 0R0 196 3.9 18.8 89.7 1.0008 0.00 0.0M
98340.000 1971 COM2 65 0R0 232 4.3 18.8 89.6 1.0008 0.00 0.0M
98400.000 1971 COM2 65 0R0 202 5.0 18.8 89.8 1.0008 0.00 0.0M
98460.000 1971 COM2 65 0R0 203 4.5 18.8 90.0 1.0008 0.00 0.0M
98520.000 1971 COM2 65 0R0 214 3.2 18.8 89.9 1.0008 0.00 0.0M
98580.000 1971 COM2 65 0R0 210 4.8 18.8 90.0 1.0007 0.00 0.0M
98640.000 1971 COM2 65 0R0 234 2.1 18.8 89.9 1.0007 0.00 0.0M
98700.000 1971 COM2 65 0R0 218 3.7 18.8 89.8 1.0007 0.00 0.0M
98760.000 1971 COM2 65 0R0 237 2.4 18.8 90.0 1.0007 0.00 0.0M
98820.000 1971 COM2 65 0R0 216 1.8 18.8 89.9 1.0008 0.00 0.0M
98880.000 1971 COM2 65 0R0 211 4.8 18.8 89.7 1.0007 0.00 0.0M
98940.000 1971 COM2 65 0R0 241 3.7 18.8 89.8 1.0008 0.00 0.0M
99000.000 1971 COM2 65 0R0 232 4.4 18.8 89.8 1.0008 0.00 0.0M
99060.000 1971 COM2 65 0R0 237 2.9 18.8 89.7 1.0008 0.00 0.0M
99120.000 1971 COM2 65 0R0 215 3.2 18.8 89.9 1.0008 0.00 0.0M
99180.000 1971 COM2 65 0R0 214 4.4 18.8 89.9 1.0008 0.00 0.0M
99240.000 1971 COM2 65 0R0 276 3.8 18.8 90.0 1.0008 0.00 0.0M
99300.000 1971 COM2 65 0R0 202 3.5 18.8 89.8 1.0008 0.00 0.0M
99360.000 1971 COM2 65 0R0 271 2.9 18.8 89.8 1.0008 0.00 0.0M
99420.000 1971 COM2 65 0R0 227 5.3 18.8 90.2 1.0009 0.00 0.0M
99480.000 1971 COM2 65 0R0 231 2.6 18.8 89.9 1.0010 0.00 0.0M
99540.000 1971 COM2 65 0R0 232 2.8 18.8 89.8 1.0010 0.00 0.0M
99600.000 1971 COM2 65 0R0 193 2.9 18.8 89.7 1.0010 0.00 0.0M
99660.000 1971 COM2 65 0R0 233 3.5 18.8 89.8 1.0009 0.00 0.0M
99720.000 1971 COM2 65 0R0 264 0.6 18.8 89.9 1.0009 0.00 0.0M
99780.000 1971 COM2 65 0R0 229 3.7 18.8 89.9 1.0009 0.00 0.0M
99840.000 1971 COM2 65 0R0 216 3.5 18.8 89.9 1.0009 0.00 0.0M
99900.000 1971 COM2 65 0R0 237 3.9 18.8 90.1 1.0009 0.00 0.0M
99960.000 1971 COM2 65 0R0 209 3.9 18.8 89.9 1.0009 0.00 0.0M
100020.000 1971 COM2 65 0R0 186 3.8 18.8 90.1 1.0008 0.00 0.0M
100080.000 1971 COM2 65 0R0 231 4.3 18.8 90.2 1.0008 0.00 0.0M
100140.000 1971 COM2 65 0R0 230 3.9 18.9 89.9 1.0008 0.00 0.0M
100200.000 1971 COM2 65 0R0 220 4.0 18.9 89.8 1.0008 0.00 0.0M
100260.000 1971 COM2 65 0R0 224 2.8 18.9 89.8 1.0009 0.00 0.0M
100320.000 1971 COM2 65 0R0 217 3.4 18.9 89.7 1.0009 0.00 0.0M
100380.000 1971 COM2 65 0R0 234 3.1 18.9 89.7 1.0009 0.00 0.0M
100440.000 1971 COM2 65 0R0 228 2.8 18.8 89.7 1.0009 0.00 0.0M
100500.000 1971 COM2 65 0R0 239 2.9 18.8 89.7 1.0009 0.00 0.0M
100560.000 1971 COM2 65 0R0 236 3.3 18.8 89.7 1.0009 0.00 0.0M
100620.000 1971 COM2 65 0R0 229 3.6 18.8 89.7 1.0009 0.00 0.0M
100680.000 1971 COM2 65 0R0 241 2.6 18.8 89.7 1.0009 0.00 0.0M
100740.000 1971 COM2 65 0R0 222 3.2 18.8 89.7 1.0009 0.00 0.0M
100800.000 1971 COM2 65 0R0 235 2.6 18.8 89.7 1.0009 0.00 0.0M
100860.000 1971 COM2 65 0R0 240 1.5 18.8 89.8 1.0009 0.00 0.0M
100920.000 1971 COM2 65 0R0 225 2.5 18.8 89.7 1.0009 0.00 0.0M
100980.000 1971 COM2 65 0R0 244 1.4 18.8 89.7 1.0009 0.00 0.0M
101040.000 1971 COM2 65 0R0 258 2.9 18.9 89.7 1.0009 0.00 0.0M
101100.000 1971 COM2 65 0R0 261 1.9 18.9 89.7 1.0009 0.00 0.0M
101160.000 1971 COM2 65 0R0 218 3.0 18.9 89.7 1.0009 0.00 0.0M
101220.000 1971 COM2 65 0R0 246 2.5 18.9 89.6 1.0009 0.00 0.0M
101280.000 1971 COM2 65 0R0 232 3.9 18.9 89.6 1.0009 0.00 0.0M
101340.000 1971 COM2 65 0R0 231 4.1 18.9 89.5 1.0009 0.00 0.0M
101400.000 1971 COM2 65 0R0 227 3.4 18.9 89.5 1.0009 0.00 0.0M
101460.000 1971 COM2 65 0R0 226 3.3 19.0 89.4 1.0009 0.00 0.0M
101520.000 1971 COM2 65 0R0 251 1.3 19.0 89.4 1.0009 0.00 0.0M
101580.000 1971 COM2 65 0R0 204 2.4 19.0 89.4 1.0009 0.00 0.0M
101640.000 1971 COM2 65 0R0 176 3.1 19.0 89.3 1.0008 0.00 0.0M
101700.000 1971 COM2 65 0R0 210 3.5 19.0 89.4 1.0008 0.00 0.0M
101760.000 1971 COM2 65 0R0 223 2.8 19.0 89.4 1.0009 0.00 0.0M
101820.000 1971 COM2 65 0R0 215 2.8 19.0 89.3 1.0009 0.00 0.0M
101880.000 1971 COM2 65 0R0 237 3.3 19.0 89.3 1.0009 0.00 0.0M
101940.000 1971 COM2 65 0R0 220 1.2 19.0 89.3 1.0010 0.00 0.0M
102000.000 1971 COM2 65 0R0 246 1.8 19.0 89.3 1.0010 0.00 0.0M
102060.000 1971 COM2 65 0R0 270 2.5 19.0 89.3 1.0011 0.00 0.0M
102120.000 1971 COM2 65 0R0 253 2.6 19.0 89.3 1.0011 0.00 0.0M
102180.000 1971 COM2 65 0R0 240 1.1 19.1 89.3 1.0012 0.00 0.0M
102240.000 1971 COM2 65 0R0 254 1.8 19.1 89.3 1.0012 0.00 0.0M
102300.000 1971 COM2 65 0R0 152 1.1 19.1 89.3 1.0012 0.00 0.0M
102360.000 1971 COM2 65 0R0 235 3.9 19.1 89.3 1.0012 0.00 0.0M
102420.000 1971 COM2 65 0R0 266 3.1 19.2 89.2 1.0012 0.00 0.0M
102480.000 1971 COM2 65 0R0 260 1.6 19.2 89.1 1.0013 0.00 0.0M
102540.000 1971 COM2 65 0R0 271 2.8 19.2 89.0 1.0013 0.00 0.0M
102600.000 1971 COM2 65 0R0 262 3.9 19.3 88.9 1.0013 0.00 0.0M
102660.000 1971 COM2 65 0R0 256 2.3 19.3 88.7 1.0014 0.00 0.0M
102720.000 1971 COM2 65 0R0 260 0.8 19.4 88.6 1.0014 0.00 0.0M
102780.000 1971 COM2 65 0R0 247 1.3 19.4 88.6 1.0014 0.00 0.0M
102840.000 1971 COM2 65 0R0 251 2.8 19.4 88.5 1.0014 0.00 0.0M
102900.000 1971 COM2 65 0R0 270 1.9 19.4 88.6 1.0014 0.00 0.0M
102960.000 1971 COM2 65 0R0 236 1.0 19.5 88.4 1.0015 0.00 0.0M
103020.000 1971 COM2 65 0R0 251 1.5 19.5 88.5 1.0015 0.00 0.0M
103080.000 1971 COM2 65 0R0 263 1.2 19.5 88.4 1.0015 0.00 0.0M
103140.000 1971 COM2 65 0R0 268 2.1 19.5 88.4 1.0015 0.00 0.0M
103200.000 1971 COM2 65 0R0 317 1.5 19.5 88.5 1.0014 0.00 0.0M
103260.000 1971 COM2 65 0R0 262 2.0 19.5 88.5 1.0014 0.00 0.0M
103320.000 1971 COM2 65 0R0 309 1.2 19.5 88.6 1.0014 0.00 0.0M
103380.000 1971 COM2 65 0R0 253 1.4 19.5 88.6 1.0015 0.00 0.0M
103440.000 1971 COM2 65 0R0 247 1.1 19.5 88.6 1.0015 0.00 0.0M
103500.000 1971 COM2 65 0R0 211 2.8 19.5 88.6 1.0014 0.00 0.0M
103560.000 1971 COM2 65 0R0 278 0.7 19.5 88.7 1.0014 0.00 0.0M
103620.000 1971 COM2 65 0R0 239 2.7 19.5 88.7 1.0014 0.00 0.0M
103680.000 1971 COM2 65 0R0 233 3.2 19.5 88.7 1.0014 0.00 0.0M
103740.000 1971 COM2 65 0R0 279 1.2 19.5 88.7 1.0014 0.00 0.0M
103800.000 1971 COM2 65 0R0 258 1.4 19.5 88.7 1.0014 0.00 0.0M
103860.000 1971 COM2 65 0R0 268 2.9 19.5 88.7 1.0013 0.00 0.0M
103920.000 1971 COM2 65 0R0 258 2.3 19.6 88.7 1.0014 0.00 0.0M
103980.000 1971 COM2 65 0R0 223 0.8 19.6 88.8 1.0014 0.00 0.0M
104040.000 1971 COM2 65 0R0 232 2.5 19.6 88.7 1.0014 0.00 0.0M
104100.000 1971 COM2 65 0R0 239 1.6 19.6 88.7 1.0014 0.00 0.0M
104160.000 1971 COM2 65 0R0 271 2.1 19.6 88.6 1.0013 0.00 0.0M
104220.000 1971 COM2 65 0R0 254 1.5 19.6 88.6 1.0014 0.00 0.0M
104280.000 1971 COM2 65 0R0 281 1.9 19.7 88.5 1.0014 0.00 0.0M
104340.000 1971 COM2 65 0R0 269 1.8 19.7 88.5 1.0014 0.00 0.0M
104400.000 1971 COM2 65 0R0 238 2.5 19.7 88.4 1.0015 0.00 0.0M
104460.000 1971 COM2 65 0R0 237 1.9 19.7 88.4 1.0015 0.00 0.0M
104520.000 1971 COM2 65 0R0 240 0.8 19.7 88.4 1.0015 0.00 0.0M
104580.000 1971 COM2 65 0R0 262 2.0 19.7 88.4 1.0015 0.00 0.0M
104640.100 1971 COM2 65 0R0 260 2.1 19.7 88.4 1.0015 0.00 0.0M
104700.000 1971 COM2 65 0R0 280 1.8 19.7 88.4 1.0015 0.00 0.0M
104760.000 1971 COM2 65 0R0 282 1.4 19.7 88.4 1.0015 0.00 0.0M
104820.000 1971 COM2 65 0R0 252 2.0 19.7 88.5 1.0015 0.00 0.0M
104880.000 1971 COM2 65 0R0 276 0.5 19.8 88.4 1.0015 0.00 0.0M
104940.000 1971 COM2 65 0R0 276 1.8 19.8 88.4 1.0015 0.00 0.0M
105000.000 1971 COM2 65 0R0 229 1.9 19.8 88.4 1.0015 0.00 0.0M
105060.000 1971 COM2 65 0R0 245 1.4 19.8 88.4 1.0015 0.00 0.0M
105120.000 1971 COM2 65 0R0 281 1.6 19.8 88.4 1.0015 0.00 0.0M
105180.000 1971 COM2 65 0R0 257 2.0 19.8 88.5 1.0015 0.00 0.0M
105240.000 1971 COM2 65 0R0 269 1.6 19.8 88.5 1.0015 0.00 0.0M
105300.000 1971 COM2 65 0R0 258 3.5 19.8 88.5 1.0015 0.00 0.0M
105360.000 1971 COM2 65 0R0 260 3.5 19.8 88.6 1.0016 0.00 0.0M
105420.000 1971 COM2 65 0R0 196 1.9 19.8 88.5 1.0017 0.00 0.0M
105480.000 1971 COM2 65 0R0 239 3.2 19.8 88.5 1.0017 0.00 0.0M
105540.000 1971 COM2 65 0R0 251 0.7 19.8 88.5 1.0017 0.00 0.0M
105600.000 1971 COM2 65 0R0 254 2.7 19.8 88.5 1.0017 0.00 0.0M
105660.000 1971 COM2 65 0R0 272 1.5 19.8 88.5 1.0016 0.00 0.0M
105720.000 1971 COM2 65 0R0 237 1.6 19.8 88.5 1.0016 0.00 0.0M
105780.000 1971 COM2 65 0R0 188 1.3 19.8 88.5 1.0016 0.00 0.0M
105840.000 1971 COM2 65 0R0 226 2.0 19.8 88.5 1.0016 0.00 0.0M
105900.100 1971 COM2 65 0R0 265 1.9 19.8 88.5 1.0017 0.00 0.0M
105960.000 1971 COM2 65 0R0 208 1.0 19.8 88.5 1.0017 0.00 0.0M
106020.000 1971 COM2 65 0R0 257 1.4 19.8 88.4 1.0017 0.00 0.0M
106080.000 1971 COM2 65 0R0 280 0.8 19.8 88.4 1.0017 0.00 0.0M
106140.000 1971 COM2 65 0R0 232 2.0 19.8 88.4 1.0017 0.00 0.0M
106200.000 1971 COM2 65 0R0 226 0.8 19.8 88.4 1.0017 0.00 0.0M
106260.000 1971 COM2 65 0R0 265 2.3 19.8 88.3 1.0017 0.00 0.0M
106320.000 1971 COM2 65 0R0 249 0.9 19.8 88.3 1.0017 0.00 0.0M
106380.000 1971 COM2 65 0R0 241 2.0 19.8 88.2 1.0017 0.00 0.0M
106440.000 1971 COM2 65 0R0 267 1.1 19.8 88.2 1.0017 0.00 0.0M
106500.000 1971 COM2 65 0R0 233 1.8 19.8 88.1 1.0017 0.00 0.0M
106560.000 1971 COM2 65 0R0 208 0.8 19.8 88.1 1.0017 0.00 0.0M
106620.000 1971 COM2 65 0R0 251 1.0 19.8 88.2 1.0017 0.00 0.0M
106680.000 1971 COM2 65 0R0 295 1.0 19.8 88.2 1.0018 0.00 0.0M
106740.000 1971 COM2 65 0R0 253 1.0 19.8 88.2 1.0018 0.00 0.0M
106800.000 1971 COM2 65 0R0 249 3.2 19.8 88.2 1.0018 0.00 0.0M
106860.000 1971 COM2 65 0R0 274 2.7 19.8 88.1 1.0018 0.00 0.0M
106920.000 1971 COM2 65 0R0 247 1.3 19.8 88.0 1.0018 0.00 0.0M
106980.000 1971 COM2 65 0R0 272 2.3 19.8 87.9 1.0018 0.00 0.0M
107040.000 1971 COM2 65 0R0 285 4.0 19.8 87.8 1.0018 0.00 0.0M
107100.000 1971 COM2 65 0R0 249 2.5 19.9 87.7 1.0018 0.00 0.0M
107160.000 1971 COM2 65 0R0 254 1.5 19.9 87.6 1.0018 0.00 0.0M
107220.000 1971 COM2 65 0R0 212 1.0 19.9 87.5 1.0019 0.00 0.0M
107280.000 1971 COM2 65 0R0 248 0.9 19.9 87.5 1.0019 0.00 0.0M
107340.000 1971 COM2 65 0R0 302 1.3 19.9 87.4 1.0019 0.00 0.0M
107400.000 1971 COM2 65 0R0 292 2.5 19.9 87.3 1.0019 0.00 0.0M
107460.000 1971 COM2 65 0R0 274 6.4 19.9 86.8 1.0019 0.00 0.0M
107520.000 1971 COM2 65 0R0 301 4.1 19.9 86.1 1.0020 0.00 0.0M
107580.000 1971 COM2 65 0R0 291 3.1 19.9 85.9 1.0020 0.00 0.0M
107640.000 1971 COM2 65 0R0 286 1.0 19.9 85.8 1.0022 0.00 0.0M
107700.000 1971 COM2 65 0R0 253 0.9 19.9 85.6 1.0022 0.00 0.0M
107760.000 1971 COM2 65 0R0 271 1.2 19.9 85.6 1.0023 0.00 0.0M
107820.000 1971 COM2 65 0R0 303 2.0 19.9 85.1 1.0024 0.00 0.0M
107880.000 1971 COM2 65 0R0 257 4.9 19.9 84.1 1.0024 0.00 0.0M
107940.000 1971 COM2 65 0R0 200 1.4 19.9 83.5 1.0024 0.00 0.0M
108000.000 1971 COM2 65 0R0 324 2.8 19.8 77.7 1.0025 0.00 0.0M
108060.000 1971 COM2 65 0R0 269 5.2 19.7 76.4 1.0024 0.00 0.0M
108120.000 1971 COM2 65 0R0 300 3.3 19.7 76.3 1.0025 0.00 0.0M
108180.000 1971 COM2 65 0R0 284 2.9 19.7 75.6 1.0026 0.00 0.0M
108240.000 1971 COM2 65 0R0 269 1.5 19.6 75.7 1.0027 0.00 0.0M
108300.000 1971 COM2 65 0R0 275 5.3 19.5 74.5 1.0026 0.00 0.0M
108360.000 1971 COM2 65 0R0 264 4.4 19.5 75.4 1.0026 0.00 0.0M
108420.000 1971 COM2 65 0R0 266 1.4 19.4 76.1 1.0026 0.00 0.0M
108480.000 1971 COM2 65 0R0 326 2.1 19.3 75.5 1.0027 0.00 0.0M
108540.000 1971 COM2 65 0R0 251 2.8 19.3 74.3 1.0027 0.00 0.0M
108600.000 1971 COM2 65 0R0 259 2.8 19.2 75.1 1.0027 0.00 0.0M
108660.000 1971 COM2 65 0R0 280 9.6 19.2 74.7 1.0027 0.00 0.0M
108720.000 1971 COM2 65 0R0 269 2.2 19.1 75.5 1.0028 0.00 0.0M
108780.000 1971 COM2 65 0R0 151 0.5 19.0 76.2 1.0029 0.00 0.0M
108840.000 1971 COM2 65 0R0 262 2.5 18.9 76.7 1.0028 0.00 0.0M
108900.000 1971 COM2 65 0R0 286 3.5 18.8 77.4 1.0029 0.00 0.0M
108960.000 1971 COM2 65 0R0 325 4.0 18.7 77.1 1.0029 0.00 0.0M
109020.000 1971 COM2 65 0R0 177 0.5 18.6 78.8 1.0029 0.00 0.0M
109080.000 1971 COM2 65 0R0 312 3.3 18.5 79.3 1.0028 0.00 0.0M
109140.000 1971 COM2 65 0R0 295 4.0 18.4 79.2 1.0029 0.00 0.0M
109200.000 1971 COM2 65 0R0 258 4.3 18.2 80.6 1.0029 0.00 0.0M
109260.000 1971 COM2 65 0R0 291 3.6 18.1 80.7 1.0028 0.00 0.0M
109320.000 1971 COM2 65 0R0 306 2.5 18.0 81.1 1.0027 0.00 0.0M
109380.000 1971 COM2 65 0R0 044 1.1 17.9 82.1 1.0027 0.00 0.0M
109440.000 1971 COM2 65 0R0 301 3.2 17.8 82.8 1.0027 0.00 0.0M
109500.000 1971 COM2 65 0R0 332 3.5 17.7 83.4 1.0027 0.00 0.0M
109560.000 1971 COM2 65 0R0 259 2.2 17.7 83.5 1.0027 0.00 0.0M
109620.000 1971 COM2 65 0R0 299 2.8 17.6 84.4 1.0027 0.00 0.0M
109680.000 1971 COM2 65 0R0 357 0.2 17.5 84.7 1.0027 0.00 0.0M
109740.000 1971 COM2 65 0R0 267 0.7 17.5 84.7 1.0026 0.00 0.0M
109800.000 1971 COM2 65 0R0 351 1.4 17.4 84.7 1.0026 0.00 0.0M
109860.000 1971 COM2 65 0R0 265 1.5 17.4 85.2 1.0027 0.00 0.0M
109920.000 1971 COM2 65 0R0 137 1.1 17.3 85.7 1.0027 0.00 0.0M
109980.000 1971 COM2 65 0R0 306 1.3 17.3 85.7 1.0027 0.00 0.0M
110040.000 1971 COM2 65 0R0 299 1.7 17.3 85.3 1.0026 0.00 0.0M
110100.000 1971 COM2 65 0R0 284 2.4 17.2 85.8 1.0026 0.00 0.0M
110160.000 1971 COM2 65 0R0 282 2.5 17.2 85.0 1.0026 0.00 0.0M
110220.000 1971 COM2 65 0R0 277 2.6 17.2 85.3 1.0026 0.00 0.0M
110280.000 1971 COM2 65 0R0 281 2.9 17.2 85.5 1.0025 0.00 0.0M
110340.000 1971 COM2 65 0R0 033 1.4 17.2 85.3 1.0025 0.00 0.0M
110400.000 1971 COM2 65 0R0 279 4.0 17.1 84.2 1.0025 0.00 0.0M
110460.000 1971 COM2 65 0R0 265 0.6 17.1 84.8 1.0025 0.00 0.0M
110520.000 1971 COM2 65 0R0 273 1.6 17.1 84.5 1.0024 0.00 0.0M
110580.000 1971 COM2 65 0R0 312 2.3 17.1 84.3 1.0023 0.00 0.0M
110640.000 1971 COM2 65 0R0 285 0.7 17.1 84.1 1.0023 0.00 0.0M
110700.000 1971 COM2 65 0R0 278 1.5 17.1 84.3 1.0023 0.00 0.0M
110760.000 1971 COM2 65 0R0 302 1.6 17.1 84.2 1.0023 0.00 0.0M
110820.000 1971 COM2 65 0R0 293 1.1 17.1 84.4 1.0023 0.00 0.0M
110880.000 1971 COM2 65 0R0 225 1.8 17.1 84.3 1.0023 0.00 0.0M
110940.000 1971 COM2 65 0R0 314 0.6 17.1 84.4 1.0023 0.00 0.0M
111000.000 1971 COM2 65 0R0 240 1.3 17.1 83.8 1.0022 0.00 0.0M
111060.000 1971 COM2 65 0R0 223 0.7 17.1 84.2 1.0022 0.00 0.0M
111120.000 1971 COM2 65 0R0 293 1.9 17.1 83.6 1.0022 0.00 0.0M
111180.000 1971 COM2 65 0R0 273 2.5 17.1 83.9 1.0022 0.00 0.0M
111240.000 1971 COM2 65 0R0 274 0.4 17.1 83.4 1.0022 0.00 0.0M
111300.000 1971 COM2 65 0R0 282 0.6 17.1 83.9 1.0021 0.00 0.0M
111360.000 1971 COM2 65 0R0 064 0.2 17.1 84.2 1.0021 0.00 0.0M
111420.000 1971 COM2 65 0R0 203 0.5 17.1 84.1 1.0021 0.00 0.0M
111480.000 1971 COM2 65 0R0 105 0.2 17.1 84.1 1.0020 0.00 0.0M
111540.000 1971 COM2 65 0R0 314 0.4 17.1 84.0 1.0020 0.00 0.0M
111600.000 1971 COM2 65 0R0 324 0.8 17.1 83.9 1.0020 0.00 0.0M
111660.000 1971 COM2 65 0R0 140 0.3 17.1 83.5 1.0019 0.00 0.0M
111720.000 1971 COM2 65 0R0 280 0.9 17.1 83.8 1.0019 0.00 0.0M
111780.000 1971 COM2 65 0R0 263 1.2 17.1 83.7 1.0019 0.00 0.0M
111840.000 1971 COM2 65 0R0 259 0.9 17.1 83.3 1.0020 0.00 0.0M
111900.000 1971 COM2 65 0R0 256 1.6 17.1 83.6 1.0020 0.00 0.0M
111960.000 1971 COM2 65 0R0 248 1.3 17.1 83.8 1.0021 0.00 0.0M
112020.000 1971 COM2 65 0R0 276 2.1 17.1 83.6 1.0021 0.00 0.0M
112080.000 1971 COM2 65 0R0 223 1.0 17.1 84.0 1.0021 0.00 0.0M
112140.000 1971 COM2 65 0R0 269 0.7 17.1 83.9 1.0021 0.00 0.0M
112200.000 1971 COM2 65 0R0 234 1.5 17.1 84.1 1.0021 0.00 0.0M
112260.000 1971 COM2 65 0R0 228 1.2 17.2 84.2 1.0021 0.00 0.0M
112320.000 1971 COM2 65 0R0 243 1.8 17.2 84.2 1.0021 0.00 0.0M
112380.000 1971 COM2 65 0R0 267 1.3 17.2 83.8 1.0021 0.00 0.0M
112440.000 1971 COM2 65 0R0 238 1.3 17.1 84.1 1.0021 0.00 0.0M
112500.000 1971 COM2 65 0R0 235 0.6 17.1 84.2 1.0021 0.00 0.0M
112560.100 1971 COM2 65 0R0 283 2.7 17.1 84.4 1.0021 0.00 0.0M
112620.000 1971 COM2 65 0R0 267 0.5 17.1 84.3 1.0021 0.00 0.0M
112680.000 1971 COM2 65 0R0 251 0.6 17.1 84.6 1.0022 0.00 0.0M
112740.000 1971 COM2 65 0R0 254 1.7 17.1 84.4 1.0022 0.00 0.0M
112800.000 1971 COM2 65 0R0 253 1.8 17.1 84.6 1.0023 0.00 0.0M
112860.000 1971 COM2 65 0R0 301 0.8 17.1 84.6 1.0023 0.00 0.0M
112920.000 1971 COM2 65 0R0 248 0.8 17.1 84.9 1.0023 0.00 0.0M
112980.000 1971 COM2 65 0R0 196 0.7 17.1 84.9 1.0023 0.00 0.0M
113040.000 1971 COM2 65 0R0 241 1.5 17.1 85.1 1.0023 0.00 0.0M
113100.000 1971 COM2 65 0R0 255 0.8 17.1 85.3 1.0023 0.00 0.0M
113160.000 1971 COM2 65 0R0 249 2.7 17.1 85.3 1.0023 0.00 0.0M
113220.000 1971 COM2 65 0R0 260 1.9 17.1 85.1 1.0023 0.00 0.0M
113280.000 1971 COM2 65 0R0 281 2.3 17.1 85.3 1.0023 0.00 0.0M
113340.000 1971 COM2 65 0R0 247 1.7 17.1 85.4 1.0023 0.00 0.0M
113400.000 1971 COM2 65 0R0 269 1.5 17.1 85.4 1.0023 0.00 0.0M
113460.000 1971 COM2 65 0R0 259 1.9 17.1 85.5 1.0023 0.00 0.0M
113520.000 1971 COM2 65 0R0 240 0.8 17.1 85.5 1.0024 0.00 0.0M
113580.000 1971 COM2 65 0R0 282 2.6 17.1 85.5 1.0024 0.00 0.0M
113640.000 1971 COM2 65 0R0 242 1.4 17.1 85.7 1.0025 0.00 0.0M
113700.000 1971 COM2 65 0R0 249 2.1 17.1 85.7 1.0025 0.00 0.0M
113760.000 1971 COM2 65 0R0 292 1.7 17.2 85.6 1.0025 0.00 0.0M
113820.000 1971 COM2 65 0R0 293 1.6 17.2 85.6 1.0025 0.00 0.0M
113880.000 1971 COM2 65 0R0 273 1.0 17.2 85.6 1.0025 0.00 0.0M
113940.000 1971 COM2 65 0R0 295 1.9 17.2 85.6 1.0025 0.00 0.0M
114000.000 1971 COM2 65 0R0 278 3.5 17.2 85.6 1.0026 0.00 0.0M
114060.000 1971 COM2 65 0R0 210 0.7 17.2 85.8 1.0026 0.00 0.0M
114120.000 1971 COM2 65 0R0 283 3.8 17.2 85.6 1.0026 0.00 0.0M
114180.000 1971 COM2 65 0R0 247 1.4 17.2 85.7 1.0026 0.00 0.0M
114240.000 1971 COM2 65 0R0 238 0.9 17.2 85.8 1.0026 0.00 0.0M
114300.000 1971 COM2 65 0R0 272 2.6 17.2 85.7 1.0026 0.00 0.0M
114360.000 1971 COM2 65 0R0 268 0.9 17.2 85.9 1.0026 0.00 0.0M
114420.000 1971 COM2 65 0R0 286 2.8 17.2 85.8 1.0026 0.00 0.0M
114480.000 1971 COM2 65 0R0 274 2.6 17.2 86.0 1.0026 0.00 0.0M
114540.000 1971 COM2 65 0R0 230 1.5 17.2 86.0 1.0026 0.00 0.0M
114600.000 1971 COM2 65 0R0 287 5.6 17.2 85.3 1.0026 0.00 0.0M
114660.000 1971 COM2 65 0R0 287 5.9 17.2 84.5 1.0026 0.01 0.0M
114720.000 1971 COM2 65 0R0 285 2.7 17.2 82.2 1.0027 0.00 0.0M
114780.000 1971 COM2 65 0R0 287 2.3 17.2 82.8 1.0027 0.00 0.0M
114840.000 1971 COM2 65 0R0 284 3.4 17.2 82.6 1.0027 0.00 0.0M
114900.000 1971 COM2 65 0R0 291 4.5 17.2 83.0 1.0027 0.00 0.0M
114960.000 1971 COM2 65 0R0 276 1.6 17.1 81.9 1.0026 0.00 0.0M
115020.000 1971 COM2 65 0R0 312 2.8 17.1 82.0 1.0026 0.00 0.0M
115080.000 1971 COM2 65 0R0 273 2.7 17.1 83.0 1.0026 0.00 0.0M
115140.000 1971 COM2 65 0R0 264 1.4 17.1 83.2 1.0026 0.00 0.0M
115200.000 1971 COM2 65 0R0 001 1.4 17.0 83.3 1.0027 0.00 0.0M
115260.000 1971 COM2 65 0R0 313 3.3 17.0 83.1 1.0027 0.00 0.0M
115320.000 1971 COM2 65 0R0 275 3.1 16.9 83.2 1.0027 0.00 0.0M
115380.000 1971 COM2 65 0R0 265 4.2 16.9 83.4 1.0027 0.00 0.0M
115440.000 1971 COM2 65 0R0 255 1.7 16.9 83.9 1.0028 0.00 0.0M
115500.000 1971 COM2 65 0R0 340 0.8 16.9 83.9 1.0028 0.00 0.0M
115560.100 1971 COM2 65 0R0 353 0.8 16.8 83.4 1.0027 0.01 0.0M
115620.000 1971 COM2 65 0R0 255 1.7 16.8 84.1 1.0027 0.00 0.0M
115680.000 1971 COM2 65 0R0 261 1.0 16.7 84.4 1.0027 0.02 0.0M
115740.000 1971 COM2 65 0R0 286 2.6 16.7 84.2 1.0026 0.01 0.0M
115800.000 1971 COM2 65 0R0 308 2.6 16.6 83.4 1.0026 0.01 0.0M
115860.000 1971 COM2 65 0R0 288 2.7 16.6 84.8 1.0026 0.00 0.0M
115920.000 1971 COM2 65 0R0 301 3.6 16.5 83.0 1.0026 0.00 0.0M
115980.000 1971 COM2 65 0R0 281 1.2 16.5 84.1 1.0027 0.00 0.0M
116040.000 1971 COM2 65 0R0 270 1.3 16.5 84.9 1.0027 0.00 0.0M
116100.000 1971 COM2 65 0R0 299 2.3 16.4 83.9 1.0028 0.00 0.0M
116160.000 1971 COM2 65 0R0 295 1.5 16.4 83.8 1.0028 0.00 0.0M
116220.000 1971 COM2 65 0R0 311 3.8 16.3 83.3 1.0027 0.00 0.0M
116280.300 1971 COM2 65 0R0 344 0.8 16.3 84.3 1.0027 0.00 0.0M
116340.300 1971 COM2 65 0R0 278 2.7 16.3 84.3 1.0027 0.00 0.0M
116400.300 1971 COM2 65 0R0 297 1.5 16.2 83.7 1.0027 0.00 0.0M
116460.000 1971 COM2 65 0R0 042 0.4 16.2 84.6 1.0028 0.00 0.0M
116520.300 1971 COM2 65 0R0 300 2.0 16.2 84.3 1.0028 0.00 0.0M
116580.300 1971 COM2 65 0R0 288 1.8 16.2 84.3 1.0028 0.00 0.0M
116640.300 1971 COM2 65 0R0 288 1.5 16.2 85.0 1.0027 0.00 0.0M
116700.300 1971 COM2 65 0R0 294 0.5 16.2 85.2 1.0027 0.00 0.0M
116760.300 1971 COM2 65 0R0 270 0.2 16.2 85.0 1.0026 0.00 0.0M
116820.200 1971 COM2 65 0R0 344 0.2 16.2 85.3 1.0026 0.00 0.0M
116880.200 1971 COM2 65 0R0 323 0.9 16.2 85.8 1.0026 0.00 0.0M
116940.200 1971 COM2 65 0R0 300 1.7 16.2 85.4 1.0027 0.00 0.0M
117000.200 1971 COM2 65 0R0 285 1.3 16.1 85.3 1.0027 0.00 0.0M
117060.200 1971 COM2 65 0R0 256 0.4 16.1 85.6 1.0027 0.00 0.0M
117120.200 1971 COM2 65 0R0 353 0.6 16.1 85.6 1.0026 0.00 0.0M
117180.200 1971 COM2 65 0R0 102 0.2 16.1 85.9 1.0026 0.00 0.0M
117240.000 1971 COM2 65 0R0 338 0.6 16.1 86.0 1.0026 0.00 0.0M
117300.200 1971 COM2 65 0R0 308 1.0 16.1 85.9 1.0026 0.00 0.0M
117360.000 1971 COM2 65 0R0 270 1.5 16.1 86.3 1.0026 0.00 0.0M
117420.200 1971 COM2 65 0R0 273 1.8 16.1 85.8 1.0026 0.00 0.0M
117480.200 1971 COM2 65 0R0 264 1.5 16.0 85.9 1.0026 0.00 0.0M
117540.000 1971 COM2 65 0R0 259 0.5 16.0 86.1 1.0026 0.00 0.0M
117600.000 1971 COM2 65 0R0 301 1.0 16.0 86.4 1.0026 0.00 0.0M
117660.200 1971 COM2 65 0R0 234 0.5 16.0 86.5 1.0026 0.00 0.0M
117720.000 1971 COM2 65 0R0 253 1.3 16.0 86.4 1.0026 0.00 0.0M
117780.000 1971 COM2 65 0R0 266 1.5 16.0 86.2 1.0026 0.00 0.0M
117840.000 1971 COM2 65 0R0 286 0.5 16.0 86.8 1.0026 0.00 0.0M
117900.000 1971 COM2 65 0R0 239 0.9 16.0 86.8 1.0026 0.00 0.0M
117960.200 1971 COM2 65 0R0 263 1.0 16.0 86.9 1.0026 0.00 0.0M
118020.000 1971 COM2 65 0R0 270 0.8 16.0 87.0 1.0026 0.00 0.0M
118080.000 1971 COM2 65 0R0 261 1.6 16.0 86.7 1.0026 0.00 0.0M
118140.000 1971 COM2 65 0R0 243 0.7 16.0 87.0 1.0027 0.00 0.0M
118200.000 1971 COM2 65 0R0 182 0.5 15.9 87.2 1.0027 0.00 0.0M
118260.000 1971 COM2 65 0R0 268 1.7 15.9 87.0 1.0027 0.00 0.0M
118320.000 1971 COM2 65 0R0 271 1.9 15.9 86.9 1.0027 0.00 0.0M
118380.000 1971 COM2 65 0R0 277 2.0 15.9 87.0 1.0027 0.00 0.0M
118440.000 1971 COM2 65 0R0 281 2.8 15.9 87.0 1.0027 0.00 0.0M
118500.000 1971 COM2 65 0R0 268 1.2 15.9 87.0 1.0027 0.00 0.0M
118560.000 1971 COM2 65 0R0 227 0.6 15.9 87.1 1.0027 0.00 0.0M
118620.000 1971 COM2 65 0R0 189 0.6 15.9 87.3 1.0027 0.00 0.0M
118680.000 1971 COM2 65 0R0 275 1.6 15.9 87.3 1.0026 0.00 0.0M
118740.000 1971 COM2 65 0R0 275 1.2 15.9 87.2 1.0027 0.00 0.0M
118800.000 1971 COM2 65 0R0 259 1.9 15.9 87.2 1.0028 0.00 0.0M
118860.000 1971 COM2 65 0R0 257 2.6 15.9 87.4 1.0029 0.00 0.0M
118920.000 1971 COM2 65 0R0 231 0.5 15.9 87.5 1.0029 0.00 0.0M
118980.000 1971 COM2 65 0R0 264 1.1 15.9 87.6 1.0028 0.00 0.0M
119040.000 1971 COM2 65 0R0 238 1.3 15.9 87.6 1.0028 0.00 0.0M
119100.000 1971 COM2 65 0R0 288 1.8 15.9 87.5 1.0028 0.00 0.0M
119160.100 1971 COM2 65 0R0 263 1.2 15.9 87.5 1.0029 0.00 0.0M
119220.000 1971 COM2 65 0R0 281 0.4 15.9 87.5 1.0028 0.00 0.0M
119280.000 1971 COM2 65 0R0 265 2.2 15.9 87.6 1.0028 0.00 0.0M
119340.000 1971 COM2 65 0R0 256 0.9 15.9 87.5 1.0029 0.00 0.0M
119400.000 1971 COM2 65 0R0 288 1.2 15.9 87.5 1.0030 0.00 0.0M
119460.000 1971 COM2 65 0R0 275 2.7 15.8 87.6 1.0031 0.00 0.0M
119520.000 1971 COM2 65 0R0 232 0.8 15.8 87.6 1.0032 0.00 0.0M
119580.000 1971 COM2 65 0R0 271 2.5 15.9 87.7 1.0032 0.00 0.0M
119640.000 1971 COM2 65 0R0 259 1.8 15.8 87.5 1.0032 0.00 0.0M
119700.000 1971 COM2 65 0R0 267 1.9 15.8 87.7 1.0032 0.00 0.0M
119760.000 1971 COM2 65 0R0 279 2.1 15.8 87.7 1.0031 0.00 0.0M
119820.000 1971 COM2 65 0R0 238 1.6 15.8 87.7 1.0031 0.00 0.0M
119880.000 1971 COM2 65 0R0 291 1.5 15.8 87.8 1.0031 0.00 0.0M
119940.000 1971 COM2 65 0R0 279 0.8 15.8 87.8 1.0030 0.00 0.0M
120000.000 1971 COM2 65 0R0 351 0.3 15.8 87.9 1.0030 0.00 0.0M
120060.000 1971 COM2 65 0R0 300 0.6 15.8 87.9 1.0030 0.00 0.0M
120120.000 1971 COM2 65 0R0 273 1.9 15.8 88.0 1.0030 0.00 0.0M
120180.000 1971 COM2 65 0R0 234 1.5 15.7 87.9 1.0030 0.00 0.0M
120240.000 1971 COM2 65 0R0 264 0.4 15.7 88.1 1.0030 0.00 0.0M
120300.000 1971 COM2 65 0R0 242 0.6 15.7 88.1 1.0030 0.00 0.0M
120360.000 1971 COM2 65 0R0 281 0.8 15.7 88.2 1.0030 0.00 0.0M
120420.000 1971 COM2 65 0R0 258 1.2 15.7 88.3 1.0031 0.00 0.0M
120480.000 1971 COM2 65 0R0 257 1.0 15.7 88.2 1.0032 0.00 0.0M
120540.000 1971 COM2 65 0R0 265 1.4 15.7 88.3 1.0032 0.00 0.0M
120600.000 1971 COM2 65 0R0 284 2.0 15.7 88.1 1.0032 0.00 0.0M
120660.000 1971 COM2 65 0R0 250 1.9 15.7 88.2 1.0032 0.00 0.0M
120720.000 1971 COM2 65 0R0 242 0.8 15.7 88.3 1.0032 0.00 0.0M
120780.000 1971 COM2 65 0R0 259 1.3 15.7 88.3 1.0032 0.00 0.0M
120840.000 1971 COM2 65 0R0 209 0.3 15.7 88.4 1.0032 0.00 0.0M
120900.000 1971 COM2 65 0R0 280 0.5 15.7 88.0 1.0032 0.00 0.0M
120960.000 1971 COM2 65 0R0 289 1.0 15.7 88.2 1.0032 0.00 0.0M
121020.000 1971 COM2 65 0R0 236 0.8 15.7 88.0 1.0033 0.00 0.0M
121080.000 1971 COM2 65 0R0 294 1.1 15.7 87.7 1.0034 0.00 0.0M
121140.000 1971 COM2 65 0R0 295 2.2 15.7 88.0 1.0035 0.00 0.0M
121200.000 1971 COM2 65 0R0 260 2.5 15.7 87.6 1.0036 0.00 0.0M
121260.000 1971 COM2 65 0R0 269 1.7 15.7 87.6 1.0036 0.01 0.0M
121320.000 1971 COM2 65 0R0 299 0.7 15.7 87.6 1.0036 0.00 0.0M
121380.000 1971 COM2 65 0R0 262 2.9 15.7 87.3 1.0036 0.01 0.0M
121440.000 1971 COM2 65 0R0 213 1.1 15.7 86.8 1.0037 0.01 0.0M
121500.000 1971 COM2 65 0R0 135 0.7 15.7 87.1 1.0037 0.00 0.0M
121560.000 1971 COM2 65 0R0 283 2.2 15.7 86.8 1.0037 0.00 0.0M
121620.000 1971 COM2 65 0R0 234 1.0 15.7 86.8 1.0038 0.00 0.0M
121680.000 1971 COM2 65 0R0 289 2.3 15.7 86.6 1.0038 0.00 0.0M
121740.000 1971 COM2 65 0R0 262 1.6 15.7 87.0 1.0038 0.00 0.0M
121800.000 1971 COM2 65 0R0 317 0.7 15.7 86.7 1.0037 0.00 0.0M
121860.000 1971 COM2 65 0R0 168 0.5 15.7 86.8 1.0037 0.00 0.0M
121920.000 1971 COM2 65 0R0 283 2.3 15.7 86.9 1.0037 0.00 0.0M
121980.000 1971 COM2 65 0R0 205 0.8 15.7 86.6 1.0037 0.00 0.0M
122040.000 1971 COM2 65 0R0 242 0.9 15.7 86.7 1.0038 0.00 0.0M
122100.000 1971 COM2 65 0R0 289 2.0 15.7 87.0 1.0038 0.00 0.0M
122160.000 1971 COM2 65 0R0 285 1.9 15.7 86.8 1.0037 0.00 0.0M
122220.000 1971 COM2 65 0R0 027 1.3 15.7 87.0 1.0037 0.00 0.0M
122280.000 1971 COM2 65 0R0 254 2.0 15.7 87.1 1.0036 0.00 0.0M
122340.000 1971 COM2 65 0R0 292 1.1 15.7 86.6 1.0037 0.00 0.0M
122400.000 1971 COM2 65 0R0 276 3.7 15.7 86.8 1.0037 0.00 0.0M
122460.000 1971 COM2 65 0R0 257 0.9 15.7 86.6 1.0038 0.00 0.0M
122520.000 1971 COM2 65 0R0 293 2.0 15.7 86.8 1.0038 0.00 0.0M
122580.000 1971 COM2 65 0R0 278 2.9 15.7 86.6 1.0038 0.00 0.0M
122640.000 1971 COM2 65 0R0 083 0.2 15.7 86.7 1.0037 0.00 0.0M
122700.100 1971 COM2 65 0R0 256 0.6 15.7 86.5 1.0036 0.00 0.0M
122760.000 1971 COM2 65 0R0 319 0.4 15.7 86.6 1.0036 0.00 0.0M
122820.000 1971 COM2 65 0R0 274 0.4 15.7 86.3 1.0036 0.00 0.0M
122880.000 1971 COM2 65 0R0 332 0.5 15.7 86.1 1.0037 0.00 0.0M
122940.000 1971 COM2 65 0R0 275 3.5 15.7 86.3 1.0037 0.00 0.0M
123000.000 1971 COM2 65 0R0 265 2.4 15.7 86.2 1.0040 0.00 0.0M
123060.000 1971 COM2 65 0R0 261 1.2 15.7 86.2 1.0042 0.00 0.0M
123120.000 1971 COM2 65 0R0 281 1.8 15.7 86.5 1.0043 0.00 0.0M
123180.000 1971 COM2 65 0R0 319 0.3 15.7 86.5 1.0042 0.00 0.0M
123240.000 1971 COM2 65 0R0 315 0.4 15.7 86.3 1.0041 0.00 0.0M
123300.000 1971 COM2 65 0R0 334 1.6 15.7 86.2 1.0039 0.00 0.0M
123360.000 1971 COM2 65 0R0 339 3.0 15.7 86.1 1.0039 0.00 0.0M
123420.000 1971 COM2 65 0R0 009 0.4 15.7 86.0 1.0040 0.00 0.0M
123480.000 1971 COM2 65 0R0 172 0.9 15.7 86.3 1.0041 0.00 0.0M
123540.000 1971 COM2 65 0R0 270 1.0 15.7 86.2 1.0043 0.00 0.0M
123600.000 1971 COM2 65 0R0 298 1.4 15.7 85.0 1.0043 0.00 0.0M
123660.000 1971 COM2 65 0R0 009 2.0 15.7 84.0 1.0042 0.00 0.0M
123720.000 1971 COM2 65 0R0 330 2.6 15.7 82.1 1.0042 0.00 0.0M
123780.000 1971 COM2 65 0R0 314 3.5 15.7 80.5 1.0041 0.00 0.0M
123840.000 1971 COM2 65 0R0 340 2.7 15.7 80.1 1.0044 0.00 0.0M
123900.000 1971 COM2 65 0R0 358 1.1 15.7 78.6 1.0046 0.00 0.0M
123960.000 1971 COM2 65 0R0 350 5.1 15.7 75.7 1.0046 0.00 0.0M
124020.000 1971 COM2 65 0R0 309 1.2 15.7 74.6 1.0047 0.00 0.0M
124080.000 1971 COM2 65 0R0 320 0.8 15.8 76.0 1.0045 0.00 0.0M
124140.000 1971 COM2 65 0R0 355 2.8 15.8 74.0 1.0043 0.00 0.0M
124200.000 1971 COM2 65 0R0 015 2.1 15.7 70.7 1.0041 0.00 0.0M
124260.000 1971 COM2 65 0R0 356 2.7 15.7 69.0 1.0040 0.00 0.0M
124320.000 1971 COM2 65 0R0 333 1.9 15.6 70.6 1.0041 0.00 0.0M
124380.000 1971 COM2 65 0R0 328 1.2 15.6 69.5 1.0043 0.00 0.0M
124440.000 1971 COM2 65 0R0 336 2.5 15.6 69.0 1.0045 0.00 0.0M
124500.000 1971 COM2 65 0R0 293 1.9 15.5 70.5 1.0046 0.00 0.0M
124560.000 1971 COM2 65 0R0 318 1.7 15.5 70.5 1.0047 0.00 0.0M
124620.000 1971 COM2 65 0R0 250 0.7 15.5 70.3 1.0047 0.00 0.0M
124680.000 1971 COM2 65 0R0 306 1.9 15.4 69.3 1.0046 0.00 0.0M
124740.000 1971 COM2 65 0R0 347 0.9 15.4 69.6 1.0045 0.00 0.0M
124800.000 1971 COM2 65 0R0 337 2.2 15.4 69.5 1.0045 0.00 0.0M
124860.000 1971 COM2 65 0R0 285 2.8 15.3 69.0 1.0045 0.00 0.0M
124920.000 1971 COM2 65 0R0 060 1.7 15.3 68.8 1.0046 0.00 0.0M
124980.000 1971 COM2 65 0R0 313 1.7 15.3 68.9 1.0047 0.00 0.0M
125040.000 1971 COM2 65 0R0 349 0.8 15.2 68.1 1.0048 0.00 0.0M
125100.000 1971 COM2 65 0R0 314 1.2 15.2 69.2 1.0049 0.00 0.0M
125160.000 1971 COM2 65 0R0 324 2.3 15.2 68.4 1.0051 0.00 0.0M
125220.000 1971 COM2 65 0R0 249 0.8 15.2 70.0 1.0050 0.00 0.0M
125280.000 1971 COM2 65 0R0 297 1.7 15.2 70.0 1.0050 0.00 0.0M
125340.000 1971 COM2 65 0R0 349 1.9 15.1 69.8 1.0051 0.00 0.0M
125400.000 1971 COM2 65 0R0 268 1.1 15.1 69.5 1.0051 0.00 0.0M
125460.000 1971 COM2 65 0R0 241 1.1 15.1 70.5 1.0049 0.00 0.0M
125520.000 1971 COM2 65 0R0 331 1.3 15.1 69.8 1.0048 0.00 0.0M
125580.000 1971 COM2 65 0R0 020 2.0 15.1 70.0 1.0047 0.00 0.0M
125640.000 1971 COM2 65 0R0 326 3.1 15.1 68.2 1.0046 0.00 0.0M
125700.000 1971 COM2 65 0R0 356 1.4 15.1 68.7 1.0045 0.00 0.0M
125760.000 1971 COM2 65 0R0 331 4.3 15.1 67.9 1.0045 0.00 0.0M
125820.000 1971 COM2 65 0R0 308 3.1 15.0 67.5 1.0046 0.00 0.0M
125880.000 1971 COM2 65 0R0 327 3.1 15.0 67.5 1.0047 0.00 0.0M
125940.000 1971 COM2 65 0R0 302 1.7 15.1 67.6 1.0049 0.00 0.0M
126000.000 1971 COM2 65 0R0 314 2.4 15.1 67.2 1.0050 0.00 0.0M
126060.000 1971 COM2 65 0R0 335 2.5 15.0 67.3 1.0051 0.00 0.0M
126120.000 1971 COM2 65 0R0 309 3.7 15.0 67.9 1.0051 0.00 0.0M
126180.000 1971 COM2 65 0R0 343 3.6 15.0 67.4 1.0051 0.00 0.0M
126240.000 1971 COM2 65 0R0 027 1.3 15.0 67.5 1.0049 0.00 0.0M
126300.000 1971 COM2 65 0R0 347 3.5 15.0 66.6 1.0047 0.00 0.0M
126360.000 1971 COM2 65 0R0 042 1.0 15.0 67.6 1.0046 0.00 0.0M
126420.000 1971 COM2 65 0R0 341 2.7 15.0 67.7 1.0046 0.00 0.0M
126480.000 1971 COM2 65 0R0 299 2.3 15.0 67.3 1.0046 0.00 0.0M
126540.000 1971 COM2 65 0R0 289 2.0 15.0 67.6 1.0049 0.00 0.0M
126600.000 1971 COM2 65 0R0 297 3.0 15.0 66.8 1.0051 0.00 0.0M
126660.000 1971 COM2 65 0R0 337 0.4 15.0 68.2 1.0051 0.00 0.0M
126720.000 1971 COM2 65 0R0 011 2.1 15.0 67.8 1.0050 0.00 0.0M
126780.000 1971 COM2 65 0R0 304 2.9 14.9 66.8 1.0049 0.00 0.0M
126840.000 1971 COM2 65 0R0 336 2.0 15.0 67.1 1.0050 0.00 0.0M
126900.000 1971 COM2 65 0R0 359 1.8 14.9 67.4 1.0050 0.00 0.0M
126960.000 1971 COM2 65 0R0 335 2.1 14.9 67.2 1.0050 0.00 0.0M
127020.000 1971 COM2 65 0R0 012 1.5 14.9 67.2 1.0049 0.00 0.0M
127080.000 1971 COM2 65 0R0 286 3.9 14.9 67.8 1.0049 0.00 0.0M
127140.000 1971 COM2 65 0R0 326 0.4 14.9 68.0 1.0049 0.00 0.0M
127200.000 1971 COM2 65 0R0 344 2.4 14.9 68.0 1.0049 0.00 0.0M
127260.000 1971 COM2 65 0R0 300 1.2 14.9 68.1 1.0048 0.00 0.0M
127320.000 1971 COM2 65 0R0 307 2.0 14.9 67.8 1.0048 0.00 0.0M
127380.000 1971 COM2 65 0R0 343 2.1 14.9 68.1 1.0049 0.00 0.0M
127440.000 1971 COM2 65 0R0 273 1.9 14.9 67.5 1.0050 0.00 0.0M
127500.000 1971 COM2 65 0R0 338 0.5 14.9 68.5 1.0052 0.00 0.0M
127560.000 1971 COM2 65 0R0 007 0.9 14.9 68.3 1.0052 0.00 0.0M
127620.000 1971 COM2 65 0R0 308 1.4 14.8 67.8 1.0053 0.00 0.0M
127680.000 1971 COM2 65 0R0 040 0.4 14.8 68.3 1.0053 0.00 0.0M
127740.000 1971 COM2 65 0R0 275 1.8 14.8 68.3 1.0053 0.00 0.0M
127800.000 1971 COM2 65 0R0 309 3.4 14.8 66.0 1.0053 0.00 0.0M
127860.000 1971 COM2 65 0R0 349 0.6 14.8 66.5 1.0053 0.00 0.0M
127920.000 1971 COM2 65 0R0 272 2.2 14.9 67.5 1.0053 0.00 0.0M
127980.000 1971 COM2 65 0R0 281 2.7 14.9 67.7 1.0053 0.00 0.0M
128040.000 1971 COM2 65 0R0 347 4.1 14.9 66.4 1.0053 0.00 0.0M
128100.000 1971 COM2 65 0R0 028 0.6 14.9 67.4 1.0053 0.00 0.0M
128160.000 1971 COM2 65 0R0 356 2.1 14.9 67.2 1.0054 0.00 0.0M
128220.000 1971 COM2 65 0R0 179 0.5 14.8 66.4 1.0055 0.00 0.0M
128280.000 1971 COM2 65 0R0 301 1.8 14.8 67.3 1.0054 0.00 0.0M
128340.000 1971 COM2 65 0R0 232 0.3 14.8 67.4 1.0055 0.00 0.0M
128400.000 1971 COM2 65 0R0 299 1.1 14.8 66.5 1.0055 0.00 0.0M
128460.000 1971 COM2 65 0R0 275 0.8 14.8 67.2 1.0055 0.00 0.0M
128520.000 1971 COM2 65 0R0 348 1.6 14.8 67.2 1.0055 0.00 0.0M
128580.000 1971 COM2 65 0R0 275 1.2 14.8 67.2 1.0055 0.00 0.0M
128640.000 1971 COM2 65 0R0 312 3.8 14.8 66.4 1.0055 0.00 0.0M
128700.000 1971 COM2 65 0R0 342 2.5 14.8 66.4 1.0055 0.00 0.0M
128760.000 1971 COM2 65 0R0 027 1.4 14.8 66.4 1.0054 0.00 0.0M
128820.000 1971 COM2 65 0R0 351 2.5 14.8 66.5 1.0054 0.00 0.0M
128880.000 1971 COM2 65 0R0 340 1.3 14.8 65.7 1.0055 0.00 0.0M
128940.000 1971 COM2 65 0R0 274 1.5 14.8 65.2 1.0055 0.00 0.0M
129000.000 1971 COM2 65 0R0 343 2.3 14.8 65.8 1.0055 0.00 0.0M
129060.000 1971 COM2 65 0R0 347 2.1 14.8 66.5 1.0056 0.00 0.0M
129120.000 1971 COM2 65 0R0 329 2.1 14.8 65.1 1.0056 0.00 0.0M
129180.000 1971 COM2 65 0R0 313 3.6 14.8 65.5 1.0056 0.00 0.0M
129240.000 1971 COM2 65 0R0 314 1.8 14.8 65.7 1.0055 0.00 0.0M
129300.000 1971 COM2 65 0R0 357 1.6 14.8 65.7 1.0054 0.00 0.0M
129360.000 1971 COM2 65 0R0 058 1.6 14.8 65.5 1.0054 0.00 0.0M
129420.000 1971 COM2 65 0R0 285 2.2 14.8 65.9 1.0054 0.00 0.0M
129480.000 1971 COM2 65 0R0 314 2.2 14.8 65.2 1.0055 0.00 0.0M
129540.100 1971 COM2 65 0R0 353 2.2 14.8 65.1 1.0056 0.00 0.0M
129600.000 1971 COM2 65 0R0 306 1.9 14.8 64.8 1.0056 0.00 0.0M
129660.000 1971 COM2 65 0R0 329 2.9 14.8 64.8 1.0057 0.00 0.0M
129720.000 1971 COM2 65 0R0 313 0.8 14.8 65.2 1.0058 0.00 0.0M
129780.000 1971 COM2 65 0R0 072 0.5 14.8 66.2 1.0057 0.00 0.0M
129840.000 1971 COM2 65 0R0 045 2.3 14.8 64.7 1.0057 0.00 0.0M
129900.000 1971 COM2 65 0R0 292 0.6 14.8 64.8 1.0058 0.00 0.0M
129960.000 1971 COM2 65 0R0 322 2.5 14.8 65.1 1.0060 0.00 0.0M
130020.000 1971 COM2 65 0R0 018 1.8 14.7 65.2 1.0060 0.00 0.0M
130080.000 1971 COM2 65 0R0 283 2.4 14.7 65.0 1.0060 0.00 0.0M
130140.000 1971 COM2 65 0R0 327 3.5 14.7 65.1 1.0059 0.00 0.0M
130200.000 1971 COM2 65 0R0 295 4.3 14.7 65.6 1.0058 0.00 0.0M
130260.000 1971 COM2 65 0R0 342 1.5 14.7 65.9 1.0059 0.00 0.0M
130320.000 1971 COM2 65 0R0 321 1.8 14.7 65.9 1.0058 0.00 0.0M
130380.000 1971 COM2 65 0R0 295 1.8 14.7 65.8 1.0057 0.00 0.0M
130440.000 1971 COM2 65 0R0 348 1.3 14.6 66.3 1.0057 0.00 0.0M
130500.000 1971 COM2 65 0R0 052 1.0 14.6 66.8 1.0056 0.00 0.0M
130560.000 1971 COM2 65 0R0 342 1.6 14.6 66.8 1.0055 0.00 0.0M
130620.000 1971 COM2 65 0R0 310 3.0 14.6 66.3 1.0056 0.00 0.0M
130680.000 1971 COM2 65 0R0 028 1.7 14.6 65.9 1.0056 0.00 0.0M
130740.000 1971 COM2 65 0R0 018 0.9 14.5 66.3 1.0057 0.00 0.0M
130800.000 1971 COM2 65 0R0 305 2.4 14.5 66.6 1.0059 0.00 0.0M
130860.000 1971 COM2 65 0R0 314 1.3 14.5 66.4 1.0060 0.00 0.0M
130920.000 1971 COM2 65 0R0 280 0.3 14.5 66.9 1.0060 0.00 0.0M
130980.000 1971 COM2 65 0R0 335 0.8 14.5 66.6 1.0060 0.00 0.0M
131040.100 1971 COM2 65 0R0 353 0.5 14.6 66.8 1.0060 0.00 0.0M
131100.000 1971 COM2 65 0R0 320 0.6 14.6 67.1 1.0060 0.00 0.0M
131160.000 1971 COM2 65 0R0 294 1.5 14.6 67.3 1.0060 0.00 0.0M
131220.000 1971 COM2 65 0R0 314 1.0 14.6 66.3 1.0062 0.00 0.0M
131280.000 1971 COM2 65 0R0 352 2.3 14.6 66.7 1.0063 0.00 0.0M
131340.000 1971 COM2 65 0R0 274 1.2 14.6 66.7 1.0063 0.00 0.0M
131400.000 1971 COM2 65 0R0 342 1.3 14.6 66.7 1.0063 0.00 0.0M
131460.000 1971 COM2 65 0R0 355 0.6 14.5 66.5 1.0063 0.00 0.0M
131520.000 1971 COM2 65 0R0 060 0.3 14.5 67.4 1.0063 0.00 0.0M
131580.000 1971 COM2 65 0R0 000 0.7 14.5 66.5 1.0063 0.00 0.0M
131640.000 1971 COM2 65 0R0 298 2.6 14.6 67.0 1.0064 0.00 0.0M
131700.000 1971 COM2 65 0R0 128 0.4 14.5 67.4 1.0065 0.00 0.0M
131760.000 1971 COM2 65 0R0 304 1.0 14.6 66.6 1.0066 0.00 0.0M
131820.000 1971 COM2 65 0R0 350 2.0 14.5 67.2 1.0066 0.00 0.0M
131880.000 1971 COM2 65 0R0 005 0.8 14.5 66.6 1.0066 0.00 0.0M
131940.000 1971 COM2 65 0R0 348 1.4 14.5 67.1 1.0066 0.00 0.0M
132000.000 1971 COM2 65 0R0 333 1.5 14.5 67.1 1.0066 0.00 0.0M
132060.000 1971 COM2 65 0R0 312 1.3 14.5 67.1 1.0066 0.00 0.0M
132120.000 1971 COM2 65 0R0 310 0.2 14.4 68.2 1.0067 0.00 0.0M
132180.000 1971 COM2 65 0R0 276 0.4 14.5 68.3 1.0068 0.00 0.0M
132240.000 1971 COM2 65 0R0 000 0.4 14.5 67.9 1.0068 0.00 0.0M
132300.000 1971 COM2 65 0R0 259 1.2 14.5 67.8 1.0068 0.00 0.0M
132360.000 1971 COM2 65 0R0 012 0.4 14.5 68.3 1.0068 0.00 0.0M
132420.000 1971 COM2 65 0R0 060 0.7 14.5 68.2 1.0068 0.00 0.0M
132480.000 1971 COM2 65 0R0 004 0.3 14.5 68.9 1.0067 0.00 0.0M
132540.000 1971 COM2 65 0R0 333 0.9 14.5 67.8 1.0067 0.00 0.0M
132600.000 1971 COM2 65 0R0 332 0.5 14.5 67.5 1.0067 0.00 0.0M
132660.000 1971 COM2 65 0R0 018 1.2 14.5 67.3 1.0067 0.00 0.0M
132720.000 1971 COM2 65 0R0 010 1.4 14.4 67.3 1.0067 0.00 0.0M
132780.000 1971 COM2 65 0R0 322 0.9 14.4 67.7 1.0067 0.00 0.0M
132840.000 1971 COM2 65 0R0 274 1.4 14.3 67.2 1.0067 0.00 0.0M
132900.000 1971 COM2 65 0R0 301 0.4 14.3 66.8 1.0067 0.00 0.0M
132960.000 1971 COM2 65 0R0 283 0.5 14.3 66.1 1.0067 0.00 0.0M
133020.000 1971 COM2 65 0R0 312 0.3 14.3 66.9 1.0068 0.00 0.0M
133080.000 1971 COM2 65 0R0 318 2.0 14.3 66.7 1.0069 0.00 0.0M
133140.000 1971 COM2 65 0R0 312 3.0 14.3 67.0 1.0070 0.00 0.0M
133200.000 1971 COM2 65 0R0 084 1.6 14.2 66.4 1.0070 0.00 0.0M
133260.000 1971 COM2 65 0R0 321 0.6 14.2 66.1 1.0070 0.00 0.0M
133320.000 1971 COM2 65 0R0 318 1.2 14.2 66.3 1.0071 0.00 0.0M
133380.000 1971 COM2 65 0R0 014 1.6 14.2 64.4 1.0070 0.00 0.0M
133440.000 1971 COM2 65 0R0 319 0.6 14.2 65.6 1.0069 0.00 0.0M
133500.000 1971 COM2 65 0R0 345 2.0 14.1 65.4 1.0069 0.00 0.0M
133560.000 1971 COM2 65 0R0 305 1.0 14.1 64.4 1.0068 0.00 0.0M
133620.000 1971 COM2 65 0R0 328 1.5 14.0 64.1 1.0067 0.00 0.0M
133680.000 1971 COM2 65 0R0 056 3.2 14.0 63.0 1.0067 0.00 0.0M
133740.000 1971 COM2 65 0R0 345 1.8 14.0 63.0 1.0068 0.00 0.0M
133800.000 1971 COM2 65 0R0 358 2.3 14.0 61.8 1.0071 0.00 0.0M
133860.000 1971 COM2 65 0R0 003 3.2 13.9 62.7 1.0071 0.00 0.0M
133920.000 1971 COM2 65 0R0 032 0.4 13.9 62.9 1.0069 0.00 0.0M
133980.100 1971 COM2 65 0R0 337 1.5 13.9 62.5 1.0068 0.00 0.0M
134040.000 1971 COM2 65 0R0 342 2.5 13.9 62.4 1.0068 0.00 0.0M
134100.000 1971 COM2 65 0R0 352 2.5 13.9 61.7 1.0068 0.00 0.0M
134160.000 1971 COM2 65 0R0 343 3.9 13.9 61.4 1.0068 0.00 0.0M
134220.000 1971 COM2 65 0R0 346 2.5 13.9 61.8 1.0069 0.00 0.0M
134280.000 1971 COM2 65 0R0 000 1.3 13.9 61.6 1.0071 0.00 0.0M
134340.000 1971 COM2 65 0R0 329 2.9 13.9 61.1 1.0073 0.00 0.0M
134400.000 1971 COM2 65 0R0 261 1.6 13.9 60.9 1.0072 0.00 0.0M
134460.000 1971 COM2 65 0R0 322 1.0 13.9 61.0 1.0073 0.00 0.0M
134520.000 1971 COM2 65 0R0 042 2.5 13.9 62.2 1.0073 0.00 0.0M
134580.000 1971 COM2 65 0R0 303 3.6 13.9 60.9 1.0072 0.00 0.0M
134640.000 1971 COM2 65 0R0 332 3.2 13.9 60.3 1.0071 0.00 0.0M
134700.000 1971 COM2 65 0R0 241 1.0 13.9 61.5 1.0073 0.00 0.0M
134760.000 1971 COM2 65 0R0 291 2.8 13.9 60.3 1.0073 0.00 0.0M
134820.000 1971 COM2 65 0R0 301 2.3 13.9 61.0 1.0074 0.00 0.0M
134880.000 1971 COM2 65 0R0 154 0.9 13.9 61.8 1.0075 0.00 0.0M
134940.000 1971 COM2 65 0R0 325 4.3 13.9 59.9 1.0074 0.00 0.0M
135000.000 1971 COM2 65 0R0 318 4.1 13.8 59.9 1.0074 0.00 0.0M
135060.000 1971 COM2 65 0R0 056 1.7 13.8 60.5 1.0074 0.00 0.0M
135120.000 1971 COM2 65 0R0 319 1.1 13.7 61.3 1.0076 0.00 0.0M
135180.000 1971 COM2 65 0R0 303 0.4 13.7 61.2 1.0077 0.00 0.0M
135240.000 1971 COM2 65 0R0 255 0.3 13.7 62.1 1.0076 0.00 0.0M
135300.000 1971 COM2 65 0R0 023 2.5 13.7 61.8 1.0075 0.00 0.0M
135360.000 1971 COM2 65 0R0 309 1.6 13.8 61.5 1.0074 0.00 0.0M
135420.000 1971 COM2 65 0R0 008 1.1 13.7 60.8 1.0076 0.00 0.0M
135480.000 1971 COM2 65 0R0 350 2.6 13.7 60.8 1.0077 0.00 0.0M
135540.000 1971 COM2 65 0R0 004 1.1 13.7 61.3 1.0075 0.00 0.0M
135600.000 1971 COM2 65 0R0 289 2.2 13.7 60.9 1.0073 0.00 0.0M
135660.000 1971 COM2 65 0R0 023 1.5 13.7 60.9 1.0072 0.00 0.0M
135720.000 1971 COM2 65 0R0 345 3.4 13.7 61.0 1.0073 0.00 0.0M
135780.100 1971 COM2 65 0R0 291 3.1 13.7 60.7 1.0073 0.00 0.0M
135840.000 1971 COM2 65 0R0 330 1.0 13.7 61.7 1.0073 0.00 0.0M
135900.000 1971 COM2 65 0R0 353 2.0 13.7 60.9 1.0072 0.00 0.0M
135960.000 1971 COM2 65 0R0 082 0.6 13.7 60.9 1.0073 0.00 0.0M
136020.000 1971 COM2 65 0R0 206 1.4 13.7 61.9 1.0074 0.00 0.0M
136080.000 1971 COM2 65 0R0 345 3.0 13.7 59.9 1.0076 0.00 0.0M
136140.000 1971 COM2 65 0R0 281 2.1 13.7 60.5 1.0078 0.00 0.0M
136200.000 1971 COM2 65 0R0 299 3.8 13.6 61.2 1.0078 0.00 0.0M
136260.000 1971 COM2 65 0R0 337 2.1 13.6 61.7 1.0079 0.00 0.0M
136320.000 1971 COM2 65 0R0 306 1.9 13.6 61.1 1.0078 0.00 0.0M
136380.000 1971 COM2 65 0R0 289 2.2 13.6 61.4 1.0079 0.00 0.0M
136440.100 1971 COM2 65 0R0 307 5.0 13.6 60.8 1.0079 0.00 0.0M
136500.000 1971 COM2 65 0R0 307 4.4 13.6 61.3 1.0080 0.00 0.0M
136560.000 1971 COM2 65 0R0 178 1.0 13.6 61.4 1.0079 0.00 0.0M
136620.000 1971 COM2 65 0R0 043 0.4 13.6 62.0 1.0080 0.00 0.0M
136680.000 1971 COM2 65 0R0 314 2.1 13.6 62.0 1.0079 0.00 0.0M
136740.000 1971 COM2 65 0R0 298 2.8 13.6 62.3 1.0079 0.00 0.0M
136800.000 1971 COM2 65 0R0 288 1.5 13.7 62.4 1.0079 0.00 0.0M
136860.000 1971 COM2 65 0R0 279 1.3 13.7 62.7 1.0079 0.00 0.0M
136920.000 1971 COM2 65 0R0 291 0.7 13.7 62.6 1.0079 0.00 0.0M
136980.000 1971 COM2 65 0R0 288 4.8 13.7 61.1 1.0079 0.00 0.0M
137040.000 1971 COM2 65 0R0 290 0.6 13.7 62.8 1.0078 0.00 0.0M
137100.000 1971 COM2 65 0R0 004 1.9 13.7 63.0 1.0076 0.00 0.0M
137160.000 1971 COM2 65 0R0 270 1.7 13.7 62.4 1.0075 0.00 0.0M
137220.000 1971 COM2 65 0R0 295 2.2 13.7 62.8 1.0075 0.00 0.0M
137280.000 1971 COM2 65 0R0 005 1.1 13.7 62.2 1.0076 0.00 0.0M
137340.000 1971 COM2 65 0R0 197 0.6 13.7 62.1 1.0077 0.00 0.0M
137400.000 1971 COM2 65 0R0 306 0.9 13.7 60.7 1.0078 0.00 0.0M
137460.000 1971 COM2 65 0R0 226 0.8 13.7 61.3 1.0078 0.00 0.0M
137520.000 1971 COM2 65 0R0 264 2.3 13.7 62.4 1.0078 0.00 0.0M
137580.000 1971 COM2 65 0R0 271 3.0 13.7 61.7 1.0079 0.00 0.0M
137640.000 1971 COM2 65 0R0 012 0.9 13.6 61.7 1.0079 0.00 0.0M
137700.000 1971 COM2 65 0R0 038 0.7 13.6 61.8 1.0079 0.00 0.0M
137760.000 1971 COM2 65 0R0 338 2.9 13.6 60.6 1.0079 0.00 0.0M
137820.000 1971 COM2 65 0R0 211 0.5 13.5 61.5 1.0078 0.00 0.0M
137880.000 1971 COM2 65 0R0 263 1.3 13.5 60.9 1.0078 0.00 0.0M
137940.000 1971 COM2 65 0R0 334 3.8 13.4 60.9 1.0078 0.00 0.0M
138000.000 1971 COM2 65 0R0 172 0.7 13.4 61.6 1.0079 0.00 0.0M
138060.000 1971 COM2 65 0R0 305 0.8 13.4 61.2 1.0080 0.00 0.0M
138120.000 1971 COM2 65 0R0 346 2.5 13.4 60.1 1.0080 0.00 0.0M
138180.000 1971 COM2 65 0R0 224 2.3 13.4 60.2 1.0079 0.00 0.0M
138240.000 1971 COM2 65 0R0 267 1.4 13.4 60.5 1.0079 0.00 0.0M
138300.000 1971 COM2 65 0R0 319 4.1 13.3 60.2 1.0078 0.00 0.0M
138360.000 1971 COM2 65 0R0 294 2.7 13.3 60.7 1.0078 0.00 0.0M
138420.100 1971 COM2 65 0R0 273 1.3 13.3 60.8 1.0078 0.00 0.0M
138480.000 1971 COM2 65 0R0 355 2.8 13.4 59.8 1.0078 0.00 0.0M
138540.000 1971 COM2 65 0R0 317 2.0 13.4 60.2 1.0078 0.00 0.0M
138600.000 1971 COM2 65 0R0 332 1.0 13.4 60.6 1.0078 0.00 0.0M
138660.000 1971 COM2 65 0R0 299 2.2 13.4 60.7 1.0079 0.00 0.0M
138720.000 1971 COM2 65 0R0 329 3.1 13.4 60.1 1.0080 0.00 0.0M
138780.000 1971 COM2 65 0R0 345 2.5 13.4 59.7 1.0080 0.00 0.0M
138840.000 1971 COM2 65 0R0 317 2.4 13.4 60.1 1.0080 0.00 0.0M
138900.000 1971 COM2 65 0R0 229 0.5 13.4 60.5 1.0079 0.00 0.0M
138960.000 1971 COM2 65 0R0 020 1.1 13.5 60.3 1.0078 0.00 0.0M
139020.000 1971 COM2 65 0R0 358 2.3 13.5 60.3 1.0078 0.00 0.0M
139080.000 1971 COM2 65 0R0 336 2.6 13.5 58.7 1.0079 0.00 0.0M
139140.000 1971 COM2 65 0R0 331 4.6 13.4 58.7 1.0079 0.00 0.0M
139200.000 1971 COM2 65 0R0 290 4.4 13.3 58.0 1.0080 0.00 0.0M
139260.000 1971 COM2 65 0R0 282 1.5 13.3 59.6 1.0081 0.00 0.0M
139320.000 1971 COM2 65 0R0 001 0.5 13.3 60.5 1.0080 0.00 0.0M
139380.000 1971 COM2 65 0R0 294 0.7 13.3 60.1 1.0079 0.00 0.0M
139440.000 1971 COM2 65 0R0 340 2.8 13.3 58.6 1.0079 0.00 0.0M
139500.000 1971 COM2 65 0R0 307 3.0 13.3 59.9 1.0081 0.00 0.0M
139560.000 1971 COM2 65 0R0 018 1.1 13.3 59.6 1.0081 0.00 0.0M
139620.000 1971 COM2 65 0R0 031 0.6 13.3 59.2 1.0080 0.00 0.0M
139680.000 1971 COM2 65 0R0 304 1.6 13.2 59.6 1.0080 0.00 0.0M
139740.000 1971 COM2 65 0R0 332 0.8 13.2 60.4 1.0081 0.00 0.0M
139800.000 1971 COM2 65 0R0 346 5.1 13.2 58.5 1.0081 0.00 0.0M
139860.000 1971 COM2 65 0R0 006 4.1 13.2 59.1 1.0081 0.00 0.0M
139920.000 1971 COM2 65 0R0 330 1.5 13.2 59.0 1.0082 0.00 0.0M
139980.000 1971 COM2 65 0R0 251 0.4 13.1 59.4 1.0083 0.00 0.0M
140040.000 1971 COM2 65 0R0 308 0.5 13.1 59.4 1.0083 0.00 0.0M
140100.000 1971 COM2 65 0R0 332 2.0 13.1 59.8 1.0082 0.00 0.0M
140160.000 1971 COM2 65 0R0 357 1.4 13.1 59.5 1.0082 0.00 0.0M
140220.000 1971 COM2 65 0R0 319 1.3 13.1 59.0 1.0081 0.00 0.0M
140280.000 1971 COM2 65 0R0 035 1.8 13.1 59.3 1.0081 0.00 0.0M
140340.000 1971 COM2 65 0R0 334 3.0 13.1 59.7 1.0081 0.00 0.0M
140400.000 1971 COM2 65 0R0 307 0.7 13.1 59.3 1.0081 0.00 0.0M
140460.000 1971 COM2 65 0R0 028 2.8 13.1 59.4 1.0081 0.00 0.0M
140520.000 1971 COM2 65 0R0 328 1.6 13.1 59.3 1.0082 0.00 0.0M
140580.000 1971 COM2 65 0R0 346 0.8 13.1 60.3 1.0083 0.00 0.0M
140640.000 1971 COM2 65 0R0 297 1.7 13.1 59.7 1.0083 0.00 0.0M
140700.000 1971 COM2 65 0R0 344 3.7 13.1 58.5 1.0083 0.00 0.0M
140760.000 1971 COM2 65 0R0 302 0.5 13.1 59.6 1.0083 0.00 0.0M
140820.000 1971 COM2 65 0R0 260 1.4 13.1 58.8 1.0083 0.00 0.0M
140880.000 1971 COM2 65 0R0 342 1.3 13.1 59.4 1.0082 0.00 0.0M
140940.000 1971 COM2 65 0R0 318 1.5 13.2 58.4 1.0082 0.00 0.0M
141000.000 1971 COM2 65 0R0 319 3.9 13.1 58.3 1.0082 0.00 0.0M
141060.000 1971 COM2 65 0R0 263 2.4 13.1 58.3 1.0082 0.00 0.0M
141120.000 1971 COM2 65 0R0 084 0.5 13.1 59.2 1.0084 0.00 0.0M
141180.000 1971 COM2 65 0R0 319 2.2 13.1 58.0 1.0085 0.00 0.0M
141240.000 1971 COM2 65 0R0 322 1.7 13.1 57.7 1.0085 0.00 0.0M
141300.000 1971 COM2 65 0R0 278 3.2 13.2 58.7 1.0086 0.00 0.0M
141360.000 1971 COM2 65 0R0 277 1.9 13.2 58.5 1.0087 0.00 0.0M
141420.000 1971 COM2 65 0R0 179 0.8 13.2 57.5 1.0088 0.00 0.0M
141480.000 1971 COM2 65 0R0 336 1.5 13.2 57.4 1.0088 0.00 0.0M
141540.000 1971 COM2 65 0R0 325 0.9 13.1 58.4 1.0087 0.00 0.0M
141600.000 1971 COM2 65 0R0 327 1.5 13.1 57.4 1.0086 0.00 0.0M
141660.000 1971 COM2 65 0R0 200 0.8 13.1 57.1 1.0086 0.00 0.0M
141720.000 1971 COM2 65 0R0 298 1.5 13.1 56.3 1.0084 0.00 0.0M
141780.000 1971 COM2 65 0R0 295 0.4 13.1 57.4 1.0084 0.00 0.0M
141840.000 1971 COM2 65 0R0 308 3.8 13.1 57.3 1.0083 0.00 0.0M
141900.000 1971 COM2 65 0R0 351 4.5 13.0 55.8 1.0082 0.00 0.0M
141960.000 1971 COM2 65 0R0 003 2.0 13.0 56.7 1.0082 0.00 0.0M
142020.000 1971 COM2 65 0R0 319 4.5 12.9 56.9 1.0082 0.00 0.0M
142080.000 1971 COM2 65 0R0 339 0.8 12.9 57.6 1.0082 0.00 0.0M
142140.000 1971 COM2 65 0R0 349 3.2 13.0 57.6 1.0083 0.00 0.0M
142200.000 1971 COM2 65 0R0 305 4.7 13.0 56.7 1.0083 0.00 0.0M
142260.000 1971 COM2 65 0R0 347 4.3 13.0 56.6 1.0083 0.00 0.0M
142320.000 1971 COM2 65 0R0 344 3.8 12.9 56.7 1.0082 0.00 0.0M
142380.000 1971 COM2 65 0R0 277 2.8 12.9 56.9 1.0082 0.00 0.0M
142440.000 1971 COM2 65 0R0 273 1.8 12.9 56.7 1.0083 0.00 0.0M
142500.000 1971 COM2 65 0R0 302 0.7 12.8 57.4 1.0082 0.00 0.0M
142560.000 1971 COM2 65 0R0 223 1.1 12.9 57.5 1.0082 0.00 0.0M
142620.000 1971 COM2 65 0R0 009 1.4 12.9 57.7 1.0082 0.00 0.0M
142680.000 1971 COM2 65 0R0 321 2.5 12.9 57.3 1.0082 0.00 0.0M
142740.000 1971 COM2 65 0R0 321 2.4 12.9 57.2 1.0082 0.00 0.0M
142800.000 1971 COM2 65 0R0 339 1.9 12.9 57.6 1.0083 0.00 0.0M
142860.000 1971 COM2 65 0R0 217 0.7 12.9 58.5 1.0083 0.00 0.0M
142920.000 1971 COM2 65 0R0 354 0.8 13.0 57.4 1.0083 0.00 0.0M
142980.000 1971 COM2 65 0R0 353 0.7 13.1 57.9 1.0082 0.00 0.0M
143040.000 1971 COM2 65 0R0 271 4.3 13.2 57.1 1.0083 0.00 0.0M
143100.000 1971 COM2 65 0R0 220 0.9 13.2 57.1 1.0087 0.00 0.0M
143160.000 1971 COM2 65 0R0 273 3.6 13.2 57.1 1.0088 0.00 0.0M
143220.000 1971 COM2 65 0R0 287 1.3 13.1 58.0 1.0089 0.00 0.0M
143280.000 1971 COM2 65 0R0 313 4.3 13.1 56.5 1.0088 0.00 0.0M
143340.000 1971 COM2 65 0R0 043 1.8 13.0 56.7 1.0087 0.00 0.0M
143400.000 1971 COM2 65 0R0 312 3.4 13.0 56.5 1.0087 0.00 0.0M
143460.000 1971 COM2 65 0R0 297 1.0 12.9 57.1 1.0086 0.00 0.0M
143520.000 1971 COM2 65 0R0 306 4.5 12.8 56.9 1.0086 0.00 0.0M
143580.000 1971 COM2 65 0R0 318 2.2 12.7 57.1 1.0086 0.00 0.0M
143640.000 1971 COM2 65 0R0 284 3.3 12.7 57.2 1.0087 0.00 0.0M
143700.000 1971 COM2 65 0R0 281 2.9 12.7 58.5 1.0087 0.00 0.0M
143760.000 1971 COM2 65 0R0 324 2.0 12.7 58.3 1.0087 0.00 0.0M
143820.000 1971 COM2 65 0R0 347 3.2 12.7 57.8 1.0086 0.00 0.0M
143880.000 1971 COM2 65 0R0 171 0.6 12.8 58.0 1.0086 0.00 0.0M
143940.000 1971 COM2 65 0R0 327 1.3 12.8 57.7 1.0085 0.00 0.0M
144000.000 1971 COM2 65 0R0 343 3.7 12.9 56.3 1.0085 0.00 0.0M
144060.000 1971 COM2 65 0R0 031 2.3 12.8 57.4 1.0084 0.00 0.0M
144120.000 1971 COM2 65 0R0 341 3.0 12.8 57.4 1.0085 0.00 0.0M
144180.000 1971 COM2 65 0R0 336 3.4 12.7 57.5 1.0085 0.00 0.0M
144240.000 1971 COM2 65 0R0 359 1.0 12.7 58.7 1.0085 0.00 0.0M
144300.000 1971 COM2 65 0R0 324 3.0 12.8 58.5 1.0084 0.00 0.0M
144360.000 1971 COM2 65 0R0 300 3.7 12.8 57.4 1.0083 0.00 0.0M
144420.000 1971 COM2 65 0R0 324 2.0 12.8 57.1 1.0083 0.00 0.0M
144480.000 1971 COM2 65 0R0 346 3.2 12.8 56.9 1.0082 0.00 0.0M
144540.000 1971 COM2 65 0R0 014 1.6 12.9 57.8 1.0082 0.00 0.0M
144600.000 1971 COM2 65 0R0 307 3.2 13.0 56.5 1.0082 0.00 0.0M
144660.000 1971 COM2 65 0R0 316 2.0 13.0 56.7 1.0082 0.00 0.0M
144720.000 1971 COM2 65 0R0 274 0.3 13.0 57.2 1.0082 0.00 0.0M
144780.000 1971 COM2 65 0R0 336 2.4 13.0 56.4 1.0083 0.00 0.0M
144840.000 1971 COM2 65 0R0 019 1.9 13.0 55.9 1.0083 0.00 0.0M
144900.000 1971 COM2 65 0R0 336 2.0 13.0 55.9 1.0083 0.00 0.0M
144960.000 1971 COM2 65 0R0 008 1.8 13.1 56.7 1.0083 0.00 0.0M
145020.000 1971 COM2 65 0R0 347 2.1 13.3 55.4 1.0082 0.00 0.0M
145080.000 1971 COM2 65 0R0 037 1.8 13.3 54.5 1.0081 0.00 0.0M
145140.000 1971 COM2 65 0R0 009 2.0 13.3 54.6 1.0080 0.00 0.0M
145200.000 1971 COM2 65 0R0 341 3.2 13.2 54.7 1.0081 0.00 0.0M
145260.000 1971 COM2 65 0R0 319 2.1 13.1 55.0 1.0081 0.00 0.0M
145320.000 1971 COM2 65 0R0 335 4.6 13.1 55.8 1.0082 0.00 0.0M
145380.000 1971 COM2 65 0R0 346 0.7 13.1 55.8 1.0082 0.00 0.0M
145440.000 1971 COM2 65 0R0 352 1.2 13.1 55.7 1.0082 0.00 0.0M
145500.000 1971 COM2 65 0R0 237 1.4 13.1 55.9 1.0082 0.00 0.0M
145560.000 1971 COM2 65 0R0 318 1.8 13.2 55.6 1.0082 0.00 0.0M
145620.000 1971 COM2 65 0R0 007 1.8 13.2 56.5 1.0083 0.00 0.0M
145680.000 1971 COM2 65 0R0 328 1.5 13.3 55.5 1.0083 0.00 0.0M
145740.000 1971 COM2 65 0R0 332 3.7 13.3 54.5 1.0084 0.00 0.0M
145800.000 1971 COM2 65 0R0 344 3.5 13.2 54.3 1.0085 0.00 0.0M
145860.000 1971 COM2 65 0R0 317 3.5 13.2 54.6 1.0085 0.00 0.0M
145920.000 1971 COM2 65 0R0 346 3.1 13.1 54.6 1.0084 0.00 0.0M
145980.000 1971 COM2 65 0R0 298 0.5 13.0 55.5 1.0084 0.00 0.0M
146040.000 1971 COM2 65 0R0 344 0.9 13.0 56.2 1.0083 0.00 0.0M
146100.000 1971 COM2 65 0R0 331 2.0 13.0 55.2 1.0082 0.00 0.0M
146160.000 1971 COM2 65 0R0 263 1.4 13.0 55.4 1.0081 0.00 0.0M
146220.000 1971 COM2 65 0R0 276 3.0 13.0 54.9 1.0081 0.00 0.0M
146280.000 1971 COM2 65 0R0 225 1.0 13.0 55.3 1.0082 0.00 0.0M
146340.000 1971 COM2 65 0R0 316 2.4 13.1 54.7 1.0081 0.00 0.0M
146400.000 1971 COM2 65 0R0 280 2.6 13.0 54.8 1.0080 0.00 0.0M
146460.000 1971 COM2 65 0R0 314 0.7 13.0 55.5 1.0080 0.00 0.0M
146520.000 1971 COM2 65 0R0 322 0.8 13.0 55.4 1.0080 0.00 0.0M
146580.000 1971 COM2 65 0R0 295 3.9 13.1 55.3 1.0082 0.00 0.0M
146640.000 1971 COM2 65 0R0 292 0.9 13.1 55.3 1.0084 0.00 0.0M
146700.000 1971 COM2 65 0R0 303 3.6 13.1 56.2 1.0085 0.00 0.0M
146760.000 1971 COM2 65 0R0 339 2.5 13.1 54.6 1.0083 0.00 0.0M
146820.000 1971 COM2 65 0R0 291 3.6 13.0 55.2 1.0083 0.00 0.0M
146880.000 1971 COM2 65 0R0 353 3.5 12.9 55.5 1.0083 0.00 0.0M
146940.000 1971 COM2 65 0R0 260 1.7 12.9 55.5 1.0084 0.00 0.0M
147000.000 1971 COM2 65 0R0 347 0.8 12.9 55.7 1.0085 0.00 0.0M
147060.000 1971 COM2 65 0R0 329 3.7 12.8 56.0 1.0086 0.00 0.0M
147120.000 1971 COM2 65 0R0 302 4.4 12.8 56.0 1.0086 0.00 0.0M
147180.000 1971 COM2 65 0R0 310 4.2 12.8 55.5 1.0085 0.00 0.0M
147240.000 1971 COM2 65 0R0 313 3.9 12.7 55.9 1.0084 0.00 0.0M
147300.000 1971 COM2 65 0R0 292 3.2 12.7 56.4 1.0084 0.00 0.0M
147360.000 1971 COM2 65 0R0 332 0.8 12.7 56.6 1.0085 0.00 0.0M
147420.000 1971 COM2 65 0R0 333 1.4 12.7 56.8 1.0087 0.00 0.0M
147480.000 1971 COM2 65 0R0 304 2.0 12.8 56.7 1.0087 0.00 0.0M
147540.000 1971 COM2 65 0R0 253 2.0 12.8 56.4 1.0085 0.00 0.0M
147600.000 1971 COM2 65 0R0 348 1.4 12.8 56.6 1.0084 0.00 0.0M
147660.000 1971 COM2 65 0R0 309 2.0 12.8 57.0 1.0083 0.00 0.0M
147720.000 1971 COM2 65 0R0 015 0.9 12.8 57.7 1.0083 0.00 0.0M
147780.000 1971 COM2 65 0R0 331 3.8 12.9 55.9 1.0083 0.00 0.0M
147840.000 1971 COM2 65 0R0 298 3.7 12.9 56.2 1.0084 0.00 0.0M
147900.000 1971 COM2 65 0R0 128 0.6 12.9 56.4 1.0083 0.00 0.0M
147960.000 1971 COM2 65 0R0 319 1.5 13.0 56.1 1.0083 0.00 0.0M
148020.000 1971 COM2 65 0R0 292 6.0 13.0 56.0 1.0083 0.00 0.0M
148080.000 1971 COM2 65 0R0 327 0.6 12.9 56.9 1.0083 0.00 0.0M
148140.000 1971 COM2 65 0R0 270 2.9 12.9 55.8 1.0083 0.00 0.0M
148200.000 1971 COM2 65 0R0 283 1.8 12.9 56.4 1.0084 0.00 0.0M
148260.000 1971 COM2 65 0R0 325 4.0 13.0 56.0 1.0083 0.00 0.0M
148320.000 1971 COM2 65 0R0 338 2.6 13.0 56.0 1.0084 0.00 0.0M
148380.000 1971 COM2 65 0R0 320 2.3 13.0 55.8 1.0084 0.00 0.0M
148440.000 1971 COM2 65 0R0 300 0.9 13.0 56.0 1.0085 0.00 0.0M
148500.000 1971 COM2 65 0R0 290 0.6 13.0 55.5 1.0085 0.00 0.0M
148560.100 1971 COM2 65 0R0 285 5.4 13.1 55.5 1.0086 0.00 0.0M
148620.000 1971 COM2 65 0R0 226 0.7 13.0 55.5 1.0087 0.00 0.0M
148680.000 1971 COM2 65 0R0 323 2.1 13.0 55.2 1.0087 0.00 0.0M
148740.000 1971 COM2 65 0R0 286 2.1 13.0 56.2 1.0087 0.00 0.0M
148800.100 1971 COM2 65 0R0 296 2.4 13.0 55.4 1.0086 0.00 0.0M
148860.000 1971 COM2 65 0R0 192 1.7 13.0 56.1 1.0084 0.00 0.0M
148920.000 1971 COM2 65 0R0 280 4.8 13.0 54.6 1.0082 0.00 0.0M
148980.000 1971 COM2 65 0R0 280 0.9 13.0 55.1 1.0080 0.00 0.0M
149040.000 1971 COM2 65 0R0 298 4.0 13.0 55.1 1.0078 0.00 0.0M
149100.000 1971 COM2 65 0R0 302 6.2 12.9 55.4 1.0078 0.00 0.0M
149160.000 1971 COM2 65 0R0 309 2.6 12.9 55.6 1.0079 0.00 0.0M
149220.000 1971 COM2 65 0R0 309 1.5 12.9 56.3 1.0081 0.00 0.0M
149280.000 1971 COM2 65 0R0 308 1.0 12.9 55.7 1.0081 0.00 0.0M
149340.000 1971 COM2 65 0R0 002 0.9 13.0 55.5 1.0082 0.00 0.0M
149400.000 1971 COM2 65 0R0 339 3.8 13.0 55.8 1.0083 0.00 0.0M
149460.000 1971 COM2 65 0R0 320 3.6 12.9 55.1 1.0083 0.00 0.0M
149520.000 1971 COM2 65 0R0 305 3.1 12.9 55.8 1.0083 0.00 0.0M
149580.000 1971 COM2 65 0R0 345 5.5 12.9 55.8 1.0083 0.00 0.0M
149640.000 1971 COM2 65 0R0 218 0.6 12.8 55.8 1.0082 0.00 0.0M
149700.000 1971 COM2 65 0R0 296 2.7 12.8 55.7 1.0082 0.00 0.0M
149760.000 1971 COM2 65 0R0 009 1.7 12.8 56.5 1.0083 0.00 0.0M
149820.000 1971 COM2 65 0R0 310 1.9 12.9 56.1 1.0083 0.00 0.0M
149880.000 1971 COM2 65 0R0 326 3.3 12.9 56.4 1.0082 0.00 0.0M
149940.000 1971 COM2 65 0R0 350 2.9 12.9 55.7 1.0082 0.00 0.0M
150000.000 1971 COM2 65 0R0 303 4.7 12.9 55.3 1.0082 0.00 0.0M
150060.000 1971 COM2 65 0R0 314 1.7 12.9 56.3 1.0083 0.00 0.0M
150120.000 1971 COM2 65 0R0 323 2.4 12.9 56.2 1.0083 0.00 0.0M
150180.000 1971 COM2 65 0R0 101 1.3 13.0 56.2 1.0083 0.00 0.0M
150240.000 1971 COM2 65 0R0 298 2.0 13.1 56.9 1.0083 0.00 0.0M
150300.000 1971 COM2 65 0R0 284 0.7 13.2 56.2 1.0083 0.00 0.0M
150360.000 1971 COM2 65 0R0 039 0.4 13.3 56.4 1.0084 0.00 0.0M
150420.000 1971 COM2 65 0R0 308 5.0 13.3 55.2 1.0083 0.00 0.0M
150480.000 1971 COM2 65 0R0 013 1.1 13.3 55.3 1.0083 0.00 0.0M
150540.000 1971 COM2 65 0R0 344 2.0 13.2 55.4 1.0083 0.00 0.0M
150600.000 1971 COM2 65 0R0 313 2.0 13.1 55.5 1.0082 0.00 0.0M
150660.000 1971 COM2 65 0R0 317 2.0 13.1 55.8 1.0082 0.00 0.0M
150720.000 1971 COM2 65 0R0 340 1.1 13.1 55.9 1.0081 0.00 0.0M
150780.000 1971 COM2 65 0R0 298 1.9 13.1 55.7 1.0082 0.00 0.0M
150840.000 1971 COM2 65 0R0 287 2.1 13.1 55.0 1.0081 0.00 0.0M
150900.000 1971 COM2 65 0R0 315 1.9 13.1 55.7 1.0081 0.00 0.0M
150960.000 1971 COM2 65 0R0 298 1.2 13.2 55.5 1.0081 0.00 0.0M
151020.000 1971 COM2 65 0R0 007 3.6 13.1 55.5 1.0081 0.00 0.0M
151080.000 1971 COM2 65 0R0 296 3.3 13.1 56.2 1.0081 0.00 0.0M
151140.000 1971 COM2 65 0R0 356 1.7 13.1 55.3 1.0081 0.00 0.0M
151200.000 1971 COM2 65 0R0 276 2.4 13.2 55.7 1.0081 0.00 0.0M
151260.000 1971 COM2 65 0R0 319 1.7 13.2 55.3 1.0081 0.00 0.0M
151320.000 1971 COM2 65 0R0 292 1.9 13.3 54.4 1.0081 0.00 0.0M
151380.000 1971 COM2 65 0R0 277 3.2 13.4 54.8 1.0082 0.00 0.0M
151440.000 1971 COM2 65 0R0 307 4.0 13.5 53.9 1.0081 0.00 0.0M
151500.000 1971 COM2 65 0R0 338 3.2 13.5 54.5 1.0082 0.00 0.0M
151560.000 1971 COM2 65 0R0 051 0.7 13.5 54.5 1.0081 0.00 0.0M
151620.000 1971 COM2 65 0R0 049 0.5 13.5 53.9 1.0082 0.00 0.0M
151680.000 1971 COM2 65 0R0 352 1.3 13.5 53.8 1.0082 0.00 0.0M
151740.000 1971 COM2 65 0R0 357 4.7 13.5 53.3 1.0082 0.00 0.0M
151800.000 1971 COM2 65 0R0 340 6.0 13.5 52.3 1.0082 0.00 0.0M
151860.000 1971 COM2 65 0R0 008 2.0 13.4 53.1 1.0080 0.00 0.0M
151920.000 1971 COM2 65 0R0 349 2.7 13.4 53.3 1.0080 0.00 0.0M
151980.000 1971 COM2 65 0R0 279 0.9 13.4 53.5 1.0081 0.00 0.0M
152040.000 1971 COM2 65 0R0 356 0.6 13.5 53.1 1.0082 0.00 0.0M
152100.000 1971 COM2 65 0R0 348 3.8 13.6 53.1 1.0083 0.00 0.0M
152160.000 1971 COM2 65 0R0 283 3.2 13.6 52.7 1.0083 0.00 0.0M
152220.000 1971 COM2 65 0R0 341 4.3 13.7 53.0 1.0083 0.00 0.0M
152280.000 1971 COM2 65 0R0 297 2.3 13.8 52.4 1.0083 0.00 0.0M
152340.000 1971 COM2 65 0R0 330 4.4 13.9 51.5 1.0082 0.00 0.0M
152400.000 1971 COM2 65 0R0 348 4.7 13.9 51.5 1.0083 0.00 0.0M
152460.000 1971 COM2 65 0R0 035 1.6 13.8 51.3 1.0082 0.00 0.0M
152520.000 1971 COM2 65 0R0 010 2.6 13.8 51.3 1.0082 0.00 0.0M
152580.000 1971 COM2 65 0R0 007 0.8 13.9 51.4 1.0082 0.00 0.0M
152640.200 1971 COM2 65 0R0 078 0.8 13.9 51.6 1.0083 0.00 0.0M
152700.200 1971 COM2 65 0R0 324 4.7 14.0 51.6 1.0083 0.00 0.0M
152760.200 1971 COM2 65 0R0 000 1.6 14.0 51.6 1.0084 0.00 0.0M
152820.200 1971 COM2 65 0R0 262 0.5 13.9 51.8 1.0083 0.00 0.0M
152880.000 1971 COM2 65 0R0 011 1.6 13.9 51.4 1.0082 0.00 0.0M
152940.000 1971 COM2 65 0R0 306 3.2 13.9 51.4 1.0081 0.00 0.0M
153000.000 1971 COM2 65 0R0 247 1.4 13.9 51.5 1.0081 0.00 0.0M
153060.000 1971 COM2 65 0R0 310 3.3 13.9 51.6 1.0083 0.00 0.0M
153120.000 1971 COM2 65 0R0 324 1.3 13.8 51.3 1.0084 0.00 0.0M
153180.000 1971 COM2 65 0R0 018 0.4 13.8 52.0 1.0086 0.00 0.0M
153240.000 1971 COM2 65 0R0 288 1.6 13.9 51.7 1.0086 0.00 0.0M
153300.000 1971 COM2 65 0R0 344 2.4 14.0 51.7 1.0087 0.00 0.0M
153360.000 1971 COM2 65 0R0 344 4.8 14.0 51.4 1.0087 0.00 0.0M
153420.000 1971 COM2 65 0R0 347 4.7 13.9 51.1 1.0087 0.00 0.0M
153480.000 1971 COM2 65 0R0 006 1.2 13.8 51.4 1.0087 0.00 0.0M
153540.000 1971 COM2 65 0R0 340 3.1 13.7 51.9 1.0086 0.00 0.0M
153600.000 1971 COM2 65 0R0 358 2.5 13.7 51.9 1.0085 0.00 0.0M
153660.000 1971 COM2 65 0R0 155 0.5 13.7 53.0 1.0086 0.00 0.0M
153720.000 1971 COM2 65 0R0 343 5.4 13.7 52.0 1.0087 0.00 0.0M
153780.000 1971 COM2 65 0R0 322 1.6 13.6 52.4 1.0087 0.00 0.0M
153840.000 1971 COM2 65 0R0 280 3.7 13.6 52.2 1.0086 0.00 0.0M
153900.000 1971 COM2 65 0R0 016 3.2 13.6 52.8 1.0086 0.00 0.0M
153960.000 1971 COM2 65 0R0 351 1.8 13.6 52.7 1.0087 0.00 0.0M
154020.000 1971 COM2 65 0R0 350 1.1 13.6 52.8 1.0087 0.00 0.0M
154080.000 1971 COM2 65 0R0 328 4.8 13.5 53.0 1.0087 0.00 0.0M
154140.000 1971 COM2 65 0R0 302 3.3 13.5 53.0 1.0087 0.00 0.0M
154200.000 1971 COM2 65 0R0 339 2.2 13.4 53.5 1.0087 0.00 0.0M
154260.000 1971 COM2 65 0R0 009 1.2 13.4 53.1 1.0088 0.00 0.0M
154320.000 1971 COM2 65 0R0 302 2.0 13.5 53.5 1.0088 0.00 0.0M
154380.000 1971 COM2 65 0R0 338 4.5 13.5 53.3 1.0088 0.00 0.0M
154440.000 1971 COM2 65 0R0 039 1.2 13.5 53.0 1.0087 0.00 0.0M
154500.000 1971 COM2 65 0R0 019 0.5 13.5 53.7 1.0087 0.00 0.0M
154560.000 1971 COM2 65 0R0 359 2.9 13.6 52.6 1.0087 0.00 0.0M
154620.000 1971 COM2 65 0R0 344 3.2 13.6 52.7 1.0087 0.00 0.0M
154680.000 1971 COM2 65 0R0 346 4.8 13.5 53.1 1.0088 0.00 0.0M
154740.000 1971 COM2 65 0R0 289 1.7 13.5 53.6 1.0088 0.00 0.0M
154800.000 1971 COM2 65 0R0 051 0.3 13.5 54.1 1.0089 0.00 0.0M
154860.000 1971 COM2 65 0R0 320 1.2 13.6 53.2 1.0089 0.00 0.0M
154920.000 1971 COM2 65 0R0 331 1.2 13.6 53.4 1.0090 0.00 0.0M
154980.000 1971 COM2 65 0R0 297 4.2 13.6 52.9 1.0089 0.00 0.0M
155040.000 1971 COM2 65 0R0 301 5.0 13.5 52.8 1.0089 0.00 0.0M
155100.000 1971 COM2 65 0R0 346 2.7 13.5 53.5 1.0089 0.00 0.0M
155160.000 1971 COM2 65 0R0 320 1.7 13.4 52.9 1.0089 0.00 0.0M
155220.000 1971 COM2 65 0R0 257 1.6 13.4 53.1 1.0089 0.00 0.0M
155280.000 1971 COM2 65 0R0 029 2.4 13.4 53.3 1.0089 0.00 0.0M
155340.000 1971 COM2 65 0R0 316 3.7 13.4 53.6 1.0089 0.00 0.0M
155400.100 1971 COM2 65 0R0 225 0.7 13.3 53.8 1.0088 0.00 0.0M
155460.000 1971 COM2 65 0R0 207 0.5 13.4 54.7 1.0088 0.00 0.0M
155520.000 1971 COM2 65 0R0 006 3.7 13.5 53.8 1.0088 0.00 0.0M
155580.000 1971 COM2 65 0R0 267 3.7 13.5 53.4 1.0088 0.00 0.0M
155640.000 1971 COM2 65 0R0 080 0.6 13.4 53.9 1.0089 0.00 0.0M
155700.000 1971 COM2 65 0R0 347 4.0 13.4 53.7 1.0089 0.00 0.0M
155760.000 1971 COM2 65 0R0 242 1.7 13.4 53.9 1.0089 0.00 0.0M
155820.000 1971 COM2 65 0R0 003 3.9 13.3 52.7 1.0089 0.00 0.0M
155880.000 1971 COM2 65 0R0 114 1.3 13.3 53.0 1.0089 0.00 0.0M
155940.000 1971 COM2 65 0R0 309 2.0 13.3 53.1 1.0089 0.00 0.0M
156000.000 1971 COM2 65 0R0 341 3.2 13.2 53.5 1.0089 0.00 0.0M
156060.000 1971 COM2 65 0R0 320 2.6 13.2 53.4 1.0089 0.00 0.0M
156120.000 1971 COM2 65 0R0 336 2.5 13.2 53.5 1.0089 0.00 0.0M
156180.000 1971 COM2 65 0R0 275 1.0 13.2 53.6 1.0089 0.00 0.0M
156240.000 1971 COM2 65 0R0 333 6.3 13.2 53.3 1.0090 0.00 0.0M
156300.000 1971 COM2 65 0R0 343 3.9 13.3 53.9 1.0089 0.00 0.0M
156360.000 1971 COM2 65 0R0 018 1.8 13.3 53.2 1.0089 0.00 0.0M
156420.000 1971 COM2 65 0R0 328 3.3 13.3 53.3 1.0089 0.00 0.0M
156480.000 1971 COM2 65 0R0 212 1.7 13.3 52.9 1.0089 0.00 0.0M
156540.000 1971 COM2 65 0R0 323 0.8 13.3 53.2 1.0089 0.00 0.0M
156600.000 1971 COM2 65 0R0 325 4.1 13.3 52.8 1.0089 0.00 0.0M
156660.000 1971 COM2 65 0R0 333 2.2 13.3 53.0 1.0089 0.00 0.0M
156720.000 1971 COM2 65 0R0 333 4.8 13.2 53.0 1.0090 0.00 0.0M
156780.000 1971 COM2 65 0R0 327 3.2 13.2 52.4 1.0091 0.00 0.0M
156840.000 1971 COM2 65 0R0 305 3.3 13.2 52.4 1.0090 0.00 0.0M
156900.000 1971 COM2 65 0R0 309 5.8 13.2 52.7 1.0090 0.00 0.0M
156960.000 1971 COM2 65 0R0 331 2.2 13.1 53.1 1.0090 0.00 0.0M
157020.000 1971 COM2 65 0R0 297 1.0 13.1 53.3 1.0090 0.00 0.0M
157080.100 1971 COM2 65 0R0 346 1.2 13.2 53.2 1.0090 0.00 0.0M
157140.000 1971 COM2 65 0R0 350 3.1 13.2 52.8 1.0090 0.00 0.0M
157200.000 1971 COM2 65 0R0 007 1.0 13.2 53.4 1.0090 0.00 0.0M
157260.000 1971 COM2 65 0R0 333 3.7 13.3 53.1 1.0090 0.00 0.0M
157320.000 1971 COM2 65 0R0 342 3.2 13.2 53.0 1.0089 0.00 0.0M
157380.000 1971 COM2 65 0R0 298 2.5 13.2 53.9 1.0090 0.00 0.0M
157440.000 1971 COM2 65 0R0 340 1.9 13.2 53.6 1.0090 0.00 0.0M
157500.000 1971 COM2 65 0R0 310 2.8 13.2 52.9 1.0090 0.00 0.0M
157560.000 1971 COM2 65 0R0 351 1.8 13.2 52.6 1.0091 0.00 0.0M
157620.000 1971 COM2 65 0R0 348 6.5 13.2 52.6 1.0091 0.00 0.0M
157680.000 1971 COM2 65 0R0 338 2.6 13.2 52.7 1.0091 0.00 0.0M
157740.000 1971 COM2 65 0R0 340 3.5 13.2 52.9 1.0091 0.00 0.0M
157800.000 1971 COM2 65 0R0 332 4.3 13.2 52.5 1.0091 0.00 0.0M
157860.000 1971 COM2 65 0R0 345 4.4 13.2 52.4 1.0091 0.00 0.0M
157920.000 1971 COM2 65 0R0 086 0.9 13.2 53.2 1.0091 0.00 0.0M
157980.000 1971 COM2 65 0R0 328 1.6 13.2 53.0 1.0091 0.00 0.0M
158040.000 1971 COM2 65 0R0 355 1.5 13.3 52.8 1.0090 0.00 0.0M
158100.000 1971 COM2 65 0R0 299 2.0 13.3 52.9 1.0091 0.00 0.0M
158160.000 1971 COM2 65 0R0 004 0.6 13.4 53.3 1.0091 0.00 0.0M
158220.000 1971 COM2 65 0R0 182 0.9 13.4 53.2 1.0091 0.00 0.0M
158280.000 1971 COM2 65 0R0 347 1.9 13.5 52.0 1.0090 0.00 0.0M
158340.000 1971 COM2 65 0R0 294 5.5 13.5 52.0 1.0091 0.00 0.0M
158400.000 1971 COM2 65 0R0 069 1.2 13.5 52.5 1.0091 0.00 0.0M
158460.000 1971 COM2 65 0R0 306 2.9 13.5 52.4 1.0091 0.00 0.0M
158520.000 1971 COM2 65 0R0 291 5.3 13.5 51.8 1.0090 0.00 0.0M
158580.000 1971 COM2 65 0R0 335 2.3 13.4 52.1 1.0091 0.00 0.0M
158640.000 1971 COM2 65 0R0 319 3.9 13.4 52.1 1.0091 0.00 0.0M
158700.000 1971 COM2 65 0R0 325 2.4 13.4 52.1 1.0091 0.00 0.0M
158760.000 1971 COM2 65 0R0 295 3.1 13.4 52.6 1.0091 0.00 0.0M
158820.000 1971 COM2 65 0R0 001 3.0 13.4 52.4 1.0091 0.00 0.0M
158880.000 1971 COM2 65 0R0 296 3.9 13.4 52.2 1.0091 0.00 0.0M
158940.000 1971 COM2 65 0R0 341 1.3 13.4 52.5 1.0092 0.00 0.0M
159000.000 1971 COM2 65 0R0 021 0.9 13.4 53.1 1.0092 0.00 0.0M
159060.000 1971 COM2 65 0R0 005 1.8 13.4 52.5 1.0092 0.00 0.0M
159120.000 1971 COM2 65 0R0 198 0.3 13.4 52.5 1.0092 0.00 0.0M
159180.000 1971 COM2 65 0R0 287 2.1 13.4 52.3 1.0092 0.00 0.0M
159240.000 1971 COM2 65 0R0 261 2.5 13.5 51.9 1.0092 0.00 0.0M
159300.000 1971 COM2 65 0R0 036 1.4 13.5 52.7 1.0093 0.00 0.0M
159360.000 1971 COM2 65 0R0 326 1.0 13.5 53.1 1.0092 0.00 0.0M
159420.000 1971 COM2 65 0R0 001 2.4 13.6 51.6 1.0093 0.00 0.0M
159480.000 1971 COM2 65 0R0 029 3.2 13.6 51.9 1.0093 0.00 0.0M
159540.000 1971 COM2 65 0R0 341 4.3 13.5 51.5 1.0093 0.00 0.0M
159600.000 1971 COM2 65 0R0 321 2.2 13.5 51.2 1.0093 0.00 0.0M
159660.000 1971 COM2 65 0R0 309 1.1 13.5 51.8 1.0093 0.00 0.0M
159720.000 1971 COM2 65 0R0 022 1.9 13.5 50.9 1.0094 0.00 0.0M
159780.000 1971 COM2 65 0R0 005 1.0 13.5 51.3 1.0094 0.00 0.0M
159840.000 1971 COM2 65 0R0 344 0.7 13.5 51.8 1.0094 0.00 0.0M
159900.000 1971 COM2 65 0R0 018 2.0 13.5 50.9 1.0093 0.00 0.0M
159960.000 1971 COM2 65 0R0 279 0.7 13.4 51.4 1.0093 0.00 0.0M
160020.000 1971 COM2 65 0R0 058 0.5 13.5 52.2 1.0094 0.00 0.0M
160080.000 1971 COM2 65 0R0 343 3.7 13.5 51.4 1.0093 0.00 0.0M
160140.000 1971 COM2 65 0R0 320 1.5 13.5 51.8 1.0094 0.00 0.0M
160200.000 1971 COM2 65 0R0 017 2.6 13.5 51.3 1.0094 0.00 0.0M
160260.000 1971 COM2 65 0R0 327 2.3 13.5 52.0 1.0094 0.00 0.0M
160320.000 1971 COM2 65 0R0 330 0.4 13.5 51.5 1.0094 0.00 0.0M
160380.000 1971 COM2 65 0R0 003 1.9 13.6 51.5 1.0095 0.00 0.0M
160440.000 1971 COM2 65 0R0 285 0.5 13.6 51.6 1.0095 0.00 0.0M
160500.000 1971 COM2 65 0R0 013 2.2 13.6 51.5 1.0095 0.00 0.0M
160560.000 1971 COM2 65 0R0 313 0.9 13.6 52.2 1.0095 0.00 0.0M
160620.000 1971 COM2 65 0R0 342 2.8 13.7 51.1 1.0095 0.00 0.0M
160680.000 1971 COM2 65 0R0 037 0.5 13.6 51.6 1.0095 0.00 0.0M
160740.000 1971 COM2 65 0R0 339 0.6 13.6 52.3 1.0096 0.00 0.0M
160800.000 1971 COM2 65 0R0 346 2.5 13.7 51.2 1.0096 0.00 0.0M
160860.000 1971 COM2 65 0R0 309 3.0 13.7 51.8 1.0096 0.00 0.0M
160920.000 1971 COM2 65 0R0 036 0.7 13.7 51.6 1.0096 0.00 0.0M
160980.000 1971 COM2 65 0R0 344 4.0 13.6 51.4 1.0096 0.00 0.0M
161040.000 1971 COM2 65 0R0 321 2.7 13.6 51.8 1.0097 0.00 0.0M
161100.000 1971 COM2 65 0R0 346 2.1 13.6 51.3 1.0097 0.00 0.0M
161160.000 1971 COM2 65 0R0 296 2.0 13.6 52.2 1.0097 0.00 0.0M
161220.100 1971 COM2 65 0R0 305 0.7 13.6 50.9 1.0097 0.00 0.0M
161280.000 1971 COM2 65 0R0 061 0.7 13.7 50.2 1.0098 0.00 0.0M
161340.000 1971 COM2 65 0R0 323 2.0 13.7 50.7 1.0098 0.00 0.0M
161400.000 1971 COM2 65 0R0 008 1.9 13.7 50.7 1.0098 0.00 0.0M
161460.000 1971 COM2 65 0R0 324 1.2 13.7 49.9 1.0098 0.00 0.0M
161520.000 1971 COM2 65 0R0 007 1.2 13.6 50.3 1.0098 0.00 0.0M
161580.000 1971 COM2 65 0R0 026 3.1 13.6 50.0 1.0098 0.00 0.0M
161640.000 1971 COM2 65 0R0 043 1.1 13.6 49.8 1.0098 0.00 0.0M
161700.000 1971 COM2 65 0R0 357 0.5 13.5 50.1 1.0098 0.00 0.0M
161760.000 1971 COM2 65 0R0 043 1.1 13.5 49.9 1.0099 0.00 0.0M
161820.000 1971 COM2 65 0R0 032 0.3 13.6 49.5 1.0098 0.00 0.0M
161880.000 1971 COM2 65 0R0 020 2.2 13.6 49.7 1.0099 0.00 0.0M
161940.000 1971 COM2 65 0R0 326 2.0 13.6 49.8 1.0099 0.00 0.0M
162000.000 1971 COM2 65 0R0 311 3.6 13.5 50.1 1.0098 0.00 0.0M
162060.000 1971 COM2 65 0R0 023 0.7 13.5 50.2 1.0099 0.00 0.0M
162120.000 1971 COM2 65 0R0 015 1.3 13.5 50.1 1.0098 0.00 0.0M
162180.000 1971 COM2 65 0R0 012 3.0 13.5 50.0 1.0098 0.00 0.0M
162240.100 1971 COM2 65 0R0 001 1.3 13.5 50.0 1.0098 0.00 0.0M
162300.000 1971 COM2 65 0R0 022 1.4 13.5 49.9 1.0098 0.00 0.0M
162360.100 1971 COM2 65 0R0 315 0.4 13.5 50.2 1.0098 0.00 0.0M
162420.000 1971 COM2 65 0R0 009 0.4 13.5 50.5 1.0098 0.00 0.0M
162480.100 1971 COM2 65 0R0 012 1.0 13.4 50.1 1.0099 0.00 0.0M
162540.000 1971 COM2 65 0R0 178 2.1 13.4 50.2 1.0099 0.00 0.0M
162600.000 1971 COM2 65 0R0 353 2.2 13.4 50.1 1.0099 0.00 0.0M
162660.000 1971 COM2 65 0R0 314 3.1 13.4 50.5 1.0100 0.00 0.0M
162720.000 1971 COM2 65 0R0 289 1.2 13.4 49.9 1.0099 0.00 0.0M
162780.000 1971 COM2 65 0R0 353 1.8 13.4 50.5 1.0099 0.00 0.0M
162840.000 1971 COM2 65 0R0 025 1.9 13.4 50.3 1.0099 0.00 0.0M
162900.000 1971 COM2 65 0R0 352 1.2 13.3 50.6 1.0099 0.00 0.0M
162960.000 1971 COM2 65 0R0 001 0.6 13.3 50.7 1.0099 0.00 0.0M
163020.000 1971 COM2 65 0R0 005 0.8 13.3 51.1 1.0100 0.00 0.0M
163080.000 1971 COM2 65 0R0 332 1.5 13.3 50.7 1.0100 0.00 0.0M
163140.000 1971 COM2 65 0R0 302 3.5 13.4 51.1 1.0100 0.00 0.0M
163200.000 1971 COM2 65 0R0 332 1.8 13.4 50.2 1.0100 0.00 0.0M
163260.000 1971 COM2 65 0R0 341 1.1 13.3 50.7 1.0100 0.00 0.0M
163320.000 1971 COM2 65 0R0 346 1.1 13.3 51.1 1.0100 0.00 0.0M
163380.000 1971 COM2 65 0R0 345 1.6 13.3 51.1 1.0100 0.00 0.0M
163440.000 1971 COM2 65 0R0 049 0.3 13.3 51.3 1.0100 0.00 0.0M
163500.000 1971 COM2 65 0R0 258 1.0 13.3 51.7 1.0100 0.00 0.0M
163560.000 1971 COM2 65 0R0 246 0.9 13.4 51.7 1.0100 0.00 0.0M
163620.000 1971 COM2 65 0R0 330 0.6 13.5 51.1 1.0101 0.00 0.0M
163680.000 1971 COM2 65 0R0 001 1.0 13.5 50.4 1.0101 0.00 0.0M
163740.000 1971 COM2 65 0R0 019 1.1 13.6 51.6 1.0101 0.00 0.0M
163800.000 1971 COM2 65 0R0 342 3.3 13.6 50.4 1.0101 0.00 0.0M
163860.000 1971 COM2 65 0R0 309 0.8 13.5 50.6 1.0101 0.00 0.0M
163920.000 1971 COM2 65 0R0 284 1.5 13.5 50.6 1.0101 0.00 0.0M
163980.000 1971 COM2 65 0R0 306 1.7 13.5 51.4 1.0101 0.00 0.0M
164040.000 1971 COM2 65 0R0 321 2.2 13.6 51.5 1.0101 0.00 0.0M
164100.000 1971 COM2 65 0R0 327 1.4 13.7 51.2 1.0101 0.00 0.0M
164160.000 1971 COM2 65 0R0 056 0.6 13.7 51.3 1.0101 0.00 0.0M
164220.000 1971 COM2 65 0R0 339 3.5 13.8 50.0 1.0101 0.00 0.0M
164280.000 1971 COM2 65 0R0 062 0.6 13.7 49.5 1.0101 0.00 0.0M
164340.000 1971 COM2 65 0R0 112 0.7 13.7 51.5 1.0101 0.00 0.0M
164400.000 1971 COM2 65 0R0 342 1.7 13.8 50.8 1.0101 0.00 0.0M
164460.000 1971 COM2 65 0R0 286 0.8 13.8 49.8 1.0101 0.00 0.0M
164520.000 1971 COM2 65 0R0 264 0.9 13.8 50.5 1.0102 0.00 0.0M
164580.000 1971 COM2 65 0R0 340 2.1 13.8 49.9 1.0102 0.00 0.0M
164640.000 1971 COM2 65 0R0 336 0.4 13.8 50.6 1.0102 0.00 0.0M
164700.000 1971 COM2 65 0R0 315 1.0 13.8 50.9 1.0102 0.00 0.0M
164760.000 1971 COM2 65 0R0 310 4.3 13.9 48.5 1.0102 0.00 0.0M
164820.000 1971 COM2 65 0R0 287 1.4 13.8 48.4 1.0102 0.00 0.0M
164880.000 1971 COM2 65 0R0 324 1.0 13.7 49.0 1.0102 0.00 0.0M
164940.000 1971 COM2 65 0R0 332 3.1 13.7 48.3 1.0102 0.00 0.0M
165000.000 1971 COM2 65 0R0 019 0.6 13.6 48.5 1.0102 0.00 0.0M
165060.000 1971 COM2 65 0R0 339 2.5 13.7 48.8 1.0102 0.00 0.0M
165120.000 1971 COM2 65 0R0 336 3.0 13.6 48.5 1.0103 0.00 0.0M
165180.000 1971 COM2 65 0R0 155 0.7 13.6 49.1 1.0103 0.00 0.0M
165240.000 1971 COM2 65 0R0 025 1.0 13.6 48.9 1.0103 0.00 0.0M
165300.000 1971 COM2 65 0R0 322 0.9 13.6 48.8 1.0103 0.00 0.0M
165360.000 1971 COM2 65 0R0 309 2.9 13.6 48.9 1.0103 0.00 0.0M
165420.000 1971 COM2 65 0R0 023 2.2 13.6 48.6 1.0103 0.00 0.0M
165480.000 1971 COM2 65 0R0 293 0.5 13.6 48.8 1.0103 0.00 0.0M
165540.000 1971 COM2 65 0R0 316 1.4 13.5 48.7 1.0103 0.00 0.0M
165600.000 1971 COM2 65 0R0 317 1.6 13.5 48.7 1.0104 0.00 0.0M
165660.000 1971 COM2 65 0R0 351 4.0 13.5 49.3 1.0104 0.00 0.0M
165720.000 1971 COM2 65 0R0 346 4.5 13.4 49.0 1.0104 0.00 0.0M
165780.000 1971 COM2 65 0R0 075 0.4 13.4 49.6 1.0104 0.00 0.0M
165840.000 1971 COM2 65 0R0 293 1.6 13.4 50.3 1.0105 0.00 0.0M
165900.000 1971 COM2 65 0R0 297 3.4 13.4 49.9 1.0105 0.00 0.0M
165960.000 1971 COM2 65 0R0 315 3.4 13.4 49.7 1.0105 0.00 0.0M
166020.000 1971 COM2 65 0R0 237 0.6 13.4 50.7 1.0105 0.00 0.0M
166080.000 1971 COM2 65 0R0 060 0.2 13.3 50.1 1.0105 0.00 0.0M
166140.000 1971 COM2 65 0R0 342 1.5 13.3 50.5 1.0105 0.00 0.0M
166200.000 1971 COM2 65 0R0 001 0.6 13.3 49.8 1.0105 0.00 0.0M
166260.000 1971 COM2 65 0R0 022 1.1 13.2 49.8 1.0105 0.00 0.0M
166320.000 1971 COM2 65 0R0 057 1.2 13.2 50.4 1.0105 0.00 0.0M
166380.000 1971 COM2 65 0R0 309 0.7 13.1 50.7 1.0106 0.00 0.0M
166440.000 1971 COM2 65 0R0 340 2.5 13.1 50.7 1.0106 0.00 0.0M
166500.000 1971 COM2 65 0R0 007 0.3 13.1 50.4 1.0106 0.00 0.0M
166560.000 1971 COM2 65 0R0 004 1.8 13.0 50.5 1.0106 0.00 0.0M
166620.000 1971 COM2 65 0R0 340 3.4 13.0 50.4 1.0106 0.00 0.0M
166680.000 1971 COM2 65 0R0 315 1.9 13.0 49.9 1.0106 0.00 0.0M
166740.000 1971 COM2 65 0R0 142 0.3 12.9 50.3 1.0106 0.00 0.0M
166800.000 1971 COM2 65 0R0 310 3.4 12.9 50.2 1.0106 0.00 0.0M
166860.000 1971 COM2 65 0R0 345 3.8 12.9 50.0 1.0106 0.00 0.0M
166920.000 1971 COM2 65 0R0 329 0.6 12.9 50.5 1.0107 0.00 0.0M
166980.000 1971 COM2 65 0R0 006 0.7 12.8 50.7 1.0107 0.00 0.0M
167040.000 1971 COM2 65 0R0 312 0.6 12.8 51.7 1.0107 0.00 0.0M
167100.000 1971 COM2 65 0R0 350 2.7 12.8 50.7 1.0107 0.00 0.0M
167160.000 1971 COM2 65 0R0 306 1.6 12.8 50.5 1.0107 0.00 0.0M
167220.000 1971 COM2 65 0R0 323 0.4 12.7 51.0 1.0107 0.00 0.0M
167280.000 1971 COM2 65 0R0 336 0.9 12.7 50.8 1.0107 0.00 0.0M
167340.000 1971 COM2 65 0R0 261 0.7 12.7 51.0 1.0107 0.00 0.0M
167400.000 1971 COM2 65 0R0 339 1.4 12.6 51.5 1.0107 0.00 0.0M
167460.000 1971 COM2 65 0R0 310 1.1 12.6 51.3 1.0108 0.00 0.0M
167520.000 1971 COM2 65 0R0 301 2.6 12.6 50.5 1.0107 0.00 0.0M
167580.000 1971 COM2 65 0R0 343 0.7 12.6 51.3 1.0108 0.00 0.0M
167640.000 1971 COM2 65 0R0 326 2.4 12.6 50.7 1.0108 0.00 0.0M
167700.000 1971 COM2 65 0R0 342 1.1 12.5 50.7 1.0108 0.00 0.0M
167760.000 1971 COM2 65 0R0 356 0.8 12.5 50.7 1.0108 0.00 0.0M
167820.000 1971 COM2 65 0R0 331 1.4 12.5 50.5 1.0109 0.00 0.0M
167880.000 1971 COM2 65 0R0 326 1.6 12.5 51.0 1.0109 0.00 0.0M
167940.000 1971 COM2 65 0R0 073 0.6 12.5 50.7 1.0109 0.00 0.0M
168000.000 1971 COM2 65 0R0 015 0.9 12.5 51.3 1.0110 0.00 0.0M
168060.000 1971 COM2 65 0R0 337 1.0 12.4 51.7 1.0110 0.00 0.0M
168120.000 1971 COM2 65 0R0 002 0.9 12.4 51.5 1.0110 0.00 0.0M
168180.000 1971 COM2 65 0R0 340 2.8 12.4 51.1 1.0110 0.00 0.0M
168240.000 1971 COM2 65 0R0 012 0.9 12.4 52.1 1.0110 0.00 0.0M
168300.000 1971 COM2 65 0R0 319 0.6 12.4 52.3 1.0111 0.00 0.0M
168360.000 1971 COM2 65 0R0 292 1.8 12.3 51.3 1.0111 0.00 0.0M
168420.000 1971 COM2 65 0R0 324 1.6 12.3 51.3 1.0111 0.00 0.0M
168480.000 1971 COM2 65 0R0 012 0.5 12.3 52.2 1.0111 0.00 0.0M
168540.000 1971 COM2 65 0R0 097 0.3 12.3 52.3 1.0111 0.00 0.0M
168600.000 1971 COM2 65 0R0 057 0.9 12.3 52.1 1.0111 0.00 0.0M
168660.000 1971 COM2 65 0R0 341 1.7 12.2 52.5 1.0112 0.00 0.0M
168720.000 1971 COM2 65 0R0 248 1.6 12.2 50.5 1.0112 0.00 0.0M
168780.000 1971 COM2 65 0R0 238 1.4 12.2 50.7 1.0112 0.00 0.0M
168840.000 1971 COM2 65 0R0 298 1.9 12.2 50.7 1.0112 0.00 0.0M
168900.000 1971 COM2 65 0R0 357 1.6 12.2 49.6 1.0112 0.00 0.0M
168960.000 1971 COM2 65 0R0 294 1.4 12.2 51.1 1.0113 0.00 0.0M
169020.000 1971 COM2 65 0R0 343 2.2 12.2 50.0 1.0113 0.00 0.0M
169080.000 1971 COM2 65 0R0 305 0.6 12.2 50.5 1.0113 0.00 0.0M
169140.000 1971 COM2 65 0R0 329 1.2 12.1 50.6 1.0113 0.00 0.0M
169200.000 1971 COM2 65 0R0 325 1.6 12.1 50.6 1.0114 0.00 0.0M
169260.000 1971 COM2 65 0R0 311 2.8 12.1 50.2 1.0114 0.00 0.0M
169320.000 1971 COM2 65 0R0 334 2.8 12.1 49.8 1.0114 0.00 0.0M
169380.000 1971 COM2 65 0R0 316 2.9 12.0 50.9 1.0114 0.00 0.0M
169440.000 1971 COM2 65 0R0 021 0.9 12.0 50.1 1.0114 0.00 0.0M
169500.000 1971 COM2 65 0R0 303 1.5 12.0 51.1 1.0115 0.00 0.0M
169560.000 1971 COM2 65 0R0 021 1.1 12.0 50.0 1.0115 0.00 0.0M
169620.000 1971 COM2 65 0R0 338 1.3 12.0 50.2 1.0115 0.00 0.0M
169680.000 1971 COM2 65 0R0 305 2.1 12.0 50.3 1.0115 0.00 0.0M
169740.000 1971 COM2 65 0R0 301 1.0 11.9 50.4 1.0115 0.00 0.0M
169800.000 1971 COM2 65 0R0 316 0.8 11.9 50.7 1.0115 0.00 0.0M
169860.000 1971 COM2 65 0R0 336 0.5 11.9 50.6 1.0115 0.00 0.0M
169920.000 1971 COM2 65 0R0 015 1.1 11.9 50.3 1.0115 0.00 0.0M
169980.000 1971 COM2 65 0R0 338 1.4 11.9 50.6 1.0115 0.00 0.0M
170040.000 1971 COM2 65 0R0 254 0.4 11.9 51.7 1.0115 0.00 0.0M
170100.000 1971 COM2 65 0R0 317 1.3 11.8 50.6 1.0115 0.00 0.0M
170160.000 1971 COM2 65 0R0 334 0.9 11.8 51.3 1.0116 0.00 0.0M
170220.100 1971 COM2 65 0R0 121 0.3 11.8 51.5 1.0116 0.00 0.0M
170280.000 1971 COM2 65 0R0 235 0.7 11.8 51.2 1.0116 0.00 0.0M
170340.000 1971 COM2 65 0R0 168 0.9 11.8 51.3 1.0117 0.00 0.0M
170400.000 1971 COM2 65 0R0 328 2.3 11.8 50.0 1.0117 0.00 0.0M
170460.000 1971 COM2 65 0R0 032 0.3 11.8 51.2 1.0117 0.00 0.0M
170520.000 1971 COM2 65 0R0 339 1.9 11.7 49.7 1.0117 0.00 0.0M
170580.000 1971 COM2 65 0R0 303 3.2 11.7 50.3 1.0117 0.00 0.0M
170640.000 1971 COM2 65 0R0 240 1.1 11.7 50.3 1.0118 0.00 0.0M
170700.000 1971 COM2 65 0R0 028 0.5 11.7 50.7 1.0118 0.00 0.0M
170760.000 1971 COM2 65 0R0 334 1.2 11.7 50.4 1.0118 0.00 0.0M
170820.000 1971 COM2 65 0R0 337 1.7 11.6 50.9 1.0118 0.00 0.0M
170880.000 1971 COM2 65 0R0 331 0.7 11.6 50.1 1.0118 0.00 0.0M
170940.000 1971 COM2 65 0R0 226 0.8 11.6 50.1 1.0118 0.00 0.0M
171000.100 1971 COM2 65 0R0 339 2.5 11.6 50.6 1.0118 0.00 0.0M
171060.000 1971 COM2 65 0R0 329 1.1 11.6 49.9 1.0118 0.00 0.0M
171120.000 1971 COM2 65 0R0 331 3.2 11.6 49.3 1.0119 0.00 0.0M
171180.000 1971 COM2 65 0R0 017 1.2 11.6 49.8 1.0119 0.00 0.0M
171240.000 1971 COM2 65 0R0 345 1.1 11.6 49.1 1.0119 0.00 0.0M
171300.000 1971 COM2 65 0R0 054 1.0 11.6 49.2 1.0118 0.00 0.0M
171360.000 1971 COM2 65 0R0 021 1.2 11.6 49.6 1.0118 0.00 0.0M
171420.000 1971 COM2 65 0R0 305 0.8 11.6 49.9 1.0118 0.00 0.0M
171480.000 1971 COM2 65 0R0 022 0.4 11.5 49.8 1.0118 0.00 0.0M
171540.000 1971 COM2 65 0R0 351 1.7 11.5 49.8 1.0118 0.00 0.0M
171600.000 1971 COM2 65 0R0 337 1.3 11.5 49.6 1.0118 0.00 0.0M
171660.000 1971 COM2 65 0R0 006 0.4 11.5 49.8 1.0118 0.00 0.0M
171720.000 1971 COM2 65 0R0 075 1.2 11.5 49.9 1.0118 0.00 0.0M
171780.000 1971 COM2 65 0R0 044 1.3 11.4 49.3 1.0118 0.00 0.0M
171840.000 1971 COM2 65 0R0 308 0.5 11.4 50.0 1.0118 0.00 0.0M
171900.000 1971 COM2 65 0R0 341 1.2 11.4 49.7 1.0118 0.00 0.0M
171960.000 1971 COM2 65 0R0 243 0.3 11.4 51.0 1.0119 0.00 0.0M
172020.000 1971 COM2 65 0R0 169 0.6 11.3 50.1 1.0119 0.00 0.0M
172080.000 1971 COM2 65 0R0 329 0.8 11.3 50.0 1.0119 0.00 0.0M
172140.000 1971 COM2 65 0R0 294 1.7 11.3 50.3 1.0119 0.00 0.0M
172200.000 1971 COM2 65 0R0 293 0.3 11.3 50.6 1.0119 0.00 0.0M
172260.000 1971 COM2 65 0R0 056 1.2 11.3 50.0 1.0119 0.00 0.0M
172320.000 1971 COM2 65 0R0 036 1.1 11.3 50.9 1.0120 0.00 0.0M
172380.000 1971 COM2 65 0R0 013 0.5 11.2 50.3 1.0120 0.00 0.0M
172440.000 1971 COM2 65 0R0 296 0.9 11.2 51.0 1.0120 0.00 0.0M
172500.000 1971 COM2 65 0R0 003 0.5 11.2 50.1 1.0119 0.00 0.0M
172560.000 1971 COM2 65 0R0 103 0.8 11.2 50.5 1.0119 0.00 0.0M
172620.000 1971 COM2 65 0R0 037 1.0 11.2 50.3 1.0120 0.00 0.0M
172680.000 1971 COM2 65 0R0 358 0.1 11.2 50.8 1.0120 0.00 0.0M
172740.000 1971 COM2 65 0R0 061 1.2 11.1 50.2 1.0120 0.00 0.0M
