TO [s] WNc [w] C StringLn ASCIIString
---------------------------------------
518400.000 1961 COM2 65 0R0 137 3.5 24.0 64.6 1.0085 0.00 0.0M
518460.000 1961 COM2 65 0R0 153 2.7 23.9 64.5 1.0085 0.00 0.0M
518520.000 1961 COM2 65 0R0 147 1.7 23.9 64.4 1.0085 0.00 0.0M
518580.100 1961 COM2 65 0R0 123 2.3 23.9 64.7 1.0085 0.00 0.0M
518640.000 1961 COM2 65 0R0 131 4.0 23.9 64.8 1.0085 0.00 0.0M
518700.000 1961 COM2 65 0R0 133 3.7 23.9 64.9 1.0085 0.00 0.0M
518760.000 1961 COM2 65 0R0 163 1.6 23.9 64.8 1.0084 0.00 0.0M
518820.000 1961 COM2 65 0R0 123 2.3 23.9 64.7 1.0084 0.00 0.0M
518880.000 1961 COM2 65 0R0 118 1.4 23.9 64.7 1.0083 0.00 0.0M
518940.000 1961 COM2 65 0R0 163 1.4 23.9 64.4 1.0083 0.00 0.0M
519000.000 1961 COM2 65 0R0 135 2.9 23.8 64.5 1.0083 0.00 0.0M
519060.000 1961 COM2 65 0R0 092 0.6 23.9 64.5 1.0083 0.00 0.0M
519120.100 1961 COM2 65 0R0 141 1.6 23.9 64.4 1.0083 0.00 0.0M
519180.100 1961 COM2 65 0R0 142 3.4 23.9 66.7 1.0083 0.01 0.0M
519240.100 1961 COM2 65 0R0 111 1.5 23.8 67.3 1.0083 0.00 0.0M
519300.000 1961 COM2 65 0R0 145 2.3 23.8 66.6 1.0083 0.00 0.0M
519360.000 1961 COM2 65 0R0 147 1.7 23.7 66.6 1.0083 0.00 0.0M
519420.100 1961 COM2 65 0R0 110 1.4 23.6 66.8 1.0083 0.00 0.0M
519480.000 1961 COM2 65 0R0 126 1.1 23.6 67.3 1.0083 0.00 0.0M
519540.000 1961 COM2 65 0R0 162 1.5 23.5 68.1 1.0083 0.00 0.0M
519600.000 1961 COM2 65 0R0 115 1.4 23.5 67.8 1.0083 0.00 0.0M
519660.000 1961 COM2 65 0R0 150 3.1 23.4 68.3 1.0083 0.00 0.0M
519720.000 1961 COM2 65 0R0 148 1.8 23.3 68.4 1.0082 0.00 0.0M
519780.000 1961 COM2 65 0R0 160 2.7 23.3 68.6 1.0082 0.00 0.0M
519840.000 1961 COM2 65 0R0 142 1.7 23.3 68.4 1.0082 0.00 0.0M
519900.000 1961 COM2 65 0R0 120 1.9 23.2 68.4 1.0082 0.00 0.0M
519960.000 1961 COM2 65 0R0 161 1.7 23.2 67.8 1.0082 0.00 0.0M
520020.000 1961 COM2 65 0R0 113 1.5 23.2 67.7 1.0082 0.00 0.0M
520080.000 1961 COM2 65 0R0 140 1.6 23.2 67.9 1.0082 0.00 0.0M
520140.000 1961 COM2 65 0R0 120 2.6 23.2 68.0 1.0083 0.00 0.0M
520200.000 1961 COM2 65 0R0 133 0.9 23.2 68.3 1.0083 0.00 0.0M
520260.000 1961 COM2 65 0R0 140 1.4 23.2 68.1 1.0083 0.00 0.0M
520320.000 1961 COM2 65 0R0 158 3.2 23.2 67.9 1.0083 0.00 0.0M
520380.000 1961 COM2 65 0R0 143 1.9 23.2 68.3 1.0083 0.00 0.0M
520440.000 1961 COM2 65 0R0 136 2.1 23.2 68.1 1.0083 0.00 0.0M
520500.000 1961 COM2 65 0R0 140 3.0 23.2 67.4 1.0083 0.00 0.0M
520560.000 1961 COM2 65 0R0 142 1.2 23.2 68.2 1.0083 0.00 0.0M
520620.000 1961 COM2 65 0R0 130 2.5 23.2 68.1 1.0083 0.00 0.0M
520680.000 1961 COM2 65 0R0 116 2.0 23.2 67.4 1.0083 0.00 0.0M
520740.000 1961 COM2 65 0R0 129 1.1 23.2 67.8 1.0083 0.00 0.0M
520800.000 1961 COM2 65 0R0 142 2.3 23.2 67.8 1.0083 0.00 0.0M
520860.000 1961 COM2 65 0R0 131 1.1 23.2 67.9 1.0083 0.00 0.0M
520920.000 1961 COM2 65 0R0 139 2.0 23.2 66.5 1.0083 0.00 0.0M
520980.000 1961 COM2 65 0R0 185 2.5 23.2 67.1 1.0084 0.00 0.0M
521040.000 1961 COM2 65 0R0 147 3.6 23.2 66.0 1.0084 0.00 0.0M
521100.000 1961 COM2 65 0R0 156 2.5 23.2 66.0 1.0084 0.00 0.0M
521160.000 1961 COM2 65 0R0 153 2.1 23.2 66.3 1.0084 0.00 0.0M
521220.000 1961 COM2 65 0R0 138 2.0 23.2 65.4 1.0084 0.00 0.0M
521280.000 1961 COM2 65 0R0 103 1.8 23.2 65.3 1.0084 0.00 0.0M
521340.000 1961 COM2 65 0R0 146 3.3 23.1 64.7 1.0083 0.00 0.0M
521400.000 1961 COM2 65 0R0 155 2.8 23.1 64.8 1.0083 0.00 0.0M
521460.000 1961 COM2 65 0R0 134 1.7 23.1 64.8 1.0083 0.00 0.0M
521520.000 1961 COM2 65 0R0 102 1.5 23.1 64.5 1.0083 0.00 0.0M
521580.000 1961 COM2 65 0R0 112 1.2 23.1 64.8 1.0083 0.00 0.0M
521640.000 1961 COM2 65 0R0 117 2.6 23.1 64.3 1.0083 0.00 0.0M
521700.000 1961 COM2 65 0R0 094 2.1 23.1 64.3 1.0083 0.00 0.0M
521760.000 1961 COM2 65 0R0 125 2.8 23.1 64.2 1.0083 0.00 0.0M
521820.000 1961 COM2 65 0R0 143 3.5 23.1 63.8 1.0082 0.00 0.0M
521880.000 1961 COM2 65 0R0 119 1.8 23.1 63.6 1.0082 0.00 0.0M
521940.000 1961 COM2 65 0R0 162 3.2 23.1 63.2 1.0082 0.00 0.0M
522000.100 1961 COM2 65 0R0 150 2.4 23.1 63.5 1.0082 0.00 0.0M
522060.000 1961 COM2 65 0R0 074 0.7 23.0 63.3 1.0082 0.00 0.0M
522120.100 1961 COM2 65 0R0 172 2.2 23.1 62.9 1.0082 0.00 0.0M
522180.000 1961 COM2 65 0R0 131 4.0 23.0 62.7 1.0082 0.00 0.0M
522240.000 1961 COM2 65 0R0 149 2.5 23.0 62.9 1.0082 0.00 0.0M
522300.000 1961 COM2 65 0R0 107 1.6 23.0 63.3 1.0082 0.00 0.0M
522360.000 1961 COM2 65 0R0 167 2.3 23.0 63.0 1.0082 0.00 0.0M
522420.000 1961 COM2 65 0R0 143 0.7 23.0 63.2 1.0082 0.00 0.0M
522480.000 1961 COM2 65 0R0 128 2.9 23.0 63.0 1.0082 0.00 0.0M
522540.000 1961 COM2 65 0R0 161 3.2 23.0 63.0 1.0082 0.00 0.0M
522600.000 1961 COM2 65 0R0 148 1.4 23.0 63.0 1.0082 0.00 0.0M
522660.000 1961 COM2 65 0R0 153 1.5 23.0 63.1 1.0082 0.00 0.0M
522720.000 1961 COM2 65 0R0 116 1.4 23.0 62.8 1.0082 0.00 0.0M
522780.000 1961 COM2 65 0R0 133 1.0 22.9 63.4 1.0081 0.00 0.0M
522840.000 1961 COM2 65 0R0 105 2.3 22.9 62.6 1.0081 0.00 0.0M
522900.000 1961 COM2 65 0R0 160 2.4 22.9 62.1 1.0081 0.00 0.0M
522960.000 1961 COM2 65 0R0 107 2.2 22.9 62.5 1.0081 0.00 0.0M
523020.000 1961 COM2 65 0R0 122 2.4 22.9 62.4 1.0081 0.00 0.0M
523080.000 1961 COM2 65 0R0 131 2.2 22.9 62.5 1.0081 0.00 0.0M
523140.000 1961 COM2 65 0R0 125 3.5 22.9 62.5 1.0081 0.00 0.0M
523200.000 1961 COM2 65 0R0 133 1.0 22.9 62.6 1.0082 0.00 0.0M
523260.000 1961 COM2 65 0R0 116 1.7 22.9 62.3 1.0082 0.00 0.0M
523320.000 1961 COM2 65 0R0 160 3.2 22.9 62.7 1.0081 0.00 0.0M
523380.000 1961 COM2 65 0R0 116 2.6 22.9 62.7 1.0081 0.00 0.0M
523440.000 1961 COM2 65 0R0 144 1.6 22.9 62.7 1.0081 0.00 0.0M
523500.000 1961 COM2 65 0R0 154 1.3 22.9 62.8 1.0080 0.00 0.0M
523560.000 1961 COM2 65 0R0 123 3.4 22.9 62.7 1.0080 0.00 0.0M
523620.000 1961 COM2 65 0R0 146 3.5 22.8 62.6 1.0080 0.00 0.0M
523680.000 1961 COM2 65 0R0 132 3.4 22.8 62.7 1.0081 0.00 0.0M
523740.000 1961 COM2 65 0R0 161 1.5 22.8 62.9 1.0081 0.00 0.0M
523800.000 1961 COM2 65 0R0 137 2.1 22.8 63.0 1.0081 0.00 0.0M
523860.000 1961 COM2 65 0R0 156 2.4 22.8 63.3 1.0081 0.00 0.0M
523920.000 1961 COM2 65 0R0 147 3.2 22.8 63.2 1.0081 0.00 0.0M
523980.000 1961 COM2 65 0R0 156 2.3 22.8 63.3 1.0081 0.00 0.0M
524040.000 1961 COM2 65 0R0 182 3.9 22.8 63.3 1.0081 0.00 0.0M
524100.000 1961 COM2 65 0R0 156 1.5 22.7 63.5 1.0081 0.00 0.0M
524160.000 1961 COM2 65 0R0 176 2.1 22.7 63.5 1.0081 0.00 0.0M
524220.000 1961 COM2 65 0R0 132 2.1 22.7 63.6 1.0081 0.00 0.0M
524280.000 1961 COM2 65 0R0 124 1.6 22.7 63.7 1.0081 0.00 0.0M
524340.000 1961 COM2 65 0R0 122 2.3 22.7 63.6 1.0081 0.00 0.0M
524400.000 1961 COM2 65 0R0 125 4.8 22.7 63.7 1.0081 0.00 0.0M
524460.000 1961 COM2 65 0R0 152 3.1 22.7 63.7 1.0081 0.00 0.0M
524520.000 1961 COM2 65 0R0 147 1.8 22.7 64.0 1.0081 0.00 0.0M
524580.000 1961 COM2 65 0R0 147 1.7 22.7 64.0 1.0081 0.00 0.0M
524640.000 1961 COM2 65 0R0 114 2.3 22.6 64.2 1.0081 0.00 0.0M
524700.000 1961 COM2 65 0R0 133 3.0 22.6 64.3 1.0081 0.00 0.0M
524760.000 1961 COM2 65 0R0 142 4.2 22.6 64.4 1.0081 0.00 0.0M
524820.000 1961 COM2 65 0R0 161 2.8 22.6 64.5 1.0081 0.00 0.0M
524880.000 1961 COM2 65 0R0 164 2.9 22.6 64.7 1.0081 0.00 0.0M
524940.000 1961 COM2 65 0R0 178 3.4 22.6 64.7 1.0082 0.00 0.0M
525000.000 1961 COM2 65 0R0 168 2.1 22.5 65.0 1.0082 0.00 0.0M
525060.000 1961 COM2 65 0R0 139 2.2 22.5 65.0 1.0082 0.00 0.0M
525120.000 1961 COM2 65 0R0 179 2.9 22.5 65.0 1.0082 0.00 0.0M
525180.000 1961 COM2 65 0R0 184 1.5 22.5 65.0 1.0082 0.00 0.0M
525240.000 1961 COM2 65 0R0 133 1.0 22.5 65.4 1.0082 0.00 0.0M
525300.000 1961 COM2 65 0R0 133 1.4 22.5 65.4 1.0081 0.00 0.0M
525360.100 1961 COM2 65 0R0 151 2.5 22.5 65.6 1.0081 0.00 0.0M
525420.000 1961 COM2 65 0R0 143 1.4 22.5 65.7 1.0081 0.00 0.0M
525480.000 1961 COM2 65 0R0 101 2.2 22.5 65.8 1.0081 0.00 0.0M
525540.000 1961 COM2 65 0R0 175 3.2 22.5 65.9 1.0081 0.00 0.0M
525600.000 1961 COM2 65 0R0 121 1.6 22.4 66.1 1.0080 0.00 0.0M
525660.000 1961 COM2 65 0R0 151 1.6 22.4 65.9 1.0080 0.00 0.0M
525720.000 1961 COM2 65 0R0 128 1.9 22.4 66.1 1.0080 0.00 0.0M
525780.000 1961 COM2 65 0R0 170 2.8 22.4 66.3 1.0080 0.00 0.0M
525840.000 1961 COM2 65 0R0 142 3.3 22.4 66.3 1.0079 0.00 0.0M
525900.000 1961 COM2 65 0R0 139 2.1 22.4 66.3 1.0079 0.00 0.0M
525960.100 1961 COM2 65 0R0 145 1.9 22.4 66.2 1.0079 0.00 0.0M
526020.000 1961 COM2 65 0R0 120 1.5 22.4 66.2 1.0079 0.00 0.0M
526080.000 1961 COM2 65 0R0 156 3.2 22.4 66.4 1.0079 0.00 0.0M
526140.000 1961 COM2 65 0R0 147 2.8 22.3 66.6 1.0079 0.00 0.0M
526200.000 1961 COM2 65 0R0 153 2.8 22.3 66.8 1.0079 0.00 0.0M
526260.000 1961 COM2 65 0R0 161 3.5 22.3 66.7 1.0079 0.00 0.0M
526320.000 1961 COM2 65 0R0 145 3.3 22.3 66.9 1.0078 0.00 0.0M
526380.000 1961 COM2 65 0R0 142 2.4 22.3 66.9 1.0078 0.00 0.0M
526440.000 1961 COM2 65 0R0 163 2.4 22.3 67.0 1.0079 0.00 0.0M
526500.000 1961 COM2 65 0R0 125 3.2 22.3 67.0 1.0078 0.00 0.0M
526560.000 1961 COM2 65 0R0 153 2.3 22.3 67.1 1.0079 0.00 0.0M
526620.000 1961 COM2 65 0R0 164 4.9 22.3 67.1 1.0078 0.00 0.0M
526680.000 1961 COM2 65 0R0 144 2.5 22.2 67.4 1.0079 0.00 0.0M
526740.000 1961 COM2 65 0R0 126 2.9 22.2 67.2 1.0079 0.00 0.0M
526800.000 1961 COM2 65 0R0 131 2.0 22.2 67.3 1.0079 0.00 0.0M
526860.000 1961 COM2 65 0R0 138 0.6 22.2 67.4 1.0079 0.00 0.0M
526920.000 1961 COM2 65 0R0 128 2.2 22.2 67.7 1.0079 0.00 0.0M
526980.000 1961 COM2 65 0R0 102 0.8 22.2 67.8 1.0079 0.00 0.0M
527040.000 1961 COM2 65 0R0 102 0.7 22.2 67.9 1.0079 0.00 0.0M
527100.000 1961 COM2 65 0R0 155 1.2 22.2 67.7 1.0080 0.00 0.0M
527160.000 1961 COM2 65 0R0 184 2.8 22.2 67.7 1.0080 0.00 0.0M
527220.000 1961 COM2 65 0R0 194 2.7 22.2 67.8 1.0080 0.00 0.0M
527280.000 1961 COM2 65 0R0 130 2.3 22.2 67.8 1.0079 0.00 0.0M
527340.000 1961 COM2 65 0R0 172 4.3 22.1 68.0 1.0079 0.00 0.0M
527400.000 1961 COM2 65 0R0 132 1.6 22.1 68.3 1.0079 0.00 0.0M
527460.000 1961 COM2 65 0R0 141 2.1 22.1 68.3 1.0079 0.00 0.0M
527520.000 1961 COM2 65 0R0 120 1.8 22.1 68.2 1.0079 0.00 0.0M
527580.000 1961 COM2 65 0R0 125 2.9 22.1 68.1 1.0078 0.00 0.0M
527640.000 1961 COM2 65 0R0 110 1.3 22.1 68.3 1.0078 0.00 0.0M
527700.000 1961 COM2 65 0R0 143 2.1 22.1 68.3 1.0078 0.00 0.0M
527760.000 1961 COM2 65 0R0 131 2.4 22.1 68.3 1.0078 0.00 0.0M
527820.000 1961 COM2 65 0R0 174 2.8 22.1 68.5 1.0078 0.00 0.0M
527880.000 1961 COM2 65 0R0 147 3.0 22.0 68.6 1.0078 0.00 0.0M
527940.000 1961 COM2 65 0R0 147 1.2 22.0 68.7 1.0079 0.00 0.0M
528000.000 1961 COM2 65 0R0 146 3.4 22.0 68.8 1.0079 0.00 0.0M
528060.000 1961 COM2 65 0R0 140 2.5 22.0 68.9 1.0078 0.00 0.0M
528120.000 1961 COM2 65 0R0 182 0.9 22.0 68.9 1.0078 0.00 0.0M
528180.000 1961 COM2 65 0R0 151 2.9 22.0 68.8 1.0078 0.00 0.0M
528240.100 1961 COM2 65 0R0 129 1.6 22.0 68.9 1.0078 0.00 0.0M
528300.000 1961 COM2 65 0R0 126 1.4 22.0 69.0 1.0078 0.00 0.0M
528360.100 1961 COM2 65 0R0 164 3.6 22.0 69.0 1.0078 0.00 0.0M
528420.000 1961 COM2 65 0R0 134 2.4 21.9 69.3 1.0077 0.00 0.0M
528480.000 1961 COM2 65 0R0 111 2.2 21.9 69.3 1.0077 0.00 0.0M
528540.000 1961 COM2 65 0R0 138 2.2 21.9 69.3 1.0077 0.00 0.0M
528600.000 1961 COM2 65 0R0 165 2.8 21.9 69.3 1.0077 0.00 0.0M
528660.000 1961 COM2 65 0R0 156 3.4 21.9 69.5 1.0076 0.00 0.0M
528720.100 1961 COM2 65 0R0 115 1.4 21.9 69.4 1.0076 0.00 0.0M
528780.000 1961 COM2 65 0R0 171 2.6 21.9 69.5 1.0076 0.00 0.0M
528840.000 1961 COM2 65 0R0 122 1.3 21.9 69.7 1.0076 0.00 0.0M
528900.000 1961 COM2 65 0R0 107 0.9 21.9 69.6 1.0075 0.00 0.0M
528960.000 1961 COM2 65 0R0 152 2.0 21.9 69.5 1.0075 0.00 0.0M
529020.000 1961 COM2 65 0R0 163 2.6 21.9 69.6 1.0075 0.00 0.0M
529080.000 1961 COM2 65 0R0 126 1.6 21.9 69.6 1.0075 0.00 0.0M
529140.000 1961 COM2 65 0R0 098 1.2 21.9 69.5 1.0075 0.00 0.0M
529200.000 1961 COM2 65 0R0 125 2.4 21.9 69.6 1.0075 0.00 0.0M
529260.000 1961 COM2 65 0R0 145 2.2 21.9 69.7 1.0075 0.00 0.0M
529320.000 1961 COM2 65 0R0 174 3.0 21.9 69.7 1.0074 0.00 0.0M
529380.000 1961 COM2 65 0R0 112 1.6 21.8 69.7 1.0075 0.00 0.0M
529440.000 1961 COM2 65 0R0 090 1.5 21.8 70.0 1.0075 0.00 0.0M
529500.000 1961 COM2 65 0R0 130 1.5 21.8 70.0 1.0075 0.00 0.0M
529560.000 1961 COM2 65 0R0 120 2.0 21.8 69.7 1.0075 0.00 0.0M
529620.000 1961 COM2 65 0R0 129 0.9 21.9 69.8 1.0075 0.00 0.0M
529680.000 1961 COM2 65 0R0 121 1.6 21.9 69.9 1.0075 0.00 0.0M
529740.000 1961 COM2 65 0R0 136 1.3 21.9 70.0 1.0074 0.00 0.0M
529800.000 1961 COM2 65 0R0 153 1.2 21.9 69.8 1.0074 0.00 0.0M
529860.000 1961 COM2 65 0R0 145 2.3 21.9 69.8 1.0074 0.00 0.0M
529920.000 1961 COM2 65 0R0 153 2.2 21.8 69.8 1.0074 0.00 0.0M
529980.000 1961 COM2 65 0R0 154 2.2 21.8 69.7 1.0074 0.00 0.0M
530040.000 1961 COM2 65 0R0 169 2.3 21.8 70.1 1.0074 0.00 0.0M
530100.000 1961 COM2 65 0R0 106 1.8 21.8 70.4 1.0074 0.00 0.0M
530160.000 1961 COM2 65 0R0 139 1.6 21.8 70.3 1.0074 0.00 0.0M
530220.000 1961 COM2 65 0R0 169 1.6 21.8 70.1 1.0074 0.00 0.0M
530280.000 1961 COM2 65 0R0 127 2.3 21.8 70.4 1.0074 0.00 0.0M
530340.000 1961 COM2 65 0R0 175 1.4 21.8 70.4 1.0074 0.00 0.0M
530400.000 1961 COM2 65 0R0 109 0.7 21.8 70.0 1.0074 0.00 0.0M
530460.000 1961 COM2 65 0R0 124 0.6 21.8 70.4 1.0074 0.00 0.0M
530520.000 1961 COM2 65 0R0 153 0.9 21.8 70.4 1.0074 0.00 0.0M
530580.000 1961 COM2 65 0R0 118 0.8 21.8 70.5 1.0074 0.00 0.0M
530640.000 1961 COM2 65 0R0 161 3.1 21.8 70.5 1.0074 0.00 0.0M
530700.000 1961 COM2 65 0R0 126 0.7 21.8 70.9 1.0074 0.00 0.0M
530760.000 1961 COM2 65 0R0 157 2.0 21.7 70.8 1.0074 0.00 0.0M
530820.000 1961 COM2 65 0R0 148 3.5 21.7 70.9 1.0073 0.00 0.0M
530880.000 1961 COM2 65 0R0 146 1.8 21.7 70.8 1.0074 0.00 0.0M
530940.000 1961 COM2 65 0R0 113 0.8 21.7 70.9 1.0074 0.00 0.0M
531000.000 1961 COM2 65 0R0 194 2.9 21.7 71.0 1.0074 0.00 0.0M
531060.000 1961 COM2 65 0R0 165 2.3 21.7 71.3 1.0074 0.00 0.0M
531120.000 1961 COM2 65 0R0 130 1.9 21.7 71.0 1.0073 0.00 0.0M
531180.000 1961 COM2 65 0R0 149 1.5 21.7 70.9 1.0073 0.00 0.0M
531240.000 1961 COM2 65 0R0 129 0.5 21.7 71.0 1.0073 0.00 0.0M
531300.000 1961 COM2 65 0R0 180 2.5 21.7 71.0 1.0073 0.00 0.0M
531360.000 1961 COM2 65 0R0 128 2.0 21.7 71.0 1.0072 0.00 0.0M
531420.000 1961 COM2 65 0R0 131 1.4 21.7 71.3 1.0072 0.00 0.0M
531480.000 1961 COM2 65 0R0 145 3.1 21.7 71.2 1.0072 0.00 0.0M
531540.000 1961 COM2 65 0R0 133 2.0 21.7 71.1 1.0072 0.00 0.0M
531600.000 1961 COM2 65 0R0 170 3.0 21.7 71.8 1.0072 0.02 0.0M
531660.000 1961 COM2 65 0R0 158 3.0 21.6 71.8 1.0072 0.00 0.0M
531720.000 1961 COM2 65 0R0 167 3.3 21.6 71.9 1.0072 0.00 0.0M
531780.000 1961 COM2 65 0R0 123 1.4 21.6 71.8 1.0072 0.00 0.0M
531840.000 1961 COM2 65 0R0 163 1.1 21.6 72.1 1.0072 0.00 0.0M
531900.000 1961 COM2 65 0R0 132 3.0 21.6 72.3 1.0072 0.00 0.0M
531960.000 1961 COM2 65 0R0 100 1.8 21.6 71.9 1.0072 0.00 0.0M
532020.000 1961 COM2 65 0R0 109 1.2 21.6 72.0 1.0071 0.00 0.0M
532080.000 1961 COM2 65 0R0 122 1.5 21.6 71.8 1.0071 0.00 0.0M
532140.000 1961 COM2 65 0R0 144 2.3 21.6 71.8 1.0071 0.00 0.0M
532200.000 1961 COM2 65 0R0 177 0.6 21.6 71.8 1.0071 0.00 0.0M
532260.000 1961 COM2 65 0R0 097 0.9 21.6 71.7 1.0071 0.00 0.0M
532320.000 1961 COM2 65 0R0 147 2.4 21.6 71.4 1.0070 0.00 0.0M
532380.000 1961 COM2 65 0R0 121 1.0 21.6 71.5 1.0070 0.00 0.0M
532440.100 1961 COM2 65 0R0 158 2.3 21.6 71.7 1.0070 0.00 0.0M
532500.000 1961 COM2 65 0R0 122 2.1 21.6 71.7 1.0070 0.00 0.0M
532560.000 1961 COM2 65 0R0 144 1.6 21.6 71.6 1.0070 0.00 0.0M
532620.000 1961 COM2 65 0R0 127 1.2 21.6 71.5 1.0070 0.00 0.0M
532680.000 1961 COM2 65 0R0 132 2.2 21.6 71.7 1.0070 0.00 0.0M
532740.000 1961 COM2 65 0R0 186 1.8 21.6 71.2 1.0070 0.00 0.0M
532800.000 1961 COM2 65 0R0 145 1.4 21.6 71.4 1.0069 0.00 0.0M
532860.000 1961 COM2 65 0R0 146 2.0 21.6 71.5 1.0069 0.00 0.0M
532920.000 1961 COM2 65 0R0 135 2.3 21.6 71.7 1.0069 0.00 0.0M
532980.000 1961 COM2 65 0R0 144 1.5 21.6 71.4 1.0068 0.00 0.0M
533040.000 1961 COM2 65 0R0 107 0.8 21.6 71.4 1.0068 0.00 0.0M
533100.000 1961 COM2 65 0R0 172 1.5 21.6 71.6 1.0068 0.00 0.0M
533160.000 1961 COM2 65 0R0 185 0.8 21.6 71.1 1.0068 0.00 0.0M
533220.000 1961 COM2 65 0R0 126 1.4 21.6 71.4 1.0068 0.00 0.0M
533280.000 1961 COM2 65 0R0 102 0.3 21.6 71.3 1.0067 0.00 0.0M
533340.000 1961 COM2 65 0R0 105 0.4 21.7 71.1 1.0067 0.00 0.0M
533400.000 1961 COM2 65 0R0 115 1.2 21.7 71.3 1.0067 0.00 0.0M
533460.000 1961 COM2 65 0R0 135 1.2 21.6 71.2 1.0068 0.00 0.0M
533520.000 1961 COM2 65 0R0 173 3.1 21.7 71.5 1.0068 0.00 0.0M
533580.000 1961 COM2 65 0R0 073 0.6 21.6 71.5 1.0068 0.00 0.0M
533640.000 1961 COM2 65 0R0 128 1.5 21.6 71.5 1.0068 0.00 0.0M
533700.000 1961 COM2 65 0R0 099 0.3 21.6 71.6 1.0068 0.00 0.0M
533760.000 1961 COM2 65 0R0 146 2.3 21.6 71.8 1.0068 0.00 0.0M
533820.000 1961 COM2 65 0R0 114 0.9 21.6 71.9 1.0068 0.00 0.0M
533880.000 1961 COM2 65 0R0 116 1.1 21.6 71.8 1.0069 0.00 0.0M
533940.000 1961 COM2 65 0R0 131 1.3 21.6 71.6 1.0069 0.00 0.0M
534000.000 1961 COM2 65 0R0 125 1.6 21.6 71.7 1.0069 0.00 0.0M
534060.000 1961 COM2 65 0R0 114 0.9 21.7 71.6 1.0069 0.00 0.0M
534120.000 1961 COM2 65 0R0 134 1.2 21.7 71.6 1.0069 0.00 0.0M
534180.000 1961 COM2 65 0R0 126 1.9 21.7 71.8 1.0069 0.00 0.0M
534240.000 1961 COM2 65 0R0 119 1.6 21.7 71.8 1.0069 0.00 0.0M
534300.000 1961 COM2 65 0R0 132 1.0 21.6 71.7 1.0069 0.00 0.0M
534360.000 1961 COM2 65 0R0 134 2.3 21.6 71.9 1.0068 0.00 0.0M
534420.000 1961 COM2 65 0R0 107 2.4 21.6 71.9 1.0069 0.00 0.0M
534480.000 1961 COM2 65 0R0 110 2.0 21.6 71.8 1.0068 0.00 0.0M
534540.000 1961 COM2 65 0R0 139 1.1 21.6 71.8 1.0069 0.00 0.0M
534600.000 1961 COM2 65 0R0 142 2.6 21.6 71.6 1.0068 0.00 0.0M
534660.000 1961 COM2 65 0R0 142 1.6 21.6 71.9 1.0068 0.00 0.0M
534720.000 1961 COM2 65 0R0 176 1.4 21.6 72.0 1.0068 0.00 0.0M
534780.000 1961 COM2 65 0R0 110 1.8 21.6 72.0 1.0068 0.00 0.0M
534840.000 1961 COM2 65 0R0 106 1.0 21.6 72.1 1.0067 0.00 0.0M
534900.000 1961 COM2 65 0R0 178 1.2 21.6 72.0 1.0067 0.00 0.0M
534960.000 1961 COM2 65 0R0 191 2.1 21.6 72.1 1.0067 0.00 0.0M
535020.000 1961 COM2 65 0R0 183 1.3 21.6 72.1 1.0068 0.00 0.0M
535080.000 1961 COM2 65 0R0 150 1.9 21.6 71.8 1.0068 0.00 0.0M
535140.000 1961 COM2 65 0R0 151 1.5 21.6 72.1 1.0068 0.00 0.0M
535200.000 1961 COM2 65 0R0 137 0.5 21.6 72.4 1.0068 0.00 0.0M
535260.000 1961 COM2 65 0R0 139 2.8 21.6 72.4 1.0068 0.00 0.0M
535320.000 1961 COM2 65 0R0 133 2.8 21.6 72.3 1.0068 0.00 0.0M
535380.000 1961 COM2 65 0R0 107 1.4 21.6 72.6 1.0068 0.00 0.0M
535440.000 1961 COM2 65 0R0 137 2.2 21.6 72.8 1.0068 0.00 0.0M
535500.000 1961 COM2 65 0R0 123 1.6 21.6 73.0 1.0068 0.00 0.0M
535560.000 1961 COM2 65 0R0 151 3.0 21.6 72.9 1.0068 0.00 0.0M
535620.000 1961 COM2 65 0R0 138 2.8 21.6 73.1 1.0068 0.00 0.0M
535680.000 1961 COM2 65 0R0 143 2.1 21.5 73.2 1.0068 0.00 0.0M
535740.000 1961 COM2 65 0R0 149 1.8 21.5 73.4 1.0068 0.00 0.0M
535800.000 1961 COM2 65 0R0 104 1.6 21.5 73.6 1.0068 0.00 0.0M
535860.000 1961 COM2 65 0R0 141 2.5 21.5 73.9 1.0068 0.00 0.0M
535920.000 1961 COM2 65 0R0 135 0.8 21.5 74.0 1.0068 0.00 0.0M
535980.000 1961 COM2 65 0R0 168 2.5 21.5 74.1 1.0069 0.00 0.0M
536040.000 1961 COM2 65 0R0 157 1.3 21.5 74.0 1.0069 0.00 0.0M
536100.000 1961 COM2 65 0R0 129 1.6 21.5 74.5 1.0069 0.00 0.0M
536160.000 1961 COM2 65 0R0 109 1.3 21.5 74.8 1.0069 0.00 0.0M
536220.000 1961 COM2 65 0R0 136 2.8 21.5 74.7 1.0068 0.04 0.0M
536280.000 1961 COM2 65 0R0 176 3.6 21.4 74.9 1.0068 0.02 0.0M
536340.000 1961 COM2 65 0R0 163 1.9 21.4 76.1 1.0068 0.01 0.0M
536400.000 1961 COM2 65 0R0 139 1.8 21.3 76.3 1.0068 0.00 0.0M
536460.000 1961 COM2 65 0R0 131 2.9 21.3 76.4 1.0069 0.00 0.0M
536520.000 1961 COM2 65 0R0 179 2.3 21.2 76.9 1.0068 0.00 0.0M
536580.000 1961 COM2 65 0R0 093 1.0 21.2 77.8 1.0068 0.00 0.0M
536640.000 1961 COM2 65 0R0 162 2.2 21.1 77.5 1.0069 0.00 0.0M
536700.000 1961 COM2 65 0R0 147 3.7 21.1 77.8 1.0069 0.00 0.0M
536760.000 1961 COM2 65 0R0 123 1.1 21.1 78.1 1.0068 0.00 0.0M
536820.000 1961 COM2 65 0R0 171 2.5 21.0 78.2 1.0068 0.00 0.0M
536880.000 1961 COM2 65 0R0 134 2.5 21.0 78.1 1.0069 0.00 0.0M
536940.000 1961 COM2 65 0R0 150 2.3 21.0 78.3 1.0069 0.00 0.0M
537000.000 1961 COM2 65 0R0 144 2.5 20.9 79.1 1.0069 0.00 0.0M
537060.000 1961 COM2 65 0R0 153 3.0 20.9 78.6 1.0069 0.00 0.0M
537120.000 1961 COM2 65 0R0 131 2.6 20.9 79.2 1.0069 0.00 0.0M
537180.000 1961 COM2 65 0R0 148 3.4 20.9 79.4 1.0069 0.00 0.0M
537240.000 1961 COM2 65 0R0 126 2.6 20.9 79.7 1.0069 0.01 0.0M
537300.000 1961 COM2 65 0R0 134 2.6 20.9 80.0 1.0068 0.00 0.0M
537360.000 1961 COM2 65 0R0 165 2.2 20.8 80.0 1.0069 0.00 0.0M
537420.000 1961 COM2 65 0R0 143 1.9 20.8 80.3 1.0069 0.00 0.0M
537480.000 1961 COM2 65 0R0 162 2.5 20.8 80.7 1.0069 0.00 0.0M
537540.000 1961 COM2 65 0R0 149 2.3 20.7 81.0 1.0070 0.01 0.0M
537600.000 1961 COM2 65 0R0 102 1.3 20.7 81.3 1.0070 0.00 0.0M
537660.000 1961 COM2 65 0R0 150 2.3 20.7 81.3 1.0069 0.00 0.0M
537720.000 1961 COM2 65 0R0 139 2.2 20.7 81.4 1.0068 0.00 0.0M
537780.000 1961 COM2 65 0R0 135 2.0 20.7 81.8 1.0068 0.00 0.0M
537840.000 1961 COM2 65 0R0 159 1.9 20.6 81.9 1.0068 0.00 0.0M
537900.000 1961 COM2 65 0R0 188 0.9 20.6 81.4 1.0068 0.00 0.0M
537960.000 1961 COM2 65 0R0 090 0.5 20.6 82.4 1.0068 0.00 0.0M
538020.000 1961 COM2 65 0R0 150 1.3 20.6 82.3 1.0068 0.00 0.0M
538080.000 1961 COM2 65 0R0 167 2.2 20.6 82.7 1.0069 0.00 0.0M
538140.000 1961 COM2 65 0R0 205 3.2 20.6 83.0 1.0069 0.00 0.0M
538200.000 1961 COM2 65 0R0 194 2.4 20.6 83.0 1.0069 0.00 0.0M
538260.000 1961 COM2 65 0R0 172 1.7 20.5 82.3 1.0069 0.00 0.0M
538320.000 1961 COM2 65 0R0 168 2.1 20.5 82.9 1.0070 0.00 0.0M
538380.000 1961 COM2 65 0R0 204 1.3 20.5 83.7 1.0070 0.00 0.0M
538440.000 1961 COM2 65 0R0 200 2.3 20.5 83.5 1.0069 0.00 0.0M
538500.000 1961 COM2 65 0R0 228 3.6 20.5 82.2 1.0069 0.01 0.0M
538560.000 1961 COM2 65 0R0 212 3.7 20.5 80.6 1.0069 0.02 0.0M
538620.000 1961 COM2 65 0R0 117 1.9 20.6 82.2 1.0069 0.00 0.0M
538680.000 1961 COM2 65 0R0 168 2.7 20.6 83.0 1.0068 0.00 0.0M
538740.000 1961 COM2 65 0R0 244 1.8 20.6 83.2 1.0068 0.00 0.0M
538800.000 1961 COM2 65 0R0 279 0.8 20.5 82.9 1.0068 0.01 0.0M
538860.000 1961 COM2 65 0R0 199 1.5 20.5 82.2 1.0068 0.00 0.0M
538920.000 1961 COM2 65 0R0 197 1.4 20.5 83.2 1.0068 0.01 0.0M
538980.000 1961 COM2 65 0R0 231 2.9 20.5 82.7 1.0068 0.01 0.0M
539040.000 1961 COM2 65 0R0 180 2.4 20.5 81.7 1.0068 0.01 0.0M
539100.000 1961 COM2 65 0R0 198 2.3 20.4 81.5 1.0067 0.00 0.0M
539160.000 1961 COM2 65 0R0 208 3.5 20.4 83.4 1.0067 0.01 0.0M
539220.000 1961 COM2 65 0R0 214 3.0 20.4 82.3 1.0068 0.00 0.0M
539280.000 1961 COM2 65 0R0 215 2.6 20.4 82.1 1.0068 0.00 0.0M
539340.000 1961 COM2 65 0R0 236 2.7 20.4 80.5 1.0067 0.00 0.0M
539400.000 1961 COM2 65 0R0 253 1.9 20.4 81.6 1.0067 0.00 0.0M
539460.000 1961 COM2 65 0R0 227 2.4 20.4 82.4 1.0067 0.00 0.0M
539520.000 1961 COM2 65 0R0 206 2.1 20.3 82.3 1.0067 0.01 0.0M
539580.000 1961 COM2 65 0R0 227 2.3 20.3 83.4 1.0067 0.00 0.0M
539640.000 1961 COM2 65 0R0 259 1.3 20.3 83.3 1.0067 0.01 0.0M
539700.000 1961 COM2 65 0R0 249 1.8 20.3 82.5 1.0067 0.01 0.0M
539760.000 1961 COM2 65 0R0 217 2.4 20.3 82.9 1.0067 0.02 0.0M
539820.000 1961 COM2 65 0R0 200 1.3 20.3 82.8 1.0067 0.00 0.0M
539880.000 1961 COM2 65 0R0 239 2.5 20.3 82.6 1.0067 0.00 0.0M
539940.000 1961 COM2 65 0R0 230 3.1 20.2 82.0 1.0066 0.00 0.0M
540000.000 1961 COM2 65 0R0 214 2.3 20.2 82.4 1.0066 0.01 0.0M
540060.000 1961 COM2 65 0R0 202 2.1 20.2 82.5 1.0066 0.00 0.0M
540120.000 1961 COM2 65 0R0 242 0.6 20.2 82.7 1.0066 0.00 0.0M
540180.000 1961 COM2 65 0R0 255 0.5 20.2 83.5 1.0067 0.00 0.0M
540240.000 1961 COM2 65 0R0 256 0.9 20.2 83.8 1.0067 0.00 0.0M
540300.000 1961 COM2 65 0R0 275 1.7 20.2 83.5 1.0067 0.00 0.0M
540360.000 1961 COM2 65 0R0 273 1.1 20.2 84.0 1.0067 0.00 0.0M
540420.000 1961 COM2 65 0R0 224 0.7 20.2 84.2 1.0067 0.00 0.0M
540480.000 1961 COM2 65 0R0 237 1.3 20.2 84.3 1.0067 0.00 0.0M
540540.000 1961 COM2 65 0R0 260 0.9 20.2 84.0 1.0066 0.00 0.0M
540600.000 1961 COM2 65 0R0 241 1.2 20.2 83.8 1.0066 0.00 0.0M
540660.000 1961 COM2 65 0R0 270 0.8 20.2 84.7 1.0067 0.00 0.0M
540720.000 1961 COM2 65 0R0 275 1.0 20.2 84.7 1.0067 0.00 0.0M
540780.000 1961 COM2 65 0R0 245 0.7 20.2 84.2 1.0067 0.00 0.0M
540840.000 1961 COM2 65 0R0 270 0.7 20.2 84.2 1.0067 0.00 0.0M
540900.000 1961 COM2 65 0R0 311 0.1 20.2 85.0 1.0067 0.00 0.0M
540960.000 1961 COM2 65 0R0 297 0.6 20.2 84.9 1.0067 0.00 0.0M
541020.000 1961 COM2 65 0R0 296 1.1 20.2 85.0 1.0067 0.00 0.0M
541080.000 1961 COM2 65 0R0 216 0.6 20.2 84.7 1.0067 0.00 0.0M
541140.000 1961 COM2 65 0R0 351 0.3 20.2 84.8 1.0067 0.00 0.0M
541200.000 1961 COM2 65 0R0 276 1.7 20.2 85.1 1.0067 0.00 0.0M
541260.000 1961 COM2 65 0R0 269 1.4 20.1 85.0 1.0067 0.00 0.0M
541320.000 1961 COM2 65 0R0 232 0.6 20.1 85.4 1.0067 0.00 0.0M
541380.000 1961 COM2 65 0R0 282 0.4 20.1 85.1 1.0067 0.00 0.0M
541440.000 1961 COM2 65 0R0 249 0.9 20.1 85.4 1.0067 0.00 0.0M
541500.000 1961 COM2 65 0R0 238 0.3 20.1 85.2 1.0067 0.01 0.0M
541560.000 1961 COM2 65 0R0 296 1.5 20.1 85.1 1.0067 0.00 0.0M
541620.000 1961 COM2 65 0R0 293 0.5 20.1 85.3 1.0066 0.00 0.0M
541680.000 1961 COM2 65 0R0 282 1.0 20.1 85.1 1.0066 0.03 0.0M
541740.000 1961 COM2 65 0R0 273 0.8 20.1 83.3 1.0066 0.06 0.0M
541800.000 1961 COM2 65 0R0 017 0.6 20.1 84.4 1.0065 0.01 0.0M
541860.000 1961 COM2 65 0R0 047 0.2 20.1 84.9 1.0065 0.01 0.0M
541920.000 1961 COM2 65 0R0 018 0.3 20.1 84.7 1.0065 0.03 0.0M
541980.000 1961 COM2 65 0R0 260 0.2 20.1 85.2 1.0065 0.03 0.0M
542040.000 1961 COM2 65 0R0 031 0.2 20.1 85.0 1.0064 0.09 0.0M
542100.000 1961 COM2 65 0R0 065 0.2 20.1 84.1 1.0064 0.00 0.0M
542160.000 1961 COM2 65 0R0 038 0.4 20.1 84.1 1.0064 0.00 0.0M
542220.000 1961 COM2 65 0R0 257 0.3 20.1 84.2 1.0064 0.00 0.0M
542280.000 1961 COM2 65 0R0 254 0.1 20.1 84.2 1.0063 0.00 0.0M
542340.000 1961 COM2 65 0R0 070 0.1 20.1 83.4 1.0063 0.00 0.0M
542400.000 1961 COM2 65 0R0 315 0.1 20.1 84.6 1.0063 0.00 0.0M
542460.000 1961 COM2 65 0R0 325 0.1 20.1 84.0 1.0063 0.00 0.0M
542520.000 1961 COM2 65 0R0 277 0.2 20.2 84.7 1.0063 0.00 0.0M
542580.000 1961 COM2 65 0R0 236 0.2 20.2 85.0 1.0064 0.00 0.0M
542640.000 1961 COM2 65 0R0 274 0.5 20.2 85.3 1.0063 0.00 0.0M
542700.100 1961 COM2 65 0R0 259 0.6 20.2 84.1 1.0063 0.00 0.0M
542760.000 1961 COM2 65 0R0 232 0.6 20.2 83.9 1.0063 0.00 0.0M
542820.000 1961 COM2 65 0R0 232 0.3 20.1 84.5 1.0063 0.00 0.0M
542880.000 1961 COM2 65 0R0 048 0.3 20.2 84.5 1.0064 0.00 0.0M
542940.000 1961 COM2 65 0R0 071 0.1 20.2 83.9 1.0063 0.00 0.0M
543000.000 1961 COM2 65 0R0 032 0.3 20.1 84.8 1.0063 0.00 0.0M
543060.000 1961 COM2 65 0R0 076 0.3 20.2 85.6 1.0063 0.00 0.0M
543120.000 1961 COM2 65 0R0 093 0.4 20.2 85.4 1.0063 0.00 0.0M
543180.000 1961 COM2 65 0R0 121 0.3 20.2 85.0 1.0063 0.00 0.0M
543240.000 1961 COM2 65 0R0 044 0.1 20.2 84.6 1.0063 0.00 0.0M
543300.000 1961 COM2 65 0R0 126 0.5 20.2 83.6 1.0063 0.00 0.0M
543360.000 1961 COM2 65 0R0 062 0.2 20.2 84.6 1.0063 0.00 0.0M
543420.000 1961 COM2 65 0R0 327 0.2 20.3 84.6 1.0062 0.00 0.0M
543480.000 1961 COM2 65 0R0 266 0.1 20.3 85.6 1.0062 0.00 0.0M
543540.000 1961 COM2 65 0R0 042 0.2 20.3 84.6 1.0062 0.00 0.0M
543600.000 1961 COM2 65 0R0 350 0.1 20.3 84.4 1.0062 0.00 0.0M
543660.000 1961 COM2 65 0R0 301 0.2 20.3 85.0 1.0062 0.00 0.0M
543720.000 1961 COM2 65 0R0 114 0.3 20.3 84.6 1.0062 0.00 0.0M
543780.000 1961 COM2 65 0R0 141 0.4 20.3 85.2 1.0062 0.00 0.0M
543840.000 1961 COM2 65 0R0 116 0.3 20.3 85.4 1.0062 0.00 0.0M
543900.000 1961 COM2 65 0R0 089 0.7 20.3 85.7 1.0061 0.00 0.0M
543960.000 1961 COM2 65 0R0 183 0.5 20.3 85.4 1.0061 0.00 0.0M
544020.000 1961 COM2 65 0R0 106 0.4 20.4 85.4 1.0061 0.00 0.0M
544080.000 1961 COM2 65 0R0 094 1.6 20.4 85.0 1.0060 0.00 0.0M
544140.000 1961 COM2 65 0R0 102 1.4 20.3 83.7 1.0060 0.00 0.0M
544200.000 1961 COM2 65 0R0 089 1.3 20.3 83.8 1.0060 0.00 0.0M
544260.000 1961 COM2 65 0R0 091 2.3 20.2 84.7 1.0060 0.00 0.0M
544320.000 1961 COM2 65 0R0 109 0.9 20.2 84.5 1.0060 0.00 0.0M
544380.000 1961 COM2 65 0R0 104 1.5 20.1 84.2 1.0060 0.00 0.0M
544440.000 1961 COM2 65 0R0 093 0.9 20.1 85.1 1.0059 0.00 0.0M
544500.000 1961 COM2 65 0R0 071 0.7 20.1 85.0 1.0059 0.00 0.0M
544560.000 1961 COM2 65 0R0 106 0.8 20.1 86.0 1.0059 0.00 0.0M
544620.000 1961 COM2 65 0R0 112 0.7 20.1 86.3 1.0058 0.00 0.0M
544680.000 1961 COM2 65 0R0 109 0.5 20.1 86.5 1.0058 0.00 0.0M
544740.000 1961 COM2 65 0R0 352 0.1 20.1 86.7 1.0058 0.00 0.0M
544800.000 1961 COM2 65 0R0 110 0.8 20.2 86.9 1.0058 0.00 0.0M
544860.000 1961 COM2 65 0R0 044 0.2 20.2 86.9 1.0058 0.00 0.0M
544920.000 1961 COM2 65 0R0 105 1.0 20.2 87.2 1.0058 0.00 0.0M
544980.000 1961 COM2 65 0R0 201 0.5 20.2 86.9 1.0058 0.00 0.0M
545040.000 1961 COM2 65 0R0 037 0.2 20.2 86.9 1.0058 0.00 0.0M
545100.000 1961 COM2 65 0R0 080 0.2 20.2 86.6 1.0058 0.00 0.0M
545160.000 1961 COM2 65 0R0 030 0.3 20.2 86.7 1.0058 0.00 0.0M
545220.000 1961 COM2 65 0R0 140 0.1 20.3 86.6 1.0057 0.00 0.0M
545280.000 1961 COM2 65 0R0 068 0.6 20.3 86.5 1.0057 0.00 0.0M
545340.000 1961 COM2 65 0R0 072 1.0 20.3 86.4 1.0057 0.00 0.0M
545400.000 1961 COM2 65 0R0 089 0.6 20.2 85.8 1.0057 0.00 0.0M
545460.000 1961 COM2 65 0R0 095 1.9 20.2 85.5 1.0056 0.00 0.0M
545520.000 1961 COM2 65 0R0 100 1.6 20.1 85.4 1.0056 0.00 0.0M
545580.000 1961 COM2 65 0R0 109 1.8 20.1 86.9 1.0055 0.00 0.0M
545640.000 1961 COM2 65 0R0 125 1.3 20.1 87.0 1.0055 0.00 0.0M
545700.000 1961 COM2 65 0R0 123 2.1 20.1 87.6 1.0055 0.00 0.0M
545760.000 1961 COM2 65 0R0 108 2.6 20.0 87.7 1.0054 0.00 0.0M
545820.000 1961 COM2 65 0R0 139 2.1 20.0 88.1 1.0054 0.00 0.0M
545880.000 1961 COM2 65 0R0 122 1.7 19.9 88.1 1.0054 0.00 0.0M
545940.000 1961 COM2 65 0R0 113 2.0 19.9 88.4 1.0054 0.00 0.0M
546000.000 1961 COM2 65 0R0 082 1.6 19.9 88.7 1.0053 0.00 0.0M
546060.000 1961 COM2 65 0R0 115 3.0 19.9 88.5 1.0053 0.00 0.0M
546120.000 1961 COM2 65 0R0 115 1.2 19.8 89.2 1.0053 0.00 0.0M
546180.000 1961 COM2 65 0R0 074 2.0 19.8 89.2 1.0054 0.00 0.0M
546240.000 1961 COM2 65 0R0 348 0.9 19.8 89.6 1.0054 0.00 0.0M
546300.000 1961 COM2 65 0R0 330 0.1 19.8 89.8 1.0054 0.00 0.0M
546360.000 1961 COM2 65 0R0 022 0.7 19.8 89.9 1.0054 0.00 0.0M
546420.000 1961 COM2 65 0R0 060 0.9 19.8 90.0 1.0054 0.00 0.0M
546480.000 1961 COM2 65 0R0 085 1.1 19.8 90.1 1.0054 0.00 0.0M
546540.000 1961 COM2 65 0R0 046 1.4 19.8 90.1 1.0054 0.00 0.0M
546600.000 1961 COM2 65 0R0 063 0.6 19.8 90.2 1.0054 0.00 0.0M
546660.000 1961 COM2 65 0R0 041 1.5 19.8 90.4 1.0054 0.00 0.0M
546720.000 1961 COM2 65 0R0 018 0.6 19.8 90.3 1.0054 0.00 0.0M
546780.000 1961 COM2 65 0R0 337 0.8 19.7 90.4 1.0054 0.00 0.0M
546840.000 1961 COM2 65 0R0 010 0.4 19.7 90.5 1.0055 0.00 0.0M
546900.000 1961 COM2 65 0R0 065 0.5 19.7 90.5 1.0055 0.00 0.0M
546960.000 1961 COM2 65 0R0 126 0.4 19.7 90.4 1.0055 0.00 0.0M
547020.000 1961 COM2 65 0R0 041 1.3 19.7 90.3 1.0055 0.00 0.0M
547080.000 1961 COM2 65 0R0 014 1.3 19.7 90.1 1.0055 0.00 0.0M
547140.000 1961 COM2 65 0R0 073 2.0 19.7 90.3 1.0054 0.00 0.0M
547200.000 1961 COM2 65 0R0 075 2.5 19.7 90.4 1.0054 0.00 0.0M
547260.000 1961 COM2 65 0R0 072 1.7 19.7 90.5 1.0054 0.00 0.0M
547320.000 1961 COM2 65 0R0 078 1.1 19.6 90.4 1.0053 0.00 0.0M
547380.000 1961 COM2 65 0R0 065 2.2 19.6 90.4 1.0053 0.00 0.0M
547440.000 1961 COM2 65 0R0 070 2.3 19.6 90.3 1.0053 0.00 0.0M
547500.000 1961 COM2 65 0R0 046 2.3 19.6 90.0 1.0053 0.00 0.0M
547560.000 1961 COM2 65 0R0 033 2.0 19.5 90.2 1.0052 0.00 0.0M
547620.000 1961 COM2 65 0R0 026 1.7 19.6 90.4 1.0052 0.00 0.0M
547680.000 1961 COM2 65 0R0 008 1.7 19.6 90.7 1.0051 0.00 0.0M
547740.000 1961 COM2 65 0R0 037 2.7 19.6 90.5 1.0051 0.00 0.0M
547800.000 1961 COM2 65 0R0 036 1.1 19.6 90.6 1.0051 0.00 0.0M
547860.000 1961 COM2 65 0R0 066 1.5 19.5 90.4 1.0051 0.00 0.0M
547920.000 1961 COM2 65 0R0 057 1.0 19.5 90.3 1.0051 0.00 0.0M
547980.000 1961 COM2 65 0R0 077 0.9 19.5 90.4 1.0052 0.00 0.0M
548040.000 1961 COM2 65 0R0 004 0.5 19.5 90.4 1.0052 0.00 0.0M
548100.000 1961 COM2 65 0R0 084 1.8 19.5 90.2 1.0052 0.00 0.0M
548160.000 1961 COM2 65 0R0 033 2.9 19.5 90.2 1.0052 0.00 0.0M
548220.000 1961 COM2 65 0R0 067 1.7 19.4 90.1 1.0052 0.00 0.0M
548280.000 1961 COM2 65 0R0 034 1.5 19.4 90.1 1.0051 0.00 0.0M
548340.000 1961 COM2 65 0R0 073 2.7 19.4 90.2 1.0051 0.00 0.0M
548400.000 1961 COM2 65 0R0 050 1.2 19.4 90.3 1.0050 0.00 0.0M
548460.000 1961 COM2 65 0R0 056 1.8 19.4 90.3 1.0050 0.00 0.0M
548520.000 1961 COM2 65 0R0 035 1.6 19.4 90.3 1.0050 0.00 0.0M
548580.000 1961 COM2 65 0R0 071 1.5 19.3 90.5 1.0051 0.00 0.0M
548640.000 1961 COM2 65 0R0 035 1.7 19.3 90.6 1.0052 0.00 0.0M
548700.000 1961 COM2 65 0R0 039 2.0 19.3 90.5 1.0053 0.00 0.0M
548760.000 1961 COM2 65 0R0 063 0.5 19.3 90.6 1.0054 0.00 0.0M
548820.000 1961 COM2 65 0R0 045 0.8 19.3 90.6 1.0054 0.00 0.0M
548880.000 1961 COM2 65 0R0 077 1.1 19.3 90.8 1.0054 0.00 0.0M
548940.000 1961 COM2 65 0R0 029 2.7 19.3 90.8 1.0054 0.00 0.0M
549000.000 1961 COM2 65 0R0 000 0.4 19.3 90.5 1.0054 0.00 0.0M
549060.000 1961 COM2 65 0R0 031 1.1 19.3 90.4 1.0054 0.00 0.0M
549120.000 1961 COM2 65 0R0 047 1.7 19.3 90.4 1.0053 0.00 0.0M
549180.000 1961 COM2 65 0R0 349 0.3 19.3 90.4 1.0053 0.00 0.0M
549240.200 1961 COM2 65 0R0 046 1.0 19.3 90.6 1.0053 0.00 0.0M
549300.000 1961 COM2 65 0R0 011 1.1 19.3 90.5 1.0053 0.00 0.0M
549360.000 1961 COM2 65 0R0 327 0.3 19.3 90.4 1.0054 0.00 0.0M
549420.000 1961 COM2 65 0R0 034 2.9 19.3 90.3 1.0054 0.00 0.0M
549480.000 1961 COM2 65 0R0 019 1.8 19.3 89.9 1.0055 0.00 0.0M
549540.000 1961 COM2 65 0R0 294 0.6 19.3 90.0 1.0055 0.00 0.0M
549600.000 1961 COM2 65 0R0 094 0.5 19.3 90.2 1.0055 0.00 0.0M
549660.000 1961 COM2 65 0R0 350 0.8 19.3 90.0 1.0056 0.00 0.0M
549720.000 1961 COM2 65 0R0 140 0.3 19.3 90.0 1.0056 0.00 0.0M
549780.000 1961 COM2 65 0R0 022 0.7 19.4 90.2 1.0056 0.00 0.0M
549840.000 1961 COM2 65 0R0 031 2.2 19.4 90.2 1.0056 0.00 0.0M
549900.000 1961 COM2 65 0R0 032 1.4 19.3 90.0 1.0055 0.00 0.0M
549960.000 1961 COM2 65 0R0 059 2.6 19.3 90.0 1.0055 0.00 0.0M
550020.000 1961 COM2 65 0R0 073 0.8 19.3 89.9 1.0055 0.00 0.0M
550080.000 1961 COM2 65 0R0 035 1.5 19.3 90.0 1.0055 0.00 0.0M
550140.000 1961 COM2 65 0R0 025 1.2 19.3 90.1 1.0055 0.00 0.0M
550200.000 1961 COM2 65 0R0 090 0.9 19.3 90.0 1.0055 0.00 0.0M
550260.000 1961 COM2 65 0R0 082 1.7 19.3 90.0 1.0056 0.00 0.0M
550320.000 1961 COM2 65 0R0 105 0.7 19.3 90.0 1.0056 0.00 0.0M
550380.000 1961 COM2 65 0R0 021 1.4 19.3 90.1 1.0056 0.00 0.0M
550440.000 1961 COM2 65 0R0 003 0.2 19.3 90.2 1.0056 0.00 0.0M
550500.000 1961 COM2 65 0R0 064 0.2 19.3 90.2 1.0056 0.00 0.0M
550560.000 1961 COM2 65 0R0 028 0.5 19.3 90.2 1.0056 0.00 0.0M
550620.000 1961 COM2 65 0R0 078 0.4 19.3 90.1 1.0056 0.00 0.0M
550680.000 1961 COM2 65 0R0 043 1.5 19.3 90.1 1.0057 0.00 0.0M
550740.000 1961 COM2 65 0R0 023 0.2 19.3 90.1 1.0056 0.00 0.0M
550800.000 1961 COM2 65 0R0 073 2.4 19.3 90.2 1.0056 0.00 0.0M
550860.000 1961 COM2 65 0R0 073 1.8 19.2 90.1 1.0056 0.00 0.0M
550920.000 1961 COM2 65 0R0 061 1.9 19.2 90.1 1.0056 0.00 0.0M
550980.000 1961 COM2 65 0R0 050 1.0 19.2 90.4 1.0056 0.00 0.0M
551040.000 1961 COM2 65 0R0 060 2.1 19.2 90.4 1.0056 0.00 0.0M
551100.000 1961 COM2 65 0R0 065 1.8 19.2 90.6 1.0056 0.00 0.0M
551160.000 1961 COM2 65 0R0 062 0.9 19.1 90.3 1.0056 0.00 0.0M
551220.000 1961 COM2 65 0R0 054 3.1 19.1 90.3 1.0056 0.00 0.0M
551280.000 1961 COM2 65 0R0 071 1.8 19.1 90.4 1.0056 0.00 0.0M
551340.000 1961 COM2 65 0R0 091 1.4 19.1 90.6 1.0056 0.00 0.0M
551400.000 1961 COM2 65 0R0 089 1.7 19.1 90.5 1.0056 0.00 0.0M
551460.000 1961 COM2 65 0R0 074 1.3 19.1 90.4 1.0056 0.00 0.0M
551520.000 1961 COM2 65 0R0 110 0.6 19.1 90.3 1.0055 0.00 0.0M
551580.000 1961 COM2 65 0R0 025 1.0 19.1 90.1 1.0055 0.00 0.0M
551640.000 1961 COM2 65 0R0 069 1.7 19.1 90.2 1.0055 0.00 0.0M
551700.000 1961 COM2 65 0R0 062 2.3 19.1 89.9 1.0055 0.00 0.0M
551760.000 1961 COM2 65 0R0 015 2.3 19.1 89.7 1.0056 0.00 0.0M
551820.000 1961 COM2 65 0R0 069 3.2 19.1 89.7 1.0056 0.00 0.0M
551880.000 1961 COM2 65 0R0 067 2.7 19.1 89.4 1.0055 0.00 0.0M
551940.000 1961 COM2 65 0R0 092 1.2 19.1 89.7 1.0055 0.00 0.0M
552000.000 1961 COM2 65 0R0 059 0.8 19.1 89.6 1.0055 0.00 0.0M
552060.000 1961 COM2 65 0R0 086 2.0 19.1 89.4 1.0055 0.00 0.0M
552120.000 1961 COM2 65 0R0 138 0.4 19.1 89.5 1.0056 0.00 0.0M
552180.000 1961 COM2 65 0R0 109 0.4 19.1 89.2 1.0055 0.00 0.0M
552240.000 1961 COM2 65 0R0 072 1.5 19.2 89.0 1.0055 0.00 0.0M
552300.000 1961 COM2 65 0R0 075 2.6 19.2 89.0 1.0055 0.00 0.0M
552360.000 1961 COM2 65 0R0 069 2.3 19.2 89.0 1.0055 0.00 0.0M
552420.000 1961 COM2 65 0R0 057 1.2 19.2 89.0 1.0055 0.00 0.0M
552480.000 1961 COM2 65 0R0 099 0.4 19.1 89.1 1.0055 0.00 0.0M
552540.000 1961 COM2 65 0R0 005 0.5 19.1 89.3 1.0056 0.00 0.0M
552600.000 1961 COM2 65 0R0 052 0.7 19.1 89.5 1.0056 0.00 0.0M
552660.000 1961 COM2 65 0R0 343 0.9 19.1 89.4 1.0056 0.00 0.0M
552720.000 1961 COM2 65 0R0 045 1.3 19.1 89.2 1.0056 0.00 0.0M
552780.000 1961 COM2 65 0R0 086 2.8 19.1 89.4 1.0057 0.00 0.0M
552840.000 1961 COM2 65 0R0 051 0.4 19.0 89.7 1.0057 0.00 0.0M
552900.000 1961 COM2 65 0R0 060 2.1 19.0 89.7 1.0057 0.00 0.0M
552960.000 1961 COM2 65 0R0 021 1.2 19.0 89.9 1.0057 0.00 0.0M
553020.000 1961 COM2 65 0R0 076 1.8 19.0 89.9 1.0057 0.00 0.0M
553080.000 1961 COM2 65 0R0 056 2.0 19.0 90.0 1.0058 0.00 0.0M
553140.000 1961 COM2 65 0R0 049 1.1 18.9 90.2 1.0058 0.00 0.0M
553200.000 1961 COM2 65 0R0 087 1.2 18.9 90.2 1.0058 0.00 0.0M
553260.000 1961 COM2 65 0R0 037 3.0 18.9 90.2 1.0058 0.00 0.0M
553320.000 1961 COM2 65 0R0 069 1.3 18.9 90.0 1.0058 0.00 0.0M
553380.000 1961 COM2 65 0R0 018 0.9 18.9 90.1 1.0058 0.00 0.0M
553440.000 1961 COM2 65 0R0 116 0.4 18.9 90.3 1.0058 0.00 0.0M
553500.000 1961 COM2 65 0R0 061 0.4 18.9 90.2 1.0058 0.00 0.0M
553560.000 1961 COM2 65 0R0 355 0.5 19.0 90.1 1.0058 0.00 0.0M
553620.000 1961 COM2 65 0R0 054 0.8 19.0 89.9 1.0058 0.00 0.0M
553680.000 1961 COM2 65 0R0 015 0.9 19.0 90.1 1.0059 0.00 0.0M
553740.000 1961 COM2 65 0R0 057 1.4 19.0 89.9 1.0059 0.00 0.0M
553800.000 1961 COM2 65 0R0 041 2.2 19.0 89.8 1.0059 0.00 0.0M
553860.000 1961 COM2 65 0R0 039 0.6 19.0 89.9 1.0058 0.00 0.0M
553920.000 1961 COM2 65 0R0 047 2.3 19.0 89.9 1.0058 0.00 0.0M
553980.000 1961 COM2 65 0R0 042 2.9 19.0 89.6 1.0058 0.00 0.0M
554040.000 1961 COM2 65 0R0 023 2.7 19.0 89.7 1.0058 0.00 0.0M
554100.000 1961 COM2 65 0R0 024 1.0 19.0 89.8 1.0058 0.00 0.0M
554160.000 1961 COM2 65 0R0 010 0.8 18.9 89.9 1.0058 0.00 0.0M
554220.000 1961 COM2 65 0R0 011 0.6 18.9 90.1 1.0058 0.00 0.0M
554280.000 1961 COM2 65 0R0 043 1.4 18.9 90.2 1.0058 0.00 0.0M
554340.000 1961 COM2 65 0R0 338 1.4 18.9 89.9 1.0058 0.00 0.0M
554400.000 1961 COM2 65 0R0 027 2.5 18.9 89.9 1.0058 0.00 0.0M
554460.000 1961 COM2 65 0R0 036 1.7 18.9 89.9 1.0058 0.00 0.0M
554520.000 1961 COM2 65 0R0 034 0.3 18.9 89.9 1.0058 0.00 0.0M
554580.000 1961 COM2 65 0R0 017 1.4 19.0 89.9 1.0059 0.00 0.0M
554640.000 1961 COM2 65 0R0 024 0.3 19.0 90.0 1.0059 0.00 0.0M
554700.000 1961 COM2 65 0R0 356 0.2 19.0 90.0 1.0059 0.00 0.0M
554760.000 1961 COM2 65 0R0 085 0.4 19.0 89.9 1.0059 0.00 0.0M
554820.000 1961 COM2 65 0R0 039 0.9 19.0 90.0 1.0059 0.00 0.0M
554880.000 1961 COM2 65 0R0 035 1.6 19.0 89.6 1.0059 0.00 0.0M
554940.100 1961 COM2 65 0R0 054 1.2 19.0 89.7 1.0059 0.00 0.0M
555000.000 1961 COM2 65 0R0 083 0.5 19.0 89.7 1.0059 0.00 0.0M
555060.000 1961 COM2 65 0R0 060 2.3 19.0 89.7 1.0059 0.00 0.0M
555120.000 1961 COM2 65 0R0 085 1.3 19.0 89.1 1.0059 0.00 0.0M
555180.000 1961 COM2 65 0R0 051 0.2 19.0 89.2 1.0059 0.00 0.0M
555240.000 1961 COM2 65 0R0 059 1.6 19.0 89.3 1.0059 0.00 0.0M
555300.000 1961 COM2 65 0R0 060 1.8 19.0 89.3 1.0059 0.00 0.0M
555360.000 1961 COM2 65 0R0 081 1.5 19.0 89.2 1.0059 0.00 0.0M
555420.000 1961 COM2 65 0R0 090 0.5 19.0 89.4 1.0059 0.00 0.0M
555480.000 1961 COM2 65 0R0 066 1.8 19.0 89.5 1.0058 0.00 0.0M
555540.000 1961 COM2 65 0R0 063 0.9 18.9 89.5 1.0058 0.00 0.0M
555600.000 1961 COM2 65 0R0 032 0.7 18.9 89.5 1.0058 0.00 0.0M
555660.000 1961 COM2 65 0R0 048 0.4 18.9 89.7 1.0058 0.00 0.0M
555720.000 1961 COM2 65 0R0 037 0.9 18.9 89.8 1.0058 0.00 0.0M
555780.000 1961 COM2 65 0R0 001 0.7 19.0 89.8 1.0059 0.00 0.0M
555840.000 1961 COM2 65 0R0 090 1.4 19.0 89.9 1.0059 0.00 0.0M
555900.000 1961 COM2 65 0R0 082 1.6 19.0 89.7 1.0058 0.00 0.0M
555960.000 1961 COM2 65 0R0 093 0.3 19.0 89.7 1.0058 0.00 0.0M
556020.000 1961 COM2 65 0R0 073 1.5 19.0 89.7 1.0058 0.00 0.0M
556080.000 1961 COM2 65 0R0 022 0.1 19.0 89.7 1.0058 0.00 0.0M
556140.000 1961 COM2 65 0R0 232 0.4 19.1 89.6 1.0058 0.00 0.0M
556200.000 1961 COM2 65 0R0 113 0.6 19.1 89.4 1.0058 0.00 0.0M
556260.000 1961 COM2 65 0R0 073 1.0 19.1 89.2 1.0058 0.00 0.0M
556320.000 1961 COM2 65 0R0 056 2.2 19.1 89.2 1.0058 0.00 0.0M
556380.000 1961 COM2 65 0R0 067 1.9 19.1 89.5 1.0058 0.00 0.0M
556440.000 1961 COM2 65 0R0 070 2.1 19.0 89.8 1.0058 0.00 0.0M
556500.000 1961 COM2 65 0R0 074 2.3 18.9 90.1 1.0058 0.00 0.0M
556560.000 1961 COM2 65 0R0 073 1.1 18.9 90.1 1.0058 0.00 0.0M
556620.000 1961 COM2 65 0R0 087 0.9 18.9 90.5 1.0058 0.00 0.0M
556680.000 1961 COM2 65 0R0 066 1.6 18.9 90.6 1.0058 0.00 0.0M
556740.000 1961 COM2 65 0R0 071 1.8 18.9 90.6 1.0058 0.00 0.0M
556800.000 1961 COM2 65 0R0 091 0.9 18.9 90.7 1.0057 0.00 0.0M
556860.000 1961 COM2 65 0R0 073 1.6 18.9 90.6 1.0057 0.00 0.0M
556920.000 1961 COM2 65 0R0 090 1.5 18.9 90.4 1.0057 0.00 0.0M
556980.000 1961 COM2 65 0R0 046 1.6 18.9 90.6 1.0057 0.00 0.0M
557040.000 1961 COM2 65 0R0 056 0.9 18.9 90.7 1.0057 0.00 0.0M
557100.000 1961 COM2 65 0R0 035 0.8 18.9 90.8 1.0057 0.00 0.0M
557160.000 1961 COM2 65 0R0 033 0.8 18.9 90.8 1.0058 0.00 0.0M
557220.000 1961 COM2 65 0R0 037 1.3 18.9 90.7 1.0058 0.00 0.0M
557280.000 1961 COM2 65 0R0 048 1.3 18.9 90.8 1.0058 0.00 0.0M
557340.000 1961 COM2 65 0R0 053 1.3 18.9 90.7 1.0058 0.00 0.0M
557400.000 1961 COM2 65 0R0 288 0.4 18.9 90.7 1.0058 0.00 0.0M
557460.000 1961 COM2 65 0R0 062 0.8 18.9 90.7 1.0058 0.00 0.0M
557520.000 1961 COM2 65 0R0 066 1.2 18.9 90.9 1.0058 0.00 0.0M
557580.100 1961 COM2 65 0R0 080 1.4 18.9 90.6 1.0058 0.00 0.0M
557640.000 1961 COM2 65 0R0 027 1.5 18.9 90.7 1.0058 0.00 0.0M
557700.000 1961 COM2 65 0R0 023 1.4 18.9 90.5 1.0058 0.00 0.0M
557760.000 1961 COM2 65 0R0 069 1.3 18.9 90.6 1.0058 0.00 0.0M
557820.000 1961 COM2 65 0R0 059 1.3 18.9 90.7 1.0058 0.00 0.0M
557880.000 1961 COM2 65 0R0 045 1.0 18.9 90.9 1.0058 0.00 0.0M
557940.000 1961 COM2 65 0R0 065 1.5 18.9 90.8 1.0058 0.00 0.0M
558000.000 1961 COM2 65 0R0 077 1.4 18.9 90.6 1.0058 0.00 0.0M
558060.000 1961 COM2 65 0R0 065 0.9 18.9 90.5 1.0058 0.00 0.0M
558120.000 1961 COM2 65 0R0 077 1.0 18.9 90.6 1.0058 0.00 0.0M
558180.000 1961 COM2 65 0R0 051 0.3 18.9 90.6 1.0058 0.00 0.0M
558240.000 1961 COM2 65 0R0 069 0.9 18.9 90.4 1.0059 0.00 0.0M
558300.100 1961 COM2 65 0R0 071 1.5 18.9 90.2 1.0059 0.00 0.0M
558360.000 1961 COM2 65 0R0 350 0.6 18.9 90.3 1.0059 0.00 0.0M
558420.100 1961 COM2 65 0R0 038 1.9 18.9 90.3 1.0059 0.00 0.0M
558480.000 1961 COM2 65 0R0 062 1.7 18.9 90.2 1.0059 0.00 0.0M
558540.100 1961 COM2 65 0R0 034 1.7 18.9 90.3 1.0059 0.00 0.0M
558600.000 1961 COM2 65 0R0 057 0.6 18.9 90.3 1.0058 0.00 0.0M
558660.000 1961 COM2 65 0R0 044 2.3 18.9 90.2 1.0058 0.00 0.0M
558720.000 1961 COM2 65 0R0 048 1.7 18.9 90.2 1.0058 0.00 0.0M
558780.000 1961 COM2 65 0R0 033 1.3 18.9 90.3 1.0058 0.00 0.0M
558840.000 1961 COM2 65 0R0 073 2.0 18.9 90.2 1.0058 0.00 0.0M
558900.100 1961 COM2 65 0R0 062 0.5 18.9 90.1 1.0058 0.00 0.0M
558960.000 1961 COM2 65 0R0 028 1.6 18.9 90.2 1.0058 0.00 0.0M
559020.000 1961 COM2 65 0R0 032 1.8 18.9 90.0 1.0058 0.00 0.0M
559080.000 1961 COM2 65 0R0 024 1.9 18.9 90.0 1.0058 0.00 0.0M
559140.000 1961 COM2 65 0R0 041 1.2 18.9 89.9 1.0058 0.00 0.0M
559200.000 1961 COM2 65 0R0 027 0.6 18.9 90.2 1.0058 0.00 0.0M
559260.000 1961 COM2 65 0R0 037 0.8 18.9 90.3 1.0058 0.00 0.0M
559320.000 1961 COM2 65 0R0 347 0.9 19.0 90.2 1.0058 0.00 0.0M
559380.000 1961 COM2 65 0R0 064 0.7 19.0 90.1 1.0058 0.00 0.0M
559440.000 1961 COM2 65 0R0 070 0.8 19.0 89.8 1.0058 0.00 0.0M
559500.100 1961 COM2 65 0R0 015 1.4 19.0 90.0 1.0058 0.00 0.0M
559560.100 1961 COM2 65 0R0 052 0.3 19.0 89.9 1.0058 0.00 0.0M
559620.000 1961 COM2 65 0R0 312 1.2 19.0 89.9 1.0058 0.00 0.0M
559680.000 1961 COM2 65 0R0 014 0.2 19.1 89.7 1.0058 0.00 0.0M
559740.100 1961 COM2 65 0R0 011 0.6 19.1 89.7 1.0058 0.00 0.0M
559800.000 1961 COM2 65 0R0 070 1.3 19.2 89.5 1.0058 0.00 0.0M
559860.000 1961 COM2 65 0R0 070 1.2 19.2 88.9 1.0058 0.00 0.0M
559920.000 1961 COM2 65 0R0 029 2.0 19.2 89.1 1.0058 0.00 0.0M
559980.000 1961 COM2 65 0R0 064 1.8 19.1 89.0 1.0057 0.00 0.0M
560040.000 1961 COM2 65 0R0 028 1.3 19.1 89.0 1.0057 0.00 0.0M
560100.000 1961 COM2 65 0R0 066 1.6 19.1 89.1 1.0057 0.00 0.0M
560160.000 1961 COM2 65 0R0 057 1.9 19.1 89.1 1.0057 0.00 0.0M
560220.000 1961 COM2 65 0R0 031 0.3 19.1 89.2 1.0058 0.00 0.0M
560280.000 1961 COM2 65 0R0 075 1.8 19.1 88.8 1.0058 0.00 0.0M
560340.000 1961 COM2 65 0R0 038 1.3 19.1 89.1 1.0058 0.00 0.0M
560400.000 1961 COM2 65 0R0 070 1.4 19.1 89.0 1.0058 0.00 0.0M
560460.000 1961 COM2 65 0R0 082 1.5 19.1 89.1 1.0058 0.00 0.0M
560520.000 1961 COM2 65 0R0 086 0.6 19.2 88.8 1.0058 0.00 0.0M
560580.000 1961 COM2 65 0R0 060 1.6 19.2 88.6 1.0058 0.00 0.0M
560640.000 1961 COM2 65 0R0 032 1.0 19.1 88.9 1.0058 0.00 0.0M
560700.000 1961 COM2 65 0R0 191 0.1 19.1 89.1 1.0058 0.00 0.0M
560760.000 1961 COM2 65 0R0 039 0.1 19.2 88.7 1.0058 0.00 0.0M
560820.000 1961 COM2 65 0R0 334 0.4 19.2 88.7 1.0058 0.00 0.0M
560880.000 1961 COM2 65 0R0 069 1.1 19.2 88.6 1.0058 0.00 0.0M
560940.000 1961 COM2 65 0R0 039 0.6 19.3 88.5 1.0058 0.00 0.0M
561000.000 1961 COM2 65 0R0 046 0.9 19.3 88.4 1.0058 0.00 0.0M
561060.000 1961 COM2 65 0R0 084 1.0 19.3 88.3 1.0058 0.00 0.0M
561120.000 1961 COM2 65 0R0 081 0.3 19.2 88.6 1.0058 0.00 0.0M
561180.000 1961 COM2 65 0R0 041 0.7 19.3 88.6 1.0057 0.00 0.0M
561240.000 1961 COM2 65 0R0 082 1.7 19.3 88.6 1.0057 0.00 0.0M
561300.000 1961 COM2 65 0R0 073 1.7 19.3 88.9 1.0057 0.00 0.0M
561360.000 1961 COM2 65 0R0 079 1.8 19.3 88.8 1.0057 0.00 0.0M
561420.000 1961 COM2 65 0R0 071 1.7 19.2 88.8 1.0057 0.00 0.0M
561480.000 1961 COM2 65 0R0 100 0.6 19.2 89.0 1.0057 0.00 0.0M
561540.000 1961 COM2 65 0R0 044 0.8 19.3 89.0 1.0057 0.00 0.0M
561600.000 1961 COM2 65 0R0 042 0.7 19.3 88.9 1.0057 0.00 0.0M
561660.000 1961 COM2 65 0R0 016 0.1 19.3 88.9 1.0058 0.00 0.0M
561720.000 1961 COM2 65 0R0 012 1.1 19.4 88.8 1.0058 0.00 0.0M
561780.000 1961 COM2 65 0R0 066 0.8 19.4 88.7 1.0058 0.00 0.0M
561840.000 1961 COM2 65 0R0 065 1.4 19.4 87.9 1.0058 0.00 0.0M
561900.100 1961 COM2 65 0R0 118 0.3 19.4 88.1 1.0058 0.00 0.0M
561960.000 1961 COM2 65 0R0 072 0.4 19.5 88.0 1.0057 0.00 0.0M
562020.000 1961 COM2 65 0R0 015 0.6 19.5 87.7 1.0057 0.00 0.0M
562080.000 1961 COM2 65 0R0 351 0.4 19.6 87.6 1.0057 0.00 0.0M
562140.000 1961 COM2 65 0R0 029 0.7 19.6 87.4 1.0057 0.00 0.0M
562200.000 1961 COM2 65 0R0 055 1.6 19.7 87.4 1.0057 0.00 0.0M
562260.000 1961 COM2 65 0R0 042 1.3 19.7 87.0 1.0057 0.00 0.0M
562320.000 1961 COM2 65 0R0 051 0.2 19.7 87.0 1.0057 0.00 0.0M
562380.000 1961 COM2 65 0R0 117 0.4 19.7 87.6 1.0057 0.00 0.0M
562440.000 1961 COM2 65 0R0 219 0.3 19.7 87.0 1.0057 0.00 0.0M
562500.000 1961 COM2 65 0R0 038 1.6 19.8 86.8 1.0056 0.00 0.0M
562560.000 1961 COM2 65 0R0 024 1.2 19.8 86.9 1.0056 0.00 0.0M
562620.000 1961 COM2 65 0R0 047 0.2 19.8 86.7 1.0056 0.00 0.0M
562680.000 1961 COM2 65 0R0 000 0.5 19.8 86.7 1.0056 0.00 0.0M
562740.000 1961 COM2 65 0R0 002 1.6 19.9 86.2 1.0056 0.00 0.0M
562800.000 1961 COM2 65 0R0 049 2.0 19.9 86.4 1.0057 0.00 0.0M
562860.000 1961 COM2 65 0R0 046 0.7 19.9 86.2 1.0057 0.00 0.0M
562920.000 1961 COM2 65 0R0 074 1.9 19.9 86.0 1.0058 0.00 0.0M
562980.000 1961 COM2 65 0R0 179 0.6 19.9 86.1 1.0058 0.00 0.0M
563040.000 1961 COM2 65 0R0 002 0.9 19.9 86.0 1.0058 0.00 0.0M
563100.000 1961 COM2 65 0R0 223 0.2 20.0 86.2 1.0058 0.00 0.0M
563160.000 1961 COM2 65 0R0 115 0.5 20.0 85.9 1.0058 0.00 0.0M
563220.000 1961 COM2 65 0R0 017 0.4 20.1 85.6 1.0058 0.00 0.0M
563280.000 1961 COM2 65 0R0 096 0.1 20.1 85.4 1.0058 0.00 0.0M
563340.000 1961 COM2 65 0R0 348 0.2 20.2 85.2 1.0058 0.00 0.0M
563400.000 1961 COM2 65 0R0 129 0.3 20.3 84.5 1.0058 0.00 0.0M
563460.000 1961 COM2 65 0R0 062 1.0 20.4 84.0 1.0058 0.00 0.0M
563520.000 1961 COM2 65 0R0 011 1.0 20.5 84.1 1.0058 0.00 0.0M
563580.000 1961 COM2 65 0R0 048 0.4 20.4 84.3 1.0058 0.00 0.0M
563640.000 1961 COM2 65 0R0 068 0.8 20.4 84.3 1.0057 0.00 0.0M
563700.000 1961 COM2 65 0R0 083 0.4 20.4 84.4 1.0057 0.00 0.0M
563760.000 1961 COM2 65 0R0 304 0.2 20.4 84.1 1.0057 0.00 0.0M
563820.000 1961 COM2 65 0R0 119 1.2 20.5 83.6 1.0057 0.00 0.0M
563880.000 1961 COM2 65 0R0 039 0.3 20.5 83.7 1.0057 0.00 0.0M
563940.000 1961 COM2 65 0R0 076 1.0 20.5 83.2 1.0057 0.00 0.0M
564000.000 1961 COM2 65 0R0 204 0.4 20.5 83.4 1.0057 0.00 0.0M
564060.000 1961 COM2 65 0R0 009 0.2 20.5 83.5 1.0057 0.00 0.0M
564120.000 1961 COM2 65 0R0 301 0.1 20.6 83.5 1.0057 0.00 0.0M
564180.000 1961 COM2 65 0R0 092 0.8 20.7 83.5 1.0058 0.00 0.0M
564240.000 1961 COM2 65 0R0 039 1.1 20.7 83.3 1.0058 0.00 0.0M
564300.000 1961 COM2 65 0R0 314 0.1 20.6 83.6 1.0057 0.00 0.0M
564360.000 1961 COM2 65 0R0 042 1.0 20.6 83.9 1.0057 0.00 0.0M
564420.000 1961 COM2 65 0R0 005 0.3 20.5 84.2 1.0057 0.00 0.0M
564480.000 1961 COM2 65 0R0 060 1.2 20.5 84.2 1.0057 0.00 0.0M
564540.000 1961 COM2 65 0R0 121 0.9 20.5 84.1 1.0057 0.00 0.0M
564600.000 1961 COM2 65 0R0 077 1.1 20.5 84.2 1.0057 0.00 0.0M
564660.000 1961 COM2 65 0R0 087 0.9 20.4 84.4 1.0057 0.00 0.0M
564720.000 1961 COM2 65 0R0 226 0.3 20.4 84.7 1.0057 0.00 0.0M
564780.000 1961 COM2 65 0R0 325 0.3 20.5 84.2 1.0056 0.00 0.0M
564840.000 1961 COM2 65 0R0 333 0.5 20.5 84.1 1.0056 0.00 0.0M
564900.000 1961 COM2 65 0R0 357 0.9 20.6 84.2 1.0056 0.00 0.0M
564960.000 1961 COM2 65 0R0 051 0.1 20.6 84.2 1.0056 0.00 0.0M
565020.000 1961 COM2 65 0R0 057 0.6 20.6 84.4 1.0056 0.00 0.0M
565080.000 1961 COM2 65 0R0 155 0.7 20.6 84.4 1.0056 0.00 0.0M
565140.000 1961 COM2 65 0R0 086 0.6 20.7 84.2 1.0055 0.00 0.0M
565200.000 1961 COM2 65 0R0 081 0.9 20.7 84.2 1.0055 0.00 0.0M
565260.000 1961 COM2 65 0R0 252 0.3 20.7 84.3 1.0055 0.00 0.0M
565320.000 1961 COM2 65 0R0 085 0.4 20.7 84.1 1.0055 0.00 0.0M
565380.000 1961 COM2 65 0R0 096 0.3 20.7 84.0 1.0055 0.00 0.0M
565440.000 1961 COM2 65 0R0 099 1.9 20.8 83.5 1.0055 0.00 0.0M
565500.000 1961 COM2 65 0R0 097 1.9 20.8 83.4 1.0055 0.00 0.0M
565560.000 1961 COM2 65 0R0 089 2.2 20.7 83.8 1.0055 0.00 0.0M
565620.000 1961 COM2 65 0R0 095 1.7 20.5 84.4 1.0055 0.00 0.0M
565680.000 1961 COM2 65 0R0 093 1.2 20.4 84.9 1.0055 0.00 0.0M
565740.000 1961 COM2 65 0R0 094 1.0 20.4 85.1 1.0055 0.00 0.0M
565800.000 1961 COM2 65 0R0 114 0.5 20.4 85.0 1.0056 0.00 0.0M
565860.000 1961 COM2 65 0R0 113 0.4 20.4 84.6 1.0056 0.00 0.0M
565920.000 1961 COM2 65 0R0 045 1.2 20.5 84.8 1.0056 0.00 0.0M
565980.000 1961 COM2 65 0R0 053 1.6 20.5 85.0 1.0056 0.00 0.0M
566040.000 1961 COM2 65 0R0 079 1.2 20.5 85.4 1.0056 0.00 0.0M
566100.000 1961 COM2 65 0R0 068 0.2 20.4 85.6 1.0055 0.00 0.0M
566160.000 1961 COM2 65 0R0 034 0.4 20.4 85.8 1.0055 0.00 0.0M
566220.000 1961 COM2 65 0R0 049 0.5 20.4 85.8 1.0055 0.00 0.0M
566280.000 1961 COM2 65 0R0 051 1.2 20.4 85.8 1.0055 0.00 0.0M
566340.000 1961 COM2 65 0R0 021 1.1 20.5 85.6 1.0055 0.00 0.0M
566400.000 1961 COM2 65 0R0 051 1.4 20.4 85.7 1.0055 0.00 0.0M
566460.000 1961 COM2 65 0R0 022 1.0 20.4 85.7 1.0055 0.00 0.0M
566520.000 1961 COM2 65 0R0 009 1.1 20.4 85.8 1.0055 0.00 0.0M
566580.000 1961 COM2 65 0R0 025 0.7 20.4 85.9 1.0055 0.00 0.0M
566640.000 1961 COM2 65 0R0 017 0.4 20.4 85.6 1.0055 0.00 0.0M
566700.000 1961 COM2 65 0R0 069 0.7 20.4 86.0 1.0055 0.00 0.0M
566760.000 1961 COM2 65 0R0 073 0.5 20.5 85.9 1.0055 0.00 0.0M
566820.000 1961 COM2 65 0R0 046 0.5 20.5 85.7 1.0056 0.00 0.0M
566880.000 1961 COM2 65 0R0 284 0.3 20.5 85.7 1.0056 0.00 0.0M
566940.000 1961 COM2 65 0R0 079 1.4 20.6 85.1 1.0057 0.00 0.0M
567000.000 1961 COM2 65 0R0 100 1.3 20.6 85.1 1.0058 0.00 0.0M
567060.000 1961 COM2 65 0R0 080 0.9 20.5 85.2 1.0058 0.00 0.0M
567120.000 1961 COM2 65 0R0 187 0.8 20.5 85.2 1.0059 0.00 0.0M
567180.000 1961 COM2 65 0R0 107 0.8 20.5 85.2 1.0059 0.00 0.0M
567240.000 1961 COM2 65 0R0 131 1.3 20.6 85.1 1.0060 0.00 0.0M
567300.000 1961 COM2 65 0R0 102 1.1 20.7 84.6 1.0060 0.00 0.0M
567360.000 1961 COM2 65 0R0 146 0.6 20.8 83.7 1.0061 0.00 0.0M
567420.000 1961 COM2 65 0R0 118 0.8 20.9 83.5 1.0061 0.00 0.0M
567480.000 1961 COM2 65 0R0 149 0.4 21.0 83.9 1.0061 0.00 0.0M
567540.000 1961 COM2 65 0R0 278 0.3 21.0 83.7 1.0061 0.00 0.0M
567600.000 1961 COM2 65 0R0 096 0.8 21.1 83.7 1.0061 0.00 0.0M
567660.000 1961 COM2 65 0R0 097 1.7 21.1 83.7 1.0061 0.00 0.0M
567720.000 1961 COM2 65 0R0 108 1.4 21.1 83.5 1.0062 0.00 0.0M
567780.000 1961 COM2 65 0R0 118 1.2 21.1 83.4 1.0062 0.00 0.0M
567840.000 1961 COM2 65 0R0 182 2.2 21.1 83.6 1.0062 0.00 0.0M
567900.000 1961 COM2 65 0R0 129 1.5 21.0 84.0 1.0062 0.00 0.0M
567960.000 1961 COM2 65 0R0 079 1.4 21.0 84.1 1.0062 0.00 0.0M
568020.000 1961 COM2 65 0R0 073 1.9 20.9 83.8 1.0062 0.00 0.0M
568080.000 1961 COM2 65 0R0 087 1.8 20.9 84.1 1.0062 0.00 0.0M
568140.000 1961 COM2 65 0R0 095 1.4 20.8 84.7 1.0061 0.00 0.0M
568200.000 1961 COM2 65 0R0 095 1.3 20.6 85.2 1.0061 0.00 0.0M
568260.000 1961 COM2 65 0R0 106 0.4 20.6 85.1 1.0060 0.00 0.0M
568320.000 1961 COM2 65 0R0 110 0.5 20.6 84.5 1.0060 0.00 0.0M
568380.000 1961 COM2 65 0R0 211 0.5 20.7 84.5 1.0060 0.00 0.0M
568440.000 1961 COM2 65 0R0 094 0.9 20.8 84.4 1.0060 0.00 0.0M
568500.000 1961 COM2 65 0R0 116 1.8 20.8 84.2 1.0060 0.00 0.0M
568560.000 1961 COM2 65 0R0 108 0.8 20.9 84.1 1.0060 0.00 0.0M
568620.000 1961 COM2 65 0R0 109 0.8 20.9 84.2 1.0059 0.00 0.0M
568680.000 1961 COM2 65 0R0 145 0.9 20.9 83.6 1.0059 0.00 0.0M
568740.000 1961 COM2 65 0R0 088 1.6 20.9 84.1 1.0059 0.00 0.0M
568800.100 1961 COM2 65 0R0 086 1.4 20.8 84.6 1.0059 0.00 0.0M
568860.000 1961 COM2 65 0R0 085 1.2 20.7 84.9 1.0059 0.00 0.0M
568920.000 1961 COM2 65 0R0 088 0.9 20.7 85.1 1.0059 0.00 0.0M
568980.000 1961 COM2 65 0R0 073 1.7 20.6 85.4 1.0060 0.00 0.0M
569040.000 1961 COM2 65 0R0 062 1.4 20.6 85.9 1.0060 0.00 0.0M
569100.000 1961 COM2 65 0R0 053 1.2 20.6 86.1 1.0060 0.00 0.0M
569160.000 1961 COM2 65 0R0 106 0.7 20.6 86.2 1.0060 0.00 0.0M
569220.000 1961 COM2 65 0R0 130 0.4 20.6 86.0 1.0060 0.00 0.0M
569280.000 1961 COM2 65 0R0 108 1.3 20.7 85.4 1.0061 0.00 0.0M
569340.000 1961 COM2 65 0R0 121 0.2 20.7 84.9 1.0061 0.00 0.0M
569400.000 1961 COM2 65 0R0 193 0.1 20.8 84.8 1.0061 0.00 0.0M
569460.000 1961 COM2 65 0R0 078 0.6 20.9 84.7 1.0061 0.00 0.0M
569520.000 1961 COM2 65 0R0 053 0.8 21.0 84.6 1.0061 0.00 0.0M
569580.000 1961 COM2 65 0R0 245 0.2 21.0 84.6 1.0061 0.00 0.0M
569640.000 1961 COM2 65 0R0 079 0.3 21.0 84.7 1.0061 0.00 0.0M
569700.000 1961 COM2 65 0R0 075 0.4 21.0 84.2 1.0061 0.00 0.0M
569760.000 1961 COM2 65 0R0 103 0.3 21.1 84.4 1.0061 0.00 0.0M
569820.000 1961 COM2 65 0R0 125 0.5 21.1 84.2 1.0061 0.00 0.0M
569880.000 1961 COM2 65 0R0 227 0.6 21.1 83.7 1.0062 0.00 0.0M
569940.000 1961 COM2 65 0R0 215 0.2 21.2 83.1 1.0062 0.00 0.0M
570000.000 1961 COM2 65 0R0 152 0.4 21.3 82.9 1.0062 0.00 0.0M
570060.000 1961 COM2 65 0R0 067 0.2 21.3 82.6 1.0063 0.00 0.0M
570120.000 1961 COM2 65 0R0 241 0.1 21.4 82.0 1.0063 0.00 0.0M
570180.000 1961 COM2 65 0R0 211 0.2 21.4 82.2 1.0063 0.00 0.0M
570240.000 1961 COM2 65 0R0 128 0.9 21.4 82.0 1.0062 0.00 0.0M
570300.000 1961 COM2 65 0R0 171 0.3 21.5 82.1 1.0062 0.00 0.0M
570360.000 1961 COM2 65 0R0 124 0.6 21.4 82.3 1.0061 0.00 0.0M
570420.000 1961 COM2 65 0R0 091 1.1 21.3 82.5 1.0061 0.00 0.0M
570480.000 1961 COM2 65 0R0 092 0.8 21.2 83.0 1.0061 0.00 0.0M
570540.000 1961 COM2 65 0R0 111 0.7 21.2 82.8 1.0061 0.00 0.0M
570600.000 1961 COM2 65 0R0 268 0.4 21.2 82.3 1.0061 0.00 0.0M
570660.000 1961 COM2 65 0R0 013 0.3 21.2 82.8 1.0060 0.00 0.0M
570720.000 1961 COM2 65 0R0 103 0.5 21.3 82.9 1.0060 0.00 0.0M
570780.000 1961 COM2 65 0R0 049 0.8 21.3 82.8 1.0060 0.00 0.0M
570840.000 1961 COM2 65 0R0 044 1.3 21.4 82.7 1.0060 0.00 0.0M
570900.000 1961 COM2 65 0R0 062 1.5 21.3 83.3 1.0059 0.00 0.0M
570960.000 1961 COM2 65 0R0 062 0.4 21.3 83.4 1.0059 0.00 0.0M
571020.000 1961 COM2 65 0R0 024 1.2 21.3 83.2 1.0058 0.00 0.0M
571080.000 1961 COM2 65 0R0 068 0.9 21.2 83.4 1.0058 0.00 0.0M
571140.000 1961 COM2 65 0R0 083 1.9 21.2 83.5 1.0058 0.00 0.0M
571200.000 1961 COM2 65 0R0 055 2.2 21.2 83.7 1.0057 0.00 0.0M
571260.000 1961 COM2 65 0R0 028 1.7 21.1 84.1 1.0057 0.00 0.0M
571320.000 1961 COM2 65 0R0 036 1.4 21.0 84.6 1.0057 0.00 0.0M
571380.000 1961 COM2 65 0R0 092 0.6 21.0 84.3 1.0057 0.00 0.0M
571440.000 1961 COM2 65 0R0 036 1.5 21.0 84.8 1.0057 0.00 0.0M
571500.000 1961 COM2 65 0R0 048 0.8 21.0 84.6 1.0057 0.00 0.0M
571560.000 1961 COM2 65 0R0 102 0.5 21.0 84.6 1.0057 0.00 0.0M
571620.000 1961 COM2 65 0R0 075 1.4 21.0 84.2 1.0057 0.00 0.0M
571680.000 1961 COM2 65 0R0 134 0.2 21.1 84.0 1.0057 0.00 0.0M
571740.000 1961 COM2 65 0R0 094 0.6 21.2 83.8 1.0057 0.00 0.0M
571800.000 1961 COM2 65 0R0 113 0.3 21.3 83.3 1.0056 0.00 0.0M
571860.000 1961 COM2 65 0R0 328 0.5 21.4 82.8 1.0056 0.00 0.0M
571920.000 1961 COM2 65 0R0 096 0.3 21.5 82.5 1.0055 0.00 0.0M
571980.000 1961 COM2 65 0R0 140 0.4 21.6 82.0 1.0055 0.00 0.0M
572040.000 1961 COM2 65 0R0 074 1.1 21.6 81.5 1.0055 0.00 0.0M
572100.000 1961 COM2 65 0R0 077 0.4 21.7 81.6 1.0055 0.00 0.0M
572160.000 1961 COM2 65 0R0 108 1.3 21.8 81.2 1.0055 0.00 0.0M
572220.000 1961 COM2 65 0R0 087 1.6 21.7 81.0 1.0055 0.00 0.0M
572280.000 1961 COM2 65 0R0 065 1.3 21.6 81.6 1.0055 0.00 0.0M
572340.000 1961 COM2 65 0R0 094 0.8 21.5 82.0 1.0055 0.00 0.0M
572400.000 1961 COM2 65 0R0 101 1.6 21.5 81.7 1.0054 0.00 0.0M
572460.000 1961 COM2 65 0R0 094 1.9 21.6 81.7 1.0055 0.00 0.0M
572520.000 1961 COM2 65 0R0 080 1.1 21.5 82.0 1.0055 0.00 0.0M
572580.000 1961 COM2 65 0R0 120 0.5 21.5 82.0 1.0055 0.00 0.0M
572640.000 1961 COM2 65 0R0 272 0.2 21.5 82.0 1.0055 0.00 0.0M
572700.000 1961 COM2 65 0R0 348 0.4 21.6 81.6 1.0055 0.00 0.0M
572760.100 1961 COM2 65 0R0 267 0.2 21.7 81.1 1.0055 0.00 0.0M
572820.000 1961 COM2 65 0R0 112 0.9 21.8 81.2 1.0055 0.00 0.0M
572880.000 1961 COM2 65 0R0 094 0.9 21.9 80.6 1.0055 0.00 0.0M
572940.100 1961 COM2 65 0R0 130 0.3 22.0 80.1 1.0055 0.00 0.0M
573000.000 1961 COM2 65 0R0 084 1.5 22.1 79.8 1.0055 0.00 0.0M
573060.000 1961 COM2 65 0R0 072 1.6 22.1 80.0 1.0056 0.00 0.0M
573120.000 1961 COM2 65 0R0 083 0.7 22.1 80.4 1.0056 0.00 0.0M
573180.000 1961 COM2 65 0R0 066 1.1 22.0 80.4 1.0056 0.00 0.0M
573240.000 1961 COM2 65 0R0 077 1.1 21.9 80.9 1.0056 0.00 0.0M
573300.000 1961 COM2 65 0R0 081 0.5 21.8 80.9 1.0056 0.00 0.0M
573360.000 1961 COM2 65 0R0 103 0.6 21.7 81.0 1.0056 0.00 0.0M
573420.000 1961 COM2 65 0R0 080 0.5 21.9 81.0 1.0056 0.00 0.0M
573480.000 1961 COM2 65 0R0 340 0.5 22.0 80.4 1.0056 0.00 0.0M
573540.000 1961 COM2 65 0R0 202 0.4 22.0 80.0 1.0056 0.00 0.0M
573600.000 1961 COM2 65 0R0 098 0.6 22.1 79.3 1.0056 0.00 0.0M
573660.000 1961 COM2 65 0R0 070 0.2 22.2 79.2 1.0056 0.00 0.0M
573720.000 1961 COM2 65 0R0 158 0.2 22.3 79.2 1.0057 0.00 0.0M
573780.000 1961 COM2 65 0R0 124 0.8 22.4 78.5 1.0057 0.00 0.0M
573840.000 1961 COM2 65 0R0 100 1.7 22.4 78.7 1.0057 0.00 0.0M
573900.000 1961 COM2 65 0R0 098 2.0 22.3 78.8 1.0058 0.00 0.0M
573960.000 1961 COM2 65 0R0 083 0.8 22.1 79.2 1.0058 0.00 0.0M
574020.000 1961 COM2 65 0R0 080 0.4 22.0 79.4 1.0058 0.00 0.0M
574080.000 1961 COM2 65 0R0 032 1.2 22.1 79.1 1.0057 0.00 0.0M
574140.000 1961 COM2 65 0R0 084 0.4 22.1 78.9 1.0058 0.00 0.0M
574200.000 1961 COM2 65 0R0 230 0.2 22.2 78.9 1.0058 0.00 0.0M
574260.000 1961 COM2 65 0R0 303 0.4 22.3 78.7 1.0058 0.00 0.0M
574320.000 1961 COM2 65 0R0 093 0.5 22.4 78.0 1.0058 0.00 0.0M
574380.000 1961 COM2 65 0R0 149 0.4 22.5 78.3 1.0058 0.00 0.0M
574440.000 1961 COM2 65 0R0 110 1.1 22.6 78.1 1.0057 0.00 0.0M
574500.000 1961 COM2 65 0R0 119 1.8 22.5 78.1 1.0057 0.00 0.0M
574560.100 1961 COM2 65 0R0 088 1.3 22.5 78.1 1.0057 0.00 0.0M
574620.000 1961 COM2 65 0R0 104 1.2 22.5 78.1 1.0056 0.00 0.0M
574680.000 1961 COM2 65 0R0 106 1.9 22.3 78.5 1.0056 0.00 0.0M
574740.000 1961 COM2 65 0R0 143 0.9 22.2 78.8 1.0057 0.00 0.0M
574800.000 1961 COM2 65 0R0 140 1.6 22.1 79.3 1.0057 0.00 0.0M
574860.000 1961 COM2 65 0R0 180 0.4 22.1 79.8 1.0058 0.00 0.0M
574920.000 1961 COM2 65 0R0 101 1.5 22.1 79.7 1.0058 0.00 0.0M
574980.000 1961 COM2 65 0R0 146 1.5 22.1 79.8 1.0058 0.00 0.0M
575040.000 1961 COM2 65 0R0 143 0.2 22.0 79.3 1.0059 0.00 0.0M
575100.000 1961 COM2 65 0R0 093 0.2 22.1 79.9 1.0059 0.00 0.0M
575160.100 1961 COM2 65 0R0 203 0.4 22.2 79.6 1.0058 0.00 0.0M
575220.000 1961 COM2 65 0R0 215 0.9 22.3 79.0 1.0058 0.00 0.0M
575280.000 1961 COM2 65 0R0 115 1.8 22.3 78.7 1.0058 0.00 0.0M
575340.000 1961 COM2 65 0R0 097 1.4 22.2 79.5 1.0058 0.00 0.0M
575400.000 1961 COM2 65 0R0 102 1.7 22.0 79.4 1.0058 0.00 0.0M
575460.000 1961 COM2 65 0R0 081 0.7 22.0 79.8 1.0058 0.00 0.0M
575520.000 1961 COM2 65 0R0 114 1.9 22.0 80.1 1.0058 0.00 0.0M
575580.000 1961 COM2 65 0R0 087 2.5 22.0 80.5 1.0058 0.00 0.0M
575640.000 1961 COM2 65 0R0 111 2.0 21.9 80.6 1.0058 0.00 0.0M
575700.000 1961 COM2 65 0R0 114 1.4 21.9 81.0 1.0058 0.00 0.0M
575760.000 1961 COM2 65 0R0 096 0.9 21.9 81.3 1.0058 0.00 0.0M
575820.000 1961 COM2 65 0R0 108 1.4 21.9 81.3 1.0057 0.00 0.0M
575880.000 1961 COM2 65 0R0 157 0.9 21.9 81.1 1.0057 0.00 0.0M
575940.000 1961 COM2 65 0R0 112 1.0 21.9 81.2 1.0057 0.00 0.0M
576000.000 1961 COM2 65 0R0 116 1.0 22.0 81.0 1.0057 0.00 0.0M
576060.000 1961 COM2 65 0R0 118 1.3 22.0 80.2 1.0057 0.00 0.0M
576120.000 1961 COM2 65 0R0 122 0.4 22.1 80.1 1.0058 0.00 0.0M
576180.000 1961 COM2 65 0R0 163 1.5 22.1 79.5 1.0058 0.00 0.0M
576240.000 1961 COM2 65 0R0 094 0.4 22.1 80.8 1.0058 0.00 0.0M
576300.000 1961 COM2 65 0R0 141 0.7 22.0 80.6 1.0058 0.00 0.0M
576360.000 1961 COM2 65 0R0 176 1.8 22.0 80.4 1.0059 0.00 0.0M
576420.000 1961 COM2 65 0R0 206 1.1 22.0 80.8 1.0059 0.00 0.0M
576480.000 1961 COM2 65 0R0 125 0.9 22.0 80.4 1.0058 0.00 0.0M
576540.000 1961 COM2 65 0R0 139 0.4 22.0 80.7 1.0058 0.00 0.0M
576600.000 1961 COM2 65 0R0 105 2.1 22.0 80.6 1.0058 0.00 0.0M
576660.000 1961 COM2 65 0R0 079 1.6 22.0 80.9 1.0058 0.00 0.0M
576720.000 1961 COM2 65 0R0 116 0.5 22.0 80.7 1.0058 0.00 0.0M
576780.100 1961 COM2 65 0R0 103 0.4 22.0 80.7 1.0058 0.00 0.0M
576840.000 1961 COM2 65 0R0 138 1.7 22.1 80.4 1.0058 0.00 0.0M
576900.000 1961 COM2 65 0R0 123 1.2 22.1 80.3 1.0058 0.00 0.0M
576960.000 1961 COM2 65 0R0 097 0.3 22.2 80.2 1.0058 0.00 0.0M
577020.000 1961 COM2 65 0R0 182 1.2 22.2 79.6 1.0058 0.00 0.0M
577080.100 1961 COM2 65 0R0 173 1.4 22.2 80.0 1.0058 0.00 0.0M
577140.000 1961 COM2 65 0R0 090 1.3 22.2 80.0 1.0058 0.00 0.0M
577200.000 1961 COM2 65 0R0 200 2.0 22.2 80.2 1.0057 0.00 0.0M
577260.000 1961 COM2 65 0R0 169 2.4 22.2 80.9 1.0057 0.00 0.0M
577320.000 1961 COM2 65 0R0 155 2.5 22.0 81.6 1.0057 0.00 0.0M
577380.000 1961 COM2 65 0R0 185 1.8 21.9 82.4 1.0057 0.00 0.0M
577440.000 1961 COM2 65 0R0 127 1.3 21.9 82.1 1.0057 0.00 0.0M
577500.000 1961 COM2 65 0R0 159 0.8 21.9 82.0 1.0057 0.00 0.0M
577560.000 1961 COM2 65 0R0 097 1.3 22.0 81.5 1.0057 0.00 0.0M
577620.000 1961 COM2 65 0R0 179 2.4 22.1 81.1 1.0057 0.00 0.0M
577680.000 1961 COM2 65 0R0 223 2.4 22.1 81.3 1.0057 0.00 0.0M
577740.000 1961 COM2 65 0R0 120 1.2 22.0 82.0 1.0057 0.00 0.0M
577800.000 1961 COM2 65 0R0 134 1.4 21.9 81.4 1.0057 0.00 0.0M
577860.000 1961 COM2 65 0R0 133 0.6 21.9 81.8 1.0057 0.00 0.0M
577920.000 1961 COM2 65 0R0 144 0.9 22.0 81.2 1.0057 0.00 0.0M
577980.000 1961 COM2 65 0R0 116 1.6 22.0 81.6 1.0057 0.00 0.0M
578040.000 1961 COM2 65 0R0 163 0.6 22.0 82.0 1.0057 0.00 0.0M
578100.000 1961 COM2 65 0R0 171 0.3 22.0 81.9 1.0057 0.00 0.0M
578160.000 1961 COM2 65 0R0 116 0.6 22.0 81.8 1.0057 0.00 0.0M
578220.000 1961 COM2 65 0R0 211 2.2 22.1 81.3 1.0057 0.00 0.0M
578280.000 1961 COM2 65 0R0 190 1.6 22.1 81.8 1.0057 0.00 0.0M
578340.000 1961 COM2 65 0R0 228 1.1 22.1 81.6 1.0057 0.00 0.0M
578400.000 1961 COM2 65 0R0 229 0.7 22.1 81.6 1.0057 0.00 0.0M
578460.000 1961 COM2 65 0R0 244 1.4 22.2 81.2 1.0057 0.00 0.0M
578520.000 1961 COM2 65 0R0 200 0.5 22.2 80.9 1.0057 0.00 0.0M
578580.000 1961 COM2 65 0R0 221 1.2 22.3 80.8 1.0057 0.00 0.0M
578640.000 1961 COM2 65 0R0 230 0.5 22.4 80.7 1.0057 0.00 0.0M
578700.000 1961 COM2 65 0R0 329 0.6 22.4 80.4 1.0057 0.00 0.0M
578760.000 1961 COM2 65 0R0 132 0.5 22.5 80.0 1.0057 0.00 0.0M
578820.000 1961 COM2 65 0R0 109 0.7 22.5 79.7 1.0057 0.00 0.0M
578880.000 1961 COM2 65 0R0 188 0.7 22.6 79.2 1.0057 0.00 0.0M
578940.000 1961 COM2 65 0R0 123 2.2 22.6 78.8 1.0057 0.00 0.0M
579000.000 1961 COM2 65 0R0 087 1.2 22.6 79.3 1.0057 0.00 0.0M
579060.000 1961 COM2 65 0R0 140 1.0 22.6 79.2 1.0057 0.00 0.0M
579120.000 1961 COM2 65 0R0 117 1.2 22.6 78.8 1.0057 0.00 0.0M
579180.000 1961 COM2 65 0R0 138 1.6 22.6 78.8 1.0057 0.00 0.0M
579240.000 1961 COM2 65 0R0 127 1.0 22.7 78.7 1.0057 0.00 0.0M
579300.000 1961 COM2 65 0R0 155 0.5 22.7 78.8 1.0057 0.00 0.0M
579360.000 1961 COM2 65 0R0 125 0.7 22.7 78.8 1.0056 0.00 0.0M
579420.000 1961 COM2 65 0R0 087 0.9 22.7 79.1 1.0056 0.00 0.0M
579480.000 1961 COM2 65 0R0 115 0.3 22.7 78.7 1.0056 0.00 0.0M
579540.000 1961 COM2 65 0R0 148 0.4 22.7 78.4 1.0056 0.00 0.0M
579600.000 1961 COM2 65 0R0 142 0.9 22.8 78.5 1.0055 0.00 0.0M
579660.000 1961 COM2 65 0R0 135 0.5 22.8 78.1 1.0055 0.00 0.0M
579720.000 1961 COM2 65 0R0 120 0.9 22.8 78.5 1.0055 0.00 0.0M
579780.000 1961 COM2 65 0R0 141 0.5 22.8 78.1 1.0055 0.00 0.0M
579840.000 1961 COM2 65 0R0 097 1.7 22.8 78.3 1.0055 0.00 0.0M
579900.000 1961 COM2 65 0R0 143 1.8 22.8 78.2 1.0055 0.00 0.0M
579960.000 1961 COM2 65 0R0 131 1.3 22.8 78.4 1.0055 0.00 0.0M
580020.000 1961 COM2 65 0R0 138 1.5 22.8 78.6 1.0055 0.00 0.0M
580080.000 1961 COM2 65 0R0 115 0.9 22.8 78.9 1.0054 0.00 0.0M
580140.000 1961 COM2 65 0R0 146 1.2 22.8 78.9 1.0054 0.00 0.0M
580200.000 1961 COM2 65 0R0 163 0.9 22.8 78.5 1.0053 0.00 0.0M
580260.000 1961 COM2 65 0R0 098 1.1 22.8 79.1 1.0053 0.00 0.0M
580320.000 1961 COM2 65 0R0 124 1.8 22.8 78.6 1.0053 0.00 0.0M
580380.000 1961 COM2 65 0R0 131 0.7 22.8 79.3 1.0053 0.00 0.0M
580440.000 1961 COM2 65 0R0 156 2.8 22.7 79.6 1.0053 0.00 0.0M
580500.000 1961 COM2 65 0R0 127 2.3 22.7 79.6 1.0054 0.00 0.0M
580560.000 1961 COM2 65 0R0 124 2.6 22.6 80.2 1.0054 0.00 0.0M
580620.000 1961 COM2 65 0R0 094 0.5 22.6 79.5 1.0054 0.00 0.0M
580680.000 1961 COM2 65 0R0 131 2.3 22.6 80.0 1.0054 0.00 0.0M
580740.000 1961 COM2 65 0R0 129 1.1 22.6 79.6 1.0054 0.00 0.0M
580800.000 1961 COM2 65 0R0 148 2.5 22.6 79.9 1.0054 0.00 0.0M
580860.000 1961 COM2 65 0R0 145 3.1 22.6 80.5 1.0054 0.00 0.0M
580920.000 1961 COM2 65 0R0 126 2.5 22.5 80.4 1.0054 0.00 0.0M
580980.000 1961 COM2 65 0R0 071 0.7 22.5 80.2 1.0054 0.00 0.0M
581040.000 1961 COM2 65 0R0 160 2.8 22.5 80.6 1.0055 0.00 0.0M
581100.000 1961 COM2 65 0R0 149 1.8 22.5 81.0 1.0054 0.00 0.0M
581160.000 1961 COM2 65 0R0 135 1.9 22.5 80.1 1.0054 0.00 0.0M
581220.000 1961 COM2 65 0R0 162 1.3 22.5 80.6 1.0054 0.00 0.0M
581280.000 1961 COM2 65 0R0 119 1.9 22.5 80.4 1.0054 0.00 0.0M
581340.000 1961 COM2 65 0R0 087 0.3 22.5 80.3 1.0054 0.00 0.0M
581400.000 1961 COM2 65 0R0 115 2.5 22.5 80.3 1.0054 0.00 0.0M
581460.000 1961 COM2 65 0R0 123 2.1 22.5 80.2 1.0054 0.00 0.0M
581520.000 1961 COM2 65 0R0 147 1.6 22.5 80.5 1.0054 0.00 0.0M
581580.000 1961 COM2 65 0R0 147 2.4 22.5 80.2 1.0054 0.00 0.0M
581640.000 1961 COM2 65 0R0 113 0.9 22.5 80.4 1.0053 0.00 0.0M
581700.000 1961 COM2 65 0R0 119 1.8 22.5 80.2 1.0053 0.00 0.0M
581760.000 1961 COM2 65 0R0 172 1.2 22.5 79.9 1.0053 0.00 0.0M
581820.000 1961 COM2 65 0R0 166 1.9 22.6 80.6 1.0053 0.00 0.0M
581880.000 1961 COM2 65 0R0 135 1.9 22.6 80.4 1.0053 0.00 0.0M
581940.000 1961 COM2 65 0R0 159 2.3 22.6 80.0 1.0053 0.00 0.0M
582000.000 1961 COM2 65 0R0 151 0.6 22.6 80.4 1.0052 0.00 0.0M
582060.000 1961 COM2 65 0R0 100 1.3 22.6 80.2 1.0052 0.00 0.0M
582120.000 1961 COM2 65 0R0 114 2.3 22.7 80.1 1.0052 0.00 0.0M
582180.000 1961 COM2 65 0R0 091 1.8 22.7 80.2 1.0052 0.00 0.0M
582240.000 1961 COM2 65 0R0 130 2.2 22.7 80.1 1.0051 0.00 0.0M
582300.000 1961 COM2 65 0R0 115 0.4 22.7 79.9 1.0051 0.00 0.0M
582360.000 1961 COM2 65 0R0 118 2.0 22.8 79.7 1.0051 0.00 0.0M
582420.000 1961 COM2 65 0R0 118 3.0 22.8 80.0 1.0051 0.00 0.0M
582480.000 1961 COM2 65 0R0 115 1.2 22.8 80.0 1.0052 0.00 0.0M
582540.000 1961 COM2 65 0R0 149 2.0 22.8 79.8 1.0051 0.00 0.0M
582600.000 1961 COM2 65 0R0 140 2.2 22.8 79.3 1.0052 0.00 0.0M
582660.000 1961 COM2 65 0R0 128 2.3 22.9 79.0 1.0052 0.00 0.0M
582720.000 1961 COM2 65 0R0 125 2.4 22.9 78.6 1.0051 0.00 0.0M
582780.000 1961 COM2 65 0R0 107 2.1 22.8 78.9 1.0051 0.00 0.0M
582840.000 1961 COM2 65 0R0 098 2.1 22.8 78.8 1.0051 0.00 0.0M
582900.000 1961 COM2 65 0R0 110 2.2 22.7 79.2 1.0051 0.00 0.0M
582960.000 1961 COM2 65 0R0 091 2.8 22.7 79.7 1.0050 0.00 0.0M
583020.000 1961 COM2 65 0R0 128 2.0 22.7 79.4 1.0050 0.00 0.0M
583080.000 1961 COM2 65 0R0 058 0.4 22.7 79.3 1.0050 0.00 0.0M
583140.000 1961 COM2 65 0R0 126 2.1 22.7 80.0 1.0050 0.00 0.0M
583200.000 1961 COM2 65 0R0 134 1.4 22.7 79.7 1.0050 0.00 0.0M
583260.000 1961 COM2 65 0R0 190 2.5 22.8 79.4 1.0050 0.00 0.0M
583320.000 1961 COM2 65 0R0 158 1.5 22.9 79.5 1.0050 0.00 0.0M
583380.000 1961 COM2 65 0R0 133 1.0 23.0 79.2 1.0050 0.00 0.0M
583440.000 1961 COM2 65 0R0 144 1.1 23.1 78.9 1.0050 0.00 0.0M
583500.000 1961 COM2 65 0R0 109 2.2 23.1 79.1 1.0050 0.00 0.0M
583560.000 1961 COM2 65 0R0 110 1.5 23.0 79.6 1.0050 0.00 0.0M
583620.000 1961 COM2 65 0R0 159 1.8 22.9 79.5 1.0050 0.00 0.0M
583680.000 1961 COM2 65 0R0 012 0.6 22.9 79.0 1.0050 0.00 0.0M
583740.000 1961 COM2 65 0R0 090 1.4 23.0 78.8 1.0050 0.00 0.0M
583800.000 1961 COM2 65 0R0 099 1.5 23.0 79.1 1.0049 0.00 0.0M
583860.000 1961 COM2 65 0R0 100 1.4 23.1 78.4 1.0049 0.00 0.0M
583920.000 1961 COM2 65 0R0 133 1.6 23.2 78.1 1.0049 0.00 0.0M
583980.000 1961 COM2 65 0R0 108 1.1 23.2 77.9 1.0049 0.00 0.0M
584040.000 1961 COM2 65 0R0 156 1.3 23.2 77.6 1.0049 0.00 0.0M
584100.000 1961 COM2 65 0R0 101 0.4 23.2 77.4 1.0049 0.00 0.0M
584160.000 1961 COM2 65 0R0 177 2.6 23.3 78.1 1.0048 0.00 0.0M
584220.000 1961 COM2 65 0R0 129 1.5 23.2 78.5 1.0048 0.00 0.0M
584280.000 1961 COM2 65 0R0 150 0.9 23.2 78.5 1.0048 0.00 0.0M
584340.000 1961 COM2 65 0R0 204 0.5 23.2 78.7 1.0048 0.00 0.0M
584400.000 1961 COM2 65 0R0 141 0.6 23.2 78.7 1.0048 0.00 0.0M
584460.000 1961 COM2 65 0R0 150 0.3 23.3 78.0 1.0048 0.00 0.0M
584520.000 1961 COM2 65 0R0 178 0.2 23.4 77.7 1.0048 0.00 0.0M
584580.000 1961 COM2 65 0R0 088 1.6 23.6 76.6 1.0048 0.00 0.0M
584640.000 1961 COM2 65 0R0 119 1.0 23.6 76.8 1.0048 0.00 0.0M
584700.000 1961 COM2 65 0R0 159 1.3 23.5 77.1 1.0048 0.00 0.0M
584760.000 1961 COM2 65 0R0 159 2.5 23.6 77.0 1.0048 0.00 0.0M
584820.000 1961 COM2 65 0R0 141 1.1 23.7 76.1 1.0048 0.00 0.0M
584880.000 1961 COM2 65 0R0 168 0.3 23.8 76.0 1.0048 0.00 0.0M
584940.000 1961 COM2 65 0R0 133 2.9 23.8 75.8 1.0048 0.00 0.0M
585000.000 1961 COM2 65 0R0 159 2.6 23.8 75.4 1.0048 0.00 0.0M
585060.000 1961 COM2 65 0R0 126 1.1 23.8 75.3 1.0048 0.00 0.0M
585120.000 1961 COM2 65 0R0 170 0.5 23.8 75.5 1.0048 0.00 0.0M
585180.000 1961 COM2 65 0R0 151 0.3 23.9 75.4 1.0048 0.00 0.0M
585240.000 1961 COM2 65 0R0 102 0.9 24.1 75.3 1.0048 0.00 0.0M
585300.000 1961 COM2 65 0R0 119 0.8 24.1 74.9 1.0048 0.00 0.0M
585360.000 1961 COM2 65 0R0 154 0.4 24.2 74.6 1.0048 0.00 0.0M
585420.000 1961 COM2 65 0R0 106 1.9 24.3 74.1 1.0049 0.00 0.0M
585480.000 1961 COM2 65 0R0 077 2.8 24.2 74.4 1.0049 0.00 0.0M
585540.000 1961 COM2 65 0R0 096 2.0 23.9 75.3 1.0049 0.00 0.0M
585600.000 1961 COM2 65 0R0 089 1.9 23.6 76.3 1.0049 0.00 0.0M
585660.000 1961 COM2 65 0R0 060 1.5 23.4 76.9 1.0049 0.00 0.0M
585720.000 1961 COM2 65 0R0 089 1.8 23.3 77.7 1.0048 0.00 0.0M
585780.000 1961 COM2 65 0R0 051 0.3 23.3 77.7 1.0049 0.00 0.0M
585840.000 1961 COM2 65 0R0 203 0.3 23.3 77.8 1.0049 0.00 0.0M
585900.100 1961 COM2 65 0R0 164 0.4 23.6 76.9 1.0049 0.00 0.0M
585960.000 1961 COM2 65 0R0 098 0.3 23.9 76.0 1.0049 0.00 0.0M
586020.000 1961 COM2 65 0R0 286 0.3 23.9 75.9 1.0048 0.00 0.0M
586080.100 1961 COM2 65 0R0 100 1.9 24.0 75.6 1.0048 0.00 0.0M
586140.100 1961 COM2 65 0R0 079 0.6 23.9 75.7 1.0048 0.00 0.0M
586200.000 1961 COM2 65 0R0 102 1.8 23.7 76.1 1.0048 0.00 0.0M
586260.100 1961 COM2 65 0R0 169 0.9 23.7 75.9 1.0048 0.00 0.0M
586320.000 1961 COM2 65 0R0 113 0.6 24.0 75.6 1.0048 0.00 0.0M
586380.000 1961 COM2 65 0R0 066 0.9 24.3 74.6 1.0048 0.00 0.0M
586440.000 1961 COM2 65 0R0 124 2.1 24.5 73.1 1.0048 0.00 0.0M
586500.000 1961 COM2 65 0R0 135 1.9 24.6 73.3 1.0047 0.00 0.0M
586560.000 1961 COM2 65 0R0 132 2.9 24.6 73.1 1.0047 0.00 0.0M
586620.000 1961 COM2 65 0R0 106 1.8 24.5 73.7 1.0047 0.00 0.0M
586680.000 1961 COM2 65 0R0 124 1.0 24.5 73.4 1.0047 0.00 0.0M
586740.000 1961 COM2 65 0R0 155 0.9 24.5 73.4 1.0047 0.00 0.0M
586800.000 1961 COM2 65 0R0 221 0.3 24.6 72.9 1.0047 0.00 0.0M
586860.000 1961 COM2 65 0R0 135 1.6 24.6 72.7 1.0047 0.00 0.0M
586920.000 1961 COM2 65 0R0 209 0.3 24.8 72.4 1.0047 0.00 0.0M
586980.100 1961 COM2 65 0R0 221 0.5 25.0 71.3 1.0047 0.00 0.0M
587040.000 1961 COM2 65 0R0 134 0.9 25.0 70.8 1.0046 0.00 0.0M
587100.000 1961 COM2 65 0R0 086 0.3 25.2 70.8 1.0046 0.00 0.0M
587160.000 1961 COM2 65 0R0 090 1.3 25.2 70.2 1.0046 0.00 0.0M
587220.000 1961 COM2 65 0R0 135 0.7 25.3 70.4 1.0046 0.00 0.0M
587280.000 1961 COM2 65 0R0 141 2.9 25.4 69.7 1.0046 0.00 0.0M
587340.000 1961 COM2 65 0R0 143 1.8 25.5 69.4 1.0046 0.00 0.0M
587400.000 1961 COM2 65 0R0 159 1.5 25.3 69.7 1.0046 0.00 0.0M
587460.000 1961 COM2 65 0R0 098 1.4 25.2 70.3 1.0046 0.00 0.0M
587520.000 1961 COM2 65 0R0 106 2.1 25.2 69.5 1.0045 0.00 0.0M
587580.000 1961 COM2 65 0R0 116 1.4 25.2 69.8 1.0046 0.00 0.0M
587640.000 1961 COM2 65 0R0 103 2.7 25.1 69.9 1.0045 0.00 0.0M
587700.000 1961 COM2 65 0R0 104 2.5 25.0 69.5 1.0045 0.00 0.0M
587760.000 1961 COM2 65 0R0 097 3.6 25.0 69.6 1.0045 0.00 0.0M
587820.000 1961 COM2 65 0R0 114 3.0 25.0 69.6 1.0045 0.00 0.0M
587880.000 1961 COM2 65 0R0 119 2.1 25.0 70.3 1.0045 0.00 0.0M
587940.000 1961 COM2 65 0R0 121 0.9 25.0 70.3 1.0045 0.00 0.0M
588000.000 1961 COM2 65 0R0 151 2.4 25.1 71.6 1.0045 0.00 0.0M
588060.000 1961 COM2 65 0R0 107 4.3 25.2 71.2 1.0045 0.00 0.0M
588120.000 1961 COM2 65 0R0 107 1.4 25.3 70.0 1.0045 0.00 0.0M
588180.000 1961 COM2 65 0R0 143 2.8 25.4 69.8 1.0045 0.00 0.0M
588240.200 1961 COM2 65 0R0 118 2.9 25.4 69.8 1.0045 0.00 0.0M
588300.000 1961 COM2 65 0R0 038 0.7 25.3 70.0 1.0045 0.00 0.0M
588360.000 1961 COM2 65 0R0 134 3.3 25.3 69.9 1.0044 0.00 0.0M
588420.000 1961 COM2 65 0R0 133 2.2 25.3 69.8 1.0044 0.00 0.0M
588480.000 1961 COM2 65 0R0 135 1.7 25.3 69.6 1.0044 0.00 0.0M
588540.000 1961 COM2 65 0R0 136 2.8 25.2 69.7 1.0044 0.00 0.0M
588600.000 1961 COM2 65 0R0 101 1.8 25.0 70.2 1.0044 0.00 0.0M
588660.000 1961 COM2 65 0R0 073 0.9 24.9 70.6 1.0044 0.00 0.0M
588720.000 1961 COM2 65 0R0 118 1.5 24.9 71.1 1.0044 0.00 0.0M
588780.000 1961 COM2 65 0R0 139 2.5 25.0 70.9 1.0044 0.00 0.0M
588840.000 1961 COM2 65 0R0 151 2.2 25.1 70.7 1.0043 0.00 0.0M
588900.000 1961 COM2 65 0R0 113 1.7 25.1 70.8 1.0043 0.00 0.0M
588960.000 1961 COM2 65 0R0 137 2.7 25.0 71.0 1.0043 0.00 0.0M
589020.000 1961 COM2 65 0R0 131 3.1 24.9 71.3 1.0043 0.00 0.0M
589080.000 1961 COM2 65 0R0 146 0.6 24.9 71.8 1.0042 0.00 0.0M
589140.000 1961 COM2 65 0R0 131 2.1 24.9 71.7 1.0042 0.00 0.0M
589200.000 1961 COM2 65 0R0 116 2.6 24.9 71.6 1.0042 0.00 0.0M
589260.000 1961 COM2 65 0R0 086 2.6 24.8 71.7 1.0042 0.00 0.0M
589320.000 1961 COM2 65 0R0 108 2.8 24.8 71.4 1.0042 0.00 0.0M
589380.000 1961 COM2 65 0R0 129 1.6 24.8 71.7 1.0042 0.00 0.0M
589440.000 1961 COM2 65 0R0 107 2.4 24.8 71.6 1.0042 0.00 0.0M
589500.000 1961 COM2 65 0R0 095 2.3 24.7 71.5 1.0042 0.00 0.0M
589560.000 1961 COM2 65 0R0 113 2.6 24.8 71.3 1.0042 0.00 0.0M
589620.000 1961 COM2 65 0R0 118 1.7 24.8 71.5 1.0042 0.00 0.0M
589680.000 1961 COM2 65 0R0 126 2.1 24.8 71.5 1.0041 0.00 0.0M
589740.000 1961 COM2 65 0R0 108 2.7 24.8 71.2 1.0041 0.00 0.0M
589800.000 1961 COM2 65 0R0 110 1.3 24.8 71.4 1.0041 0.00 0.0M
589860.000 1961 COM2 65 0R0 151 0.6 24.8 71.5 1.0041 0.00 0.0M
589920.000 1961 COM2 65 0R0 130 1.9 25.0 71.3 1.0041 0.00 0.0M
589980.000 1961 COM2 65 0R0 127 1.7 25.0 70.7 1.0040 0.00 0.0M
590040.000 1961 COM2 65 0R0 115 3.3 25.1 70.5 1.0040 0.00 0.0M
590100.000 1961 COM2 65 0R0 142 2.0 25.1 70.5 1.0040 0.00 0.0M
590160.000 1961 COM2 65 0R0 126 1.0 25.1 70.6 1.0040 0.00 0.0M
590220.000 1961 COM2 65 0R0 157 2.5 25.1 71.1 1.0040 0.00 0.0M
590280.000 1961 COM2 65 0R0 160 1.4 25.1 71.4 1.0040 0.00 0.0M
590340.000 1961 COM2 65 0R0 172 2.9 25.1 71.4 1.0040 0.00 0.0M
590400.000 1961 COM2 65 0R0 159 0.3 25.1 71.9 1.0040 0.00 0.0M
590460.000 1961 COM2 65 0R0 123 0.9 25.1 71.8 1.0040 0.00 0.0M
590520.000 1961 COM2 65 0R0 139 1.5 25.3 71.4 1.0039 0.00 0.0M
590580.000 1961 COM2 65 0R0 127 2.5 25.3 71.1 1.0039 0.00 0.0M
590640.000 1961 COM2 65 0R0 144 1.2 25.4 70.8 1.0039 0.00 0.0M
590700.000 1961 COM2 65 0R0 153 1.6 25.3 71.0 1.0039 0.00 0.0M
590760.000 1961 COM2 65 0R0 108 3.8 25.4 71.0 1.0039 0.00 0.0M
590820.000 1961 COM2 65 0R0 087 1.1 25.4 71.0 1.0039 0.00 0.0M
590880.000 1961 COM2 65 0R0 144 2.0 25.4 71.0 1.0039 0.00 0.0M
590940.000 1961 COM2 65 0R0 125 2.1 25.4 70.2 1.0039 0.00 0.0M
591000.000 1961 COM2 65 0R0 153 1.7 25.3 70.6 1.0039 0.00 0.0M
591060.000 1961 COM2 65 0R0 123 0.4 25.3 70.8 1.0039 0.00 0.0M
591120.000 1961 COM2 65 0R0 165 0.2 25.3 70.4 1.0039 0.00 0.0M
591180.000 1961 COM2 65 0R0 132 0.7 25.4 70.4 1.0039 0.00 0.0M
591240.000 1961 COM2 65 0R0 132 1.5 25.4 70.9 1.0039 0.00 0.0M
591300.000 1961 COM2 65 0R0 180 3.0 25.5 70.7 1.0039 0.00 0.0M
591360.000 1961 COM2 65 0R0 151 1.6 25.4 71.1 1.0039 0.00 0.0M
591420.000 1961 COM2 65 0R0 115 3.8 25.3 71.1 1.0040 0.00 0.0M
591480.000 1961 COM2 65 0R0 101 1.9 25.3 70.8 1.0039 0.00 0.0M
591540.000 1961 COM2 65 0R0 152 2.0 25.2 70.9 1.0040 0.00 0.0M
591600.000 1961 COM2 65 0R0 139 3.2 25.3 70.6 1.0039 0.00 0.0M
591660.000 1961 COM2 65 0R0 097 1.9 25.3 70.9 1.0039 0.00 0.0M
591720.000 1961 COM2 65 0R0 149 1.7 25.3 70.9 1.0039 0.00 0.0M
591780.000 1961 COM2 65 0R0 119 2.3 25.3 71.0 1.0039 0.00 0.0M
591840.000 1961 COM2 65 0R0 161 1.3 25.3 70.8 1.0038 0.00 0.0M
591900.000 1961 COM2 65 0R0 182 1.6 25.3 71.0 1.0038 0.00 0.0M
591960.000 1961 COM2 65 0R0 107 0.9 25.3 71.0 1.0038 0.00 0.0M
592020.000 1961 COM2 65 0R0 103 0.5 25.3 70.8 1.0038 0.00 0.0M
592080.000 1961 COM2 65 0R0 162 1.1 25.4 70.9 1.0038 0.00 0.0M
592140.000 1961 COM2 65 0R0 128 1.8 25.4 70.7 1.0038 0.00 0.0M
592200.000 1961 COM2 65 0R0 136 1.0 25.4 70.5 1.0038 0.00 0.0M
592260.000 1961 COM2 65 0R0 132 1.1 25.4 70.6 1.0038 0.00 0.0M
592320.000 1961 COM2 65 0R0 130 2.4 25.5 70.5 1.0038 0.00 0.0M
592380.000 1961 COM2 65 0R0 142 1.4 25.4 70.6 1.0038 0.00 0.0M
592440.000 1961 COM2 65 0R0 128 2.0 25.4 70.5 1.0039 0.00 0.0M
592500.000 1961 COM2 65 0R0 095 0.8 25.4 71.3 1.0039 0.00 0.0M
592560.000 1961 COM2 65 0R0 148 1.8 25.4 71.3 1.0040 0.00 0.0M
592620.000 1961 COM2 65 0R0 167 0.7 25.4 70.9 1.0040 0.00 0.0M
592680.000 1961 COM2 65 0R0 141 1.7 25.4 71.2 1.0041 0.00 0.0M
592740.000 1961 COM2 65 0R0 134 2.9 25.5 70.5 1.0041 0.00 0.0M
592800.000 1961 COM2 65 0R0 138 2.1 25.5 70.2 1.0040 0.00 0.0M
592860.000 1961 COM2 65 0R0 135 3.3 25.4 70.6 1.0040 0.00 0.0M
592920.000 1961 COM2 65 0R0 140 1.9 25.4 70.7 1.0040 0.00 0.0M
592980.000 1961 COM2 65 0R0 169 0.6 25.4 70.8 1.0039 0.00 0.0M
593040.000 1961 COM2 65 0R0 111 1.9 25.5 70.8 1.0038 0.00 0.0M
593100.000 1961 COM2 65 0R0 092 0.4 25.4 70.4 1.0038 0.00 0.0M
593160.000 1961 COM2 65 0R0 109 2.7 25.4 70.8 1.0037 0.00 0.0M
593220.000 1961 COM2 65 0R0 159 2.4 25.5 71.0 1.0037 0.00 0.0M
593280.000 1961 COM2 65 0R0 101 2.3 25.5 71.0 1.0037 0.00 0.0M
593340.000 1961 COM2 65 0R0 125 3.0 25.5 71.5 1.0036 0.00 0.0M
593400.000 1961 COM2 65 0R0 127 3.2 25.4 71.4 1.0036 0.00 0.0M
593460.000 1961 COM2 65 0R0 137 2.9 25.4 71.8 1.0035 0.00 0.0M
593520.000 1961 COM2 65 0R0 166 2.7 25.4 72.8 1.0035 0.00 0.0M
593580.000 1961 COM2 65 0R0 109 2.3 25.4 71.9 1.0034 0.00 0.0M
593640.000 1961 COM2 65 0R0 147 2.3 25.4 71.9 1.0034 0.00 0.0M
593700.000 1961 COM2 65 0R0 145 2.2 25.4 72.9 1.0033 0.00 0.0M
593760.000 1961 COM2 65 0R0 126 2.4 25.4 72.9 1.0033 0.00 0.0M
593820.000 1961 COM2 65 0R0 174 1.8 25.4 72.8 1.0033 0.00 0.0M
593880.000 1961 COM2 65 0R0 151 2.8 25.4 72.1 1.0033 0.00 0.0M
593940.000 1961 COM2 65 0R0 176 2.4 25.4 72.2 1.0034 0.00 0.0M
594000.000 1961 COM2 65 0R0 144 1.0 25.2 73.0 1.0035 0.00 0.0M
594060.000 1961 COM2 65 0R0 152 0.9 25.2 72.9 1.0036 0.00 0.0M
594120.000 1961 COM2 65 0R0 137 1.4 25.2 72.9 1.0036 0.00 0.0M
594180.000 1961 COM2 65 0R0 128 2.6 25.2 72.6 1.0036 0.00 0.0M
594240.000 1961 COM2 65 0R0 148 1.5 25.3 72.7 1.0036 0.00 0.0M
594300.000 1961 COM2 65 0R0 121 0.5 25.2 72.8 1.0035 0.00 0.0M
594360.000 1961 COM2 65 0R0 103 1.0 25.2 72.9 1.0035 0.00 0.0M
594420.000 1961 COM2 65 0R0 101 1.5 25.3 72.4 1.0035 0.00 0.0M
594480.000 1961 COM2 65 0R0 117 1.7 25.2 72.3 1.0035 0.00 0.0M
594540.000 1961 COM2 65 0R0 147 0.6 25.2 72.4 1.0034 0.00 0.0M
594600.000 1961 COM2 65 0R0 126 0.7 25.1 72.7 1.0034 0.00 0.0M
594660.000 1961 COM2 65 0R0 139 0.2 25.2 72.7 1.0034 0.00 0.0M
594720.000 1961 COM2 65 0R0 153 0.8 25.2 72.2 1.0033 0.00 0.0M
594780.000 1961 COM2 65 0R0 108 1.0 25.3 73.1 1.0032 0.00 0.0M
594840.000 1961 COM2 65 0R0 106 2.8 25.4 72.5 1.0032 0.00 0.0M
594900.000 1961 COM2 65 0R0 108 2.6 25.3 72.3 1.0031 0.00 0.0M
594960.000 1961 COM2 65 0R0 114 2.1 25.3 72.8 1.0031 0.00 0.0M
595020.000 1961 COM2 65 0R0 102 1.8 25.2 72.8 1.0031 0.00 0.0M
595080.000 1961 COM2 65 0R0 164 1.3 25.1 73.1 1.0032 0.00 0.0M
595140.000 1961 COM2 65 0R0 131 1.6 25.1 73.3 1.0032 0.00 0.0M
595200.000 1961 COM2 65 0R0 120 1.7 25.1 73.7 1.0032 0.00 0.0M
595260.000 1961 COM2 65 0R0 090 0.8 25.1 73.7 1.0032 0.00 0.0M
595320.000 1961 COM2 65 0R0 121 1.9 25.1 74.2 1.0032 0.00 0.0M
595380.000 1961 COM2 65 0R0 169 2.0 25.1 74.0 1.0033 0.00 0.0M
595440.000 1961 COM2 65 0R0 130 1.3 25.2 73.9 1.0033 0.00 0.0M
595500.000 1961 COM2 65 0R0 158 2.2 25.2 73.6 1.0033 0.00 0.0M
595560.000 1961 COM2 65 0R0 139 1.7 25.2 73.2 1.0033 0.00 0.0M
595620.000 1961 COM2 65 0R0 159 2.6 25.3 73.2 1.0033 0.00 0.0M
595680.000 1961 COM2 65 0R0 145 1.9 25.2 73.2 1.0033 0.00 0.0M
595740.000 1961 COM2 65 0R0 132 0.5 25.2 74.2 1.0033 0.00 0.0M
595800.000 1961 COM2 65 0R0 132 1.1 25.2 73.6 1.0033 0.00 0.0M
595860.000 1961 COM2 65 0R0 137 2.9 25.2 73.4 1.0033 0.00 0.0M
595920.000 1961 COM2 65 0R0 172 2.4 25.3 73.4 1.0033 0.00 0.0M
595980.000 1961 COM2 65 0R0 107 0.7 25.3 73.3 1.0032 0.00 0.0M
596040.000 1961 COM2 65 0R0 119 2.5 25.3 73.4 1.0032 0.00 0.0M
596100.000 1961 COM2 65 0R0 115 1.4 25.4 73.1 1.0032 0.00 0.0M
596160.000 1961 COM2 65 0R0 119 1.6 25.3 73.1 1.0032 0.00 0.0M
596220.000 1961 COM2 65 0R0 100 1.6 25.2 73.6 1.0032 0.00 0.0M
596280.000 1961 COM2 65 0R0 166 0.8 25.2 73.4 1.0032 0.00 0.0M
596340.000 1961 COM2 65 0R0 094 0.5 25.2 73.6 1.0032 0.00 0.0M
596400.000 1961 COM2 65 0R0 111 0.5 25.2 73.8 1.0032 0.00 0.0M
596460.000 1961 COM2 65 0R0 101 0.8 25.3 73.2 1.0032 0.00 0.0M
596520.000 1961 COM2 65 0R0 161 0.9 25.4 73.3 1.0031 0.00 0.0M
596580.000 1961 COM2 65 0R0 100 0.5 25.4 73.1 1.0030 0.00 0.0M
596640.000 1961 COM2 65 0R0 099 0.3 25.4 72.9 1.0030 0.00 0.0M
596700.000 1961 COM2 65 0R0 146 0.6 25.5 73.2 1.0030 0.00 0.0M
596760.000 1961 COM2 65 0R0 134 2.0 25.5 72.7 1.0030 0.00 0.0M
596820.000 1961 COM2 65 0R0 235 0.6 25.5 72.7 1.0030 0.00 0.0M
596880.000 1961 COM2 65 0R0 137 1.0 25.6 72.7 1.0030 0.00 0.0M
596940.000 1961 COM2 65 0R0 125 0.4 25.5 72.7 1.0030 0.00 0.0M
597000.000 1961 COM2 65 0R0 149 0.9 25.5 72.8 1.0030 0.00 0.0M
597060.000 1961 COM2 65 0R0 139 1.4 25.5 73.7 1.0030 0.00 0.0M
597120.000 1961 COM2 65 0R0 154 2.3 25.4 73.8 1.0030 0.00 0.0M
597180.000 1961 COM2 65 0R0 160 1.7 25.4 73.7 1.0031 0.00 0.0M
597240.000 1961 COM2 65 0R0 129 1.0 25.4 74.0 1.0031 0.00 0.0M
597300.000 1961 COM2 65 0R0 129 1.8 25.4 74.0 1.0031 0.00 0.0M
597360.000 1961 COM2 65 0R0 111 1.4 25.4 73.4 1.0031 0.00 0.0M
597420.000 1961 COM2 65 0R0 147 1.2 25.4 73.5 1.0031 0.00 0.0M
597480.000 1961 COM2 65 0R0 124 2.3 25.3 73.7 1.0031 0.00 0.0M
597540.000 1961 COM2 65 0R0 133 1.6 25.3 73.4 1.0031 0.00 0.0M
597600.000 1961 COM2 65 0R0 131 2.7 25.4 73.5 1.0031 0.00 0.0M
597660.000 1961 COM2 65 0R0 121 0.7 25.3 74.1 1.0031 0.00 0.0M
597720.000 1961 COM2 65 0R0 108 1.9 25.3 74.0 1.0030 0.00 0.0M
597780.000 1961 COM2 65 0R0 147 3.1 25.3 73.9 1.0030 0.00 0.0M
597840.000 1961 COM2 65 0R0 134 1.5 25.3 74.2 1.0030 0.00 0.0M
597900.000 1961 COM2 65 0R0 139 1.2 25.2 74.2 1.0031 0.00 0.0M
597960.000 1961 COM2 65 0R0 151 0.5 25.2 74.3 1.0031 0.00 0.0M
598020.000 1961 COM2 65 0R0 140 1.3 25.2 74.3 1.0032 0.00 0.0M
598080.000 1961 COM2 65 0R0 151 2.3 25.2 74.3 1.0032 0.00 0.0M
598140.000 1961 COM2 65 0R0 110 1.9 25.1 74.7 1.0032 0.00 0.0M
598200.000 1961 COM2 65 0R0 136 0.8 25.1 75.0 1.0033 0.00 0.0M
598260.000 1961 COM2 65 0R0 119 1.7 25.1 74.9 1.0033 0.00 0.0M
598320.000 1961 COM2 65 0R0 127 1.1 25.1 74.9 1.0033 0.00 0.0M
598380.000 1961 COM2 65 0R0 102 1.3 25.1 74.7 1.0034 0.00 0.0M
598440.100 1961 COM2 65 0R0 154 1.2 25.2 74.3 1.0033 0.00 0.0M
598500.000 1961 COM2 65 0R0 141 2.6 25.2 75.0 1.0033 0.00 0.0M
598560.100 1961 COM2 65 0R0 169 2.3 25.2 74.8 1.0033 0.00 0.0M
598620.000 1961 COM2 65 0R0 148 1.8 25.2 75.4 1.0033 0.00 0.0M
598680.000 1961 COM2 65 0R0 078 0.5 25.2 75.7 1.0033 0.00 0.0M
598740.000 1961 COM2 65 0R0 279 0.3 25.1 75.3 1.0033 0.00 0.0M
598800.000 1961 COM2 65 0R0 116 0.2 25.2 75.1 1.0034 0.00 0.0M
598860.000 1961 COM2 65 0R0 183 0.4 25.2 74.9 1.0034 0.00 0.0M
598920.000 1961 COM2 65 0R0 148 0.7 25.2 74.8 1.0035 0.00 0.0M
598980.000 1961 COM2 65 0R0 144 0.9 25.3 75.2 1.0035 0.00 0.0M
599100.000 1961 COM2 21 0T Unknown cmd error
599160.100 1961 COM2 65 0R0 109 1.6 25.1 75.4 1.0036 0.00 0.0M
599220.000 1961 COM2 65 0R0 150 2.4 25.1 75.6 1.0036 0.00 0.0M
599280.000 1961 COM2 65 0R0 137 1.6 25.0 76.2 1.0036 0.00 0.0M
599340.000 1961 COM2 65 0R0 129 1.8 25.0 76.3 1.0036 0.00 0.0M
599400.000 1961 COM2 65 0R0 133 2.0 25.0 76.4 1.0036 0.00 0.0M
599460.000 1961 COM2 65 0R0 131 1.7 25.0 76.6 1.0036 0.00 0.0M
599520.000 1961 COM2 65 0R0 153 2.1 25.0 76.6 1.0036 0.00 0.0M
599580.000 1961 COM2 65 0R0 143 2.0 25.0 76.8 1.0036 0.00 0.0M
599640.100 1961 COM2 65 0R0 118 0.5 25.0 76.9 1.0036 0.00 0.0M
599700.000 1961 COM2 65 0R0 128 0.5 25.0 76.4 1.0036 0.00 0.0M
599760.000 1961 COM2 65 0R0 123 1.7 25.0 76.7 1.0036 0.00 0.0M
599820.000 1961 COM2 65 0R0 152 1.9 25.0 77.3 1.0036 0.00 0.0M
599880.000 1961 COM2 65 0R0 159 1.4 24.9 77.3 1.0036 0.00 0.0M
599940.000 1961 COM2 65 0R0 148 1.4 24.9 77.4 1.0036 0.00 0.0M
600000.000 1961 COM2 65 0R0 122 1.5 24.8 77.4 1.0035 0.00 0.0M
600060.000 1961 COM2 65 0R0 092 0.8 24.8 78.0 1.0035 0.00 0.0M
600120.000 1961 COM2 65 0R0 151 1.7 24.7 78.1 1.0035 0.00 0.0M
600180.000 1961 COM2 65 0R0 133 1.8 24.7 77.9 1.0034 0.00 0.0M
600240.000 1961 COM2 65 0R0 128 2.4 24.7 77.9 1.0034 0.00 0.0M
600300.000 1961 COM2 65 0R0 136 1.2 24.7 77.9 1.0034 0.00 0.0M
600360.000 1961 COM2 65 0R0 143 0.7 24.7 78.1 1.0034 0.00 0.0M
600420.100 1961 COM2 65 0R0 135 0.7 24.7 77.4 1.0033 0.00 0.0M
600480.000 1961 COM2 65 0R0 122 1.1 24.7 77.9 1.0033 0.00 0.0M
600540.000 1961 COM2 65 0R0 128 1.8 24.7 77.8 1.0033 0.00 0.0M
600600.000 1961 COM2 65 0R0 094 1.4 24.7 78.1 1.0032 0.00 0.0M
600660.000 1961 COM2 65 0R0 120 2.0 24.7 78.0 1.0032 0.00 0.0M
600720.000 1961 COM2 65 0R0 101 1.3 24.7 78.1 1.0031 0.00 0.0M
600780.000 1961 COM2 65 0R0 133 0.9 24.7 77.9 1.0030 0.00 0.0M
600840.000 1961 COM2 65 0R0 085 0.7 24.7 77.8 1.0029 0.00 0.0M
600900.000 1961 COM2 65 0R0 129 1.2 24.7 77.9 1.0029 0.00 0.0M
600960.000 1961 COM2 65 0R0 120 2.0 24.7 77.9 1.0028 0.00 0.0M
601020.000 1961 COM2 65 0R0 120 3.0 24.7 78.4 1.0028 0.00 0.0M
601080.000 1961 COM2 65 0R0 110 2.4 24.6 78.5 1.0028 0.00 0.0M
601140.000 1961 COM2 65 0R0 109 2.0 24.6 78.4 1.0029 0.00 0.0M
601200.000 1961 COM2 65 0R0 120 1.5 24.6 78.6 1.0029 0.00 0.0M
601260.000 1961 COM2 65 0R0 078 0.7 24.6 78.4 1.0030 0.00 0.0M
601320.000 1961 COM2 65 0R0 099 1.2 24.6 78.3 1.0031 0.00 0.0M
601380.000 1961 COM2 65 0R0 103 1.3 24.6 78.5 1.0031 0.00 0.0M
601440.000 1961 COM2 65 0R0 108 0.4 24.6 78.4 1.0031 0.00 0.0M
601500.000 1961 COM2 65 0R0 132 1.0 24.6 78.1 1.0031 0.00 0.0M
601560.000 1961 COM2 65 0R0 110 1.3 24.6 78.5 1.0030 0.00 0.0M
601620.000 1961 COM2 65 0R0 163 1.4 24.6 78.5 1.0030 0.00 0.0M
601680.000 1961 COM2 65 0R0 089 2.1 24.6 78.4 1.0030 0.00 0.0M
601740.000 1961 COM2 65 0R0 135 0.7 24.6 78.5 1.0030 0.00 0.0M
601800.000 1961 COM2 65 0R0 115 2.2 24.6 78.2 1.0030 0.00 0.0M
601860.000 1961 COM2 65 0R0 120 1.0 24.6 79.1 1.0029 0.00 0.0M
601920.000 1961 COM2 65 0R0 103 0.9 24.6 79.0 1.0029 0.00 0.0M
601980.000 1961 COM2 65 0R0 132 1.1 24.6 79.2 1.0029 0.00 0.0M
602040.000 1961 COM2 65 0R0 160 0.7 24.6 78.9 1.0029 0.00 0.0M
602100.000 1961 COM2 65 0R0 164 1.4 24.6 79.0 1.0029 0.00 0.0M
602160.000 1961 COM2 65 0R0 153 1.5 24.5 79.2 1.0029 0.00 0.0M
602220.000 1961 COM2 65 0R0 151 0.8 24.5 79.4 1.0030 0.00 0.0M
602280.000 1961 COM2 65 0R0 152 2.2 24.5 79.5 1.0030 0.00 0.0M
602340.000 1961 COM2 65 0R0 109 1.0 24.5 79.8 1.0031 0.00 0.0M
602400.000 1961 COM2 65 0R0 173 1.6 24.5 79.7 1.0031 0.00 0.0M
602460.000 1961 COM2 65 0R0 119 1.4 24.5 79.7 1.0031 0.00 0.0M
602520.000 1961 COM2 65 0R0 129 1.1 24.5 79.8 1.0031 0.00 0.0M
602580.000 1961 COM2 65 0R0 141 2.1 24.5 79.9 1.0031 0.00 0.0M
602640.000 1961 COM2 65 0R0 149 1.3 24.5 79.9 1.0030 0.00 0.0M
602700.000 1961 COM2 65 0R0 130 3.0 24.5 79.7 1.0030 0.00 0.0M
602760.000 1961 COM2 65 0R0 106 1.9 24.5 79.7 1.0030 0.00 0.0M
602820.000 1961 COM2 65 0R0 126 1.9 24.5 79.6 1.0030 0.00 0.0M
602880.000 1961 COM2 65 0R0 160 1.8 24.5 79.6 1.0030 0.00 0.0M
602940.000 1961 COM2 65 0R0 119 2.2 24.5 79.9 1.0030 0.00 0.0M
603000.000 1961 COM2 65 0R0 134 1.1 24.5 79.4 1.0030 0.00 0.0M
603060.000 1961 COM2 65 0R0 114 2.1 24.4 79.8 1.0029 0.00 0.0M
603120.000 1961 COM2 65 0R0 117 0.5 24.4 79.7 1.0029 0.00 0.0M
603180.000 1961 COM2 65 0R0 139 1.7 24.4 79.4 1.0029 0.00 0.0M
603240.000 1961 COM2 65 0R0 101 1.5 24.4 79.8 1.0028 0.00 0.0M
603300.000 1961 COM2 65 0R0 120 1.8 24.4 80.1 1.0028 0.00 0.0M
603360.000 1961 COM2 65 0R0 121 2.2 24.4 80.1 1.0027 0.00 0.0M
603420.000 1961 COM2 65 0R0 122 2.3 24.4 80.0 1.0027 0.00 0.0M
603480.000 1961 COM2 65 0R0 119 2.5 24.4 80.0 1.0026 0.00 0.0M
603540.000 1961 COM2 65 0R0 119 1.4 24.4 80.1 1.0026 0.00 0.0M
603600.000 1961 COM2 65 0R0 138 1.0 24.4 80.2 1.0026 0.00 0.0M
603660.000 1961 COM2 65 0R0 142 1.8 24.4 80.4 1.0026 0.00 0.0M
603720.000 1961 COM2 65 0R0 158 1.5 24.4 80.7 1.0026 0.00 0.0M
603780.000 1961 COM2 65 0R0 189 2.0 24.3 80.7 1.0026 0.00 0.0M
603840.000 1961 COM2 65 0R0 146 2.1 24.3 81.4 1.0027 0.00 0.0M
603900.000 1961 COM2 65 0R0 198 2.6 24.3 81.4 1.0028 0.00 0.0M
603960.000 1961 COM2 65 0R0 170 2.9 24.3 81.7 1.0030 0.00 0.0M
604020.000 1961 COM2 65 0R0 168 3.3 24.3 82.0 1.0030 0.00 0.0M
604080.000 1961 COM2 65 0R0 171 3.0 24.3 82.1 1.0030 0.00 0.0M
604140.000 1961 COM2 65 0R0 148 1.5 24.3 82.2 1.0031 0.00 0.0M
604200.000 1961 COM2 65 0R0 131 1.8 24.3 82.1 1.0030 0.00 0.0M
604260.000 1961 COM2 65 0R0 162 1.9 24.3 81.7 1.0029 0.00 0.0M
604320.000 1961 COM2 65 0R0 167 2.8 24.3 81.8 1.0029 0.00 0.0M
604380.000 1961 COM2 65 0R0 114 1.7 24.3 81.7 1.0029 0.00 0.0M
604440.000 1961 COM2 65 0R0 201 2.7 24.3 81.7 1.0029 0.00 0.0M
604500.000 1961 COM2 65 0R0 185 2.3 24.3 82.1 1.0030 0.00 0.0M
604560.000 1961 COM2 65 0R0 160 3.1 24.3 81.8 1.0031 0.00 0.0M
604620.000 1961 COM2 65 0R0 181 4.3 24.3 81.9 1.0032 0.00 0.0M
604680.000 1961 COM2 65 0R0 276 1.4 24.3 82.9 1.0032 0.00 0.0M
604740.000 1961 COM2 65 0R0 221 1.2 24.3 82.6 1.0032 0.00 0.0M
