TO [s] WNc [w] C StringLn ASCIIString
---------------------------------------
432000.000 1969 COM2 65 0R0 230 2.4 23.9 56.4 1.0096 0.00 0.0M
432060.000 1969 COM2 65 0R0 208 0.9 23.9 56.4 1.0096 0.00 0.0M
432120.000 1969 COM2 65 0R0 171 1.8 23.9 56.5 1.0096 0.00 0.0M
432180.000 1969 COM2 65 0R0 236 0.7 23.9 56.6 1.0096 0.00 0.0M
432240.000 1969 COM2 65 0R0 234 3.0 23.9 56.9 1.0096 0.00 0.0M
432300.000 1969 COM2 65 0R0 256 2.3 23.8 56.9 1.0096 0.00 0.0M
432360.000 1969 COM2 65 0R0 237 3.4 23.8 57.1 1.0096 0.00 0.0M
432420.000 1969 COM2 65 0R0 234 3.0 23.8 57.1 1.0096 0.00 0.0M
432480.000 1969 COM2 65 0R0 198 2.4 23.8 57.1 1.0096 0.00 0.0M
432540.000 1969 COM2 65 0R0 234 2.6 23.8 57.1 1.0096 0.00 0.0M
432600.000 1969 COM2 65 0R0 239 3.4 23.8 57.2 1.0097 0.00 0.0M
432660.000 1969 COM2 65 0R0 224 2.0 23.8 57.2 1.0097 0.00 0.0M
432720.000 1969 COM2 65 0R0 247 3.0 23.8 57.5 1.0097 0.00 0.0M
432780.000 1969 COM2 65 0R0 208 2.5 23.8 57.3 1.0097 0.00 0.0M
432840.000 1969 COM2 65 0R0 224 2.5 23.8 57.5 1.0097 0.00 0.0M
432900.000 1969 COM2 65 0R0 240 3.0 23.8 57.7 1.0097 0.00 0.0M
432960.000 1969 COM2 65 0R0 214 2.5 23.8 57.7 1.0097 0.00 0.0M
433020.000 1969 COM2 65 0R0 219 3.3 23.8 57.9 1.0097 0.00 0.0M
433080.000 1969 COM2 65 0R0 235 3.5 23.8 57.9 1.0097 0.00 0.0M
433140.000 1969 COM2 65 0R0 230 1.8 23.8 58.0 1.0097 0.00 0.0M
433200.000 1969 COM2 65 0R0 213 3.0 23.8 58.1 1.0097 0.00 0.0M
433260.000 1969 COM2 65 0R0 249 2.5 23.8 57.8 1.0098 0.00 0.0M
433320.000 1969 COM2 65 0R0 227 3.4 23.8 58.1 1.0098 0.00 0.0M
433380.000 1969 COM2 65 0R0 224 3.0 23.8 58.2 1.0097 0.00 0.0M
433440.000 1969 COM2 65 0R0 268 2.2 23.8 58.2 1.0097 0.00 0.0M
433500.000 1969 COM2 65 0R0 243 1.9 23.8 58.3 1.0098 0.00 0.0M
433560.000 1969 COM2 65 0R0 257 2.7 23.8 58.3 1.0098 0.00 0.0M
433620.000 1969 COM2 65 0R0 234 3.9 23.8 58.3 1.0098 0.00 0.0M
433680.000 1969 COM2 65 0R0 229 3.2 23.8 58.4 1.0098 0.00 0.0M
433740.000 1969 COM2 65 0R0 183 1.7 23.8 58.1 1.0098 0.00 0.0M
433800.000 1969 COM2 65 0R0 220 3.0 23.8 58.4 1.0098 0.00 0.0M
433860.000 1969 COM2 65 0R0 217 1.8 23.8 58.4 1.0098 0.00 0.0M
433920.000 1969 COM2 65 0R0 241 2.2 23.8 58.4 1.0098 0.00 0.0M
433980.000 1969 COM2 65 0R0 247 1.9 23.8 58.4 1.0098 0.00 0.0M
434040.000 1969 COM2 65 0R0 279 1.7 23.8 58.6 1.0098 0.00 0.0M
434100.000 1969 COM2 65 0R0 247 2.9 23.8 58.6 1.0099 0.00 0.0M
434160.000 1969 COM2 65 0R0 280 2.9 23.8 58.6 1.0099 0.00 0.0M
434220.000 1969 COM2 65 0R0 248 2.4 23.8 58.6 1.0099 0.00 0.0M
434280.000 1969 COM2 65 0R0 238 2.1 23.8 58.7 1.0100 0.00 0.0M
434340.000 1969 COM2 65 0R0 236 2.7 23.8 58.7 1.0100 0.00 0.0M
434400.000 1969 COM2 65 0R0 254 1.6 23.7 58.8 1.0100 0.00 0.0M
434460.000 1969 COM2 65 0R0 201 2.6 23.7 58.9 1.0100 0.00 0.0M
434520.000 1969 COM2 65 0R0 245 4.8 23.7 58.9 1.0100 0.00 0.0M
434580.000 1969 COM2 65 0R0 248 3.1 23.7 59.0 1.0100 0.00 0.0M
434640.000 1969 COM2 65 0R0 239 1.8 23.7 58.9 1.0100 0.00 0.0M
434700.000 1969 COM2 65 0R0 241 2.4 23.7 59.3 1.0100 0.00 0.0M
434760.000 1969 COM2 65 0R0 303 1.6 23.7 59.3 1.0100 0.00 0.0M
434820.000 1969 COM2 65 0R0 235 2.4 23.7 59.3 1.0100 0.00 0.0M
434880.000 1969 COM2 65 0R0 283 1.7 23.7 59.3 1.0100 0.00 0.0M
434940.000 1969 COM2 65 0R0 226 4.3 23.7 59.4 1.0100 0.00 0.0M
435000.000 1969 COM2 65 0R0 231 2.9 23.7 59.4 1.0100 0.00 0.0M
435060.000 1969 COM2 65 0R0 225 2.5 23.7 59.5 1.0100 0.00 0.0M
435120.000 1969 COM2 65 0R0 239 1.8 23.7 59.5 1.0100 0.00 0.0M
435180.000 1969 COM2 65 0R0 233 1.5 23.6 59.5 1.0100 0.00 0.0M
435240.000 1969 COM2 65 0R0 232 3.4 23.6 59.7 1.0101 0.00 0.0M
435300.000 1969 COM2 65 0R0 248 2.6 23.6 59.8 1.0101 0.00 0.0M
435360.000 1969 COM2 65 0R0 234 2.3 23.6 59.7 1.0100 0.00 0.0M
435420.000 1969 COM2 65 0R0 245 3.1 23.6 59.7 1.0101 0.00 0.0M
435480.000 1969 COM2 65 0R0 264 1.5 23.6 60.2 1.0101 0.00 0.0M
435540.000 1969 COM2 65 0R0 254 1.8 23.6 60.1 1.0101 0.01 0.0M
435600.000 1969 COM2 65 0R0 273 1.4 23.6 60.3 1.0101 0.00 0.0M
435660.000 1969 COM2 65 0R0 279 3.1 23.6 60.3 1.0101 0.00 0.0M
435720.000 1969 COM2 65 0R0 338 1.7 23.5 60.7 1.0101 0.00 0.0M
435780.000 1969 COM2 65 0R0 208 1.8 23.5 60.7 1.0101 0.00 0.0M
435840.000 1969 COM2 65 0R0 195 1.3 23.5 61.0 1.0101 0.00 0.0M
435900.000 1969 COM2 65 0R0 253 2.4 23.5 61.1 1.0101 0.00 0.0M
435960.000 1969 COM2 65 0R0 278 1.4 23.5 61.2 1.0101 0.00 0.0M
436020.000 1969 COM2 65 0R0 189 1.2 23.4 61.4 1.0102 0.00 0.0M
436080.000 1969 COM2 65 0R0 271 2.2 23.4 61.6 1.0101 0.00 0.0M
436140.000 1969 COM2 65 0R0 295 0.9 23.4 62.1 1.0101 0.00 0.0M
436200.000 1969 COM2 65 0R0 201 2.5 23.3 62.4 1.0101 0.00 0.0M
436260.000 1969 COM2 65 0R0 269 2.8 23.3 62.1 1.0101 0.00 0.0M
436320.000 1969 COM2 65 0R0 238 3.5 23.3 62.2 1.0101 0.00 0.0M
436380.000 1969 COM2 65 0R0 261 1.6 23.3 62.3 1.0100 0.00 0.0M
436440.000 1969 COM2 65 0R0 287 0.8 23.3 62.3 1.0099 0.00 0.0M
436500.000 1969 COM2 65 0R0 239 3.0 23.3 62.5 1.0099 0.00 0.0M
436560.000 1969 COM2 65 0R0 160 1.6 23.2 62.4 1.0099 0.00 0.0M
436620.000 1969 COM2 65 0R0 238 2.2 23.2 62.6 1.0099 0.00 0.0M
436680.000 1969 COM2 65 0R0 240 2.2 23.2 62.7 1.0100 0.00 0.0M
436740.000 1969 COM2 65 0R0 248 1.1 23.2 62.8 1.0100 0.00 0.0M
436800.000 1969 COM2 65 0R0 250 1.8 23.2 62.8 1.0100 0.00 0.0M
436860.000 1969 COM2 65 0R0 216 3.4 23.2 62.9 1.0100 0.00 0.0M
436920.000 1969 COM2 65 0R0 273 2.2 23.1 62.9 1.0100 0.00 0.0M
436980.000 1969 COM2 65 0R0 230 2.8 23.2 62.9 1.0100 0.00 0.0M
437040.000 1969 COM2 65 0R0 252 3.3 23.2 62.9 1.0101 0.00 0.0M
437100.000 1969 COM2 65 0R0 261 2.2 23.1 63.1 1.0101 0.00 0.0M
437160.000 1969 COM2 65 0R0 282 0.6 23.1 63.2 1.0101 0.00 0.0M
437220.100 1969 COM2 65 0R0 247 1.4 23.1 63.4 1.0101 0.00 0.0M
437280.000 1969 COM2 65 0R0 245 3.1 23.1 63.7 1.0101 0.00 0.0M
437340.000 1969 COM2 65 0R0 251 1.6 23.1 64.0 1.0101 0.00 0.0M
437400.000 1969 COM2 65 0R0 225 2.2 23.1 64.4 1.0101 0.00 0.0M
437460.000 1969 COM2 65 0R0 234 1.6 23.0 65.1 1.0101 0.01 0.0M
437520.000 1969 COM2 65 0R0 261 2.0 23.0 65.6 1.0101 0.00 0.0M
437580.000 1969 COM2 65 0R0 281 2.0 23.0 65.4 1.0101 0.00 0.0M
437640.000 1969 COM2 65 0R0 251 2.6 22.9 65.7 1.0101 0.01 0.0M
437700.000 1969 COM2 65 0R0 276 2.2 22.9 65.8 1.0101 0.00 0.0M
437760.000 1969 COM2 65 0R0 258 2.9 22.9 65.8 1.0100 0.01 0.0M
437820.000 1969 COM2 65 0R0 271 1.8 22.8 66.2 1.0101 0.00 0.0M
437880.000 1969 COM2 65 0R0 219 1.6 22.8 67.4 1.0101 0.01 0.0M
437940.000 1969 COM2 65 0R0 219 2.0 22.8 66.8 1.0101 0.00 0.0M
438000.000 1969 COM2 65 0R0 241 1.4 22.7 68.1 1.0101 0.01 0.0M
438060.000 1969 COM2 65 0R0 278 2.3 22.7 68.4 1.0101 0.00 0.0M
438120.000 1969 COM2 65 0R0 242 3.0 22.6 67.9 1.0101 0.00 0.0M
438180.000 1969 COM2 65 0R0 270 2.4 22.6 68.8 1.0101 0.00 0.0M
438240.000 1969 COM2 65 0R0 214 1.2 22.5 68.9 1.0101 0.00 0.0M
438300.000 1969 COM2 65 0R0 248 2.9 22.5 69.1 1.0101 0.00 0.0M
438360.000 1969 COM2 65 0R0 265 2.6 22.5 69.3 1.0101 0.00 0.0M
438420.000 1969 COM2 65 0R0 223 0.8 22.4 69.3 1.0101 0.00 0.0M
438480.000 1969 COM2 65 0R0 237 1.4 22.4 69.6 1.0101 0.00 0.0M
438540.000 1969 COM2 65 0R0 239 1.9 22.4 69.7 1.0101 0.00 0.0M
438600.000 1969 COM2 65 0R0 265 2.6 22.3 70.5 1.0101 0.01 0.0M
438660.000 1969 COM2 65 0R0 248 1.6 22.3 70.6 1.0101 0.00 0.0M
438720.000 1969 COM2 65 0R0 259 2.0 22.3 71.0 1.0101 0.00 0.0M
438780.000 1969 COM2 65 0R0 259 1.8 22.2 71.4 1.0101 0.00 0.0M
438840.000 1969 COM2 65 0R0 249 1.5 22.2 71.1 1.0101 0.00 0.0M
438900.000 1969 COM2 65 0R0 272 1.2 22.2 71.1 1.0100 0.00 0.0M
438960.000 1969 COM2 65 0R0 310 0.3 22.1 71.9 1.0099 0.00 0.0M
439020.000 1969 COM2 65 0R0 275 1.7 22.1 72.1 1.0098 0.00 0.0M
439080.000 1969 COM2 65 0R0 222 0.9 22.1 71.9 1.0098 0.00 0.0M
439140.100 1969 COM2 65 0R0 282 2.4 22.1 72.2 1.0098 0.02 0.0M
439200.000 1969 COM2 65 0R0 250 1.7 22.1 72.7 1.0098 0.00 0.0M
439260.000 1969 COM2 65 0R0 240 1.4 22.0 73.0 1.0099 0.00 0.0M
439320.000 1969 COM2 65 0R0 273 0.7 22.0 73.2 1.0099 0.00 0.0M
439380.000 1969 COM2 65 0R0 257 1.0 22.0 73.1 1.0100 0.00 0.0M
439440.000 1969 COM2 65 0R0 252 3.0 21.9 73.7 1.0100 0.00 0.0M
439500.000 1969 COM2 65 0R0 203 1.3 21.9 73.5 1.0099 0.00 0.0M
439560.000 1969 COM2 65 0R0 205 2.6 21.9 73.9 1.0099 0.00 0.0M
439620.000 1969 COM2 65 0R0 190 1.4 21.8 73.7 1.0098 0.00 0.0M
439680.100 1969 COM2 65 0R0 213 1.9 21.8 74.2 1.0098 0.00 0.0M
439740.000 1969 COM2 65 0R0 219 2.0 21.7 74.5 1.0098 0.00 0.0M
439800.100 1969 COM2 65 0R0 183 2.7 21.7 73.9 1.0098 0.00 0.0M
439860.000 1969 COM2 65 0R0 098 0.8 21.7 74.4 1.0098 0.00 0.0M
439920.100 1969 COM2 65 0R0 189 0.8 21.7 75.2 1.0098 0.00 0.0M
439980.000 1969 COM2 65 0R0 155 1.6 21.7 74.8 1.0098 0.00 0.0M
440040.000 1969 COM2 65 0R0 172 2.4 21.6 75.2 1.0099 0.00 0.0M
440100.000 1969 COM2 65 0R0 214 2.7 21.6 76.1 1.0099 0.00 0.0M
440160.000 1969 COM2 65 0R0 211 2.2 21.5 75.7 1.0099 0.00 0.0M
440220.000 1969 COM2 65 0R0 225 1.7 21.4 75.6 1.0100 0.00 0.0M
440280.000 1969 COM2 65 0R0 214 2.5 21.4 75.9 1.0100 0.00 0.0M
440340.000 1969 COM2 65 0R0 237 2.7 21.4 76.4 1.0101 0.00 0.0M
440400.000 1969 COM2 65 0R0 222 2.0 21.3 76.5 1.0101 0.00 0.0M
440460.000 1969 COM2 65 0R0 247 3.3 21.3 76.1 1.0101 0.00 0.0M
440520.000 1969 COM2 65 0R0 254 2.0 21.3 76.3 1.0101 0.00 0.0M
440580.000 1969 COM2 65 0R0 258 1.4 21.2 76.7 1.0102 0.00 0.0M
440640.000 1969 COM2 65 0R0 221 1.3 21.2 76.9 1.0103 0.00 0.0M
440700.000 1969 COM2 65 0R0 235 2.0 21.2 77.2 1.0103 0.00 0.0M
440760.000 1969 COM2 65 0R0 256 2.8 21.2 77.1 1.0103 0.00 0.0M
440820.000 1969 COM2 65 0R0 266 1.2 21.2 77.1 1.0104 0.00 0.0M
440880.000 1969 COM2 65 0R0 248 2.2 21.2 77.2 1.0104 0.00 0.0M
440940.000 1969 COM2 65 0R0 244 1.9 21.2 77.1 1.0104 0.00 0.0M
441000.000 1969 COM2 65 0R0 309 1.5 21.2 77.2 1.0104 0.00 0.0M
441060.000 1969 COM2 65 0R0 272 2.4 21.2 77.1 1.0104 0.00 0.0M
441120.000 1969 COM2 65 0R0 263 2.0 21.2 77.1 1.0104 0.00 0.0M
441180.000 1969 COM2 65 0R0 264 2.1 21.2 77.3 1.0103 0.00 0.0M
441240.000 1969 COM2 65 0R0 243 2.5 21.2 77.2 1.0103 0.00 0.0M
441300.000 1969 COM2 65 0R0 278 2.2 21.2 77.2 1.0103 0.00 0.0M
441360.000 1969 COM2 65 0R0 270 0.8 21.2 77.3 1.0104 0.00 0.0M
441420.000 1969 COM2 65 0R0 262 1.4 21.2 77.3 1.0104 0.00 0.0M
441480.000 1969 COM2 65 0R0 235 2.5 21.2 77.5 1.0104 0.00 0.0M
441540.000 1969 COM2 65 0R0 270 1.7 21.2 77.6 1.0105 0.00 0.0M
441600.000 1969 COM2 65 0R0 249 0.7 21.2 77.6 1.0105 0.00 0.0M
441660.000 1969 COM2 65 0R0 249 0.7 21.2 77.7 1.0105 0.00 0.0M
441720.000 1969 COM2 65 0R0 229 1.2 21.2 77.9 1.0105 0.00 0.0M
441780.000 1969 COM2 65 0R0 272 2.1 21.2 77.9 1.0105 0.00 0.0M
441840.000 1969 COM2 65 0R0 233 1.9 21.2 77.8 1.0105 0.00 0.0M
441900.000 1969 COM2 65 0R0 309 1.1 21.2 77.9 1.0105 0.00 0.0M
441960.000 1969 COM2 65 0R0 260 1.4 21.2 78.1 1.0105 0.00 0.0M
442020.000 1969 COM2 65 0R0 275 1.8 21.1 78.2 1.0105 0.00 0.0M
442080.000 1969 COM2 65 0R0 290 1.5 21.1 78.2 1.0104 0.00 0.0M
442140.000 1969 COM2 65 0R0 286 2.9 21.1 78.4 1.0104 0.00 0.0M
442200.000 1969 COM2 65 0R0 328 0.6 21.1 78.3 1.0104 0.00 0.0M
442260.000 1969 COM2 65 0R0 246 2.4 21.1 78.5 1.0104 0.00 0.0M
442320.000 1969 COM2 65 0R0 223 0.3 21.1 78.6 1.0104 0.00 0.0M
442380.000 1969 COM2 65 0R0 266 1.3 21.1 78.6 1.0103 0.00 0.0M
442440.000 1969 COM2 65 0R0 272 1.9 21.1 78.7 1.0103 0.00 0.0M
442500.000 1969 COM2 65 0R0 262 1.5 21.1 78.9 1.0103 0.00 0.0M
442560.000 1969 COM2 65 0R0 260 2.1 21.1 78.8 1.0103 0.00 0.0M
442620.100 1969 COM2 65 0R0 240 2.7 21.1 78.7 1.0103 0.00 0.0M
442680.000 1969 COM2 65 0R0 261 1.0 21.1 78.5 1.0104 0.00 0.0M
442740.000 1969 COM2 65 0R0 256 2.1 21.1 78.5 1.0104 0.00 0.0M
442800.000 1969 COM2 65 0R0 275 2.0 21.1 78.4 1.0104 0.00 0.0M
442860.000 1969 COM2 65 0R0 271 2.6 21.1 78.1 1.0104 0.00 0.0M
442920.000 1969 COM2 65 0R0 303 0.8 21.1 78.3 1.0104 0.00 0.0M
442980.000 1969 COM2 65 0R0 248 0.8 21.2 78.3 1.0103 0.00 0.0M
443040.000 1969 COM2 65 0R0 256 3.0 21.2 78.3 1.0103 0.00 0.0M
443100.000 1969 COM2 65 0R0 285 0.7 21.2 78.3 1.0103 0.00 0.0M
443160.000 1969 COM2 65 0R0 247 1.8 21.2 78.1 1.0103 0.00 0.0M
443220.000 1969 COM2 65 0R0 227 1.4 21.2 78.2 1.0103 0.00 0.0M
443280.000 1969 COM2 65 0R0 188 1.8 21.2 78.1 1.0101 0.00 0.0M
443340.000 1969 COM2 65 0R0 263 1.1 21.2 78.1 1.0101 0.00 0.0M
443400.000 1969 COM2 65 0R0 253 1.7 21.2 78.0 1.0101 0.00 0.0M
443460.000 1969 COM2 65 0R0 254 1.6 21.2 78.3 1.0102 0.00 0.0M
443520.000 1969 COM2 65 0R0 194 1.4 21.1 78.4 1.0102 0.00 0.0M
443580.000 1969 COM2 65 0R0 224 2.0 21.1 78.3 1.0101 0.00 0.0M
443640.000 1969 COM2 65 0R0 230 1.1 21.1 78.5 1.0101 0.00 0.0M
443700.000 1969 COM2 65 0R0 210 1.4 21.1 78.9 1.0102 0.00 0.0M
443760.000 1969 COM2 65 0R0 239 1.2 21.1 78.9 1.0102 0.00 0.0M
443820.000 1969 COM2 65 0R0 247 0.4 21.1 78.8 1.0102 0.00 0.0M
443880.000 1969 COM2 65 0R0 179 0.9 21.1 78.9 1.0102 0.00 0.0M
443940.000 1969 COM2 65 0R0 226 0.9 21.0 78.7 1.0102 0.00 0.0M
444000.000 1969 COM2 65 0R0 214 0.9 21.0 78.8 1.0103 0.00 0.0M
444060.000 1969 COM2 65 0R0 275 0.9 21.0 78.9 1.0103 0.00 0.0M
444120.000 1969 COM2 65 0R0 256 1.3 21.0 78.8 1.0102 0.00 0.0M
444180.000 1969 COM2 65 0R0 191 0.4 21.0 79.0 1.0103 0.00 0.0M
444240.000 1969 COM2 65 0R0 249 1.8 21.0 78.9 1.0102 0.00 0.0M
444300.000 1969 COM2 65 0R0 205 0.5 21.0 79.0 1.0102 0.00 0.0M
444360.000 1969 COM2 65 0R0 253 0.8 21.0 79.0 1.0102 0.00 0.0M
444420.000 1969 COM2 65 0R0 229 2.0 21.0 79.2 1.0102 0.00 0.0M
444480.000 1969 COM2 65 0R0 272 0.7 21.0 79.2 1.0102 0.00 0.0M
444540.000 1969 COM2 65 0R0 241 1.7 21.0 79.1 1.0102 0.00 0.0M
444600.000 1969 COM2 65 0R0 234 1.6 21.0 79.2 1.0102 0.00 0.0M
444660.000 1969 COM2 65 0R0 262 0.5 21.0 79.4 1.0102 0.00 0.0M
444720.000 1969 COM2 65 0R0 261 0.3 20.9 79.3 1.0102 0.00 0.0M
444780.000 1969 COM2 65 0R0 260 1.5 21.0 79.4 1.0101 0.00 0.0M
444840.000 1969 COM2 65 0R0 270 1.1 20.9 79.2 1.0101 0.00 0.0M
444900.000 1969 COM2 65 0R0 246 2.0 20.9 79.4 1.0101 0.00 0.0M
444960.000 1969 COM2 65 0R0 265 1.2 20.9 79.4 1.0101 0.00 0.0M
445020.000 1969 COM2 65 0R0 241 1.5 20.9 79.5 1.0101 0.00 0.0M
445080.000 1969 COM2 65 0R0 268 1.6 20.9 79.5 1.0101 0.00 0.0M
445140.000 1969 COM2 65 0R0 217 1.8 20.9 79.4 1.0101 0.00 0.0M
445200.000 1969 COM2 65 0R0 250 0.8 20.9 79.5 1.0101 0.00 0.0M
445260.000 1969 COM2 65 0R0 258 1.2 20.9 79.4 1.0101 0.00 0.0M
445320.000 1969 COM2 65 0R0 202 1.4 20.9 79.6 1.0101 0.00 0.0M
445380.000 1969 COM2 65 0R0 234 2.0 20.9 79.5 1.0101 0.00 0.0M
445440.000 1969 COM2 65 0R0 229 1.5 20.9 79.4 1.0101 0.00 0.0M
445500.000 1969 COM2 65 0R0 257 1.0 20.9 79.4 1.0102 0.00 0.0M
445560.000 1969 COM2 65 0R0 266 1.5 20.9 79.6 1.0102 0.00 0.0M
445620.000 1969 COM2 65 0R0 266 1.4 20.9 79.5 1.0103 0.00 0.0M
445680.000 1969 COM2 65 0R0 247 2.5 20.9 79.4 1.0103 0.00 0.0M
445740.000 1969 COM2 65 0R0 227 1.9 20.9 79.5 1.0103 0.00 0.0M
445800.000 1969 COM2 65 0R0 194 2.1 20.9 79.7 1.0103 0.00 0.0M
445860.000 1969 COM2 65 0R0 219 2.7 20.8 80.1 1.0103 0.00 0.0M
445920.000 1969 COM2 65 0R0 218 2.2 20.8 80.4 1.0103 0.00 0.0M
445980.000 1969 COM2 65 0R0 207 2.2 20.7 80.7 1.0102 0.00 0.0M
446040.000 1969 COM2 65 0R0 215 2.3 20.7 80.8 1.0102 0.00 0.0M
446100.100 1969 COM2 65 0R0 218 1.7 20.6 80.9 1.0102 0.00 0.0M
446160.000 1969 COM2 65 0R0 211 3.2 20.6 81.3 1.0102 0.00 0.0M
446220.000 1969 COM2 65 0R0 190 2.9 20.6 81.5 1.0102 0.00 0.0M
446280.000 1969 COM2 65 0R0 205 2.8 20.5 81.7 1.0101 0.00 0.0M
446340.000 1969 COM2 65 0R0 203 3.9 20.5 81.8 1.0102 0.00 0.0M
446400.000 1969 COM2 65 0R0 194 3.0 20.5 82.0 1.0102 0.00 0.0M
446460.000 1969 COM2 65 0R0 235 1.3 20.5 81.9 1.0102 0.00 0.0M
446520.000 1969 COM2 65 0R0 106 0.4 20.5 81.9 1.0102 0.00 0.0M
446580.000 1969 COM2 65 0R0 213 1.9 20.5 81.9 1.0102 0.00 0.0M
446640.000 1969 COM2 65 0R0 296 0.5 20.5 81.9 1.0102 0.00 0.0M
446700.000 1969 COM2 65 0R0 228 1.5 20.5 81.9 1.0102 0.00 0.0M
446760.000 1969 COM2 65 0R0 266 1.1 20.5 82.0 1.0102 0.00 0.0M
446820.000 1969 COM2 65 0R0 235 1.5 20.5 82.0 1.0103 0.00 0.0M
446880.000 1969 COM2 65 0R0 245 1.6 20.5 82.0 1.0103 0.00 0.0M
446940.000 1969 COM2 65 0R0 215 1.7 20.5 82.0 1.0104 0.00 0.0M
447000.000 1969 COM2 65 0R0 239 1.1 20.4 82.0 1.0104 0.00 0.0M
447060.000 1969 COM2 65 0R0 248 1.4 20.4 82.1 1.0103 0.00 0.0M
447120.000 1969 COM2 65 0R0 200 0.5 20.4 82.1 1.0102 0.00 0.0M
447180.000 1969 COM2 65 0R0 189 0.3 20.4 82.3 1.0101 0.00 0.0M
447240.000 1969 COM2 65 0R0 128 0.4 20.4 81.8 1.0101 0.00 0.0M
447300.000 1969 COM2 65 0R0 236 1.1 20.4 81.8 1.0101 0.00 0.0M
447360.000 1969 COM2 65 0R0 224 0.6 20.5 82.0 1.0102 0.00 0.0M
447420.000 1969 COM2 65 0R0 239 1.2 20.5 81.8 1.0102 0.00 0.0M
447480.000 1969 COM2 65 0R0 233 1.2 20.5 81.9 1.0103 0.00 0.0M
447540.000 1969 COM2 65 0R0 219 1.9 20.5 81.9 1.0103 0.00 0.0M
447600.000 1969 COM2 65 0R0 227 1.5 20.5 82.0 1.0104 0.00 0.0M
447660.000 1969 COM2 65 0R0 220 2.5 20.5 82.1 1.0105 0.00 0.0M
447720.000 1969 COM2 65 0R0 215 3.5 20.5 82.1 1.0105 0.00 0.0M
447780.000 1969 COM2 65 0R0 207 2.9 20.5 82.2 1.0105 0.00 0.0M
447840.000 1969 COM2 65 0R0 227 1.8 20.4 82.2 1.0105 0.00 0.0M
447900.000 1969 COM2 65 0R0 228 2.3 20.4 82.6 1.0105 0.00 0.0M
447960.000 1969 COM2 65 0R0 202 3.0 20.4 82.8 1.0105 0.00 0.0M
448020.000 1969 COM2 65 0R0 223 1.8 20.4 82.9 1.0104 0.00 0.0M
448080.000 1969 COM2 65 0R0 203 2.0 20.3 83.1 1.0104 0.00 0.0M
448140.000 1969 COM2 65 0R0 193 3.3 20.3 83.3 1.0104 0.00 0.0M
448200.000 1969 COM2 65 0R0 222 2.8 20.3 83.4 1.0104 0.00 0.0M
448260.000 1969 COM2 65 0R0 216 3.2 20.3 83.6 1.0104 0.00 0.0M
448320.000 1969 COM2 65 0R0 211 3.1 20.3 83.7 1.0104 0.00 0.0M
448380.000 1969 COM2 65 0R0 206 4.0 20.3 83.8 1.0104 0.00 0.0M
448440.100 1969 COM2 65 0R0 268 2.2 20.2 84.0 1.0104 0.00 0.0M
448500.100 1969 COM2 65 0R0 194 2.4 20.2 84.1 1.0104 0.00 0.0M
448560.000 1969 COM2 65 0R0 244 2.4 20.2 84.1 1.0104 0.00 0.0M
448620.000 1969 COM2 65 0R0 249 2.7 20.2 84.2 1.0105 0.00 0.0M
448680.000 1969 COM2 65 0R0 264 1.3 20.2 84.1 1.0105 0.00 0.0M
448740.000 1969 COM2 65 0R0 225 1.5 20.2 84.1 1.0104 0.00 0.0M
448800.000 1969 COM2 65 0R0 230 2.5 20.2 84.1 1.0104 0.00 0.0M
448860.000 1969 COM2 65 0R0 306 1.8 20.2 83.9 1.0104 0.00 0.0M
448920.000 1969 COM2 65 0R0 218 2.9 20.2 84.0 1.0104 0.00 0.0M
448980.000 1969 COM2 65 0R0 238 1.9 20.2 84.0 1.0104 0.00 0.0M
449040.000 1969 COM2 65 0R0 216 2.4 20.2 84.0 1.0104 0.00 0.0M
449100.000 1969 COM2 65 0R0 213 2.6 20.3 83.9 1.0104 0.00 0.0M
449160.000 1969 COM2 65 0R0 214 2.7 20.3 84.0 1.0104 0.00 0.0M
449220.000 1969 COM2 65 0R0 234 1.4 20.3 83.9 1.0104 0.00 0.0M
449280.000 1969 COM2 65 0R0 248 1.3 20.3 83.9 1.0104 0.00 0.0M
449340.000 1969 COM2 65 0R0 267 1.4 20.3 83.9 1.0105 0.00 0.0M
449400.000 1969 COM2 65 0R0 260 0.9 20.3 84.1 1.0105 0.00 0.0M
449460.000 1969 COM2 65 0R0 221 0.8 20.3 84.0 1.0105 0.00 0.0M
449520.000 1969 COM2 65 0R0 233 0.8 20.3 84.1 1.0105 0.00 0.0M
449580.000 1969 COM2 65 0R0 243 1.3 20.3 83.9 1.0105 0.00 0.0M
449640.000 1969 COM2 65 0R0 200 1.9 20.3 84.0 1.0105 0.00 0.0M
449700.000 1969 COM2 65 0R0 239 0.9 20.3 83.8 1.0104 0.00 0.0M
449760.000 1969 COM2 65 0R0 275 1.5 20.3 83.5 1.0104 0.00 0.0M
449820.000 1969 COM2 65 0R0 262 1.3 20.3 83.8 1.0104 0.00 0.0M
449880.000 1969 COM2 65 0R0 289 1.1 20.3 83.8 1.0104 0.00 0.0M
449940.000 1969 COM2 65 0R0 265 1.8 20.4 83.7 1.0104 0.00 0.0M
450000.000 1969 COM2 65 0R0 234 1.0 20.4 83.6 1.0104 0.00 0.0M
450060.000 1969 COM2 65 0R0 275 1.6 20.4 83.6 1.0104 0.00 0.0M
450120.000 1969 COM2 65 0R0 246 2.3 20.4 83.6 1.0104 0.00 0.0M
450180.000 1969 COM2 65 0R0 264 1.3 20.4 83.6 1.0104 0.00 0.0M
450240.000 1969 COM2 65 0R0 300 1.7 20.4 83.6 1.0104 0.00 0.0M
450300.000 1969 COM2 65 0R0 326 0.8 20.4 83.6 1.0104 0.00 0.0M
450360.000 1969 COM2 65 0R0 274 1.7 20.4 83.5 1.0105 0.00 0.0M
450420.000 1969 COM2 65 0R0 239 2.4 20.4 83.6 1.0105 0.00 0.0M
450480.000 1969 COM2 65 0R0 280 1.3 20.4 83.6 1.0104 0.00 0.0M
450540.000 1969 COM2 65 0R0 267 2.5 20.4 83.6 1.0104 0.00 0.0M
450600.000 1969 COM2 65 0R0 310 1.5 20.4 83.5 1.0104 0.00 0.0M
450660.000 1969 COM2 65 0R0 227 0.9 20.5 83.5 1.0103 0.00 0.0M
450720.000 1969 COM2 65 0R0 268 1.9 20.5 83.4 1.0103 0.00 0.0M
450780.000 1969 COM2 65 0R0 254 3.0 20.5 83.4 1.0102 0.00 0.0M
450840.000 1969 COM2 65 0R0 240 1.0 20.5 83.2 1.0102 0.00 0.0M
450900.000 1969 COM2 65 0R0 269 2.1 20.5 83.4 1.0103 0.00 0.0M
450960.000 1969 COM2 65 0R0 194 1.3 20.5 83.4 1.0103 0.00 0.0M
451020.000 1969 COM2 65 0R0 229 1.2 20.5 83.3 1.0103 0.00 0.0M
451080.000 1969 COM2 65 0R0 268 1.4 20.5 83.3 1.0102 0.00 0.0M
451140.000 1969 COM2 65 0R0 268 1.4 20.5 83.2 1.0103 0.00 0.0M
451200.000 1969 COM2 65 0R0 256 0.8 20.5 83.2 1.0102 0.00 0.0M
451260.000 1969 COM2 65 0R0 238 1.3 20.5 83.2 1.0102 0.00 0.0M
451320.000 1969 COM2 65 0R0 257 1.5 20.5 83.3 1.0103 0.00 0.0M
451380.000 1969 COM2 65 0R0 275 1.2 20.5 83.2 1.0102 0.00 0.0M
451440.000 1969 COM2 65 0R0 283 2.1 20.5 83.2 1.0102 0.00 0.0M
451500.000 1969 COM2 65 0R0 246 0.8 20.5 83.1 1.0102 0.00 0.0M
451560.000 1969 COM2 65 0R0 237 0.7 20.5 83.2 1.0102 0.00 0.0M
451620.000 1969 COM2 65 0R0 291 0.8 20.5 83.2 1.0102 0.00 0.0M
451680.000 1969 COM2 65 0R0 237 1.1 20.5 83.4 1.0102 0.00 0.0M
451740.000 1969 COM2 65 0R0 245 1.2 20.5 83.3 1.0102 0.00 0.0M
451800.000 1969 COM2 65 0R0 243 0.5 20.5 83.5 1.0102 0.00 0.0M
451860.000 1969 COM2 65 0R0 237 1.7 20.5 83.5 1.0103 0.00 0.0M
451920.000 1969 COM2 65 0R0 304 2.4 20.5 83.6 1.0103 0.00 0.0M
451980.000 1969 COM2 65 0R0 273 0.6 20.5 83.6 1.0103 0.00 0.0M
452040.100 1969 COM2 65 0R0 278 1.9 20.4 83.6 1.0103 0.00 0.0M
452100.000 1969 COM2 65 0R0 258 1.9 20.4 83.7 1.0104 0.00 0.0M
452160.100 1969 COM2 65 0R0 290 0.8 20.4 83.7 1.0104 0.00 0.0M
452220.000 1969 COM2 65 0R0 243 2.8 20.4 83.8 1.0104 0.00 0.0M
452280.100 1969 COM2 65 0R0 240 1.0 20.4 83.8 1.0104 0.00 0.0M
452340.000 1969 COM2 65 0R0 241 1.1 20.4 83.9 1.0104 0.00 0.0M
452400.000 1969 COM2 65 0R0 224 0.5 20.4 84.0 1.0103 0.00 0.0M
452460.000 1969 COM2 65 0R0 278 0.7 20.4 84.0 1.0103 0.00 0.0M
452520.000 1969 COM2 65 0R0 246 0.3 20.4 83.9 1.0103 0.00 0.0M
452580.000 1969 COM2 65 0R0 262 3.9 20.4 84.0 1.0103 0.00 0.0M
452640.000 1969 COM2 65 0R0 277 0.7 20.4 84.1 1.0103 0.00 0.0M
452700.000 1969 COM2 65 0R0 307 0.9 20.4 84.0 1.0103 0.00 0.0M
452760.000 1969 COM2 65 0R0 271 2.4 20.4 84.1 1.0103 0.00 0.0M
452820.000 1969 COM2 65 0R0 227 1.4 20.4 84.2 1.0104 0.00 0.0M
452880.100 1969 COM2 65 0R0 250 0.8 20.3 83.9 1.0104 0.00 0.0M
452940.100 1969 COM2 65 0R0 239 1.7 20.3 84.1 1.0103 0.00 0.0M
453000.000 1969 COM2 65 0R0 245 1.2 20.3 84.0 1.0103 0.00 0.0M
453060.000 1969 COM2 65 0R0 231 2.5 20.3 84.1 1.0103 0.00 0.0M
453120.000 1969 COM2 65 0R0 201 0.5 20.3 84.3 1.0102 0.00 0.0M
453180.000 1969 COM2 65 0R0 234 1.2 20.3 84.2 1.0102 0.00 0.0M
453240.000 1969 COM2 65 0R0 236 2.1 20.3 84.2 1.0102 0.00 0.0M
453300.000 1969 COM2 65 0R0 292 1.5 20.3 84.2 1.0102 0.00 0.0M
453360.100 1969 COM2 65 0R0 251 0.8 20.3 84.2 1.0102 0.00 0.0M
453420.000 1969 COM2 65 0R0 237 1.2 20.3 84.2 1.0102 0.00 0.0M
453480.100 1969 COM2 65 0R0 189 0.6 20.3 84.2 1.0102 0.00 0.0M
453540.000 1969 COM2 65 0R0 273 1.8 20.3 84.1 1.0102 0.00 0.0M
453600.000 1969 COM2 65 0R0 278 1.2 20.3 84.4 1.0102 0.00 0.0M
453660.000 1969 COM2 65 0R0 273 0.9 20.3 84.3 1.0102 0.00 0.0M
453720.000 1969 COM2 65 0R0 247 1.2 20.3 84.4 1.0102 0.00 0.0M
453780.000 1969 COM2 65 0R0 325 0.6 20.3 84.4 1.0102 0.00 0.0M
453840.000 1969 COM2 65 0R0 211 1.6 20.3 84.4 1.0102 0.00 0.0M
453900.000 1969 COM2 65 0R0 275 2.5 20.3 84.4 1.0102 0.00 0.0M
453960.000 1969 COM2 65 0R0 254 1.4 20.3 84.4 1.0102 0.00 0.0M
454020.000 1969 COM2 65 0R0 263 1.8 20.3 84.4 1.0102 0.00 0.0M
454080.000 1969 COM2 65 0R0 243 1.4 20.3 84.5 1.0102 0.00 0.0M
454140.000 1969 COM2 65 0R0 249 1.4 20.3 84.4 1.0102 0.00 0.0M
454200.000 1969 COM2 65 0R0 261 1.0 20.3 84.4 1.0102 0.00 0.0M
454260.000 1969 COM2 65 0R0 260 2.1 20.2 84.5 1.0102 0.00 0.0M
454320.000 1969 COM2 65 0R0 237 2.0 20.2 84.5 1.0101 0.00 0.0M
454380.000 1969 COM2 65 0R0 235 1.7 20.2 84.5 1.0101 0.00 0.0M
454440.000 1969 COM2 65 0R0 222 1.7 20.2 84.7 1.0101 0.00 0.0M
454500.000 1969 COM2 65 0R0 205 0.3 20.2 84.7 1.0101 0.00 0.0M
454560.000 1969 COM2 65 0R0 246 1.7 20.2 84.7 1.0101 0.00 0.0M
454620.000 1969 COM2 65 0R0 218 0.7 20.2 84.8 1.0100 0.00 0.0M
454680.000 1969 COM2 65 0R0 260 1.6 20.2 84.9 1.0100 0.00 0.0M
454740.000 1969 COM2 65 0R0 277 1.0 20.2 84.9 1.0100 0.00 0.0M
454800.000 1969 COM2 65 0R0 239 0.7 20.1 85.0 1.0100 0.00 0.0M
454860.000 1969 COM2 65 0R0 264 1.4 20.1 84.9 1.0101 0.00 0.0M
454920.000 1969 COM2 65 0R0 279 0.5 20.1 85.0 1.0100 0.00 0.0M
454980.000 1969 COM2 65 0R0 240 2.5 20.1 85.1 1.0101 0.00 0.0M
455040.000 1969 COM2 65 0R0 232 2.0 20.1 85.0 1.0101 0.00 0.0M
455100.000 1969 COM2 65 0R0 255 1.7 20.1 85.2 1.0101 0.00 0.0M
455160.000 1969 COM2 65 0R0 259 1.4 20.1 85.1 1.0101 0.00 0.0M
455220.000 1969 COM2 65 0R0 233 1.8 20.1 85.1 1.0101 0.00 0.0M
455280.000 1969 COM2 65 0R0 264 1.8 20.1 85.3 1.0100 0.00 0.0M
455340.000 1969 COM2 65 0R0 285 0.5 20.1 85.3 1.0100 0.00 0.0M
455400.000 1969 COM2 65 0R0 252 1.2 20.1 85.4 1.0100 0.00 0.0M
455460.000 1969 COM2 65 0R0 284 1.7 20.1 85.4 1.0099 0.00 0.0M
455520.000 1969 COM2 65 0R0 220 0.6 20.0 85.3 1.0099 0.00 0.0M
455580.000 1969 COM2 65 0R0 250 1.4 20.0 85.3 1.0099 0.00 0.0M
455640.000 1969 COM2 65 0R0 251 1.2 20.0 85.4 1.0099 0.00 0.0M
455700.000 1969 COM2 65 0R0 235 1.6 20.0 85.4 1.0099 0.00 0.0M
455760.000 1969 COM2 65 0R0 236 1.6 20.0 85.3 1.0098 0.00 0.0M
455820.000 1969 COM2 65 0R0 257 2.5 20.0 85.3 1.0098 0.00 0.0M
455880.000 1969 COM2 65 0R0 221 0.7 20.0 85.3 1.0098 0.00 0.0M
455940.000 1969 COM2 65 0R0 244 2.0 20.0 85.4 1.0098 0.00 0.0M
456000.000 1969 COM2 65 0R0 244 1.0 20.0 85.4 1.0098 0.00 0.0M
456060.000 1969 COM2 65 0R0 247 1.7 20.0 85.5 1.0098 0.00 0.0M
456120.000 1969 COM2 65 0R0 263 1.1 20.0 85.5 1.0098 0.00 0.0M
456180.000 1969 COM2 65 0R0 234 2.3 20.0 85.6 1.0098 0.00 0.0M
456240.000 1969 COM2 65 0R0 251 1.3 20.0 85.6 1.0097 0.00 0.0M
456300.000 1969 COM2 65 0R0 250 1.6 19.9 85.5 1.0097 0.00 0.0M
456360.000 1969 COM2 65 0R0 239 2.3 19.9 85.7 1.0097 0.00 0.0M
456420.000 1969 COM2 65 0R0 258 2.1 19.9 85.8 1.0097 0.00 0.0M
456480.000 1969 COM2 65 0R0 246 0.9 19.9 85.8 1.0097 0.00 0.0M
456540.000 1969 COM2 65 0R0 217 0.7 19.9 85.7 1.0097 0.00 0.0M
456600.000 1969 COM2 65 0R0 256 0.7 19.9 86.0 1.0097 0.00 0.0M
456660.000 1969 COM2 65 0R0 254 3.2 19.9 86.0 1.0096 0.00 0.0M
456720.000 1969 COM2 65 0R0 273 0.3 19.9 86.1 1.0096 0.00 0.0M
456780.000 1969 COM2 65 0R0 260 1.2 19.8 86.1 1.0096 0.00 0.0M
456840.000 1969 COM2 65 0R0 284 0.9 19.8 86.1 1.0097 0.00 0.0M
456900.000 1969 COM2 65 0R0 295 0.7 19.8 86.1 1.0097 0.00 0.0M
456960.000 1969 COM2 65 0R0 279 0.7 19.8 86.1 1.0097 0.00 0.0M
457020.100 1969 COM2 65 0R0 258 2.2 19.8 86.2 1.0097 0.00 0.0M
457080.000 1969 COM2 65 0R0 246 1.4 19.8 86.4 1.0097 0.00 0.0M
457140.000 1969 COM2 65 0R0 232 1.9 19.8 86.3 1.0097 0.00 0.0M
457200.000 1969 COM2 65 0R0 270 1.3 19.8 86.3 1.0097 0.00 0.0M
457260.000 1969 COM2 65 0R0 241 1.6 19.8 86.4 1.0097 0.00 0.0M
457320.000 1969 COM2 65 0R0 255 0.8 19.8 86.2 1.0097 0.00 0.0M
457380.000 1969 COM2 65 0R0 258 1.1 19.8 86.4 1.0097 0.00 0.0M
457440.000 1969 COM2 65 0R0 270 1.1 19.7 86.4 1.0097 0.00 0.0M
457500.000 1969 COM2 65 0R0 190 0.7 19.7 86.4 1.0097 0.00 0.0M
457560.000 1969 COM2 65 0R0 279 1.1 19.7 86.4 1.0097 0.00 0.0M
457620.000 1969 COM2 65 0R0 235 0.8 19.7 86.7 1.0097 0.00 0.0M
457680.000 1969 COM2 65 0R0 262 0.6 19.7 86.6 1.0097 0.00 0.0M
457740.000 1969 COM2 65 0R0 266 1.5 19.7 86.7 1.0097 0.00 0.0M
457800.000 1969 COM2 65 0R0 225 1.5 19.7 86.9 1.0097 0.00 0.0M
457860.000 1969 COM2 65 0R0 239 0.9 19.7 86.8 1.0097 0.00 0.0M
457920.000 1969 COM2 65 0R0 233 0.6 19.6 86.9 1.0098 0.00 0.0M
457980.000 1969 COM2 65 0R0 278 1.3 19.6 86.8 1.0098 0.00 0.0M
458040.000 1969 COM2 65 0R0 263 0.8 19.6 86.8 1.0098 0.00 0.0M
458100.000 1969 COM2 65 0R0 270 1.0 19.6 87.0 1.0098 0.00 0.0M
458160.000 1969 COM2 65 0R0 265 1.2 19.6 87.1 1.0098 0.00 0.0M
458220.000 1969 COM2 65 0R0 256 1.4 19.6 87.1 1.0098 0.00 0.0M
458280.000 1969 COM2 65 0R0 162 0.3 19.6 87.1 1.0098 0.00 0.0M
458340.000 1969 COM2 65 0R0 249 1.4 19.6 87.0 1.0098 0.00 0.0M
458400.000 1969 COM2 65 0R0 288 0.3 19.6 87.1 1.0098 0.00 0.0M
458460.000 1969 COM2 65 0R0 297 1.7 19.5 86.9 1.0099 0.00 0.0M
458520.000 1969 COM2 65 0R0 232 1.3 19.5 87.2 1.0099 0.00 0.0M
458580.000 1969 COM2 65 0R0 264 1.7 19.5 87.2 1.0099 0.00 0.0M
458640.000 1969 COM2 65 0R0 279 0.6 19.5 87.2 1.0099 0.00 0.0M
458700.000 1969 COM2 65 0R0 282 1.4 19.5 87.1 1.0099 0.00 0.0M
458760.000 1969 COM2 65 0R0 308 0.4 19.5 87.2 1.0099 0.00 0.0M
458820.000 1969 COM2 65 0R0 189 0.3 19.5 87.2 1.0099 0.00 0.0M
458880.000 1969 COM2 65 0R0 273 2.1 19.5 87.5 1.0100 0.00 0.0M
458940.000 1969 COM2 65 0R0 230 0.2 19.5 87.3 1.0100 0.00 0.0M
459000.000 1969 COM2 65 0R0 258 1.6 19.5 87.5 1.0100 0.00 0.0M
459060.000 1969 COM2 65 0R0 231 0.8 19.5 87.5 1.0100 0.00 0.0M
459120.000 1969 COM2 65 0R0 250 1.8 19.4 87.4 1.0100 0.00 0.0M
459180.000 1969 COM2 65 0R0 278 1.5 19.5 87.5 1.0101 0.00 0.0M
459240.000 1969 COM2 65 0R0 253 1.2 19.4 87.5 1.0101 0.00 0.0M
459300.000 1969 COM2 65 0R0 272 1.5 19.4 87.6 1.0101 0.00 0.0M
459360.000 1969 COM2 65 0R0 241 2.0 19.4 87.8 1.0101 0.00 0.0M
459420.000 1969 COM2 65 0R0 276 2.1 19.4 87.7 1.0101 0.00 0.0M
459480.000 1969 COM2 65 0R0 246 2.2 19.4 87.7 1.0101 0.00 0.0M
459540.000 1969 COM2 65 0R0 267 2.1 19.4 87.8 1.0101 0.00 0.0M
459600.000 1969 COM2 65 0R0 242 0.7 19.4 87.9 1.0101 0.00 0.0M
459660.000 1969 COM2 65 0R0 262 0.8 19.4 87.9 1.0101 0.00 0.0M
459720.000 1969 COM2 65 0R0 235 0.9 19.4 87.9 1.0101 0.00 0.0M
459780.000 1969 COM2 65 0R0 231 1.4 19.3 88.0 1.0101 0.00 0.0M
459840.000 1969 COM2 65 0R0 244 1.0 19.3 87.9 1.0101 0.00 0.0M
459900.000 1969 COM2 65 0R0 271 2.0 19.3 88.0 1.0101 0.00 0.0M
459960.000 1969 COM2 65 0R0 282 0.9 19.3 88.1 1.0101 0.00 0.0M
460020.000 1969 COM2 65 0R0 253 1.7 19.3 88.1 1.0101 0.00 0.0M
460080.000 1969 COM2 65 0R0 261 1.4 19.3 88.1 1.0102 0.00 0.0M
460140.000 1969 COM2 65 0R0 103 0.3 19.3 88.1 1.0102 0.00 0.0M
460200.000 1969 COM2 65 0R0 165 0.4 19.3 88.1 1.0102 0.00 0.0M
460260.000 1969 COM2 65 0R0 273 1.6 19.3 88.1 1.0102 0.00 0.0M
460320.000 1969 COM2 65 0R0 249 2.1 19.3 88.1 1.0102 0.00 0.0M
460380.000 1969 COM2 65 0R0 260 2.0 19.3 88.1 1.0102 0.00 0.0M
460440.000 1969 COM2 65 0R0 217 1.0 19.3 88.3 1.0102 0.00 0.0M
460500.000 1969 COM2 65 0R0 303 1.4 19.3 88.3 1.0102 0.00 0.0M
460560.000 1969 COM2 65 0R0 262 1.5 19.3 88.2 1.0102 0.00 0.0M
460620.000 1969 COM2 65 0R0 290 1.6 19.3 88.3 1.0102 0.00 0.0M
460680.000 1969 COM2 65 0R0 254 1.6 19.3 88.3 1.0102 0.00 0.0M
460740.000 1969 COM2 65 0R0 270 0.9 19.3 88.4 1.0102 0.00 0.0M
460800.000 1969 COM2 65 0R0 288 2.4 19.3 88.3 1.0102 0.00 0.0M
460860.000 1969 COM2 65 0R0 291 1.3 19.3 88.4 1.0102 0.00 0.0M
460920.000 1969 COM2 65 0R0 276 2.0 19.3 88.2 1.0102 0.00 0.0M
460980.000 1969 COM2 65 0R0 280 3.0 19.3 88.2 1.0102 0.00 0.0M
461040.000 1969 COM2 65 0R0 268 2.9 19.2 88.4 1.0102 0.00 0.0M
461100.000 1969 COM2 65 0R0 267 2.4 19.2 88.4 1.0102 0.00 0.0M
461160.000 1969 COM2 65 0R0 266 1.7 19.3 88.4 1.0101 0.00 0.0M
461220.000 1969 COM2 65 0R0 274 3.2 19.2 88.3 1.0101 0.00 0.0M
461280.000 1969 COM2 65 0R0 268 1.6 19.2 88.4 1.0101 0.00 0.0M
461340.000 1969 COM2 65 0R0 265 0.5 19.2 88.4 1.0101 0.00 0.0M
461400.000 1969 COM2 65 0R0 260 1.8 19.2 88.4 1.0101 0.00 0.0M
461460.000 1969 COM2 65 0R0 274 1.9 19.2 88.4 1.0101 0.00 0.0M
461520.000 1969 COM2 65 0R0 180 0.6 19.2 88.4 1.0101 0.00 0.0M
461580.000 1969 COM2 65 0R0 256 1.9 19.2 88.3 1.0101 0.00 0.0M
461640.100 1969 COM2 65 0R0 273 1.0 19.2 88.3 1.0101 0.00 0.0M
461700.000 1969 COM2 65 0R0 247 0.5 19.2 88.4 1.0101 0.00 0.0M
461760.000 1969 COM2 65 0R0 275 1.6 19.2 88.4 1.0101 0.00 0.0M
461820.000 1969 COM2 65 0R0 272 0.6 19.2 88.3 1.0101 0.00 0.0M
461880.000 1969 COM2 65 0R0 281 2.0 19.2 88.3 1.0101 0.00 0.0M
461940.000 1969 COM2 65 0R0 285 1.2 19.2 88.3 1.0101 0.00 0.0M
462000.000 1969 COM2 65 0R0 235 0.7 19.2 88.3 1.0101 0.00 0.0M
462060.000 1969 COM2 65 0R0 272 1.3 19.2 88.2 1.0101 0.00 0.0M
462120.000 1969 COM2 65 0R0 256 1.2 19.2 88.3 1.0101 0.00 0.0M
462180.000 1969 COM2 65 0R0 245 0.7 19.2 88.3 1.0101 0.00 0.0M
462240.000 1969 COM2 65 0R0 304 0.5 19.2 88.3 1.0101 0.00 0.0M
462300.000 1969 COM2 65 0R0 261 1.1 19.2 88.2 1.0101 0.00 0.0M
462360.000 1969 COM2 65 0R0 249 0.9 19.2 88.3 1.0101 0.00 0.0M
462420.000 1969 COM2 65 0R0 319 0.3 19.2 88.1 1.0101 0.00 0.0M
462480.000 1969 COM2 65 0R0 255 0.2 19.2 88.1 1.0102 0.00 0.0M
462540.000 1969 COM2 65 0R0 286 1.1 19.2 88.1 1.0102 0.00 0.0M
462600.000 1969 COM2 65 0R0 269 1.5 19.2 88.0 1.0102 0.00 0.0M
462660.000 1969 COM2 65 0R0 246 1.3 19.2 88.1 1.0102 0.00 0.0M
462720.000 1969 COM2 65 0R0 226 0.4 19.2 88.1 1.0101 0.00 0.0M
462780.000 1969 COM2 65 0R0 189 0.6 19.2 88.0 1.0101 0.00 0.0M
462840.000 1969 COM2 65 0R0 199 1.1 19.2 87.8 1.0101 0.00 0.0M
462900.000 1969 COM2 65 0R0 234 1.0 19.2 87.7 1.0101 0.00 0.0M
462960.000 1969 COM2 65 0R0 227 1.2 19.2 87.6 1.0101 0.00 0.0M
463020.000 1969 COM2 65 0R0 243 0.8 19.2 87.5 1.0101 0.00 0.0M
463080.000 1969 COM2 65 0R0 203 1.4 19.2 87.6 1.0102 0.00 0.0M
463140.000 1969 COM2 65 0R0 308 0.5 19.2 87.7 1.0102 0.00 0.0M
463200.000 1969 COM2 65 0R0 209 0.6 19.2 87.7 1.0102 0.00 0.0M
463260.000 1969 COM2 65 0R0 244 0.9 19.2 87.6 1.0102 0.00 0.0M
463320.000 1969 COM2 65 0R0 198 1.4 19.2 87.6 1.0102 0.00 0.0M
463380.000 1969 COM2 65 0R0 200 1.3 19.2 87.7 1.0102 0.00 0.0M
463440.000 1969 COM2 65 0R0 165 0.5 19.2 87.8 1.0102 0.00 0.0M
463500.000 1969 COM2 65 0R0 218 1.0 19.2 87.7 1.0102 0.00 0.0M
463560.000 1969 COM2 65 0R0 269 0.7 19.2 87.8 1.0102 0.00 0.0M
463620.000 1969 COM2 65 0R0 258 0.6 19.2 87.9 1.0102 0.00 0.0M
463680.000 1969 COM2 65 0R0 247 0.8 19.2 87.8 1.0102 0.00 0.0M
463740.000 1969 COM2 65 0R0 208 0.5 19.2 87.8 1.0102 0.00 0.0M
463800.000 1969 COM2 65 0R0 279 0.8 19.1 87.9 1.0102 0.00 0.0M
463860.000 1969 COM2 65 0R0 195 0.6 19.1 87.9 1.0102 0.00 0.0M
463920.000 1969 COM2 65 0R0 201 0.5 19.1 87.9 1.0102 0.00 0.0M
463980.000 1969 COM2 65 0R0 183 0.2 19.1 87.8 1.0102 0.00 0.0M
464040.000 1969 COM2 65 0R0 187 0.5 19.1 87.7 1.0102 0.00 0.0M
464100.000 1969 COM2 65 0R0 224 0.5 19.1 87.7 1.0102 0.00 0.0M
464160.100 1969 COM2 65 0R0 260 1.2 19.1 87.7 1.0103 0.00 0.0M
464220.000 1969 COM2 65 0R0 258 1.0 19.2 87.7 1.0103 0.00 0.0M
464280.000 1969 COM2 65 0R0 213 0.5 19.2 87.7 1.0103 0.00 0.0M
464340.000 1969 COM2 65 0R0 211 0.7 19.2 87.7 1.0103 0.00 0.0M
464400.000 1969 COM2 65 0R0 209 1.0 19.2 87.7 1.0103 0.00 0.0M
464460.000 1969 COM2 65 0R0 207 1.2 19.2 87.7 1.0103 0.00 0.0M
464520.000 1969 COM2 65 0R0 259 1.0 19.2 87.7 1.0103 0.00 0.0M
464580.000 1969 COM2 65 0R0 228 0.9 19.2 87.7 1.0103 0.00 0.0M
464640.000 1969 COM2 65 0R0 222 0.9 19.1 87.6 1.0103 0.00 0.0M
464700.000 1969 COM2 65 0R0 222 0.5 19.1 87.6 1.0103 0.00 0.0M
464760.000 1969 COM2 65 0R0 230 1.4 19.1 87.6 1.0103 0.00 0.0M
464820.000 1969 COM2 65 0R0 200 1.3 19.1 87.7 1.0103 0.00 0.0M
464880.000 1969 COM2 65 0R0 189 1.0 19.1 87.5 1.0103 0.00 0.0M
464940.000 1969 COM2 65 0R0 196 1.3 19.1 87.5 1.0103 0.00 0.0M
465000.000 1969 COM2 65 0R0 194 1.3 19.1 87.8 1.0103 0.00 0.0M
465060.000 1969 COM2 65 0R0 223 1.4 19.0 87.9 1.0103 0.00 0.0M
465120.000 1969 COM2 65 0R0 164 0.9 19.0 87.9 1.0103 0.00 0.0M
465180.000 1969 COM2 65 0R0 218 0.4 19.0 87.8 1.0103 0.00 0.0M
465240.000 1969 COM2 65 0R0 191 1.2 19.0 87.8 1.0103 0.00 0.0M
465300.000 1969 COM2 65 0R0 203 0.5 19.0 87.8 1.0103 0.00 0.0M
465360.000 1969 COM2 65 0R0 247 1.6 19.0 87.8 1.0103 0.00 0.0M
465420.000 1969 COM2 65 0R0 210 1.0 19.0 87.9 1.0104 0.00 0.0M
465480.000 1969 COM2 65 0R0 247 1.4 19.0 87.9 1.0104 0.00 0.0M
465540.000 1969 COM2 65 0R0 204 1.2 19.0 88.0 1.0104 0.00 0.0M
465600.000 1969 COM2 65 0R0 225 0.2 19.0 88.0 1.0104 0.00 0.0M
465660.000 1969 COM2 65 0R0 197 0.8 19.0 88.1 1.0104 0.00 0.0M
465720.000 1969 COM2 65 0R0 211 1.2 19.0 87.9 1.0105 0.00 0.0M
465780.000 1969 COM2 65 0R0 202 1.2 19.0 87.9 1.0105 0.00 0.0M
465840.000 1969 COM2 65 0R0 200 1.2 19.0 88.1 1.0105 0.00 0.0M
465900.000 1969 COM2 65 0R0 217 1.2 18.9 88.0 1.0105 0.00 0.0M
465960.000 1969 COM2 65 0R0 221 0.8 18.9 88.0 1.0105 0.00 0.0M
466020.000 1969 COM2 65 0R0 215 1.5 18.9 88.0 1.0105 0.00 0.0M
466080.000 1969 COM2 65 0R0 226 0.8 18.9 88.0 1.0105 0.00 0.0M
466140.000 1969 COM2 65 0R0 206 0.9 18.9 88.0 1.0106 0.00 0.0M
466200.100 1969 COM2 65 0R0 201 1.4 18.9 88.2 1.0106 0.00 0.0M
466260.000 1969 COM2 65 0R0 212 1.6 18.9 88.5 1.0106 0.00 0.0M
466320.000 1969 COM2 65 0R0 203 1.7 18.9 88.6 1.0106 0.00 0.0M
466380.000 1969 COM2 65 0R0 224 1.9 18.8 88.7 1.0106 0.00 0.0M
466440.000 1969 COM2 65 0R0 227 2.0 18.8 88.8 1.0106 0.00 0.0M
466500.000 1969 COM2 65 0R0 243 1.6 18.8 88.9 1.0106 0.00 0.0M
466560.000 1969 COM2 65 0R0 192 1.1 18.8 88.9 1.0106 0.00 0.0M
466620.000 1969 COM2 65 0R0 192 1.7 18.8 89.0 1.0106 0.00 0.0M
466680.000 1969 COM2 65 0R0 238 1.6 18.8 89.0 1.0106 0.00 0.0M
466740.000 1969 COM2 65 0R0 224 1.4 18.8 89.0 1.0106 0.00 0.0M
466800.100 1969 COM2 65 0R0 257 1.0 18.8 89.1 1.0106 0.00 0.0M
466860.000 1969 COM2 65 0R0 252 0.6 18.7 89.1 1.0106 0.00 0.0M
466920.000 1969 COM2 65 0R0 203 1.5 18.7 88.9 1.0107 0.00 0.0M
466980.100 1969 COM2 65 0R0 223 2.0 18.7 89.0 1.0107 0.00 0.0M
467040.000 1969 COM2 65 0R0 225 1.6 18.7 89.0 1.0107 0.00 0.0M
467100.000 1969 COM2 65 0R0 235 2.0 18.7 89.0 1.0107 0.00 0.0M
467160.000 1969 COM2 65 0R0 225 2.1 18.7 89.1 1.0107 0.00 0.0M
467220.000 1969 COM2 65 0R0 200 1.7 18.7 89.1 1.0108 0.00 0.0M
467280.000 1969 COM2 65 0R0 228 2.4 18.7 89.1 1.0108 0.00 0.0M
467340.000 1969 COM2 65 0R0 228 2.0 18.7 89.2 1.0108 0.00 0.0M
467400.000 1969 COM2 65 0R0 226 2.1 18.7 89.3 1.0108 0.00 0.0M
467460.000 1969 COM2 65 0R0 225 1.6 18.7 89.3 1.0109 0.00 0.0M
467520.000 1969 COM2 65 0R0 279 0.5 18.7 89.3 1.0109 0.00 0.0M
467580.000 1969 COM2 65 0R0 239 2.0 18.7 89.3 1.0109 0.00 0.0M
467640.000 1969 COM2 65 0R0 232 0.9 18.7 89.4 1.0109 0.00 0.0M
467700.000 1969 COM2 65 0R0 256 1.6 18.7 89.4 1.0109 0.00 0.0M
467760.000 1969 COM2 65 0R0 215 0.4 18.7 89.4 1.0109 0.00 0.0M
467820.000 1969 COM2 65 0R0 276 1.3 18.7 89.4 1.0109 0.00 0.0M
467880.000 1969 COM2 65 0R0 233 1.7 18.7 89.4 1.0109 0.00 0.0M
467940.000 1969 COM2 65 0R0 254 1.4 18.7 89.4 1.0109 0.00 0.0M
468000.000 1969 COM2 65 0R0 254 1.2 18.7 89.3 1.0109 0.00 0.0M
468060.000 1969 COM2 65 0R0 237 2.3 18.7 89.4 1.0109 0.00 0.0M
468120.000 1969 COM2 65 0R0 238 1.9 18.7 89.4 1.0109 0.00 0.0M
468180.000 1969 COM2 65 0R0 243 2.3 18.7 89.4 1.0109 0.00 0.0M
468240.000 1969 COM2 65 0R0 243 2.1 18.7 89.4 1.0109 0.00 0.0M
468300.000 1969 COM2 65 0R0 241 1.5 18.7 89.4 1.0109 0.00 0.0M
468360.000 1969 COM2 65 0R0 252 2.6 18.7 89.3 1.0109 0.00 0.0M
468420.000 1969 COM2 65 0R0 242 0.7 18.7 89.3 1.0109 0.00 0.0M
468480.000 1969 COM2 65 0R0 243 2.3 18.7 89.2 1.0109 0.00 0.0M
468540.000 1969 COM2 65 0R0 234 1.8 18.7 89.3 1.0109 0.00 0.0M
468600.100 1969 COM2 65 0R0 240 0.5 18.7 89.2 1.0109 0.00 0.0M
468660.000 1969 COM2 65 0R0 216 0.8 18.7 89.2 1.0109 0.00 0.0M
468720.000 1969 COM2 65 0R0 248 1.8 18.7 89.1 1.0109 0.00 0.0M
468780.000 1969 COM2 65 0R0 260 1.8 18.8 89.2 1.0110 0.00 0.0M
468840.000 1969 COM2 65 0R0 274 0.5 18.8 89.1 1.0110 0.00 0.0M
468900.000 1969 COM2 65 0R0 255 1.9 18.8 89.0 1.0110 0.00 0.0M
468960.000 1969 COM2 65 0R0 217 1.2 18.8 89.0 1.0110 0.00 0.0M
469020.000 1969 COM2 65 0R0 276 1.1 18.8 89.0 1.0110 0.00 0.0M
469080.000 1969 COM2 65 0R0 222 1.1 18.8 88.9 1.0110 0.00 0.0M
469140.000 1969 COM2 65 0R0 278 0.5 18.8 88.8 1.0110 0.00 0.0M
469200.000 1969 COM2 65 0R0 290 0.8 18.8 88.9 1.0110 0.00 0.0M
469260.000 1969 COM2 65 0R0 226 1.0 18.8 88.8 1.0110 0.00 0.0M
469320.000 1969 COM2 65 0R0 248 1.2 18.8 88.7 1.0110 0.00 0.0M
469380.000 1969 COM2 65 0R0 271 0.8 18.8 88.8 1.0111 0.00 0.0M
469440.000 1969 COM2 65 0R0 248 0.7 18.8 88.8 1.0111 0.00 0.0M
469500.000 1969 COM2 65 0R0 245 1.1 18.8 88.8 1.0111 0.00 0.0M
469560.000 1969 COM2 65 0R0 096 1.6 18.8 88.7 1.0111 0.00 0.0M
469620.000 1969 COM2 65 0R0 241 0.9 18.8 88.7 1.0111 0.00 0.0M
469680.000 1969 COM2 65 0R0 235 0.5 18.8 88.7 1.0111 0.00 0.0M
469740.000 1969 COM2 65 0R0 277 1.6 18.8 88.7 1.0111 0.00 0.0M
469800.000 1969 COM2 65 0R0 281 1.8 18.8 88.6 1.0111 0.00 0.0M
469860.000 1969 COM2 65 0R0 253 1.2 18.8 88.6 1.0111 0.00 0.0M
469920.000 1969 COM2 65 0R0 263 2.3 18.8 88.6 1.0111 0.00 0.0M
469980.000 1969 COM2 65 0R0 274 0.6 18.8 88.7 1.0111 0.00 0.0M
470040.000 1969 COM2 65 0R0 268 1.1 18.8 88.6 1.0112 0.00 0.0M
470100.000 1969 COM2 65 0R0 262 1.7 18.8 88.6 1.0111 0.00 0.0M
470160.000 1969 COM2 65 0R0 265 0.7 18.8 88.5 1.0111 0.00 0.0M
470220.000 1969 COM2 65 0R0 259 1.6 18.8 88.3 1.0111 0.00 0.0M
470280.000 1969 COM2 65 0R0 265 0.6 18.8 88.4 1.0111 0.00 0.0M
470340.000 1969 COM2 65 0R0 206 0.5 18.8 88.3 1.0111 0.00 0.0M
470400.000 1969 COM2 65 0R0 270 1.3 18.8 88.3 1.0111 0.00 0.0M
470460.000 1969 COM2 65 0R0 261 0.8 18.8 88.3 1.0111 0.00 0.0M
470520.000 1969 COM2 65 0R0 277 0.5 18.8 88.3 1.0111 0.00 0.0M
470580.000 1969 COM2 65 0R0 296 0.8 18.8 88.3 1.0111 0.00 0.0M
470640.000 1969 COM2 65 0R0 231 0.6 18.8 88.3 1.0111 0.00 0.0M
470700.000 1969 COM2 65 0R0 199 0.7 18.8 88.3 1.0111 0.00 0.0M
470760.000 1969 COM2 65 0R0 298 0.8 18.8 88.3 1.0111 0.00 0.0M
470820.000 1969 COM2 65 0R0 237 0.9 18.8 88.3 1.0111 0.00 0.0M
470880.000 1969 COM2 65 0R0 217 0.3 18.8 88.3 1.0111 0.00 0.0M
470940.000 1969 COM2 65 0R0 224 0.5 18.8 88.3 1.0111 0.00 0.0M
471000.000 1969 COM2 65 0R0 242 0.7 18.8 88.3 1.0111 0.00 0.0M
471060.000 1969 COM2 65 0R0 225 0.7 18.8 88.3 1.0111 0.00 0.0M
471120.000 1969 COM2 65 0R0 219 0.2 18.8 88.2 1.0111 0.00 0.0M
471180.000 1969 COM2 65 0R0 229 1.8 18.8 88.1 1.0110 0.00 0.0M
471240.000 1969 COM2 65 0R0 260 1.4 18.8 88.1 1.0110 0.00 0.0M
471300.000 1969 COM2 65 0R0 263 0.2 18.8 88.0 1.0110 0.00 0.0M
471360.000 1969 COM2 65 0R0 280 0.8 18.8 88.1 1.0110 0.00 0.0M
471420.000 1969 COM2 65 0R0 257 0.8 18.8 88.1 1.0110 0.00 0.0M
471480.000 1969 COM2 65 0R0 244 0.7 18.8 88.1 1.0110 0.00 0.0M
471540.000 1969 COM2 65 0R0 254 1.3 18.8 88.1 1.0110 0.00 0.0M
471600.000 1969 COM2 65 0R0 243 1.3 18.8 88.1 1.0111 0.00 0.0M
471660.000 1969 COM2 65 0R0 246 0.5 18.8 88.0 1.0111 0.00 0.0M
471720.000 1969 COM2 65 0R0 237 0.4 18.8 87.9 1.0111 0.00 0.0M
471780.000 1969 COM2 65 0R0 260 1.5 18.8 87.9 1.0111 0.00 0.0M
471840.000 1969 COM2 65 0R0 222 1.2 18.8 88.0 1.0111 0.00 0.0M
471900.000 1969 COM2 65 0R0 261 1.0 18.8 88.0 1.0111 0.00 0.0M
471960.000 1969 COM2 65 0R0 239 1.5 18.8 87.9 1.0111 0.00 0.0M
472020.000 1969 COM2 65 0R0 255 0.7 18.8 87.9 1.0111 0.00 0.0M
472080.000 1969 COM2 65 0R0 262 1.3 18.8 87.9 1.0111 0.00 0.0M
472140.000 1969 COM2 65 0R0 162 0.4 18.8 88.0 1.0111 0.00 0.0M
472200.000 1969 COM2 65 0R0 237 0.9 18.8 88.1 1.0111 0.00 0.0M
472260.000 1969 COM2 65 0R0 267 0.5 18.8 88.0 1.0111 0.00 0.0M
472320.000 1969 COM2 65 0R0 279 1.1 18.8 88.0 1.0111 0.00 0.0M
472380.000 1969 COM2 65 0R0 252 0.7 18.8 88.1 1.0111 0.00 0.0M
472440.000 1969 COM2 65 0R0 274 0.5 18.8 88.1 1.0111 0.00 0.0M
472500.000 1969 COM2 65 0R0 246 0.9 18.8 88.0 1.0111 0.00 0.0M
472560.000 1969 COM2 65 0R0 264 1.3 18.8 87.9 1.0111 0.00 0.0M
472620.000 1969 COM2 65 0R0 185 0.4 18.8 88.0 1.0111 0.00 0.0M
472680.000 1969 COM2 65 0R0 279 0.9 18.8 87.9 1.0111 0.00 0.0M
472740.000 1969 COM2 65 0R0 286 1.4 18.8 88.0 1.0111 0.00 0.0M
472800.000 1969 COM2 65 0R0 312 0.6 18.8 88.1 1.0111 0.00 0.0M
472860.000 1969 COM2 65 0R0 261 0.6 18.8 88.2 1.0111 0.00 0.0M
472920.000 1969 COM2 65 0R0 239 0.7 18.8 88.2 1.0111 0.00 0.0M
472980.000 1969 COM2 65 0R0 237 1.5 18.8 88.1 1.0111 0.00 0.0M
473040.000 1969 COM2 65 0R0 288 1.8 18.8 88.1 1.0111 0.00 0.0M
473100.000 1969 COM2 65 0R0 266 1.3 18.8 88.2 1.0111 0.00 0.0M
473160.000 1969 COM2 65 0R0 084 0.5 18.8 88.2 1.0112 0.00 0.0M
473220.000 1969 COM2 65 0R0 305 1.2 18.8 88.2 1.0112 0.00 0.0M
473280.000 1969 COM2 65 0R0 255 2.1 18.8 88.2 1.0112 0.00 0.0M
473340.000 1969 COM2 65 0R0 290 0.8 18.8 88.2 1.0112 0.00 0.0M
473400.000 1969 COM2 65 0R0 268 0.6 18.8 88.2 1.0112 0.00 0.0M
473460.000 1969 COM2 65 0R0 296 1.3 18.8 88.2 1.0112 0.00 0.0M
473520.000 1969 COM2 65 0R0 285 1.8 18.8 88.3 1.0112 0.00 0.0M
473580.000 1969 COM2 65 0R0 278 1.0 18.7 88.2 1.0112 0.00 0.0M
473640.000 1969 COM2 65 0R0 272 1.1 18.7 88.3 1.0112 0.00 0.0M
473700.000 1969 COM2 65 0R0 290 0.7 18.7 88.2 1.0112 0.00 0.0M
473760.000 1969 COM2 65 0R0 268 0.8 18.7 88.3 1.0112 0.00 0.0M
473820.000 1969 COM2 65 0R0 244 2.4 18.7 88.3 1.0112 0.00 0.0M
473880.000 1969 COM2 65 0R0 319 1.3 18.7 88.3 1.0111 0.00 0.0M
473940.000 1969 COM2 65 0R0 280 1.1 18.7 88.3 1.0111 0.00 0.0M
474000.000 1969 COM2 65 0R0 250 1.2 18.7 88.3 1.0111 0.00 0.0M
474060.000 1969 COM2 65 0R0 277 1.8 18.7 88.3 1.0111 0.00 0.0M
474120.000 1969 COM2 65 0R0 273 1.2 18.7 88.4 1.0112 0.00 0.0M
474180.000 1969 COM2 65 0R0 288 1.4 18.7 88.4 1.0112 0.00 0.0M
474240.000 1969 COM2 65 0R0 285 1.9 18.7 88.4 1.0112 0.00 0.0M
474300.000 1969 COM2 65 0R0 261 1.1 18.7 88.4 1.0112 0.00 0.0M
474360.000 1969 COM2 65 0R0 287 1.7 18.7 88.5 1.0112 0.00 0.0M
474420.000 1969 COM2 65 0R0 274 1.5 18.7 88.5 1.0112 0.00 0.0M
474480.000 1969 COM2 65 0R0 288 1.3 18.7 88.6 1.0112 0.00 0.0M
474540.000 1969 COM2 65 0R0 269 1.2 18.7 88.7 1.0112 0.00 0.0M
474600.000 1969 COM2 65 0R0 214 0.5 18.7 88.6 1.0112 0.00 0.0M
474660.000 1969 COM2 65 0R0 320 0.4 18.7 88.6 1.0112 0.00 0.0M
474720.000 1969 COM2 65 0R0 304 1.0 18.7 88.4 1.0112 0.00 0.0M
474780.000 1969 COM2 65 0R0 274 1.5 18.7 88.5 1.0112 0.00 0.0M
474840.000 1969 COM2 65 0R0 223 0.4 18.8 88.4 1.0112 0.00 0.0M
474900.000 1969 COM2 65 0R0 284 0.5 18.8 88.4 1.0112 0.00 0.0M
474960.000 1969 COM2 65 0R0 293 1.9 18.8 88.2 1.0112 0.00 0.0M
475020.000 1969 COM2 65 0R0 281 1.9 18.8 88.2 1.0112 0.00 0.0M
475080.000 1969 COM2 65 0R0 255 1.2 18.9 88.1 1.0113 0.00 0.0M
475140.000 1969 COM2 65 0R0 289 1.5 18.9 88.0 1.0113 0.00 0.0M
475200.000 1969 COM2 65 0R0 314 0.7 18.9 87.9 1.0113 0.00 0.0M
475260.000 1969 COM2 65 0R0 246 0.9 19.0 87.7 1.0113 0.00 0.0M
475320.000 1969 COM2 65 0R0 280 1.1 19.0 87.5 1.0112 0.00 0.0M
475380.000 1969 COM2 65 0R0 330 0.6 19.0 87.3 1.0112 0.00 0.0M
475440.000 1969 COM2 65 0R0 269 1.3 19.1 87.1 1.0112 0.00 0.0M
475500.000 1969 COM2 65 0R0 298 1.3 19.2 86.8 1.0112 0.00 0.0M
475560.000 1969 COM2 65 0R0 089 0.2 19.2 86.6 1.0112 0.00 0.0M
475620.000 1969 COM2 65 0R0 286 1.3 19.2 86.3 1.0112 0.00 0.0M
475680.000 1969 COM2 65 0R0 227 0.4 19.3 86.1 1.0112 0.00 0.0M
475740.000 1969 COM2 65 0R0 020 0.5 19.3 85.9 1.0112 0.00 0.0M
475800.000 1969 COM2 65 0R0 337 0.3 19.3 85.8 1.0112 0.00 0.0M
475860.000 1969 COM2 65 0R0 300 0.8 19.4 85.4 1.0112 0.00 0.0M
475920.100 1969 COM2 65 0R0 340 0.4 19.4 85.1 1.0112 0.00 0.0M
475980.000 1969 COM2 65 0R0 274 0.6 19.5 84.6 1.0112 0.00 0.0M
476040.000 1969 COM2 65 0R0 214 0.3 19.5 84.8 1.0112 0.00 0.0M
476100.000 1969 COM2 65 0R0 109 0.3 19.6 84.6 1.0112 0.00 0.0M
476160.000 1969 COM2 65 0R0 322 0.2 19.6 84.3 1.0112 0.00 0.0M
476220.000 1969 COM2 65 0R0 268 0.9 19.7 83.7 1.0112 0.00 0.0M
476280.000 1969 COM2 65 0R0 276 1.2 19.8 83.4 1.0112 0.00 0.0M
476340.000 1969 COM2 65 0R0 306 0.8 19.8 83.2 1.0112 0.00 0.0M
476400.000 1969 COM2 65 0R0 278 2.2 19.8 83.2 1.0113 0.00 0.0M
476460.000 1969 COM2 65 0R0 281 2.2 19.8 82.9 1.0113 0.00 0.0M
476520.000 1969 COM2 65 0R0 252 0.5 19.8 83.0 1.0113 0.00 0.0M
476580.000 1969 COM2 65 0R0 262 1.0 19.8 82.9 1.0113 0.00 0.0M
476640.000 1969 COM2 65 0R0 293 1.7 19.8 82.8 1.0113 0.00 0.0M
476700.100 1969 COM2 65 0R0 203 0.2 19.8 83.0 1.0113 0.00 0.0M
476760.000 1969 COM2 65 0R0 286 0.3 19.8 82.9 1.0113 0.00 0.0M
476820.000 1969 COM2 65 0R0 285 1.7 19.8 82.8 1.0113 0.00 0.0M
476880.000 1969 COM2 65 0R0 305 1.0 19.8 82.8 1.0113 0.00 0.0M
476940.000 1969 COM2 65 0R0 275 0.4 19.8 82.9 1.0113 0.00 0.0M
477000.000 1969 COM2 65 0R0 225 0.3 19.8 82.9 1.0113 0.00 0.0M
477060.000 1969 COM2 65 0R0 234 0.3 19.9 82.9 1.0113 0.00 0.0M
477120.000 1969 COM2 65 0R0 296 1.8 19.9 82.5 1.0113 0.00 0.0M
477180.000 1969 COM2 65 0R0 268 0.7 20.0 82.4 1.0113 0.00 0.0M
477240.000 1969 COM2 65 0R0 314 1.0 20.0 82.4 1.0113 0.00 0.0M
477300.000 1969 COM2 65 0R0 310 0.2 20.1 81.7 1.0113 0.00 0.0M
477360.000 1969 COM2 65 0R0 300 1.4 20.1 81.5 1.0112 0.00 0.0M
477420.000 1969 COM2 65 0R0 314 0.3 20.2 81.3 1.0112 0.00 0.0M
477480.000 1969 COM2 65 0R0 342 0.5 20.3 81.2 1.0112 0.00 0.0M
477540.000 1969 COM2 65 0R0 303 2.0 20.3 80.7 1.0112 0.00 0.0M
477600.000 1969 COM2 65 0R0 318 0.2 20.4 80.5 1.0112 0.00 0.0M
477660.000 1969 COM2 65 0R0 273 0.7 20.5 79.8 1.0112 0.00 0.0M
477720.000 1969 COM2 65 0R0 184 0.5 20.6 80.0 1.0112 0.00 0.0M
477780.000 1969 COM2 65 0R0 263 0.2 20.7 79.5 1.0112 0.00 0.0M
477840.000 1969 COM2 65 0R0 253 0.4 20.8 79.1 1.0112 0.00 0.0M
477900.000 1969 COM2 65 0R0 286 0.5 20.9 78.5 1.0112 0.00 0.0M
477960.000 1969 COM2 65 0R0 267 1.3 21.0 78.3 1.0112 0.00 0.0M
478020.000 1969 COM2 65 0R0 200 1.0 21.0 77.8 1.0112 0.00 0.0M
478080.000 1969 COM2 65 0R0 252 1.0 21.1 77.8 1.0112 0.00 0.0M
478140.000 1969 COM2 65 0R0 286 1.5 21.1 77.1 1.0112 0.00 0.0M
478200.000 1969 COM2 65 0R0 272 1.4 21.1 76.6 1.0112 0.00 0.0M
478260.000 1969 COM2 65 0R0 287 2.7 21.1 76.4 1.0112 0.00 0.0M
478320.000 1969 COM2 65 0R0 283 1.2 21.0 76.9 1.0112 0.00 0.0M
478380.000 1969 COM2 65 0R0 349 0.6 21.0 77.2 1.0112 0.00 0.0M
478440.000 1969 COM2 65 0R0 275 0.6 21.0 77.1 1.0113 0.00 0.0M
478500.000 1969 COM2 65 0R0 296 1.2 21.0 76.9 1.0113 0.00 0.0M
478560.000 1969 COM2 65 0R0 214 0.5 21.0 76.9 1.0113 0.00 0.0M
478620.000 1969 COM2 65 0R0 243 0.4 21.1 76.7 1.0113 0.00 0.0M
478680.000 1969 COM2 65 0R0 262 0.7 21.2 76.6 1.0113 0.00 0.0M
478740.000 1969 COM2 65 0R0 177 1.1 21.3 76.3 1.0114 0.00 0.0M
478800.000 1969 COM2 65 0R0 293 1.8 21.3 75.7 1.0114 0.00 0.0M
478860.000 1969 COM2 65 0R0 273 1.2 21.4 74.5 1.0114 0.00 0.0M
478920.000 1969 COM2 65 0R0 261 1.2 21.4 75.2 1.0114 0.00 0.0M
478980.000 1969 COM2 65 0R0 262 0.7 21.5 75.0 1.0114 0.00 0.0M
479040.100 1969 COM2 65 0R0 250 0.3 21.5 74.6 1.0114 0.00 0.0M
479100.000 1969 COM2 65 0R0 277 1.7 21.5 74.6 1.0114 0.00 0.0M
479160.000 1969 COM2 65 0R0 210 0.8 21.6 74.6 1.0114 0.00 0.0M
479220.000 1969 COM2 65 0R0 279 1.2 21.6 74.7 1.0114 0.00 0.0M
479280.000 1969 COM2 65 0R0 313 2.0 21.6 74.0 1.0114 0.00 0.0M
479340.000 1969 COM2 65 0R0 277 0.8 21.6 74.4 1.0114 0.00 0.0M
479400.100 1969 COM2 65 0R0 293 1.3 21.6 74.7 1.0114 0.00 0.0M
479460.000 1969 COM2 65 0R0 129 0.3 21.6 73.8 1.0114 0.00 0.0M
479520.000 1969 COM2 65 0R0 304 2.2 21.7 72.9 1.0114 0.00 0.0M
479580.000 1969 COM2 65 0R0 287 2.2 21.7 73.8 1.0114 0.00 0.0M
479640.000 1969 COM2 65 0R0 155 0.6 21.6 74.1 1.0114 0.00 0.0M
479700.000 1969 COM2 65 0R0 295 1.9 21.6 73.9 1.0114 0.00 0.0M
479760.000 1969 COM2 65 0R0 268 1.6 21.6 73.4 1.0114 0.00 0.0M
479820.000 1969 COM2 65 0R0 272 0.3 21.6 74.0 1.0114 0.00 0.0M
479880.000 1969 COM2 65 0R0 275 0.5 21.6 73.4 1.0114 0.00 0.0M
479940.000 1969 COM2 65 0R0 285 2.8 21.7 72.4 1.0114 0.00 0.0M
480000.000 1969 COM2 65 0R0 280 1.5 21.7 72.3 1.0113 0.00 0.0M
480060.000 1969 COM2 65 0R0 294 2.0 21.6 73.5 1.0113 0.00 0.0M
480120.100 1969 COM2 65 0R0 296 2.5 21.6 73.0 1.0113 0.00 0.0M
480180.000 1969 COM2 65 0R0 278 1.8 21.5 71.9 1.0113 0.00 0.0M
480240.000 1969 COM2 65 0R0 240 1.1 21.5 73.1 1.0113 0.00 0.0M
480300.000 1969 COM2 65 0R0 287 1.3 21.5 71.2 1.0113 0.00 0.0M
480360.000 1969 COM2 65 0R0 243 1.0 21.6 71.9 1.0113 0.00 0.0M
480420.000 1969 COM2 65 0R0 297 1.7 21.7 70.3 1.0113 0.00 0.0M
480480.000 1969 COM2 65 0R0 309 0.9 21.7 70.8 1.0114 0.00 0.0M
480540.100 1969 COM2 65 0R0 118 0.7 21.8 70.3 1.0114 0.00 0.0M
480600.000 1969 COM2 65 0R0 269 1.3 22.0 70.2 1.0114 0.00 0.0M
480660.000 1969 COM2 65 0R0 203 1.6 22.0 69.4 1.0114 0.00 0.0M
480720.000 1969 COM2 65 0R0 262 1.5 22.1 69.6 1.0114 0.00 0.0M
480780.000 1969 COM2 65 0R0 336 0.6 22.1 67.7 1.0114 0.00 0.0M
480840.000 1969 COM2 65 0R0 273 3.2 22.2 68.1 1.0113 0.00 0.0M
480900.000 1969 COM2 65 0R0 284 1.9 22.2 66.8 1.0113 0.00 0.0M
480960.000 1969 COM2 65 0R0 264 2.1 22.2 63.4 1.0114 0.00 0.0M
481020.000 1969 COM2 65 0R0 263 1.9 22.2 65.9 1.0114 0.00 0.0M
481080.000 1969 COM2 65 0R0 283 2.9 22.2 65.0 1.0114 0.00 0.0M
481140.000 1969 COM2 65 0R0 287 0.3 22.1 66.1 1.0114 0.00 0.0M
481200.000 1969 COM2 65 0R0 308 1.6 22.1 65.7 1.0113 0.00 0.0M
481260.000 1969 COM2 65 0R0 291 1.1 22.1 66.4 1.0113 0.00 0.0M
481320.000 1969 COM2 65 0R0 293 2.0 22.2 65.6 1.0113 0.00 0.0M
481380.000 1969 COM2 65 0R0 299 1.5 22.2 65.5 1.0113 0.00 0.0M
481440.000 1969 COM2 65 0R0 275 1.3 22.2 64.4 1.0113 0.00 0.0M
481500.000 1969 COM2 65 0R0 265 0.3 22.2 64.5 1.0113 0.00 0.0M
481560.000 1969 COM2 65 0R0 325 0.7 22.3 64.1 1.0113 0.00 0.0M
481620.000 1969 COM2 65 0R0 263 0.9 22.3 62.6 1.0113 0.00 0.0M
481680.000 1969 COM2 65 0R0 217 0.8 22.4 62.7 1.0113 0.00 0.0M
481740.000 1969 COM2 65 0R0 292 0.3 22.5 62.6 1.0114 0.00 0.0M
481800.000 1969 COM2 65 0R0 298 2.0 22.6 61.0 1.0113 0.00 0.0M
481860.000 1969 COM2 65 0R0 307 0.4 22.6 61.7 1.0113 0.00 0.0M
481920.000 1969 COM2 65 0R0 006 0.7 22.6 61.8 1.0113 0.00 0.0M
481980.000 1969 COM2 65 0R0 003 0.1 22.7 61.7 1.0113 0.00 0.0M
482040.000 1969 COM2 65 0R0 238 0.4 22.8 60.7 1.0113 0.00 0.0M
482100.000 1969 COM2 65 0R0 320 0.4 22.9 60.5 1.0113 0.00 0.0M
482160.000 1969 COM2 65 0R0 251 0.2 23.0 60.0 1.0113 0.00 0.0M
482220.000 1969 COM2 65 0R0 310 1.1 23.1 60.2 1.0113 0.00 0.0M
482280.000 1969 COM2 65 0R0 348 0.5 23.2 60.4 1.0113 0.00 0.0M
482340.000 1969 COM2 65 0R0 262 2.1 23.2 60.4 1.0113 0.00 0.0M
482400.000 1969 COM2 65 0R0 232 0.8 23.2 59.1 1.0113 0.00 0.0M
482460.000 1969 COM2 65 0R0 259 1.3 23.3 60.0 1.0113 0.00 0.0M
482520.000 1969 COM2 65 0R0 211 1.1 23.3 59.9 1.0113 0.00 0.0M
482580.000 1969 COM2 65 0R0 257 1.5 23.4 59.2 1.0113 0.00 0.0M
482640.000 1969 COM2 65 0R0 266 1.3 23.4 58.5 1.0113 0.00 0.0M
482700.000 1969 COM2 65 0R0 235 1.5 23.4 57.7 1.0113 0.00 0.0M
482760.000 1969 COM2 65 0R0 294 1.1 23.4 57.2 1.0113 0.00 0.0M
482820.000 1969 COM2 65 0R0 294 1.9 23.3 56.0 1.0113 0.00 0.0M
482880.000 1969 COM2 65 0R0 317 0.7 23.2 53.2 1.0113 0.00 0.0M
482940.000 1969 COM2 65 0R0 263 1.3 23.2 53.2 1.0113 0.00 0.0M
483000.000 1969 COM2 65 0R0 281 0.8 23.3 52.9 1.0112 0.00 0.0M
483060.000 1969 COM2 65 0R0 269 1.7 23.4 54.6 1.0112 0.00 0.0M
483120.000 1969 COM2 65 0R0 279 1.1 23.4 55.4 1.0112 0.00 0.0M
483180.000 1969 COM2 65 0R0 285 2.0 23.4 53.8 1.0112 0.00 0.0M
483240.000 1969 COM2 65 0R0 336 0.6 23.4 55.0 1.0112 0.00 0.0M
483300.000 1969 COM2 65 0R0 106 0.4 23.4 54.6 1.0111 0.00 0.0M
483360.000 1969 COM2 65 0R0 321 0.4 23.4 54.7 1.0111 0.00 0.0M
483420.000 1969 COM2 65 0R0 273 0.6 23.5 52.9 1.0111 0.00 0.0M
483480.000 1969 COM2 65 0R0 292 1.0 23.6 53.9 1.0111 0.00 0.0M
483540.000 1969 COM2 65 0R0 142 0.8 23.6 53.9 1.0111 0.00 0.0M
483600.200 1969 COM2 65 0R0 201 2.1 23.7 52.6 1.0111 0.00 0.0M
483660.000 1969 COM2 65 0R0 264 0.5 23.7 53.9 1.0111 0.00 0.0M
483720.000 1969 COM2 65 0R0 248 2.4 23.8 52.0 1.0110 0.00 0.0M
483780.000 1969 COM2 65 0R0 199 2.7 23.9 52.9 1.0110 0.00 0.0M
483840.000 1969 COM2 65 0R0 237 2.8 23.8 53.5 1.0110 0.00 0.0M
483900.000 1969 COM2 65 0R0 251 1.3 23.9 53.9 1.0110 0.00 0.0M
483960.000 1969 COM2 65 0R0 303 0.5 23.9 53.8 1.0110 0.00 0.0M
484020.000 1969 COM2 65 0R0 302 0.4 23.9 52.8 1.0110 0.00 0.0M
484080.000 1969 COM2 65 0R0 278 0.5 24.0 53.4 1.0110 0.00 0.0M
484140.000 1969 COM2 65 0R0 152 1.2 24.0 53.0 1.0110 0.00 0.0M
484200.000 1969 COM2 65 0R0 271 1.3 24.0 53.3 1.0110 0.00 0.0M
484260.000 1969 COM2 65 0R0 196 1.6 24.0 53.5 1.0109 0.00 0.0M
484320.000 1969 COM2 65 0R0 202 3.9 23.9 53.5 1.0109 0.00 0.0M
484380.000 1969 COM2 65 0R0 223 3.2 23.5 54.0 1.0109 0.00 0.0M
484440.000 1969 COM2 65 0R0 190 1.9 23.3 54.8 1.0109 0.00 0.0M
484500.000 1969 COM2 65 0R0 221 2.4 23.3 55.1 1.0109 0.00 0.0M
484560.000 1969 COM2 65 0R0 187 0.8 23.3 55.7 1.0109 0.00 0.0M
484620.000 1969 COM2 65 0R0 235 2.6 23.5 55.7 1.0109 0.00 0.0M
484680.000 1969 COM2 65 0R0 284 3.2 23.7 55.3 1.0109 0.00 0.0M
484740.000 1969 COM2 65 0R0 263 2.5 23.8 55.1 1.0109 0.00 0.0M
484800.000 1969 COM2 65 0R0 299 0.6 23.7 55.6 1.0109 0.00 0.0M
484860.000 1969 COM2 65 0R0 218 0.6 23.7 55.9 1.0108 0.00 0.0M
484920.000 1969 COM2 65 0R0 220 1.3 23.8 55.8 1.0108 0.00 0.0M
484980.000 1969 COM2 65 0R0 224 0.9 23.9 55.8 1.0108 0.00 0.0M
485040.000 1969 COM2 65 0R0 187 1.4 24.1 55.1 1.0108 0.00 0.0M
485100.000 1969 COM2 65 0R0 193 2.1 24.1 54.5 1.0108 0.00 0.0M
485160.000 1969 COM2 65 0R0 223 2.3 24.0 55.5 1.0108 0.00 0.0M
485220.000 1969 COM2 65 0R0 190 2.5 24.0 56.3 1.0108 0.00 0.0M
485280.000 1969 COM2 65 0R0 188 3.3 23.9 56.4 1.0108 0.00 0.0M
485340.000 1969 COM2 65 0R0 177 3.3 23.9 56.9 1.0108 0.00 0.0M
485400.000 1969 COM2 65 0R0 119 1.6 23.8 57.5 1.0108 0.00 0.0M
485460.000 1969 COM2 65 0R0 226 1.5 24.0 57.2 1.0108 0.00 0.0M
485520.000 1969 COM2 65 0R0 225 2.0 24.0 57.2 1.0108 0.00 0.0M
485580.000 1969 COM2 65 0R0 197 0.5 24.1 57.1 1.0108 0.00 0.0M
485640.000 1969 COM2 65 0R0 218 2.0 24.1 57.2 1.0108 0.00 0.0M
485700.000 1969 COM2 65 0R0 211 4.3 24.2 56.7 1.0107 0.00 0.0M
485760.000 1969 COM2 65 0R0 214 3.4 24.2 57.6 1.0108 0.00 0.0M
485820.000 1969 COM2 65 0R0 239 3.1 24.1 57.4 1.0108 0.00 0.0M
485880.000 1969 COM2 65 0R0 250 2.0 24.1 57.3 1.0108 0.00 0.0M
485940.000 1969 COM2 65 0R0 238 1.3 24.1 57.7 1.0108 0.00 0.0M
486000.000 1969 COM2 65 0R0 201 0.8 24.2 57.2 1.0109 0.00 0.0M
486060.000 1969 COM2 65 0R0 221 1.5 24.3 57.1 1.0109 0.00 0.0M
486120.000 1969 COM2 65 0R0 233 3.4 24.4 56.8 1.0109 0.00 0.0M
486180.000 1969 COM2 65 0R0 255 3.3 24.4 56.6 1.0109 0.00 0.0M
486240.000 1969 COM2 65 0R0 213 4.9 24.4 56.7 1.0109 0.00 0.0M
486300.000 1969 COM2 65 0R0 205 2.5 24.3 56.7 1.0109 0.00 0.0M
486360.000 1969 COM2 65 0R0 180 1.1 24.2 57.3 1.0109 0.00 0.0M
486420.100 1969 COM2 65 0R0 183 2.8 24.2 57.2 1.0109 0.00 0.0M
486480.000 1969 COM2 65 0R0 236 1.8 24.2 57.6 1.0109 0.00 0.0M
486540.000 1969 COM2 65 0R0 201 2.0 24.3 57.1 1.0108 0.00 0.0M
486600.000 1969 COM2 65 0R0 306 0.8 24.4 57.0 1.0109 0.00 0.0M
486660.000 1969 COM2 65 0R0 215 0.5 24.5 56.7 1.0109 0.00 0.0M
486720.000 1969 COM2 65 0R0 199 0.5 24.6 56.9 1.0108 0.00 0.0M
486780.000 1969 COM2 65 0R0 287 1.1 24.9 56.1 1.0108 0.00 0.0M
486840.000 1969 COM2 65 0R0 260 3.0 25.0 55.6 1.0108 0.00 0.0M
486900.000 1969 COM2 65 0R0 283 4.4 25.1 54.9 1.0108 0.00 0.0M
486960.000 1969 COM2 65 0R0 270 2.8 24.9 55.1 1.0108 0.00 0.0M
487020.000 1969 COM2 65 0R0 286 2.5 24.8 55.1 1.0107 0.00 0.0M
487080.000 1969 COM2 65 0R0 273 3.8 24.8 54.7 1.0108 0.00 0.0M
487140.000 1969 COM2 65 0R0 252 2.9 24.6 55.4 1.0108 0.00 0.0M
487200.000 1969 COM2 65 0R0 260 1.2 24.6 55.2 1.0107 0.00 0.0M
487260.000 1969 COM2 65 0R0 215 0.8 24.6 55.5 1.0107 0.00 0.0M
487320.000 1969 COM2 65 0R0 300 2.0 24.8 55.5 1.0107 0.00 0.0M
487380.000 1969 COM2 65 0R0 296 1.7 24.9 54.6 1.0107 0.00 0.0M
487440.000 1969 COM2 65 0R0 198 4.3 24.9 54.8 1.0107 0.00 0.0M
487500.000 1969 COM2 65 0R0 234 2.3 24.9 55.2 1.0107 0.00 0.0M
487560.000 1969 COM2 65 0R0 271 3.4 24.9 55.0 1.0107 0.00 0.0M
487620.000 1969 COM2 65 0R0 269 0.9 24.9 54.7 1.0107 0.00 0.0M
487680.000 1969 COM2 65 0R0 216 1.1 25.0 54.6 1.0107 0.00 0.0M
487740.000 1969 COM2 65 0R0 274 3.8 24.9 54.9 1.0107 0.00 0.0M
487800.000 1969 COM2 65 0R0 283 4.1 25.0 54.5 1.0107 0.00 0.0M
487860.000 1969 COM2 65 0R0 291 3.0 25.0 54.6 1.0107 0.00 0.0M
487920.000 1969 COM2 65 0R0 263 2.0 24.9 54.7 1.0106 0.00 0.0M
487980.000 1969 COM2 65 0R0 255 3.0 24.8 55.2 1.0107 0.00 0.0M
488040.000 1969 COM2 65 0R0 259 3.2 24.8 55.4 1.0106 0.00 0.0M
488100.000 1969 COM2 65 0R0 268 4.0 24.8 55.4 1.0107 0.00 0.0M
488160.000 1969 COM2 65 0R0 283 4.2 24.6 56.0 1.0107 0.00 0.0M
488220.000 1969 COM2 65 0R0 281 3.5 24.5 56.4 1.0107 0.00 0.0M
488280.000 1969 COM2 65 0R0 280 2.2 24.5 56.5 1.0107 0.00 0.0M
488340.000 1969 COM2 65 0R0 280 3.5 24.5 56.4 1.0107 0.00 0.0M
488400.000 1969 COM2 65 0R0 215 2.8 24.6 56.7 1.0107 0.00 0.0M
488460.000 1969 COM2 65 0R0 244 5.2 24.7 56.1 1.0107 0.00 0.0M
488520.000 1969 COM2 65 0R0 207 4.6 24.8 55.8 1.0107 0.00 0.0M
488580.000 1969 COM2 65 0R0 247 0.6 24.8 56.0 1.0107 0.00 0.0M
488640.000 1969 COM2 65 0R0 252 1.4 24.8 56.2 1.0107 0.00 0.0M
488700.000 1969 COM2 65 0R0 189 1.5 25.0 55.7 1.0107 0.00 0.0M
488760.100 1969 COM2 65 0R0 297 1.2 25.0 55.2 1.0107 0.00 0.0M
488820.000 1969 COM2 65 0R0 275 1.7 25.0 54.7 1.0106 0.00 0.0M
488880.000 1969 COM2 65 0R0 129 0.5 25.0 54.7 1.0106 0.00 0.0M
488940.000 1969 COM2 65 0R0 275 2.4 25.1 54.7 1.0106 0.00 0.0M
489000.100 1969 COM2 65 0R0 223 2.5 25.1 54.8 1.0107 0.00 0.0M
489060.000 1969 COM2 65 0R0 181 2.4 25.1 54.7 1.0106 0.00 0.0M
489120.000 1969 COM2 65 0R0 244 2.0 25.1 55.0 1.0106 0.00 0.0M
489180.000 1969 COM2 65 0R0 188 3.1 25.1 55.8 1.0106 0.00 0.0M
489240.000 1969 COM2 65 0R0 243 3.8 25.1 55.6 1.0106 0.00 0.0M
489300.000 1969 COM2 65 0R0 247 1.8 25.1 55.5 1.0106 0.00 0.0M
489360.000 1969 COM2 65 0R0 243 3.2 25.2 55.4 1.0106 0.00 0.0M
489420.000 1969 COM2 65 0R0 189 1.3 25.3 55.1 1.0106 0.00 0.0M
489480.000 1969 COM2 65 0R0 184 1.3 25.3 55.2 1.0106 0.00 0.0M
489540.000 1969 COM2 65 0R0 239 3.0 25.2 55.3 1.0106 0.00 0.0M
489600.000 1969 COM2 65 0R0 278 1.1 25.2 55.4 1.0106 0.00 0.0M
489660.000 1969 COM2 65 0R0 227 1.0 25.1 55.7 1.0106 0.00 0.0M
489720.000 1969 COM2 65 0R0 264 1.7 25.1 55.8 1.0105 0.00 0.0M
489780.100 1969 COM2 65 0R0 221 3.8 25.0 56.1 1.0105 0.00 0.0M
489840.000 1969 COM2 65 0R0 175 2.7 25.0 55.9 1.0104 0.00 0.0M
489900.000 1969 COM2 65 0R0 200 2.3 24.8 56.4 1.0104 0.00 0.0M
489960.000 1969 COM2 65 0R0 207 0.9 24.8 57.0 1.0104 0.00 0.0M
490020.000 1969 COM2 65 0R0 292 1.3 25.0 56.8 1.0104 0.00 0.0M
490080.000 1969 COM2 65 0R0 252 1.4 25.3 56.1 1.0104 0.00 0.0M
490140.000 1969 COM2 65 0R0 223 1.3 25.4 55.0 1.0104 0.00 0.0M
490200.000 1969 COM2 65 0R0 310 1.7 25.5 55.3 1.0104 0.00 0.0M
490260.000 1969 COM2 65 0R0 266 3.7 25.6 54.6 1.0103 0.00 0.0M
490320.000 1969 COM2 65 0R0 261 1.6 25.5 55.1 1.0103 0.00 0.0M
490380.000 1969 COM2 65 0R0 274 2.8 25.5 55.4 1.0103 0.00 0.0M
490440.000 1969 COM2 65 0R0 215 2.0 25.4 55.9 1.0104 0.00 0.0M
490500.000 1969 COM2 65 0R0 291 3.3 25.5 55.4 1.0104 0.00 0.0M
490560.000 1969 COM2 65 0R0 241 2.8 25.5 54.9 1.0104 0.00 0.0M
490620.000 1969 COM2 65 0R0 283 2.8 25.4 55.1 1.0104 0.00 0.0M
490680.000 1969 COM2 65 0R0 297 1.6 25.4 55.1 1.0104 0.00 0.0M
490740.000 1969 COM2 65 0R0 256 1.9 25.3 55.3 1.0104 0.00 0.0M
490800.000 1969 COM2 65 0R0 286 1.3 25.3 54.9 1.0104 0.00 0.0M
490860.000 1969 COM2 65 0R0 295 3.0 25.3 55.4 1.0103 0.00 0.0M
490920.000 1969 COM2 65 0R0 300 1.6 25.3 55.2 1.0103 0.00 0.0M
490980.000 1969 COM2 65 0R0 220 2.6 25.3 55.6 1.0103 0.00 0.0M
491040.000 1969 COM2 65 0R0 229 0.2 25.5 55.7 1.0102 0.00 0.0M
491100.000 1969 COM2 65 0R0 136 0.9 25.7 54.6 1.0102 0.00 0.0M
491160.000 1969 COM2 65 0R0 204 2.8 25.9 54.3 1.0102 0.00 0.0M
491220.000 1969 COM2 65 0R0 232 2.6 26.1 53.8 1.0102 0.00 0.0M
491280.000 1969 COM2 65 0R0 223 0.8 26.1 53.8 1.0102 0.00 0.0M
491340.000 1969 COM2 65 0R0 231 1.0 26.0 54.0 1.0102 0.00 0.0M
491400.000 1969 COM2 65 0R0 274 1.2 26.2 53.3 1.0102 0.00 0.0M
491460.000 1969 COM2 65 0R0 219 1.6 26.3 53.1 1.0102 0.00 0.0M
491520.000 1969 COM2 65 0R0 220 2.9 26.3 53.1 1.0102 0.00 0.0M
491580.000 1969 COM2 65 0R0 253 2.5 26.2 53.6 1.0102 0.00 0.0M
491640.000 1969 COM2 65 0R0 173 1.1 26.1 52.7 1.0102 0.00 0.0M
491700.000 1969 COM2 65 0R0 275 5.3 26.0 52.6 1.0102 0.00 0.0M
491760.000 1969 COM2 65 0R0 344 0.6 25.9 52.8 1.0102 0.00 0.0M
491820.000 1969 COM2 65 0R0 264 3.8 25.8 53.1 1.0101 0.00 0.0M
491880.000 1969 COM2 65 0R0 285 1.4 25.7 53.4 1.0101 0.00 0.0M
491940.000 1969 COM2 65 0R0 277 1.8 25.7 53.4 1.0101 0.00 0.0M
492000.000 1969 COM2 65 0R0 264 2.6 25.7 53.7 1.0100 0.00 0.0M
492060.000 1969 COM2 65 0R0 254 1.9 25.7 54.2 1.0101 0.00 0.0M
492120.000 1969 COM2 65 0R0 224 1.4 25.7 54.2 1.0101 0.00 0.0M
492180.000 1969 COM2 65 0R0 252 4.0 25.7 54.3 1.0100 0.00 0.0M
492240.000 1969 COM2 65 0R0 230 4.0 25.7 54.1 1.0100 0.00 0.0M
492300.000 1969 COM2 65 0R0 226 4.1 25.6 54.5 1.0100 0.00 0.0M
492360.000 1969 COM2 65 0R0 203 3.7 25.6 54.5 1.0100 0.00 0.0M
492420.000 1969 COM2 65 0R0 136 1.1 25.6 55.3 1.0100 0.00 0.0M
492480.000 1969 COM2 65 0R0 247 2.9 25.7 54.8 1.0100 0.00 0.0M
492540.000 1969 COM2 65 0R0 231 2.1 25.9 53.9 1.0100 0.00 0.0M
492600.000 1969 COM2 65 0R0 289 1.5 25.9 53.5 1.0100 0.00 0.0M
492660.000 1969 COM2 65 0R0 236 3.0 25.9 53.7 1.0100 0.00 0.0M
492720.000 1969 COM2 65 0R0 196 2.9 26.0 53.3 1.0100 0.00 0.0M
492780.000 1969 COM2 65 0R0 223 5.0 25.9 53.2 1.0099 0.00 0.0M
492840.000 1969 COM2 65 0R0 213 4.6 25.8 53.7 1.0099 0.00 0.0M
492900.000 1969 COM2 65 0R0 174 3.6 25.6 54.3 1.0099 0.00 0.0M
492960.000 1969 COM2 65 0R0 233 2.6 25.6 54.5 1.0099 0.00 0.0M
493020.000 1969 COM2 65 0R0 232 3.0 25.6 53.9 1.0099 0.00 0.0M
493080.000 1969 COM2 65 0R0 229 3.6 25.6 54.4 1.0100 0.00 0.0M
493140.000 1969 COM2 65 0R0 224 1.2 25.6 54.7 1.0100 0.00 0.0M
493200.000 1969 COM2 65 0R0 215 3.9 25.6 55.0 1.0100 0.00 0.0M
493260.000 1969 COM2 65 0R0 254 1.2 25.6 55.2 1.0100 0.00 0.0M
493320.000 1969 COM2 65 0R0 226 1.8 25.6 55.5 1.0100 0.00 0.0M
493380.000 1969 COM2 65 0R0 246 1.5 25.6 55.4 1.0100 0.00 0.0M
493440.000 1969 COM2 65 0R0 177 2.1 25.6 55.3 1.0100 0.00 0.0M
493500.000 1969 COM2 65 0R0 252 0.6 25.7 55.1 1.0100 0.00 0.0M
493560.000 1969 COM2 65 0R0 202 3.8 25.8 54.9 1.0100 0.00 0.0M
493620.100 1969 COM2 65 0R0 218 2.5 25.7 54.9 1.0099 0.00 0.0M
493680.100 1969 COM2 65 0R0 226 1.7 25.7 54.9 1.0099 0.00 0.0M
493740.100 1969 COM2 65 0R0 194 3.1 25.7 55.1 1.0098 0.00 0.0M
493800.000 1969 COM2 65 0R0 203 4.8 25.7 54.9 1.0098 0.00 0.0M
493860.000 1969 COM2 65 0R0 186 2.8 25.7 54.5 1.0098 0.00 0.0M
493920.000 1969 COM2 65 0R0 131 1.3 25.5 54.9 1.0098 0.00 0.0M
493980.000 1969 COM2 65 0R0 172 0.5 25.5 55.0 1.0097 0.00 0.0M
494040.000 1969 COM2 65 0R0 187 1.0 25.7 55.1 1.0097 0.00 0.0M
494100.000 1969 COM2 65 0R0 301 0.7 25.9 54.3 1.0097 0.00 0.0M
494160.000 1969 COM2 65 0R0 219 1.6 26.1 53.6 1.0097 0.00 0.0M
494220.000 1969 COM2 65 0R0 241 2.8 26.2 53.4 1.0098 0.00 0.0M
494280.000 1969 COM2 65 0R0 284 1.5 26.3 53.1 1.0097 0.00 0.0M
494340.000 1969 COM2 65 0R0 233 4.2 26.3 52.3 1.0097 0.00 0.0M
494400.000 1969 COM2 65 0R0 178 3.8 26.3 52.8 1.0097 0.00 0.0M
494460.000 1969 COM2 65 0R0 164 0.7 26.1 53.6 1.0097 0.00 0.0M
494520.000 1969 COM2 65 0R0 273 2.4 26.0 53.2 1.0097 0.00 0.0M
494580.000 1969 COM2 65 0R0 306 2.0 26.0 53.4 1.0097 0.00 0.0M
494640.000 1969 COM2 65 0R0 274 1.2 26.1 52.4 1.0097 0.00 0.0M
494700.000 1969 COM2 65 0R0 231 3.4 26.2 52.7 1.0097 0.00 0.0M
494760.000 1969 COM2 65 0R0 228 1.3 26.3 52.3 1.0097 0.00 0.0M
494820.000 1969 COM2 65 0R0 234 2.4 26.3 52.4 1.0097 0.00 0.0M
494880.000 1969 COM2 65 0R0 218 3.7 26.3 52.2 1.0096 0.00 0.0M
494940.000 1969 COM2 65 0R0 208 4.4 26.2 52.6 1.0097 0.00 0.0M
495000.000 1969 COM2 65 0R0 250 3.3 26.1 52.7 1.0096 0.00 0.0M
495060.000 1969 COM2 65 0R0 175 4.5 26.1 52.6 1.0095 0.00 0.0M
495120.000 1969 COM2 65 0R0 233 2.9 26.1 53.0 1.0095 0.00 0.0M
495180.000 1969 COM2 65 0R0 238 3.4 26.1 52.6 1.0095 0.00 0.0M
495240.100 1969 COM2 65 0R0 257 1.8 26.1 52.8 1.0096 0.00 0.0M
495300.100 1969 COM2 65 0R0 216 2.3 26.1 52.7 1.0096 0.00 0.0M
495360.000 1969 COM2 65 0R0 256 2.0 26.1 52.1 1.0095 0.00 0.0M
495420.100 1969 COM2 65 0R0 215 3.0 26.2 52.5 1.0095 0.00 0.0M
495480.000 1969 COM2 65 0R0 229 1.4 26.1 52.9 1.0095 0.00 0.0M
495540.000 1969 COM2 65 0R0 191 2.0 26.1 53.1 1.0095 0.00 0.0M
495600.000 1969 COM2 65 0R0 232 5.3 26.1 53.0 1.0095 0.00 0.0M
495660.000 1969 COM2 65 0R0 205 3.6 26.2 52.2 1.0095 0.00 0.0M
495720.000 1969 COM2 65 0R0 248 2.2 26.2 52.5 1.0095 0.00 0.0M
495780.000 1969 COM2 65 0R0 216 1.0 26.2 52.3 1.0095 0.00 0.0M
495840.000 1969 COM2 65 0R0 283 1.5 26.2 52.6 1.0096 0.00 0.0M
495900.000 1969 COM2 65 0R0 309 2.6 26.1 52.5 1.0096 0.00 0.0M
495960.000 1969 COM2 65 0R0 294 1.0 26.0 52.7 1.0095 0.00 0.0M
496020.000 1969 COM2 65 0R0 289 2.6 26.0 52.8 1.0095 0.00 0.0M
496080.000 1969 COM2 65 0R0 215 1.9 26.0 53.0 1.0095 0.00 0.0M
496140.000 1969 COM2 65 0R0 262 0.9 26.1 52.8 1.0095 0.00 0.0M
496200.000 1969 COM2 65 0R0 264 0.6 26.2 52.5 1.0095 0.00 0.0M
496260.000 1969 COM2 65 0R0 243 2.1 26.2 52.6 1.0095 0.00 0.0M
496320.000 1969 COM2 65 0R0 211 1.0 26.3 52.6 1.0094 0.00 0.0M
496380.000 1969 COM2 65 0R0 225 2.2 26.3 52.1 1.0094 0.00 0.0M
496440.000 1969 COM2 65 0R0 226 1.4 26.3 52.1 1.0094 0.00 0.0M
496500.000 1969 COM2 65 0R0 236 1.3 26.3 52.2 1.0094 0.00 0.0M
496560.000 1969 COM2 65 0R0 222 3.8 26.2 52.4 1.0093 0.00 0.0M
496620.000 1969 COM2 65 0R0 198 2.9 26.2 52.0 1.0093 0.00 0.0M
496680.000 1969 COM2 65 0R0 231 0.9 26.0 52.7 1.0093 0.00 0.0M
496740.000 1969 COM2 65 0R0 195 1.8 25.9 53.0 1.0093 0.00 0.0M
496800.000 1969 COM2 65 0R0 228 2.7 26.0 52.8 1.0093 0.00 0.0M
496860.200 1969 COM2 65 0R0 230 2.4 26.1 52.8 1.0093 0.00 0.0M
496920.000 1969 COM2 65 0R0 331 0.9 26.1 53.0 1.0093 0.00 0.0M
496980.000 1969 COM2 65 0R0 223 0.5 26.1 53.0 1.0093 0.00 0.0M
497040.000 1969 COM2 65 0R0 232 0.7 26.2 52.9 1.0093 0.00 0.0M
497100.000 1969 COM2 65 0R0 289 0.8 26.3 52.8 1.0093 0.00 0.0M
497160.000 1969 COM2 65 0R0 212 0.6 26.4 52.5 1.0093 0.00 0.0M
497220.000 1969 COM2 65 0R0 207 3.1 26.6 52.1 1.0093 0.00 0.0M
497280.000 1969 COM2 65 0R0 328 0.8 26.6 51.2 1.0092 0.00 0.0M
497340.000 1969 COM2 65 0R0 290 0.9 26.7 51.3 1.0092 0.00 0.0M
497400.000 1969 COM2 65 0R0 247 2.1 26.6 51.3 1.0092 0.00 0.0M
497460.000 1969 COM2 65 0R0 240 1.4 26.6 51.1 1.0092 0.00 0.0M
497520.000 1969 COM2 65 0R0 247 0.9 26.5 51.5 1.0091 0.00 0.0M
497580.000 1969 COM2 65 0R0 238 0.3 26.5 51.6 1.0091 0.00 0.0M
497640.000 1969 COM2 65 0R0 216 0.5 26.5 51.7 1.0091 0.00 0.0M
497700.000 1969 COM2 65 0R0 216 2.9 26.5 51.6 1.0091 0.00 0.0M
497760.000 1969 COM2 65 0R0 217 3.2 26.5 51.3 1.0091 0.00 0.0M
497820.000 1969 COM2 65 0R0 199 1.9 26.3 52.1 1.0091 0.00 0.0M
497880.000 1969 COM2 65 0R0 202 3.9 26.3 52.1 1.0090 0.00 0.0M
497940.000 1969 COM2 65 0R0 232 1.9 26.2 52.5 1.0091 0.00 0.0M
498000.000 1969 COM2 65 0R0 209 1.2 26.1 52.3 1.0091 0.00 0.0M
498060.000 1969 COM2 65 0R0 205 3.0 26.1 52.4 1.0090 0.00 0.0M
498120.000 1969 COM2 65 0R0 185 2.2 26.1 52.8 1.0090 0.00 0.0M
498180.000 1969 COM2 65 0R0 293 2.1 26.1 53.2 1.0091 0.00 0.0M
498240.000 1969 COM2 65 0R0 228 2.5 26.1 53.2 1.0091 0.00 0.0M
498300.000 1969 COM2 65 0R0 296 1.9 26.2 52.4 1.0091 0.00 0.0M
498360.000 1969 COM2 65 0R0 266 2.0 26.3 52.1 1.0091 0.00 0.0M
498420.000 1969 COM2 65 0R0 278 2.3 26.3 51.9 1.0091 0.00 0.0M
498480.000 1969 COM2 65 0R0 263 1.4 26.3 52.0 1.0091 0.00 0.0M
498540.000 1969 COM2 65 0R0 279 1.4 26.1 52.4 1.0090 0.00 0.0M
498600.000 1969 COM2 65 0R0 335 0.2 26.1 52.9 1.0090 0.00 0.0M
498660.000 1969 COM2 65 0R0 242 1.1 26.1 52.7 1.0090 0.00 0.0M
498720.000 1969 COM2 65 0R0 223 1.8 26.2 52.3 1.0090 0.00 0.0M
498780.000 1969 COM2 65 0R0 209 1.0 26.2 52.3 1.0090 0.00 0.0M
498840.000 1969 COM2 65 0R0 195 0.7 26.3 52.0 1.0091 0.00 0.0M
498900.000 1969 COM2 65 0R0 238 1.1 26.4 52.0 1.0091 0.00 0.0M
498960.000 1969 COM2 65 0R0 277 2.6 26.4 51.9 1.0091 0.00 0.0M
499020.000 1969 COM2 65 0R0 226 1.8 26.4 51.6 1.0091 0.00 0.0M
499080.000 1969 COM2 65 0R0 253 0.7 26.4 52.0 1.0091 0.00 0.0M
499140.000 1969 COM2 65 0R0 262 0.9 26.4 51.3 1.0091 0.00 0.0M
499200.000 1969 COM2 65 0R0 255 0.8 26.4 51.7 1.0091 0.00 0.0M
499260.000 1969 COM2 65 0R0 164 1.7 26.5 51.5 1.0091 0.00 0.0M
499320.000 1969 COM2 65 0R0 252 0.7 26.5 51.4 1.0091 0.00 0.0M
499380.000 1969 COM2 65 0R0 274 2.4 26.6 51.3 1.0091 0.00 0.0M
499440.000 1969 COM2 65 0R0 227 2.5 26.6 51.3 1.0091 0.00 0.0M
499500.000 1969 COM2 65 0R0 325 1.2 26.7 51.4 1.0091 0.00 0.0M
499560.000 1969 COM2 65 0R0 266 2.4 26.6 51.4 1.0091 0.00 0.0M
499620.000 1969 COM2 65 0R0 275 0.5 26.6 50.3 1.0092 0.00 0.0M
499680.000 1969 COM2 65 0R0 292 1.9 26.6 50.5 1.0092 0.00 0.0M
499740.000 1969 COM2 65 0R0 248 0.5 26.6 50.8 1.0092 0.00 0.0M
499800.000 1969 COM2 65 0R0 039 0.5 26.6 50.9 1.0091 0.00 0.0M
499860.000 1969 COM2 65 0R0 287 1.6 26.7 50.6 1.0092 0.00 0.0M
499920.000 1969 COM2 65 0R0 285 2.5 26.8 50.2 1.0092 0.00 0.0M
499980.000 1969 COM2 65 0R0 281 0.7 26.7 50.9 1.0092 0.00 0.0M
500040.000 1969 COM2 65 0R0 278 1.0 26.6 50.8 1.0092 0.00 0.0M
500100.000 1969 COM2 65 0R0 334 0.5 26.5 51.0 1.0091 0.00 0.0M
500160.000 1969 COM2 65 0R0 287 2.6 26.4 51.2 1.0091 0.00 0.0M
500220.000 1969 COM2 65 0R0 222 0.7 26.4 51.2 1.0091 0.00 0.0M
500280.000 1969 COM2 65 0R0 296 0.5 26.3 51.6 1.0091 0.00 0.0M
500340.000 1969 COM2 65 0R0 229 0.6 26.3 51.7 1.0091 0.00 0.0M
500400.000 1969 COM2 65 0R0 257 1.1 26.3 52.0 1.0091 0.00 0.0M
500460.000 1969 COM2 65 0R0 247 0.9 26.3 52.0 1.0091 0.00 0.0M
500520.000 1969 COM2 65 0R0 174 0.3 26.3 52.2 1.0091 0.00 0.0M
500580.000 1969 COM2 65 0R0 205 0.6 26.3 51.9 1.0091 0.00 0.0M
500640.000 1969 COM2 65 0R0 276 1.7 26.4 52.2 1.0091 0.00 0.0M
500700.000 1969 COM2 65 0R0 315 1.3 26.4 51.2 1.0091 0.00 0.0M
500760.000 1969 COM2 65 0R0 031 1.7 26.4 51.2 1.0091 0.00 0.0M
500820.000 1969 COM2 65 0R0 079 0.4 26.4 51.7 1.0091 0.00 0.0M
500880.000 1969 COM2 65 0R0 043 0.9 26.4 51.1 1.0091 0.00 0.0M
500940.000 1969 COM2 65 0R0 001 0.4 26.4 51.8 1.0091 0.00 0.0M
501000.000 1969 COM2 65 0R0 329 1.2 26.4 51.5 1.0092 0.00 0.0M
501060.000 1969 COM2 65 0R0 287 2.1 26.3 52.1 1.0092 0.00 0.0M
501120.000 1969 COM2 65 0R0 137 0.8 26.3 52.0 1.0092 0.00 0.0M
501180.000 1969 COM2 65 0R0 254 1.2 26.3 52.1 1.0092 0.00 0.0M
501240.000 1969 COM2 65 0R0 304 2.7 26.4 51.8 1.0092 0.00 0.0M
501300.000 1969 COM2 65 0R0 276 2.1 26.3 51.7 1.0091 0.00 0.0M
501360.000 1969 COM2 65 0R0 259 2.2 26.2 52.1 1.0091 0.00 0.0M
501420.000 1969 COM2 65 0R0 309 2.4 26.2 52.1 1.0091 0.00 0.0M
501480.000 1969 COM2 65 0R0 310 3.0 26.2 51.8 1.0091 0.00 0.0M
501540.000 1969 COM2 65 0R0 250 1.0 26.1 52.5 1.0090 0.00 0.0M
501600.000 1969 COM2 65 0R0 265 1.2 26.0 52.5 1.0090 0.00 0.0M
501660.000 1969 COM2 65 0R0 299 0.5 26.0 52.6 1.0090 0.00 0.0M
501720.000 1969 COM2 65 0R0 304 2.0 26.1 52.4 1.0090 0.00 0.0M
501780.000 1969 COM2 65 0R0 292 3.1 26.1 52.5 1.0090 0.00 0.0M
501840.000 1969 COM2 65 0R0 291 3.0 26.1 52.0 1.0089 0.00 0.0M
501900.000 1969 COM2 65 0R0 260 2.4 26.1 52.1 1.0090 0.00 0.0M
501960.000 1969 COM2 65 0R0 183 0.8 26.0 52.7 1.0090 0.00 0.0M
502020.000 1969 COM2 65 0R0 284 2.3 26.0 52.1 1.0090 0.00 0.0M
502080.000 1969 COM2 65 0R0 314 1.3 26.0 52.4 1.0090 0.00 0.0M
502140.000 1969 COM2 65 0R0 300 0.5 25.9 52.8 1.0090 0.00 0.0M
502200.000 1969 COM2 65 0R0 301 1.0 26.0 52.7 1.0090 0.00 0.0M
502260.000 1969 COM2 65 0R0 271 1.6 26.0 52.4 1.0090 0.00 0.0M
502320.000 1969 COM2 65 0R0 280 1.8 26.1 52.3 1.0090 0.00 0.0M
502380.000 1969 COM2 65 0R0 288 1.8 26.1 51.9 1.0090 0.00 0.0M
502440.000 1969 COM2 65 0R0 312 1.0 26.1 52.3 1.0090 0.00 0.0M
502500.000 1969 COM2 65 0R0 301 1.5 26.1 52.3 1.0090 0.00 0.0M
502560.000 1969 COM2 65 0R0 289 1.9 26.1 52.4 1.0090 0.00 0.0M
502620.000 1969 COM2 65 0R0 215 0.3 26.1 52.1 1.0090 0.00 0.0M
502680.000 1969 COM2 65 0R0 027 0.6 26.1 52.1 1.0090 0.00 0.0M
502740.000 1969 COM2 65 0R0 346 1.3 26.2 52.2 1.0090 0.00 0.0M
502800.000 1969 COM2 65 0R0 336 2.0 26.3 52.0 1.0090 0.00 0.0M
502860.000 1969 COM2 65 0R0 010 0.3 26.2 51.8 1.0090 0.00 0.0M
502920.000 1969 COM2 65 0R0 277 0.7 26.2 52.4 1.0089 0.00 0.0M
502980.000 1969 COM2 65 0R0 330 1.2 26.3 52.3 1.0089 0.00 0.0M
503040.000 1969 COM2 65 0R0 304 2.1 26.4 51.8 1.0090 0.00 0.0M
503100.000 1969 COM2 65 0R0 262 1.1 26.4 51.8 1.0089 0.00 0.0M
503160.000 1969 COM2 65 0R0 332 1.2 26.3 52.0 1.0089 0.00 0.0M
503220.000 1969 COM2 65 0R0 261 1.7 26.3 51.9 1.0090 0.00 0.0M
503280.000 1969 COM2 65 0R0 298 3.5 26.4 51.8 1.0089 0.00 0.0M
503340.000 1969 COM2 65 0R0 235 0.9 26.3 51.6 1.0089 0.00 0.0M
503400.100 1969 COM2 65 0R0 282 1.8 26.2 52.2 1.0089 0.00 0.0M
503460.000 1969 COM2 65 0R0 116 0.7 26.1 52.2 1.0089 0.00 0.0M
503520.000 1969 COM2 65 0R0 306 1.5 26.1 52.5 1.0089 0.00 0.0M
503580.000 1969 COM2 65 0R0 322 0.7 26.1 52.2 1.0089 0.00 0.0M
503640.000 1969 COM2 65 0R0 280 2.4 26.1 52.2 1.0089 0.00 0.0M
503700.000 1969 COM2 65 0R0 277 2.9 26.1 52.4 1.0089 0.00 0.0M
503760.000 1969 COM2 65 0R0 260 2.3 26.1 52.4 1.0089 0.00 0.0M
503820.000 1969 COM2 65 0R0 243 2.2 26.1 52.4 1.0089 0.00 0.0M
503880.000 1969 COM2 65 0R0 264 1.6 26.1 52.6 1.0089 0.00 0.0M
503940.000 1969 COM2 65 0R0 281 2.4 26.1 52.4 1.0089 0.00 0.0M
504000.000 1969 COM2 65 0R0 269 1.9 26.0 52.5 1.0089 0.00 0.0M
504060.000 1969 COM2 65 0R0 260 1.6 26.0 52.8 1.0089 0.00 0.0M
504120.000 1969 COM2 65 0R0 190 0.9 26.0 52.9 1.0089 0.00 0.0M
504180.000 1969 COM2 65 0R0 288 2.6 26.0 53.0 1.0088 0.00 0.0M
504240.000 1969 COM2 65 0R0 289 1.4 26.0 52.8 1.0088 0.00 0.0M
504300.000 1969 COM2 65 0R0 274 2.2 26.0 52.6 1.0088 0.00 0.0M
504360.000 1969 COM2 65 0R0 294 1.9 25.9 52.5 1.0088 0.00 0.0M
504420.000 1969 COM2 65 0R0 274 0.7 25.9 52.3 1.0088 0.00 0.0M
504480.000 1969 COM2 65 0R0 073 0.4 25.9 52.8 1.0088 0.00 0.0M
504540.000 1969 COM2 65 0R0 282 0.9 25.9 52.9 1.0088 0.00 0.0M
504600.000 1969 COM2 65 0R0 052 0.6 26.0 52.9 1.0088 0.00 0.0M
504660.000 1969 COM2 65 0R0 292 0.5 26.0 52.9 1.0088 0.00 0.0M
504720.000 1969 COM2 65 0R0 283 1.0 26.0 52.8 1.0088 0.00 0.0M
504780.000 1969 COM2 65 0R0 179 1.7 26.1 52.8 1.0088 0.00 0.0M
504840.000 1969 COM2 65 0R0 283 1.5 26.1 53.1 1.0088 0.00 0.0M
504900.000 1969 COM2 65 0R0 257 1.3 26.2 52.5 1.0088 0.00 0.0M
504960.000 1969 COM2 65 0R0 091 0.3 26.2 52.5 1.0088 0.00 0.0M
505020.000 1969 COM2 65 0R0 282 0.6 26.2 52.6 1.0088 0.00 0.0M
505080.000 1969 COM2 65 0R0 062 0.4 26.3 52.5 1.0087 0.00 0.0M
505140.000 1969 COM2 65 0R0 296 1.8 26.3 52.5 1.0087 0.00 0.0M
505200.000 1969 COM2 65 0R0 289 2.6 26.4 51.8 1.0088 0.00 0.0M
505260.000 1969 COM2 65 0R0 295 2.3 26.3 52.2 1.0088 0.00 0.0M
505320.000 1969 COM2 65 0R0 287 2.0 26.1 52.7 1.0088 0.00 0.0M
505380.000 1969 COM2 65 0R0 316 0.8 26.0 53.0 1.0088 0.00 0.0M
505440.000 1969 COM2 65 0R0 012 0.4 25.9 53.4 1.0088 0.00 0.0M
505500.000 1969 COM2 65 0R0 293 1.2 25.9 53.3 1.0087 0.00 0.0M
505560.000 1969 COM2 65 0R0 279 1.4 25.8 53.7 1.0088 0.00 0.0M
505620.000 1969 COM2 65 0R0 275 1.8 25.8 53.7 1.0088 0.00 0.0M
505680.000 1969 COM2 65 0R0 273 2.0 25.8 54.0 1.0088 0.00 0.0M
505740.000 1969 COM2 65 0R0 273 1.5 25.8 54.0 1.0088 0.00 0.0M
505800.000 1969 COM2 65 0R0 262 1.2 25.7 54.1 1.0088 0.00 0.0M
505860.000 1969 COM2 65 0R0 235 1.3 25.7 54.1 1.0088 0.00 0.0M
505920.000 1969 COM2 65 0R0 252 0.9 25.8 54.0 1.0088 0.00 0.0M
505980.000 1969 COM2 65 0R0 229 1.1 25.8 53.8 1.0088 0.00 0.0M
506040.000 1969 COM2 65 0R0 261 0.8 25.9 53.7 1.0087 0.00 0.0M
506100.000 1969 COM2 65 0R0 228 0.3 25.9 53.4 1.0087 0.00 0.0M
506160.100 1969 COM2 65 0R0 186 0.7 26.0 53.2 1.0087 0.00 0.0M
506220.000 1969 COM2 65 0R0 281 0.2 26.1 52.9 1.0087 0.00 0.0M
506280.100 1969 COM2 65 0R0 276 0.4 26.2 52.7 1.0086 0.00 0.0M
506340.000 1969 COM2 65 0R0 064 0.2 26.2 52.5 1.0086 0.00 0.0M
506400.000 1969 COM2 65 0R0 237 0.6 26.3 52.1 1.0086 0.00 0.0M
506460.000 1969 COM2 65 0R0 202 0.5 26.4 51.9 1.0086 0.00 0.0M
506520.000 1969 COM2 65 0R0 262 0.6 26.4 51.9 1.0085 0.00 0.0M
506580.000 1969 COM2 65 0R0 198 0.2 26.4 51.7 1.0086 0.00 0.0M
506640.000 1969 COM2 65 0R0 074 0.5 26.4 51.8 1.0086 0.00 0.0M
506700.000 1969 COM2 65 0R0 313 0.3 26.4 51.8 1.0086 0.00 0.0M
506760.000 1969 COM2 65 0R0 227 1.0 26.4 52.1 1.0086 0.00 0.0M
506820.000 1969 COM2 65 0R0 229 1.2 26.3 52.0 1.0085 0.00 0.0M
506880.000 1969 COM2 65 0R0 276 0.9 26.3 52.3 1.0086 0.00 0.0M
506940.100 1969 COM2 65 0R0 175 0.6 26.3 52.4 1.0086 0.00 0.0M
507060.000 1969 COM2 21 0T Unknown cmd error
507120.100 1969 COM2 65 0R0 291 0.7 26.2 52.8 1.0085 0.00 0.0M
507180.000 1969 COM2 65 0R0 250 0.3 26.1 52.9 1.0085 0.00 0.0M
507240.000 1969 COM2 65 0R0 026 0.2 26.0 52.9 1.0085 0.00 0.0M
507300.000 1969 COM2 65 0R0 350 0.2 26.0 53.2 1.0085 0.00 0.0M
507360.100 1969 COM2 65 0R0 229 0.7 26.0 52.9 1.0085 0.00 0.0M
507420.000 1969 COM2 65 0R0 228 1.1 26.0 53.3 1.0085 0.00 0.0M
507480.000 1969 COM2 65 0R0 224 0.8 26.0 53.3 1.0085 0.00 0.0M
507540.000 1969 COM2 65 0R0 224 0.7 26.0 53.2 1.0085 0.00 0.0M
507600.000 1969 COM2 65 0R0 212 1.0 26.0 53.4 1.0085 0.00 0.0M
507660.000 1969 COM2 65 0R0 189 0.5 26.0 53.5 1.0085 0.00 0.0M
507720.000 1969 COM2 65 0R0 172 0.5 25.9 53.4 1.0085 0.00 0.0M
507780.000 1969 COM2 65 0R0 230 1.7 25.9 53.8 1.0085 0.00 0.0M
507840.000 1969 COM2 65 0R0 244 0.8 26.0 53.2 1.0085 0.00 0.0M
507900.000 1969 COM2 65 0R0 254 0.3 25.9 54.0 1.0085 0.00 0.0M
507960.000 1969 COM2 65 0R0 304 0.7 25.9 53.8 1.0086 0.00 0.0M
508020.000 1969 COM2 65 0R0 233 0.6 25.9 53.4 1.0086 0.00 0.0M
508080.000 1969 COM2 65 0R0 258 0.9 25.9 53.2 1.0086 0.00 0.0M
508140.000 1969 COM2 65 0R0 264 1.7 25.9 53.6 1.0086 0.00 0.0M
508200.000 1969 COM2 65 0R0 321 0.4 25.8 53.6 1.0086 0.00 0.0M
508260.000 1969 COM2 65 0R0 242 0.5 25.8 53.9 1.0086 0.00 0.0M
508320.000 1969 COM2 65 0R0 269 1.5 25.8 53.7 1.0086 0.00 0.0M
508380.000 1969 COM2 65 0R0 248 0.7 25.8 53.8 1.0086 0.00 0.0M
508440.000 1969 COM2 65 0R0 280 1.7 25.7 54.0 1.0086 0.00 0.0M
508500.000 1969 COM2 65 0R0 308 1.0 25.7 54.0 1.0086 0.00 0.0M
508560.000 1969 COM2 65 0R0 184 0.6 25.6 54.2 1.0086 0.00 0.0M
508620.000 1969 COM2 65 0R0 262 1.2 25.6 54.1 1.0085 0.00 0.0M
508680.000 1969 COM2 65 0R0 267 0.5 25.6 54.4 1.0085 0.00 0.0M
508740.000 1969 COM2 65 0R0 280 0.7 25.6 54.1 1.0085 0.00 0.0M
508800.000 1969 COM2 65 0R0 252 0.5 25.6 53.7 1.0084 0.00 0.0M
508860.000 1969 COM2 65 0R0 235 0.3 25.6 53.8 1.0084 0.00 0.0M
508920.000 1969 COM2 65 0R0 284 0.5 25.6 54.4 1.0084 0.00 0.0M
508980.000 1969 COM2 65 0R0 204 0.6 25.6 54.5 1.0084 0.00 0.0M
509040.000 1969 COM2 65 0R0 308 0.3 25.7 54.2 1.0084 0.00 0.0M
509100.000 1969 COM2 65 0R0 270 1.1 25.7 53.8 1.0084 0.00 0.0M
509160.000 1969 COM2 65 0R0 267 0.8 25.8 53.3 1.0085 0.00 0.0M
509220.000 1969 COM2 65 0R0 284 0.4 25.8 53.4 1.0085 0.00 0.0M
509280.100 1969 COM2 65 0R0 287 1.2 25.8 53.3 1.0085 0.00 0.0M
509340.000 1969 COM2 65 0R0 280 0.7 25.9 53.2 1.0085 0.00 0.0M
509400.000 1969 COM2 65 0R0 292 0.8 25.9 53.2 1.0085 0.00 0.0M
509460.000 1969 COM2 65 0R0 279 1.1 25.9 53.1 1.0085 0.00 0.0M
509520.000 1969 COM2 65 0R0 288 1.0 26.0 52.6 1.0085 0.00 0.0M
509580.000 1969 COM2 65 0R0 240 1.0 26.0 52.8 1.0085 0.00 0.0M
509640.000 1969 COM2 65 0R0 335 0.6 25.9 53.0 1.0086 0.00 0.0M
509700.000 1969 COM2 65 0R0 267 1.2 25.9 53.3 1.0086 0.00 0.0M
509760.000 1969 COM2 65 0R0 304 0.8 25.9 53.0 1.0086 0.00 0.0M
509820.000 1969 COM2 65 0R0 304 1.0 25.8 53.3 1.0087 0.00 0.0M
509880.000 1969 COM2 65 0R0 244 1.3 25.7 52.9 1.0087 0.00 0.0M
509940.000 1969 COM2 65 0R0 240 2.2 25.7 53.7 1.0087 0.00 0.0M
510000.000 1969 COM2 65 0R0 267 0.9 25.6 53.9 1.0087 0.00 0.0M
510060.000 1969 COM2 65 0R0 280 1.7 25.6 54.0 1.0087 0.00 0.0M
510120.000 1969 COM2 65 0R0 302 0.8 25.6 54.1 1.0086 0.00 0.0M
510180.000 1969 COM2 65 0R0 259 2.3 25.5 54.1 1.0086 0.00 0.0M
510240.000 1969 COM2 65 0R0 308 1.0 25.5 54.0 1.0086 0.00 0.0M
510300.200 1969 COM2 65 0R0 232 0.5 25.4 54.2 1.0086 0.00 0.0M
510360.000 1969 COM2 65 0R0 204 0.8 25.4 54.6 1.0086 0.00 0.0M
510420.000 1969 COM2 65 0R0 285 0.8 25.4 54.6 1.0086 0.00 0.0M
510480.000 1969 COM2 65 0R0 308 0.2 25.4 54.7 1.0085 0.00 0.0M
510540.000 1969 COM2 65 0R0 225 0.7 25.4 54.8 1.0086 0.00 0.0M
510600.000 1969 COM2 65 0R0 264 0.5 25.4 54.9 1.0085 0.00 0.0M
510660.000 1969 COM2 65 0R0 164 0.2 25.4 55.0 1.0086 0.00 0.0M
510720.000 1969 COM2 65 0R0 274 0.4 25.4 55.0 1.0086 0.00 0.0M
510780.000 1969 COM2 65 0R0 258 0.6 25.3 55.4 1.0086 0.00 0.0M
510840.000 1969 COM2 65 0R0 273 1.0 25.3 55.5 1.0085 0.00 0.0M
510900.000 1969 COM2 65 0R0 279 1.3 25.3 55.6 1.0085 0.00 0.0M
510960.000 1969 COM2 65 0R0 257 0.8 25.2 55.5 1.0085 0.00 0.0M
511020.000 1969 COM2 65 0R0 242 1.1 25.2 55.5 1.0085 0.00 0.0M
511080.000 1969 COM2 65 0R0 259 1.2 25.2 56.0 1.0085 0.00 0.0M
511140.000 1969 COM2 65 0R0 267 1.3 25.1 56.0 1.0085 0.00 0.0M
511200.000 1969 COM2 65 0R0 294 0.9 25.1 55.8 1.0085 0.00 0.0M
511260.000 1969 COM2 65 0R0 273 1.2 25.1 56.3 1.0086 0.00 0.0M
511320.000 1969 COM2 65 0R0 276 0.7 25.1 56.4 1.0086 0.00 0.0M
511380.000 1969 COM2 65 0R0 270 0.9 25.0 56.0 1.0086 0.00 0.0M
511440.000 1969 COM2 65 0R0 183 0.3 25.0 56.4 1.0086 0.00 0.0M
511500.000 1969 COM2 65 0R0 140 0.3 25.0 56.3 1.0086 0.00 0.0M
511560.000 1969 COM2 65 0R0 178 0.3 25.0 56.7 1.0086 0.00 0.0M
511620.000 1969 COM2 65 0R0 201 0.2 25.0 56.9 1.0086 0.00 0.0M
511680.000 1969 COM2 65 0R0 242 0.5 25.0 56.9 1.0086 0.00 0.0M
511740.000 1969 COM2 65 0R0 268 0.2 25.0 57.0 1.0086 0.00 0.0M
511800.000 1969 COM2 65 0R0 256 0.3 25.0 57.0 1.0085 0.00 0.0M
511860.000 1969 COM2 65 0R0 247 0.3 25.0 57.1 1.0085 0.00 0.0M
511920.000 1969 COM2 65 0R0 173 0.4 25.0 57.3 1.0085 0.00 0.0M
511980.000 1969 COM2 65 0R0 219 0.4 25.0 57.2 1.0085 0.00 0.0M
512040.000 1969 COM2 65 0R0 256 0.6 25.0 57.2 1.0085 0.00 0.0M
512100.000 1969 COM2 65 0R0 231 0.4 25.0 57.2 1.0085 0.00 0.0M
512160.000 1969 COM2 65 0R0 244 0.6 25.0 57.4 1.0086 0.00 0.0M
512220.000 1969 COM2 65 0R0 254 0.3 24.9 57.1 1.0086 0.00 0.0M
512280.000 1969 COM2 65 0R0 244 0.4 24.9 57.4 1.0086 0.00 0.0M
512340.000 1969 COM2 65 0R0 218 0.5 24.9 57.4 1.0086 0.00 0.0M
512400.000 1969 COM2 65 0R0 254 0.9 24.9 57.4 1.0086 0.00 0.0M
512460.000 1969 COM2 65 0R0 268 0.6 24.8 57.1 1.0086 0.00 0.0M
512520.000 1969 COM2 65 0R0 276 0.4 24.8 57.1 1.0086 0.00 0.0M
512580.000 1969 COM2 65 0R0 282 0.2 24.8 57.4 1.0086 0.00 0.0M
512640.000 1969 COM2 65 0R0 285 0.3 24.8 57.8 1.0086 0.00 0.0M
512700.000 1969 COM2 65 0R0 276 0.4 24.8 57.7 1.0086 0.00 0.0M
512760.000 1969 COM2 65 0R0 264 0.6 24.8 57.4 1.0086 0.00 0.0M
512820.000 1969 COM2 65 0R0 269 0.5 24.8 57.8 1.0086 0.00 0.0M
512880.000 1969 COM2 65 0R0 256 0.5 24.7 57.8 1.0086 0.00 0.0M
512940.000 1969 COM2 65 0R0 269 0.6 24.7 58.0 1.0086 0.00 0.0M
513000.000 1969 COM2 65 0R0 234 0.6 24.7 57.9 1.0086 0.00 0.0M
513060.000 1969 COM2 65 0R0 289 0.3 24.7 58.0 1.0087 0.00 0.0M
513120.000 1969 COM2 65 0R0 242 0.3 24.7 58.1 1.0087 0.00 0.0M
513180.000 1969 COM2 65 0R0 180 0.2 24.7 58.1 1.0087 0.00 0.0M
513240.000 1969 COM2 65 0R0 267 0.5 24.7 58.5 1.0087 0.00 0.0M
513300.000 1969 COM2 65 0R0 257 0.7 24.7 58.3 1.0086 0.00 0.0M
513360.000 1969 COM2 65 0R0 240 0.6 24.6 58.4 1.0086 0.00 0.0M
513420.000 1969 COM2 65 0R0 225 0.9 24.6 58.6 1.0086 0.00 0.0M
513480.000 1969 COM2 65 0R0 234 0.7 24.6 58.2 1.0086 0.00 0.0M
513540.000 1969 COM2 65 0R0 234 0.7 24.6 58.6 1.0087 0.00 0.0M
513600.000 1969 COM2 65 0R0 255 0.8 24.6 58.9 1.0087 0.00 0.0M
513660.000 1969 COM2 65 0R0 269 0.7 24.6 58.1 1.0087 0.00 0.0M
513720.000 1969 COM2 65 0R0 240 0.7 24.5 58.4 1.0086 0.00 0.0M
513780.000 1969 COM2 65 0R0 266 0.4 24.5 58.5 1.0086 0.00 0.0M
513840.000 1969 COM2 65 0R0 275 0.4 24.5 59.1 1.0087 0.00 0.0M
513900.000 1969 COM2 65 0R0 247 0.7 24.5 59.1 1.0087 0.00 0.0M
513960.000 1969 COM2 65 0R0 233 0.4 24.5 59.2 1.0087 0.00 0.0M
514020.000 1969 COM2 65 0R0 250 0.8 24.5 58.9 1.0087 0.00 0.0M
514080.000 1969 COM2 65 0R0 250 0.6 24.4 58.6 1.0087 0.00 0.0M
514140.000 1969 COM2 65 0R0 218 0.4 24.4 58.9 1.0087 0.00 0.0M
514200.000 1969 COM2 65 0R0 240 0.3 24.4 58.9 1.0087 0.00 0.0M
514260.000 1969 COM2 65 0R0 193 0.3 24.4 59.2 1.0087 0.00 0.0M
514320.000 1969 COM2 65 0R0 219 0.7 24.4 59.3 1.0087 0.00 0.0M
514380.000 1969 COM2 65 0R0 190 0.5 24.4 59.4 1.0087 0.00 0.0M
514440.000 1969 COM2 65 0R0 212 0.3 24.4 59.8 1.0087 0.00 0.0M
514500.000 1969 COM2 65 0R0 205 0.3 24.4 59.4 1.0087 0.00 0.0M
514560.000 1969 COM2 65 0R0 227 0.5 24.4 59.6 1.0088 0.00 0.0M
514620.000 1969 COM2 65 0R0 182 0.4 24.3 59.4 1.0088 0.00 0.0M
514680.000 1969 COM2 65 0R0 216 0.4 24.3 60.2 1.0088 0.00 0.0M
514740.000 1969 COM2 65 0R0 230 0.5 24.3 60.0 1.0088 0.00 0.0M
514800.000 1969 COM2 65 0R0 237 0.5 24.3 59.8 1.0088 0.00 0.0M
514860.000 1969 COM2 65 0R0 249 0.6 24.3 59.8 1.0088 0.00 0.0M
514920.000 1969 COM2 65 0R0 238 0.4 24.3 60.0 1.0088 0.00 0.0M
514980.000 1969 COM2 65 0R0 242 0.4 24.3 59.7 1.0088 0.00 0.0M
515040.000 1969 COM2 65 0R0 249 0.4 24.2 60.1 1.0088 0.00 0.0M
515100.000 1969 COM2 65 0R0 269 0.7 24.2 60.1 1.0088 0.00 0.0M
515160.000 1969 COM2 65 0R0 270 0.7 24.2 60.1 1.0089 0.00 0.0M
515220.000 1969 COM2 65 0R0 268 0.9 24.2 59.9 1.0089 0.00 0.0M
515280.000 1969 COM2 65 0R0 268 1.1 24.1 59.8 1.0089 0.00 0.0M
515340.000 1969 COM2 65 0R0 269 0.8 24.1 60.2 1.0089 0.00 0.0M
515400.000 1969 COM2 65 0R0 270 1.2 24.1 59.7 1.0090 0.00 0.0M
515460.000 1969 COM2 65 0R0 282 0.8 24.1 59.7 1.0090 0.00 0.0M
515520.000 1969 COM2 65 0R0 247 0.9 24.1 59.9 1.0090 0.00 0.0M
515580.000 1969 COM2 65 0R0 271 0.9 24.1 60.3 1.0090 0.00 0.0M
515640.000 1969 COM2 65 0R0 284 1.3 24.1 60.0 1.0090 0.00 0.0M
515700.000 1969 COM2 65 0R0 269 1.3 24.1 60.0 1.0090 0.00 0.0M
515760.000 1969 COM2 65 0R0 282 1.2 24.1 60.1 1.0090 0.00 0.0M
515820.000 1969 COM2 65 0R0 327 0.2 24.1 60.2 1.0090 0.00 0.0M
515880.000 1969 COM2 65 0R0 356 0.4 24.1 60.2 1.0090 0.00 0.0M
515940.000 1969 COM2 65 0R0 314 1.1 24.1 60.2 1.0091 0.00 0.0M
516000.000 1969 COM2 65 0R0 300 1.3 24.0 60.2 1.0091 0.00 0.0M
516060.000 1969 COM2 65 0R0 356 0.4 24.0 60.2 1.0091 0.00 0.0M
516120.000 1969 COM2 65 0R0 308 0.8 24.0 60.1 1.0091 0.00 0.0M
516180.000 1969 COM2 65 0R0 342 0.3 24.0 60.1 1.0091 0.00 0.0M
516240.000 1969 COM2 65 0R0 357 0.4 24.0 60.9 1.0091 0.00 0.0M
516300.000 1969 COM2 65 0R0 350 0.6 24.0 61.4 1.0092 0.00 0.0M
516360.000 1969 COM2 65 0R0 067 0.5 24.0 61.9 1.0092 0.00 0.0M
516420.000 1969 COM2 65 0R0 306 0.6 23.9 61.8 1.0092 0.00 0.0M
516480.000 1969 COM2 65 0R0 336 0.7 23.9 62.6 1.0092 0.00 0.0M
516540.000 1969 COM2 65 0R0 315 0.5 23.9 63.1 1.0092 0.00 0.0M
516600.000 1969 COM2 65 0R0 294 0.2 23.8 63.2 1.0092 0.00 0.0M
516660.000 1969 COM2 65 0R0 324 0.4 23.8 63.5 1.0092 0.00 0.0M
516720.000 1969 COM2 65 0R0 332 1.1 23.8 63.6 1.0092 0.00 0.0M
516780.000 1969 COM2 65 0R0 018 0.3 23.7 63.4 1.0092 0.00 0.0M
516840.000 1969 COM2 65 0R0 058 0.1 23.7 63.8 1.0092 0.00 0.0M
516900.000 1969 COM2 65 0R0 319 0.4 23.7 63.8 1.0092 0.00 0.0M
516960.000 1969 COM2 65 0R0 019 0.2 23.6 63.9 1.0092 0.00 0.0M
517020.000 1969 COM2 65 0R0 320 0.6 23.6 63.8 1.0092 0.00 0.0M
517080.000 1969 COM2 65 0R0 300 1.1 23.6 64.0 1.0092 0.00 0.0M
517140.000 1969 COM2 65 0R0 319 0.1 23.6 63.8 1.0092 0.00 0.0M
517200.000 1969 COM2 65 0R0 299 1.0 23.6 64.1 1.0092 0.00 0.0M
517260.000 1969 COM2 65 0R0 317 0.8 23.5 63.5 1.0092 0.00 0.0M
517320.000 1969 COM2 65 0R0 306 0.2 23.5 63.4 1.0092 0.00 0.0M
517380.000 1969 COM2 65 0R0 310 1.3 23.5 63.7 1.0092 0.00 0.0M
517440.000 1969 COM2 65 0R0 277 0.9 23.5 62.7 1.0092 0.00 0.0M
517500.000 1969 COM2 65 0R0 250 0.2 23.5 62.6 1.0092 0.00 0.0M
517560.100 1969 COM2 65 0R0 303 0.7 23.5 62.4 1.0092 0.00 0.0M
517620.000 1969 COM2 65 0R0 075 0.1 23.5 62.1 1.0092 0.00 0.0M
517680.000 1969 COM2 65 0R0 311 0.4 23.6 62.2 1.0092 0.00 0.0M
517740.000 1969 COM2 65 0R0 251 0.6 23.6 61.9 1.0092 0.00 0.0M
517800.000 1969 COM2 65 0R0 356 0.3 23.6 62.3 1.0092 0.00 0.0M
517860.000 1969 COM2 65 0R0 260 0.3 23.6 62.3 1.0092 0.00 0.0M
517920.000 1969 COM2 65 0R0 252 0.5 23.6 61.8 1.0091 0.00 0.0M
517980.000 1969 COM2 65 0R0 299 0.6 23.6 61.6 1.0091 0.00 0.0M
518040.000 1969 COM2 65 0R0 272 0.2 23.6 61.9 1.0091 0.00 0.0M
518100.000 1969 COM2 65 0R0 248 0.8 23.6 61.4 1.0091 0.00 0.0M
518160.100 1969 COM2 65 0R0 298 0.6 23.6 61.5 1.0092 0.00 0.0M
518220.000 1969 COM2 65 0R0 282 0.6 23.6 61.3 1.0092 0.00 0.0M
518280.000 1969 COM2 65 0R0 270 0.2 23.6 61.6 1.0092 0.00 0.0M
518340.000 1969 COM2 65 0R0 304 0.3 23.6 61.6 1.0092 0.00 0.0M
