TO [s] WNc [w] C StringLn ASCIIString
---------------------------------------
518400.000 1981 COM2 65 0R0 256 1.6 -7.3 49.1 1.0163 0.00 0.0M
518460.000 1981 COM2 65 0R0 281 2.7 -7.3 49.8 1.0162 0.00 0.0M
518520.000 1981 COM2 65 0R0 265 1.1 -7.3 49.5 1.0163 0.00 0.0M
518580.100 1981 COM2 65 0R0 244 1.9 -7.4 50.4 1.0163 0.00 0.0M
518640.000 1981 COM2 65 0R0 204 1.1 -7.4 50.0 1.0164 0.00 0.0M
518700.000 1981 COM2 65 0R0 250 1.6 -7.4 49.6 1.0164 0.00 0.0M
518760.000 1981 COM2 65 0R0 252 1.2 -7.4 51.0 1.0164 0.00 0.0M
518820.000 1981 COM2 65 0R0 266 1.9 -7.4 49.8 1.0165 0.00 0.0M
518880.000 1981 COM2 65 0R0 265 1.6 -7.4 49.7 1.0164 0.00 0.0M
518940.000 1981 COM2 65 0R0 287 1.6 -7.4 50.6 1.0164 0.00 0.0M
519000.000 1981 COM2 65 0R0 258 2.2 -7.4 50.7 1.0163 0.00 0.0M
519060.000 1981 COM2 65 0R0 279 1.7 -7.4 50.1 1.0164 0.00 0.0M
519120.000 1981 COM2 65 0R0 287 2.3 -7.5 50.5 1.0164 0.00 0.0M
519180.000 1981 COM2 65 0R0 283 1.3 -7.5 50.5 1.0164 0.00 0.0M
519240.000 1981 COM2 65 0R0 273 0.8 -7.5 50.4 1.0164 0.00 0.0M
519300.000 1981 COM2 65 0R0 291 3.2 -7.5 50.4 1.0163 0.00 0.0M
519360.000 1981 COM2 65 0R0 263 3.2 -7.5 50.5 1.0164 0.00 0.0M
519420.000 1981 COM2 65 0R0 197 0.5 -7.6 50.4 1.0164 0.00 0.0M
519480.000 1981 COM2 65 0R0 264 2.5 -7.6 50.9 1.0164 0.00 0.0M
519540.000 1981 COM2 65 0R0 278 4.1 -7.6 51.1 1.0163 0.00 0.0M
519600.000 1981 COM2 65 0R0 144 0.5 -7.6 50.6 1.0163 0.00 0.0M
519660.000 1981 COM2 65 0R0 219 0.5 -7.6 51.5 1.0163 0.00 0.0M
519720.000 1981 COM2 65 0R0 192 0.9 -7.6 51.5 1.0163 0.00 0.0M
519780.000 1981 COM2 65 0R0 254 0.8 -7.5 51.2 1.0164 0.00 0.0M
519840.000 1981 COM2 65 0R0 247 2.2 -7.5 51.0 1.0163 0.00 0.0M
519900.000 1981 COM2 65 0R0 269 2.1 -7.5 51.1 1.0163 0.00 0.0M
519960.000 1981 COM2 65 0R0 254 2.4 -7.5 51.1 1.0163 0.00 0.0M
520020.000 1981 COM2 65 0R0 250 1.5 -7.5 51.1 1.0163 0.00 0.0M
520080.000 1981 COM2 65 0R0 246 1.0 -7.6 51.4 1.0163 0.00 0.0M
520140.000 1981 COM2 65 0R0 264 1.0 -7.6 51.5 1.0163 0.00 0.0M
520200.000 1981 COM2 65 0R0 239 2.1 -7.6 51.7 1.0164 0.00 0.0M
520260.000 1981 COM2 65 0R0 291 1.3 -7.5 51.5 1.0164 0.00 0.0M
520320.000 1981 COM2 65 0R0 191 0.6 -7.6 51.6 1.0164 0.00 0.0M
520380.000 1981 COM2 65 0R0 245 1.2 -7.6 52.2 1.0164 0.00 0.0M
520440.000 1981 COM2 65 0R0 273 0.6 -7.5 51.7 1.0164 0.00 0.0M
520500.100 1981 COM2 65 0R0 264 2.5 -7.5 52.0 1.0164 0.00 0.0M
520560.000 1981 COM2 65 0R0 308 0.8 -7.6 51.0 1.0164 0.00 0.0M
520620.100 1981 COM2 65 0R0 287 1.0 -7.6 51.6 1.0164 0.00 0.0M
520680.000 1981 COM2 65 0R0 255 3.0 -7.7 51.5 1.0164 0.00 0.0M
520740.100 1981 COM2 65 0R0 277 0.7 -7.7 51.4 1.0164 0.00 0.0M
520800.000 1981 COM2 65 0R0 288 2.2 -7.8 52.3 1.0164 0.00 0.0M
520860.100 1981 COM2 65 0R0 289 2.8 -7.8 52.3 1.0165 0.00 0.0M
520920.000 1981 COM2 65 0R0 267 1.9 -7.9 51.8 1.0165 0.00 0.0M
520980.000 1981 COM2 65 0R0 286 1.5 -7.9 52.9 1.0165 0.00 0.0M
521040.000 1981 COM2 65 0R0 284 3.2 -7.9 53.4 1.0165 0.00 0.0M
521100.000 1981 COM2 65 0R0 273 0.7 -7.9 52.6 1.0165 0.00 0.0M
521160.000 1981 COM2 65 0R0 281 2.5 -7.9 52.6 1.0165 0.00 0.0M
521220.000 1981 COM2 65 0R0 262 1.1 -8.0 52.2 1.0165 0.00 0.0M
521280.000 1981 COM2 65 0R0 071 0.5 -8.0 53.3 1.0164 0.00 0.0M
521340.100 1981 COM2 65 0R0 236 1.2 -8.0 53.6 1.0164 0.00 0.0M
521400.100 1981 COM2 65 0R0 278 2.8 -8.0 53.0 1.0163 0.00 0.0M
521460.100 1981 COM2 65 0R0 301 0.8 -8.0 53.3 1.0163 0.00 0.0M
521520.100 1981 COM2 65 0R0 275 2.7 -8.0 53.1 1.0163 0.00 0.0M
521580.100 1981 COM2 65 0R0 297 1.3 -8.0 53.3 1.0163 0.00 0.0M
521640.000 1981 COM2 65 0R0 238 0.7 -8.0 52.5 1.0163 0.00 0.0M
521700.100 1981 COM2 65 0R0 259 1.1 -8.0 53.5 1.0163 0.00 0.0M
521760.100 1981 COM2 65 0R0 263 0.9 -8.0 53.5 1.0163 0.00 0.0M
521820.000 1981 COM2 65 0R0 256 2.5 -8.0 53.9 1.0163 0.00 0.0M
521880.000 1981 COM2 65 0R0 273 2.7 -8.0 53.2 1.0163 0.00 0.0M
521940.000 1981 COM2 65 0R0 292 1.5 -8.0 52.6 1.0163 0.00 0.0M
522000.000 1981 COM2 65 0R0 256 1.7 -8.1 53.5 1.0163 0.00 0.0M
522060.000 1981 COM2 65 0R0 272 2.3 -8.1 54.1 1.0164 0.00 0.0M
522120.000 1981 COM2 65 0R0 245 0.5 -8.1 53.6 1.0164 0.00 0.0M
522180.100 1981 COM2 65 0R0 280 2.3 -8.1 53.7 1.0164 0.00 0.0M
522240.000 1981 COM2 65 0R0 287 1.8 -8.1 52.9 1.0164 0.00 0.0M
522300.100 1981 COM2 65 0R0 302 1.9 -8.1 53.1 1.0164 0.00 0.0M
522360.000 1981 COM2 65 0R0 284 1.5 -8.1 52.8 1.0164 0.00 0.0M
522420.100 1981 COM2 65 0R0 274 2.4 -8.1 54.1 1.0164 0.00 0.0M
522480.000 1981 COM2 65 0R0 293 1.8 -8.1 52.8 1.0165 0.00 0.0M
522540.100 1981 COM2 65 0R0 268 2.6 -8.1 53.9 1.0165 0.00 0.0M
522600.000 1981 COM2 65 0R0 249 1.7 -8.1 53.1 1.0165 0.00 0.0M
522660.000 1981 COM2 65 0R0 275 2.6 -8.1 54.4 1.0166 0.00 0.0M
522720.000 1981 COM2 65 0R0 014 0.6 -8.1 53.7 1.0166 0.00 0.0M
522780.000 1981 COM2 65 0R0 282 3.1 -8.1 54.0 1.0166 0.00 0.0M
522840.000 1981 COM2 65 0R0 239 0.9 -8.1 53.0 1.0166 0.00 0.0M
522900.000 1981 COM2 65 0R0 285 1.7 -8.1 54.2 1.0166 0.00 0.0M
522960.000 1981 COM2 65 0R0 280 1.7 -8.1 54.1 1.0166 0.00 0.0M
523020.000 1981 COM2 65 0R0 270 1.4 -8.1 54.1 1.0166 0.00 0.0M
523080.000 1981 COM2 65 0R0 298 0.5 -8.1 53.8 1.0167 0.00 0.0M
523140.000 1981 COM2 65 0R0 260 1.2 -8.1 54.0 1.0168 0.00 0.0M
523200.000 1981 COM2 65 0R0 288 2.3 -8.1 53.4 1.0168 0.00 0.0M
523260.000 1981 COM2 65 0R0 278 1.2 -8.1 52.9 1.0168 0.00 0.0M
523320.000 1981 COM2 65 0R0 279 0.2 -8.1 54.9 1.0168 0.00 0.0M
523380.000 1981 COM2 65 0R0 183 1.2 -8.1 54.2 1.0168 0.00 0.0M
523440.000 1981 COM2 65 0R0 275 1.6 -8.1 53.7 1.0169 0.00 0.0M
523500.000 1981 COM2 65 0R0 225 1.5 -8.1 53.5 1.0169 0.00 0.0M
523560.000 1981 COM2 65 0R0 213 1.3 -8.1 53.8 1.0169 0.00 0.0M
523620.000 1981 COM2 65 0R0 250 1.7 -8.1 54.4 1.0169 0.00 0.0M
523680.000 1981 COM2 65 0R0 266 2.3 -8.1 54.2 1.0169 0.00 0.0M
523740.000 1981 COM2 65 0R0 288 1.6 -8.1 53.8 1.0169 0.00 0.0M
523800.000 1981 COM2 65 0R0 299 1.7 -8.1 53.5 1.0169 0.00 0.0M
523860.100 1981 COM2 65 0R0 260 1.4 -8.2 53.5 1.0169 0.00 0.0M
523920.000 1981 COM2 65 0R0 230 0.3 -8.2 53.8 1.0169 0.00 0.0M
523980.000 1981 COM2 65 0R0 159 0.5 -8.2 54.8 1.0169 0.00 0.0M
524040.000 1981 COM2 65 0R0 232 0.9 -8.2 55.0 1.0169 0.00 0.0M
524100.000 1981 COM2 65 0R0 272 1.1 -8.1 55.5 1.0169 0.00 0.0M
524160.000 1981 COM2 65 0R0 251 0.8 -8.0 55.2 1.0169 0.00 0.0M
524220.000 1981 COM2 65 0R0 268 1.0 -8.0 54.7 1.0169 0.00 0.0M
524280.000 1981 COM2 65 0R0 298 1.5 -8.0 55.0 1.0168 0.00 0.0M
524340.000 1981 COM2 65 0R0 302 2.0 -8.0 53.8 1.0168 0.00 0.0M
524400.000 1981 COM2 65 0R0 269 1.6 -8.0 53.3 1.0168 0.00 0.0M
524460.000 1981 COM2 65 0R0 280 0.8 -8.1 54.5 1.0167 0.00 0.0M
524520.000 1981 COM2 65 0R0 248 1.2 -8.1 54.5 1.0167 0.00 0.0M
524580.000 1981 COM2 65 0R0 255 0.5 -8.1 53.5 1.0167 0.00 0.0M
524640.000 1981 COM2 65 0R0 276 2.7 -8.2 53.8 1.0166 0.00 0.0M
524700.000 1981 COM2 65 0R0 276 2.2 -8.3 53.9 1.0165 0.00 0.0M
524760.000 1981 COM2 65 0R0 250 2.8 -8.3 54.3 1.0165 0.00 0.0M
524820.000 1981 COM2 65 0R0 247 0.7 -8.3 54.6 1.0164 0.00 0.0M
524880.000 1981 COM2 65 0R0 285 1.7 -8.3 55.4 1.0164 0.00 0.0M
524940.000 1981 COM2 65 0R0 230 0.5 -8.3 54.5 1.0163 0.00 0.0M
525000.000 1981 COM2 65 0R0 311 1.5 -8.3 55.3 1.0163 0.00 0.0M
525060.000 1981 COM2 65 0R0 242 0.5 -8.3 54.0 1.0162 0.00 0.0M
525120.000 1981 COM2 65 0R0 302 1.9 -8.3 54.5 1.0162 0.00 0.0M
525180.000 1981 COM2 65 0R0 273 1.5 -8.3 54.0 1.0162 0.00 0.0M
525240.000 1981 COM2 65 0R0 263 0.6 -8.4 54.8 1.0161 0.00 0.0M
525300.000 1981 COM2 65 0R0 206 0.2 -8.4 55.6 1.0161 0.00 0.0M
525360.000 1981 COM2 65 0R0 269 1.6 -8.3 55.6 1.0161 0.00 0.0M
525420.000 1981 COM2 65 0R0 288 1.6 -8.3 55.3 1.0161 0.00 0.0M
525480.000 1981 COM2 65 0R0 316 1.7 -8.3 54.7 1.0161 0.00 0.0M
525540.000 1981 COM2 65 0R0 287 1.0 -8.3 54.7 1.0161 0.00 0.0M
525600.000 1981 COM2 65 0R0 229 1.3 -8.3 55.2 1.0161 0.00 0.0M
525660.000 1981 COM2 65 0R0 314 0.4 -8.3 54.1 1.0161 0.00 0.0M
525720.000 1981 COM2 65 0R0 299 0.7 -8.3 55.1 1.0161 0.00 0.0M
525780.000 1981 COM2 65 0R0 300 1.9 -8.2 55.1 1.0161 0.00 0.0M
525840.000 1981 COM2 65 0R0 243 1.4 -8.2 54.8 1.0161 0.00 0.0M
525900.000 1981 COM2 65 0R0 341 0.3 -8.3 55.5 1.0160 0.00 0.0M
525960.100 1981 COM2 65 0R0 275 0.3 -8.2 54.8 1.0160 0.00 0.0M
526020.000 1981 COM2 65 0R0 357 0.2 -8.2 54.5 1.0159 0.00 0.0M
526080.000 1981 COM2 65 0R0 359 0.3 -8.2 54.1 1.0160 0.00 0.0M
526140.000 1981 COM2 65 0R0 341 0.1 -8.3 54.8 1.0160 0.00 0.0M
526200.000 1981 COM2 65 0R0 025 0.8 -8.3 54.8 1.0159 0.00 0.0M
526260.000 1981 COM2 65 0R0 359 1.6 -8.2 54.7 1.0159 0.00 0.0M
526320.000 1981 COM2 65 0R0 017 0.4 -8.2 55.5 1.0158 0.00 0.0M
526380.000 1981 COM2 65 0R0 267 0.7 -8.1 54.1 1.0158 0.00 0.0M
526440.000 1981 COM2 65 0R0 290 2.8 -8.0 54.2 1.0158 0.00 0.0M
526500.000 1981 COM2 65 0R0 307 2.4 -8.0 53.7 1.0158 0.00 0.0M
526560.000 1981 COM2 65 0R0 290 0.9 -8.0 53.0 1.0158 0.00 0.0M
526620.000 1981 COM2 65 0R0 057 0.6 -8.0 54.2 1.0158 0.00 0.0M
526680.000 1981 COM2 65 0R0 340 0.7 -8.0 54.3 1.0158 0.00 0.0M
526740.000 1981 COM2 65 0R0 343 1.5 -7.9 53.7 1.0158 0.00 0.0M
526800.000 1981 COM2 65 0R0 226 0.5 -7.9 53.4 1.0158 0.00 0.0M
526860.000 1981 COM2 65 0R0 083 0.8 -7.9 53.9 1.0158 0.00 0.0M
526920.000 1981 COM2 65 0R0 146 0.9 -7.9 53.7 1.0158 0.00 0.0M
526980.000 1981 COM2 65 0R0 283 0.9 -7.9 54.6 1.0158 0.00 0.0M
527040.000 1981 COM2 65 0R0 180 0.4 -7.9 53.7 1.0159 0.00 0.0M
527100.000 1981 COM2 65 0R0 286 2.0 -7.9 53.4 1.0159 0.00 0.0M
527160.000 1981 COM2 65 0R0 285 2.4 -7.9 52.5 1.0160 0.00 0.0M
527220.000 1981 COM2 65 0R0 282 1.2 -8.1 52.8 1.0161 0.00 0.0M
527280.000 1981 COM2 65 0R0 297 1.3 -8.2 53.3 1.0162 0.00 0.0M
527340.000 1981 COM2 65 0R0 212 1.5 -8.2 54.1 1.0162 0.00 0.0M
527400.000 1981 COM2 65 0R0 199 1.2 -8.2 55.6 1.0163 0.00 0.0M
527460.000 1981 COM2 65 0R0 179 0.4 -8.2 55.6 1.0163 0.00 0.0M
527520.000 1981 COM2 65 0R0 213 0.7 -8.1 54.9 1.0163 0.00 0.0M
527580.000 1981 COM2 65 0R0 192 1.5 -8.0 54.6 1.0164 0.00 0.0M
527640.000 1981 COM2 65 0R0 253 0.7 -8.0 54.9 1.0164 0.00 0.0M
527700.000 1981 COM2 65 0R0 183 1.3 -8.0 54.7 1.0164 0.00 0.0M
527760.000 1981 COM2 65 0R0 221 0.9 -8.0 54.2 1.0164 0.00 0.0M
527820.000 1981 COM2 65 0R0 155 1.1 -8.0 54.4 1.0163 0.00 0.0M
527880.000 1981 COM2 65 0R0 122 0.5 -8.0 54.0 1.0163 0.00 0.0M
527940.000 1981 COM2 65 0R0 185 0.7 -8.0 55.8 1.0163 0.00 0.0M
528000.000 1981 COM2 65 0R0 222 0.7 -7.9 55.1 1.0163 0.00 0.0M
528060.000 1981 COM2 65 0R0 182 0.6 -7.9 54.8 1.0163 0.00 0.0M
528120.000 1981 COM2 65 0R0 182 0.9 -8.0 55.3 1.0163 0.00 0.0M
528180.000 1981 COM2 65 0R0 147 0.4 -8.0 55.2 1.0163 0.00 0.0M
528240.000 1981 COM2 65 0R0 230 0.3 -8.0 55.0 1.0163 0.00 0.0M
528300.000 1981 COM2 65 0R0 234 0.9 -8.0 55.6 1.0163 0.00 0.0M
528360.000 1981 COM2 65 0R0 257 1.5 -8.0 54.7 1.0163 0.00 0.0M
528420.000 1981 COM2 65 0R0 236 1.0 -8.1 54.7 1.0163 0.00 0.0M
528480.000 1981 COM2 65 0R0 267 1.0 -8.2 55.1 1.0163 0.00 0.0M
528540.000 1981 COM2 65 0R0 268 1.0 -8.2 55.3 1.0163 0.00 0.0M
528600.000 1981 COM2 65 0R0 282 1.7 -8.2 55.5 1.0163 0.00 0.0M
528660.000 1981 COM2 65 0R0 240 0.7 -8.3 55.5 1.0163 0.00 0.0M
528720.000 1981 COM2 65 0R0 257 1.8 -8.3 55.1 1.0163 0.00 0.0M
528780.000 1981 COM2 65 0R0 275 1.3 -8.3 54.4 1.0162 0.00 0.0M
528840.000 1981 COM2 65 0R0 281 1.2 -8.4 55.6 1.0162 0.00 0.0M
528900.000 1981 COM2 65 0R0 256 0.9 -8.4 55.9 1.0162 0.00 0.0M
528960.000 1981 COM2 65 0R0 226 1.3 -8.4 56.2 1.0162 0.00 0.0M
529020.000 1981 COM2 65 0R0 195 1.5 -8.3 56.0 1.0162 0.00 0.0M
529080.000 1981 COM2 65 0R0 211 1.7 -8.3 57.2 1.0163 0.00 0.0M
529140.000 1981 COM2 65 0R0 209 1.5 -8.3 56.7 1.0163 0.00 0.0M
529200.000 1981 COM2 65 0R0 231 1.3 -8.3 55.1 1.0164 0.00 0.0M
529260.000 1981 COM2 65 0R0 157 1.3 -8.4 56.7 1.0164 0.00 0.0M
529320.000 1981 COM2 65 0R0 231 1.6 -8.4 56.4 1.0164 0.00 0.0M
529380.000 1981 COM2 65 0R0 313 0.6 -8.4 57.9 1.0164 0.00 0.0M
529440.000 1981 COM2 65 0R0 254 0.3 -8.4 57.2 1.0164 0.00 0.0M
529500.000 1981 COM2 65 0R0 239 0.6 -8.4 57.3 1.0164 0.00 0.0M
529560.000 1981 COM2 65 0R0 247 1.0 -8.4 57.7 1.0164 0.00 0.0M
529620.000 1981 COM2 65 0R0 233 0.7 -8.4 57.1 1.0164 0.00 0.0M
529680.000 1981 COM2 65 0R0 241 1.2 -8.4 57.2 1.0164 0.00 0.0M
529740.000 1981 COM2 65 0R0 252 1.2 -8.4 57.2 1.0164 0.00 0.0M
529800.000 1981 COM2 65 0R0 222 0.6 -8.4 56.7 1.0164 0.00 0.0M
529860.000 1981 COM2 65 0R0 239 0.6 -8.4 56.5 1.0164 0.00 0.0M
529920.000 1981 COM2 65 0R0 315 0.5 -8.4 57.2 1.0163 0.00 0.0M
529980.000 1981 COM2 65 0R0 196 1.0 -8.5 56.7 1.0163 0.00 0.0M
530040.000 1981 COM2 65 0R0 197 0.9 -8.5 57.3 1.0163 0.00 0.0M
530100.000 1981 COM2 65 0R0 193 1.2 -8.4 57.4 1.0162 0.00 0.0M
530160.000 1981 COM2 65 0R0 204 1.5 -8.4 57.7 1.0162 0.00 0.0M
530220.000 1981 COM2 65 0R0 197 1.3 -8.3 56.6 1.0162 0.00 0.0M
530280.000 1981 COM2 65 0R0 210 1.8 -8.3 56.4 1.0163 0.00 0.0M
530340.000 1981 COM2 65 0R0 196 1.5 -8.4 56.1 1.0163 0.00 0.0M
530400.000 1981 COM2 65 0R0 206 1.8 -8.4 55.7 1.0163 0.00 0.0M
530460.000 1981 COM2 65 0R0 205 1.2 -8.5 56.1 1.0163 0.00 0.0M
530520.000 1981 COM2 65 0R0 251 0.7 -8.6 58.2 1.0163 0.00 0.0M
530580.000 1981 COM2 65 0R0 230 1.4 -8.5 58.5 1.0163 0.00 0.0M
530640.000 1981 COM2 65 0R0 260 0.9 -8.5 57.4 1.0163 0.00 0.0M
530700.000 1981 COM2 65 0R0 261 2.4 -8.5 56.1 1.0163 0.00 0.0M
530760.000 1981 COM2 65 0R0 180 0.5 -8.6 56.5 1.0163 0.00 0.0M
530820.000 1981 COM2 65 0R0 265 1.6 -8.6 57.5 1.0162 0.00 0.0M
530880.000 1981 COM2 65 0R0 268 1.8 -8.6 56.5 1.0162 0.00 0.0M
530940.000 1981 COM2 65 0R0 336 1.7 -8.7 56.5 1.0162 0.00 0.0M
531000.000 1981 COM2 65 0R0 305 1.3 -8.8 56.8 1.0161 0.00 0.0M
531060.000 1981 COM2 65 0R0 287 0.8 -8.8 56.6 1.0161 0.00 0.0M
531120.000 1981 COM2 65 0R0 296 2.2 -8.8 56.9 1.0161 0.00 0.0M
531180.000 1981 COM2 65 0R0 274 1.6 -8.9 56.6 1.0161 0.00 0.0M
531240.000 1981 COM2 65 0R0 278 1.1 -8.9 57.6 1.0161 0.00 0.0M
531300.000 1981 COM2 65 0R0 268 1.6 -8.9 57.6 1.0161 0.00 0.0M
531360.000 1981 COM2 65 0R0 282 1.2 -8.9 56.8 1.0161 0.00 0.0M
531420.000 1981 COM2 65 0R0 295 1.7 -8.9 57.4 1.0161 0.00 0.0M
531480.000 1981 COM2 65 0R0 271 0.6 -8.9 57.6 1.0161 0.00 0.0M
531540.000 1981 COM2 65 0R0 272 2.5 -8.9 57.4 1.0161 0.00 0.0M
531600.000 1981 COM2 65 0R0 282 3.4 -8.9 56.6 1.0161 0.00 0.0M
531660.000 1981 COM2 65 0R0 286 1.4 -9.0 56.5 1.0162 0.00 0.0M
531720.000 1981 COM2 65 0R0 273 2.8 -9.0 57.3 1.0162 0.00 0.0M
531780.000 1981 COM2 65 0R0 262 1.0 -9.0 57.2 1.0162 0.00 0.0M
531840.000 1981 COM2 65 0R0 289 2.1 -9.0 57.4 1.0163 0.00 0.0M
531900.000 1981 COM2 65 0R0 291 3.6 -9.0 57.9 1.0163 0.00 0.0M
531960.000 1981 COM2 65 0R0 272 2.5 -9.0 56.8 1.0162 0.00 0.0M
532020.000 1981 COM2 65 0R0 286 1.9 -9.0 57.2 1.0162 0.00 0.0M
532080.000 1981 COM2 65 0R0 266 2.6 -9.1 57.1 1.0162 0.00 0.0M
532140.000 1981 COM2 65 0R0 270 1.2 -9.1 57.0 1.0161 0.00 0.0M
532200.000 1981 COM2 65 0R0 278 2.9 -9.0 57.5 1.0161 0.00 0.0M
532260.000 1981 COM2 65 0R0 268 2.1 -9.0 57.8 1.0161 0.00 0.0M
532320.000 1981 COM2 65 0R0 262 2.3 -9.0 57.4 1.0160 0.00 0.0M
532380.000 1981 COM2 65 0R0 255 1.2 -8.9 57.6 1.0160 0.00 0.0M
532440.000 1981 COM2 65 0R0 280 2.8 -8.9 57.4 1.0159 0.00 0.0M
532500.000 1981 COM2 65 0R0 283 2.0 -8.9 56.5 1.0159 0.00 0.0M
532560.200 1981 COM2 65 0R0 273 2.8 -8.9 56.6 1.0159 0.00 0.0M
532620.000 1981 COM2 65 0R0 273 1.6 -8.9 56.5 1.0158 0.00 0.0M
532680.000 1981 COM2 65 0R0 285 1.5 -8.9 57.2 1.0158 0.00 0.0M
532740.000 1981 COM2 65 0R0 291 1.8 -8.9 57.1 1.0158 0.00 0.0M
532800.000 1981 COM2 65 0R0 297 1.4 -8.9 56.9 1.0158 0.00 0.0M
532860.000 1981 COM2 65 0R0 285 0.9 -8.9 57.1 1.0158 0.00 0.0M
532920.000 1981 COM2 65 0R0 212 0.4 -8.8 57.7 1.0157 0.00 0.0M
532980.000 1981 COM2 65 0R0 249 0.6 -8.8 58.3 1.0158 0.00 0.0M
533040.000 1981 COM2 65 0R0 302 1.4 -8.7 57.7 1.0158 0.00 0.0M
533100.000 1981 COM2 65 0R0 279 2.0 -8.7 56.6 1.0158 0.00 0.0M
533160.000 1981 COM2 65 0R0 280 2.0 -8.7 56.3 1.0157 0.00 0.0M
533220.000 1981 COM2 65 0R0 038 0.4 -8.8 56.3 1.0158 0.00 0.0M
533280.000 1981 COM2 65 0R0 276 1.2 -8.8 56.7 1.0158 0.00 0.0M
533340.000 1981 COM2 65 0R0 277 2.3 -8.8 57.1 1.0158 0.00 0.0M
533400.000 1981 COM2 65 0R0 269 1.7 -8.8 56.8 1.0158 0.00 0.0M
533460.000 1981 COM2 65 0R0 259 1.6 -8.8 56.6 1.0158 0.00 0.0M
533520.000 1981 COM2 65 0R0 285 2.9 -8.8 56.6 1.0157 0.00 0.0M
533580.000 1981 COM2 65 0R0 274 1.2 -8.9 56.5 1.0157 0.00 0.0M
533640.000 1981 COM2 65 0R0 283 1.5 -8.9 57.0 1.0157 0.00 0.0M
533700.000 1981 COM2 65 0R0 267 0.5 -8.9 57.1 1.0157 0.00 0.0M
533760.000 1981 COM2 65 0R0 280 1.2 -8.8 56.8 1.0156 0.00 0.0M
533820.000 1981 COM2 65 0R0 290 0.6 -8.8 56.9 1.0156 0.00 0.0M
533880.000 1981 COM2 65 0R0 284 2.3 -8.8 57.4 1.0156 0.00 0.0M
533940.000 1981 COM2 65 0R0 278 1.9 -8.7 56.2 1.0156 0.00 0.0M
534000.000 1981 COM2 65 0R0 291 1.3 -8.8 56.9 1.0156 0.00 0.0M
534060.000 1981 COM2 65 0R0 187 0.6 -8.8 56.8 1.0156 0.00 0.0M
534120.000 1981 COM2 65 0R0 162 0.5 -8.8 57.9 1.0156 0.00 0.0M
534180.000 1981 COM2 65 0R0 202 0.5 -8.7 57.4 1.0155 0.00 0.0M
534240.000 1981 COM2 65 0R0 269 1.3 -8.7 57.2 1.0155 0.00 0.0M
534300.000 1981 COM2 65 0R0 252 0.5 -8.6 57.2 1.0155 0.00 0.0M
534360.000 1981 COM2 65 0R0 250 1.0 -8.6 58.2 1.0155 0.00 0.0M
534420.000 1981 COM2 65 0R0 261 0.5 -8.6 57.1 1.0155 0.00 0.0M
534480.000 1981 COM2 65 0R0 334 0.2 -8.6 57.2 1.0155 0.00 0.0M
534540.000 1981 COM2 65 0R0 260 0.9 -8.5 57.1 1.0155 0.00 0.0M
534600.000 1981 COM2 65 0R0 284 0.9 -8.5 56.4 1.0155 0.00 0.0M
534660.000 1981 COM2 65 0R0 290 1.1 -8.5 55.8 1.0154 0.00 0.0M
534720.000 1981 COM2 65 0R0 271 1.1 -8.6 56.0 1.0154 0.00 0.0M
534780.000 1981 COM2 65 0R0 273 0.9 -8.6 57.0 1.0154 0.00 0.0M
534840.000 1981 COM2 65 0R0 328 0.2 -8.5 56.4 1.0154 0.00 0.0M
534900.000 1981 COM2 65 0R0 136 0.5 -8.5 56.8 1.0154 0.00 0.0M
534960.000 1981 COM2 65 0R0 281 1.7 -8.5 56.8 1.0154 0.00 0.0M
535020.000 1981 COM2 65 0R0 260 0.3 -8.5 55.6 1.0154 0.00 0.0M
535080.000 1981 COM2 65 0R0 277 1.6 -8.5 56.3 1.0154 0.00 0.0M
535140.000 1981 COM2 65 0R0 243 1.4 -8.5 55.8 1.0154 0.00 0.0M
535200.000 1981 COM2 65 0R0 249 0.5 -8.5 56.8 1.0153 0.00 0.0M
535260.000 1981 COM2 65 0R0 273 2.3 -8.5 56.6 1.0153 0.00 0.0M
535320.000 1981 COM2 65 0R0 286 1.1 -8.5 55.7 1.0154 0.00 0.0M
535380.000 1981 COM2 65 0R0 259 0.9 -8.5 56.8 1.0154 0.00 0.0M
535440.000 1981 COM2 65 0R0 274 0.5 -8.5 56.4 1.0154 0.00 0.0M
535500.000 1981 COM2 65 0R0 251 0.9 -8.5 57.2 1.0155 0.00 0.0M
535560.000 1981 COM2 65 0R0 244 0.9 -8.5 57.2 1.0155 0.00 0.0M
535620.000 1981 COM2 65 0R0 243 0.9 -8.4 56.6 1.0155 0.00 0.0M
535680.100 1981 COM2 65 0R0 287 2.6 -8.4 57.5 1.0155 0.00 0.0M
535740.000 1981 COM2 65 0R0 291 2.6 -8.4 56.0 1.0155 0.00 0.0M
535800.000 1981 COM2 65 0R0 293 1.8 -8.5 56.3 1.0156 0.00 0.0M
535860.000 1981 COM2 65 0R0 266 1.6 -8.5 56.9 1.0156 0.00 0.0M
535920.000 1981 COM2 65 0R0 267 0.6 -8.4 57.1 1.0156 0.00 0.0M
535980.000 1981 COM2 65 0R0 302 2.2 -8.4 57.0 1.0156 0.00 0.0M
536040.000 1981 COM2 65 0R0 242 0.8 -8.4 56.0 1.0156 0.00 0.0M
536100.000 1981 COM2 65 0R0 287 1.3 -8.4 56.3 1.0156 0.00 0.0M
536160.000 1981 COM2 65 0R0 293 0.5 -8.4 56.8 1.0156 0.00 0.0M
536220.000 1981 COM2 65 0R0 223 1.0 -8.4 56.7 1.0156 0.00 0.0M
536280.000 1981 COM2 65 0R0 239 1.6 -8.4 56.5 1.0156 0.00 0.0M
536340.000 1981 COM2 65 0R0 264 1.1 -8.4 56.6 1.0156 0.00 0.0M
536400.100 1981 COM2 65 0R0 214 0.6 -8.4 56.6 1.0155 0.00 0.0M
536460.000 1981 COM2 65 0R0 286 1.1 -8.5 56.4 1.0155 0.00 0.0M
536520.000 1981 COM2 65 0R0 259 1.3 -8.5 57.4 1.0155 0.00 0.0M
536580.000 1981 COM2 65 0R0 268 1.1 -8.5 56.7 1.0155 0.00 0.0M
536640.100 1981 COM2 65 0R0 243 1.0 -8.5 57.1 1.0155 0.00 0.0M
536700.000 1981 COM2 65 0R0 263 1.2 -8.4 57.6 1.0155 0.00 0.0M
536760.000 1981 COM2 65 0R0 014 0.3 -8.4 56.8 1.0155 0.00 0.0M
536820.000 1981 COM2 65 0R0 333 1.1 -8.3 56.8 1.0155 0.00 0.0M
536880.000 1981 COM2 65 0R0 275 1.7 -8.3 56.7 1.0155 0.00 0.0M
536940.000 1981 COM2 65 0R0 255 1.9 -8.3 55.8 1.0155 0.00 0.0M
537000.100 1981 COM2 65 0R0 293 2.0 -8.4 56.1 1.0155 0.00 0.0M
537060.000 1981 COM2 65 0R0 253 1.1 -8.4 56.4 1.0155 0.00 0.0M
537120.000 1981 COM2 65 0R0 285 0.9 -8.4 56.6 1.0155 0.00 0.0M
537180.000 1981 COM2 65 0R0 278 0.5 -8.4 56.7 1.0155 0.00 0.0M
537240.000 1981 COM2 65 0R0 255 1.0 -8.4 56.2 1.0155 0.00 0.0M
537300.000 1981 COM2 65 0R0 256 1.9 -8.3 56.8 1.0155 0.00 0.0M
537360.000 1981 COM2 65 0R0 247 1.1 -8.4 56.1 1.0155 0.00 0.0M
537420.000 1981 COM2 65 0R0 259 1.1 -8.4 57.2 1.0154 0.00 0.0M
537480.000 1981 COM2 65 0R0 245 0.3 -8.4 57.2 1.0154 0.00 0.0M
537540.000 1981 COM2 65 0R0 257 0.8 -8.4 57.0 1.0154 0.00 0.0M
537600.000 1981 COM2 65 0R0 242 0.6 -8.3 56.5 1.0153 0.00 0.0M
537660.000 1981 COM2 65 0R0 254 1.6 -8.3 56.6 1.0153 0.00 0.0M
537720.000 1981 COM2 65 0R0 235 0.7 -8.3 56.7 1.0153 0.00 0.0M
537780.000 1981 COM2 65 0R0 250 0.6 -8.3 56.6 1.0152 0.00 0.0M
537840.000 1981 COM2 65 0R0 223 0.5 -8.3 56.5 1.0152 0.00 0.0M
537900.000 1981 COM2 65 0R0 235 1.9 -8.3 56.0 1.0152 0.00 0.0M
537960.000 1981 COM2 65 0R0 232 0.5 -8.3 56.6 1.0151 0.00 0.0M
538020.000 1981 COM2 65 0R0 290 0.7 -8.3 57.2 1.0151 0.00 0.0M
538080.000 1981 COM2 65 0R0 289 2.0 -8.3 57.2 1.0150 0.00 0.0M
538140.000 1981 COM2 65 0R0 286 1.1 -8.3 55.6 1.0150 0.00 0.0M
538200.000 1981 COM2 65 0R0 294 2.5 -8.4 56.1 1.0150 0.00 0.0M
538260.000 1981 COM2 65 0R0 277 2.0 -8.5 56.3 1.0150 0.00 0.0M
538320.000 1981 COM2 65 0R0 255 0.7 -8.5 56.9 1.0150 0.00 0.0M
538380.000 1981 COM2 65 0R0 281 1.8 -8.6 57.1 1.0150 0.00 0.0M
538440.000 1981 COM2 65 0R0 283 1.9 -8.6 57.1 1.0149 0.00 0.0M
538500.000 1981 COM2 65 0R0 299 1.1 -8.6 57.4 1.0149 0.00 0.0M
538560.000 1981 COM2 65 0R0 281 2.1 -8.6 57.1 1.0148 0.00 0.0M
538620.000 1981 COM2 65 0R0 309 1.4 -8.6 57.1 1.0148 0.00 0.0M
538680.000 1981 COM2 65 0R0 215 0.5 -8.7 58.0 1.0148 0.00 0.0M
538740.000 1981 COM2 65 0R0 238 1.0 -8.7 57.9 1.0147 0.00 0.0M
538800.000 1981 COM2 65 0R0 247 1.1 -8.7 58.4 1.0147 0.00 0.0M
538860.000 1981 COM2 65 0R0 282 1.5 -8.6 57.8 1.0147 0.00 0.0M
538920.000 1981 COM2 65 0R0 303 0.9 -8.7 58.1 1.0146 0.00 0.0M
538980.000 1981 COM2 65 0R0 291 0.3 -8.6 58.8 1.0146 0.00 0.0M
539040.000 1981 COM2 65 0R0 254 1.2 -8.6 58.4 1.0146 0.00 0.0M
539100.000 1981 COM2 65 0R0 254 0.7 -8.6 58.2 1.0145 0.00 0.0M
539160.000 1981 COM2 65 0R0 317 1.4 -8.6 59.0 1.0145 0.00 0.0M
539220.000 1981 COM2 65 0R0 220 0.5 -8.5 58.9 1.0145 0.00 0.0M
539280.000 1981 COM2 65 0R0 243 1.3 -8.5 58.0 1.0144 0.00 0.0M
539340.000 1981 COM2 65 0R0 225 0.2 -8.5 57.7 1.0144 0.00 0.0M
539400.000 1981 COM2 65 0R0 287 0.3 -8.5 57.6 1.0144 0.00 0.0M
539460.000 1981 COM2 65 0R0 258 0.3 -8.5 58.0 1.0143 0.00 0.0M
539520.000 1981 COM2 65 0R0 285 0.7 -8.5 58.1 1.0143 0.00 0.0M
539580.000 1981 COM2 65 0R0 284 0.4 -8.4 58.7 1.0142 0.00 0.0M
539640.000 1981 COM2 65 0R0 308 0.3 -8.4 58.7 1.0142 0.00 0.0M
539700.100 1981 COM2 65 0R0 202 0.9 -8.4 58.6 1.0141 0.00 0.0M
539760.000 1981 COM2 65 0R0 041 0.3 -8.3 58.8 1.0141 0.00 0.0M
539820.000 1981 COM2 65 0R0 157 0.6 -8.3 58.1 1.0141 0.00 0.0M
539880.000 1981 COM2 65 0R0 166 0.3 -8.3 58.0 1.0141 0.00 0.0M
539940.000 1981 COM2 65 0R0 206 0.4 -8.2 58.6 1.0141 0.00 0.0M
540000.000 1981 COM2 65 0R0 197 0.7 -8.2 58.9 1.0141 0.00 0.0M
540060.100 1981 COM2 65 0R0 335 0.4 -8.2 59.1 1.0141 0.00 0.0M
540120.000 1981 COM2 65 0R0 215 0.4 -8.2 58.7 1.0141 0.00 0.0M
540180.000 1981 COM2 65 0R0 199 1.5 -8.3 59.4 1.0141 0.00 0.0M
540240.000 1981 COM2 65 0R0 257 0.4 -8.3 58.7 1.0141 0.00 0.0M
540300.000 1981 COM2 65 0R0 194 0.7 -8.4 59.6 1.0140 0.00 0.0M
540360.000 1981 COM2 65 0R0 174 0.4 -8.4 59.8 1.0140 0.00 0.0M
540420.000 1981 COM2 65 0R0 288 0.3 -8.4 59.9 1.0140 0.00 0.0M
540480.000 1981 COM2 65 0R0 225 0.8 -8.4 60.3 1.0140 0.00 0.0M
540540.000 1981 COM2 65 0R0 082 0.2 -8.4 60.1 1.0140 0.00 0.0M
540600.000 1981 COM2 65 0R0 267 0.4 -8.3 60.1 1.0140 0.00 0.0M
540660.000 1981 COM2 65 0R0 168 0.5 -8.3 59.7 1.0140 0.00 0.0M
540720.000 1981 COM2 65 0R0 234 0.3 -8.3 60.2 1.0140 0.00 0.0M
540780.000 1981 COM2 65 0R0 186 1.3 -8.3 59.5 1.0139 0.00 0.0M
540840.000 1981 COM2 65 0R0 125 0.5 -8.4 59.1 1.0139 0.00 0.0M
540900.000 1981 COM2 65 0R0 197 0.6 -8.4 59.9 1.0139 0.00 0.0M
540960.000 1981 COM2 65 0R0 191 0.6 -8.5 59.9 1.0139 0.00 0.0M
541020.000 1981 COM2 65 0R0 154 0.7 -8.5 60.6 1.0138 0.00 0.0M
541080.000 1981 COM2 65 0R0 192 1.4 -8.5 60.1 1.0138 0.00 0.0M
541140.000 1981 COM2 65 0R0 208 0.2 -8.4 60.0 1.0138 0.00 0.0M
541200.000 1981 COM2 65 0R0 190 1.3 -8.4 60.1 1.0138 0.00 0.0M
541260.000 1981 COM2 65 0R0 162 1.3 -8.4 58.1 1.0138 0.00 0.0M
541320.000 1981 COM2 65 0R0 181 1.8 -8.5 58.7 1.0138 0.00 0.0M
541380.000 1981 COM2 65 0R0 207 1.5 -8.6 58.6 1.0138 0.00 0.0M
541440.000 1981 COM2 65 0R0 193 1.4 -8.8 58.2 1.0138 0.00 0.0M
541500.000 1981 COM2 65 0R0 199 1.3 -9.0 58.6 1.0138 0.00 0.0M
541560.000 1981 COM2 65 0R0 194 1.8 -9.2 59.3 1.0138 0.00 0.0M
541620.000 1981 COM2 65 0R0 163 1.3 -9.3 60.6 1.0138 0.00 0.0M
541680.000 1981 COM2 65 0R0 164 0.7 -9.3 61.3 1.0138 0.00 0.0M
541740.000 1981 COM2 65 0R0 193 1.4 -9.3 61.9 1.0138 0.00 0.0M
541800.000 1981 COM2 65 0R0 217 1.4 -9.2 61.9 1.0138 0.00 0.0M
541860.000 1981 COM2 65 0R0 207 1.3 -9.2 62.0 1.0138 0.00 0.0M
541920.000 1981 COM2 65 0R0 214 1.4 -9.1 62.2 1.0138 0.00 0.0M
541980.000 1981 COM2 65 0R0 183 1.5 -9.1 61.8 1.0138 0.00 0.0M
542040.000 1981 COM2 65 0R0 199 1.6 -9.1 61.2 1.0138 0.00 0.0M
542100.000 1981 COM2 65 0R0 182 0.6 -9.2 62.5 1.0137 0.00 0.0M
542160.000 1981 COM2 65 0R0 133 0.6 -9.1 62.8 1.0137 0.00 0.0M
542220.000 1981 COM2 65 0R0 285 0.5 -9.0 63.8 1.0137 0.00 0.0M
542280.000 1981 COM2 65 0R0 174 1.8 -8.9 62.5 1.0137 0.00 0.0M
542340.000 1981 COM2 65 0R0 173 1.5 -8.8 60.6 1.0137 0.00 0.0M
542400.000 1981 COM2 65 0R0 179 1.6 -8.8 61.3 1.0136 0.00 0.0M
542460.000 1981 COM2 65 0R0 193 1.4 -8.8 61.1 1.0136 0.00 0.0M
542520.000 1981 COM2 65 0R0 211 1.7 -8.9 60.5 1.0136 0.00 0.0M
542580.000 1981 COM2 65 0R0 204 1.4 -9.1 61.5 1.0136 0.00 0.0M
542640.000 1981 COM2 65 0R0 163 0.8 -9.1 62.2 1.0136 0.00 0.0M
542700.000 1981 COM2 65 0R0 183 1.4 -9.2 63.0 1.0137 0.00 0.0M
542760.000 1981 COM2 65 0R0 193 1.5 -9.2 63.2 1.0137 0.00 0.0M
542820.000 1981 COM2 65 0R0 187 1.7 -9.1 63.4 1.0137 0.00 0.0M
542880.000 1981 COM2 65 0R0 132 0.6 -9.0 63.0 1.0137 0.00 0.0M
542940.000 1981 COM2 65 0R0 171 0.7 -9.0 63.8 1.0136 0.00 0.0M
543000.000 1981 COM2 65 0R0 178 1.5 -8.8 63.9 1.0136 0.00 0.0M
543060.000 1981 COM2 65 0R0 112 0.6 -8.7 62.4 1.0136 0.00 0.0M
543120.000 1981 COM2 65 0R0 134 0.5 -8.6 62.4 1.0136 0.00 0.0M
543180.000 1981 COM2 65 0R0 180 1.7 -8.5 62.8 1.0137 0.00 0.0M
543240.000 1981 COM2 65 0R0 185 0.5 -8.5 61.1 1.0137 0.00 0.0M
543300.000 1981 COM2 65 0R0 179 1.7 -8.6 61.9 1.0137 0.00 0.0M
543360.000 1981 COM2 65 0R0 179 1.6 -8.6 62.1 1.0137 0.00 0.0M
543420.000 1981 COM2 65 0R0 169 1.3 -8.7 61.4 1.0137 0.00 0.0M
543480.100 1981 COM2 65 0R0 153 0.6 -8.8 61.4 1.0137 0.00 0.0M
543540.000 1981 COM2 65 0R0 196 0.4 -8.9 62.1 1.0136 0.00 0.0M
543600.000 1981 COM2 65 0R0 185 1.6 -8.9 62.6 1.0136 0.00 0.0M
543660.000 1981 COM2 65 0R0 195 1.7 -9.0 62.3 1.0136 0.00 0.0M
543720.000 1981 COM2 65 0R0 247 1.2 -9.0 62.2 1.0136 0.00 0.0M
543780.000 1981 COM2 65 0R0 216 2.3 -9.1 63.2 1.0136 0.00 0.0M
543840.000 1981 COM2 65 0R0 220 2.3 -9.0 62.9 1.0136 0.00 0.0M
543900.000 1981 COM2 65 0R0 229 2.2 -9.0 63.3 1.0136 0.00 0.0M
543960.000 1981 COM2 65 0R0 232 2.0 -9.0 63.3 1.0136 0.00 0.0M
544020.000 1981 COM2 65 0R0 224 2.2 -8.9 63.0 1.0136 0.00 0.0M
544080.000 1981 COM2 65 0R0 195 1.6 -8.8 62.6 1.0136 0.00 0.0M
544140.000 1981 COM2 65 0R0 179 1.5 -8.8 61.4 1.0136 0.00 0.0M
544200.000 1981 COM2 65 0R0 189 1.7 -8.8 62.0 1.0136 0.00 0.0M
544260.000 1981 COM2 65 0R0 191 1.9 -8.9 61.1 1.0136 0.00 0.0M
544320.000 1981 COM2 65 0R0 200 0.8 -9.0 62.1 1.0136 0.00 0.0M
544380.000 1981 COM2 65 0R0 212 2.0 -9.0 62.7 1.0136 0.00 0.0M
544440.000 1981 COM2 65 0R0 226 0.6 -8.9 60.6 1.0135 0.00 0.0M
544500.000 1981 COM2 65 0R0 206 1.4 -8.9 62.7 1.0135 0.00 0.0M
544560.000 1981 COM2 65 0R0 197 0.6 -8.9 61.2 1.0135 0.00 0.0M
544620.000 1981 COM2 65 0R0 186 1.4 -8.9 62.7 1.0135 0.00 0.0M
544680.000 1981 COM2 65 0R0 245 0.3 -8.8 61.3 1.0135 0.00 0.0M
544740.000 1981 COM2 65 0R0 200 1.0 -8.8 61.8 1.0135 0.00 0.0M
544800.000 1981 COM2 65 0R0 180 0.7 -8.8 61.5 1.0135 0.00 0.0M
544860.000 1981 COM2 65 0R0 218 1.2 -8.7 61.6 1.0135 0.00 0.0M
544920.000 1981 COM2 65 0R0 178 1.3 -8.6 61.6 1.0135 0.00 0.0M
544980.000 1981 COM2 65 0R0 311 0.6 -8.6 60.1 1.0136 0.00 0.0M
545040.000 1981 COM2 65 0R0 284 0.6 -8.6 61.0 1.0136 0.00 0.0M
545100.000 1981 COM2 65 0R0 199 1.7 -8.5 60.6 1.0136 0.00 0.0M
545160.000 1981 COM2 65 0R0 246 0.5 -8.6 59.8 1.0136 0.00 0.0M
545220.000 1981 COM2 65 0R0 237 0.5 -8.5 60.6 1.0135 0.00 0.0M
545280.000 1981 COM2 65 0R0 302 0.5 -8.5 60.5 1.0135 0.00 0.0M
545340.000 1981 COM2 65 0R0 259 0.8 -8.4 59.7 1.0135 0.00 0.0M
545400.000 1981 COM2 65 0R0 228 1.5 -8.4 59.9 1.0135 0.00 0.0M
545460.000 1981 COM2 65 0R0 252 0.9 -8.4 60.0 1.0135 0.00 0.0M
545520.000 1981 COM2 65 0R0 273 1.9 -8.4 59.5 1.0135 0.00 0.0M
545580.000 1981 COM2 65 0R0 221 0.8 -8.4 58.9 1.0135 0.00 0.0M
545640.000 1981 COM2 65 0R0 247 1.2 -8.4 59.4 1.0135 0.00 0.0M
545700.000 1981 COM2 65 0R0 243 1.0 -8.4 58.8 1.0135 0.00 0.0M
545760.000 1981 COM2 65 0R0 270 0.3 -8.4 58.8 1.0135 0.00 0.0M
545820.000 1981 COM2 65 0R0 226 1.8 -8.4 59.5 1.0135 0.00 0.0M
545880.000 1981 COM2 65 0R0 271 0.6 -8.4 58.9 1.0134 0.00 0.0M
545940.000 1981 COM2 65 0R0 267 1.3 -8.4 58.9 1.0134 0.00 0.0M
546000.000 1981 COM2 65 0R0 171 0.4 -8.3 59.1 1.0134 0.00 0.0M
546060.000 1981 COM2 65 0R0 283 0.9 -8.3 58.5 1.0134 0.00 0.0M
546120.000 1981 COM2 65 0R0 222 1.8 -8.3 58.6 1.0134 0.00 0.0M
546180.000 1981 COM2 65 0R0 219 1.5 -8.3 57.5 1.0134 0.00 0.0M
546240.000 1981 COM2 65 0R0 248 1.9 -8.4 59.1 1.0134 0.00 0.0M
546300.000 1981 COM2 65 0R0 263 0.6 -8.4 58.3 1.0134 0.00 0.0M
546360.000 1981 COM2 65 0R0 268 1.6 -8.3 59.0 1.0133 0.00 0.0M
546420.000 1981 COM2 65 0R0 232 1.0 -8.3 58.6 1.0133 0.00 0.0M
546480.000 1981 COM2 65 0R0 223 1.0 -8.3 58.6 1.0133 0.00 0.0M
546540.000 1981 COM2 65 0R0 250 2.1 -8.2 58.6 1.0134 0.00 0.0M
546600.000 1981 COM2 65 0R0 259 0.7 -8.2 58.4 1.0133 0.00 0.0M
546660.000 1981 COM2 65 0R0 226 0.8 -8.2 57.9 1.0133 0.00 0.0M
546720.000 1981 COM2 65 0R0 251 0.7 -8.2 58.5 1.0133 0.00 0.0M
546780.000 1981 COM2 65 0R0 220 2.0 -8.2 58.5 1.0133 0.00 0.0M
546840.000 1981 COM2 65 0R0 167 1.9 -8.2 58.2 1.0133 0.00 0.0M
546900.000 1981 COM2 65 0R0 195 1.4 -8.2 57.6 1.0133 0.00 0.0M
546960.000 1981 COM2 65 0R0 252 1.2 -8.2 59.0 1.0133 0.00 0.0M
547020.000 1981 COM2 65 0R0 335 0.6 -8.2 58.1 1.0132 0.00 0.0M
547080.000 1981 COM2 65 0R0 265 0.3 -8.2 58.6 1.0132 0.00 0.0M
547140.000 1981 COM2 65 0R0 181 0.2 -8.2 59.1 1.0132 0.00 0.0M
547200.000 1981 COM2 65 0R0 153 1.1 -8.1 58.6 1.0131 0.00 0.0M
547260.000 1981 COM2 65 0R0 170 1.3 -8.1 57.3 1.0131 0.00 0.0M
547320.000 1981 COM2 65 0R0 131 0.7 -8.1 57.5 1.0131 0.00 0.0M
547380.000 1981 COM2 65 0R0 185 1.9 -8.1 57.9 1.0131 0.00 0.0M
547440.000 1981 COM2 65 0R0 215 2.5 -8.2 56.7 1.0131 0.00 0.0M
547500.000 1981 COM2 65 0R0 208 2.0 -8.3 57.7 1.0131 0.00 0.0M
547560.000 1981 COM2 65 0R0 194 2.3 -8.5 57.2 1.0131 0.00 0.0M
547620.000 1981 COM2 65 0R0 199 1.9 -8.6 58.0 1.0131 0.00 0.0M
547680.000 1981 COM2 65 0R0 189 1.5 -8.6 59.6 1.0131 0.00 0.0M
547740.000 1981 COM2 65 0R0 201 1.7 -8.6 60.0 1.0131 0.00 0.0M
547800.000 1981 COM2 65 0R0 174 1.0 -8.5 58.8 1.0131 0.00 0.0M
547860.000 1981 COM2 65 0R0 252 0.8 -8.6 59.4 1.0131 0.00 0.0M
547920.000 1981 COM2 65 0R0 251 1.1 -8.5 59.8 1.0131 0.00 0.0M
547980.000 1981 COM2 65 0R0 270 0.8 -8.5 59.4 1.0131 0.00 0.0M
548040.000 1981 COM2 65 0R0 263 1.4 -8.4 59.6 1.0131 0.00 0.0M
548100.000 1981 COM2 65 0R0 271 1.0 -8.4 59.4 1.0131 0.00 0.0M
548160.000 1981 COM2 65 0R0 230 0.6 -8.3 59.3 1.0130 0.00 0.0M
548220.000 1981 COM2 65 0R0 269 1.1 -8.3 59.1 1.0130 0.00 0.0M
548280.000 1981 COM2 65 0R0 184 1.3 -8.2 59.0 1.0130 0.00 0.0M
548340.000 1981 COM2 65 0R0 221 1.7 -8.2 59.5 1.0130 0.00 0.0M
548400.000 1981 COM2 65 0R0 216 0.5 -8.2 59.2 1.0130 0.00 0.0M
548460.000 1981 COM2 65 0R0 307 0.5 -8.1 58.6 1.0129 0.00 0.0M
548520.000 1981 COM2 65 0R0 227 0.7 -8.1 59.1 1.0129 0.00 0.0M
548580.000 1981 COM2 65 0R0 257 1.6 -8.1 59.1 1.0129 0.00 0.0M
548640.000 1981 COM2 65 0R0 250 1.3 -8.1 59.2 1.0128 0.00 0.0M
548700.000 1981 COM2 65 0R0 243 1.4 -8.1 59.0 1.0128 0.00 0.0M
548760.000 1981 COM2 65 0R0 245 1.4 -8.1 58.6 1.0128 0.00 0.0M
548820.000 1981 COM2 65 0R0 258 1.1 -8.1 58.9 1.0128 0.00 0.0M
548880.000 1981 COM2 65 0R0 227 1.0 -8.1 59.7 1.0128 0.00 0.0M
548940.000 1981 COM2 65 0R0 279 1.7 -8.1 59.4 1.0128 0.00 0.0M
549000.000 1981 COM2 65 0R0 210 0.6 -8.0 58.7 1.0128 0.00 0.0M
549060.000 1981 COM2 65 0R0 210 0.8 -8.0 58.8 1.0127 0.00 0.0M
549120.000 1981 COM2 65 0R0 200 1.1 -8.0 59.0 1.0127 0.00 0.0M
549180.000 1981 COM2 65 0R0 307 0.7 -8.0 59.0 1.0127 0.00 0.0M
549240.000 1981 COM2 65 0R0 197 0.9 -7.9 58.1 1.0127 0.00 0.0M
549300.000 1981 COM2 65 0R0 196 0.7 -7.9 58.0 1.0127 0.00 0.0M
549360.000 1981 COM2 65 0R0 248 0.8 -7.9 58.5 1.0127 0.00 0.0M
549420.000 1981 COM2 65 0R0 231 1.1 -7.8 58.3 1.0128 0.00 0.0M
549480.000 1981 COM2 65 0R0 187 0.6 -7.8 56.8 1.0127 0.00 0.0M
549540.000 1981 COM2 65 0R0 252 1.3 -7.9 58.1 1.0127 0.00 0.0M
549600.000 1981 COM2 65 0R0 216 0.8 -7.9 57.8 1.0127 0.00 0.0M
549660.000 1981 COM2 65 0R0 196 1.1 -8.0 58.0 1.0127 0.00 0.0M
549720.000 1981 COM2 65 0R0 240 1.5 -8.0 59.1 1.0127 0.00 0.0M
549780.000 1981 COM2 65 0R0 214 1.6 -8.0 58.5 1.0127 0.00 0.0M
549840.000 1981 COM2 65 0R0 162 1.0 -8.0 57.9 1.0127 0.00 0.0M
549900.000 1981 COM2 65 0R0 190 1.3 -8.0 57.7 1.0127 0.00 0.0M
549960.000 1981 COM2 65 0R0 274 0.6 -8.1 58.6 1.0127 0.00 0.0M
550020.000 1981 COM2 65 0R0 244 0.5 -8.1 59.3 1.0127 0.00 0.0M
550080.000 1981 COM2 65 0R0 302 0.9 -8.0 59.0 1.0126 0.00 0.0M
550140.000 1981 COM2 65 0R0 267 1.7 -8.0 58.1 1.0126 0.00 0.0M
550200.000 1981 COM2 65 0R0 261 0.8 -8.0 56.8 1.0126 0.00 0.0M
550260.000 1981 COM2 65 0R0 255 0.8 -8.1 58.2 1.0125 0.00 0.0M
550320.000 1981 COM2 65 0R0 236 0.7 -8.1 58.7 1.0125 0.00 0.0M
550380.000 1981 COM2 65 0R0 233 0.9 -8.1 59.2 1.0125 0.00 0.0M
550440.100 1981 COM2 65 0R0 204 0.8 -8.1 59.1 1.0125 0.00 0.0M
550500.100 1981 COM2 65 0R0 252 0.6 -8.0 58.6 1.0124 0.00 0.0M
550560.100 1981 COM2 65 0R0 206 0.7 -8.0 58.7 1.0124 0.00 0.0M
550620.000 1981 COM2 65 0R0 203 0.5 -8.0 59.0 1.0124 0.00 0.0M
550680.000 1981 COM2 65 0R0 299 0.5 -8.0 59.9 1.0123 0.00 0.0M
550740.000 1981 COM2 65 0R0 074 0.5 -7.9 59.3 1.0123 0.00 0.0M
550800.000 1981 COM2 65 0R0 178 1.0 -7.8 58.8 1.0123 0.00 0.0M
550860.000 1981 COM2 65 0R0 176 1.2 -7.7 58.5 1.0122 0.00 0.0M
550920.100 1981 COM2 65 0R0 214 0.2 -7.6 58.9 1.0122 0.00 0.0M
550980.000 1981 COM2 65 0R0 115 0.4 -7.6 58.6 1.0122 0.00 0.0M
551040.000 1981 COM2 65 0R0 221 0.1 -7.5 58.6 1.0121 0.00 0.0M
551100.000 1981 COM2 65 0R0 003 0.4 -7.4 58.2 1.0121 0.00 0.0M
551160.000 1981 COM2 65 0R0 149 1.8 -7.2 57.9 1.0121 0.00 0.0M
551220.100 1981 COM2 65 0R0 190 1.8 -7.3 55.7 1.0121 0.00 0.0M
551280.000 1981 COM2 65 0R0 168 1.4 -7.5 55.2 1.0121 0.00 0.0M
551340.000 1981 COM2 65 0R0 173 2.0 -7.7 56.6 1.0121 0.00 0.0M
551400.000 1981 COM2 65 0R0 113 0.7 -7.9 56.7 1.0121 0.00 0.0M
551460.000 1981 COM2 65 0R0 123 0.3 -8.1 59.0 1.0121 0.00 0.0M
551520.000 1981 COM2 65 0R0 112 0.3 -8.1 59.9 1.0121 0.00 0.0M
551580.000 1981 COM2 65 0R0 205 0.6 -8.0 59.4 1.0120 0.00 0.0M
551640.000 1981 COM2 65 0R0 155 1.0 -7.9 59.3 1.0120 0.00 0.0M
551700.000 1981 COM2 65 0R0 150 0.3 -7.8 59.0 1.0120 0.00 0.0M
551760.000 1981 COM2 65 0R0 282 0.2 -7.7 59.0 1.0119 0.00 0.0M
551820.000 1981 COM2 65 0R0 207 1.3 -7.6 58.7 1.0119 0.00 0.0M
551880.100 1981 COM2 65 0R0 176 1.3 -7.6 57.4 1.0119 0.00 0.0M
551940.000 1981 COM2 65 0R0 173 0.9 -7.8 56.6 1.0119 0.00 0.0M
552000.000 1981 COM2 65 0R0 217 0.3 -7.9 58.3 1.0119 0.00 0.0M
552060.000 1981 COM2 65 0R0 204 0.3 -8.0 59.4 1.0119 0.00 0.0M
552120.000 1981 COM2 65 0R0 237 0.3 -7.9 59.4 1.0119 0.00 0.0M
552180.000 1981 COM2 65 0R0 251 0.6 -7.8 59.7 1.0119 0.00 0.0M
552240.000 1981 COM2 65 0R0 193 0.9 -7.6 60.0 1.0119 0.00 0.0M
552300.000 1981 COM2 65 0R0 151 0.7 -7.4 56.6 1.0119 0.00 0.0M
552360.000 1981 COM2 65 0R0 123 0.5 -7.4 57.8 1.0119 0.00 0.0M
552420.000 1981 COM2 65 0R0 139 0.4 -7.4 58.6 1.0119 0.00 0.0M
552480.000 1981 COM2 65 0R0 144 1.0 -7.3 58.2 1.0119 0.00 0.0M
552540.000 1981 COM2 65 0R0 136 0.9 -7.2 58.0 1.0119 0.00 0.0M
552600.000 1981 COM2 65 0R0 133 0.5 -7.2 58.0 1.0119 0.00 0.0M
552660.000 1981 COM2 65 0R0 123 0.5 -7.2 57.5 1.0118 0.00 0.0M
552720.000 1981 COM2 65 0R0 211 0.5 -7.1 58.8 1.0118 0.00 0.0M
552780.000 1981 COM2 65 0R0 163 0.6 -7.1 57.9 1.0117 0.00 0.0M
552840.000 1981 COM2 65 0R0 121 1.1 -7.1 57.8 1.0117 0.00 0.0M
552900.000 1981 COM2 65 0R0 185 1.5 -7.1 56.7 1.0117 0.00 0.0M
552960.000 1981 COM2 65 0R0 200 1.7 -7.2 57.5 1.0117 0.00 0.0M
553020.000 1981 COM2 65 0R0 186 0.6 -7.4 56.0 1.0117 0.00 0.0M
553080.000 1981 COM2 65 0R0 143 0.6 -7.6 58.9 1.0117 0.00 0.0M
553140.000 1981 COM2 65 0R0 147 0.9 -7.6 59.5 1.0117 0.00 0.0M
553200.000 1981 COM2 65 0R0 113 1.1 -7.6 58.3 1.0116 0.00 0.0M
553260.000 1981 COM2 65 0R0 148 0.6 -7.6 58.8 1.0116 0.00 0.0M
553320.000 1981 COM2 65 0R0 141 0.3 -7.6 60.0 1.0116 0.00 0.0M
553380.000 1981 COM2 65 0R0 122 0.8 -7.5 60.7 1.0117 0.00 0.0M
553440.000 1981 COM2 65 0R0 167 0.4 -7.3 59.6 1.0116 0.00 0.0M
553500.000 1981 COM2 65 0R0 165 0.6 -7.2 59.1 1.0116 0.00 0.0M
553560.000 1981 COM2 65 0R0 181 1.1 -7.2 59.0 1.0116 0.00 0.0M
553620.000 1981 COM2 65 0R0 125 0.9 -7.1 59.6 1.0116 0.00 0.0M
553680.000 1981 COM2 65 0R0 138 0.5 -7.1 58.6 1.0116 0.00 0.0M
553740.000 1981 COM2 65 0R0 180 1.7 -7.1 59.3 1.0116 0.00 0.0M
553800.000 1981 COM2 65 0R0 176 1.0 -7.1 59.4 1.0116 0.00 0.0M
553860.000 1981 COM2 65 0R0 222 0.8 -7.1 59.9 1.0116 0.00 0.0M
553920.000 1981 COM2 65 0R0 195 1.4 -7.1 60.0 1.0116 0.00 0.0M
553980.000 1981 COM2 65 0R0 180 0.2 -7.0 59.5 1.0116 0.00 0.0M
554040.000 1981 COM2 65 0R0 216 0.3 -7.2 60.3 1.0117 0.00 0.0M
554100.000 1981 COM2 65 0R0 316 0.4 -7.2 60.8 1.0116 0.00 0.0M
554160.000 1981 COM2 65 0R0 204 0.5 -7.2 60.6 1.0116 0.00 0.0M
554220.000 1981 COM2 65 0R0 101 0.3 -7.3 61.0 1.0115 0.00 0.0M
554280.000 1981 COM2 65 0R0 187 1.0 -7.2 61.7 1.0115 0.00 0.0M
554340.000 1981 COM2 65 0R0 332 0.3 -7.2 61.6 1.0115 0.00 0.0M
554400.000 1981 COM2 65 0R0 067 0.3 -7.2 61.4 1.0115 0.00 0.0M
554460.000 1981 COM2 65 0R0 173 0.2 -7.2 61.4 1.0115 0.00 0.0M
554520.000 1981 COM2 65 0R0 330 0.3 -7.1 61.4 1.0115 0.00 0.0M
554580.000 1981 COM2 65 0R0 228 1.0 -7.0 60.7 1.0115 0.00 0.0M
554640.000 1981 COM2 65 0R0 189 1.2 -7.1 61.0 1.0115 0.00 0.0M
554700.100 1981 COM2 65 0R0 171 1.0 -7.2 60.0 1.0115 0.00 0.0M
554760.000 1981 COM2 65 0R0 170 1.1 -7.2 60.5 1.0115 0.00 0.0M
554820.000 1981 COM2 65 0R0 118 0.8 -7.4 60.5 1.0115 0.00 0.0M
554880.100 1981 COM2 65 0R0 163 1.7 -7.5 60.7 1.0114 0.00 0.0M
554940.000 1981 COM2 65 0R0 143 0.8 -7.6 60.6 1.0114 0.00 0.0M
555000.100 1981 COM2 65 0R0 177 1.7 -7.6 61.4 1.0114 0.00 0.0M
555060.000 1981 COM2 65 0R0 191 1.3 -7.6 61.1 1.0114 0.00 0.0M
555120.000 1981 COM2 65 0R0 283 0.3 -7.6 61.7 1.0114 0.00 0.0M
555180.000 1981 COM2 65 0R0 055 0.4 -7.5 62.4 1.0113 0.00 0.0M
555240.000 1981 COM2 65 0R0 085 0.4 -7.4 62.7 1.0113 0.00 0.0M
555300.000 1981 COM2 65 0R0 301 0.4 -7.3 62.6 1.0113 0.00 0.0M
555360.000 1981 COM2 65 0R0 176 0.5 -7.1 62.6 1.0113 0.00 0.0M
555420.000 1981 COM2 65 0R0 165 0.7 -7.0 61.9 1.0113 0.00 0.0M
555480.000 1981 COM2 65 0R0 193 0.4 -6.9 60.1 1.0113 0.00 0.0M
555540.000 1981 COM2 65 0R0 122 0.7 -7.0 60.9 1.0112 0.00 0.0M
555600.000 1981 COM2 65 0R0 162 0.3 -7.1 61.4 1.0112 0.00 0.0M
555660.000 1981 COM2 65 0R0 152 0.6 -7.1 61.6 1.0112 0.00 0.0M
555720.000 1981 COM2 65 0R0 188 0.9 -7.2 61.2 1.0112 0.00 0.0M
555780.000 1981 COM2 65 0R0 200 0.3 -7.2 61.1 1.0112 0.00 0.0M
555840.000 1981 COM2 65 0R0 212 0.5 -7.2 61.3 1.0113 0.00 0.0M
555900.000 1981 COM2 65 0R0 107 0.5 -7.1 60.8 1.0113 0.00 0.0M
555960.000 1981 COM2 65 0R0 246 0.3 -7.1 61.8 1.0113 0.00 0.0M
556020.000 1981 COM2 65 0R0 196 1.2 -7.1 61.7 1.0113 0.00 0.0M
556080.000 1981 COM2 65 0R0 213 0.8 -7.0 60.6 1.0113 0.00 0.0M
556140.000 1981 COM2 65 0R0 179 0.5 -7.1 61.5 1.0113 0.00 0.0M
556200.000 1981 COM2 65 0R0 128 0.4 -7.0 61.7 1.0113 0.00 0.0M
556260.000 1981 COM2 65 0R0 201 0.2 -7.0 61.5 1.0113 0.00 0.0M
556320.000 1981 COM2 65 0R0 217 0.2 -7.0 61.1 1.0113 0.00 0.0M
556380.000 1981 COM2 65 0R0 147 0.5 -7.0 62.2 1.0114 0.00 0.0M
556440.000 1981 COM2 65 0R0 203 1.0 -7.0 61.6 1.0114 0.00 0.0M
556500.000 1981 COM2 65 0R0 173 0.8 -7.0 61.4 1.0114 0.00 0.0M
556560.000 1981 COM2 65 0R0 160 1.0 -7.2 61.4 1.0113 0.00 0.0M
556620.000 1981 COM2 65 0R0 154 0.3 -7.3 62.2 1.0113 0.00 0.0M
556680.000 1981 COM2 65 0R0 292 0.4 -7.3 62.4 1.0113 0.00 0.0M
556740.000 1981 COM2 65 0R0 218 1.0 -7.2 62.0 1.0113 0.00 0.0M
556800.000 1981 COM2 65 0R0 228 1.0 -7.3 60.4 1.0114 0.00 0.0M
556860.000 1981 COM2 65 0R0 167 0.8 -7.3 59.9 1.0114 0.00 0.0M
556920.000 1981 COM2 65 0R0 192 0.9 -7.5 61.0 1.0114 0.00 0.0M
556980.000 1981 COM2 65 0R0 190 1.1 -7.7 60.9 1.0115 0.00 0.0M
557040.000 1981 COM2 65 0R0 182 1.1 -7.8 61.2 1.0115 0.00 0.0M
557100.000 1981 COM2 65 0R0 170 0.8 -7.9 61.9 1.0115 0.00 0.0M
557160.000 1981 COM2 65 0R0 170 1.2 -8.0 64.1 1.0115 0.00 0.0M
557220.000 1981 COM2 65 0R0 211 0.3 -7.9 64.8 1.0115 0.00 0.0M
557280.000 1981 COM2 65 0R0 179 1.0 -7.7 65.2 1.0115 0.00 0.0M
557340.000 1981 COM2 65 0R0 175 1.9 -7.5 63.4 1.0116 0.00 0.0M
557400.000 1981 COM2 65 0R0 090 0.5 -7.5 62.2 1.0116 0.00 0.0M
557460.000 1981 COM2 65 0R0 131 0.7 -7.6 63.6 1.0116 0.00 0.0M
557520.000 1981 COM2 65 0R0 137 0.5 -7.6 64.1 1.0115 0.00 0.0M
557580.000 1981 COM2 65 0R0 164 0.5 -7.6 64.4 1.0115 0.00 0.0M
557640.000 1981 COM2 65 0R0 181 0.6 -7.5 64.4 1.0115 0.00 0.0M
557700.000 1981 COM2 65 0R0 208 1.7 -7.4 64.2 1.0115 0.00 0.0M
557760.000 1981 COM2 65 0R0 177 1.5 -7.5 62.8 1.0115 0.00 0.0M
557820.000 1981 COM2 65 0R0 200 1.5 -7.7 62.9 1.0115 0.00 0.0M
557880.000 1981 COM2 65 0R0 153 1.9 -7.9 63.6 1.0115 0.00 0.0M
557940.000 1981 COM2 65 0R0 209 1.6 -8.1 65.4 1.0115 0.00 0.0M
558000.000 1981 COM2 65 0R0 197 1.9 -8.1 65.5 1.0115 0.00 0.0M
558060.000 1981 COM2 65 0R0 205 1.7 -8.2 65.2 1.0115 0.00 0.0M
558120.000 1981 COM2 65 0R0 238 0.9 -8.3 66.5 1.0115 0.00 0.0M
558180.000 1981 COM2 65 0R0 238 2.0 -8.2 67.0 1.0115 0.00 0.0M
558240.100 1981 COM2 65 0R0 213 2.0 -8.2 67.0 1.0114 0.00 0.0M
558300.000 1981 COM2 65 0R0 202 2.0 -8.2 66.4 1.0115 0.00 0.0M
558360.000 1981 COM2 65 0R0 199 2.2 -8.2 66.2 1.0115 0.00 0.0M
558420.000 1981 COM2 65 0R0 180 2.2 -8.3 65.9 1.0115 0.00 0.0M
558480.000 1981 COM2 65 0R0 175 2.1 -8.4 66.8 1.0116 0.00 0.0M
558540.000 1981 COM2 65 0R0 210 1.7 -8.4 67.1 1.0116 0.00 0.0M
558600.000 1981 COM2 65 0R0 221 2.6 -8.4 67.1 1.0116 0.00 0.0M
558660.000 1981 COM2 65 0R0 236 2.9 -8.3 67.1 1.0116 0.00 0.0M
558720.000 1981 COM2 65 0R0 224 1.5 -8.2 66.3 1.0117 0.00 0.0M
558780.000 1981 COM2 65 0R0 190 1.6 -8.2 66.5 1.0117 0.00 0.0M
558840.000 1981 COM2 65 0R0 190 2.5 -8.1 66.1 1.0117 0.00 0.0M
558900.000 1981 COM2 65 0R0 204 2.4 -8.1 65.2 1.0117 0.00 0.0M
558960.000 1981 COM2 65 0R0 206 1.9 -8.2 65.1 1.0117 0.00 0.0M
559020.000 1981 COM2 65 0R0 216 2.7 -8.3 65.8 1.0118 0.00 0.0M
559080.000 1981 COM2 65 0R0 226 2.5 -8.3 65.8 1.0119 0.00 0.0M
559140.000 1981 COM2 65 0R0 208 2.3 -8.3 66.8 1.0119 0.00 0.0M
559200.000 1981 COM2 65 0R0 190 2.4 -8.3 66.9 1.0118 0.00 0.0M
559260.000 1981 COM2 65 0R0 218 2.6 -8.4 66.4 1.0118 0.00 0.0M
559320.000 1981 COM2 65 0R0 154 1.4 -8.4 67.7 1.0119 0.00 0.0M
559380.000 1981 COM2 65 0R0 201 1.5 -8.4 68.4 1.0119 0.00 0.0M
559440.000 1981 COM2 65 0R0 190 0.7 -8.3 68.4 1.0119 0.00 0.0M
559500.000 1981 COM2 65 0R0 218 1.2 -8.3 68.6 1.0119 0.00 0.0M
559560.000 1981 COM2 65 0R0 238 1.8 -8.2 68.2 1.0119 0.00 0.0M
559620.000 1981 COM2 65 0R0 226 3.2 -8.1 67.7 1.0118 0.00 0.0M
559680.000 1981 COM2 65 0R0 227 1.6 -8.1 67.5 1.0119 0.00 0.0M
559740.000 1981 COM2 65 0R0 225 1.3 -8.1 68.0 1.0119 0.00 0.0M
559800.000 1981 COM2 65 0R0 239 1.0 -8.1 68.1 1.0119 0.00 0.0M
559860.000 1981 COM2 65 0R0 195 1.7 -8.0 68.2 1.0118 0.00 0.0M
559920.000 1981 COM2 65 0R0 219 1.8 -8.0 67.7 1.0118 0.00 0.0M
559980.000 1981 COM2 65 0R0 133 1.0 -8.0 67.3 1.0118 0.00 0.0M
560040.000 1981 COM2 65 0R0 175 1.4 -8.1 68.3 1.0118 0.00 0.0M
560100.000 1981 COM2 65 0R0 215 2.0 -8.0 67.9 1.0118 0.00 0.0M
560160.000 1981 COM2 65 0R0 187 1.9 -8.0 67.7 1.0118 0.00 0.0M
560220.000 1981 COM2 65 0R0 199 1.5 -8.1 68.3 1.0118 0.00 0.0M
560280.000 1981 COM2 65 0R0 207 1.5 -8.2 67.9 1.0117 0.00 0.0M
560340.000 1981 COM2 65 0R0 214 1.9 -8.2 68.8 1.0117 0.00 0.0M
560400.000 1981 COM2 65 0R0 211 1.6 -8.2 68.0 1.0117 0.00 0.0M
560460.000 1981 COM2 65 0R0 196 1.6 -8.3 68.9 1.0117 0.00 0.0M
560520.000 1981 COM2 65 0R0 152 0.6 -8.2 68.8 1.0117 0.00 0.0M
560580.000 1981 COM2 65 0R0 176 1.0 -8.2 69.6 1.0117 0.00 0.0M
560640.000 1981 COM2 65 0R0 182 2.8 -8.1 69.6 1.0118 0.00 0.0M
560700.000 1981 COM2 65 0R0 204 1.9 -8.1 67.7 1.0117 0.00 0.0M
560760.000 1981 COM2 65 0R0 162 2.0 -8.2 69.1 1.0117 0.00 0.0M
560820.000 1981 COM2 65 0R0 178 0.7 -8.2 69.8 1.0117 0.00 0.0M
560880.000 1981 COM2 65 0R0 131 1.0 -8.1 69.3 1.0117 0.00 0.0M
560940.000 1981 COM2 65 0R0 150 2.8 -7.9 69.2 1.0117 0.00 0.0M
561000.000 1981 COM2 65 0R0 175 2.8 -8.0 68.5 1.0117 0.00 0.0M
561060.000 1981 COM2 65 0R0 173 2.1 -8.0 68.1 1.0117 0.00 0.0M
561120.000 1981 COM2 65 0R0 200 3.0 -8.2 68.7 1.0117 0.00 0.0M
561180.000 1981 COM2 65 0R0 161 2.9 -8.4 69.3 1.0116 0.00 0.0M
561240.000 1981 COM2 65 0R0 154 1.9 -8.5 70.1 1.0116 0.00 0.0M
561300.000 1981 COM2 65 0R0 190 2.4 -8.4 69.9 1.0116 0.00 0.0M
561360.000 1981 COM2 65 0R0 161 0.7 -8.4 70.0 1.0116 0.00 0.0M
561420.000 1981 COM2 65 0R0 199 1.8 -8.3 70.0 1.0116 0.00 0.0M
561480.000 1981 COM2 65 0R0 195 3.5 -8.2 69.4 1.0116 0.00 0.0M
561540.000 1981 COM2 65 0R0 126 0.7 -8.2 68.1 1.0116 0.00 0.0M
561600.000 1981 COM2 65 0R0 132 0.6 -8.1 69.0 1.0116 0.00 0.0M
561660.000 1981 COM2 65 0R0 183 3.3 -8.0 68.6 1.0116 0.00 0.0M
561720.000 1981 COM2 65 0R0 171 2.8 -7.9 66.6 1.0116 0.00 0.0M
561780.000 1981 COM2 65 0R0 164 4.0 -8.1 66.9 1.0116 0.00 0.0M
561840.000 1981 COM2 65 0R0 174 2.7 -8.2 67.0 1.0116 0.00 0.0M
561900.000 1981 COM2 65 0R0 136 0.9 -8.3 67.5 1.0116 0.00 0.0M
561960.000 1981 COM2 65 0R0 142 3.0 -8.2 68.7 1.0116 0.00 0.0M
562020.000 1981 COM2 65 0R0 148 1.8 -8.1 67.5 1.0116 0.00 0.0M
562080.000 1981 COM2 65 0R0 168 2.7 -8.1 69.1 1.0117 0.00 0.0M
562140.000 1981 COM2 65 0R0 099 0.9 -8.1 67.8 1.0117 0.00 0.0M
562200.000 1981 COM2 65 0R0 210 0.5 -8.0 69.3 1.0117 0.00 0.0M
562260.000 1981 COM2 65 0R0 214 2.8 -7.9 68.9 1.0116 0.00 0.0M
562320.000 1981 COM2 65 0R0 204 3.3 -7.7 68.2 1.0117 0.00 0.0M
562380.000 1981 COM2 65 0R0 225 1.1 -7.7 67.1 1.0116 0.00 0.0M
562440.000 1981 COM2 65 0R0 186 1.9 -7.8 67.2 1.0117 0.00 0.0M
562500.000 1981 COM2 65 0R0 197 3.0 -7.8 66.8 1.0117 0.00 0.0M
562560.000 1981 COM2 65 0R0 212 2.8 -7.9 67.1 1.0116 0.00 0.0M
562620.000 1981 COM2 65 0R0 200 3.0 -8.0 66.7 1.0117 0.00 0.0M
562680.000 1981 COM2 65 0R0 199 2.6 -8.1 67.2 1.0116 0.00 0.0M
562740.000 1981 COM2 65 0R0 229 2.2 -8.1 68.1 1.0116 0.00 0.0M
562800.000 1981 COM2 65 0R0 191 1.7 -8.1 68.2 1.0116 0.00 0.0M
562860.000 1981 COM2 65 0R0 233 2.2 -8.1 68.7 1.0116 0.00 0.0M
562920.000 1981 COM2 65 0R0 237 1.6 -8.0 68.9 1.0116 0.00 0.0M
562980.000 1981 COM2 65 0R0 225 1.8 -7.9 68.9 1.0116 0.00 0.0M
563040.000 1981 COM2 65 0R0 251 1.1 -7.8 68.3 1.0116 0.00 0.0M
563100.000 1981 COM2 65 0R0 239 0.6 -7.8 67.8 1.0116 0.00 0.0M
563160.000 1981 COM2 65 0R0 167 1.8 -7.7 68.1 1.0117 0.00 0.0M
563220.000 1981 COM2 65 0R0 202 2.2 -7.7 67.2 1.0117 0.00 0.0M
563280.000 1981 COM2 65 0R0 252 0.8 -7.7 68.0 1.0117 0.00 0.0M
563340.000 1981 COM2 65 0R0 233 2.1 -7.7 67.9 1.0117 0.00 0.0M
563400.000 1981 COM2 65 0R0 219 3.2 -7.6 68.0 1.0117 0.00 0.0M
563460.000 1981 COM2 65 0R0 213 3.3 -7.6 68.4 1.0116 0.00 0.0M
563520.000 1981 COM2 65 0R0 226 2.6 -7.6 68.4 1.0116 0.00 0.0M
563580.000 1981 COM2 65 0R0 213 3.1 -7.6 68.5 1.0116 0.00 0.0M
563640.000 1981 COM2 65 0R0 219 3.2 -7.7 68.2 1.0116 0.00 0.0M
563700.000 1981 COM2 65 0R0 234 2.4 -7.7 68.5 1.0116 0.00 0.0M
563760.000 1981 COM2 65 0R0 220 2.1 -7.8 68.7 1.0115 0.00 0.0M
563820.100 1981 COM2 65 0R0 190 1.6 -7.8 70.0 1.0115 0.00 0.0M
563880.000 1981 COM2 65 0R0 216 2.1 -7.7 70.4 1.0115 0.00 0.0M
563940.000 1981 COM2 65 0R0 186 1.8 -7.7 69.8 1.0114 0.00 0.0M
564000.000 1981 COM2 65 0R0 206 0.8 -7.7 70.2 1.0114 0.00 0.0M
564060.000 1981 COM2 65 0R0 180 1.0 -7.7 70.5 1.0114 0.00 0.0M
564120.000 1981 COM2 65 0R0 202 2.5 -7.7 70.1 1.0114 0.00 0.0M
564180.000 1981 COM2 65 0R0 230 1.8 -7.7 70.0 1.0115 0.00 0.0M
564240.000 1981 COM2 65 0R0 232 1.2 -7.7 70.8 1.0115 0.00 0.0M
564300.000 1981 COM2 65 0R0 190 2.2 -7.7 71.1 1.0115 0.00 0.0M
564360.000 1981 COM2 65 0R0 178 2.2 -7.7 69.8 1.0114 0.00 0.0M
564420.000 1981 COM2 65 0R0 164 1.4 -7.8 70.2 1.0114 0.00 0.0M
564480.000 1981 COM2 65 0R0 123 0.7 -7.8 71.9 1.0114 0.00 0.0M
564540.000 1981 COM2 65 0R0 192 1.9 -7.7 71.6 1.0114 0.00 0.0M
564600.000 1981 COM2 65 0R0 179 2.1 -7.7 71.4 1.0113 0.00 0.0M
564660.000 1981 COM2 65 0R0 222 0.6 -7.7 71.7 1.0113 0.00 0.0M
564720.000 1981 COM2 65 0R0 150 0.8 -7.7 71.5 1.0113 0.00 0.0M
564780.000 1981 COM2 65 0R0 192 1.5 -7.8 71.3 1.0112 0.00 0.0M
564840.000 1981 COM2 65 0R0 198 1.7 -7.8 72.6 1.0113 0.00 0.0M
564900.000 1981 COM2 65 0R0 235 1.5 -7.7 71.9 1.0113 0.00 0.0M
564960.000 1981 COM2 65 0R0 204 2.1 -7.7 72.0 1.0113 0.00 0.0M
565020.000 1981 COM2 65 0R0 222 2.0 -7.6 72.0 1.0113 0.00 0.0M
565080.000 1981 COM2 65 0R0 183 2.0 -7.6 71.9 1.0113 0.00 0.0M
565140.000 1981 COM2 65 0R0 181 2.9 -7.6 71.3 1.0113 0.00 0.0M
565200.000 1981 COM2 65 0R0 201 2.4 -7.7 70.7 1.0113 0.00 0.0M
565260.000 1981 COM2 65 0R0 211 2.4 -7.8 71.2 1.0113 0.00 0.0M
565320.000 1981 COM2 65 0R0 195 2.2 -7.9 72.0 1.0113 0.00 0.0M
565380.000 1981 COM2 65 0R0 182 2.4 -8.0 72.8 1.0113 0.00 0.0M
565440.000 1981 COM2 65 0R0 208 2.2 -8.0 72.9 1.0114 0.00 0.0M
565500.000 1981 COM2 65 0R0 150 0.5 -8.1 72.9 1.0113 0.00 0.0M
565560.000 1981 COM2 65 0R0 203 1.7 -8.1 75.7 1.0114 0.00 0.0M
565620.000 1981 COM2 65 0R0 133 1.6 -7.9 74.9 1.0114 0.00 0.0M
565680.000 1981 COM2 65 0R0 202 2.0 -7.8 74.8 1.0114 0.00 0.0M
565740.000 1981 COM2 65 0R0 163 1.0 -7.8 73.1 1.0114 0.00 0.0M
565800.000 1981 COM2 65 0R0 160 2.0 -7.9 75.1 1.0114 0.00 0.0M
565860.000 1981 COM2 65 0R0 136 0.9 -7.8 74.7 1.0114 0.00 0.0M
565920.000 1981 COM2 65 0R0 151 0.7 -7.7 75.7 1.0114 0.00 0.0M
565980.000 1981 COM2 65 0R0 105 0.9 -7.5 75.2 1.0114 0.00 0.0M
566040.000 1981 COM2 65 0R0 116 0.8 -7.4 74.6 1.0114 0.00 0.0M
566100.000 1981 COM2 65 0R0 171 0.8 -7.2 74.3 1.0115 0.00 0.0M
566160.000 1981 COM2 65 0R0 106 1.7 -7.1 71.9 1.0115 0.00 0.0M
566220.000 1981 COM2 65 0R0 125 0.9 -7.2 72.1 1.0115 0.00 0.0M
566280.000 1981 COM2 65 0R0 213 0.7 -7.3 74.0 1.0115 0.00 0.0M
566340.000 1981 COM2 65 0R0 180 2.7 -7.2 73.2 1.0115 0.00 0.0M
566400.000 1981 COM2 65 0R0 196 4.2 -7.2 70.9 1.0115 0.00 0.0M
566460.000 1981 COM2 65 0R0 198 3.1 -7.5 71.1 1.0114 0.00 0.0M
566520.000 1981 COM2 65 0R0 117 1.3 -7.7 72.1 1.0114 0.00 0.0M
566580.000 1981 COM2 65 0R0 160 1.0 -7.8 73.6 1.0113 0.00 0.0M
566640.000 1981 COM2 65 0R0 119 0.8 -7.8 74.6 1.0113 0.00 0.0M
566700.000 1981 COM2 65 0R0 172 2.4 -7.6 74.4 1.0113 0.00 0.0M
566760.000 1981 COM2 65 0R0 147 1.7 -7.6 73.4 1.0113 0.00 0.0M
566820.000 1981 COM2 65 0R0 191 3.4 -7.6 72.9 1.0113 0.00 0.0M
566880.000 1981 COM2 65 0R0 167 3.1 -7.7 71.8 1.0113 0.00 0.0M
566940.000 1981 COM2 65 0R0 123 1.3 -7.9 73.8 1.0114 0.00 0.0M
567000.000 1981 COM2 65 0R0 155 1.5 -7.9 74.9 1.0113 0.00 0.0M
567060.000 1981 COM2 65 0R0 200 2.6 -7.8 76.0 1.0114 0.00 0.0M
567120.000 1981 COM2 65 0R0 137 0.8 -7.7 75.5 1.0114 0.00 0.0M
567180.000 1981 COM2 65 0R0 185 1.8 -7.7 76.0 1.0115 0.00 0.0M
567240.000 1981 COM2 65 0R0 148 0.7 -7.7 74.4 1.0114 0.00 0.0M
567300.000 1981 COM2 65 0R0 169 3.5 -7.8 75.9 1.0114 0.00 0.0M
567360.000 1981 COM2 65 0R0 130 2.3 -7.9 75.1 1.0113 0.00 0.0M
567420.000 1981 COM2 65 0R0 148 1.9 -7.9 77.6 1.0113 0.00 0.0M
567480.100 1981 COM2 65 0R0 224 1.4 -7.9 77.5 1.0113 0.00 0.0M
567540.000 1981 COM2 65 0R0 158 4.0 -7.9 78.6 1.0113 0.00 0.0M
567600.000 1981 COM2 65 0R0 176 2.7 -7.8 77.5 1.0113 0.00 0.0M
567660.000 1981 COM2 65 0R0 173 0.9 -7.9 77.1 1.0113 0.00 0.0M
567720.000 1981 COM2 65 0R0 196 1.2 -8.0 77.3 1.0112 0.00 0.0M
567780.000 1981 COM2 65 0R0 170 2.0 -8.0 79.1 1.0112 0.00 0.0M
567840.000 1981 COM2 65 0R0 159 0.9 -8.0 79.5 1.0112 0.00 0.0M
567900.000 1981 COM2 65 0R0 121 1.7 -7.9 79.5 1.0112 0.00 0.0M
567960.000 1981 COM2 65 0R0 133 1.5 -7.8 79.9 1.0111 0.00 0.0M
568020.000 1981 COM2 65 0R0 210 3.2 -7.7 79.2 1.0111 0.00 0.0M
568080.000 1981 COM2 65 0R0 192 3.4 -7.7 78.1 1.0111 0.00 0.0M
568140.000 1981 COM2 65 0R0 195 1.8 -7.9 77.4 1.0111 0.00 0.0M
568200.000 1981 COM2 65 0R0 164 0.5 -8.0 78.5 1.0111 0.00 0.0M
568260.000 1981 COM2 65 0R0 118 0.9 -8.1 80.0 1.0111 0.00 0.0M
568320.000 1981 COM2 65 0R0 168 3.9 -8.1 80.3 1.0111 0.00 0.0M
568380.000 1981 COM2 65 0R0 167 3.5 -8.1 79.8 1.0111 0.00 0.0M
568440.000 1981 COM2 65 0R0 145 1.9 -8.2 79.7 1.0111 0.00 0.0M
568500.000 1981 COM2 65 0R0 150 1.1 -8.2 81.3 1.0110 0.00 0.0M
568560.000 1981 COM2 65 0R0 158 0.8 -8.1 82.2 1.0110 0.00 0.0M
568620.100 1981 COM2 65 0R0 128 0.9 -8.0 82.1 1.0109 0.00 0.0M
568680.000 1981 COM2 65 0R0 106 1.2 -7.8 82.3 1.0108 0.00 0.0M
568740.000 1981 COM2 65 0R0 165 2.0 -7.7 81.3 1.0108 0.00 0.0M
568800.000 1981 COM2 65 0R0 167 1.1 -7.6 80.5 1.0108 0.00 0.0M
568860.000 1981 COM2 65 0R0 134 1.8 -7.6 80.7 1.0108 0.00 0.0M
568920.000 1981 COM2 65 0R0 138 1.7 -7.6 80.8 1.0108 0.00 0.0M
568980.000 1981 COM2 65 0R0 185 2.1 -7.5 80.4 1.0108 0.00 0.0M
569040.000 1981 COM2 65 0R0 193 2.5 -7.5 79.2 1.0108 0.00 0.0M
569100.000 1981 COM2 65 0R0 172 1.6 -7.7 79.5 1.0107 0.00 0.0M
569160.000 1981 COM2 65 0R0 158 0.8 -7.9 80.6 1.0107 0.00 0.0M
569220.000 1981 COM2 65 0R0 226 2.2 -7.8 81.9 1.0107 0.00 0.0M
569280.000 1981 COM2 65 0R0 189 1.6 -7.7 81.4 1.0106 0.00 0.0M
569340.000 1981 COM2 65 0R0 148 1.5 -7.7 81.4 1.0106 0.00 0.0M
569400.000 1981 COM2 65 0R0 157 2.5 -7.6 82.1 1.0106 0.00 0.0M
569460.000 1981 COM2 65 0R0 161 2.5 -7.7 80.0 1.0105 0.00 0.0M
569520.000 1981 COM2 65 0R0 154 2.0 -7.8 80.7 1.0105 0.00 0.0M
569580.000 1981 COM2 65 0R0 181 2.4 -7.8 81.6 1.0104 0.00 0.0M
569640.000 1981 COM2 65 0R0 144 2.6 -7.8 80.8 1.0104 0.00 0.0M
569700.000 1981 COM2 65 0R0 164 1.4 -7.9 81.0 1.0104 0.00 0.0M
569760.100 1981 COM2 65 0R0 160 4.1 -7.8 81.5 1.0104 0.00 0.0M
569820.000 1981 COM2 65 0R0 162 2.6 -7.9 80.0 1.0104 0.00 0.0M
569880.000 1981 COM2 65 0R0 176 4.8 -7.9 80.3 1.0105 0.00 0.0M
569940.000 1981 COM2 65 0R0 168 3.6 -8.1 80.0 1.0104 0.00 0.0M
570000.000 1981 COM2 65 0R0 183 1.9 -8.2 80.3 1.0104 0.00 0.0M
570060.000 1981 COM2 65 0R0 149 1.3 -8.2 81.5 1.0105 0.00 0.0M
570120.000 1981 COM2 65 0R0 160 3.4 -8.1 82.9 1.0105 0.00 0.0M
570180.000 1981 COM2 65 0R0 190 0.8 -7.9 82.0 1.0106 0.00 0.0M
570240.000 1981 COM2 65 0R0 159 3.5 -7.9 81.5 1.0106 0.00 0.0M
570300.000 1981 COM2 65 0R0 154 1.9 -7.9 81.2 1.0106 0.00 0.0M
570360.000 1981 COM2 65 0R0 154 3.6 -7.9 82.4 1.0106 0.00 0.0M
570420.000 1981 COM2 65 0R0 249 0.3 -7.8 82.2 1.0106 0.00 0.0M
570480.000 1981 COM2 65 0R0 177 3.7 -7.7 82.3 1.0106 0.00 0.0M
570540.000 1981 COM2 65 0R0 218 1.8 -7.8 81.1 1.0106 0.00 0.0M
570600.000 1981 COM2 65 0R0 123 0.7 -7.8 81.0 1.0106 0.00 0.0M
570660.000 1981 COM2 65 0R0 180 2.8 -7.8 82.5 1.0106 0.00 0.0M
570720.100 1981 COM2 65 0R0 159 1.9 -7.7 81.5 1.0106 0.00 0.0M
570780.000 1981 COM2 65 0R0 175 3.7 -7.7 80.1 1.0105 0.00 0.0M
570840.000 1981 COM2 65 0R0 173 2.6 -7.8 79.8 1.0105 0.00 0.0M
570900.000 1981 COM2 65 0R0 120 1.5 -7.9 80.8 1.0105 0.00 0.0M
570960.000 1981 COM2 65 0R0 114 2.3 -7.8 82.5 1.0105 0.00 0.0M
571020.000 1981 COM2 65 0R0 185 4.7 -7.7 81.9 1.0105 0.00 0.0M
571080.000 1981 COM2 65 0R0 200 2.4 -7.6 79.8 1.0104 0.00 0.0M
571140.000 1981 COM2 65 0R0 161 2.7 -7.7 79.6 1.0104 0.00 0.0M
571200.000 1981 COM2 65 0R0 217 1.2 -7.8 79.7 1.0104 0.00 0.0M
571260.000 1981 COM2 65 0R0 168 3.1 -7.9 80.4 1.0103 0.00 0.0M
571320.000 1981 COM2 65 0R0 171 1.6 -7.9 80.3 1.0103 0.00 0.0M
571380.000 1981 COM2 65 0R0 146 3.0 -7.9 79.6 1.0103 0.00 0.0M
571440.000 1981 COM2 65 0R0 216 3.0 -8.0 80.0 1.0103 0.00 0.0M
571500.000 1981 COM2 65 0R0 249 1.4 -8.0 80.6 1.0103 0.00 0.0M
571560.000 1981 COM2 65 0R0 227 1.9 -7.9 80.8 1.0102 0.00 0.0M
571620.000 1981 COM2 65 0R0 174 2.8 -7.8 80.7 1.0102 0.00 0.0M
571680.000 1981 COM2 65 0R0 260 1.5 -7.8 80.7 1.0101 0.00 0.0M
571740.000 1981 COM2 65 0R0 166 1.8 -7.8 80.5 1.0101 0.00 0.0M
571800.000 1981 COM2 65 0R0 178 1.7 -7.7 80.9 1.0101 0.00 0.0M
571860.000 1981 COM2 65 0R0 121 1.0 -7.6 80.5 1.0101 0.00 0.0M
571920.000 1981 COM2 65 0R0 178 0.6 -7.5 80.8 1.0101 0.00 0.0M
571980.000 1981 COM2 65 0R0 187 2.2 -7.4 80.7 1.0101 0.00 0.0M
572040.000 1981 COM2 65 0R0 188 2.5 -7.3 79.2 1.0102 0.00 0.0M
572100.100 1981 COM2 65 0R0 176 2.4 -7.5 78.1 1.0102 0.00 0.0M
572160.000 1981 COM2 65 0R0 228 0.4 -7.7 79.8 1.0103 0.00 0.0M
572220.000 1981 COM2 65 0R0 145 0.7 -7.6 82.1 1.0103 0.00 0.0M
572280.000 1981 COM2 65 0R0 179 1.9 -7.4 82.4 1.0103 0.00 0.0M
572340.000 1981 COM2 65 0R0 171 2.1 -7.4 79.5 1.0102 0.00 0.0M
572400.000 1981 COM2 65 0R0 132 0.6 -7.4 78.8 1.0102 0.00 0.0M
572460.000 1981 COM2 65 0R0 177 1.7 -7.5 80.6 1.0102 0.00 0.0M
572520.000 1981 COM2 65 0R0 178 1.0 -7.4 81.3 1.0102 0.00 0.0M
572580.000 1981 COM2 65 0R0 195 2.0 -7.3 81.2 1.0102 0.00 0.0M
572640.000 1981 COM2 65 0R0 204 2.7 -7.2 81.1 1.0101 0.00 0.0M
572700.000 1981 COM2 65 0R0 165 2.1 -7.3 79.0 1.0101 0.00 0.0M
572760.000 1981 COM2 65 0R0 201 1.6 -7.4 80.0 1.0101 0.00 0.0M
572820.000 1981 COM2 65 0R0 165 2.7 -7.5 80.8 1.0101 0.00 0.0M
572880.000 1981 COM2 65 0R0 189 1.5 -7.6 80.9 1.0101 0.00 0.0M
572940.000 1981 COM2 65 0R0 160 1.0 -7.6 80.5 1.0101 0.00 0.0M
573000.000 1981 COM2 65 0R0 139 0.6 -7.6 82.4 1.0100 0.00 0.0M
573060.000 1981 COM2 65 0R0 130 1.6 -7.5 82.1 1.0100 0.00 0.0M
573120.000 1981 COM2 65 0R0 117 1.4 -7.4 81.8 1.0100 0.00 0.0M
573180.000 1981 COM2 65 0R0 144 1.5 -7.3 80.7 1.0100 0.00 0.0M
573240.000 1981 COM2 65 0R0 126 0.8 -7.3 79.8 1.0100 0.00 0.0M
573300.000 1981 COM2 65 0R0 100 0.6 -7.4 81.2 1.0100 0.00 0.0M
573360.000 1981 COM2 65 0R0 138 0.8 -7.3 80.9 1.0100 0.00 0.0M
573420.000 1981 COM2 65 0R0 140 1.6 -7.3 80.7 1.0099 0.00 0.0M
573480.000 1981 COM2 65 0R0 175 0.8 -7.2 80.8 1.0099 0.00 0.0M
573540.000 1981 COM2 65 0R0 119 1.6 -7.2 79.6 1.0099 0.00 0.0M
573600.000 1981 COM2 65 0R0 153 2.6 -7.3 79.9 1.0099 0.00 0.0M
573660.000 1981 COM2 65 0R0 138 2.5 -7.3 79.1 1.0098 0.00 0.0M
573720.000 1981 COM2 65 0R0 139 1.4 -7.3 79.6 1.0098 0.00 0.0M
573780.000 1981 COM2 65 0R0 119 1.4 -7.4 80.0 1.0098 0.00 0.0M
573840.000 1981 COM2 65 0R0 144 0.8 -7.4 79.9 1.0097 0.00 0.0M
573900.000 1981 COM2 65 0R0 115 0.8 -7.5 80.3 1.0097 0.00 0.0M
573960.000 1981 COM2 65 0R0 129 1.7 -7.4 81.4 1.0097 0.00 0.0M
574020.000 1981 COM2 65 0R0 129 2.2 -7.3 81.7 1.0096 0.00 0.0M
574080.000 1981 COM2 65 0R0 141 2.3 -7.3 81.1 1.0096 0.00 0.0M
574140.000 1981 COM2 65 0R0 167 2.6 -7.3 80.0 1.0096 0.00 0.0M
574200.000 1981 COM2 65 0R0 159 2.6 -7.4 80.4 1.0096 0.00 0.0M
574260.000 1981 COM2 65 0R0 147 1.5 -7.5 80.8 1.0095 0.00 0.0M
574320.000 1981 COM2 65 0R0 085 0.4 -7.5 81.7 1.0095 0.00 0.0M
574380.000 1981 COM2 65 0R0 155 2.3 -7.5 81.7 1.0094 0.00 0.0M
574440.000 1981 COM2 65 0R0 140 1.9 -7.5 81.5 1.0094 0.00 0.0M
574500.000 1981 COM2 65 0R0 123 2.0 -7.5 81.9 1.0094 0.00 0.0M
574560.000 1981 COM2 65 0R0 143 1.9 -7.4 83.3 1.0094 0.00 0.0M
574620.000 1981 COM2 65 0R0 135 1.1 -7.3 83.1 1.0094 0.00 0.0M
574680.000 1981 COM2 65 0R0 148 2.4 -7.1 82.7 1.0094 0.00 0.0M
574740.000 1981 COM2 65 0R0 124 0.7 -7.1 81.2 1.0094 0.00 0.0M
574800.000 1981 COM2 65 0R0 139 1.7 -7.2 81.3 1.0094 0.00 0.0M
574860.000 1981 COM2 65 0R0 134 1.6 -7.2 82.2 1.0094 0.00 0.0M
574920.000 1981 COM2 65 0R0 138 0.8 -7.2 81.9 1.0094 0.00 0.0M
574980.000 1981 COM2 65 0R0 152 1.7 -7.2 82.2 1.0094 0.00 0.0M
575040.000 1981 COM2 65 0R0 225 0.9 -7.2 82.2 1.0094 0.00 0.0M
575100.000 1981 COM2 65 0R0 189 1.1 -7.2 82.7 1.0094 0.00 0.0M
575160.000 1981 COM2 65 0R0 154 2.0 -7.2 82.9 1.0093 0.00 0.0M
575220.000 1981 COM2 65 0R0 146 1.7 -7.2 82.8 1.0093 0.00 0.0M
575280.000 1981 COM2 65 0R0 120 1.2 -7.2 82.0 1.0092 0.00 0.0M
575340.000 1981 COM2 65 0R0 173 1.1 -7.1 82.7 1.0092 0.00 0.0M
575400.000 1981 COM2 65 0R0 177 0.8 -7.1 83.1 1.0092 0.00 0.0M
575460.000 1981 COM2 65 0R0 170 1.4 -7.0 82.5 1.0091 0.00 0.0M
575520.000 1981 COM2 65 0R0 220 1.5 -7.0 81.9 1.0091 0.00 0.0M
575580.000 1981 COM2 65 0R0 193 2.0 -7.0 82.3 1.0091 0.00 0.0M
575640.000 1981 COM2 65 0R0 194 0.9 -7.0 80.9 1.0091 0.00 0.0M
575700.000 1981 COM2 65 0R0 224 1.3 -7.1 82.0 1.0091 0.00 0.0M
575760.000 1981 COM2 65 0R0 212 1.6 -7.1 82.0 1.0090 0.00 0.0M
575820.000 1981 COM2 65 0R0 181 1.9 -7.1 82.3 1.0089 0.00 0.0M
575880.000 1981 COM2 65 0R0 199 0.5 -7.1 82.2 1.0089 0.00 0.0M
575940.000 1981 COM2 65 0R0 105 1.1 -7.0 83.2 1.0088 0.00 0.0M
576000.000 1981 COM2 65 0R0 175 1.7 -6.9 82.0 1.0087 0.00 0.0M
576060.000 1981 COM2 65 0R0 205 1.9 -6.9 81.7 1.0087 0.00 0.0M
576120.000 1981 COM2 65 0R0 196 0.6 -7.0 80.3 1.0086 0.00 0.0M
576180.000 1981 COM2 65 0R0 207 1.8 -7.1 81.5 1.0086 0.00 0.0M
576240.000 1981 COM2 65 0R0 215 1.7 -7.1 81.4 1.0086 0.00 0.0M
576300.000 1981 COM2 65 0R0 190 2.1 -7.1 80.5 1.0085 0.00 0.0M
576360.000 1981 COM2 65 0R0 129 0.4 -7.2 81.5 1.0085 0.00 0.0M
576420.000 1981 COM2 65 0R0 199 2.3 -7.2 82.2 1.0084 0.00 0.0M
576480.000 1981 COM2 65 0R0 168 1.8 -7.2 80.3 1.0084 0.00 0.0M
576540.000 1981 COM2 65 0R0 181 1.4 -7.4 80.9 1.0084 0.00 0.0M
576600.000 1981 COM2 65 0R0 208 1.6 -7.4 82.3 1.0084 0.00 0.0M
576660.000 1981 COM2 65 0R0 195 1.9 -7.3 82.0 1.0083 0.00 0.0M
576720.000 1981 COM2 65 0R0 150 1.2 -7.3 82.3 1.0083 0.00 0.0M
576780.000 1981 COM2 65 0R0 188 2.5 -7.2 83.4 1.0083 0.00 0.0M
576840.000 1981 COM2 65 0R0 175 2.5 -7.2 80.7 1.0083 0.00 0.0M
576900.000 1981 COM2 65 0R0 171 3.1 -7.3 81.3 1.0083 0.00 0.0M
576960.000 1981 COM2 65 0R0 150 0.8 -7.3 81.2 1.0082 0.00 0.0M
577020.000 1981 COM2 65 0R0 201 1.7 -7.4 82.8 1.0082 0.00 0.0M
577080.000 1981 COM2 65 0R0 256 0.7 -7.3 82.7 1.0082 0.00 0.0M
577140.000 1981 COM2 65 0R0 196 2.3 -7.2 82.9 1.0082 0.00 0.0M
577200.000 1981 COM2 65 0R0 191 1.2 -7.2 81.8 1.0082 0.00 0.0M
577260.000 1981 COM2 65 0R0 201 1.3 -7.2 82.9 1.0082 0.00 0.0M
577320.000 1981 COM2 65 0R0 213 2.6 -7.2 82.0 1.0082 0.00 0.0M
577380.000 1981 COM2 65 0R0 232 2.6 -7.2 81.9 1.0082 0.00 0.0M
577440.000 1981 COM2 65 0R0 223 1.8 -7.2 81.9 1.0082 0.00 0.0M
577500.000 1981 COM2 65 0R0 212 2.1 -7.2 82.0 1.0082 0.00 0.0M
577560.000 1981 COM2 65 0R0 201 1.6 -7.3 81.5 1.0081 0.00 0.0M
577620.000 1981 COM2 65 0R0 204 1.6 -7.4 81.5 1.0081 0.00 0.0M
577680.000 1981 COM2 65 0R0 174 1.7 -7.4 81.9 1.0081 0.00 0.0M
577740.000 1981 COM2 65 0R0 208 3.1 -7.4 83.6 1.0080 0.00 0.0M
577800.000 1981 COM2 65 0R0 195 1.0 -7.3 82.0 1.0080 0.00 0.0M
577860.000 1981 COM2 65 0R0 240 2.5 -7.4 82.8 1.0080 0.00 0.0M
577920.000 1981 COM2 65 0R0 244 2.3 -7.3 82.6 1.0080 0.00 0.0M
577980.000 1981 COM2 65 0R0 230 2.0 -7.3 82.2 1.0080 0.00 0.0M
578040.000 1981 COM2 65 0R0 232 2.1 -7.2 82.7 1.0080 0.00 0.0M
578100.000 1981 COM2 65 0R0 190 2.5 -7.2 82.5 1.0080 0.00 0.0M
578160.000 1981 COM2 65 0R0 236 1.9 -7.1 82.6 1.0080 0.00 0.0M
578220.000 1981 COM2 65 0R0 198 1.2 -7.1 81.4 1.0079 0.00 0.0M
578280.000 1981 COM2 65 0R0 263 1.9 -7.1 82.0 1.0078 0.00 0.0M
578340.000 1981 COM2 65 0R0 213 1.4 -7.1 82.1 1.0078 0.00 0.0M
578400.000 1981 COM2 65 0R0 209 3.2 -7.1 82.0 1.0078 0.00 0.0M
578460.000 1981 COM2 65 0R0 214 2.9 -7.1 81.4 1.0077 0.00 0.0M
578520.000 1981 COM2 65 0R0 219 3.6 -7.1 81.5 1.0077 0.00 0.0M
578580.000 1981 COM2 65 0R0 206 2.3 -7.1 81.6 1.0077 0.00 0.0M
578640.000 1981 COM2 65 0R0 236 1.0 -7.1 81.4 1.0077 0.00 0.0M
578700.000 1981 COM2 65 0R0 213 2.5 -7.2 82.0 1.0077 0.00 0.0M
578760.000 1981 COM2 65 0R0 216 2.6 -7.2 81.8 1.0076 0.00 0.0M
578820.000 1981 COM2 65 0R0 216 3.1 -7.2 81.9 1.0076 0.00 0.0M
578880.000 1981 COM2 65 0R0 166 2.4 -7.2 82.3 1.0075 0.00 0.0M
578940.000 1981 COM2 65 0R0 199 2.0 -7.2 82.0 1.0074 0.00 0.0M
579000.000 1981 COM2 65 0R0 203 1.8 -7.2 81.6 1.0074 0.00 0.0M
579060.000 1981 COM2 65 0R0 164 1.6 -7.3 81.9 1.0073 0.00 0.0M
579120.000 1981 COM2 65 0R0 210 2.2 -7.3 82.4 1.0072 0.00 0.0M
579180.000 1981 COM2 65 0R0 204 2.0 -7.3 82.4 1.0072 0.00 0.0M
579240.000 1981 COM2 65 0R0 198 1.6 -7.3 81.7 1.0071 0.00 0.0M
579300.000 1981 COM2 65 0R0 172 2.3 -7.4 81.8 1.0071 0.00 0.0M
579360.000 1981 COM2 65 0R0 162 1.5 -7.4 82.1 1.0071 0.00 0.0M
579420.100 1981 COM2 65 0R0 221 1.9 -7.4 82.8 1.0070 0.00 0.0M
579480.000 1981 COM2 65 0R0 173 1.4 -7.4 83.3 1.0070 0.00 0.0M
579540.000 1981 COM2 65 0R0 221 1.7 -7.3 83.6 1.0069 0.00 0.0M
579600.000 1981 COM2 65 0R0 216 1.5 -7.2 83.8 1.0069 0.00 0.0M
579660.000 1981 COM2 65 0R0 181 1.5 -7.1 83.3 1.0068 0.00 0.0M
579720.000 1981 COM2 65 0R0 186 1.2 -7.0 83.0 1.0067 0.00 0.0M
579780.000 1981 COM2 65 0R0 198 1.0 -7.0 82.7 1.0067 0.00 0.0M
579840.000 1981 COM2 65 0R0 227 1.1 -6.9 82.4 1.0067 0.00 0.0M
579900.000 1981 COM2 65 0R0 193 1.2 -7.0 82.4 1.0066 0.00 0.0M
579960.000 1981 COM2 65 0R0 178 1.7 -6.9 83.1 1.0066 0.00 0.0M
580020.000 1981 COM2 65 0R0 167 2.0 -6.8 83.0 1.0065 0.00 0.0M
580080.000 1981 COM2 65 0R0 208 1.9 -6.8 82.0 1.0065 0.00 0.0M
580140.000 1981 COM2 65 0R0 141 1.4 -6.8 82.0 1.0064 0.00 0.0M
580200.000 1981 COM2 65 0R0 190 1.6 -6.8 82.3 1.0064 0.00 0.0M
580260.000 1981 COM2 65 0R0 203 1.9 -6.8 81.4 1.0064 0.00 0.0M
580320.000 1981 COM2 65 0R0 205 0.8 -6.9 81.9 1.0063 0.00 0.0M
580380.000 1981 COM2 65 0R0 207 0.3 -6.8 83.4 1.0064 0.00 0.0M
580440.000 1981 COM2 65 0R0 195 1.2 -6.6 82.9 1.0064 0.00 0.0M
580500.000 1981 COM2 65 0R0 143 1.1 -6.5 81.8 1.0063 0.00 0.0M
580560.000 1981 COM2 65 0R0 184 2.1 -6.5 81.3 1.0063 0.00 0.0M
580620.000 1981 COM2 65 0R0 221 1.8 -6.5 80.9 1.0062 0.00 0.0M
580680.000 1981 COM2 65 0R0 207 2.0 -6.5 80.7 1.0061 0.00 0.0M
580740.000 1981 COM2 65 0R0 215 1.9 -6.5 80.2 1.0061 0.00 0.0M
580800.000 1981 COM2 65 0R0 181 1.4 -6.5 80.6 1.0061 0.00 0.0M
580860.000 1981 COM2 65 0R0 213 2.3 -6.5 80.2 1.0060 0.00 0.0M
580920.000 1981 COM2 65 0R0 194 1.0 -6.6 80.5 1.0060 0.00 0.0M
580980.000 1981 COM2 65 0R0 233 1.3 -6.6 80.9 1.0059 0.00 0.0M
581040.000 1981 COM2 65 0R0 215 0.9 -6.5 81.2 1.0059 0.00 0.0M
581100.000 1981 COM2 65 0R0 231 1.7 -6.4 81.0 1.0058 0.00 0.0M
581160.000 1981 COM2 65 0R0 150 1.8 -6.3 80.8 1.0058 0.00 0.0M
581220.000 1981 COM2 65 0R0 234 0.8 -6.3 79.9 1.0058 0.00 0.0M
581280.000 1981 COM2 65 0R0 223 1.6 -6.3 80.4 1.0058 0.00 0.0M
581340.000 1981 COM2 65 0R0 219 1.8 -6.3 79.2 1.0058 0.00 0.0M
581400.000 1981 COM2 65 0R0 269 0.8 -6.4 79.6 1.0058 0.00 0.0M
581460.000 1981 COM2 65 0R0 234 1.4 -6.3 80.4 1.0058 0.00 0.0M
581520.000 1981 COM2 65 0R0 223 2.4 -6.3 80.2 1.0058 0.00 0.0M
581580.000 1981 COM2 65 0R0 227 1.6 -6.2 78.6 1.0058 0.00 0.0M
581640.000 1981 COM2 65 0R0 227 2.2 -6.2 78.4 1.0058 0.00 0.0M
581700.000 1981 COM2 65 0R0 187 1.8 -6.3 78.0 1.0058 0.00 0.0M
581760.000 1981 COM2 65 0R0 238 1.0 -6.4 78.4 1.0058 0.00 0.0M
581820.000 1981 COM2 65 0R0 234 1.7 -6.4 79.8 1.0058 0.00 0.0M
581880.000 1981 COM2 65 0R0 251 1.0 -6.3 80.4 1.0057 0.00 0.0M
581940.000 1981 COM2 65 0R0 226 1.3 -6.2 79.9 1.0057 0.00 0.0M
582000.000 1981 COM2 65 0R0 239 1.4 -6.1 79.8 1.0056 0.00 0.0M
582060.000 1981 COM2 65 0R0 177 2.2 -6.1 79.4 1.0056 0.00 0.0M
582120.000 1981 COM2 65 0R0 188 2.1 -6.1 77.7 1.0056 0.00 0.0M
582180.000 1981 COM2 65 0R0 193 2.6 -6.2 77.8 1.0055 0.00 0.0M
582240.000 1981 COM2 65 0R0 163 1.2 -6.3 78.2 1.0055 0.00 0.0M
582300.000 1981 COM2 65 0R0 181 2.0 -6.3 79.1 1.0055 0.00 0.0M
582360.000 1981 COM2 65 0R0 183 1.4 -6.4 78.7 1.0055 0.00 0.0M
582420.000 1981 COM2 65 0R0 202 0.5 -6.4 79.3 1.0054 0.00 0.0M
582480.000 1981 COM2 65 0R0 260 0.9 -6.4 80.0 1.0054 0.00 0.0M
582540.000 1981 COM2 65 0R0 187 2.1 -6.2 80.2 1.0054 0.00 0.0M
582600.000 1981 COM2 65 0R0 201 2.7 -6.1 79.5 1.0054 0.00 0.0M
582660.000 1981 COM2 65 0R0 212 2.4 -6.1 77.7 1.0054 0.00 0.0M
582720.000 1981 COM2 65 0R0 231 0.8 -6.2 79.0 1.0054 0.00 0.0M
582780.000 1981 COM2 65 0R0 220 2.2 -6.1 79.2 1.0054 0.00 0.0M
582840.100 1981 COM2 65 0R0 168 1.5 -6.1 78.9 1.0053 0.00 0.0M
582900.000 1981 COM2 65 0R0 233 2.2 -6.1 78.9 1.0053 0.00 0.0M
582960.000 1981 COM2 65 0R0 253 0.9 -6.0 78.8 1.0053 0.00 0.0M
583020.000 1981 COM2 65 0R0 174 2.0 -6.0 78.8 1.0052 0.00 0.0M
583080.000 1981 COM2 65 0R0 235 1.4 -6.0 78.1 1.0052 0.00 0.0M
583140.000 1981 COM2 65 0R0 246 0.7 -6.0 78.5 1.0052 0.00 0.0M
583200.000 1981 COM2 65 0R0 203 0.9 -5.9 78.8 1.0052 0.00 0.0M
583260.000 1981 COM2 65 0R0 200 1.9 -5.8 78.5 1.0052 0.00 0.0M
583320.000 1981 COM2 65 0R0 207 2.7 -5.8 77.3 1.0052 0.00 0.0M
583380.000 1981 COM2 65 0R0 193 2.8 -5.9 77.2 1.0051 0.00 0.0M
583440.000 1981 COM2 65 0R0 229 2.3 -6.0 78.1 1.0051 0.00 0.0M
583500.000 1981 COM2 65 0R0 221 0.9 -6.0 78.4 1.0051 0.00 0.0M
583560.000 1981 COM2 65 0R0 259 1.0 -5.9 79.1 1.0051 0.00 0.0M
583620.000 1981 COM2 65 0R0 236 1.1 -5.8 78.7 1.0050 0.00 0.0M
583680.000 1981 COM2 65 0R0 213 1.6 -5.7 78.1 1.0050 0.00 0.0M
583740.000 1981 COM2 65 0R0 185 2.2 -5.7 77.2 1.0049 0.00 0.0M
583800.000 1981 COM2 65 0R0 192 2.0 -5.8 77.0 1.0049 0.00 0.0M
583860.200 1981 COM2 65 0R0 244 1.2 -5.9 78.2 1.0049 0.00 0.0M
583920.000 1981 COM2 65 0R0 140 0.9 -5.8 78.8 1.0049 0.00 0.0M
583980.200 1981 COM2 65 0R0 216 2.1 -5.7 79.7 1.0049 0.00 0.0M
584040.000 1981 COM2 65 0R0 179 1.6 -5.6 77.6 1.0048 0.00 0.0M
584100.000 1981 COM2 65 0R0 178 2.5 -5.7 76.8 1.0048 0.00 0.0M
584160.000 1981 COM2 65 0R0 201 1.9 -5.8 76.8 1.0047 0.00 0.0M
584220.000 1981 COM2 65 0R0 233 1.8 -5.9 78.3 1.0047 0.00 0.0M
584280.000 1981 COM2 65 0R0 207 1.3 -5.9 77.9 1.0046 0.00 0.0M
584340.000 1981 COM2 65 0R0 210 0.3 -5.9 77.5 1.0046 0.00 0.0M
584400.000 1981 COM2 65 0R0 035 0.3 -5.9 79.6 1.0046 0.00 0.0M
584460.000 1981 COM2 65 0R0 205 1.3 -5.7 79.7 1.0046 0.00 0.0M
584520.000 1981 COM2 65 0R0 180 1.5 -5.5 78.3 1.0046 0.00 0.0M
584580.000 1981 COM2 65 0R0 169 0.6 -5.6 76.7 1.0046 0.00 0.0M
584640.000 1981 COM2 65 0R0 170 1.0 -5.6 78.4 1.0046 0.00 0.0M
584700.000 1981 COM2 65 0R0 224 1.3 -5.6 77.3 1.0046 0.00 0.0M
584760.000 1981 COM2 65 0R0 219 1.9 -5.6 77.6 1.0046 0.00 0.0M
584820.000 1981 COM2 65 0R0 218 2.5 -5.5 77.2 1.0046 0.00 0.0M
584880.000 1981 COM2 65 0R0 226 1.7 -5.5 77.0 1.0046 0.00 0.0M
584940.000 1981 COM2 65 0R0 222 2.3 -5.5 77.7 1.0046 0.00 0.0M
585000.000 1981 COM2 65 0R0 210 2.3 -5.5 77.0 1.0046 0.00 0.0M
585060.000 1981 COM2 65 0R0 239 1.4 -5.5 76.0 1.0046 0.00 0.0M
585120.000 1981 COM2 65 0R0 178 2.4 -5.6 76.5 1.0046 0.00 0.0M
585180.000 1981 COM2 65 0R0 216 2.4 -5.7 76.7 1.0045 0.00 0.0M
585240.000 1981 COM2 65 0R0 219 2.5 -5.7 77.1 1.0045 0.00 0.0M
585300.000 1981 COM2 65 0R0 243 3.1 -5.8 77.6 1.0045 0.00 0.0M
585360.000 1981 COM2 65 0R0 146 0.7 -5.8 77.5 1.0044 0.00 0.0M
585420.000 1981 COM2 65 0R0 175 1.3 -5.7 77.9 1.0044 0.00 0.0M
585480.000 1981 COM2 65 0R0 210 2.7 -5.6 78.5 1.0044 0.00 0.0M
585540.000 1981 COM2 65 0R0 222 2.5 -5.6 77.3 1.0044 0.00 0.0M
585600.000 1981 COM2 65 0R0 208 3.2 -5.6 77.0 1.0044 0.00 0.0M
585660.000 1981 COM2 65 0R0 172 2.3 -5.7 77.1 1.0043 0.00 0.0M
585720.000 1981 COM2 65 0R0 133 1.1 -5.7 78.2 1.0043 0.00 0.0M
585780.000 1981 COM2 65 0R0 223 0.4 -5.7 78.8 1.0043 0.00 0.0M
585840.000 1981 COM2 65 0R0 130 0.8 -5.6 79.2 1.0043 0.00 0.0M
585900.000 1981 COM2 65 0R0 253 0.6 -5.4 78.5 1.0043 0.00 0.0M
585960.000 1981 COM2 65 0R0 223 0.7 -5.3 77.5 1.0043 0.00 0.0M
586020.000 1981 COM2 65 0R0 253 2.1 -5.2 76.8 1.0043 0.00 0.0M
586080.000 1981 COM2 65 0R0 249 1.7 -5.2 76.0 1.0043 0.00 0.0M
586140.000 1981 COM2 65 0R0 216 1.7 -5.2 75.8 1.0043 0.00 0.0M
586200.000 1981 COM2 65 0R0 196 1.9 -5.2 75.9 1.0042 0.00 0.0M
586260.000 1981 COM2 65 0R0 219 2.2 -5.2 75.3 1.0042 0.00 0.0M
586320.000 1981 COM2 65 0R0 152 1.7 -5.3 76.3 1.0042 0.00 0.0M
586380.000 1981 COM2 65 0R0 206 2.4 -5.3 76.7 1.0042 0.00 0.0M
586440.000 1981 COM2 65 0R0 183 1.5 -5.4 76.3 1.0042 0.00 0.0M
586500.000 1981 COM2 65 0R0 171 1.9 -5.4 77.1 1.0042 0.00 0.0M
586560.000 1981 COM2 65 0R0 241 0.5 -5.4 77.2 1.0042 0.00 0.0M
586620.000 1981 COM2 65 0R0 172 2.8 -5.3 76.8 1.0042 0.00 0.0M
586680.000 1981 COM2 65 0R0 209 1.9 -5.3 75.6 1.0041 0.00 0.0M
586740.000 1981 COM2 65 0R0 183 2.2 -5.4 76.6 1.0041 0.00 0.0M
586800.000 1981 COM2 65 0R0 223 2.5 -5.4 76.5 1.0041 0.00 0.0M
586860.000 1981 COM2 65 0R0 238 2.5 -5.4 76.4 1.0040 0.00 0.0M
586920.000 1981 COM2 65 0R0 218 1.7 -5.3 76.9 1.0040 0.00 0.0M
586980.000 1981 COM2 65 0R0 242 2.0 -5.3 76.6 1.0040 0.00 0.0M
587040.000 1981 COM2 65 0R0 242 1.0 -5.3 76.3 1.0040 0.00 0.0M
587100.000 1981 COM2 65 0R0 275 0.6 -5.3 76.7 1.0040 0.00 0.0M
587160.000 1981 COM2 65 0R0 205 2.1 -5.3 76.9 1.0040 0.00 0.0M
587220.000 1981 COM2 65 0R0 235 1.7 -5.2 76.4 1.0040 0.00 0.0M
587280.000 1981 COM2 65 0R0 280 1.2 -5.2 76.2 1.0041 0.00 0.0M
587340.000 1981 COM2 65 0R0 261 0.7 -5.1 76.2 1.0041 0.00 0.0M
587400.000 1981 COM2 65 0R0 202 0.9 -5.1 75.6 1.0041 0.00 0.0M
587460.000 1981 COM2 65 0R0 261 2.4 -5.1 75.7 1.0041 0.00 0.0M
587520.000 1981 COM2 65 0R0 270 1.0 -5.1 75.2 1.0041 0.00 0.0M
587580.000 1981 COM2 65 0R0 208 2.0 -5.1 75.2 1.0041 0.00 0.0M
587640.000 1981 COM2 65 0R0 160 0.8 -5.1 75.8 1.0041 0.00 0.0M
587700.000 1981 COM2 65 0R0 200 1.0 -5.1 76.0 1.0041 0.00 0.0M
587760.000 1981 COM2 65 0R0 206 1.1 -5.0 75.5 1.0041 0.00 0.0M
587820.000 1981 COM2 65 0R0 282 1.2 -5.0 75.6 1.0041 0.00 0.0M
587880.000 1981 COM2 65 0R0 206 1.7 -5.0 75.3 1.0041 0.00 0.0M
587940.000 1981 COM2 65 0R0 180 1.6 -5.0 75.0 1.0041 0.00 0.0M
588000.000 1981 COM2 65 0R0 261 1.6 -5.0 75.3 1.0041 0.00 0.0M
588060.000 1981 COM2 65 0R0 289 1.6 -5.0 75.0 1.0041 0.00 0.0M
588120.000 1981 COM2 65 0R0 231 0.7 -5.0 73.8 1.0040 0.00 0.0M
588180.000 1981 COM2 65 0R0 207 1.9 -5.0 74.5 1.0040 0.00 0.0M
588240.000 1981 COM2 65 0R0 267 2.4 -5.0 74.3 1.0040 0.00 0.0M
588300.100 1981 COM2 65 0R0 227 1.8 -5.0 73.6 1.0040 0.00 0.0M
588360.000 1981 COM2 65 0R0 288 2.1 -5.1 74.4 1.0039 0.00 0.0M
588420.000 1981 COM2 65 0R0 243 2.2 -5.1 74.5 1.0039 0.00 0.0M
588480.000 1981 COM2 65 0R0 246 0.9 -5.1 74.6 1.0039 0.00 0.0M
588540.000 1981 COM2 65 0R0 303 0.6 -5.0 74.8 1.0039 0.00 0.0M
588600.000 1981 COM2 65 0R0 239 2.2 -5.0 74.8 1.0039 0.00 0.0M
588660.000 1981 COM2 65 0R0 202 1.6 -5.0 74.3 1.0039 0.00 0.0M
588720.000 1981 COM2 65 0R0 259 1.3 -4.9 74.8 1.0039 0.00 0.0M
588780.000 1981 COM2 65 0R0 265 1.5 -4.9 74.9 1.0039 0.00 0.0M
588840.000 1981 COM2 65 0R0 276 2.1 -4.9 73.5 1.0039 0.00 0.0M
588900.000 1981 COM2 65 0R0 228 0.6 -4.9 73.8 1.0039 0.00 0.0M
588960.000 1981 COM2 65 0R0 244 1.5 -4.9 73.8 1.0039 0.00 0.0M
589020.000 1981 COM2 65 0R0 216 2.2 -4.9 74.1 1.0039 0.00 0.0M
589080.000 1981 COM2 65 0R0 236 1.7 -4.8 74.0 1.0039 0.00 0.0M
589140.000 1981 COM2 65 0R0 218 2.6 -4.8 74.1 1.0040 0.00 0.0M
589200.000 1981 COM2 65 0R0 255 2.1 -4.8 73.8 1.0040 0.00 0.0M
589260.000 1981 COM2 65 0R0 292 0.9 -4.8 73.0 1.0040 0.00 0.0M
589320.000 1981 COM2 65 0R0 216 1.1 -4.9 73.3 1.0040 0.00 0.0M
589380.000 1981 COM2 65 0R0 232 0.9 -4.9 73.9 1.0040 0.00 0.0M
589440.000 1981 COM2 65 0R0 238 1.8 -4.9 74.0 1.0040 0.00 0.0M
589500.000 1981 COM2 65 0R0 191 0.7 -4.9 73.8 1.0040 0.00 0.0M
589560.000 1981 COM2 65 0R0 310 1.6 -4.9 73.6 1.0039 0.00 0.0M
589620.000 1981 COM2 65 0R0 256 2.5 -4.8 74.1 1.0038 0.00 0.0M
589680.000 1981 COM2 65 0R0 269 3.4 -4.9 72.3 1.0038 0.00 0.0M
589740.000 1981 COM2 65 0R0 300 1.6 -5.0 72.6 1.0038 0.00 0.0M
589800.000 1981 COM2 65 0R0 270 3.0 -5.0 73.4 1.0038 0.00 0.0M
589860.000 1981 COM2 65 0R0 011 0.9 -5.0 73.6 1.0037 0.00 0.0M
589920.000 1981 COM2 65 0R0 279 1.1 -5.0 74.3 1.0037 0.00 0.0M
589980.000 1981 COM2 65 0R0 278 1.8 -5.0 73.2 1.0037 0.00 0.0M
590040.100 1981 COM2 65 0R0 258 2.7 -5.0 73.4 1.0038 0.00 0.0M
590100.000 1981 COM2 65 0R0 265 1.6 -5.0 73.8 1.0038 0.00 0.0M
590160.100 1981 COM2 65 0R0 256 2.4 -5.0 72.8 1.0037 0.00 0.0M
590220.000 1981 COM2 65 0R0 280 1.2 -5.1 73.7 1.0037 0.00 0.0M
590280.000 1981 COM2 65 0R0 085 0.4 -5.0 73.2 1.0037 0.00 0.0M
590340.100 1981 COM2 65 0R0 259 1.6 -5.0 73.9 1.0037 0.00 0.0M
590400.000 1981 COM2 65 0R0 258 1.7 -5.0 73.5 1.0038 0.00 0.0M
590460.000 1981 COM2 65 0R0 195 2.4 -5.0 74.7 1.0038 0.00 0.0M
590520.000 1981 COM2 65 0R0 184 2.2 -5.0 73.6 1.0038 0.00 0.0M
590580.000 1981 COM2 65 0R0 282 0.8 -5.0 74.0 1.0039 0.00 0.0M
590640.000 1981 COM2 65 0R0 212 1.7 -4.9 74.4 1.0040 0.00 0.0M
590700.000 1981 COM2 65 0R0 232 2.5 -4.8 74.2 1.0040 0.00 0.0M
590760.000 1981 COM2 65 0R0 218 3.3 -4.8 74.2 1.0040 0.00 0.0M
590820.000 1981 COM2 65 0R0 265 1.3 -4.8 72.8 1.0040 0.00 0.0M
590880.100 1981 COM2 65 0R0 239 1.4 -4.8 73.1 1.0039 0.00 0.0M
590940.000 1981 COM2 65 0R0 243 1.9 -4.8 74.0 1.0039 0.00 0.0M
591000.000 1981 COM2 65 0R0 310 0.8 -4.8 74.1 1.0039 0.00 0.0M
591060.000 1981 COM2 65 0R0 215 0.8 -4.7 74.1 1.0039 0.00 0.0M
591120.000 1981 COM2 65 0R0 257 2.5 -4.7 73.7 1.0038 0.00 0.0M
591180.000 1981 COM2 65 0R0 254 0.6 -4.7 73.2 1.0038 0.00 0.0M
591240.000 1981 COM2 65 0R0 233 1.6 -4.7 73.5 1.0038 0.00 0.0M
591300.000 1981 COM2 65 0R0 272 1.9 -4.7 73.5 1.0039 0.00 0.0M
591360.000 1981 COM2 65 0R0 266 3.3 -4.7 73.2 1.0039 0.00 0.0M
591420.000 1981 COM2 65 0R0 271 1.2 -4.7 71.9 1.0039 0.00 0.0M
591480.000 1981 COM2 65 0R0 273 3.0 -4.8 72.6 1.0039 0.00 0.0M
591540.000 1981 COM2 65 0R0 250 3.9 -4.9 73.0 1.0039 0.00 0.0M
591600.000 1981 COM2 65 0R0 269 2.5 -4.9 72.8 1.0039 0.00 0.0M
591660.000 1981 COM2 65 0R0 237 1.7 -4.9 73.4 1.0040 0.00 0.0M
591720.000 1981 COM2 65 0R0 244 2.0 -4.9 73.5 1.0040 0.00 0.0M
591780.100 1981 COM2 65 0R0 257 3.8 -4.9 73.4 1.0040 0.00 0.0M
591840.000 1981 COM2 65 0R0 247 3.0 -4.9 73.3 1.0040 0.00 0.0M
591900.100 1981 COM2 65 0R0 264 2.5 -4.9 73.2 1.0040 0.00 0.0M
591960.000 1981 COM2 65 0R0 240 1.9 -4.9 72.5 1.0040 0.00 0.0M
592020.100 1981 COM2 65 0R0 242 2.1 -4.9 73.5 1.0040 0.00 0.0M
592080.000 1981 COM2 65 0R0 255 1.8 -4.9 73.9 1.0040 0.00 0.0M
592140.000 1981 COM2 65 0R0 281 2.8 -4.8 73.9 1.0040 0.00 0.0M
592200.000 1981 COM2 65 0R0 270 2.0 -4.8 72.6 1.0040 0.00 0.0M
592260.000 1981 COM2 65 0R0 280 0.5 -4.8 73.1 1.0040 0.00 0.0M
592320.000 1981 COM2 65 0R0 194 0.4 -4.8 73.2 1.0040 0.00 0.0M
592380.000 1981 COM2 65 0R0 250 3.0 -4.8 73.4 1.0040 0.00 0.0M
592440.000 1981 COM2 65 0R0 242 2.8 -4.7 73.2 1.0040 0.00 0.0M
592500.000 1981 COM2 65 0R0 294 2.6 -4.7 73.2 1.0041 0.00 0.0M
592560.000 1981 COM2 65 0R0 290 1.4 -4.7 73.2 1.0041 0.00 0.0M
592620.000 1981 COM2 65 0R0 305 2.6 -4.7 72.9 1.0041 0.00 0.0M
592680.000 1981 COM2 65 0R0 241 2.5 -4.7 73.1 1.0041 0.00 0.0M
592740.000 1981 COM2 65 0R0 210 2.1 -4.7 72.9 1.0041 0.00 0.0M
592800.100 1981 COM2 65 0R0 267 4.1 -4.8 72.7 1.0041 0.00 0.0M
592860.000 1981 COM2 65 0R0 244 1.9 -4.8 72.4 1.0041 0.00 0.0M
592920.000 1981 COM2 65 0R0 001 1.2 -4.8 72.4 1.0041 0.00 0.0M
592980.000 1981 COM2 65 0R0 222 1.9 -4.8 72.6 1.0041 0.00 0.0M
593040.000 1981 COM2 65 0R0 236 1.1 -4.8 72.6 1.0041 0.00 0.0M
593100.000 1981 COM2 65 0R0 239 0.8 -4.8 73.3 1.0040 0.00 0.0M
593160.100 1981 COM2 65 0R0 256 1.5 -4.7 73.4 1.0040 0.00 0.0M
593220.000 1981 COM2 65 0R0 276 2.1 -4.7 72.7 1.0040 0.00 0.0M
593280.000 1981 COM2 65 0R0 230 2.2 -4.7 72.0 1.0041 0.00 0.0M
593340.000 1981 COM2 65 0R0 259 0.5 -4.7 72.7 1.0041 0.00 0.0M
593400.000 1981 COM2 65 0R0 261 1.4 -4.7 73.5 1.0042 0.00 0.0M
593460.000 1981 COM2 65 0R0 284 1.7 -4.7 73.0 1.0042 0.00 0.0M
593520.000 1981 COM2 65 0R0 273 0.8 -4.6 72.9 1.0043 0.00 0.0M
593580.000 1981 COM2 65 0R0 273 1.6 -4.6 72.4 1.0043 0.00 0.0M
593640.000 1981 COM2 65 0R0 245 2.3 -4.6 72.5 1.0042 0.00 0.0M
593700.000 1981 COM2 65 0R0 235 1.7 -4.7 72.4 1.0042 0.00 0.0M
593760.000 1981 COM2 65 0R0 239 1.6 -4.7 72.0 1.0042 0.00 0.0M
593820.000 1981 COM2 65 0R0 232 2.1 -4.7 72.1 1.0042 0.00 0.0M
593880.000 1981 COM2 65 0R0 257 2.1 -4.7 73.1 1.0042 0.00 0.0M
593940.000 1981 COM2 65 0R0 228 2.5 -4.6 72.9 1.0043 0.00 0.0M
594000.000 1981 COM2 65 0R0 247 1.1 -4.6 72.7 1.0043 0.00 0.0M
594060.000 1981 COM2 65 0R0 277 3.4 -4.6 71.9 1.0042 0.00 0.0M
594120.100 1981 COM2 65 0R0 210 1.0 -4.7 71.9 1.0042 0.00 0.0M
594180.000 1981 COM2 65 0R0 270 2.7 -4.7 72.6 1.0042 0.00 0.0M
594240.000 1981 COM2 65 0R0 262 1.6 -4.7 72.2 1.0042 0.00 0.0M
594300.000 1981 COM2 65 0R0 223 1.0 -4.7 72.6 1.0041 0.00 0.0M
594360.000 1981 COM2 65 0R0 190 0.5 -4.7 72.5 1.0040 0.00 0.0M
594420.000 1981 COM2 65 0R0 263 2.1 -4.7 72.7 1.0040 0.00 0.0M
594480.100 1981 COM2 65 0R0 273 2.4 -4.7 72.3 1.0040 0.00 0.0M
594540.000 1981 COM2 65 0R0 246 2.4 -4.7 72.4 1.0040 0.00 0.0M
594600.000 1981 COM2 65 0R0 174 0.5 -4.7 72.0 1.0040 0.00 0.0M
594660.000 1981 COM2 65 0R0 212 0.8 -4.8 72.7 1.0040 0.00 0.0M
594720.000 1981 COM2 65 0R0 271 2.2 -4.8 73.1 1.0041 0.00 0.0M
594780.000 1981 COM2 65 0R0 263 2.9 -4.7 72.1 1.0041 0.00 0.0M
594840.000 1981 COM2 65 0R0 264 2.4 -4.8 72.2 1.0041 0.00 0.0M
594900.000 1981 COM2 65 0R0 277 2.7 -4.8 72.6 1.0041 0.00 0.0M
594960.000 1981 COM2 65 0R0 254 0.8 -4.8 72.7 1.0042 0.00 0.0M
595020.000 1981 COM2 65 0R0 239 2.6 -4.8 72.8 1.0042 0.00 0.0M
595080.000 1981 COM2 65 0R0 234 1.2 -4.8 73.0 1.0043 0.00 0.0M
595140.000 1981 COM2 65 0R0 278 2.3 -4.8 73.2 1.0043 0.00 0.0M
595200.000 1981 COM2 65 0R0 214 0.8 -4.7 72.9 1.0043 0.00 0.0M
595260.000 1981 COM2 65 0R0 259 0.7 -4.7 73.0 1.0044 0.00 0.0M
595320.000 1981 COM2 65 0R0 255 1.9 -4.7 73.1 1.0044 0.00 0.0M
595380.000 1981 COM2 65 0R0 238 1.1 -4.7 73.0 1.0044 0.00 0.0M
595440.000 1981 COM2 65 0R0 220 1.5 -4.7 72.9 1.0044 0.00 0.0M
595500.000 1981 COM2 65 0R0 196 1.6 -4.7 72.6 1.0044 0.00 0.0M
595560.000 1981 COM2 65 0R0 255 0.5 -4.7 72.8 1.0044 0.00 0.0M
595620.000 1981 COM2 65 0R0 232 1.6 -4.8 72.7 1.0044 0.00 0.0M
595680.000 1981 COM2 65 0R0 157 0.2 -4.8 72.8 1.0044 0.00 0.0M
595740.000 1981 COM2 65 0R0 255 1.1 -4.8 73.1 1.0044 0.00 0.0M
595800.000 1981 COM2 65 0R0 267 2.3 -4.8 72.5 1.0045 0.00 0.0M
595860.000 1981 COM2 65 0R0 249 1.5 -4.8 72.1 1.0045 0.00 0.0M
595920.000 1981 COM2 65 0R0 269 1.7 -4.9 72.7 1.0046 0.00 0.0M
595980.000 1981 COM2 65 0R0 258 2.0 -4.9 72.7 1.0046 0.00 0.0M
596040.000 1981 COM2 65 0R0 280 2.6 -4.9 72.7 1.0045 0.00 0.0M
596100.000 1981 COM2 65 0R0 267 1.5 -5.0 73.2 1.0045 0.00 0.0M
596160.000 1981 COM2 65 0R0 290 0.7 -5.0 72.9 1.0045 0.00 0.0M
596220.100 1981 COM2 65 0R0 266 1.6 -5.0 73.2 1.0046 0.00 0.0M
596280.000 1981 COM2 65 0R0 243 1.5 -5.0 73.0 1.0046 0.00 0.0M
596340.000 1981 COM2 65 0R0 277 1.0 -5.0 73.4 1.0046 0.00 0.0M
596400.000 1981 COM2 65 0R0 275 1.8 -4.9 73.3 1.0047 0.00 0.0M
596460.000 1981 COM2 65 0R0 220 0.7 -4.9 73.3 1.0047 0.00 0.0M
596520.000 1981 COM2 65 0R0 257 1.0 -5.0 73.3 1.0047 0.00 0.0M
596580.000 1981 COM2 65 0R0 235 0.5 -4.9 73.5 1.0047 0.00 0.0M
596640.000 1981 COM2 65 0R0 249 2.0 -4.9 73.6 1.0047 0.00 0.0M
596700.000 1981 COM2 65 0R0 276 1.8 -4.9 73.5 1.0047 0.00 0.0M
596760.000 1981 COM2 65 0R0 266 1.7 -4.9 72.7 1.0047 0.00 0.0M
596820.000 1981 COM2 65 0R0 243 0.7 -4.9 73.1 1.0047 0.00 0.0M
596880.100 1981 COM2 65 0R0 193 0.9 -5.0 73.1 1.0047 0.00 0.0M
596940.000 1981 COM2 65 0R0 251 1.2 -5.0 73.3 1.0047 0.00 0.0M
597000.000 1981 COM2 65 0R0 268 1.0 -5.0 73.3 1.0048 0.00 0.0M
597060.000 1981 COM2 65 0R0 278 3.2 -5.0 73.3 1.0048 0.00 0.0M
597120.000 1981 COM2 65 0R0 254 1.7 -5.0 72.9 1.0048 0.00 0.0M
597180.000 1981 COM2 65 0R0 232 1.1 -5.0 73.4 1.0048 0.00 0.0M
597240.000 1981 COM2 65 0R0 190 0.4 -5.0 73.3 1.0049 0.00 0.0M
597300.000 1981 COM2 65 0R0 239 0.9 -5.0 73.5 1.0049 0.00 0.0M
597360.000 1981 COM2 65 0R0 014 0.6 -5.0 73.6 1.0049 0.00 0.0M
597420.000 1981 COM2 65 0R0 107 0.2 -5.0 73.2 1.0049 0.00 0.0M
597480.000 1981 COM2 65 0R0 234 1.3 -5.0 73.6 1.0050 0.00 0.0M
597540.000 1981 COM2 65 0R0 254 0.9 -5.0 73.4 1.0049 0.00 0.0M
597600.000 1981 COM2 65 0R0 231 1.6 -5.0 73.0 1.0050 0.00 0.0M
597660.000 1981 COM2 65 0R0 227 0.7 -5.0 73.4 1.0050 0.00 0.0M
597720.000 1981 COM2 65 0R0 268 1.4 -5.0 73.1 1.0050 0.00 0.0M
597780.000 1981 COM2 65 0R0 239 1.5 -5.1 73.2 1.0050 0.00 0.0M
597840.000 1981 COM2 65 0R0 266 0.9 -5.1 72.8 1.0050 0.00 0.0M
597900.100 1981 COM2 65 0R0 238 1.9 -5.1 73.3 1.0050 0.00 0.0M
597960.100 1981 COM2 65 0R0 279 1.0 -5.1 73.4 1.0050 0.00 0.0M
598020.000 1981 COM2 65 0R0 261 1.6 -5.1 73.4 1.0050 0.00 0.0M
598080.000 1981 COM2 65 0R0 209 1.8 -5.1 73.2 1.0050 0.00 0.0M
598140.000 1981 COM2 65 0R0 247 1.4 -5.1 73.0 1.0050 0.00 0.0M
598200.000 1981 COM2 65 0R0 253 1.6 -5.1 72.7 1.0050 0.00 0.0M
598260.000 1981 COM2 65 0R0 256 1.0 -5.2 72.9 1.0051 0.00 0.0M
598320.000 1981 COM2 65 0R0 243 1.0 -5.2 73.4 1.0051 0.00 0.0M
598380.000 1981 COM2 65 0R0 253 1.0 -5.2 73.2 1.0051 0.00 0.0M
598440.000 1981 COM2 65 0R0 234 0.8 -5.2 73.1 1.0051 0.00 0.0M
598500.000 1981 COM2 65 0R0 254 2.1 -5.2 73.2 1.0051 0.00 0.0M
598560.000 1981 COM2 65 0R0 231 1.3 -5.2 73.4 1.0051 0.00 0.0M
598620.000 1981 COM2 65 0R0 243 1.8 -5.2 73.1 1.0051 0.00 0.0M
598680.000 1981 COM2 65 0R0 263 1.0 -5.3 73.4 1.0051 0.00 0.0M
598740.000 1981 COM2 65 0R0 240 2.6 -5.3 73.4 1.0051 0.00 0.0M
598800.000 1981 COM2 65 0R0 237 2.1 -5.3 73.5 1.0051 0.00 0.0M
598860.000 1981 COM2 65 0R0 245 1.2 -5.3 73.5 1.0051 0.00 0.0M
598920.000 1981 COM2 65 0R0 244 0.9 -5.3 73.5 1.0051 0.00 0.0M
598980.000 1981 COM2 65 0R0 235 1.5 -5.3 73.6 1.0051 0.00 0.0M
599040.000 1981 COM2 65 0R0 217 1.3 -5.3 73.3 1.0051 0.00 0.0M
599100.000 1981 COM2 65 0R0 259 1.2 -5.3 73.3 1.0051 0.00 0.0M
599160.000 1981 COM2 65 0R0 225 1.6 -5.3 73.3 1.0051 0.00 0.0M
599220.000 1981 COM2 65 0R0 247 1.2 -5.3 73.3 1.0052 0.00 0.0M
599280.000 1981 COM2 65 0R0 234 2.4 -5.4 73.4 1.0052 0.00 0.0M
599340.000 1981 COM2 65 0R0 259 1.6 -5.4 73.5 1.0052 0.00 0.0M
599400.000 1981 COM2 65 0R0 234 2.1 -5.4 73.7 1.0052 0.00 0.0M
599460.000 1981 COM2 65 0R0 237 2.2 -5.4 73.7 1.0052 0.00 0.0M
599520.000 1981 COM2 65 0R0 261 1.7 -5.4 73.5 1.0052 0.00 0.0M
599580.000 1981 COM2 65 0R0 264 0.8 -5.4 73.3 1.0053 0.00 0.0M
599640.000 1981 COM2 65 0R0 212 0.8 -5.4 73.6 1.0053 0.00 0.0M
599700.000 1981 COM2 65 0R0 268 1.8 -5.4 73.3 1.0053 0.00 0.0M
599760.000 1981 COM2 65 0R0 247 1.7 -5.4 73.6 1.0053 0.00 0.0M
599820.000 1981 COM2 65 0R0 264 2.2 -5.4 73.5 1.0053 0.00 0.0M
599880.000 1981 COM2 65 0R0 243 1.5 -5.4 73.1 1.0053 0.00 0.0M
599940.000 1981 COM2 65 0R0 250 1.5 -5.4 73.2 1.0054 0.00 0.0M
600000.000 1981 COM2 65 0R0 250 1.0 -5.4 73.3 1.0054 0.00 0.0M
600060.000 1981 COM2 65 0R0 255 0.6 -5.4 73.0 1.0054 0.00 0.0M
600120.000 1981 COM2 65 0R0 246 1.5 -5.5 73.2 1.0054 0.00 0.0M
600180.000 1981 COM2 65 0R0 238 1.3 -5.5 73.4 1.0054 0.00 0.0M
600240.000 1981 COM2 65 0R0 249 1.7 -5.5 73.5 1.0054 0.00 0.0M
600300.000 1981 COM2 65 0R0 212 0.7 -5.5 73.4 1.0055 0.00 0.0M
600360.100 1981 COM2 65 0R0 299 1.1 -5.5 73.5 1.0055 0.00 0.0M
600420.000 1981 COM2 65 0R0 251 1.9 -5.5 73.6 1.0055 0.00 0.0M
600480.000 1981 COM2 65 0R0 245 2.3 -5.5 73.5 1.0055 0.00 0.0M
600540.000 1981 COM2 65 0R0 217 0.9 -5.5 73.5 1.0056 0.00 0.0M
600600.000 1981 COM2 65 0R0 156 0.8 -5.5 73.5 1.0056 0.00 0.0M
600660.000 1981 COM2 65 0R0 249 2.1 -5.5 73.1 1.0056 0.00 0.0M
600720.000 1981 COM2 65 0R0 241 2.1 -5.5 73.0 1.0056 0.00 0.0M
600780.000 1981 COM2 65 0R0 243 2.0 -5.5 73.3 1.0056 0.00 0.0M
600840.000 1981 COM2 65 0R0 274 1.8 -5.5 73.2 1.0056 0.00 0.0M
600900.000 1981 COM2 65 0R0 217 1.3 -5.5 73.1 1.0056 0.00 0.0M
600960.000 1981 COM2 65 0R0 250 0.8 -5.5 73.0 1.0056 0.00 0.0M
601020.000 1981 COM2 65 0R0 244 1.0 -5.5 73.3 1.0056 0.00 0.0M
601080.000 1981 COM2 65 0R0 242 1.5 -5.5 73.2 1.0056 0.00 0.0M
601140.000 1981 COM2 65 0R0 258 0.6 -5.5 73.2 1.0056 0.00 0.0M
601200.000 1981 COM2 65 0R0 271 0.4 -5.6 73.2 1.0056 0.00 0.0M
601260.000 1981 COM2 65 0R0 242 1.9 -5.6 73.4 1.0056 0.00 0.0M
601320.000 1981 COM2 65 0R0 248 1.2 -5.6 73.5 1.0056 0.00 0.0M
601380.000 1981 COM2 65 0R0 256 1.1 -5.6 73.2 1.0056 0.00 0.0M
601440.000 1981 COM2 65 0R0 254 1.5 -5.6 73.2 1.0057 0.00 0.0M
601500.000 1981 COM2 65 0R0 238 1.2 -5.6 73.4 1.0057 0.00 0.0M
601560.000 1981 COM2 65 0R0 247 1.8 -5.7 73.2 1.0057 0.00 0.0M
601620.000 1981 COM2 65 0R0 240 3.9 -5.7 73.6 1.0057 0.00 0.0M
601680.000 1981 COM2 65 0R0 239 2.1 -5.7 73.3 1.0057 0.00 0.0M
601740.000 1981 COM2 65 0R0 238 2.2 -5.7 73.8 1.0057 0.00 0.0M
601800.000 1981 COM2 65 0R0 232 1.8 -5.7 73.6 1.0057 0.00 0.0M
601860.000 1981 COM2 65 0R0 250 1.0 -5.7 73.7 1.0057 0.00 0.0M
601920.000 1981 COM2 65 0R0 245 2.0 -5.7 73.9 1.0057 0.00 0.0M
601980.000 1981 COM2 65 0R0 232 1.7 -5.7 73.7 1.0057 0.00 0.0M
602040.000 1981 COM2 65 0R0 247 1.4 -5.7 73.7 1.0057 0.00 0.0M
602100.000 1981 COM2 65 0R0 218 1.4 -5.7 73.6 1.0057 0.00 0.0M
602160.000 1981 COM2 65 0R0 251 1.3 -5.8 73.1 1.0057 0.00 0.0M
602220.000 1981 COM2 65 0R0 240 2.1 -5.8 73.6 1.0057 0.00 0.0M
602280.000 1981 COM2 65 0R0 246 1.6 -5.8 73.9 1.0057 0.00 0.0M
602340.000 1981 COM2 65 0R0 273 1.1 -5.8 73.7 1.0057 0.00 0.0M
602400.000 1981 COM2 65 0R0 201 0.9 -5.8 73.7 1.0057 0.00 0.0M
602460.000 1981 COM2 65 0R0 252 0.8 -5.9 74.0 1.0057 0.00 0.0M
602520.000 1981 COM2 65 0R0 257 1.3 -5.9 74.1 1.0057 0.00 0.0M
602580.000 1981 COM2 65 0R0 256 1.7 -5.9 74.1 1.0058 0.00 0.0M
602640.000 1981 COM2 65 0R0 245 3.4 -5.9 74.0 1.0058 0.00 0.0M
602700.000 1981 COM2 65 0R0 284 1.1 -5.9 74.0 1.0058 0.00 0.0M
602760.000 1981 COM2 65 0R0 252 2.8 -5.9 74.0 1.0059 0.00 0.0M
602820.000 1981 COM2 65 0R0 251 2.5 -5.9 73.9 1.0059 0.00 0.0M
602880.000 1981 COM2 65 0R0 259 2.4 -5.9 73.9 1.0059 0.00 0.0M
602940.000 1981 COM2 65 0R0 245 1.9 -5.9 73.9 1.0059 0.00 0.0M
603000.000 1981 COM2 65 0R0 253 1.1 -5.9 74.0 1.0059 0.00 0.0M
603060.000 1981 COM2 65 0R0 253 1.7 -5.9 74.4 1.0059 0.00 0.0M
603120.000 1981 COM2 65 0R0 260 2.7 -5.9 74.1 1.0059 0.00 0.0M
603180.000 1981 COM2 65 0R0 227 2.5 -5.9 74.2 1.0060 0.00 0.0M
603240.000 1981 COM2 65 0R0 239 1.2 -5.9 74.1 1.0060 0.00 0.0M
603300.000 1981 COM2 65 0R0 216 2.3 -5.9 74.1 1.0060 0.00 0.0M
603360.100 1981 COM2 65 0R0 211 1.1 -5.9 74.0 1.0060 0.00 0.0M
603420.000 1981 COM2 65 0R0 236 2.0 -5.9 74.1 1.0060 0.00 0.0M
603480.000 1981 COM2 65 0R0 232 1.1 -5.9 74.1 1.0060 0.00 0.0M
603540.000 1981 COM2 65 0R0 253 2.7 -5.9 74.3 1.0061 0.00 0.0M
603600.000 1981 COM2 65 0R0 212 1.0 -5.9 74.0 1.0061 0.00 0.0M
603660.000 1981 COM2 65 0R0 262 2.4 -5.9 74.1 1.0061 0.00 0.0M
603720.000 1981 COM2 65 0R0 253 2.3 -5.9 74.3 1.0061 0.00 0.0M
603780.000 1981 COM2 65 0R0 243 2.1 -5.9 74.2 1.0061 0.00 0.0M
603840.000 1981 COM2 65 0R0 218 2.0 -6.0 74.0 1.0061 0.00 0.0M
603900.000 1981 COM2 65 0R0 206 0.8 -6.0 74.4 1.0062 0.00 0.0M
603960.000 1981 COM2 65 0R0 234 2.4 -6.0 74.4 1.0061 0.00 0.0M
604020.000 1981 COM2 65 0R0 232 1.9 -6.0 74.3 1.0061 0.00 0.0M
604080.000 1981 COM2 65 0R0 244 0.6 -6.0 74.2 1.0061 0.00 0.0M
604140.000 1981 COM2 65 0R0 248 2.0 -6.0 74.2 1.0062 0.00 0.0M
604200.000 1981 COM2 65 0R0 234 2.7 -6.0 74.3 1.0062 0.00 0.0M
604260.000 1981 COM2 65 0R0 259 2.2 -6.0 74.4 1.0062 0.00 0.0M
604320.000 1981 COM2 65 0R0 259 1.5 -6.0 74.2 1.0062 0.00 0.0M
604380.000 1981 COM2 65 0R0 261 2.0 -6.0 74.1 1.0062 0.00 0.0M
604440.000 1981 COM2 65 0R0 277 1.7 -6.0 74.3 1.0063 0.00 0.0M
604500.000 1981 COM2 65 0R0 245 2.8 -6.0 74.2 1.0063 0.00 0.0M
604560.000 1981 COM2 65 0R0 235 2.5 -6.0 74.3 1.0063 0.00 0.0M
604620.000 1981 COM2 65 0R0 240 1.4 -6.0 74.1 1.0063 0.00 0.0M
604680.000 1981 COM2 65 0R0 267 1.6 -6.0 74.1 1.0064 0.00 0.0M
604740.000 1981 COM2 65 0R0 256 2.6 -6.0 74.1 1.0064 0.00 0.0M
