TO [s] WNc [w] C StringLn ASCIIString
---------------------------------------
259200.000 1959 COM2 65 0R0 095 2.4 18.7 90.1 1.0128 0.00 0.0M
259260.000 1959 COM2 65 0R0 096 1.2 18.6 90.0 1.0128 0.00 0.0M
259320.000 1959 COM2 65 0R0 078 0.3 18.6 90.2 1.0128 0.00 0.0M
259380.000 1959 COM2 65 0R0 056 1.4 18.6 90.2 1.0128 0.00 0.0M
259440.000 1959 COM2 65 0R0 187 0.4 18.6 90.4 1.0128 0.00 0.0M
259500.000 1959 COM2 65 0R0 037 0.2 18.6 90.4 1.0129 0.00 0.0M
259560.000 1959 COM2 65 0R0 076 1.2 18.6 89.9 1.0128 0.00 0.0M
259620.000 1959 COM2 65 0R0 077 1.1 18.6 89.9 1.0128 0.00 0.0M
259680.000 1959 COM2 65 0R0 052 1.3 18.6 90.0 1.0128 0.00 0.0M
259740.000 1959 COM2 65 0R0 079 0.4 18.6 90.3 1.0128 0.00 0.0M
259800.000 1959 COM2 65 0R0 071 1.2 18.6 90.0 1.0129 0.00 0.0M
259860.000 1959 COM2 65 0R0 013 0.6 18.5 90.2 1.0129 0.00 0.0M
259920.000 1959 COM2 65 0R0 039 0.4 18.5 90.5 1.0129 0.00 0.0M
259980.000 1959 COM2 65 0R0 049 1.5 18.5 90.3 1.0129 0.00 0.0M
260040.000 1959 COM2 65 0R0 155 0.4 18.5 90.5 1.0129 0.00 0.0M
260100.000 1959 COM2 65 0R0 348 0.3 18.6 90.4 1.0129 0.00 0.0M
260160.000 1959 COM2 65 0R0 333 0.3 18.6 90.3 1.0129 0.00 0.0M
260220.000 1959 COM2 65 0R0 090 0.7 18.6 90.3 1.0129 0.00 0.0M
260280.000 1959 COM2 65 0R0 032 1.1 18.6 89.9 1.0129 0.00 0.0M
260340.000 1959 COM2 65 0R0 048 0.9 18.6 90.0 1.0129 0.00 0.0M
260400.000 1959 COM2 65 0R0 087 0.4 18.6 90.6 1.0129 0.00 0.0M
260460.000 1959 COM2 65 0R0 078 0.8 18.6 90.5 1.0129 0.00 0.0M
260520.000 1959 COM2 65 0R0 134 0.3 18.7 90.3 1.0129 0.00 0.0M
260580.000 1959 COM2 65 0R0 086 0.7 18.7 90.3 1.0129 0.00 0.0M
260640.000 1959 COM2 65 0R0 332 0.3 18.7 90.2 1.0129 0.00 0.0M
260700.000 1959 COM2 65 0R0 083 0.3 18.7 90.2 1.0129 0.00 0.0M
260760.000 1959 COM2 65 0R0 048 0.4 18.7 90.1 1.0129 0.00 0.0M
260820.000 1959 COM2 65 0R0 331 0.2 18.7 90.1 1.0130 0.00 0.0M
260880.000 1959 COM2 65 0R0 298 0.2 18.7 90.1 1.0130 0.00 0.0M
260940.000 1959 COM2 65 0R0 342 0.3 18.7 90.1 1.0130 0.00 0.0M
261000.000 1959 COM2 65 0R0 015 0.4 18.7 90.3 1.0130 0.00 0.0M
261060.000 1959 COM2 65 0R0 158 0.3 18.7 90.1 1.0130 0.00 0.0M
261120.000 1959 COM2 65 0R0 309 0.2 18.8 90.1 1.0130 0.00 0.0M
261180.000 1959 COM2 65 0R0 152 0.5 18.8 89.9 1.0130 0.00 0.0M
261240.000 1959 COM2 65 0R0 124 0.4 18.8 89.3 1.0130 0.00 0.0M
261300.000 1959 COM2 65 0R0 175 0.2 18.8 89.2 1.0131 0.00 0.0M
261360.000 1959 COM2 65 0R0 322 0.2 18.8 89.4 1.0131 0.00 0.0M
261420.000 1959 COM2 65 0R0 270 0.3 18.8 89.6 1.0131 0.00 0.0M
261480.000 1959 COM2 65 0R0 354 0.2 18.8 89.7 1.0131 0.00 0.0M
261540.000 1959 COM2 65 0R0 040 0.3 18.8 90.0 1.0131 0.00 0.0M
261600.000 1959 COM2 65 0R0 233 0.4 18.8 90.1 1.0131 0.00 0.0M
261660.000 1959 COM2 65 0R0 002 0.3 18.8 90.1 1.0132 0.00 0.0M
261720.000 1959 COM2 65 0R0 029 0.2 18.8 89.9 1.0132 0.00 0.0M
261780.000 1959 COM2 65 0R0 020 0.4 18.9 89.9 1.0132 0.00 0.0M
261840.000 1959 COM2 65 0R0 026 0.4 18.9 89.6 1.0132 0.00 0.0M
261900.000 1959 COM2 65 0R0 042 0.2 18.9 89.3 1.0132 0.00 0.0M
261960.000 1959 COM2 65 0R0 358 0.2 18.9 89.4 1.0132 0.00 0.0M
262020.000 1959 COM2 65 0R0 267 0.4 18.9 89.3 1.0132 0.00 0.0M
262080.000 1959 COM2 65 0R0 340 0.2 19.0 88.9 1.0131 0.00 0.0M
262140.000 1959 COM2 65 0R0 110 0.4 18.9 88.6 1.0131 0.00 0.0M
262200.000 1959 COM2 65 0R0 098 1.1 18.9 88.2 1.0131 0.00 0.0M
262260.000 1959 COM2 65 0R0 123 0.4 18.8 88.0 1.0131 0.00 0.0M
262320.000 1959 COM2 65 0R0 107 0.9 18.8 87.2 1.0131 0.00 0.0M
262380.000 1959 COM2 65 0R0 152 0.4 18.8 87.8 1.0131 0.00 0.0M
262440.000 1959 COM2 65 0R0 061 0.3 18.8 88.3 1.0131 0.00 0.0M
262500.000 1959 COM2 65 0R0 102 0.5 18.8 88.2 1.0132 0.00 0.0M
262560.000 1959 COM2 65 0R0 134 0.3 18.9 88.1 1.0132 0.00 0.0M
262620.000 1959 COM2 65 0R0 110 0.4 18.9 88.3 1.0132 0.00 0.0M
262680.100 1959 COM2 65 0R0 010 0.2 18.9 88.4 1.0132 0.00 0.0M
262740.000 1959 COM2 65 0R0 333 0.1 19.0 88.3 1.0132 0.00 0.0M
262800.000 1959 COM2 65 0R0 034 0.4 19.0 88.1 1.0132 0.00 0.0M
262860.000 1959 COM2 65 0R0 037 0.8 18.9 88.1 1.0132 0.00 0.0M
262920.000 1959 COM2 65 0R0 024 0.7 18.8 88.0 1.0132 0.00 0.0M
262980.000 1959 COM2 65 0R0 055 0.9 18.8 88.2 1.0132 0.00 0.0M
263040.000 1959 COM2 65 0R0 347 0.3 18.8 88.6 1.0133 0.00 0.0M
263100.000 1959 COM2 65 0R0 043 0.6 18.7 89.2 1.0133 0.00 0.0M
263160.000 1959 COM2 65 0R0 066 0.4 18.7 89.2 1.0133 0.00 0.0M
263220.000 1959 COM2 65 0R0 047 0.8 18.7 89.5 1.0133 0.00 0.0M
263280.000 1959 COM2 65 0R0 024 0.4 18.6 89.2 1.0133 0.00 0.0M
263340.000 1959 COM2 65 0R0 044 0.7 18.7 89.7 1.0134 0.00 0.0M
263400.000 1959 COM2 65 0R0 303 0.3 18.6 89.9 1.0134 0.00 0.0M
263460.000 1959 COM2 65 0R0 047 0.7 18.6 89.9 1.0134 0.00 0.0M
263520.000 1959 COM2 65 0R0 260 0.2 18.6 89.7 1.0134 0.00 0.0M
263580.000 1959 COM2 65 0R0 031 0.5 18.6 89.9 1.0134 0.00 0.0M
263640.000 1959 COM2 65 0R0 068 0.5 18.6 90.1 1.0134 0.00 0.0M
263700.000 1959 COM2 65 0R0 045 0.8 18.6 90.1 1.0134 0.00 0.0M
263760.000 1959 COM2 65 0R0 097 0.2 18.6 90.3 1.0134 0.00 0.0M
263820.000 1959 COM2 65 0R0 297 0.2 18.6 90.4 1.0135 0.00 0.0M
263880.000 1959 COM2 65 0R0 330 0.2 18.6 90.3 1.0135 0.00 0.0M
263940.000 1959 COM2 65 0R0 047 0.3 18.6 90.1 1.0135 0.00 0.0M
264000.000 1959 COM2 65 0R0 343 0.3 18.6 90.2 1.0135 0.00 0.0M
264060.000 1959 COM2 65 0R0 328 0.6 18.7 90.3 1.0135 0.00 0.0M
264120.000 1959 COM2 65 0R0 013 0.7 18.7 90.6 1.0136 0.00 0.0M
264180.000 1959 COM2 65 0R0 001 0.3 18.7 90.2 1.0136 0.00 0.0M
264240.000 1959 COM2 65 0R0 351 0.3 18.6 90.4 1.0135 0.00 0.0M
264300.000 1959 COM2 65 0R0 010 0.2 18.6 90.1 1.0136 0.00 0.0M
264360.000 1959 COM2 65 0R0 341 0.2 18.6 90.1 1.0136 0.00 0.0M
264420.000 1959 COM2 65 0R0 334 0.4 18.6 90.1 1.0136 0.00 0.0M
264480.000 1959 COM2 65 0R0 022 0.3 18.6 90.1 1.0136 0.00 0.0M
264540.000 1959 COM2 65 0R0 037 0.2 18.7 90.1 1.0136 0.00 0.0M
264600.000 1959 COM2 65 0R0 015 0.3 18.7 89.5 1.0137 0.00 0.0M
264660.000 1959 COM2 65 0R0 064 0.6 18.7 89.2 1.0137 0.00 0.0M
264720.000 1959 COM2 65 0R0 038 0.9 18.7 89.1 1.0137 0.00 0.0M
264780.000 1959 COM2 65 0R0 000 0.3 18.7 89.5 1.0137 0.00 0.0M
264840.000 1959 COM2 65 0R0 341 0.2 18.7 89.9 1.0137 0.00 0.0M
264900.000 1959 COM2 65 0R0 022 0.8 18.7 90.1 1.0137 0.00 0.0M
264960.000 1959 COM2 65 0R0 311 0.2 18.7 89.8 1.0137 0.00 0.0M
265020.000 1959 COM2 65 0R0 327 0.3 18.7 89.7 1.0137 0.00 0.0M
265080.000 1959 COM2 65 0R0 005 0.8 18.7 89.6 1.0138 0.00 0.0M
265140.000 1959 COM2 65 0R0 009 0.2 18.7 89.4 1.0138 0.00 0.0M
265200.000 1959 COM2 65 0R0 039 0.5 18.7 89.5 1.0138 0.00 0.0M
265260.000 1959 COM2 65 0R0 052 0.3 18.7 89.9 1.0138 0.00 0.0M
265320.000 1959 COM2 65 0R0 066 0.6 18.7 89.7 1.0138 0.00 0.0M
265380.000 1959 COM2 65 0R0 344 0.3 18.7 89.7 1.0138 0.00 0.0M
265440.000 1959 COM2 65 0R0 007 0.7 18.7 89.7 1.0138 0.00 0.0M
265500.000 1959 COM2 65 0R0 320 0.3 18.7 89.7 1.0138 0.00 0.0M
265560.000 1959 COM2 65 0R0 022 0.3 18.7 90.1 1.0138 0.00 0.0M
265620.000 1959 COM2 65 0R0 020 0.3 18.7 90.0 1.0138 0.00 0.0M
265680.000 1959 COM2 65 0R0 009 0.4 18.7 90.2 1.0138 0.00 0.0M
265740.000 1959 COM2 65 0R0 026 0.7 18.7 90.2 1.0138 0.00 0.0M
265800.000 1959 COM2 65 0R0 050 0.5 18.7 90.1 1.0138 0.00 0.0M
265860.000 1959 COM2 65 0R0 063 0.9 18.7 89.9 1.0138 0.00 0.0M
265920.000 1959 COM2 65 0R0 062 1.0 18.7 89.8 1.0138 0.00 0.0M
265980.000 1959 COM2 65 0R0 058 0.8 18.7 90.3 1.0138 0.00 0.0M
266040.000 1959 COM2 65 0R0 048 1.0 18.7 90.4 1.0138 0.00 0.0M
266100.000 1959 COM2 65 0R0 294 0.2 18.7 90.4 1.0138 0.00 0.0M
266160.000 1959 COM2 65 0R0 054 0.2 18.7 90.6 1.0138 0.00 0.0M
266220.000 1959 COM2 65 0R0 330 0.4 18.7 90.5 1.0138 0.00 0.0M
266280.000 1959 COM2 65 0R0 024 0.6 18.7 90.5 1.0138 0.00 0.0M
266340.000 1959 COM2 65 0R0 062 0.3 18.7 90.7 1.0138 0.00 0.0M
266400.000 1959 COM2 65 0R0 048 0.4 18.7 90.8 1.0138 0.00 0.0M
266460.000 1959 COM2 65 0R0 049 0.6 18.7 90.6 1.0138 0.00 0.0M
266520.000 1959 COM2 65 0R0 077 1.4 18.7 90.7 1.0138 0.00 0.0M
266580.000 1959 COM2 65 0R0 026 0.8 18.7 90.8 1.0138 0.00 0.0M
266640.000 1959 COM2 65 0R0 015 0.8 18.7 90.8 1.0138 0.00 0.0M
266700.000 1959 COM2 65 0R0 046 1.3 18.7 90.6 1.0138 0.00 0.0M
266760.000 1959 COM2 65 0R0 021 0.3 18.6 90.8 1.0138 0.00 0.0M
266820.000 1959 COM2 65 0R0 343 0.3 18.6 90.9 1.0138 0.00 0.0M
266880.000 1959 COM2 65 0R0 080 0.5 18.7 91.1 1.0138 0.00 0.0M
266940.000 1959 COM2 65 0R0 257 0.3 18.7 91.3 1.0138 0.00 0.0M
267000.000 1959 COM2 65 0R0 127 0.7 18.7 91.0 1.0138 0.00 0.0M
267060.000 1959 COM2 65 0R0 108 1.5 18.7 90.6 1.0138 0.00 0.0M
267120.000 1959 COM2 65 0R0 091 0.7 18.7 90.7 1.0138 0.00 0.0M
267180.000 1959 COM2 65 0R0 132 1.0 18.7 90.7 1.0138 0.00 0.0M
267240.000 1959 COM2 65 0R0 103 2.0 18.7 90.7 1.0138 0.00 0.0M
267300.000 1959 COM2 65 0R0 102 2.5 18.7 90.5 1.0137 0.00 0.0M
267360.000 1959 COM2 65 0R0 082 1.3 18.7 90.2 1.0137 0.00 0.0M
267420.000 1959 COM2 65 0R0 111 1.2 18.7 90.5 1.0137 0.00 0.0M
267480.000 1959 COM2 65 0R0 125 1.3 18.6 90.5 1.0137 0.00 0.0M
267540.000 1959 COM2 65 0R0 111 2.3 18.6 90.5 1.0137 0.00 0.0M
267600.000 1959 COM2 65 0R0 119 2.6 18.6 90.6 1.0137 0.00 0.0M
267660.000 1959 COM2 65 0R0 129 2.3 18.6 90.6 1.0137 0.00 0.0M
267720.000 1959 COM2 65 0R0 094 0.6 18.6 90.6 1.0137 0.00 0.0M
267780.000 1959 COM2 65 0R0 119 1.7 18.6 90.7 1.0137 0.00 0.0M
267840.000 1959 COM2 65 0R0 124 1.9 18.6 90.9 1.0137 0.00 0.0M
267900.000 1959 COM2 65 0R0 113 2.3 18.5 90.9 1.0137 0.00 0.0M
267960.000 1959 COM2 65 0R0 118 0.8 18.5 91.0 1.0137 0.00 0.0M
268020.000 1959 COM2 65 0R0 123 1.0 18.5 91.1 1.0138 0.00 0.0M
268080.000 1959 COM2 65 0R0 130 1.8 18.5 91.0 1.0138 0.00 0.0M
268140.000 1959 COM2 65 0R0 084 1.3 18.5 91.1 1.0138 0.00 0.0M
268200.000 1959 COM2 65 0R0 134 1.5 18.5 91.2 1.0138 0.00 0.0M
268260.000 1959 COM2 65 0R0 110 0.7 18.5 91.3 1.0138 0.00 0.0M
268320.000 1959 COM2 65 0R0 184 1.2 18.5 91.2 1.0138 0.00 0.0M
268380.000 1959 COM2 65 0R0 148 0.9 18.5 91.3 1.0139 0.00 0.0M
268440.000 1959 COM2 65 0R0 206 0.4 18.5 91.1 1.0139 0.00 0.0M
268500.000 1959 COM2 65 0R0 329 0.2 18.5 91.1 1.0139 0.00 0.0M
268560.000 1959 COM2 65 0R0 169 0.9 18.5 91.1 1.0139 0.00 0.0M
268620.000 1959 COM2 65 0R0 201 1.2 18.5 90.9 1.0139 0.00 0.0M
268680.000 1959 COM2 65 0R0 352 0.3 18.5 90.8 1.0139 0.00 0.0M
268740.000 1959 COM2 65 0R0 032 0.2 18.5 90.8 1.0140 0.00 0.0M
268800.000 1959 COM2 65 0R0 124 0.5 18.6 90.8 1.0140 0.00 0.0M
268860.000 1959 COM2 65 0R0 179 0.3 18.6 90.3 1.0140 0.00 0.0M
268920.000 1959 COM2 65 0R0 186 0.5 18.6 90.0 1.0140 0.00 0.0M
268980.000 1959 COM2 65 0R0 085 0.4 18.5 90.0 1.0140 0.00 0.0M
269040.000 1959 COM2 65 0R0 071 0.2 18.6 90.1 1.0141 0.00 0.0M
269100.000 1959 COM2 65 0R0 159 1.1 18.6 89.8 1.0141 0.00 0.0M
269160.000 1959 COM2 65 0R0 182 0.9 18.6 89.4 1.0141 0.00 0.0M
269220.000 1959 COM2 65 0R0 169 0.5 18.5 89.7 1.0141 0.00 0.0M
269280.000 1959 COM2 65 0R0 024 0.2 18.5 90.2 1.0141 0.00 0.0M
269340.000 1959 COM2 65 0R0 133 0.5 18.5 89.9 1.0141 0.00 0.0M
269400.000 1959 COM2 65 0R0 177 0.6 18.5 89.7 1.0141 0.00 0.0M
269460.000 1959 COM2 65 0R0 183 0.3 18.6 89.5 1.0141 0.00 0.0M
269520.000 1959 COM2 65 0R0 303 0.1 18.6 89.7 1.0141 0.00 0.0M
269580.000 1959 COM2 65 0R0 089 0.3 18.6 89.9 1.0141 0.00 0.0M
269640.000 1959 COM2 65 0R0 195 0.4 18.6 89.5 1.0141 0.00 0.0M
269700.000 1959 COM2 65 0R0 303 0.2 18.6 89.7 1.0141 0.00 0.0M
269760.000 1959 COM2 65 0R0 096 0.5 18.7 89.4 1.0141 0.00 0.0M
269820.000 1959 COM2 65 0R0 074 0.3 18.6 89.5 1.0141 0.00 0.0M
269880.000 1959 COM2 65 0R0 124 0.4 18.7 89.2 1.0141 0.00 0.0M
269940.000 1959 COM2 65 0R0 349 0.3 18.7 89.3 1.0141 0.00 0.0M
270000.000 1959 COM2 65 0R0 213 0.2 18.7 89.4 1.0141 0.00 0.0M
270060.000 1959 COM2 65 0R0 202 0.4 18.7 89.4 1.0141 0.00 0.0M
270120.100 1959 COM2 65 0R0 177 0.6 18.7 89.2 1.0141 0.00 0.0M
270180.000 1959 COM2 65 0R0 030 0.4 18.7 89.2 1.0141 0.00 0.0M
270240.000 1959 COM2 65 0R0 171 0.5 18.7 89.1 1.0141 0.00 0.0M
270300.000 1959 COM2 65 0R0 159 0.1 18.7 89.2 1.0141 0.00 0.0M
270360.000 1959 COM2 65 0R0 356 0.2 18.7 89.4 1.0141 0.00 0.0M
270420.000 1959 COM2 65 0R0 002 0.2 18.7 89.4 1.0141 0.00 0.0M
270480.000 1959 COM2 65 0R0 264 0.2 18.7 89.5 1.0141 0.00 0.0M
270540.000 1959 COM2 65 0R0 319 0.1 18.7 89.3 1.0142 0.00 0.0M
270600.000 1959 COM2 65 0R0 017 0.2 18.7 89.4 1.0141 0.00 0.0M
270660.000 1959 COM2 65 0R0 007 0.4 18.7 89.3 1.0142 0.00 0.0M
270720.000 1959 COM2 65 0R0 312 0.2 18.7 89.4 1.0142 0.00 0.0M
270780.000 1959 COM2 65 0R0 095 0.5 18.7 89.1 1.0142 0.00 0.0M
270840.000 1959 COM2 65 0R0 284 0.4 18.7 88.7 1.0142 0.00 0.0M
270900.000 1959 COM2 65 0R0 124 0.3 18.7 88.7 1.0142 0.00 0.0M
270960.000 1959 COM2 65 0R0 106 0.6 18.7 88.5 1.0142 0.00 0.0M
271020.000 1959 COM2 65 0R0 143 0.5 18.8 88.1 1.0141 0.00 0.0M
271080.000 1959 COM2 65 0R0 102 0.5 18.8 88.2 1.0141 0.00 0.0M
271140.000 1959 COM2 65 0R0 037 0.1 18.8 88.1 1.0141 0.00 0.0M
271200.000 1959 COM2 65 0R0 067 0.1 18.8 87.9 1.0141 0.00 0.0M
271260.000 1959 COM2 65 0R0 171 0.2 18.8 88.2 1.0141 0.00 0.0M
271320.000 1959 COM2 65 0R0 076 0.2 18.8 87.8 1.0141 0.00 0.0M
271380.000 1959 COM2 65 0R0 062 0.7 18.8 87.7 1.0141 0.00 0.0M
271440.000 1959 COM2 65 0R0 326 0.5 18.8 87.9 1.0141 0.00 0.0M
271500.000 1959 COM2 65 0R0 338 0.1 18.8 87.9 1.0141 0.00 0.0M
271560.000 1959 COM2 65 0R0 065 0.5 18.8 88.2 1.0141 0.00 0.0M
271620.000 1959 COM2 65 0R0 045 0.2 18.7 88.5 1.0141 0.00 0.0M
271680.000 1959 COM2 65 0R0 093 0.4 18.7 89.0 1.0141 0.00 0.0M
271740.000 1959 COM2 65 0R0 335 0.3 18.7 89.2 1.0141 0.00 0.0M
271800.000 1959 COM2 65 0R0 355 0.3 18.7 89.1 1.0141 0.00 0.0M
271860.000 1959 COM2 65 0R0 329 0.3 18.7 89.1 1.0141 0.00 0.0M
271920.000 1959 COM2 65 0R0 351 0.2 18.7 89.0 1.0141 0.00 0.0M
271980.000 1959 COM2 65 0R0 022 0.4 18.7 89.1 1.0141 0.00 0.0M
272040.000 1959 COM2 65 0R0 027 0.2 18.6 89.0 1.0141 0.00 0.0M
272100.000 1959 COM2 65 0R0 054 0.3 18.6 88.9 1.0141 0.00 0.0M
272160.000 1959 COM2 65 0R0 127 0.1 18.7 89.0 1.0141 0.00 0.0M
272220.000 1959 COM2 65 0R0 304 0.1 18.7 88.9 1.0141 0.00 0.0M
272280.000 1959 COM2 65 0R0 348 0.2 18.7 89.2 1.0141 0.00 0.0M
272340.000 1959 COM2 65 0R0 315 0.1 18.7 89.1 1.0141 0.00 0.0M
272400.000 1959 COM2 65 0R0 316 0.2 18.7 89.2 1.0141 0.00 0.0M
272460.000 1959 COM2 65 0R0 249 0.2 18.7 89.2 1.0141 0.00 0.0M
272520.000 1959 COM2 65 0R0 329 0.2 18.7 89.1 1.0141 0.00 0.0M
272580.000 1959 COM2 65 0R0 276 0.2 18.7 89.1 1.0141 0.00 0.0M
272640.100 1959 COM2 65 0R0 358 0.1 18.7 89.2 1.0142 0.00 0.0M
272700.000 1959 COM2 65 0R0 291 0.1 18.7 89.4 1.0142 0.00 0.0M
272760.000 1959 COM2 65 0R0 351 0.3 18.7 89.4 1.0142 0.00 0.0M
272820.000 1959 COM2 65 0R0 068 0.2 18.7 89.3 1.0142 0.00 0.0M
272880.000 1959 COM2 65 0R0 194 0.2 18.7 89.2 1.0142 0.00 0.0M
272940.000 1959 COM2 65 0R0 015 0.1 18.7 89.2 1.0142 0.00 0.0M
273000.000 1959 COM2 65 0R0 326 0.3 18.7 89.1 1.0142 0.00 0.0M
273060.000 1959 COM2 65 0R0 102 0.3 18.7 89.0 1.0142 0.00 0.0M
273120.000 1959 COM2 65 0R0 103 0.3 18.7 89.0 1.0142 0.00 0.0M
273180.000 1959 COM2 65 0R0 173 0.4 18.7 88.9 1.0142 0.00 0.0M
273240.000 1959 COM2 65 0R0 200 1.1 18.7 88.9 1.0142 0.00 0.0M
273300.000 1959 COM2 65 0R0 201 0.9 18.7 88.3 1.0142 0.00 0.0M
273360.000 1959 COM2 65 0R0 192 0.7 18.7 88.1 1.0142 0.00 0.0M
273420.000 1959 COM2 65 0R0 110 0.1 18.6 88.4 1.0142 0.00 0.0M
273480.000 1959 COM2 65 0R0 152 0.3 18.7 88.5 1.0143 0.00 0.0M
273540.000 1959 COM2 65 0R0 358 0.2 18.7 88.2 1.0143 0.00 0.0M
273600.000 1959 COM2 65 0R0 284 0.2 18.7 88.3 1.0143 0.00 0.0M
273660.000 1959 COM2 65 0R0 208 0.3 18.7 88.3 1.0143 0.00 0.0M
273720.000 1959 COM2 65 0R0 330 0.2 18.7 88.8 1.0143 0.00 0.0M
273780.000 1959 COM2 65 0R0 327 0.2 18.7 88.8 1.0143 0.00 0.0M
273840.000 1959 COM2 65 0R0 010 0.1 18.7 88.8 1.0143 0.00 0.0M
273900.000 1959 COM2 65 0R0 035 0.3 18.7 89.1 1.0143 0.00 0.0M
273960.000 1959 COM2 65 0R0 286 0.1 18.7 89.2 1.0143 0.00 0.0M
274020.000 1959 COM2 65 0R0 353 0.3 18.7 89.0 1.0143 0.00 0.0M
274080.000 1959 COM2 65 0R0 017 0.1 18.7 88.7 1.0143 0.00 0.0M
274140.000 1959 COM2 65 0R0 005 0.2 18.7 88.3 1.0143 0.00 0.0M
274200.000 1959 COM2 65 0R0 097 0.3 18.7 88.2 1.0143 0.00 0.0M
274260.000 1959 COM2 65 0R0 198 0.4 18.7 87.8 1.0143 0.00 0.0M
274320.000 1959 COM2 65 0R0 334 0.2 18.7 88.0 1.0143 0.00 0.0M
274380.000 1959 COM2 65 0R0 106 0.3 18.8 87.8 1.0143 0.00 0.0M
274440.000 1959 COM2 65 0R0 355 0.1 18.8 87.5 1.0143 0.00 0.0M
274500.000 1959 COM2 65 0R0 355 0.1 18.8 87.5 1.0143 0.00 0.0M
274560.000 1959 COM2 65 0R0 018 0.4 18.8 87.5 1.0143 0.00 0.0M
274620.000 1959 COM2 65 0R0 070 0.1 18.9 87.3 1.0143 0.00 0.0M
274680.000 1959 COM2 65 0R0 318 0.1 18.9 87.6 1.0143 0.00 0.0M
274740.000 1959 COM2 65 0R0 030 0.3 18.9 87.7 1.0143 0.00 0.0M
274800.000 1959 COM2 65 0R0 002 0.1 18.9 88.0 1.0143 0.00 0.0M
274860.000 1959 COM2 65 0R0 064 0.4 18.9 87.9 1.0143 0.00 0.0M
274920.000 1959 COM2 65 0R0 347 0.1 18.9 87.9 1.0143 0.00 0.0M
274980.000 1959 COM2 65 0R0 050 0.2 18.9 87.7 1.0143 0.00 0.0M
275040.000 1959 COM2 65 0R0 007 0.2 18.9 87.6 1.0143 0.00 0.0M
275100.000 1959 COM2 65 0R0 065 0.4 18.9 87.0 1.0143 0.00 0.0M
275160.000 1959 COM2 65 0R0 137 0.1 18.9 85.9 1.0143 0.00 0.0M
275220.000 1959 COM2 65 0R0 032 0.4 18.9 86.2 1.0143 0.00 0.0M
275280.000 1959 COM2 65 0R0 347 0.1 18.9 86.6 1.0143 0.00 0.0M
275340.000 1959 COM2 65 0R0 056 0.6 18.9 87.3 1.0143 0.00 0.0M
275400.000 1959 COM2 65 0R0 087 0.3 18.9 87.9 1.0143 0.00 0.0M
275460.000 1959 COM2 65 0R0 027 0.7 18.9 88.0 1.0143 0.00 0.0M
275520.000 1959 COM2 65 0R0 074 0.2 18.8 88.1 1.0143 0.00 0.0M
275580.000 1959 COM2 65 0R0 070 0.7 18.8 88.4 1.0143 0.00 0.0M
275640.000 1959 COM2 65 0R0 054 0.6 18.8 88.4 1.0143 0.00 0.0M
275700.000 1959 COM2 65 0R0 057 0.7 18.8 87.7 1.0144 0.00 0.0M
275760.000 1959 COM2 65 0R0 218 0.2 18.7 87.9 1.0144 0.00 0.0M
275820.000 1959 COM2 65 0R0 057 0.5 18.7 88.0 1.0144 0.00 0.0M
275880.000 1959 COM2 65 0R0 039 1.0 18.7 87.7 1.0144 0.00 0.0M
275940.000 1959 COM2 65 0R0 052 0.4 18.7 87.7 1.0145 0.00 0.0M
276000.000 1959 COM2 65 0R0 041 0.4 18.7 87.7 1.0144 0.00 0.0M
276060.000 1959 COM2 65 0R0 072 0.3 18.7 87.9 1.0144 0.00 0.0M
276120.000 1959 COM2 65 0R0 015 0.4 18.7 87.7 1.0144 0.00 0.0M
276180.000 1959 COM2 65 0R0 331 0.4 18.7 88.2 1.0144 0.00 0.0M
276240.000 1959 COM2 65 0R0 032 0.8 18.7 88.2 1.0144 0.00 0.0M
276300.000 1959 COM2 65 0R0 059 0.6 18.7 87.8 1.0144 0.00 0.0M
276360.000 1959 COM2 65 0R0 041 0.4 18.7 87.8 1.0144 0.00 0.0M
276420.000 1959 COM2 65 0R0 075 0.6 18.7 88.1 1.0144 0.00 0.0M
276480.000 1959 COM2 65 0R0 056 0.8 18.7 88.3 1.0144 0.00 0.0M
276540.000 1959 COM2 65 0R0 046 0.3 18.7 88.5 1.0144 0.00 0.0M
276600.000 1959 COM2 65 0R0 018 0.6 18.7 88.0 1.0144 0.00 0.0M
276660.000 1959 COM2 65 0R0 320 0.3 18.7 87.4 1.0144 0.00 0.0M
276720.000 1959 COM2 65 0R0 037 0.9 18.7 87.3 1.0144 0.00 0.0M
276780.000 1959 COM2 65 0R0 039 0.3 18.7 87.6 1.0144 0.00 0.0M
276840.000 1959 COM2 65 0R0 057 0.3 18.7 87.0 1.0144 0.00 0.0M
276900.000 1959 COM2 65 0R0 127 0.2 18.7 86.6 1.0144 0.00 0.0M
276960.000 1959 COM2 65 0R0 025 1.1 18.7 87.2 1.0144 0.00 0.0M
277020.000 1959 COM2 65 0R0 000 0.5 18.7 86.4 1.0144 0.00 0.0M
277080.000 1959 COM2 65 0R0 050 1.2 18.7 86.3 1.0144 0.00 0.0M
277140.000 1959 COM2 65 0R0 075 0.7 18.7 86.3 1.0145 0.00 0.0M
277200.000 1959 COM2 65 0R0 020 0.8 18.7 86.2 1.0144 0.00 0.0M
277260.000 1959 COM2 65 0R0 080 0.6 18.7 86.0 1.0144 0.00 0.0M
277320.000 1959 COM2 65 0R0 089 0.7 18.7 85.5 1.0144 0.00 0.0M
277380.000 1959 COM2 65 0R0 041 1.1 18.7 85.6 1.0145 0.00 0.0M
277440.000 1959 COM2 65 0R0 037 1.5 18.7 85.9 1.0145 0.00 0.0M
277500.000 1959 COM2 65 0R0 064 1.3 18.7 85.0 1.0145 0.00 0.0M
277560.000 1959 COM2 65 0R0 037 1.1 18.7 85.8 1.0145 0.00 0.0M
277620.000 1959 COM2 65 0R0 003 0.8 18.7 85.8 1.0144 0.00 0.0M
277680.000 1959 COM2 65 0R0 070 0.9 18.7 85.1 1.0145 0.00 0.0M
277740.000 1959 COM2 65 0R0 072 1.2 18.7 85.9 1.0144 0.00 0.0M
277800.000 1959 COM2 65 0R0 058 0.6 18.7 84.8 1.0144 0.00 0.0M
277860.000 1959 COM2 65 0R0 048 0.9 18.7 84.9 1.0144 0.00 0.0M
277920.000 1959 COM2 65 0R0 075 1.3 18.7 85.2 1.0144 0.00 0.0M
277980.000 1959 COM2 65 0R0 052 0.9 18.7 85.6 1.0145 0.00 0.0M
278040.000 1959 COM2 65 0R0 082 0.5 18.7 85.2 1.0145 0.00 0.0M
278100.000 1959 COM2 65 0R0 073 1.0 18.7 85.4 1.0145 0.00 0.0M
278160.000 1959 COM2 65 0R0 027 0.5 18.7 85.9 1.0145 0.00 0.0M
278220.000 1959 COM2 65 0R0 036 0.6 18.7 85.2 1.0145 0.00 0.0M
278280.000 1959 COM2 65 0R0 034 0.1 18.7 85.4 1.0146 0.00 0.0M
278340.000 1959 COM2 65 0R0 050 0.4 18.7 85.6 1.0146 0.00 0.0M
278400.000 1959 COM2 65 0R0 068 1.0 18.7 83.7 1.0146 0.00 0.0M
278460.000 1959 COM2 65 0R0 077 1.6 18.7 84.1 1.0146 0.00 0.0M
278520.000 1959 COM2 65 0R0 071 1.5 18.7 84.1 1.0146 0.00 0.0M
278580.000 1959 COM2 65 0R0 040 1.0 18.7 84.1 1.0146 0.00 0.0M
278640.000 1959 COM2 65 0R0 067 1.3 18.7 84.6 1.0146 0.00 0.0M
278700.000 1959 COM2 65 0R0 076 1.4 18.7 84.6 1.0146 0.00 0.0M
278760.000 1959 COM2 65 0R0 067 0.7 18.7 84.6 1.0146 0.00 0.0M
278820.000 1959 COM2 65 0R0 065 1.4 18.7 84.6 1.0146 0.00 0.0M
278880.000 1959 COM2 65 0R0 034 1.1 18.7 84.6 1.0147 0.00 0.0M
278940.000 1959 COM2 65 0R0 052 0.8 18.7 84.6 1.0147 0.00 0.0M
279000.000 1959 COM2 65 0R0 037 1.3 18.7 84.4 1.0147 0.00 0.0M
279060.000 1959 COM2 65 0R0 029 1.6 18.7 83.7 1.0147 0.00 0.0M
279120.000 1959 COM2 65 0R0 032 1.0 18.7 84.3 1.0147 0.00 0.0M
279180.000 1959 COM2 65 0R0 046 0.7 18.7 84.7 1.0147 0.00 0.0M
279240.000 1959 COM2 65 0R0 038 1.3 18.6 85.1 1.0147 0.00 0.0M
279300.000 1959 COM2 65 0R0 064 0.7 18.6 85.2 1.0147 0.00 0.0M
279360.000 1959 COM2 65 0R0 031 1.0 18.6 85.3 1.0147 0.00 0.0M
279420.000 1959 COM2 65 0R0 063 0.3 18.6 85.6 1.0147 0.00 0.0M
279480.000 1959 COM2 65 0R0 005 0.3 18.6 86.1 1.0147 0.00 0.0M
279540.000 1959 COM2 65 0R0 063 1.1 18.6 85.2 1.0147 0.00 0.0M
279600.000 1959 COM2 65 0R0 110 0.6 18.6 85.8 1.0147 0.00 0.0M
279660.000 1959 COM2 65 0R0 077 0.6 18.6 86.1 1.0147 0.00 0.0M
279720.000 1959 COM2 65 0R0 021 1.1 18.6 85.9 1.0147 0.00 0.0M
279780.000 1959 COM2 65 0R0 044 1.1 18.6 85.9 1.0147 0.00 0.0M
279840.000 1959 COM2 65 0R0 044 0.8 18.6 86.2 1.0147 0.00 0.0M
279900.000 1959 COM2 65 0R0 047 0.3 18.6 86.2 1.0147 0.00 0.0M
279960.000 1959 COM2 65 0R0 078 1.3 18.6 85.2 1.0147 0.00 0.0M
280020.000 1959 COM2 65 0R0 086 0.2 18.6 84.4 1.0147 0.00 0.0M
280080.000 1959 COM2 65 0R0 142 0.7 18.7 85.8 1.0147 0.00 0.0M
280140.000 1959 COM2 65 0R0 078 0.7 18.7 85.5 1.0147 0.00 0.0M
280200.000 1959 COM2 65 0R0 214 0.2 18.7 84.9 1.0147 0.00 0.0M
280260.000 1959 COM2 65 0R0 093 0.9 18.7 85.4 1.0147 0.00 0.0M
280320.000 1959 COM2 65 0R0 070 1.1 18.7 85.8 1.0146 0.00 0.0M
280380.000 1959 COM2 65 0R0 068 0.9 18.7 84.8 1.0146 0.00 0.0M
280440.000 1959 COM2 65 0R0 345 0.4 18.7 85.4 1.0146 0.00 0.0M
280500.000 1959 COM2 65 0R0 046 1.2 18.7 85.2 1.0146 0.00 0.0M
280560.000 1959 COM2 65 0R0 069 0.3 18.7 85.4 1.0146 0.00 0.0M
280620.000 1959 COM2 65 0R0 047 0.5 18.7 85.7 1.0146 0.00 0.0M
280680.000 1959 COM2 65 0R0 044 0.1 18.7 85.7 1.0146 0.00 0.0M
280740.000 1959 COM2 65 0R0 045 0.4 18.7 85.9 1.0146 0.00 0.0M
280800.000 1959 COM2 65 0R0 354 0.2 18.7 86.2 1.0146 0.00 0.0M
280860.000 1959 COM2 65 0R0 057 0.8 18.7 86.3 1.0146 0.00 0.0M
280920.000 1959 COM2 65 0R0 119 0.4 18.7 86.5 1.0146 0.00 0.0M
280980.000 1959 COM2 65 0R0 064 0.2 18.7 86.9 1.0146 0.00 0.0M
281040.000 1959 COM2 65 0R0 299 0.1 18.7 87.2 1.0146 0.00 0.0M
281100.000 1959 COM2 65 0R0 043 0.7 18.7 87.4 1.0146 0.00 0.0M
281160.000 1959 COM2 65 0R0 031 0.5 18.6 86.9 1.0145 0.00 0.0M
281220.000 1959 COM2 65 0R0 027 0.7 18.6 87.1 1.0145 0.00 0.0M
281280.000 1959 COM2 65 0R0 011 0.5 18.6 87.3 1.0145 0.00 0.0M
281340.100 1959 COM2 65 0R0 040 0.7 18.6 87.3 1.0146 0.00 0.0M
281400.000 1959 COM2 65 0R0 297 0.2 18.6 87.4 1.0146 0.00 0.0M
281460.000 1959 COM2 65 0R0 004 0.7 18.6 87.3 1.0146 0.00 0.0M
281520.000 1959 COM2 65 0R0 022 1.1 18.5 86.9 1.0146 0.00 0.0M
281580.000 1959 COM2 65 0R0 350 0.4 18.5 86.5 1.0145 0.00 0.0M
281640.000 1959 COM2 65 0R0 053 0.4 18.6 87.0 1.0145 0.00 0.0M
281700.000 1959 COM2 65 0R0 072 0.5 18.6 87.3 1.0145 0.00 0.0M
281760.000 1959 COM2 65 0R0 024 0.9 18.6 86.4 1.0144 0.00 0.0M
281820.000 1959 COM2 65 0R0 011 0.6 18.6 86.7 1.0144 0.00 0.0M
281880.000 1959 COM2 65 0R0 039 0.8 18.6 86.7 1.0144 0.00 0.0M
281940.000 1959 COM2 65 0R0 005 0.4 18.6 87.4 1.0145 0.00 0.0M
282000.000 1959 COM2 65 0R0 016 0.5 18.6 87.5 1.0145 0.00 0.0M
282060.000 1959 COM2 65 0R0 025 0.8 18.6 87.4 1.0145 0.00 0.0M
282120.000 1959 COM2 65 0R0 021 1.1 18.5 87.4 1.0145 0.00 0.0M
282180.000 1959 COM2 65 0R0 019 0.1 18.5 87.4 1.0145 0.00 0.0M
282240.000 1959 COM2 65 0R0 000 1.1 18.5 87.2 1.0145 0.00 0.0M
282300.000 1959 COM2 65 0R0 358 1.1 18.5 86.8 1.0145 0.00 0.0M
282360.000 1959 COM2 65 0R0 064 0.3 18.5 87.2 1.0145 0.00 0.0M
282420.000 1959 COM2 65 0R0 030 0.8 18.5 86.6 1.0145 0.00 0.0M
282480.000 1959 COM2 65 0R0 036 0.5 18.5 86.9 1.0145 0.00 0.0M
282540.000 1959 COM2 65 0R0 350 0.3 18.5 86.8 1.0145 0.00 0.0M
282600.000 1959 COM2 65 0R0 029 1.0 18.5 87.0 1.0145 0.00 0.0M
282660.000 1959 COM2 65 0R0 007 0.3 18.5 87.0 1.0145 0.00 0.0M
282720.000 1959 COM2 65 0R0 033 0.8 18.5 86.9 1.0145 0.00 0.0M
282780.000 1959 COM2 65 0R0 043 0.4 18.5 87.0 1.0145 0.00 0.0M
282840.000 1959 COM2 65 0R0 020 0.3 18.5 86.9 1.0144 0.00 0.0M
282900.000 1959 COM2 65 0R0 094 0.2 18.5 86.9 1.0144 0.00 0.0M
282960.000 1959 COM2 65 0R0 051 0.4 18.5 86.8 1.0144 0.00 0.0M
283020.000 1959 COM2 65 0R0 352 0.5 18.5 87.0 1.0144 0.00 0.0M
283080.000 1959 COM2 65 0R0 341 0.2 18.5 87.0 1.0144 0.00 0.0M
283140.000 1959 COM2 65 0R0 055 0.6 18.5 86.8 1.0144 0.00 0.0M
283200.000 1959 COM2 65 0R0 359 0.4 18.5 87.0 1.0144 0.00 0.0M
283260.000 1959 COM2 65 0R0 029 0.9 18.5 87.4 1.0144 0.00 0.0M
283320.000 1959 COM2 65 0R0 022 0.6 18.5 87.4 1.0143 0.00 0.0M
283380.000 1959 COM2 65 0R0 033 0.4 18.5 87.1 1.0143 0.00 0.0M
283440.000 1959 COM2 65 0R0 039 0.5 18.5 87.1 1.0143 0.00 0.0M
283500.000 1959 COM2 65 0R0 043 0.3 18.5 86.8 1.0143 0.00 0.0M
283560.000 1959 COM2 65 0R0 050 0.6 18.5 86.9 1.0143 0.00 0.0M
283620.000 1959 COM2 65 0R0 353 0.6 18.5 86.5 1.0143 0.00 0.0M
283680.000 1959 COM2 65 0R0 353 1.2 18.5 86.6 1.0143 0.00 0.0M
283740.000 1959 COM2 65 0R0 025 1.0 18.5 86.8 1.0143 0.00 0.0M
283800.000 1959 COM2 65 0R0 050 0.4 18.5 86.7 1.0143 0.00 0.0M
283860.000 1959 COM2 65 0R0 352 0.4 18.5 86.7 1.0143 0.00 0.0M
283920.000 1959 COM2 65 0R0 359 0.6 18.5 86.6 1.0143 0.00 0.0M
283980.000 1959 COM2 65 0R0 359 0.5 18.5 86.4 1.0143 0.00 0.0M
284040.000 1959 COM2 65 0R0 359 0.5 18.5 86.7 1.0143 0.00 0.0M
284100.000 1959 COM2 65 0R0 037 0.6 18.5 86.6 1.0142 0.00 0.0M
284160.000 1959 COM2 65 0R0 039 0.5 18.5 87.0 1.0143 0.00 0.0M
284220.000 1959 COM2 65 0R0 013 0.8 18.5 86.8 1.0143 0.00 0.0M
284280.000 1959 COM2 65 0R0 031 1.2 18.4 86.7 1.0143 0.00 0.0M
284340.000 1959 COM2 65 0R0 010 0.8 18.4 86.7 1.0143 0.00 0.0M
284400.000 1959 COM2 65 0R0 048 0.4 18.5 86.3 1.0143 0.00 0.0M
284460.000 1959 COM2 65 0R0 018 0.3 18.4 86.2 1.0143 0.00 0.0M
284520.000 1959 COM2 65 0R0 001 0.7 18.4 86.9 1.0143 0.00 0.0M
284580.000 1959 COM2 65 0R0 018 0.8 18.4 86.9 1.0142 0.00 0.0M
284640.000 1959 COM2 65 0R0 009 0.8 18.4 87.1 1.0142 0.00 0.0M
284700.000 1959 COM2 65 0R0 012 0.9 18.4 86.4 1.0143 0.00 0.0M
284760.000 1959 COM2 65 0R0 359 1.1 18.4 86.1 1.0143 0.00 0.0M
284820.000 1959 COM2 65 0R0 054 0.8 18.4 85.9 1.0143 0.00 0.0M
284880.000 1959 COM2 65 0R0 020 1.3 18.4 85.3 1.0143 0.00 0.0M
284940.000 1959 COM2 65 0R0 028 0.7 18.4 85.4 1.0143 0.00 0.0M
285000.100 1959 COM2 65 0R0 052 0.1 18.4 85.4 1.0143 0.00 0.0M
285060.000 1959 COM2 65 0R0 038 0.6 18.4 85.5 1.0143 0.00 0.0M
285120.000 1959 COM2 65 0R0 005 0.9 18.4 84.6 1.0142 0.00 0.0M
285180.000 1959 COM2 65 0R0 033 0.8 18.4 83.2 1.0143 0.00 0.0M
285240.000 1959 COM2 65 0R0 035 0.4 18.4 83.8 1.0143 0.00 0.0M
285300.000 1959 COM2 65 0R0 083 0.2 18.4 84.3 1.0143 0.00 0.0M
285360.000 1959 COM2 65 0R0 356 0.3 18.4 83.8 1.0143 0.00 0.0M
285420.000 1959 COM2 65 0R0 025 0.8 18.4 83.8 1.0143 0.00 0.0M
285480.000 1959 COM2 65 0R0 027 1.0 18.4 83.5 1.0143 0.00 0.0M
285540.000 1959 COM2 65 0R0 053 0.7 18.4 83.4 1.0143 0.00 0.0M
285600.000 1959 COM2 65 0R0 026 0.7 18.4 83.7 1.0142 0.00 0.0M
285660.000 1959 COM2 65 0R0 030 1.0 18.4 83.3 1.0142 0.00 0.0M
285720.000 1959 COM2 65 0R0 036 0.6 18.4 83.2 1.0142 0.00 0.0M
285780.000 1959 COM2 65 0R0 026 1.1 18.4 83.2 1.0142 0.00 0.0M
285840.000 1959 COM2 65 0R0 078 0.4 18.4 84.4 1.0142 0.00 0.0M
285900.000 1959 COM2 65 0R0 036 0.5 18.4 84.5 1.0142 0.00 0.0M
285960.000 1959 COM2 65 0R0 027 0.3 18.4 84.4 1.0141 0.00 0.0M
286020.000 1959 COM2 65 0R0 024 1.1 18.4 84.3 1.0141 0.00 0.0M
286080.000 1959 COM2 65 0R0 307 0.3 18.4 84.0 1.0141 0.00 0.0M
286140.000 1959 COM2 65 0R0 050 0.3 18.4 83.9 1.0141 0.00 0.0M
286200.000 1959 COM2 65 0R0 035 0.8 18.4 84.3 1.0141 0.00 0.0M
286260.000 1959 COM2 65 0R0 043 0.8 18.4 83.7 1.0141 0.00 0.0M
286320.000 1959 COM2 65 0R0 283 0.2 18.4 84.0 1.0141 0.00 0.0M
286380.000 1959 COM2 65 0R0 005 0.3 18.4 84.0 1.0141 0.00 0.0M
286440.000 1959 COM2 65 0R0 093 0.4 18.4 84.2 1.0141 0.00 0.0M
286500.000 1959 COM2 65 0R0 023 0.4 18.4 84.0 1.0141 0.00 0.0M
286560.000 1959 COM2 65 0R0 040 0.4 18.4 84.1 1.0141 0.00 0.0M
286620.000 1959 COM2 65 0R0 112 0.4 18.4 84.4 1.0140 0.00 0.0M
286680.000 1959 COM2 65 0R0 027 1.0 18.4 84.4 1.0140 0.00 0.0M
286740.000 1959 COM2 65 0R0 010 1.1 18.3 84.0 1.0140 0.00 0.0M
286800.000 1959 COM2 65 0R0 352 0.7 18.3 83.8 1.0140 0.00 0.0M
286860.000 1959 COM2 65 0R0 052 0.2 18.3 84.1 1.0140 0.00 0.0M
286920.000 1959 COM2 65 0R0 022 0.8 18.3 83.7 1.0140 0.00 0.0M
286980.000 1959 COM2 65 0R0 039 0.7 18.3 84.3 1.0140 0.00 0.0M
287040.000 1959 COM2 65 0R0 343 0.6 18.3 84.1 1.0140 0.00 0.0M
287100.000 1959 COM2 65 0R0 047 0.8 18.3 84.2 1.0140 0.00 0.0M
287160.000 1959 COM2 65 0R0 031 0.7 18.3 84.1 1.0140 0.00 0.0M
287220.000 1959 COM2 65 0R0 038 0.5 18.3 84.4 1.0140 0.00 0.0M
287280.000 1959 COM2 65 0R0 358 0.5 18.3 84.4 1.0140 0.00 0.0M
287340.000 1959 COM2 65 0R0 016 0.3 18.3 84.1 1.0140 0.00 0.0M
287400.000 1959 COM2 65 0R0 055 0.4 18.3 84.4 1.0140 0.00 0.0M
287460.000 1959 COM2 65 0R0 053 0.2 18.3 84.3 1.0140 0.00 0.0M
287520.000 1959 COM2 65 0R0 005 0.3 18.3 84.4 1.0139 0.00 0.0M
287580.000 1959 COM2 65 0R0 032 0.4 18.3 84.3 1.0139 0.00 0.0M
287640.000 1959 COM2 65 0R0 029 0.6 18.3 84.4 1.0139 0.00 0.0M
287700.000 1959 COM2 65 0R0 316 0.1 18.3 84.6 1.0139 0.00 0.0M
287760.000 1959 COM2 65 0R0 003 0.2 18.3 84.5 1.0139 0.00 0.0M
287820.000 1959 COM2 65 0R0 328 0.5 18.3 84.3 1.0138 0.00 0.0M
287880.000 1959 COM2 65 0R0 062 0.4 18.3 84.4 1.0138 0.00 0.0M
287940.000 1959 COM2 65 0R0 346 0.7 18.3 84.6 1.0139 0.00 0.0M
288000.000 1959 COM2 65 0R0 013 0.6 18.3 84.3 1.0139 0.00 0.0M
288060.000 1959 COM2 65 0R0 059 0.7 18.3 84.1 1.0139 0.00 0.0M
288120.000 1959 COM2 65 0R0 313 0.5 18.3 83.8 1.0139 0.00 0.0M
288180.000 1959 COM2 65 0R0 018 1.1 18.3 83.2 1.0139 0.00 0.0M
288240.000 1959 COM2 65 0R0 343 1.1 18.3 83.4 1.0139 0.00 0.0M
288300.000 1959 COM2 65 0R0 348 0.9 18.3 83.9 1.0139 0.00 0.0M
288360.000 1959 COM2 65 0R0 045 1.0 18.3 83.8 1.0139 0.00 0.0M
288420.000 1959 COM2 65 0R0 027 0.9 18.3 83.3 1.0139 0.00 0.0M
288480.000 1959 COM2 65 0R0 352 0.7 18.3 83.6 1.0139 0.00 0.0M
288540.000 1959 COM2 65 0R0 343 0.5 18.3 83.2 1.0139 0.00 0.0M
288600.000 1959 COM2 65 0R0 016 0.7 18.3 83.5 1.0139 0.00 0.0M
288660.000 1959 COM2 65 0R0 304 0.6 18.3 83.7 1.0139 0.00 0.0M
288720.000 1959 COM2 65 0R0 018 1.0 18.3 83.9 1.0139 0.00 0.0M
288780.000 1959 COM2 65 0R0 018 1.2 18.3 84.1 1.0139 0.00 0.0M
288840.000 1959 COM2 65 0R0 335 0.5 18.3 84.3 1.0140 0.00 0.0M
288900.000 1959 COM2 65 0R0 336 0.6 18.3 84.4 1.0140 0.00 0.0M
288960.000 1959 COM2 65 0R0 069 0.4 18.3 84.1 1.0140 0.00 0.0M
289020.000 1959 COM2 65 0R0 059 0.8 18.3 84.6 1.0140 0.00 0.0M
289080.000 1959 COM2 65 0R0 344 0.4 18.3 84.9 1.0140 0.00 0.0M
289140.000 1959 COM2 65 0R0 068 0.4 18.3 84.1 1.0140 0.00 0.0M
289200.000 1959 COM2 65 0R0 091 0.2 18.3 84.5 1.0140 0.00 0.0M
289260.000 1959 COM2 65 0R0 344 0.2 18.3 84.7 1.0140 0.00 0.0M
289320.000 1959 COM2 65 0R0 354 0.5 18.3 85.2 1.0140 0.00 0.0M
289380.000 1959 COM2 65 0R0 070 0.3 18.3 85.1 1.0141 0.00 0.0M
289440.000 1959 COM2 65 0R0 049 0.6 18.3 85.3 1.0141 0.00 0.0M
289500.000 1959 COM2 65 0R0 326 0.8 18.3 85.1 1.0141 0.00 0.0M
289560.100 1959 COM2 65 0R0 337 0.1 18.3 85.5 1.0141 0.00 0.0M
289620.000 1959 COM2 65 0R0 007 0.4 18.3 85.1 1.0141 0.00 0.0M
289680.000 1959 COM2 65 0R0 007 0.2 18.3 86.0 1.0141 0.00 0.0M
289740.000 1959 COM2 65 0R0 055 0.3 18.4 86.0 1.0141 0.00 0.0M
289800.000 1959 COM2 65 0R0 313 0.2 18.4 86.3 1.0141 0.00 0.0M
289860.000 1959 COM2 65 0R0 025 1.0 18.4 85.9 1.0142 0.00 0.0M
289920.000 1959 COM2 65 0R0 015 0.2 18.4 85.4 1.0142 0.00 0.0M
289980.000 1959 COM2 65 0R0 027 0.6 18.3 86.2 1.0142 0.00 0.0M
290040.000 1959 COM2 65 0R0 302 0.3 18.3 86.5 1.0142 0.00 0.0M
290100.000 1959 COM2 65 0R0 353 0.2 18.4 86.2 1.0142 0.00 0.0M
290160.000 1959 COM2 65 0R0 016 0.9 18.4 86.3 1.0141 0.00 0.0M
290220.000 1959 COM2 65 0R0 051 0.5 18.4 86.0 1.0142 0.00 0.0M
290280.000 1959 COM2 65 0R0 342 0.2 18.4 86.3 1.0142 0.00 0.0M
290340.000 1959 COM2 65 0R0 348 0.8 18.3 85.9 1.0142 0.00 0.0M
290400.000 1959 COM2 65 0R0 047 0.5 18.3 86.0 1.0143 0.00 0.0M
290460.000 1959 COM2 65 0R0 044 0.3 18.3 86.1 1.0143 0.00 0.0M
290520.000 1959 COM2 65 0R0 073 0.2 18.3 86.3 1.0143 0.00 0.0M
290580.000 1959 COM2 65 0R0 052 0.6 18.3 86.4 1.0143 0.00 0.0M
290640.000 1959 COM2 65 0R0 057 0.3 18.3 86.8 1.0143 0.00 0.0M
290700.000 1959 COM2 65 0R0 021 0.2 18.3 86.8 1.0143 0.00 0.0M
290760.000 1959 COM2 65 0R0 352 0.2 18.3 86.6 1.0143 0.00 0.0M
290820.000 1959 COM2 65 0R0 055 0.7 18.3 86.8 1.0143 0.00 0.0M
290880.000 1959 COM2 65 0R0 337 0.3 18.3 87.0 1.0142 0.00 0.0M
290940.000 1959 COM2 65 0R0 009 1.4 18.3 87.1 1.0143 0.00 0.0M
291000.000 1959 COM2 65 0R0 030 0.3 18.3 87.6 1.0143 0.00 0.0M
291060.000 1959 COM2 65 0R0 021 0.4 18.3 87.2 1.0143 0.00 0.0M
291120.000 1959 COM2 65 0R0 031 0.5 18.3 87.0 1.0143 0.00 0.0M
291180.000 1959 COM2 65 0R0 022 0.6 18.3 87.3 1.0143 0.00 0.0M
291240.000 1959 COM2 65 0R0 070 0.5 18.3 87.1 1.0143 0.00 0.0M
291300.000 1959 COM2 65 0R0 054 0.2 18.3 85.8 1.0143 0.00 0.0M
291360.000 1959 COM2 65 0R0 070 0.4 18.3 86.9 1.0143 0.00 0.0M
291420.000 1959 COM2 65 0R0 034 2.1 18.3 86.6 1.0143 0.00 0.0M
291480.000 1959 COM2 65 0R0 237 0.2 18.3 87.0 1.0143 0.00 0.0M
291540.000 1959 COM2 65 0R0 017 1.0 18.3 86.9 1.0143 0.00 0.0M
291600.000 1959 COM2 65 0R0 048 1.5 18.2 87.0 1.0143 0.00 0.0M
291660.000 1959 COM2 65 0R0 007 1.0 18.2 87.2 1.0143 0.00 0.0M
291720.000 1959 COM2 65 0R0 354 1.2 18.2 86.6 1.0143 0.00 0.0M
291780.000 1959 COM2 65 0R0 028 1.2 18.2 86.8 1.0143 0.00 0.0M
291840.000 1959 COM2 65 0R0 013 0.9 18.2 87.2 1.0143 0.00 0.0M
291900.100 1959 COM2 65 0R0 028 1.3 18.2 87.1 1.0143 0.00 0.0M
291960.000 1959 COM2 65 0R0 358 1.3 18.2 87.1 1.0143 0.00 0.0M
292020.000 1959 COM2 65 0R0 352 0.2 18.2 86.8 1.0143 0.00 0.0M
292080.000 1959 COM2 65 0R0 355 0.8 18.2 87.1 1.0143 0.00 0.0M
292140.000 1959 COM2 65 0R0 020 1.4 18.2 86.5 1.0144 0.00 0.0M
292200.000 1959 COM2 65 0R0 349 0.8 18.2 86.7 1.0144 0.00 0.0M
292260.000 1959 COM2 65 0R0 048 1.2 18.2 86.8 1.0144 0.00 0.0M
292320.000 1959 COM2 65 0R0 041 1.1 18.2 86.5 1.0144 0.00 0.0M
292380.000 1959 COM2 65 0R0 281 0.3 18.2 86.5 1.0145 0.00 0.0M
292440.000 1959 COM2 65 0R0 031 1.5 18.2 86.7 1.0145 0.00 0.0M
292500.000 1959 COM2 65 0R0 353 0.7 18.2 86.3 1.0145 0.00 0.0M
292560.000 1959 COM2 65 0R0 031 0.3 18.2 86.3 1.0145 0.00 0.0M
292620.000 1959 COM2 65 0R0 327 1.1 18.2 85.8 1.0145 0.00 0.0M
292680.000 1959 COM2 65 0R0 334 1.5 18.2 86.3 1.0145 0.00 0.0M
292740.000 1959 COM2 65 0R0 049 0.8 18.2 86.3 1.0146 0.00 0.0M
292800.000 1959 COM2 65 0R0 022 1.3 18.1 86.0 1.0146 0.00 0.0M
292860.000 1959 COM2 65 0R0 010 1.6 18.1 86.5 1.0146 0.00 0.0M
292920.000 1959 COM2 65 0R0 021 1.9 18.1 86.1 1.0146 0.00 0.0M
292980.000 1959 COM2 65 0R0 349 0.9 18.1 86.2 1.0146 0.00 0.0M
293040.000 1959 COM2 65 0R0 027 0.9 18.1 85.9 1.0146 0.00 0.0M
293100.000 1959 COM2 65 0R0 000 1.1 18.1 85.8 1.0146 0.00 0.0M
293160.000 1959 COM2 65 0R0 022 1.1 18.1 86.2 1.0146 0.00 0.0M
293220.000 1959 COM2 65 0R0 040 1.1 18.1 85.9 1.0146 0.00 0.0M
293280.000 1959 COM2 65 0R0 352 0.4 18.1 86.0 1.0147 0.00 0.0M
293340.000 1959 COM2 65 0R0 024 2.3 18.1 85.7 1.0147 0.00 0.0M
293400.000 1959 COM2 65 0R0 030 1.2 18.1 85.7 1.0147 0.00 0.0M
293460.000 1959 COM2 65 0R0 026 0.8 18.1 86.4 1.0147 0.00 0.0M
293520.000 1959 COM2 65 0R0 023 1.4 18.1 84.9 1.0147 0.00 0.0M
293580.000 1959 COM2 65 0R0 021 1.6 18.1 85.5 1.0148 0.00 0.0M
293640.000 1959 COM2 65 0R0 346 0.7 18.0 86.0 1.0148 0.00 0.0M
293700.000 1959 COM2 65 0R0 044 0.9 18.0 86.0 1.0148 0.00 0.0M
293760.000 1959 COM2 65 0R0 025 1.3 18.1 86.3 1.0148 0.00 0.0M
293820.000 1959 COM2 65 0R0 357 0.4 18.0 86.3 1.0148 0.00 0.0M
293880.000 1959 COM2 65 0R0 035 1.3 18.0 86.2 1.0149 0.00 0.0M
293940.000 1959 COM2 65 0R0 015 0.6 18.0 86.3 1.0149 0.00 0.0M
294000.000 1959 COM2 65 0R0 058 0.5 18.0 86.7 1.0149 0.00 0.0M
294060.000 1959 COM2 65 0R0 039 1.4 18.0 86.7 1.0149 0.00 0.0M
294120.000 1959 COM2 65 0R0 344 0.7 18.0 86.8 1.0149 0.00 0.0M
294180.000 1959 COM2 65 0R0 019 1.4 18.0 86.9 1.0149 0.00 0.0M
294240.000 1959 COM2 65 0R0 062 0.8 18.0 86.8 1.0150 0.00 0.0M
294300.000 1959 COM2 65 0R0 009 0.4 18.0 87.0 1.0150 0.00 0.0M
294360.000 1959 COM2 65 0R0 078 1.0 18.0 87.4 1.0150 0.00 0.0M
294420.000 1959 COM2 65 0R0 050 2.0 18.0 87.1 1.0150 0.00 0.0M
294480.000 1959 COM2 65 0R0 008 1.0 18.0 87.2 1.0150 0.00 0.0M
294540.000 1959 COM2 65 0R0 031 1.7 18.0 87.4 1.0150 0.00 0.0M
294600.000 1959 COM2 65 0R0 025 0.7 18.0 87.5 1.0150 0.00 0.0M
294660.000 1959 COM2 65 0R0 095 0.8 17.9 87.5 1.0150 0.00 0.0M
294720.000 1959 COM2 65 0R0 087 0.4 18.0 87.5 1.0150 0.00 0.0M
294780.000 1959 COM2 65 0R0 028 1.7 18.0 86.7 1.0150 0.00 0.0M
294840.000 1959 COM2 65 0R0 072 2.1 17.9 86.3 1.0150 0.00 0.0M
294900.000 1959 COM2 65 0R0 013 0.6 17.9 86.6 1.0150 0.00 0.0M
294960.000 1959 COM2 65 0R0 060 2.3 17.9 86.9 1.0150 0.00 0.0M
295020.000 1959 COM2 65 0R0 073 1.6 17.9 87.3 1.0150 0.00 0.0M
295080.000 1959 COM2 65 0R0 050 0.9 17.9 87.5 1.0149 0.00 0.0M
295140.000 1959 COM2 65 0R0 033 1.0 17.8 87.6 1.0149 0.00 0.0M
295200.000 1959 COM2 65 0R0 075 1.4 17.8 87.7 1.0149 0.00 0.0M
295260.000 1959 COM2 65 0R0 036 1.0 17.8 87.5 1.0149 0.00 0.0M
295320.000 1959 COM2 65 0R0 036 0.9 17.8 87.2 1.0149 0.00 0.0M
295380.000 1959 COM2 65 0R0 025 2.8 17.8 87.4 1.0149 0.00 0.0M
295440.000 1959 COM2 65 0R0 033 2.9 17.8 86.7 1.0149 0.00 0.0M
295500.000 1959 COM2 65 0R0 075 1.6 17.8 86.7 1.0148 0.00 0.0M
295560.000 1959 COM2 65 0R0 057 2.4 17.7 86.7 1.0149 0.00 0.0M
295620.000 1959 COM2 65 0R0 073 2.6 17.7 86.8 1.0148 0.00 0.0M
295680.000 1959 COM2 65 0R0 057 1.7 17.7 87.2 1.0148 0.00 0.0M
295740.000 1959 COM2 65 0R0 071 2.6 17.7 87.1 1.0148 0.00 0.0M
295800.000 1959 COM2 65 0R0 016 1.3 17.7 87.2 1.0148 0.00 0.0M
295860.000 1959 COM2 65 0R0 077 0.9 17.7 87.3 1.0148 0.00 0.0M
295920.000 1959 COM2 65 0R0 081 1.9 17.7 87.3 1.0148 0.00 0.0M
295980.000 1959 COM2 65 0R0 080 0.6 17.7 87.0 1.0148 0.00 0.0M
296040.000 1959 COM2 65 0R0 068 1.4 17.7 87.1 1.0149 0.00 0.0M
296100.000 1959 COM2 65 0R0 063 1.7 17.7 87.1 1.0149 0.00 0.0M
296160.000 1959 COM2 65 0R0 057 0.7 17.7 86.9 1.0149 0.00 0.0M
296220.000 1959 COM2 65 0R0 074 1.6 17.7 87.2 1.0149 0.00 0.0M
296280.000 1959 COM2 65 0R0 055 0.7 17.7 87.2 1.0149 0.00 0.0M
296340.000 1959 COM2 65 0R0 014 0.6 17.7 87.2 1.0149 0.00 0.0M
296400.000 1959 COM2 65 0R0 066 0.5 17.7 87.2 1.0149 0.00 0.0M
296460.000 1959 COM2 65 0R0 042 0.2 17.7 87.2 1.0149 0.00 0.0M
296520.000 1959 COM2 65 0R0 165 0.4 17.7 87.3 1.0149 0.00 0.0M
296580.000 1959 COM2 65 0R0 004 0.5 17.7 86.8 1.0149 0.00 0.0M
296640.000 1959 COM2 65 0R0 113 0.3 17.7 86.8 1.0149 0.00 0.0M
296700.000 1959 COM2 65 0R0 047 0.7 17.7 87.0 1.0149 0.00 0.0M
296760.000 1959 COM2 65 0R0 074 0.2 17.7 86.8 1.0149 0.00 0.0M
296820.000 1959 COM2 65 0R0 069 0.3 17.8 86.8 1.0149 0.00 0.0M
296880.000 1959 COM2 65 0R0 017 0.9 17.8 86.6 1.0149 0.00 0.0M
296940.000 1959 COM2 65 0R0 014 0.6 17.8 86.2 1.0149 0.00 0.0M
297000.000 1959 COM2 65 0R0 035 1.5 17.8 86.2 1.0150 0.00 0.0M
297060.000 1959 COM2 65 0R0 063 0.7 17.8 86.3 1.0150 0.00 0.0M
297120.000 1959 COM2 65 0R0 063 0.2 17.8 86.2 1.0150 0.00 0.0M
297180.000 1959 COM2 65 0R0 054 0.4 17.8 86.4 1.0150 0.00 0.0M
297240.000 1959 COM2 65 0R0 065 0.5 17.8 86.4 1.0150 0.00 0.0M
297300.000 1959 COM2 65 0R0 043 0.1 17.8 86.5 1.0150 0.00 0.0M
297360.000 1959 COM2 65 0R0 046 0.9 17.8 86.4 1.0150 0.00 0.0M
297420.000 1959 COM2 65 0R0 030 0.3 17.8 85.8 1.0150 0.00 0.0M
297480.000 1959 COM2 65 0R0 005 0.5 17.8 86.0 1.0150 0.00 0.0M
297540.000 1959 COM2 65 0R0 323 0.2 17.9 85.9 1.0150 0.00 0.0M
297600.000 1959 COM2 65 0R0 359 0.3 17.9 86.1 1.0150 0.00 0.0M
297660.000 1959 COM2 65 0R0 077 0.2 17.9 85.9 1.0150 0.00 0.0M
297720.000 1959 COM2 65 0R0 024 0.4 17.9 85.6 1.0151 0.00 0.0M
297780.000 1959 COM2 65 0R0 009 0.3 17.9 85.9 1.0151 0.00 0.0M
297840.000 1959 COM2 65 0R0 024 0.2 17.9 85.8 1.0151 0.00 0.0M
297900.000 1959 COM2 65 0R0 011 0.4 17.9 86.1 1.0151 0.00 0.0M
297960.000 1959 COM2 65 0R0 350 0.4 17.9 86.1 1.0151 0.00 0.0M
298020.000 1959 COM2 65 0R0 044 0.2 17.9 86.2 1.0151 0.00 0.0M
298080.000 1959 COM2 65 0R0 054 0.5 17.9 86.3 1.0152 0.00 0.0M
298140.000 1959 COM2 65 0R0 081 0.4 18.0 86.0 1.0152 0.00 0.0M
298200.000 1959 COM2 65 0R0 091 0.2 18.0 85.8 1.0152 0.00 0.0M
298260.000 1959 COM2 65 0R0 345 0.5 18.0 85.8 1.0152 0.00 0.0M
298320.000 1959 COM2 65 0R0 343 0.2 18.0 86.3 1.0152 0.00 0.0M
298380.000 1959 COM2 65 0R0 031 0.2 18.0 86.3 1.0152 0.00 0.0M
298440.000 1959 COM2 65 0R0 032 0.6 18.0 86.2 1.0152 0.00 0.0M
298500.000 1959 COM2 65 0R0 082 0.2 18.0 86.3 1.0152 0.00 0.0M
298560.000 1959 COM2 65 0R0 359 0.3 18.1 86.4 1.0151 0.00 0.0M
298620.000 1959 COM2 65 0R0 169 0.2 18.1 86.3 1.0151 0.00 0.0M
298680.000 1959 COM2 65 0R0 057 0.7 18.1 86.4 1.0151 0.00 0.0M
298740.000 1959 COM2 65 0R0 041 0.8 18.1 86.6 1.0151 0.00 0.0M
298800.000 1959 COM2 65 0R0 015 0.6 18.1 86.6 1.0151 0.00 0.0M
298860.000 1959 COM2 65 0R0 037 0.9 18.1 86.5 1.0151 0.00 0.0M
298920.000 1959 COM2 65 0R0 036 0.8 18.1 86.6 1.0150 0.00 0.0M
298980.000 1959 COM2 65 0R0 046 0.5 18.0 86.6 1.0150 0.00 0.0M
299040.100 1959 COM2 65 0R0 068 0.2 18.0 86.6 1.0150 0.00 0.0M
299100.000 1959 COM2 65 0R0 021 0.6 18.0 86.6 1.0150 0.00 0.0M
299160.000 1959 COM2 65 0R0 346 0.4 18.0 87.0 1.0150 0.00 0.0M
299220.000 1959 COM2 65 0R0 322 0.5 18.0 86.9 1.0150 0.00 0.0M
299280.000 1959 COM2 65 0R0 032 0.8 18.0 86.9 1.0150 0.00 0.0M
299340.000 1959 COM2 65 0R0 042 0.4 18.0 87.0 1.0150 0.00 0.0M
299400.000 1959 COM2 65 0R0 019 0.6 18.0 85.9 1.0150 0.00 0.0M
299460.000 1959 COM2 65 0R0 031 0.5 18.0 86.2 1.0150 0.00 0.0M
299520.000 1959 COM2 65 0R0 347 0.7 18.1 86.1 1.0150 0.00 0.0M
299580.000 1959 COM2 65 0R0 110 0.3 18.1 85.9 1.0150 0.00 0.0M
299640.000 1959 COM2 65 0R0 357 0.5 18.1 85.7 1.0150 0.00 0.0M
299700.000 1959 COM2 65 0R0 076 0.5 18.1 85.7 1.0150 0.00 0.0M
299760.000 1959 COM2 65 0R0 354 0.9 18.1 85.6 1.0150 0.00 0.0M
299820.000 1959 COM2 65 0R0 012 0.5 18.1 85.4 1.0150 0.00 0.0M
299880.000 1959 COM2 65 0R0 026 0.2 18.2 85.3 1.0150 0.00 0.0M
299940.000 1959 COM2 65 0R0 063 0.4 18.2 85.1 1.0150 0.00 0.0M
300000.000 1959 COM2 65 0R0 047 0.5 18.2 84.9 1.0150 0.00 0.0M
300060.000 1959 COM2 65 0R0 026 0.5 18.2 85.1 1.0150 0.00 0.0M
300120.000 1959 COM2 65 0R0 096 0.2 18.2 85.0 1.0150 0.00 0.0M
300180.000 1959 COM2 65 0R0 012 0.3 18.3 84.9 1.0150 0.00 0.0M
300240.000 1959 COM2 65 0R0 168 0.3 18.3 84.9 1.0150 0.00 0.0M
300300.000 1959 COM2 65 0R0 075 1.1 18.3 84.2 1.0149 0.00 0.0M
300360.000 1959 COM2 65 0R0 337 0.8 18.3 84.0 1.0149 0.00 0.0M
300420.000 1959 COM2 65 0R0 060 0.3 18.3 84.1 1.0150 0.00 0.0M
300480.000 1959 COM2 65 0R0 055 0.6 18.4 84.0 1.0150 0.00 0.0M
300540.000 1959 COM2 65 0R0 015 0.6 18.4 84.0 1.0150 0.00 0.0M
300600.000 1959 COM2 65 0R0 028 1.3 18.4 83.6 1.0150 0.00 0.0M
300660.000 1959 COM2 65 0R0 347 0.8 18.4 83.4 1.0150 0.00 0.0M
300720.000 1959 COM2 65 0R0 027 0.7 18.4 83.1 1.0151 0.00 0.0M
300780.000 1959 COM2 65 0R0 063 0.4 18.4 83.3 1.0151 0.00 0.0M
300840.000 1959 COM2 65 0R0 337 1.1 18.4 83.3 1.0150 0.00 0.0M
300900.000 1959 COM2 65 0R0 125 0.4 18.4 83.1 1.0151 0.00 0.0M
300960.000 1959 COM2 65 0R0 312 0.2 18.4 82.5 1.0151 0.00 0.0M
301020.000 1959 COM2 65 0R0 000 0.6 18.4 83.0 1.0151 0.00 0.0M
301080.000 1959 COM2 65 0R0 049 0.9 18.5 82.5 1.0151 0.00 0.0M
301140.000 1959 COM2 65 0R0 094 0.4 18.5 82.6 1.0151 0.00 0.0M
301200.000 1959 COM2 65 0R0 041 0.7 18.5 82.3 1.0151 0.00 0.0M
301260.000 1959 COM2 65 0R0 022 1.4 18.5 81.9 1.0151 0.00 0.0M
301320.000 1959 COM2 65 0R0 002 0.5 18.5 81.6 1.0151 0.00 0.0M
301380.000 1959 COM2 65 0R0 014 0.3 18.5 81.8 1.0151 0.00 0.0M
301440.000 1959 COM2 65 0R0 354 1.0 18.5 81.7 1.0152 0.00 0.0M
301500.000 1959 COM2 65 0R0 027 0.8 18.5 81.0 1.0152 0.00 0.0M
301560.000 1959 COM2 65 0R0 026 1.2 18.6 81.5 1.0152 0.00 0.0M
301620.000 1959 COM2 65 0R0 006 0.9 18.6 82.2 1.0152 0.00 0.0M
301680.000 1959 COM2 65 0R0 017 0.6 18.6 81.8 1.0152 0.00 0.0M
301740.000 1959 COM2 65 0R0 017 0.6 18.6 81.2 1.0153 0.00 0.0M
301800.000 1959 COM2 65 0R0 024 1.0 18.6 81.0 1.0153 0.00 0.0M
301860.000 1959 COM2 65 0R0 031 0.4 18.6 80.3 1.0153 0.00 0.0M
301920.000 1959 COM2 65 0R0 332 0.3 18.7 80.7 1.0153 0.00 0.0M
301980.000 1959 COM2 65 0R0 359 0.1 18.7 81.0 1.0154 0.00 0.0M
302040.000 1959 COM2 65 0R0 352 0.6 18.8 80.9 1.0154 0.00 0.0M
302100.000 1959 COM2 65 0R0 051 0.4 18.8 80.1 1.0154 0.00 0.0M
302160.000 1959 COM2 65 0R0 011 1.1 18.8 77.8 1.0154 0.00 0.0M
302220.000 1959 COM2 65 0R0 355 1.2 18.8 78.3 1.0154 0.00 0.0M
302280.000 1959 COM2 65 0R0 013 0.8 18.8 77.7 1.0154 0.00 0.0M
302340.000 1959 COM2 65 0R0 087 0.6 18.8 77.9 1.0154 0.00 0.0M
302400.000 1959 COM2 65 0R0 290 0.6 18.9 77.9 1.0154 0.00 0.0M
302460.000 1959 COM2 65 0R0 026 0.4 18.9 78.7 1.0154 0.00 0.0M
302520.000 1959 COM2 65 0R0 026 0.7 18.9 78.7 1.0154 0.00 0.0M
302580.000 1959 COM2 65 0R0 073 0.3 18.9 79.3 1.0154 0.00 0.0M
302640.000 1959 COM2 65 0R0 037 0.8 18.9 78.8 1.0154 0.00 0.0M
302700.000 1959 COM2 65 0R0 002 0.5 18.9 78.8 1.0154 0.00 0.0M
302760.000 1959 COM2 65 0R0 332 0.7 18.9 78.1 1.0154 0.00 0.0M
302820.000 1959 COM2 65 0R0 009 0.4 19.0 77.7 1.0154 0.00 0.0M
302880.000 1959 COM2 65 0R0 068 0.4 19.0 76.7 1.0154 0.00 0.0M
302940.000 1959 COM2 65 0R0 062 1.4 19.0 77.1 1.0154 0.00 0.0M
303000.000 1959 COM2 65 0R0 023 0.9 19.0 78.0 1.0154 0.00 0.0M
303060.000 1959 COM2 65 0R0 358 0.9 19.0 77.4 1.0154 0.00 0.0M
303120.000 1959 COM2 65 0R0 026 1.5 19.0 76.9 1.0154 0.00 0.0M
303180.000 1959 COM2 65 0R0 014 1.1 19.0 77.5 1.0154 0.00 0.0M
303240.000 1959 COM2 65 0R0 007 0.6 19.0 77.4 1.0154 0.00 0.0M
303300.000 1959 COM2 65 0R0 044 0.2 19.0 78.0 1.0154 0.00 0.0M
303360.000 1959 COM2 65 0R0 321 0.4 19.0 78.2 1.0154 0.00 0.0M
303420.100 1959 COM2 65 0R0 084 0.2 19.1 78.4 1.0155 0.00 0.0M
303480.000 1959 COM2 65 0R0 042 0.3 19.2 78.0 1.0155 0.00 0.0M
303540.000 1959 COM2 65 0R0 037 1.4 19.2 76.0 1.0155 0.00 0.0M
303600.000 1959 COM2 65 0R0 031 1.0 19.1 76.3 1.0156 0.00 0.0M
303660.000 1959 COM2 65 0R0 229 0.2 19.2 76.8 1.0156 0.00 0.0M
303720.000 1959 COM2 65 0R0 044 0.6 19.2 77.1 1.0156 0.00 0.0M
303780.100 1959 COM2 65 0R0 356 0.3 19.2 77.0 1.0156 0.00 0.0M
303840.000 1959 COM2 65 0R0 261 0.1 19.2 77.4 1.0156 0.00 0.0M
303900.000 1959 COM2 65 0R0 033 0.5 19.2 76.7 1.0156 0.00 0.0M
303960.000 1959 COM2 65 0R0 026 0.8 19.2 76.5 1.0156 0.00 0.0M
304020.000 1959 COM2 65 0R0 027 1.0 19.2 76.3 1.0156 0.00 0.0M
304080.000 1959 COM2 65 0R0 068 0.2 19.1 77.2 1.0156 0.00 0.0M
304140.000 1959 COM2 65 0R0 024 0.6 19.2 77.4 1.0156 0.00 0.0M
304200.100 1959 COM2 65 0R0 015 1.0 19.2 77.0 1.0156 0.00 0.0M
304260.000 1959 COM2 65 0R0 333 2.0 19.2 75.9 1.0156 0.00 0.0M
304320.000 1959 COM2 65 0R0 001 1.5 19.2 76.9 1.0156 0.00 0.0M
304380.000 1959 COM2 65 0R0 000 1.3 19.2 77.2 1.0156 0.00 0.0M
304440.000 1959 COM2 65 0R0 056 0.8 19.2 77.8 1.0156 0.00 0.0M
304500.000 1959 COM2 65 0R0 027 1.0 19.3 78.0 1.0156 0.00 0.0M
304560.000 1959 COM2 65 0R0 023 0.2 19.3 76.1 1.0156 0.00 0.0M
304620.000 1959 COM2 65 0R0 020 1.6 19.3 76.8 1.0156 0.00 0.0M
304680.000 1959 COM2 65 0R0 054 1.6 19.3 76.9 1.0156 0.00 0.0M
304740.000 1959 COM2 65 0R0 034 1.5 19.3 76.8 1.0156 0.00 0.0M
304800.000 1959 COM2 65 0R0 011 0.2 19.3 76.7 1.0156 0.00 0.0M
304860.000 1959 COM2 65 0R0 359 0.9 19.3 76.9 1.0156 0.00 0.0M
304920.000 1959 COM2 65 0R0 037 2.5 19.3 76.8 1.0156 0.00 0.0M
304980.000 1959 COM2 65 0R0 034 2.0 19.3 76.1 1.0157 0.00 0.0M
305040.000 1959 COM2 65 0R0 047 0.3 19.3 76.4 1.0157 0.00 0.0M
305100.000 1959 COM2 65 0R0 342 0.8 19.3 77.1 1.0157 0.00 0.0M
305160.100 1959 COM2 65 0R0 035 0.3 19.3 76.1 1.0157 0.00 0.0M
305220.000 1959 COM2 65 0R0 031 0.3 19.3 77.2 1.0157 0.00 0.0M
305280.000 1959 COM2 65 0R0 068 0.4 19.3 76.8 1.0157 0.00 0.0M
305340.000 1959 COM2 65 0R0 011 1.0 19.3 77.3 1.0157 0.00 0.0M
305400.000 1959 COM2 65 0R0 351 0.7 19.4 76.6 1.0157 0.00 0.0M
305460.000 1959 COM2 65 0R0 359 0.9 19.4 76.6 1.0157 0.00 0.0M
305520.000 1959 COM2 65 0R0 031 0.3 19.4 76.7 1.0157 0.00 0.0M
305580.000 1959 COM2 65 0R0 168 0.3 19.3 77.2 1.0158 0.00 0.0M
305640.000 1959 COM2 65 0R0 027 1.2 19.4 77.1 1.0158 0.00 0.0M
305700.000 1959 COM2 65 0R0 012 1.5 19.4 75.1 1.0158 0.00 0.0M
305760.000 1959 COM2 65 0R0 027 1.0 19.4 75.5 1.0158 0.00 0.0M
305820.000 1959 COM2 65 0R0 020 1.4 19.4 75.4 1.0158 0.00 0.0M
305880.000 1959 COM2 65 0R0 359 0.9 19.3 75.9 1.0158 0.00 0.0M
305940.000 1959 COM2 65 0R0 026 0.9 19.4 75.5 1.0158 0.00 0.0M
306000.000 1959 COM2 65 0R0 014 1.5 19.4 75.4 1.0158 0.00 0.0M
306060.000 1959 COM2 65 0R0 039 1.4 19.3 75.4 1.0158 0.00 0.0M
306120.000 1959 COM2 65 0R0 036 1.6 19.3 76.0 1.0158 0.00 0.0M
306180.000 1959 COM2 65 0R0 012 0.9 19.3 75.9 1.0158 0.00 0.0M
306240.000 1959 COM2 65 0R0 025 0.7 19.3 76.3 1.0158 0.00 0.0M
306300.000 1959 COM2 65 0R0 334 0.6 19.4 76.2 1.0159 0.00 0.0M
306360.000 1959 COM2 65 0R0 341 2.1 19.4 75.5 1.0159 0.00 0.0M
306420.000 1959 COM2 65 0R0 343 0.5 19.4 75.7 1.0159 0.00 0.0M
306480.000 1959 COM2 65 0R0 359 1.1 19.4 76.1 1.0159 0.00 0.0M
306540.000 1959 COM2 65 0R0 013 0.9 19.5 75.7 1.0159 0.00 0.0M
306600.000 1959 COM2 65 0R0 031 1.3 19.5 75.4 1.0159 0.00 0.0M
306660.000 1959 COM2 65 0R0 025 1.2 19.5 75.6 1.0159 0.00 0.0M
306720.000 1959 COM2 65 0R0 053 0.3 19.5 75.8 1.0158 0.00 0.0M
306780.000 1959 COM2 65 0R0 337 0.7 19.5 75.5 1.0158 0.00 0.0M
306840.000 1959 COM2 65 0R0 339 0.4 19.6 74.9 1.0158 0.00 0.0M
306900.000 1959 COM2 65 0R0 176 0.4 19.6 75.2 1.0158 0.00 0.0M
306960.000 1959 COM2 65 0R0 313 0.4 19.7 75.3 1.0158 0.00 0.0M
307020.000 1959 COM2 65 0R0 010 0.2 19.8 75.1 1.0158 0.00 0.0M
307080.000 1959 COM2 65 0R0 025 0.4 19.9 74.4 1.0157 0.00 0.0M
307140.000 1959 COM2 65 0R0 054 0.1 20.0 74.4 1.0157 0.00 0.0M
307200.000 1959 COM2 65 0R0 344 0.4 20.1 73.9 1.0157 0.00 0.0M
307260.000 1959 COM2 65 0R0 073 0.5 20.2 73.6 1.0157 0.00 0.0M
307320.000 1959 COM2 65 0R0 001 0.9 20.2 72.7 1.0157 0.00 0.0M
307380.000 1959 COM2 65 0R0 026 0.8 20.3 72.3 1.0157 0.00 0.0M
307440.000 1959 COM2 65 0R0 031 0.6 20.3 71.8 1.0157 0.00 0.0M
307500.000 1959 COM2 65 0R0 064 0.2 20.3 71.7 1.0157 0.00 0.0M
307560.000 1959 COM2 65 0R0 034 0.3 20.3 72.1 1.0157 0.00 0.0M
307620.000 1959 COM2 65 0R0 338 0.3 20.3 71.8 1.0157 0.00 0.0M
307680.000 1959 COM2 65 0R0 109 0.5 20.4 71.4 1.0156 0.00 0.0M
307740.000 1959 COM2 65 0R0 336 0.3 20.4 71.7 1.0156 0.00 0.0M
307800.000 1959 COM2 65 0R0 343 0.3 20.5 71.7 1.0156 0.00 0.0M
307860.000 1959 COM2 65 0R0 358 0.2 20.5 71.4 1.0155 0.00 0.0M
307920.000 1959 COM2 65 0R0 197 0.3 20.6 71.9 1.0155 0.00 0.0M
307980.000 1959 COM2 65 0R0 315 0.4 20.7 71.5 1.0155 0.00 0.0M
308040.000 1959 COM2 65 0R0 068 0.2 20.8 70.3 1.0154 0.00 0.0M
308100.000 1959 COM2 65 0R0 035 0.8 20.9 71.2 1.0154 0.00 0.0M
308160.000 1959 COM2 65 0R0 037 2.3 20.9 70.4 1.0154 0.00 0.0M
308220.000 1959 COM2 65 0R0 081 1.5 20.6 71.0 1.0154 0.00 0.0M
308280.000 1959 COM2 65 0R0 155 0.5 20.5 72.3 1.0153 0.00 0.0M
308340.000 1959 COM2 65 0R0 064 1.1 20.6 71.2 1.0153 0.00 0.0M
308400.000 1959 COM2 65 0R0 114 0.5 20.7 71.3 1.0153 0.00 0.0M
308460.000 1959 COM2 65 0R0 311 0.3 20.8 71.4 1.0154 0.00 0.0M
308520.000 1959 COM2 65 0R0 186 0.4 20.9 70.8 1.0154 0.00 0.0M
308580.000 1959 COM2 65 0R0 111 0.5 21.1 70.4 1.0154 0.00 0.0M
308640.000 1959 COM2 65 0R0 034 0.9 21.2 68.2 1.0154 0.00 0.0M
308700.000 1959 COM2 65 0R0 036 1.1 21.2 68.5 1.0155 0.00 0.0M
308760.000 1959 COM2 65 0R0 028 0.5 21.2 69.6 1.0155 0.00 0.0M
308820.000 1959 COM2 65 0R0 045 1.1 21.2 67.9 1.0154 0.00 0.0M
308880.000 1959 COM2 65 0R0 057 0.3 21.2 67.4 1.0154 0.00 0.0M
308940.000 1959 COM2 65 0R0 333 1.4 21.2 68.1 1.0154 0.00 0.0M
309000.000 1959 COM2 65 0R0 318 0.5 21.1 68.2 1.0154 0.00 0.0M
309060.000 1959 COM2 65 0R0 268 0.3 21.1 68.9 1.0154 0.00 0.0M
309120.000 1959 COM2 65 0R0 335 1.0 21.2 67.2 1.0154 0.00 0.0M
309180.000 1959 COM2 65 0R0 002 0.7 21.2 67.5 1.0154 0.00 0.0M
309240.000 1959 COM2 65 0R0 021 0.4 21.0 68.3 1.0154 0.00 0.0M
309300.000 1959 COM2 65 0R0 297 0.4 21.0 68.3 1.0154 0.00 0.0M
309360.000 1959 COM2 65 0R0 309 0.7 21.1 68.7 1.0154 0.00 0.0M
309420.000 1959 COM2 65 0R0 145 0.4 21.2 68.2 1.0154 0.00 0.0M
309480.000 1959 COM2 65 0R0 111 0.8 21.3 66.7 1.0154 0.00 0.0M
309540.000 1959 COM2 65 0R0 128 1.2 21.3 65.8 1.0154 0.00 0.0M
309600.000 1959 COM2 65 0R0 128 0.8 21.4 65.6 1.0154 0.00 0.0M
309660.000 1959 COM2 65 0R0 124 1.0 21.3 66.5 1.0154 0.00 0.0M
309720.000 1959 COM2 65 0R0 177 0.3 21.3 67.1 1.0153 0.00 0.0M
309780.000 1959 COM2 65 0R0 118 1.5 21.4 66.2 1.0153 0.00 0.0M
309840.000 1959 COM2 65 0R0 088 2.0 21.5 65.7 1.0154 0.00 0.0M
309900.000 1959 COM2 65 0R0 125 0.6 21.5 66.5 1.0154 0.00 0.0M
309960.000 1959 COM2 65 0R0 077 0.4 21.5 66.5 1.0154 0.00 0.0M
310020.000 1959 COM2 65 0R0 091 0.7 21.4 66.4 1.0153 0.00 0.0M
310080.000 1959 COM2 65 0R0 118 1.6 21.5 67.1 1.0153 0.00 0.0M
310140.000 1959 COM2 65 0R0 161 0.5 21.5 67.4 1.0153 0.00 0.0M
310200.000 1959 COM2 65 0R0 097 0.5 21.6 67.2 1.0153 0.00 0.0M
310260.000 1959 COM2 65 0R0 183 0.6 21.7 66.5 1.0153 0.00 0.0M
310320.000 1959 COM2 65 0R0 141 0.4 21.8 66.1 1.0153 0.00 0.0M
310380.000 1959 COM2 65 0R0 145 0.7 21.8 66.8 1.0153 0.00 0.0M
310440.000 1959 COM2 65 0R0 119 2.3 21.9 65.7 1.0153 0.00 0.0M
310500.000 1959 COM2 65 0R0 093 0.6 21.8 65.6 1.0154 0.00 0.0M
310560.000 1959 COM2 65 0R0 085 0.7 21.7 65.6 1.0154 0.00 0.0M
310620.000 1959 COM2 65 0R0 058 0.7 21.7 65.8 1.0154 0.00 0.0M
310680.000 1959 COM2 65 0R0 131 1.3 21.7 65.6 1.0154 0.00 0.0M
310740.000 1959 COM2 65 0R0 147 1.5 21.6 66.4 1.0154 0.00 0.0M
310800.000 1959 COM2 65 0R0 110 0.4 21.6 66.4 1.0154 0.00 0.0M
310860.000 1959 COM2 65 0R0 164 1.4 21.7 66.1 1.0154 0.00 0.0M
310920.000 1959 COM2 65 0R0 154 1.6 21.7 65.7 1.0155 0.00 0.0M
310980.000 1959 COM2 65 0R0 138 0.9 21.6 66.6 1.0155 0.00 0.0M
311040.000 1959 COM2 65 0R0 132 0.8 21.5 67.4 1.0155 0.00 0.0M
311100.000 1959 COM2 65 0R0 170 0.3 21.5 68.0 1.0155 0.00 0.0M
311160.000 1959 COM2 65 0R0 307 0.2 21.5 67.1 1.0155 0.00 0.0M
311220.000 1959 COM2 65 0R0 214 0.6 21.5 65.6 1.0155 0.00 0.0M
311280.000 1959 COM2 65 0R0 191 1.0 21.5 65.1 1.0155 0.00 0.0M
311340.000 1959 COM2 65 0R0 214 0.8 21.4 66.0 1.0155 0.00 0.0M
311400.000 1959 COM2 65 0R0 266 0.3 21.3 66.7 1.0155 0.00 0.0M
311460.000 1959 COM2 65 0R0 191 0.5 21.3 66.6 1.0155 0.00 0.0M
311520.000 1959 COM2 65 0R0 188 0.8 21.3 66.3 1.0155 0.00 0.0M
311580.000 1959 COM2 65 0R0 115 0.4 21.3 67.2 1.0155 0.00 0.0M
311640.000 1959 COM2 65 0R0 338 0.3 21.4 67.3 1.0155 0.00 0.0M
311700.000 1959 COM2 65 0R0 097 0.6 21.5 66.4 1.0155 0.00 0.0M
311760.000 1959 COM2 65 0R0 129 0.6 21.5 66.6 1.0155 0.00 0.0M
311820.000 1959 COM2 65 0R0 319 0.3 21.6 66.1 1.0155 0.00 0.0M
311880.000 1959 COM2 65 0R0 345 0.1 21.7 65.9 1.0155 0.00 0.0M
311940.000 1959 COM2 65 0R0 041 0.5 21.7 65.0 1.0155 0.00 0.0M
312000.000 1959 COM2 65 0R0 074 0.2 21.7 65.0 1.0154 0.00 0.0M
312060.000 1959 COM2 65 0R0 187 0.1 21.7 65.1 1.0154 0.00 0.0M
312120.000 1959 COM2 65 0R0 107 0.4 21.8 65.4 1.0154 0.00 0.0M
312180.000 1959 COM2 65 0R0 047 0.3 21.8 65.9 1.0154 0.00 0.0M
312240.000 1959 COM2 65 0R0 189 0.3 21.9 65.1 1.0154 0.00 0.0M
312300.000 1959 COM2 65 0R0 074 0.3 22.0 65.5 1.0154 0.00 0.0M
312360.000 1959 COM2 65 0R0 024 0.8 22.0 65.4 1.0154 0.00 0.0M
312420.000 1959 COM2 65 0R0 334 0.3 22.0 64.6 1.0154 0.00 0.0M
312480.000 1959 COM2 65 0R0 038 0.1 21.9 64.9 1.0154 0.00 0.0M
312540.000 1959 COM2 65 0R0 332 0.3 22.0 65.3 1.0154 0.00 0.0M
312600.000 1959 COM2 65 0R0 033 0.2 22.0 65.6 1.0154 0.00 0.0M
312660.000 1959 COM2 65 0R0 038 0.5 22.1 65.1 1.0154 0.00 0.0M
312720.000 1959 COM2 65 0R0 002 0.3 22.0 65.6 1.0153 0.00 0.0M
312780.000 1959 COM2 65 0R0 329 1.0 22.0 65.7 1.0153 0.00 0.0M
312840.000 1959 COM2 65 0R0 053 1.4 22.0 63.7 1.0153 0.00 0.0M
312900.000 1959 COM2 65 0R0 044 1.5 21.9 64.1 1.0153 0.00 0.0M
312960.000 1959 COM2 65 0R0 086 0.5 21.9 64.4 1.0153 0.00 0.0M
313020.000 1959 COM2 65 0R0 005 0.9 21.9 63.6 1.0153 0.00 0.0M
313080.000 1959 COM2 65 0R0 024 0.7 21.9 62.9 1.0153 0.00 0.0M
313140.000 1959 COM2 65 0R0 045 0.2 21.8 63.9 1.0153 0.00 0.0M
313200.000 1959 COM2 65 0R0 119 0.1 21.8 63.7 1.0153 0.00 0.0M
313260.000 1959 COM2 65 0R0 016 0.3 21.8 63.8 1.0154 0.00 0.0M
313320.000 1959 COM2 65 0R0 347 0.7 21.8 63.0 1.0154 0.00 0.0M
313380.000 1959 COM2 65 0R0 059 0.3 21.8 63.1 1.0154 0.00 0.0M
313440.000 1959 COM2 65 0R0 027 0.8 21.8 62.4 1.0154 0.00 0.0M
313500.300 1959 COM2 65 0R0 337 0.3 21.8 63.5 1.0154 0.00 0.0M
313560.000 1959 COM2 65 0R0 037 0.4 21.8 62.5 1.0153 0.00 0.0M
313620.000 1959 COM2 65 0R0 050 0.8 21.8 62.7 1.0153 0.00 0.0M
313680.000 1959 COM2 65 0R0 134 0.2 21.8 63.6 1.0153 0.00 0.0M
313740.000 1959 COM2 65 0R0 000 0.5 21.8 63.7 1.0153 0.00 0.0M
313800.000 1959 COM2 65 0R0 026 0.2 22.0 62.1 1.0153 0.00 0.0M
313860.000 1959 COM2 65 0R0 326 0.4 22.0 62.4 1.0153 0.00 0.0M
313920.000 1959 COM2 65 0R0 060 0.4 22.0 62.6 1.0153 0.00 0.0M
313980.000 1959 COM2 65 0R0 021 0.6 22.1 61.2 1.0153 0.00 0.0M
314040.000 1959 COM2 65 0R0 338 0.4 22.2 60.6 1.0154 0.00 0.0M
314100.000 1959 COM2 65 0R0 278 1.1 22.2 60.5 1.0154 0.00 0.0M
314160.000 1959 COM2 65 0R0 298 0.9 22.2 60.9 1.0154 0.00 0.0M
314220.100 1959 COM2 65 0R0 016 0.3 22.3 62.3 1.0154 0.00 0.0M
314280.100 1959 COM2 65 0R0 124 0.6 22.4 62.3 1.0154 0.00 0.0M
314340.000 1959 COM2 65 0R0 126 0.4 22.5 63.9 1.0154 0.00 0.0M
314400.000 1959 COM2 65 0R0 123 0.5 22.5 64.3 1.0154 0.00 0.0M
314460.000 1959 COM2 65 0R0 105 0.6 22.6 64.5 1.0154 0.00 0.0M
314520.000 1959 COM2 65 0R0 219 0.4 22.7 64.6 1.0154 0.00 0.0M
314580.000 1959 COM2 65 0R0 231 1.7 22.7 63.9 1.0154 0.00 0.0M
314640.000 1959 COM2 65 0R0 235 1.7 22.7 61.8 1.0154 0.00 0.0M
314700.000 1959 COM2 65 0R0 229 1.2 22.6 63.0 1.0153 0.00 0.0M
314760.000 1959 COM2 65 0R0 228 0.6 22.5 64.0 1.0153 0.00 0.0M
314820.000 1959 COM2 65 0R0 220 0.8 22.4 64.0 1.0153 0.00 0.0M
314880.000 1959 COM2 65 0R0 273 0.6 22.3 65.4 1.0153 0.00 0.0M
314940.000 1959 COM2 65 0R0 202 0.6 22.4 64.3 1.0153 0.00 0.0M
315000.000 1959 COM2 65 0R0 039 0.7 22.5 63.0 1.0153 0.00 0.0M
315060.000 1959 COM2 65 0R0 044 0.3 22.5 60.4 1.0152 0.00 0.0M
315120.000 1959 COM2 65 0R0 288 1.4 22.6 60.6 1.0152 0.00 0.0M
315180.000 1959 COM2 65 0R0 306 0.8 22.7 60.1 1.0152 0.00 0.0M
315240.000 1959 COM2 65 0R0 294 0.2 22.7 60.4 1.0152 0.00 0.0M
315300.000 1959 COM2 65 0R0 341 0.2 22.8 60.2 1.0152 0.00 0.0M
315360.000 1959 COM2 65 0R0 058 1.1 22.8 59.2 1.0152 0.00 0.0M
315420.000 1959 COM2 65 0R0 033 0.8 22.8 58.9 1.0152 0.00 0.0M
315480.000 1959 COM2 65 0R0 036 0.8 22.6 58.9 1.0151 0.00 0.0M
315540.000 1959 COM2 65 0R0 028 0.6 22.5 59.8 1.0151 0.00 0.0M
315600.000 1959 COM2 65 0R0 081 1.0 22.4 59.8 1.0150 0.00 0.0M
315660.000 1959 COM2 65 0R0 291 0.5 22.4 60.5 1.0150 0.00 0.0M
315720.000 1959 COM2 65 0R0 182 0.5 22.5 61.2 1.0150 0.00 0.0M
315780.000 1959 COM2 65 0R0 100 0.5 22.7 60.1 1.0149 0.00 0.0M
315840.000 1959 COM2 65 0R0 054 1.0 22.9 59.2 1.0149 0.00 0.0M
315900.000 1959 COM2 65 0R0 204 0.2 22.9 58.8 1.0149 0.00 0.0M
315960.000 1959 COM2 65 0R0 110 1.0 22.9 60.2 1.0149 0.00 0.0M
316020.000 1959 COM2 65 0R0 106 0.3 23.0 59.1 1.0149 0.00 0.0M
316080.000 1959 COM2 65 0R0 320 0.5 23.0 57.1 1.0149 0.00 0.0M
316140.000 1959 COM2 65 0R0 068 1.7 22.7 58.3 1.0149 0.00 0.0M
316200.000 1959 COM2 65 0R0 044 2.2 22.5 58.2 1.0149 0.00 0.0M
316260.000 1959 COM2 65 0R0 048 1.6 22.2 59.3 1.0150 0.00 0.0M
316320.000 1959 COM2 65 0R0 344 0.4 22.1 59.5 1.0150 0.00 0.0M
316380.000 1959 COM2 65 0R0 145 0.7 22.1 60.3 1.0150 0.00 0.0M
316440.000 1959 COM2 65 0R0 067 0.6 22.2 59.2 1.0150 0.00 0.0M
316500.000 1959 COM2 65 0R0 343 0.7 22.3 59.0 1.0150 0.00 0.0M
316560.000 1959 COM2 65 0R0 056 1.1 22.4 59.1 1.0150 0.00 0.0M
316620.000 1959 COM2 65 0R0 029 0.7 22.4 58.7 1.0150 0.00 0.0M
316680.000 1959 COM2 65 0R0 016 1.0 22.5 59.0 1.0150 0.00 0.0M
316740.000 1959 COM2 65 0R0 030 0.7 22.5 59.0 1.0150 0.00 0.0M
316800.000 1959 COM2 65 0R0 334 0.7 22.5 58.3 1.0150 0.00 0.0M
316860.000 1959 COM2 65 0R0 049 0.2 22.5 58.7 1.0150 0.00 0.0M
316920.000 1959 COM2 65 0R0 168 0.3 22.6 59.2 1.0150 0.00 0.0M
316980.000 1959 COM2 65 0R0 005 0.5 22.7 57.9 1.0150 0.00 0.0M
317040.000 1959 COM2 65 0R0 081 0.8 22.9 56.0 1.0150 0.00 0.0M
317100.000 1959 COM2 65 0R0 136 0.2 23.0 55.3 1.0151 0.00 0.0M
317160.000 1959 COM2 65 0R0 359 0.1 23.1 55.0 1.0151 0.00 0.0M
317220.000 1959 COM2 65 0R0 219 0.3 23.3 55.2 1.0151 0.00 0.0M
317280.000 1959 COM2 65 0R0 322 0.9 23.3 54.6 1.0150 0.00 0.0M
317340.000 1959 COM2 65 0R0 108 0.5 23.3 55.3 1.0150 0.00 0.0M
317400.000 1959 COM2 65 0R0 073 1.4 23.2 52.9 1.0150 0.00 0.0M
317460.000 1959 COM2 65 0R0 068 1.5 22.9 54.3 1.0150 0.00 0.0M
317520.000 1959 COM2 65 0R0 060 1.7 22.6 54.4 1.0150 0.00 0.0M
317580.000 1959 COM2 65 0R0 094 1.5 22.4 54.8 1.0150 0.00 0.0M
317640.000 1959 COM2 65 0R0 068 1.4 22.4 54.9 1.0150 0.00 0.0M
317700.000 1959 COM2 65 0R0 036 0.3 22.3 54.6 1.0150 0.00 0.0M
317760.000 1959 COM2 65 0R0 210 0.2 22.4 55.8 1.0149 0.00 0.0M
317820.000 1959 COM2 65 0R0 042 0.5 22.5 55.1 1.0150 0.00 0.0M
317880.000 1959 COM2 65 0R0 072 1.5 22.6 54.5 1.0149 0.00 0.0M
317940.000 1959 COM2 65 0R0 345 0.2 22.6 55.2 1.0149 0.00 0.0M
318000.000 1959 COM2 65 0R0 040 1.0 22.5 56.5 1.0149 0.00 0.0M
318060.000 1959 COM2 65 0R0 052 1.3 22.5 54.2 1.0149 0.00 0.0M
318120.000 1959 COM2 65 0R0 041 0.6 22.5 54.7 1.0148 0.00 0.0M
318180.000 1959 COM2 65 0R0 026 0.3 22.5 55.0 1.0148 0.00 0.0M
318240.000 1959 COM2 65 0R0 102 1.7 22.6 55.8 1.0148 0.00 0.0M
318300.000 1959 COM2 65 0R0 107 1.1 22.7 55.6 1.0148 0.00 0.0M
318360.000 1959 COM2 65 0R0 100 1.3 22.8 55.5 1.0148 0.00 0.0M
318420.000 1959 COM2 65 0R0 138 0.9 22.9 54.8 1.0148 0.00 0.0M
318480.000 1959 COM2 65 0R0 112 2.2 22.9 54.0 1.0149 0.00 0.0M
318540.000 1959 COM2 65 0R0 146 1.6 22.8 54.1 1.0149 0.00 0.0M
318600.000 1959 COM2 65 0R0 105 0.7 22.7 54.7 1.0150 0.00 0.0M
318660.000 1959 COM2 65 0R0 123 1.8 22.7 54.9 1.0149 0.00 0.0M
318720.000 1959 COM2 65 0R0 115 0.3 22.7 55.1 1.0149 0.00 0.0M
318780.000 1959 COM2 65 0R0 136 0.6 22.7 56.2 1.0149 0.00 0.0M
318840.000 1959 COM2 65 0R0 138 0.6 22.8 55.8 1.0149 0.00 0.0M
318900.000 1959 COM2 65 0R0 146 1.4 22.9 54.1 1.0149 0.00 0.0M
318960.000 1959 COM2 65 0R0 094 1.3 22.8 55.5 1.0148 0.00 0.0M
319020.000 1959 COM2 65 0R0 075 0.8 22.7 56.1 1.0148 0.00 0.0M
319080.000 1959 COM2 65 0R0 133 0.8 22.7 55.7 1.0148 0.00 0.0M
319140.000 1959 COM2 65 0R0 108 2.6 22.7 55.6 1.0148 0.00 0.0M
319200.000 1959 COM2 65 0R0 139 1.1 22.6 55.8 1.0148 0.00 0.0M
319260.000 1959 COM2 65 0R0 090 1.4 22.5 57.0 1.0148 0.00 0.0M
319320.000 1959 COM2 65 0R0 102 0.6 22.5 57.9 1.0148 0.00 0.0M
319380.000 1959 COM2 65 0R0 199 0.5 22.6 58.2 1.0148 0.00 0.0M
319440.000 1959 COM2 65 0R0 188 0.2 22.8 58.2 1.0148 0.00 0.0M
319500.000 1959 COM2 65 0R0 106 0.7 23.0 57.0 1.0148 0.00 0.0M
319560.000 1959 COM2 65 0R0 118 1.3 23.1 55.7 1.0148 0.00 0.0M
319620.000 1959 COM2 65 0R0 087 0.7 23.1 56.4 1.0148 0.00 0.0M
319680.000 1959 COM2 65 0R0 124 2.6 23.1 56.6 1.0148 0.00 0.0M
319740.000 1959 COM2 65 0R0 145 2.0 22.9 56.8 1.0148 0.00 0.0M
319800.000 1959 COM2 65 0R0 099 1.9 22.7 58.3 1.0149 0.00 0.0M
319860.000 1959 COM2 65 0R0 085 2.0 22.6 55.9 1.0149 0.00 0.0M
319920.000 1959 COM2 65 0R0 104 0.2 22.4 57.5 1.0149 0.00 0.0M
319980.000 1959 COM2 65 0R0 107 1.9 22.4 56.8 1.0149 0.00 0.0M
320040.000 1959 COM2 65 0R0 103 2.4 22.3 57.5 1.0148 0.00 0.0M
320100.000 1959 COM2 65 0R0 084 1.6 22.2 57.9 1.0148 0.00 0.0M
320160.000 1959 COM2 65 0R0 113 1.6 22.2 59.0 1.0148 0.00 0.0M
320220.000 1959 COM2 65 0R0 091 1.6 22.3 58.2 1.0148 0.00 0.0M
320280.000 1959 COM2 65 0R0 112 2.5 22.3 59.7 1.0147 0.00 0.0M
320340.000 1959 COM2 65 0R0 079 0.9 22.3 59.7 1.0148 0.00 0.0M
320400.000 1959 COM2 65 0R0 094 1.9 22.3 59.4 1.0147 0.00 0.0M
320460.000 1959 COM2 65 0R0 135 2.3 22.4 59.3 1.0147 0.00 0.0M
320520.000 1959 COM2 65 0R0 116 1.2 22.4 58.7 1.0147 0.00 0.0M
320580.000 1959 COM2 65 0R0 130 2.5 22.4 59.7 1.0146 0.00 0.0M
320640.000 1959 COM2 65 0R0 112 0.8 22.3 59.9 1.0145 0.00 0.0M
320700.000 1959 COM2 65 0R0 098 2.0 22.4 58.9 1.0145 0.00 0.0M
320760.000 1959 COM2 65 0R0 129 2.6 22.4 59.1 1.0144 0.00 0.0M
320820.000 1959 COM2 65 0R0 108 1.7 22.4 59.4 1.0144 0.00 0.0M
320880.000 1959 COM2 65 0R0 113 1.4 22.4 59.7 1.0145 0.00 0.0M
320940.000 1959 COM2 65 0R0 116 1.7 22.4 60.2 1.0145 0.00 0.0M
321000.000 1959 COM2 65 0R0 184 0.9 22.4 60.4 1.0146 0.00 0.0M
321060.000 1959 COM2 65 0R0 106 1.0 22.5 61.1 1.0146 0.00 0.0M
321120.000 1959 COM2 65 0R0 148 1.4 22.6 59.2 1.0146 0.00 0.0M
321180.000 1959 COM2 65 0R0 139 1.0 22.6 59.0 1.0146 0.00 0.0M
321240.000 1959 COM2 65 0R0 136 2.5 22.6 59.0 1.0146 0.00 0.0M
321300.000 1959 COM2 65 0R0 087 1.8 22.6 59.1 1.0145 0.00 0.0M
321360.000 1959 COM2 65 0R0 088 1.8 22.6 57.4 1.0145 0.00 0.0M
321420.000 1959 COM2 65 0R0 114 1.8 22.5 57.1 1.0145 0.00 0.0M
321480.000 1959 COM2 65 0R0 099 1.4 22.4 58.5 1.0145 0.00 0.0M
321540.000 1959 COM2 65 0R0 142 0.6 22.3 59.1 1.0145 0.00 0.0M
321600.000 1959 COM2 65 0R0 108 2.0 22.4 58.5 1.0145 0.00 0.0M
321660.000 1959 COM2 65 0R0 105 1.7 22.5 57.7 1.0145 0.00 0.0M
321720.000 1959 COM2 65 0R0 115 2.2 22.6 58.1 1.0145 0.00 0.0M
321780.000 1959 COM2 65 0R0 132 1.2 22.6 57.6 1.0145 0.00 0.0M
321840.000 1959 COM2 65 0R0 130 1.3 22.8 58.0 1.0145 0.00 0.0M
321900.000 1959 COM2 65 0R0 118 1.7 22.9 55.9 1.0145 0.00 0.0M
321960.000 1959 COM2 65 0R0 112 1.6 22.8 56.9 1.0144 0.00 0.0M
322020.000 1959 COM2 65 0R0 098 1.3 22.7 56.7 1.0144 0.00 0.0M
322080.000 1959 COM2 65 0R0 125 0.7 22.5 57.6 1.0144 0.00 0.0M
322140.000 1959 COM2 65 0R0 107 1.6 22.5 57.6 1.0144 0.00 0.0M
322200.000 1959 COM2 65 0R0 119 1.6 22.5 57.4 1.0144 0.00 0.0M
322260.000 1959 COM2 65 0R0 115 0.2 22.5 57.3 1.0144 0.00 0.0M
322320.000 1959 COM2 65 0R0 179 1.3 22.5 57.9 1.0144 0.00 0.0M
322380.000 1959 COM2 65 0R0 138 1.0 22.7 57.3 1.0144 0.00 0.0M
322440.000 1959 COM2 65 0R0 143 1.8 22.9 56.9 1.0144 0.00 0.0M
322500.000 1959 COM2 65 0R0 150 0.2 22.9 57.1 1.0144 0.00 0.0M
322560.000 1959 COM2 65 0R0 192 1.5 23.0 56.7 1.0144 0.00 0.0M
322620.000 1959 COM2 65 0R0 229 0.8 23.0 56.9 1.0144 0.00 0.0M
322680.000 1959 COM2 65 0R0 136 0.6 23.0 58.0 1.0144 0.00 0.0M
322740.000 1959 COM2 65 0R0 204 0.9 23.1 56.7 1.0144 0.00 0.0M
322800.100 1959 COM2 65 0R0 273 0.3 23.2 56.2 1.0144 0.00 0.0M
322860.000 1959 COM2 65 0R0 152 0.7 23.2 56.6 1.0143 0.00 0.0M
322920.000 1959 COM2 65 0R0 141 0.6 23.4 56.3 1.0143 0.00 0.0M
322980.000 1959 COM2 65 0R0 151 0.5 23.5 56.5 1.0143 0.00 0.0M
323040.000 1959 COM2 65 0R0 089 0.3 23.6 56.9 1.0143 0.00 0.0M
323100.000 1959 COM2 65 0R0 094 0.7 23.7 57.1 1.0142 0.00 0.0M
323160.000 1959 COM2 65 0R0 133 0.8 23.8 56.6 1.0142 0.00 0.0M
323220.000 1959 COM2 65 0R0 081 0.6 23.7 56.0 1.0143 0.00 0.0M
323280.000 1959 COM2 65 0R0 104 0.4 23.6 56.2 1.0142 0.00 0.0M
323340.000 1959 COM2 65 0R0 121 1.0 23.4 55.8 1.0142 0.00 0.0M
323400.000 1959 COM2 65 0R0 088 0.8 23.2 56.3 1.0142 0.00 0.0M
323460.000 1959 COM2 65 0R0 089 1.0 23.1 57.2 1.0142 0.00 0.0M
323520.000 1959 COM2 65 0R0 067 1.4 23.2 57.1 1.0142 0.00 0.0M
323580.000 1959 COM2 65 0R0 138 0.5 23.3 56.9 1.0142 0.00 0.0M
323640.000 1959 COM2 65 0R0 099 1.7 23.4 57.2 1.0142 0.00 0.0M
323700.000 1959 COM2 65 0R0 077 1.0 23.3 57.4 1.0142 0.00 0.0M
323760.000 1959 COM2 65 0R0 103 1.5 23.2 58.1 1.0142 0.00 0.0M
323820.000 1959 COM2 65 0R0 123 2.1 23.2 57.7 1.0142 0.00 0.0M
323880.000 1959 COM2 65 0R0 091 1.4 23.3 56.8 1.0141 0.00 0.0M
323940.000 1959 COM2 65 0R0 093 0.5 23.3 57.4 1.0141 0.00 0.0M
324000.000 1959 COM2 65 0R0 107 2.4 23.1 58.0 1.0141 0.00 0.0M
324060.000 1959 COM2 65 0R0 118 2.2 23.0 57.5 1.0141 0.00 0.0M
324120.000 1959 COM2 65 0R0 163 1.3 22.9 58.3 1.0140 0.00 0.0M
324180.000 1959 COM2 65 0R0 112 0.7 23.1 57.9 1.0140 0.00 0.0M
324240.000 1959 COM2 65 0R0 102 0.3 23.3 58.1 1.0140 0.00 0.0M
324300.000 1959 COM2 65 0R0 070 0.8 23.5 57.8 1.0140 0.00 0.0M
324360.100 1959 COM2 65 0R0 078 1.3 23.6 57.6 1.0141 0.00 0.0M
324420.000 1959 COM2 65 0R0 151 0.5 23.6 56.4 1.0141 0.00 0.0M
324480.000 1959 COM2 65 0R0 123 1.0 23.6 56.1 1.0141 0.00 0.0M
324540.000 1959 COM2 65 0R0 115 1.2 23.6 56.9 1.0140 0.00 0.0M
324600.000 1959 COM2 65 0R0 111 1.8 23.7 54.9 1.0140 0.00 0.0M
324660.000 1959 COM2 65 0R0 110 1.2 23.4 55.5 1.0140 0.00 0.0M
324720.000 1959 COM2 65 0R0 119 1.8 23.2 56.1 1.0141 0.00 0.0M
324780.000 1959 COM2 65 0R0 117 1.7 23.2 56.7 1.0141 0.00 0.0M
324840.000 1959 COM2 65 0R0 117 1.8 23.1 56.0 1.0140 0.00 0.0M
324900.100 1959 COM2 65 0R0 132 0.6 23.0 56.7 1.0140 0.00 0.0M
324960.000 1959 COM2 65 0R0 093 2.4 23.0 56.4 1.0140 0.00 0.0M
325020.000 1959 COM2 65 0R0 095 2.6 22.9 56.1 1.0140 0.00 0.0M
325080.000 1959 COM2 65 0R0 164 0.7 22.9 56.5 1.0141 0.00 0.0M
325140.000 1959 COM2 65 0R0 108 0.3 22.9 56.8 1.0141 0.00 0.0M
325200.000 1959 COM2 65 0R0 104 1.0 22.9 56.4 1.0142 0.00 0.0M
325260.100 1959 COM2 65 0R0 105 1.8 22.8 57.5 1.0142 0.00 0.0M
325320.000 1959 COM2 65 0R0 105 0.3 22.8 57.0 1.0142 0.00 0.0M
325380.000 1959 COM2 65 0R0 067 0.5 23.0 57.6 1.0142 0.00 0.0M
325440.000 1959 COM2 65 0R0 073 1.2 23.1 55.6 1.0141 0.00 0.0M
325500.000 1959 COM2 65 0R0 114 0.2 23.2 55.7 1.0141 0.00 0.0M
325560.000 1959 COM2 65 0R0 070 1.7 23.2 55.8 1.0141 0.00 0.0M
325620.000 1959 COM2 65 0R0 299 0.2 23.1 56.2 1.0141 0.00 0.0M
325680.000 1959 COM2 65 0R0 006 0.4 23.1 57.3 1.0141 0.00 0.0M
325740.100 1959 COM2 65 0R0 108 0.6 23.3 57.5 1.0141 0.00 0.0M
325800.000 1959 COM2 65 0R0 348 0.6 23.5 56.2 1.0141 0.00 0.0M
325860.000 1959 COM2 65 0R0 037 0.3 23.7 56.1 1.0141 0.00 0.0M
325920.000 1959 COM2 65 0R0 111 1.7 24.0 55.8 1.0141 0.00 0.0M
325980.000 1959 COM2 65 0R0 087 0.9 24.1 55.3 1.0141 0.00 0.0M
326040.000 1959 COM2 65 0R0 094 2.7 24.1 54.1 1.0141 0.00 0.0M
326100.000 1959 COM2 65 0R0 105 2.5 23.7 54.7 1.0141 0.00 0.0M
326160.000 1959 COM2 65 0R0 081 1.8 23.2 55.9 1.0141 0.00 0.0M
326220.000 1959 COM2 65 0R0 097 2.1 22.9 57.1 1.0141 0.00 0.0M
326280.000 1959 COM2 65 0R0 128 1.0 22.8 57.8 1.0141 0.00 0.0M
326340.000 1959 COM2 65 0R0 118 1.0 22.8 58.1 1.0141 0.00 0.0M
326400.000 1959 COM2 65 0R0 140 1.0 22.9 57.4 1.0140 0.00 0.0M
326460.000 1959 COM2 65 0R0 102 1.3 23.0 57.8 1.0140 0.00 0.0M
326520.000 1959 COM2 65 0R0 097 2.4 23.0 58.2 1.0139 0.00 0.0M
326580.000 1959 COM2 65 0R0 094 2.1 23.2 57.7 1.0139 0.00 0.0M
326640.100 1959 COM2 65 0R0 105 2.3 23.3 56.9 1.0139 0.00 0.0M
326700.100 1959 COM2 65 0R0 119 1.3 23.1 57.5 1.0139 0.00 0.0M
326760.100 1959 COM2 65 0R0 116 1.4 23.1 58.1 1.0139 0.00 0.0M
326820.100 1959 COM2 65 0R0 353 0.3 23.4 58.2 1.0139 0.00 0.0M
326880.100 1959 COM2 65 0R0 085 2.1 23.6 56.3 1.0139 0.00 0.0M
326940.100 1959 COM2 65 0R0 097 1.8 23.5 56.5 1.0139 0.00 0.0M
327000.100 1959 COM2 65 0R0 113 1.8 23.3 56.8 1.0139 0.00 0.0M
327060.000 1959 COM2 65 0R0 100 1.5 23.2 57.6 1.0139 0.00 0.0M
327120.000 1959 COM2 65 0R0 097 1.5 23.4 57.0 1.0139 0.00 0.0M
327180.000 1959 COM2 65 0R0 109 1.2 23.5 56.1 1.0139 0.00 0.0M
327240.000 1959 COM2 65 0R0 132 1.2 23.4 56.4 1.0138 0.00 0.0M
327300.000 1959 COM2 65 0R0 329 0.8 23.2 57.9 1.0138 0.00 0.0M
327360.000 1959 COM2 65 0R0 118 0.6 23.3 57.7 1.0138 0.00 0.0M
327420.000 1959 COM2 65 0R0 096 1.6 23.5 57.4 1.0138 0.00 0.0M
327480.000 1959 COM2 65 0R0 095 2.1 23.8 55.5 1.0138 0.00 0.0M
327540.000 1959 COM2 65 0R0 120 1.8 23.5 56.2 1.0138 0.00 0.0M
327600.000 1959 COM2 65 0R0 049 1.9 23.1 57.1 1.0138 0.00 0.0M
327660.000 1959 COM2 65 0R0 084 2.3 23.1 57.9 1.0137 0.00 0.0M
327720.000 1959 COM2 65 0R0 152 0.6 23.1 58.1 1.0137 0.00 0.0M
327780.000 1959 COM2 65 0R0 090 1.1 23.1 58.3 1.0137 0.00 0.0M
327840.000 1959 COM2 65 0R0 091 1.9 23.3 58.5 1.0136 0.00 0.0M
327900.000 1959 COM2 65 0R0 115 1.5 23.4 58.4 1.0136 0.00 0.0M
327960.000 1959 COM2 65 0R0 086 0.8 23.5 58.4 1.0136 0.00 0.0M
328020.000 1959 COM2 65 0R0 113 0.4 23.6 57.8 1.0135 0.00 0.0M
328080.000 1959 COM2 65 0R0 085 1.5 23.8 57.7 1.0135 0.00 0.0M
328140.000 1959 COM2 65 0R0 017 0.7 24.0 57.8 1.0135 0.00 0.0M
328200.000 1959 COM2 65 0R0 073 1.0 24.2 57.1 1.0135 0.00 0.0M
328260.000 1959 COM2 65 0R0 124 0.7 24.4 56.6 1.0135 0.00 0.0M
328320.000 1959 COM2 65 0R0 125 1.1 24.4 56.2 1.0135 0.00 0.0M
328380.000 1959 COM2 65 0R0 029 0.9 24.3 56.0 1.0135 0.00 0.0M
328440.000 1959 COM2 65 0R0 100 1.5 24.1 55.1 1.0135 0.00 0.0M
328500.100 1959 COM2 65 0R0 028 0.2 23.9 55.6 1.0135 0.00 0.0M
328560.000 1959 COM2 65 0R0 103 2.8 23.8 55.4 1.0135 0.00 0.0M
328620.000 1959 COM2 65 0R0 106 2.2 23.6 55.5 1.0134 0.00 0.0M
328680.000 1959 COM2 65 0R0 137 0.5 23.4 56.6 1.0134 0.00 0.0M
328740.000 1959 COM2 65 0R0 097 2.8 23.4 56.9 1.0134 0.00 0.0M
328800.000 1959 COM2 65 0R0 043 1.2 23.4 57.6 1.0134 0.00 0.0M
328860.000 1959 COM2 65 0R0 092 1.5 23.6 57.0 1.0134 0.00 0.0M
328920.000 1959 COM2 65 0R0 086 0.5 23.9 54.7 1.0134 0.00 0.0M
328980.000 1959 COM2 65 0R0 131 0.6 23.8 56.0 1.0134 0.00 0.0M
329040.000 1959 COM2 65 0R0 192 0.6 23.9 56.4 1.0133 0.00 0.0M
329100.000 1959 COM2 65 0R0 149 0.6 24.0 56.5 1.0133 0.00 0.0M
329160.000 1959 COM2 65 0R0 083 3.8 24.2 54.4 1.0133 0.00 0.0M
329220.000 1959 COM2 65 0R0 086 2.0 24.0 55.9 1.0133 0.00 0.0M
329280.000 1959 COM2 65 0R0 137 0.5 23.9 55.5 1.0132 0.00 0.0M
329340.000 1959 COM2 65 0R0 100 4.0 24.0 55.5 1.0131 0.00 0.0M
329400.000 1959 COM2 65 0R0 098 2.6 24.0 54.4 1.0131 0.00 0.0M
329460.000 1959 COM2 65 0R0 116 3.3 23.7 54.8 1.0131 0.00 0.0M
329520.000 1959 COM2 65 0R0 118 1.2 23.4 55.3 1.0131 0.00 0.0M
329580.000 1959 COM2 65 0R0 132 1.0 23.2 56.7 1.0130 0.00 0.0M
329640.000 1959 COM2 65 0R0 152 0.6 23.3 57.6 1.0130 0.00 0.0M
329700.000 1959 COM2 65 0R0 109 4.8 23.7 56.1 1.0130 0.00 0.0M
329760.000 1959 COM2 65 0R0 091 2.8 23.8 54.3 1.0130 0.00 0.0M
329820.000 1959 COM2 65 0R0 101 2.0 23.4 55.0 1.0130 0.00 0.0M
329880.000 1959 COM2 65 0R0 096 1.9 23.2 54.7 1.0129 0.00 0.0M
329940.000 1959 COM2 65 0R0 116 1.9 23.1 56.5 1.0129 0.00 0.0M
330000.000 1959 COM2 65 0R0 133 3.5 23.2 56.0 1.0129 0.00 0.0M
330060.000 1959 COM2 65 0R0 128 1.5 23.2 55.7 1.0129 0.00 0.0M
330120.000 1959 COM2 65 0R0 098 2.3 23.3 55.1 1.0129 0.00 0.0M
330180.000 1959 COM2 65 0R0 075 1.0 23.3 54.7 1.0129 0.00 0.0M
330240.000 1959 COM2 65 0R0 065 1.2 23.3 55.4 1.0128 0.00 0.0M
330300.000 1959 COM2 65 0R0 085 1.2 23.4 55.3 1.0128 0.00 0.0M
330360.000 1959 COM2 65 0R0 097 1.6 23.4 55.1 1.0128 0.00 0.0M
330420.000 1959 COM2 65 0R0 164 0.6 23.4 55.4 1.0128 0.00 0.0M
330480.000 1959 COM2 65 0R0 089 2.3 23.5 55.3 1.0128 0.00 0.0M
330540.000 1959 COM2 65 0R0 101 2.7 23.7 54.7 1.0128 0.00 0.0M
330600.000 1959 COM2 65 0R0 114 1.7 23.7 55.0 1.0128 0.00 0.0M
330660.000 1959 COM2 65 0R0 105 3.0 23.9 54.1 1.0128 0.00 0.0M
330720.000 1959 COM2 65 0R0 074 2.3 23.9 53.4 1.0129 0.00 0.0M
330780.000 1959 COM2 65 0R0 118 1.6 23.7 53.4 1.0129 0.00 0.0M
330840.000 1959 COM2 65 0R0 100 2.1 23.6 54.0 1.0129 0.00 0.0M
330900.000 1959 COM2 65 0R0 100 0.4 23.4 54.6 1.0129 0.00 0.0M
330960.000 1959 COM2 65 0R0 113 1.1 23.4 55.2 1.0128 0.00 0.0M
331020.000 1959 COM2 65 0R0 083 0.8 23.7 55.0 1.0128 0.00 0.0M
331080.000 1959 COM2 65 0R0 092 2.3 24.1 53.0 1.0128 0.00 0.0M
331140.000 1959 COM2 65 0R0 081 0.5 24.2 53.2 1.0128 0.00 0.0M
331200.000 1959 COM2 65 0R0 123 1.0 24.4 51.9 1.0128 0.00 0.0M
331260.000 1959 COM2 65 0R0 178 0.6 24.5 51.9 1.0128 0.00 0.0M
331320.000 1959 COM2 65 0R0 143 0.6 24.6 53.0 1.0128 0.00 0.0M
331380.000 1959 COM2 65 0R0 125 1.2 24.8 51.4 1.0128 0.00 0.0M
331440.000 1959 COM2 65 0R0 065 2.6 24.8 51.5 1.0129 0.00 0.0M
331500.000 1959 COM2 65 0R0 093 3.3 24.3 52.4 1.0128 0.00 0.0M
331560.000 1959 COM2 65 0R0 128 2.7 24.0 53.5 1.0129 0.00 0.0M
331620.000 1959 COM2 65 0R0 116 2.1 23.8 53.8 1.0129 0.00 0.0M
331680.000 1959 COM2 65 0R0 112 2.0 23.8 53.6 1.0129 0.00 0.0M
331740.000 1959 COM2 65 0R0 122 1.2 23.8 54.1 1.0129 0.00 0.0M
331800.000 1959 COM2 65 0R0 062 3.2 23.8 53.6 1.0129 0.00 0.0M
331860.000 1959 COM2 65 0R0 313 1.0 23.6 54.4 1.0129 0.00 0.0M
331920.000 1959 COM2 65 0R0 115 1.3 23.6 54.7 1.0128 0.00 0.0M
331980.000 1959 COM2 65 0R0 059 0.5 23.6 54.8 1.0128 0.00 0.0M
332040.000 1959 COM2 65 0R0 119 1.4 23.7 55.2 1.0128 0.00 0.0M
332100.000 1959 COM2 65 0R0 092 2.3 23.7 54.7 1.0128 0.00 0.0M
332160.000 1959 COM2 65 0R0 064 1.6 23.7 55.8 1.0128 0.00 0.0M
332220.000 1959 COM2 65 0R0 084 2.1 23.8 55.2 1.0128 0.00 0.0M
332280.000 1959 COM2 65 0R0 116 1.6 23.8 54.4 1.0128 0.00 0.0M
332340.000 1959 COM2 65 0R0 096 0.8 23.8 54.7 1.0128 0.00 0.0M
332400.000 1959 COM2 65 0R0 097 1.2 23.8 54.3 1.0129 0.00 0.0M
332460.000 1959 COM2 65 0R0 096 3.2 23.8 54.8 1.0128 0.00 0.0M
332520.000 1959 COM2 65 0R0 039 1.7 23.8 54.9 1.0129 0.00 0.0M
332580.000 1959 COM2 65 0R0 098 3.0 23.6 55.9 1.0129 0.00 0.0M
332640.000 1959 COM2 65 0R0 120 1.4 23.6 56.3 1.0128 0.00 0.0M
332700.000 1959 COM2 65 0R0 106 0.8 23.7 56.5 1.0128 0.00 0.0M
332760.000 1959 COM2 65 0R0 106 1.3 23.8 55.6 1.0128 0.00 0.0M
332820.000 1959 COM2 65 0R0 083 1.3 23.8 56.1 1.0128 0.00 0.0M
332880.000 1959 COM2 65 0R0 112 2.1 23.8 56.0 1.0128 0.00 0.0M
332940.000 1959 COM2 65 0R0 101 2.7 23.8 55.7 1.0128 0.00 0.0M
333000.000 1959 COM2 65 0R0 070 2.1 23.7 56.2 1.0127 0.00 0.0M
333060.000 1959 COM2 65 0R0 099 2.2 23.5 56.4 1.0127 0.00 0.0M
333120.000 1959 COM2 65 0R0 117 1.5 23.4 56.5 1.0127 0.00 0.0M
333180.000 1959 COM2 65 0R0 092 1.3 23.4 56.8 1.0127 0.00 0.0M
333240.000 1959 COM2 65 0R0 093 1.4 23.4 56.3 1.0127 0.00 0.0M
333300.000 1959 COM2 65 0R0 100 1.1 23.5 56.5 1.0127 0.00 0.0M
333360.000 1959 COM2 65 0R0 107 1.2 23.5 55.8 1.0127 0.00 0.0M
333420.000 1959 COM2 65 0R0 088 2.6 23.4 56.7 1.0127 0.00 0.0M
333480.000 1959 COM2 65 0R0 113 1.7 23.3 57.6 1.0127 0.00 0.0M
333540.000 1959 COM2 65 0R0 126 0.9 23.2 57.3 1.0128 0.00 0.0M
333600.000 1959 COM2 65 0R0 058 0.2 23.2 57.7 1.0128 0.00 0.0M
333660.000 1959 COM2 65 0R0 088 2.2 23.2 57.6 1.0128 0.00 0.0M
333720.000 1959 COM2 65 0R0 088 1.3 23.3 57.2 1.0128 0.00 0.0M
333780.000 1959 COM2 65 0R0 111 0.8 23.3 58.1 1.0127 0.00 0.0M
333840.000 1959 COM2 65 0R0 117 1.0 23.3 58.0 1.0127 0.00 0.0M
333900.000 1959 COM2 65 0R0 122 0.7 23.4 58.1 1.0127 0.00 0.0M
333960.000 1959 COM2 65 0R0 097 1.7 23.4 57.6 1.0127 0.00 0.0M
334020.000 1959 COM2 65 0R0 100 1.7 23.4 57.2 1.0127 0.00 0.0M
334080.000 1959 COM2 65 0R0 128 1.0 23.3 58.0 1.0128 0.00 0.0M
334140.000 1959 COM2 65 0R0 080 2.0 23.3 58.0 1.0128 0.00 0.0M
334200.000 1959 COM2 65 0R0 095 2.8 23.3 58.1 1.0128 0.00 0.0M
334260.000 1959 COM2 65 0R0 107 0.8 23.2 58.5 1.0128 0.00 0.0M
334320.000 1959 COM2 65 0R0 098 2.2 23.1 59.1 1.0128 0.00 0.0M
334380.000 1959 COM2 65 0R0 103 1.3 23.0 59.3 1.0128 0.00 0.0M
334440.000 1959 COM2 65 0R0 105 1.2 23.1 58.5 1.0128 0.00 0.0M
334500.000 1959 COM2 65 0R0 085 2.0 23.1 58.2 1.0128 0.00 0.0M
334560.000 1959 COM2 65 0R0 099 1.9 23.1 57.9 1.0128 0.00 0.0M
334620.000 1959 COM2 65 0R0 042 0.3 23.0 58.2 1.0128 0.00 0.0M
334680.000 1959 COM2 65 0R0 209 0.4 23.0 58.9 1.0128 0.00 0.0M
334740.000 1959 COM2 65 0R0 137 1.6 23.1 57.9 1.0128 0.00 0.0M
334800.000 1959 COM2 65 0R0 104 0.7 23.1 58.0 1.0128 0.00 0.0M
334860.000 1959 COM2 65 0R0 138 0.6 23.2 58.4 1.0128 0.00 0.0M
334920.000 1959 COM2 65 0R0 027 0.2 23.3 57.6 1.0128 0.00 0.0M
334980.000 1959 COM2 65 0R0 113 1.1 23.5 56.8 1.0128 0.00 0.0M
335040.000 1959 COM2 65 0R0 093 1.0 23.6 56.9 1.0128 0.00 0.0M
335100.000 1959 COM2 65 0R0 106 1.1 23.6 56.6 1.0127 0.00 0.0M
335160.000 1959 COM2 65 0R0 121 1.7 23.6 56.5 1.0127 0.00 0.0M
335220.000 1959 COM2 65 0R0 103 0.7 23.7 56.6 1.0127 0.00 0.0M
335280.000 1959 COM2 65 0R0 098 1.7 23.8 56.5 1.0127 0.00 0.0M
335340.000 1959 COM2 65 0R0 127 1.5 23.8 57.0 1.0127 0.00 0.0M
335400.000 1959 COM2 65 0R0 124 2.1 23.8 55.7 1.0127 0.00 0.0M
335460.000 1959 COM2 65 0R0 092 0.6 23.7 56.6 1.0127 0.00 0.0M
335520.000 1959 COM2 65 0R0 124 1.7 23.6 56.0 1.0127 0.00 0.0M
335580.000 1959 COM2 65 0R0 106 1.2 23.7 56.7 1.0127 0.00 0.0M
335640.000 1959 COM2 65 0R0 116 1.4 23.7 56.2 1.0127 0.00 0.0M
335700.000 1959 COM2 65 0R0 096 1.9 23.7 56.3 1.0127 0.00 0.0M
335760.000 1959 COM2 65 0R0 080 1.2 23.7 56.5 1.0127 0.00 0.0M
335820.000 1959 COM2 65 0R0 102 1.6 23.7 57.0 1.0127 0.00 0.0M
335880.000 1959 COM2 65 0R0 094 0.8 23.6 57.6 1.0126 0.00 0.0M
335940.000 1959 COM2 65 0R0 116 0.7 23.6 57.5 1.0126 0.00 0.0M
336000.000 1959 COM2 65 0R0 039 0.6 23.8 57.3 1.0126 0.00 0.0M
336060.000 1959 COM2 65 0R0 112 1.8 23.9 55.0 1.0126 0.00 0.0M
336120.000 1959 COM2 65 0R0 133 1.5 23.8 55.2 1.0125 0.00 0.0M
336180.000 1959 COM2 65 0R0 134 0.9 23.7 55.7 1.0125 0.00 0.0M
336240.000 1959 COM2 65 0R0 096 0.5 23.7 56.0 1.0125 0.00 0.0M
336300.000 1959 COM2 65 0R0 123 2.7 23.8 56.4 1.0125 0.00 0.0M
336360.000 1959 COM2 65 0R0 102 0.4 23.7 56.8 1.0125 0.00 0.0M
336420.000 1959 COM2 65 0R0 091 2.1 23.6 57.0 1.0124 0.00 0.0M
336480.000 1959 COM2 65 0R0 070 0.3 23.6 57.4 1.0125 0.00 0.0M
336540.000 1959 COM2 65 0R0 093 1.8 23.6 57.5 1.0125 0.00 0.0M
336600.000 1959 COM2 65 0R0 113 0.7 23.6 57.8 1.0125 0.00 0.0M
336660.000 1959 COM2 65 0R0 075 1.2 23.7 57.7 1.0125 0.00 0.0M
336720.000 1959 COM2 65 0R0 083 2.8 23.7 57.2 1.0124 0.00 0.0M
336780.000 1959 COM2 65 0R0 114 3.9 23.6 57.9 1.0124 0.00 0.0M
336840.000 1959 COM2 65 0R0 093 3.9 23.6 57.3 1.0124 0.00 0.0M
336900.000 1959 COM2 65 0R0 103 1.6 23.4 58.0 1.0123 0.00 0.0M
336960.000 1959 COM2 65 0R0 107 3.3 23.4 57.9 1.0123 0.00 0.0M
337020.000 1959 COM2 65 0R0 135 1.4 23.4 58.0 1.0123 0.00 0.0M
337080.000 1959 COM2 65 0R0 098 2.8 23.5 58.0 1.0122 0.00 0.0M
337140.000 1959 COM2 65 0R0 099 2.7 23.6 58.1 1.0122 0.00 0.0M
337200.000 1959 COM2 65 0R0 111 2.8 23.6 58.0 1.0122 0.00 0.0M
337260.000 1959 COM2 65 0R0 096 2.3 23.6 58.0 1.0122 0.00 0.0M
337320.000 1959 COM2 65 0R0 091 3.2 23.6 58.1 1.0122 0.00 0.0M
337380.000 1959 COM2 65 0R0 108 1.2 23.5 58.5 1.0122 0.00 0.0M
337440.000 1959 COM2 65 0R0 119 2.5 23.4 58.2 1.0122 0.00 0.0M
337500.000 1959 COM2 65 0R0 127 3.4 23.4 58.1 1.0122 0.00 0.0M
337560.000 1959 COM2 65 0R0 111 3.5 23.3 58.6 1.0121 0.00 0.0M
337620.000 1959 COM2 65 0R0 108 2.0 23.3 59.5 1.0121 0.00 0.0M
337680.000 1959 COM2 65 0R0 136 1.9 23.3 59.3 1.0121 0.00 0.0M
337740.000 1959 COM2 65 0R0 092 1.6 23.3 59.4 1.0121 0.00 0.0M
337800.000 1959 COM2 65 0R0 106 2.6 23.3 58.6 1.0121 0.00 0.0M
337860.000 1959 COM2 65 0R0 124 2.7 23.3 58.5 1.0121 0.00 0.0M
337920.000 1959 COM2 65 0R0 117 4.6 23.4 58.1 1.0121 0.00 0.0M
337980.000 1959 COM2 65 0R0 107 3.1 23.3 58.9 1.0121 0.00 0.0M
338040.000 1959 COM2 65 0R0 087 2.2 23.4 58.5 1.0121 0.00 0.0M
338100.000 1959 COM2 65 0R0 181 2.1 23.4 58.9 1.0121 0.00 0.0M
338160.000 1959 COM2 65 0R0 100 0.6 23.5 58.5 1.0121 0.00 0.0M
338220.000 1959 COM2 65 0R0 087 1.8 23.7 57.6 1.0121 0.00 0.0M
338280.000 1959 COM2 65 0R0 084 2.4 23.7 57.3 1.0121 0.00 0.0M
338340.000 1959 COM2 65 0R0 116 3.4 23.7 57.5 1.0121 0.00 0.0M
338400.000 1959 COM2 65 0R0 122 1.9 23.6 57.9 1.0120 0.00 0.0M
338460.000 1959 COM2 65 0R0 136 1.4 23.6 56.6 1.0120 0.00 0.0M
338520.000 1959 COM2 65 0R0 115 1.3 23.6 57.8 1.0120 0.00 0.0M
338580.000 1959 COM2 65 0R0 113 2.6 23.6 57.3 1.0120 0.00 0.0M
338640.000 1959 COM2 65 0R0 145 0.8 23.6 57.4 1.0120 0.00 0.0M
338700.000 1959 COM2 65 0R0 081 2.7 23.7 57.4 1.0120 0.00 0.0M
338760.000 1959 COM2 65 0R0 129 3.0 23.7 57.5 1.0120 0.00 0.0M
338820.000 1959 COM2 65 0R0 129 2.0 23.7 57.0 1.0120 0.00 0.0M
338880.000 1959 COM2 65 0R0 129 2.0 23.6 57.9 1.0121 0.00 0.0M
338940.000 1959 COM2 65 0R0 120 2.9 23.6 57.7 1.0120 0.00 0.0M
339000.100 1959 COM2 65 0R0 147 0.9 23.6 58.0 1.0120 0.00 0.0M
339060.000 1959 COM2 65 0R0 112 2.7 23.6 56.8 1.0120 0.00 0.0M
339120.000 1959 COM2 65 0R0 091 2.7 23.6 57.4 1.0120 0.00 0.0M
339180.000 1959 COM2 65 0R0 120 2.5 23.6 56.9 1.0120 0.00 0.0M
339240.000 1959 COM2 65 0R0 114 3.0 23.6 57.3 1.0120 0.00 0.0M
339300.000 1959 COM2 65 0R0 100 2.8 23.6 56.9 1.0120 0.00 0.0M
339360.100 1959 COM2 65 0R0 131 5.2 23.5 57.5 1.0120 0.00 0.0M
339420.100 1959 COM2 65 0R0 091 2.5 23.5 57.4 1.0120 0.00 0.0M
339480.000 1959 COM2 65 0R0 027 0.4 23.4 57.5 1.0119 0.00 0.0M
339540.000 1959 COM2 65 0R0 153 1.0 23.5 57.0 1.0119 0.00 0.0M
339600.000 1959 COM2 65 0R0 080 1.7 23.6 56.9 1.0119 0.00 0.0M
339660.100 1959 COM2 65 0R0 127 0.9 23.6 57.4 1.0119 0.00 0.0M
339720.000 1959 COM2 65 0R0 140 2.3 23.6 56.8 1.0119 0.00 0.0M
339780.000 1959 COM2 65 0R0 088 1.7 23.6 57.2 1.0119 0.00 0.0M
339840.000 1959 COM2 65 0R0 104 2.4 23.5 57.5 1.0118 0.00 0.0M
339900.000 1959 COM2 65 0R0 109 1.5 23.5 57.9 1.0118 0.00 0.0M
339960.000 1959 COM2 65 0R0 131 1.0 23.5 58.0 1.0118 0.00 0.0M
340020.000 1959 COM2 65 0R0 096 2.4 23.7 57.7 1.0118 0.00 0.0M
340080.000 1959 COM2 65 0R0 086 0.8 23.8 57.2 1.0117 0.00 0.0M
340140.000 1959 COM2 65 0R0 110 2.6 23.9 57.0 1.0118 0.00 0.0M
340200.000 1959 COM2 65 0R0 128 1.6 23.8 56.9 1.0118 0.00 0.0M
340260.000 1959 COM2 65 0R0 087 4.1 23.7 57.6 1.0118 0.00 0.0M
340320.000 1959 COM2 65 0R0 089 4.1 23.4 58.3 1.0118 0.00 0.0M
340380.000 1959 COM2 65 0R0 122 2.1 23.3 58.5 1.0118 0.00 0.0M
340440.000 1959 COM2 65 0R0 095 3.0 23.2 58.8 1.0118 0.00 0.0M
340500.000 1959 COM2 65 0R0 094 3.6 23.1 59.0 1.0118 0.00 0.0M
340560.000 1959 COM2 65 0R0 150 0.7 23.1 59.8 1.0118 0.00 0.0M
340620.000 1959 COM2 65 0R0 108 3.3 23.1 59.8 1.0118 0.00 0.0M
340680.000 1959 COM2 65 0R0 122 4.4 23.2 59.5 1.0118 0.00 0.0M
340740.000 1959 COM2 65 0R0 103 1.6 23.2 59.6 1.0118 0.00 0.0M
340800.000 1959 COM2 65 0R0 101 3.8 23.2 59.5 1.0118 0.00 0.0M
340860.000 1959 COM2 65 0R0 119 2.9 23.2 59.7 1.0118 0.00 0.0M
340920.000 1959 COM2 65 0R0 097 2.5 23.1 59.9 1.0118 0.00 0.0M
340980.000 1959 COM2 65 0R0 127 1.5 23.1 59.9 1.0118 0.00 0.0M
341040.000 1959 COM2 65 0R0 113 1.6 23.1 60.2 1.0118 0.00 0.0M
341100.000 1959 COM2 65 0R0 103 3.3 23.1 59.8 1.0118 0.00 0.0M
341160.000 1959 COM2 65 0R0 094 3.0 23.1 59.3 1.0118 0.00 0.0M
341220.000 1959 COM2 65 0R0 106 4.5 23.1 59.3 1.0118 0.00 0.0M
341280.000 1959 COM2 65 0R0 103 2.8 23.0 59.8 1.0119 0.00 0.0M
341340.000 1959 COM2 65 0R0 090 3.4 23.0 59.7 1.0119 0.00 0.0M
341400.000 1959 COM2 65 0R0 095 2.7 23.0 59.9 1.0119 0.00 0.0M
341460.000 1959 COM2 65 0R0 094 3.4 23.0 59.7 1.0119 0.00 0.0M
341520.000 1959 COM2 65 0R0 094 3.9 22.9 60.0 1.0119 0.00 0.0M
341580.000 1959 COM2 65 0R0 099 2.1 22.9 60.2 1.0119 0.00 0.0M
341640.000 1959 COM2 65 0R0 125 1.6 22.9 60.7 1.0119 0.00 0.0M
341700.000 1959 COM2 65 0R0 093 2.1 22.9 60.5 1.0119 0.00 0.0M
341760.000 1959 COM2 65 0R0 137 1.1 23.0 60.6 1.0119 0.00 0.0M
341820.000 1959 COM2 65 0R0 107 2.5 23.1 60.5 1.0119 0.00 0.0M
341880.000 1959 COM2 65 0R0 113 1.9 23.1 60.8 1.0119 0.00 0.0M
341940.000 1959 COM2 65 0R0 126 2.6 23.1 60.8 1.0119 0.00 0.0M
342000.000 1959 COM2 65 0R0 137 2.1 23.0 60.5 1.0119 0.00 0.0M
342060.000 1959 COM2 65 0R0 089 2.6 23.0 60.4 1.0119 0.00 0.0M
342120.000 1959 COM2 65 0R0 123 2.0 22.9 61.0 1.0119 0.00 0.0M
342180.000 1959 COM2 65 0R0 233 0.9 22.9 61.0 1.0119 0.00 0.0M
342240.100 1959 COM2 65 0R0 073 0.5 23.0 61.1 1.0119 0.00 0.0M
342300.000 1959 COM2 65 0R0 084 2.5 23.0 61.0 1.0119 0.00 0.0M
342360.000 1959 COM2 65 0R0 155 0.4 23.0 60.9 1.0119 0.00 0.0M
342420.000 1959 COM2 65 0R0 131 1.8 23.0 61.3 1.0119 0.00 0.0M
342480.000 1959 COM2 65 0R0 085 2.0 23.0 60.6 1.0118 0.00 0.0M
342540.000 1959 COM2 65 0R0 093 2.5 23.0 60.7 1.0118 0.00 0.0M
342600.000 1959 COM2 65 0R0 110 3.0 22.9 60.7 1.0118 0.00 0.0M
342660.000 1959 COM2 65 0R0 106 2.3 22.9 61.1 1.0118 0.00 0.0M
342720.000 1959 COM2 65 0R0 121 2.3 22.8 60.9 1.0118 0.00 0.0M
342780.000 1959 COM2 65 0R0 063 1.1 22.8 61.1 1.0118 0.00 0.0M
342840.000 1959 COM2 65 0R0 129 2.2 22.8 60.7 1.0118 0.00 0.0M
342900.000 1959 COM2 65 0R0 106 1.9 22.8 60.8 1.0118 0.00 0.0M
342960.000 1959 COM2 65 0R0 111 2.2 22.7 61.3 1.0118 0.00 0.0M
343020.000 1959 COM2 65 0R0 105 1.9 22.7 60.9 1.0117 0.00 0.0M
343080.000 1959 COM2 65 0R0 130 0.9 22.7 60.8 1.0117 0.00 0.0M
343140.000 1959 COM2 65 0R0 163 1.0 22.7 60.8 1.0117 0.00 0.0M
343200.000 1959 COM2 65 0R0 118 0.7 22.7 60.5 1.0117 0.00 0.0M
343260.000 1959 COM2 65 0R0 135 1.2 22.7 61.1 1.0117 0.00 0.0M
343320.000 1959 COM2 65 0R0 122 2.5 22.7 60.8 1.0117 0.00 0.0M
343380.000 1959 COM2 65 0R0 120 2.6 22.7 61.0 1.0117 0.00 0.0M
343440.000 1959 COM2 65 0R0 120 1.1 22.6 61.2 1.0118 0.00 0.0M
343500.000 1959 COM2 65 0R0 096 1.7 22.6 61.1 1.0118 0.00 0.0M
343560.000 1959 COM2 65 0R0 100 0.9 22.6 61.4 1.0118 0.00 0.0M
343620.000 1959 COM2 65 0R0 126 1.5 22.6 61.0 1.0118 0.00 0.0M
343680.000 1959 COM2 65 0R0 118 1.4 22.6 61.4 1.0118 0.00 0.0M
343740.000 1959 COM2 65 0R0 107 2.0 22.6 61.4 1.0118 0.00 0.0M
343800.000 1959 COM2 65 0R0 093 2.4 22.5 61.4 1.0118 0.00 0.0M
343860.000 1959 COM2 65 0R0 117 1.9 22.4 61.7 1.0118 0.00 0.0M
343920.000 1959 COM2 65 0R0 105 2.1 22.4 61.9 1.0117 0.00 0.0M
343980.000 1959 COM2 65 0R0 119 2.9 22.4 61.5 1.0117 0.00 0.0M
344040.000 1959 COM2 65 0R0 116 2.1 22.4 61.8 1.0117 0.00 0.0M
344100.000 1959 COM2 65 0R0 112 1.8 22.3 62.0 1.0117 0.00 0.0M
344160.000 1959 COM2 65 0R0 118 2.9 22.3 62.1 1.0118 0.00 0.0M
344220.000 1959 COM2 65 0R0 101 2.6 22.3 62.2 1.0118 0.00 0.0M
344280.000 1959 COM2 65 0R0 120 2.0 22.3 62.3 1.0118 0.00 0.0M
344340.000 1959 COM2 65 0R0 111 1.4 22.2 62.5 1.0118 0.00 0.0M
344400.000 1959 COM2 65 0R0 113 3.0 22.2 62.5 1.0118 0.00 0.0M
344460.000 1959 COM2 65 0R0 102 1.9 22.2 62.6 1.0118 0.00 0.0M
344520.000 1959 COM2 65 0R0 121 1.4 22.2 62.8 1.0118 0.00 0.0M
344580.000 1959 COM2 65 0R0 137 0.7 22.1 63.0 1.0119 0.00 0.0M
344640.000 1959 COM2 65 0R0 125 2.7 22.1 62.8 1.0119 0.00 0.0M
344700.000 1959 COM2 65 0R0 102 1.8 22.1 63.1 1.0119 0.00 0.0M
344760.000 1959 COM2 65 0R0 099 2.2 22.1 63.3 1.0119 0.00 0.0M
344820.000 1959 COM2 65 0R0 105 2.3 22.1 63.3 1.0119 0.00 0.0M
344880.000 1959 COM2 65 0R0 106 3.1 22.0 63.5 1.0119 0.00 0.0M
344940.000 1959 COM2 65 0R0 090 1.3 22.0 63.8 1.0119 0.00 0.0M
345000.000 1959 COM2 65 0R0 120 1.4 22.0 64.0 1.0119 0.00 0.0M
345060.000 1959 COM2 65 0R0 115 1.8 22.0 64.1 1.0119 0.00 0.0M
345120.000 1959 COM2 65 0R0 103 1.9 21.9 64.3 1.0119 0.00 0.0M
345180.000 1959 COM2 65 0R0 108 2.6 21.9 64.4 1.0119 0.00 0.0M
345240.000 1959 COM2 65 0R0 113 2.0 21.9 64.7 1.0119 0.00 0.0M
345300.000 1959 COM2 65 0R0 125 3.0 21.9 64.9 1.0119 0.00 0.0M
345360.000 1959 COM2 65 0R0 118 2.6 21.8 65.0 1.0119 0.00 0.0M
345420.000 1959 COM2 65 0R0 106 3.0 21.8 65.2 1.0119 0.00 0.0M
345480.000 1959 COM2 65 0R0 088 0.7 21.7 65.5 1.0119 0.00 0.0M
345540.000 1959 COM2 65 0R0 099 1.6 21.7 65.7 1.0119 0.00 0.0M
