TO [s] WNc [w] C StringLn ASCIIString
---------------------------------------
0.000 1962 COM2 65 0R0 280 0.4 24.4 82.4 1.0031 0.00 0.0M
60.000 1962 COM2 65 0R0 256 0.4 24.4 82.1 1.0031 0.00 0.0M
120.000 1962 COM2 65 0R0 230 1.5 24.4 82.1 1.0031 0.00 0.0M
180.000 1962 COM2 65 0R0 206 0.2 24.4 82.0 1.0031 0.00 0.0M
240.000 1962 COM2 65 0R0 251 0.8 24.4 81.9 1.0031 0.00 0.0M
300.100 1962 COM2 65 0R0 207 1.6 24.4 81.4 1.0032 0.00 0.0M
360.000 1962 COM2 65 0R0 268 1.1 24.4 82.3 1.0032 0.00 0.0M
420.000 1962 COM2 65 0R0 239 0.9 24.4 81.8 1.0033 0.00 0.0M
480.000 1962 COM2 65 0R0 205 1.8 24.4 81.4 1.0033 0.00 0.0M
540.000 1962 COM2 65 0R0 220 1.6 24.4 81.6 1.0033 0.00 0.0M
600.100 1962 COM2 65 0R0 256 1.5 24.4 81.7 1.0033 0.00 0.0M
660.000 1962 COM2 65 0R0 187 1.1 24.4 81.7 1.0033 0.00 0.0M
720.000 1962 COM2 65 0R0 177 1.6 24.4 81.3 1.0033 0.00 0.0M
780.000 1962 COM2 65 0R0 132 0.9 24.4 81.6 1.0033 0.00 0.0M
840.000 1962 COM2 65 0R0 158 1.2 24.4 81.5 1.0033 0.00 0.0M
900.000 1962 COM2 65 0R0 163 1.9 24.4 81.1 1.0033 0.00 0.0M
960.100 1962 COM2 65 0R0 167 2.5 24.4 81.6 1.0033 0.00 0.0M
1020.000 1962 COM2 65 0R0 161 2.6 24.4 82.1 1.0033 0.00 0.0M
1080.000 1962 COM2 65 0R0 178 3.5 24.4 82.2 1.0033 0.00 0.0M
1140.000 1962 COM2 65 0R0 180 1.6 24.4 82.7 1.0033 0.00 0.0M
1200.000 1962 COM2 65 0R0 149 0.2 24.4 82.2 1.0033 0.00 0.0M
1260.000 1962 COM2 65 0R0 125 0.5 24.4 82.3 1.0033 0.00 0.0M
1320.000 1962 COM2 65 0R0 161 0.3 24.4 81.9 1.0033 0.01 0.0M
1380.000 1962 COM2 65 0R0 190 0.8 24.4 81.4 1.0033 0.00 0.0M
1440.000 1962 COM2 65 0R0 107 0.4 24.4 82.1 1.0032 0.00 0.0M
1500.000 1962 COM2 65 0R0 123 0.3 24.4 81.8 1.0032 0.00 0.0M
1560.000 1962 COM2 65 0R0 143 1.3 24.4 81.6 1.0032 0.00 0.0M
1620.000 1962 COM2 65 0R0 228 1.1 24.4 81.7 1.0032 0.00 0.0M
1680.000 1962 COM2 65 0R0 172 2.1 24.4 82.3 1.0031 0.00 0.0M
1740.000 1962 COM2 65 0R0 148 1.2 24.4 82.2 1.0031 0.00 0.0M
1800.000 1962 COM2 65 0R0 155 0.6 24.3 82.2 1.0031 0.00 0.0M
1860.000 1962 COM2 65 0R0 147 0.7 24.3 82.6 1.0031 0.00 0.0M
1920.000 1962 COM2 65 0R0 193 1.5 24.3 82.5 1.0032 0.00 0.0M
1980.000 1962 COM2 65 0R0 230 1.4 24.3 82.5 1.0032 0.00 0.0M
2040.000 1962 COM2 65 0R0 142 0.4 24.3 83.1 1.0033 0.00 0.0M
2100.000 1962 COM2 65 0R0 189 1.2 24.3 82.9 1.0033 0.00 0.0M
2160.000 1962 COM2 65 0R0 186 1.4 24.3 83.4 1.0033 0.00 0.0M
2220.000 1962 COM2 65 0R0 220 1.4 24.3 83.4 1.0033 0.00 0.0M
2280.000 1962 COM2 65 0R0 124 0.6 24.3 83.4 1.0033 0.00 0.0M
2340.000 1962 COM2 65 0R0 137 2.0 24.2 83.0 1.0033 0.00 0.0M
2400.000 1962 COM2 65 0R0 149 1.2 24.2 83.5 1.0033 0.00 0.0M
2460.000 1962 COM2 65 0R0 204 2.4 24.2 83.3 1.0032 0.00 0.0M
2520.000 1962 COM2 65 0R0 136 2.6 24.2 83.7 1.0032 0.00 0.0M
2580.000 1962 COM2 65 0R0 159 2.2 24.2 83.6 1.0031 0.00 0.0M
2640.000 1962 COM2 65 0R0 144 2.3 24.2 83.6 1.0030 0.00 0.0M
2700.000 1962 COM2 65 0R0 124 3.3 24.2 83.6 1.0030 0.00 0.0M
2760.000 1962 COM2 65 0R0 131 1.4 24.2 83.4 1.0031 0.00 0.0M
2820.000 1962 COM2 65 0R0 136 1.8 24.2 83.4 1.0031 0.00 0.0M
2880.000 1962 COM2 65 0R0 168 3.2 24.2 83.8 1.0032 0.00 0.0M
2940.000 1962 COM2 65 0R0 172 3.0 24.1 83.8 1.0032 0.00 0.0M
3000.000 1962 COM2 65 0R0 152 2.3 24.1 83.9 1.0032 0.00 0.0M
3060.000 1962 COM2 65 0R0 139 1.8 24.1 84.0 1.0032 0.00 0.0M
3120.000 1962 COM2 65 0R0 088 0.8 24.1 83.9 1.0032 0.00 0.0M
3180.000 1962 COM2 65 0R0 165 4.4 24.1 83.8 1.0032 0.00 0.0M
3240.000 1962 COM2 65 0R0 160 1.4 24.1 84.5 1.0032 0.00 0.0M
3300.000 1962 COM2 65 0R0 111 1.6 24.1 84.3 1.0033 0.00 0.0M
3360.000 1962 COM2 65 0R0 108 2.2 24.1 84.2 1.0033 0.00 0.0M
3420.000 1962 COM2 65 0R0 165 3.0 24.1 83.8 1.0032 0.00 0.0M
3480.000 1962 COM2 65 0R0 107 1.6 24.1 84.3 1.0032 0.00 0.0M
3540.000 1962 COM2 65 0R0 120 1.2 24.1 84.0 1.0032 0.00 0.0M
3600.000 1962 COM2 65 0R0 133 2.2 24.1 83.8 1.0032 0.00 0.0M
3660.000 1962 COM2 65 0R0 123 2.9 24.1 84.3 1.0032 0.00 0.0M
3720.000 1962 COM2 65 0R0 147 2.9 24.1 84.1 1.0031 0.00 0.0M
3780.000 1962 COM2 65 0R0 159 2.2 24.0 84.2 1.0031 0.00 0.0M
3840.000 1962 COM2 65 0R0 165 3.8 24.0 84.1 1.0031 0.00 0.0M
3900.000 1962 COM2 65 0R0 135 2.1 24.0 84.5 1.0031 0.00 0.0M
3960.000 1962 COM2 65 0R0 128 1.9 24.0 84.2 1.0031 0.00 0.0M
4020.000 1962 COM2 65 0R0 107 1.4 24.0 84.3 1.0031 0.00 0.0M
4080.000 1962 COM2 65 0R0 132 2.1 24.0 84.3 1.0031 0.00 0.0M
4140.000 1962 COM2 65 0R0 173 0.7 24.0 84.2 1.0030 0.00 0.0M
4200.000 1962 COM2 65 0R0 137 1.7 24.0 83.8 1.0030 0.00 0.0M
4260.000 1962 COM2 65 0R0 160 3.0 24.0 83.8 1.0029 0.00 0.0M
4320.000 1962 COM2 65 0R0 162 1.8 23.9 84.1 1.0029 0.00 0.0M
4380.000 1962 COM2 65 0R0 140 0.7 23.9 84.1 1.0028 0.00 0.0M
4440.000 1962 COM2 65 0R0 112 1.6 23.9 84.1 1.0028 0.00 0.0M
4500.000 1962 COM2 65 0R0 150 2.0 23.9 84.0 1.0028 0.00 0.0M
4560.000 1962 COM2 65 0R0 152 2.9 23.9 84.2 1.0028 0.00 0.0M
4620.000 1962 COM2 65 0R0 111 0.9 23.9 84.4 1.0028 0.00 0.0M
4680.000 1962 COM2 65 0R0 131 1.7 23.9 84.2 1.0028 0.00 0.0M
4740.000 1962 COM2 65 0R0 196 1.6 23.8 84.2 1.0028 0.00 0.0M
4800.000 1962 COM2 65 0R0 132 1.1 23.8 84.4 1.0029 0.00 0.0M
4860.000 1962 COM2 65 0R0 182 2.4 23.8 84.2 1.0030 0.00 0.0M
4920.000 1962 COM2 65 0R0 150 3.1 23.8 84.4 1.0030 0.00 0.0M
4980.000 1962 COM2 65 0R0 158 3.1 23.8 84.6 1.0029 0.00 0.0M
5040.000 1962 COM2 65 0R0 152 2.3 23.8 84.6 1.0029 0.00 0.0M
5100.000 1962 COM2 65 0R0 121 1.5 23.8 84.3 1.0030 0.00 0.0M
5160.000 1962 COM2 65 0R0 130 1.8 23.8 84.0 1.0030 0.00 0.0M
5220.000 1962 COM2 65 0R0 127 2.1 23.8 83.8 1.0030 0.00 0.0M
5280.000 1962 COM2 65 0R0 187 3.8 23.8 84.2 1.0030 0.00 0.0M
5340.000 1962 COM2 65 0R0 199 2.6 23.8 84.5 1.0030 0.00 0.0M
5400.000 1962 COM2 65 0R0 201 2.9 23.8 84.2 1.0030 0.00 0.0M
5460.000 1962 COM2 65 0R0 178 1.8 23.7 84.5 1.0030 0.00 0.0M
5520.000 1962 COM2 65 0R0 118 2.6 23.7 85.0 1.0031 0.00 0.0M
5580.000 1962 COM2 65 0R0 187 2.8 23.7 84.7 1.0031 0.00 0.0M
5640.000 1962 COM2 65 0R0 154 1.1 23.7 85.0 1.0031 0.00 0.0M
5700.000 1962 COM2 65 0R0 094 1.2 23.7 84.8 1.0031 0.00 0.0M
5760.000 1962 COM2 65 0R0 119 2.6 23.7 84.6 1.0032 0.00 0.0M
5820.000 1962 COM2 65 0R0 148 2.2 23.7 85.0 1.0031 0.00 0.0M
5880.000 1962 COM2 65 0R0 127 1.4 23.7 85.0 1.0031 0.00 0.0M
5940.000 1962 COM2 65 0R0 139 1.6 23.7 84.7 1.0032 0.00 0.0M
6000.000 1962 COM2 65 0R0 125 1.6 23.7 84.7 1.0032 0.00 0.0M
6060.000 1962 COM2 65 0R0 211 3.0 23.7 84.7 1.0032 0.00 0.0M
6120.000 1962 COM2 65 0R0 187 0.9 23.7 84.7 1.0032 0.00 0.0M
6180.000 1962 COM2 65 0R0 198 5.4 23.7 84.9 1.0032 0.00 0.0M
6240.000 1962 COM2 65 0R0 168 3.5 23.7 84.8 1.0031 0.00 0.0M
6300.000 1962 COM2 65 0R0 174 3.2 23.8 85.2 1.0032 0.00 0.0M
6360.000 1962 COM2 65 0R0 197 2.8 23.8 85.2 1.0031 0.00 0.0M
6420.100 1962 COM2 65 0R0 212 1.6 23.8 84.8 1.0032 0.00 0.0M
6480.000 1962 COM2 65 0R0 179 1.2 23.8 84.6 1.0032 0.00 0.0M
6540.000 1962 COM2 65 0R0 202 0.9 23.8 84.7 1.0032 0.00 0.0M
6600.000 1962 COM2 65 0R0 214 0.9 23.8 84.0 1.0032 0.00 0.0M
6660.000 1962 COM2 65 0R0 243 2.1 23.8 83.5 1.0032 0.00 0.0M
6720.100 1962 COM2 65 0R0 210 0.8 23.8 84.0 1.0032 0.00 0.0M
6780.000 1962 COM2 65 0R0 232 1.5 23.8 83.9 1.0032 0.00 0.0M
6840.000 1962 COM2 65 0R0 200 2.1 23.8 83.9 1.0032 0.00 0.0M
6900.000 1962 COM2 65 0R0 260 0.7 23.8 84.3 1.0032 0.00 0.0M
6960.000 1962 COM2 65 0R0 182 0.5 23.8 84.1 1.0033 0.00 0.0M
7020.000 1962 COM2 65 0R0 160 0.6 23.8 83.7 1.0033 0.00 0.0M
7080.000 1962 COM2 65 0R0 200 1.9 23.8 83.5 1.0033 0.00 0.0M
7140.000 1962 COM2 65 0R0 222 0.8 23.8 84.2 1.0033 0.00 0.0M
7200.000 1962 COM2 65 0R0 237 1.1 23.8 83.8 1.0033 0.00 0.0M
7260.000 1962 COM2 65 0R0 205 2.2 23.8 84.0 1.0033 0.00 0.0M
7320.000 1962 COM2 65 0R0 238 2.7 23.8 84.0 1.0033 0.00 0.0M
7380.000 1962 COM2 65 0R0 230 1.8 23.8 83.9 1.0033 0.00 0.0M
7440.100 1962 COM2 65 0R0 286 0.8 23.8 84.0 1.0033 0.00 0.0M
7500.000 1962 COM2 65 0R0 154 0.8 23.8 83.8 1.0034 0.00 0.0M
7620.000 1962 COM2 21 0T Unknown cmd error
7680.000 1962 COM2 65 0R0 170 0.8 23.8 83.8 1.0034 0.00 0.0M
7740.000 1962 COM2 65 0R0 227 2.4 23.8 83.6 1.0034 0.00 0.0M
7800.100 1962 COM2 65 0R0 220 1.8 23.8 84.0 1.0034 0.00 0.0M
7860.000 1962 COM2 65 0R0 228 1.5 23.8 83.9 1.0034 0.00 0.0M
7920.100 1962 COM2 65 0R0 211 2.0 23.8 83.9 1.0035 0.00 0.0M
7980.000 1962 COM2 65 0R0 226 0.5 23.8 84.4 1.0034 0.00 0.0M
8040.000 1962 COM2 65 0R0 183 2.5 23.8 84.1 1.0035 0.00 0.0M
8100.000 1962 COM2 65 0R0 222 0.4 23.8 84.4 1.0034 0.00 0.0M
8160.000 1962 COM2 65 0R0 255 2.2 23.7 84.1 1.0034 0.00 0.0M
8220.000 1962 COM2 65 0R0 248 0.9 23.7 84.4 1.0034 0.00 0.0M
8280.000 1962 COM2 65 0R0 229 1.6 23.7 84.1 1.0034 0.00 0.0M
8340.000 1962 COM2 65 0R0 246 1.5 23.7 84.4 1.0034 0.00 0.0M
8400.000 1962 COM2 65 0R0 223 1.4 23.7 84.4 1.0034 0.00 0.0M
8460.000 1962 COM2 65 0R0 243 2.4 23.7 84.1 1.0034 0.00 0.0M
8520.000 1962 COM2 65 0R0 232 2.2 23.7 84.2 1.0034 0.00 0.0M
8580.000 1962 COM2 65 0R0 231 0.8 23.7 84.2 1.0034 0.00 0.0M
8640.000 1962 COM2 65 0R0 245 2.1 23.7 83.8 1.0034 0.00 0.0M
8700.000 1962 COM2 65 0R0 231 1.8 23.7 84.2 1.0034 0.00 0.0M
8760.000 1962 COM2 65 0R0 250 1.7 23.7 84.1 1.0034 0.00 0.0M
8820.000 1962 COM2 65 0R0 231 1.9 23.7 84.1 1.0033 0.00 0.0M
8880.000 1962 COM2 65 0R0 212 1.1 23.7 84.2 1.0033 0.00 0.0M
8940.000 1962 COM2 65 0R0 236 0.7 23.7 84.4 1.0033 0.00 0.0M
9000.000 1962 COM2 65 0R0 212 2.0 23.7 84.0 1.0033 0.00 0.0M
9060.000 1962 COM2 65 0R0 224 1.6 23.7 84.3 1.0034 0.00 0.0M
9120.000 1962 COM2 65 0R0 259 1.1 23.7 84.3 1.0034 0.00 0.0M
9180.000 1962 COM2 65 0R0 235 2.6 23.6 84.4 1.0034 0.00 0.0M
9240.000 1962 COM2 65 0R0 214 1.3 23.6 84.4 1.0034 0.00 0.0M
9300.000 1962 COM2 65 0R0 209 2.2 23.7 84.4 1.0034 0.00 0.0M
9360.000 1962 COM2 65 0R0 180 2.3 23.7 84.5 1.0034 0.00 0.0M
9420.000 1962 COM2 65 0R0 234 2.0 23.6 84.8 1.0033 0.00 0.0M
9480.000 1962 COM2 65 0R0 246 2.2 23.6 84.4 1.0033 0.00 0.0M
9540.000 1962 COM2 65 0R0 233 1.9 23.6 84.5 1.0033 0.00 0.0M
9600.000 1962 COM2 65 0R0 258 2.6 23.6 84.4 1.0033 0.00 0.0M
9660.000 1962 COM2 65 0R0 223 1.2 23.6 84.6 1.0033 0.00 0.0M
9720.000 1962 COM2 65 0R0 229 4.2 23.6 84.6 1.0033 0.00 0.0M
9780.000 1962 COM2 65 0R0 280 1.8 23.6 84.3 1.0033 0.00 0.0M
9840.000 1962 COM2 65 0R0 183 2.6 23.6 84.6 1.0033 0.00 0.0M
9900.000 1962 COM2 65 0R0 222 2.3 23.6 84.9 1.0033 0.00 0.0M
9960.000 1962 COM2 65 0R0 227 3.4 23.6 84.8 1.0033 0.00 0.0M
10020.000 1962 COM2 65 0R0 196 3.1 23.6 84.9 1.0033 0.00 0.0M
10080.000 1962 COM2 65 0R0 182 2.1 23.6 84.8 1.0033 0.00 0.0M
10140.000 1962 COM2 65 0R0 230 1.5 23.6 84.5 1.0033 0.00 0.0M
10200.000 1962 COM2 65 0R0 202 1.6 23.6 84.5 1.0033 0.00 0.0M
10260.000 1962 COM2 65 0R0 249 2.1 23.6 84.5 1.0033 0.00 0.0M
10320.000 1962 COM2 65 0R0 276 1.0 23.6 84.4 1.0032 0.00 0.0M
10380.000 1962 COM2 65 0R0 218 3.0 23.6 84.1 1.0033 0.00 0.0M
10440.000 1962 COM2 65 0R0 197 2.5 23.6 84.1 1.0032 0.00 0.0M
10500.000 1962 COM2 65 0R0 282 1.4 23.6 84.5 1.0032 0.00 0.0M
10560.000 1962 COM2 65 0R0 224 2.1 23.6 84.3 1.0032 0.00 0.0M
10620.000 1962 COM2 65 0R0 245 2.6 23.6 84.4 1.0032 0.00 0.0M
10680.000 1962 COM2 65 0R0 288 1.1 23.6 84.3 1.0032 0.00 0.0M
10740.000 1962 COM2 65 0R0 200 1.8 23.6 84.2 1.0032 0.00 0.0M
10800.000 1962 COM2 65 0R0 171 2.1 23.6 84.2 1.0031 0.00 0.0M
10860.000 1962 COM2 65 0R0 128 0.7 23.6 84.4 1.0031 0.00 0.0M
10920.000 1962 COM2 65 0R0 239 1.4 23.6 84.3 1.0031 0.00 0.0M
10980.000 1962 COM2 65 0R0 128 0.8 23.6 84.0 1.0031 0.00 0.0M
11040.000 1962 COM2 65 0R0 244 0.8 23.6 83.8 1.0031 0.00 0.0M
11100.000 1962 COM2 65 0R0 193 1.3 23.6 84.1 1.0031 0.00 0.0M
11160.000 1962 COM2 65 0R0 174 2.1 23.6 84.4 1.0031 0.00 0.0M
11220.000 1962 COM2 65 0R0 143 1.1 23.5 84.9 1.0031 0.00 0.0M
11280.000 1962 COM2 65 0R0 180 2.1 23.5 84.4 1.0031 0.00 0.0M
11340.000 1962 COM2 65 0R0 185 2.1 23.5 84.8 1.0031 0.00 0.0M
11400.000 1962 COM2 65 0R0 179 1.6 23.5 85.3 1.0032 0.00 0.0M
11460.000 1962 COM2 65 0R0 136 1.2 23.5 85.1 1.0032 0.00 0.0M
11520.000 1962 COM2 65 0R0 126 1.6 23.4 84.8 1.0032 0.00 0.0M
11580.000 1962 COM2 65 0R0 148 2.1 23.4 84.8 1.0032 0.00 0.0M
11640.000 1962 COM2 65 0R0 138 1.8 23.4 85.4 1.0032 0.00 0.0M
11700.000 1962 COM2 65 0R0 138 1.5 23.4 85.8 1.0032 0.00 0.0M
11760.000 1962 COM2 65 0R0 116 0.4 23.4 86.0 1.0032 0.00 0.0M
11820.000 1962 COM2 65 0R0 099 1.1 23.4 85.5 1.0032 0.00 0.0M
11880.000 1962 COM2 65 0R0 184 1.5 23.3 86.3 1.0032 0.00 0.0M
11940.000 1962 COM2 65 0R0 141 1.5 23.3 85.7 1.0031 0.00 0.0M
12000.000 1962 COM2 65 0R0 154 1.8 23.3 85.9 1.0031 0.00 0.0M
12060.000 1962 COM2 65 0R0 144 1.2 23.3 86.2 1.0031 0.00 0.0M
12120.000 1962 COM2 65 0R0 182 2.1 23.3 86.2 1.0031 0.00 0.0M
12180.000 1962 COM2 65 0R0 145 1.4 23.3 86.6 1.0031 0.00 0.0M
12240.000 1962 COM2 65 0R0 159 1.5 23.2 86.0 1.0031 0.00 0.0M
12300.000 1962 COM2 65 0R0 095 0.8 23.2 86.5 1.0031 0.00 0.0M
12360.000 1962 COM2 65 0R0 118 0.9 23.2 86.3 1.0031 0.00 0.0M
12420.000 1962 COM2 65 0R0 127 1.5 23.2 86.3 1.0031 0.00 0.0M
12480.000 1962 COM2 65 0R0 077 0.5 23.2 86.3 1.0031 0.00 0.0M
12540.000 1962 COM2 65 0R0 122 0.9 23.2 86.0 1.0031 0.00 0.0M
12600.000 1962 COM2 65 0R0 158 1.9 23.1 86.2 1.0031 0.00 0.0M
12660.000 1962 COM2 65 0R0 137 2.1 23.1 86.2 1.0030 0.00 0.0M
12720.000 1962 COM2 65 0R0 187 2.0 23.1 86.9 1.0031 0.00 0.0M
12780.000 1962 COM2 65 0R0 208 1.2 23.1 87.2 1.0031 0.00 0.0M
12840.000 1962 COM2 65 0R0 208 1.6 23.1 86.8 1.0031 0.00 0.0M
12900.000 1962 COM2 65 0R0 280 0.7 23.1 87.2 1.0031 0.00 0.0M
12960.000 1962 COM2 65 0R0 215 2.4 23.1 87.1 1.0031 0.00 0.0M
13020.000 1962 COM2 65 0R0 222 2.3 23.1 87.1 1.0031 0.00 0.0M
13080.000 1962 COM2 65 0R0 246 0.9 23.1 86.8 1.0031 0.00 0.0M
13140.000 1962 COM2 65 0R0 149 0.9 23.1 86.9 1.0031 0.00 0.0M
13200.000 1962 COM2 65 0R0 193 1.8 23.1 86.7 1.0031 0.00 0.0M
13260.000 1962 COM2 65 0R0 215 1.9 23.1 87.1 1.0030 0.00 0.0M
13320.000 1962 COM2 65 0R0 166 1.1 23.1 87.2 1.0030 0.00 0.0M
13380.000 1962 COM2 65 0R0 246 0.8 23.1 86.9 1.0030 0.00 0.0M
13440.000 1962 COM2 65 0R0 164 1.2 23.0 87.2 1.0030 0.00 0.0M
13500.000 1962 COM2 65 0R0 189 1.3 23.0 87.6 1.0030 0.00 0.0M
13560.000 1962 COM2 65 0R0 240 1.2 23.0 87.6 1.0030 0.00 0.0M
13620.000 1962 COM2 65 0R0 185 1.9 23.0 87.4 1.0030 0.00 0.0M
13680.000 1962 COM2 65 0R0 190 2.1 23.0 87.7 1.0030 0.00 0.0M
13740.000 1962 COM2 65 0R0 195 1.6 23.0 87.7 1.0030 0.00 0.0M
13800.000 1962 COM2 65 0R0 164 2.1 23.0 87.7 1.0030 0.00 0.0M
13860.000 1962 COM2 65 0R0 179 2.0 23.0 87.7 1.0030 0.00 0.0M
13920.000 1962 COM2 65 0R0 161 1.5 22.9 87.7 1.0030 0.00 0.0M
13980.000 1962 COM2 65 0R0 180 1.4 22.9 88.0 1.0030 0.00 0.0M
14040.000 1962 COM2 65 0R0 124 0.4 22.9 87.8 1.0030 0.00 0.0M
14100.000 1962 COM2 65 0R0 126 0.3 22.9 87.2 1.0031 0.00 0.0M
14160.000 1962 COM2 65 0R0 110 1.1 22.9 86.5 1.0031 0.00 0.0M
14220.000 1962 COM2 65 0R0 144 1.0 22.8 86.8 1.0031 0.00 0.0M
14280.000 1962 COM2 65 0R0 138 2.4 22.9 86.8 1.0031 0.00 0.0M
14340.000 1962 COM2 65 0R0 149 1.6 22.8 87.7 1.0031 0.00 0.0M
14400.000 1962 COM2 65 0R0 142 1.8 22.8 87.5 1.0031 0.00 0.0M
14460.000 1962 COM2 65 0R0 129 1.5 22.8 87.9 1.0031 0.00 0.0M
14520.000 1962 COM2 65 0R0 148 0.5 22.8 88.0 1.0031 0.00 0.0M
14580.000 1962 COM2 65 0R0 109 0.3 22.8 87.8 1.0031 0.00 0.0M
14640.100 1962 COM2 65 0R0 118 0.5 22.8 87.6 1.0031 0.00 0.0M
14700.000 1962 COM2 65 0R0 229 1.0 22.7 87.7 1.0031 0.00 0.0M
14760.000 1962 COM2 65 0R0 233 0.4 22.7 87.9 1.0031 0.00 0.0M
14820.000 1962 COM2 65 0R0 223 1.6 22.7 87.9 1.0031 0.00 0.0M
14880.000 1962 COM2 65 0R0 190 1.6 22.7 88.3 1.0031 0.00 0.0M
14940.000 1962 COM2 65 0R0 239 0.6 22.7 88.7 1.0031 0.00 0.0M
15000.000 1962 COM2 65 0R0 233 1.2 22.7 88.5 1.0031 0.00 0.0M
15060.000 1962 COM2 65 0R0 216 1.3 22.7 88.4 1.0031 0.00 0.0M
15120.000 1962 COM2 65 0R0 198 1.9 22.7 87.8 1.0031 0.00 0.0M
15180.000 1962 COM2 65 0R0 168 1.6 22.7 88.4 1.0030 0.00 0.0M
15240.000 1962 COM2 65 0R0 242 1.6 22.7 88.3 1.0030 0.00 0.0M
15300.000 1962 COM2 65 0R0 191 1.7 22.7 88.1 1.0030 0.00 0.0M
15360.000 1962 COM2 65 0R0 192 1.6 22.7 88.6 1.0030 0.00 0.0M
15420.000 1962 COM2 65 0R0 193 1.8 22.7 88.5 1.0030 0.00 0.0M
15480.000 1962 COM2 65 0R0 186 1.9 22.7 88.8 1.0030 0.00 0.0M
15540.000 1962 COM2 65 0R0 212 1.6 22.7 89.0 1.0030 0.00 0.0M
15600.000 1962 COM2 65 0R0 202 1.7 22.7 89.0 1.0030 0.00 0.0M
15660.000 1962 COM2 65 0R0 173 1.7 22.6 89.2 1.0030 0.00 0.0M
15720.000 1962 COM2 65 0R0 213 1.5 22.6 89.2 1.0030 0.00 0.0M
15780.000 1962 COM2 65 0R0 186 1.4 22.6 89.4 1.0030 0.00 0.0M
15840.000 1962 COM2 65 0R0 181 1.8 22.6 89.5 1.0030 0.00 0.0M
15900.000 1962 COM2 65 0R0 216 1.2 22.6 89.5 1.0030 0.00 0.0M
15960.000 1962 COM2 65 0R0 201 1.0 22.5 89.3 1.0030 0.00 0.0M
16020.000 1962 COM2 65 0R0 223 1.5 22.5 89.3 1.0029 0.00 0.0M
16080.000 1962 COM2 65 0R0 225 2.2 22.5 89.0 1.0029 0.00 0.0M
16140.000 1962 COM2 65 0R0 248 1.7 22.5 89.0 1.0029 0.00 0.0M
16200.000 1962 COM2 65 0R0 237 2.5 22.5 89.0 1.0030 0.00 0.0M
16260.000 1962 COM2 65 0R0 247 2.3 22.6 89.2 1.0029 0.00 0.0M
16320.000 1962 COM2 65 0R0 200 2.2 22.6 89.0 1.0030 0.00 0.0M
16380.000 1962 COM2 65 0R0 267 1.5 22.6 88.9 1.0029 0.00 0.0M
16440.000 1962 COM2 65 0R0 229 2.5 22.6 88.9 1.0029 0.00 0.0M
16500.000 1962 COM2 65 0R0 222 1.5 22.6 88.8 1.0029 0.00 0.0M
16560.000 1962 COM2 65 0R0 251 0.8 22.6 88.9 1.0029 0.00 0.0M
16620.000 1962 COM2 65 0R0 235 1.3 22.6 88.9 1.0029 0.00 0.0M
16680.000 1962 COM2 65 0R0 317 0.5 22.5 88.9 1.0029 0.00 0.0M
16740.000 1962 COM2 65 0R0 263 0.7 22.5 88.8 1.0029 0.00 0.0M
16800.000 1962 COM2 65 0R0 252 0.9 22.5 88.7 1.0029 0.00 0.0M
16860.000 1962 COM2 65 0R0 295 0.5 22.5 89.0 1.0030 0.00 0.0M
16920.000 1962 COM2 65 0R0 241 1.5 22.5 88.7 1.0030 0.00 0.0M
16980.000 1962 COM2 65 0R0 255 1.6 22.5 89.0 1.0029 0.00 0.0M
17040.000 1962 COM2 65 0R0 254 0.7 22.5 89.0 1.0029 0.00 0.0M
17100.000 1962 COM2 65 0R0 241 0.7 22.5 89.0 1.0029 0.00 0.0M
17160.000 1962 COM2 65 0R0 235 0.7 22.5 89.2 1.0030 0.00 0.0M
17220.000 1962 COM2 65 0R0 231 1.7 22.5 88.9 1.0030 0.00 0.0M
17280.000 1962 COM2 65 0R0 265 0.8 22.5 88.9 1.0030 0.00 0.0M
17340.000 1962 COM2 65 0R0 255 0.7 22.5 88.9 1.0030 0.00 0.0M
17400.000 1962 COM2 65 0R0 223 0.8 22.5 89.0 1.0030 0.00 0.0M
17460.000 1962 COM2 65 0R0 240 2.0 22.5 88.9 1.0030 0.00 0.0M
17520.000 1962 COM2 65 0R0 240 0.8 22.5 89.0 1.0030 0.00 0.0M
17580.000 1962 COM2 65 0R0 233 1.1 22.5 88.7 1.0030 0.00 0.0M
17640.000 1962 COM2 65 0R0 149 1.3 22.5 88.8 1.0030 0.00 0.0M
17700.000 1962 COM2 65 0R0 202 1.3 22.5 88.7 1.0031 0.00 0.0M
17760.000 1962 COM2 65 0R0 158 1.3 22.5 88.7 1.0031 0.00 0.0M
17820.000 1962 COM2 65 0R0 115 0.5 22.4 88.9 1.0031 0.00 0.0M
17880.000 1962 COM2 65 0R0 125 0.5 22.4 88.2 1.0031 0.00 0.0M
17940.000 1962 COM2 65 0R0 164 1.6 22.4 88.5 1.0031 0.00 0.0M
18000.000 1962 COM2 65 0R0 185 1.9 22.3 88.6 1.0031 0.00 0.0M
18060.000 1962 COM2 65 0R0 174 1.3 22.3 89.8 1.0031 0.00 0.0M
18120.000 1962 COM2 65 0R0 105 0.9 22.3 89.4 1.0031 0.00 0.0M
18180.000 1962 COM2 65 0R0 158 1.6 22.3 89.1 1.0032 0.00 0.0M
18240.000 1962 COM2 65 0R0 142 0.5 22.3 89.2 1.0032 0.00 0.0M
18300.000 1962 COM2 65 0R0 178 1.7 22.2 89.8 1.0032 0.00 0.0M
18360.000 1962 COM2 65 0R0 199 1.4 22.2 89.8 1.0032 0.00 0.0M
18420.000 1962 COM2 65 0R0 161 1.8 22.1 89.9 1.0032 0.00 0.0M
18480.000 1962 COM2 65 0R0 213 1.7 22.1 90.6 1.0032 0.00 0.0M
18540.000 1962 COM2 65 0R0 225 1.6 22.1 90.9 1.0032 0.00 0.0M
18600.000 1962 COM2 65 0R0 194 1.3 22.1 90.9 1.0032 0.00 0.0M
18660.000 1962 COM2 65 0R0 210 1.2 22.1 90.9 1.0032 0.00 0.0M
18720.000 1962 COM2 65 0R0 178 1.1 22.1 90.9 1.0032 0.00 0.0M
18780.000 1962 COM2 65 0R0 168 1.7 22.1 90.6 1.0032 0.00 0.0M
18840.000 1962 COM2 65 0R0 227 1.2 22.1 90.9 1.0032 0.00 0.0M
18900.000 1962 COM2 65 0R0 181 0.7 22.1 90.8 1.0032 0.00 0.0M
18960.000 1962 COM2 65 0R0 213 1.1 22.1 90.5 1.0032 0.00 0.0M
19020.000 1962 COM2 65 0R0 169 0.2 22.1 90.2 1.0032 0.00 0.0M
19080.000 1962 COM2 65 0R0 129 0.4 22.2 89.9 1.0032 0.00 0.0M
19140.000 1962 COM2 65 0R0 118 0.2 22.2 89.7 1.0032 0.00 0.0M
19200.000 1962 COM2 65 0R0 195 1.1 22.2 89.6 1.0032 0.00 0.0M
19260.000 1962 COM2 65 0R0 156 1.0 22.2 89.8 1.0032 0.00 0.0M
19320.000 1962 COM2 65 0R0 168 1.0 22.2 89.8 1.0032 0.00 0.0M
19380.000 1962 COM2 65 0R0 095 0.3 22.2 90.0 1.0032 0.00 0.0M
19440.000 1962 COM2 65 0R0 170 0.7 22.2 89.5 1.0031 0.00 0.0M
19500.000 1962 COM2 65 0R0 198 1.5 22.2 89.4 1.0031 0.00 0.0M
19560.000 1962 COM2 65 0R0 187 1.0 22.3 90.0 1.0031 0.00 0.0M
19620.000 1962 COM2 65 0R0 179 1.2 22.3 90.6 1.0031 0.00 0.0M
19680.000 1962 COM2 65 0R0 222 1.3 22.3 90.1 1.0031 0.00 0.0M
19740.000 1962 COM2 65 0R0 213 1.3 22.3 90.3 1.0031 0.00 0.0M
19800.000 1962 COM2 65 0R0 209 0.7 22.3 90.5 1.0031 0.00 0.0M
19860.000 1962 COM2 65 0R0 181 0.8 22.3 90.2 1.0031 0.00 0.0M
19920.000 1962 COM2 65 0R0 175 0.8 22.3 90.0 1.0031 0.00 0.0M
19980.000 1962 COM2 65 0R0 250 0.4 22.2 90.4 1.0031 0.00 0.0M
20040.000 1962 COM2 65 0R0 209 0.8 22.2 89.5 1.0031 0.00 0.0M
20100.000 1962 COM2 65 0R0 249 0.4 22.2 89.7 1.0031 0.00 0.0M
20160.000 1962 COM2 65 0R0 196 0.8 22.2 90.2 1.0031 0.00 0.0M
20220.000 1962 COM2 65 0R0 258 0.4 22.3 90.5 1.0031 0.00 0.0M
20280.000 1962 COM2 65 0R0 117 0.6 22.3 90.7 1.0031 0.00 0.0M
20340.000 1962 COM2 65 0R0 019 0.2 22.3 90.4 1.0031 0.00 0.0M
20400.000 1962 COM2 65 0R0 203 0.5 22.3 89.9 1.0031 0.00 0.0M
20460.000 1962 COM2 65 0R0 220 0.4 22.2 90.0 1.0031 0.00 0.0M
20520.000 1962 COM2 65 0R0 234 0.3 22.2 89.7 1.0030 0.00 0.0M
20580.000 1962 COM2 65 0R0 233 0.8 22.2 89.9 1.0030 0.00 0.0M
20640.000 1962 COM2 65 0R0 284 0.8 22.2 90.2 1.0030 0.00 0.0M
20700.000 1962 COM2 65 0R0 239 0.7 22.2 90.1 1.0030 0.00 0.0M
20760.000 1962 COM2 65 0R0 250 1.5 22.2 90.2 1.0030 0.00 0.0M
20820.000 1962 COM2 65 0R0 203 0.8 22.2 90.2 1.0029 0.00 0.0M
20880.000 1962 COM2 65 0R0 276 0.4 22.3 90.3 1.0029 0.00 0.0M
20940.000 1962 COM2 65 0R0 261 0.7 22.3 90.1 1.0029 0.00 0.0M
21000.000 1962 COM2 65 0R0 263 0.4 22.3 90.0 1.0029 0.00 0.0M
21060.000 1962 COM2 65 0R0 240 0.5 22.3 89.8 1.0029 0.00 0.0M
21120.100 1962 COM2 65 0R0 164 0.4 22.3 89.9 1.0028 0.00 0.0M
21180.100 1962 COM2 65 0R0 228 0.7 22.3 89.9 1.0028 0.00 0.0M
21240.000 1962 COM2 65 0R0 270 0.9 22.3 89.9 1.0028 0.00 0.0M
21300.000 1962 COM2 65 0R0 279 1.2 22.3 90.0 1.0028 0.00 0.0M
21360.000 1962 COM2 65 0R0 344 0.3 22.3 90.1 1.0028 0.00 0.0M
21420.000 1962 COM2 65 0R0 257 1.3 22.4 90.0 1.0028 0.00 0.0M
21480.000 1962 COM2 65 0R0 251 0.8 22.4 89.9 1.0028 0.00 0.0M
21540.000 1962 COM2 65 0R0 258 0.7 22.4 89.8 1.0028 0.00 0.0M
21600.000 1962 COM2 65 0R0 249 1.8 22.4 89.9 1.0028 0.00 0.0M
21660.000 1962 COM2 65 0R0 259 1.0 22.4 89.8 1.0028 0.00 0.0M
21720.000 1962 COM2 65 0R0 222 0.4 22.4 89.8 1.0028 0.00 0.0M
21780.000 1962 COM2 65 0R0 299 0.8 22.4 89.3 1.0028 0.00 0.0M
21840.000 1962 COM2 65 0R0 242 0.3 22.4 89.6 1.0028 0.00 0.0M
21900.000 1962 COM2 65 0R0 201 0.4 22.5 89.6 1.0028 0.00 0.0M
21960.000 1962 COM2 65 0R0 225 1.2 22.5 89.5 1.0028 0.00 0.0M
22020.000 1962 COM2 65 0R0 227 1.3 22.5 89.4 1.0028 0.00 0.0M
22080.100 1962 COM2 65 0R0 227 1.6 22.5 89.4 1.0028 0.00 0.0M
22140.000 1962 COM2 65 0R0 249 1.5 22.5 89.6 1.0027 0.00 0.0M
22200.000 1962 COM2 65 0R0 201 0.4 22.5 89.7 1.0027 0.00 0.0M
22260.000 1962 COM2 65 0R0 238 1.3 22.5 89.3 1.0027 0.00 0.0M
22320.000 1962 COM2 65 0R0 272 0.9 22.5 89.4 1.0027 0.00 0.0M
22380.000 1962 COM2 65 0R0 199 1.2 22.5 89.5 1.0027 0.00 0.0M
22440.000 1962 COM2 65 0R0 202 0.5 22.5 89.4 1.0027 0.00 0.0M
22500.000 1962 COM2 65 0R0 228 1.8 22.5 89.4 1.0026 0.00 0.0M
22560.100 1962 COM2 65 0R0 229 1.2 22.4 89.6 1.0026 0.00 0.0M
22620.000 1962 COM2 65 0R0 251 1.8 22.4 89.7 1.0026 0.00 0.0M
22680.000 1962 COM2 65 0R0 269 1.1 22.4 89.7 1.0026 0.00 0.0M
22740.000 1962 COM2 65 0R0 251 1.0 22.4 89.9 1.0026 0.00 0.0M
22800.000 1962 COM2 65 0R0 266 0.6 22.4 89.4 1.0026 0.00 0.0M
22860.000 1962 COM2 65 0R0 261 1.0 22.4 89.8 1.0027 0.00 0.0M
22920.000 1962 COM2 65 0R0 232 0.8 22.4 89.6 1.0027 0.00 0.0M
22980.000 1962 COM2 65 0R0 210 0.6 22.4 89.5 1.0026 0.00 0.0M
23040.000 1962 COM2 65 0R0 228 1.1 22.4 89.5 1.0026 0.00 0.0M
23100.000 1962 COM2 65 0R0 262 1.1 22.4 89.6 1.0026 0.00 0.0M
23160.000 1962 COM2 65 0R0 259 0.6 22.4 89.6 1.0026 0.00 0.0M
23220.000 1962 COM2 65 0R0 243 1.1 22.4 89.6 1.0026 0.00 0.0M
23280.000 1962 COM2 65 0R0 247 0.8 22.4 89.7 1.0026 0.00 0.0M
23340.000 1962 COM2 65 0R0 243 0.8 22.4 89.8 1.0026 0.00 0.0M
23400.000 1962 COM2 65 0R0 236 1.1 22.4 89.8 1.0026 0.00 0.0M
23460.000 1962 COM2 65 0R0 265 1.4 22.4 89.6 1.0027 0.00 0.0M
23520.000 1962 COM2 65 0R0 252 1.0 22.4 89.9 1.0027 0.00 0.0M
23580.000 1962 COM2 65 0R0 243 1.1 22.4 89.8 1.0027 0.00 0.0M
23640.000 1962 COM2 65 0R0 261 1.0 22.4 90.0 1.0026 0.00 0.0M
23700.000 1962 COM2 65 0R0 235 1.5 22.4 90.0 1.0026 0.00 0.0M
23760.000 1962 COM2 65 0R0 275 1.0 22.4 90.2 1.0025 0.00 0.0M
23820.000 1962 COM2 65 0R0 240 1.5 22.4 90.2 1.0025 0.00 0.0M
23880.000 1962 COM2 65 0R0 242 1.7 22.4 90.0 1.0025 0.00 0.0M
23940.000 1962 COM2 65 0R0 245 1.1 22.4 89.9 1.0025 0.00 0.0M
24000.000 1962 COM2 65 0R0 263 0.7 22.4 89.9 1.0026 0.00 0.0M
24060.000 1962 COM2 65 0R0 258 1.2 22.4 89.9 1.0026 0.00 0.0M
24120.000 1962 COM2 65 0R0 275 0.6 22.4 89.8 1.0026 0.00 0.0M
24180.000 1962 COM2 65 0R0 264 0.9 22.4 90.0 1.0026 0.00 0.0M
24240.000 1962 COM2 65 0R0 271 0.5 22.4 89.9 1.0026 0.00 0.0M
24300.000 1962 COM2 65 0R0 281 1.4 22.4 89.9 1.0025 0.00 0.0M
24360.000 1962 COM2 65 0R0 167 0.2 22.4 89.9 1.0025 0.00 0.0M
24420.000 1962 COM2 65 0R0 266 1.4 22.4 89.8 1.0025 0.00 0.0M
24480.000 1962 COM2 65 0R0 259 0.3 22.4 89.8 1.0025 0.00 0.0M
24540.000 1962 COM2 65 0R0 268 0.8 22.4 89.7 1.0025 0.00 0.0M
24600.000 1962 COM2 65 0R0 286 1.1 22.4 89.8 1.0025 0.00 0.0M
24660.000 1962 COM2 65 0R0 277 0.4 22.4 89.7 1.0025 0.00 0.0M
24720.000 1962 COM2 65 0R0 244 0.6 22.3 89.6 1.0025 0.00 0.0M
24780.000 1962 COM2 65 0R0 274 0.8 22.3 89.7 1.0025 0.00 0.0M
24840.000 1962 COM2 65 0R0 357 0.2 22.3 89.5 1.0025 0.00 0.0M
24900.000 1962 COM2 65 0R0 284 0.7 22.4 89.4 1.0025 0.00 0.0M
24960.000 1962 COM2 65 0R0 291 0.8 22.4 89.4 1.0025 0.00 0.0M
25020.000 1962 COM2 65 0R0 213 0.7 22.4 89.6 1.0026 0.00 0.0M
25080.000 1962 COM2 65 0R0 192 0.2 22.4 89.5 1.0026 0.00 0.0M
25140.000 1962 COM2 65 0R0 283 1.4 22.3 89.4 1.0026 0.00 0.0M
25200.000 1962 COM2 65 0R0 267 1.2 22.3 89.5 1.0026 0.00 0.0M
25260.000 1962 COM2 65 0R0 283 1.5 22.3 89.4 1.0026 0.00 0.0M
25320.000 1962 COM2 65 0R0 273 0.7 22.3 89.4 1.0026 0.00 0.0M
25380.000 1962 COM2 65 0R0 283 1.3 22.3 89.0 1.0025 0.00 0.0M
25440.000 1962 COM2 65 0R0 293 1.4 22.3 89.3 1.0025 0.00 0.0M
25500.000 1962 COM2 65 0R0 255 0.5 22.3 89.2 1.0025 0.00 0.0M
25560.000 1962 COM2 65 0R0 263 0.5 22.3 89.3 1.0025 0.00 0.0M
25620.000 1962 COM2 65 0R0 288 0.5 22.3 89.0 1.0025 0.00 0.0M
25680.000 1962 COM2 65 0R0 130 0.6 22.3 89.4 1.0025 0.00 0.0M
25740.000 1962 COM2 65 0R0 280 1.0 22.3 89.2 1.0025 0.00 0.0M
25800.000 1962 COM2 65 0R0 279 2.0 22.3 89.3 1.0024 0.00 0.0M
25860.000 1962 COM2 65 0R0 298 1.7 22.3 89.6 1.0024 0.00 0.0M
25920.000 1962 COM2 65 0R0 284 2.3 22.3 89.3 1.0024 0.00 0.0M
25980.000 1962 COM2 65 0R0 291 2.0 22.4 89.5 1.0024 0.00 0.0M
26040.000 1962 COM2 65 0R0 287 2.2 22.4 89.3 1.0024 0.00 0.0M
26100.000 1962 COM2 65 0R0 293 0.5 22.4 89.4 1.0024 0.00 0.0M
26160.000 1962 COM2 65 0R0 260 0.7 22.3 89.3 1.0024 0.00 0.0M
26220.000 1962 COM2 65 0R0 260 1.2 22.3 89.2 1.0024 0.00 0.0M
26280.000 1962 COM2 65 0R0 273 1.7 22.3 89.3 1.0024 0.00 0.0M
26340.000 1962 COM2 65 0R0 261 1.4 22.3 89.2 1.0024 0.00 0.0M
26400.000 1962 COM2 65 0R0 249 1.7 22.3 89.2 1.0024 0.00 0.0M
26460.000 1962 COM2 65 0R0 287 2.2 22.4 89.2 1.0024 0.00 0.0M
26520.000 1962 COM2 65 0R0 275 1.4 22.3 89.0 1.0023 0.00 0.0M
26580.000 1962 COM2 65 0R0 284 1.4 22.3 89.1 1.0023 0.00 0.0M
26640.000 1962 COM2 65 0R0 283 2.8 22.3 89.1 1.0023 0.00 0.0M
26700.000 1962 COM2 65 0R0 299 2.2 22.3 89.2 1.0023 0.00 0.0M
26760.000 1962 COM2 65 0R0 279 2.4 22.3 89.1 1.0023 0.00 0.0M
26820.000 1962 COM2 65 0R0 180 1.0 22.3 89.2 1.0023 0.00 0.0M
26880.000 1962 COM2 65 0R0 281 3.3 22.3 89.1 1.0023 0.00 0.0M
26940.000 1962 COM2 65 0R0 291 0.8 22.3 89.1 1.0023 0.00 0.0M
27000.000 1962 COM2 65 0R0 267 2.5 22.3 89.1 1.0023 0.00 0.0M
27060.000 1962 COM2 65 0R0 302 1.6 22.3 89.2 1.0023 0.00 0.0M
27120.000 1962 COM2 65 0R0 267 2.5 22.2 89.1 1.0023 0.00 0.0M
27180.000 1962 COM2 65 0R0 262 3.2 22.2 89.2 1.0023 0.00 0.0M
27240.000 1962 COM2 65 0R0 268 1.2 22.2 89.3 1.0023 0.00 0.0M
27300.000 1962 COM2 65 0R0 232 1.2 22.2 89.3 1.0023 0.00 0.0M
27360.000 1962 COM2 65 0R0 321 0.5 22.2 89.2 1.0023 0.00 0.0M
27420.000 1962 COM2 65 0R0 268 2.2 22.2 89.3 1.0023 0.00 0.0M
27480.000 1962 COM2 65 0R0 301 0.5 22.1 89.5 1.0023 0.00 0.0M
27540.000 1962 COM2 65 0R0 149 0.5 22.1 89.6 1.0023 0.00 0.0M
27600.000 1962 COM2 65 0R0 351 0.3 22.1 89.6 1.0023 0.00 0.0M
27660.000 1962 COM2 65 0R0 238 1.6 22.1 89.5 1.0024 0.00 0.0M
27720.000 1962 COM2 65 0R0 301 1.8 22.1 89.7 1.0024 0.00 0.0M
27780.000 1962 COM2 65 0R0 249 1.7 22.1 89.8 1.0024 0.00 0.0M
27840.000 1962 COM2 65 0R0 275 1.7 22.0 89.8 1.0024 0.00 0.0M
27900.000 1962 COM2 65 0R0 189 0.4 22.0 89.9 1.0024 0.00 0.0M
27960.000 1962 COM2 65 0R0 297 1.2 22.0 89.7 1.0025 0.00 0.0M
28020.000 1962 COM2 65 0R0 299 0.9 22.0 89.8 1.0025 0.00 0.0M
28080.000 1962 COM2 65 0R0 284 1.3 22.0 89.9 1.0025 0.00 0.0M
28140.000 1962 COM2 65 0R0 286 1.8 21.9 89.9 1.0025 0.00 0.0M
28200.000 1962 COM2 65 0R0 293 0.6 21.9 89.9 1.0025 0.00 0.0M
28260.000 1962 COM2 65 0R0 306 1.4 21.9 89.9 1.0025 0.00 0.0M
28320.000 1962 COM2 65 0R0 276 2.1 21.9 89.9 1.0025 0.00 0.0M
28380.000 1962 COM2 65 0R0 257 1.6 21.9 90.0 1.0025 0.00 0.0M
28440.000 1962 COM2 65 0R0 286 1.7 21.9 90.0 1.0025 0.00 0.0M
28500.000 1962 COM2 65 0R0 182 0.5 21.9 90.1 1.0025 0.00 0.0M
28560.000 1962 COM2 65 0R0 301 1.1 21.9 89.9 1.0025 0.00 0.0M
28620.000 1962 COM2 65 0R0 295 0.9 21.8 90.2 1.0025 0.00 0.0M
28680.100 1962 COM2 65 0R0 264 1.2 21.8 90.2 1.0025 0.00 0.0M
28740.000 1962 COM2 65 0R0 265 0.4 21.8 90.1 1.0025 0.00 0.0M
28800.000 1962 COM2 65 0R0 252 1.3 21.8 90.0 1.0025 0.00 0.0M
28860.000 1962 COM2 65 0R0 259 0.4 21.8 90.2 1.0025 0.00 0.0M
28920.000 1962 COM2 65 0R0 282 2.5 21.8 90.1 1.0026 0.00 0.0M
28980.000 1962 COM2 65 0R0 257 1.7 21.8 90.1 1.0026 0.00 0.0M
29040.000 1962 COM2 65 0R0 252 0.3 21.8 90.2 1.0026 0.00 0.0M
29100.100 1962 COM2 65 0R0 280 1.6 21.7 89.9 1.0026 0.00 0.0M
29160.000 1962 COM2 65 0R0 265 1.2 21.7 90.2 1.0026 0.00 0.0M
29220.000 1962 COM2 65 0R0 250 0.6 21.7 90.3 1.0026 0.00 0.0M
29280.000 1962 COM2 65 0R0 301 1.1 21.7 90.2 1.0026 0.00 0.0M
29340.000 1962 COM2 65 0R0 274 2.5 21.7 90.4 1.0026 0.00 0.0M
29400.000 1962 COM2 65 0R0 209 0.5 21.7 90.4 1.0026 0.00 0.0M
29460.000 1962 COM2 65 0R0 257 0.4 21.7 90.3 1.0026 0.00 0.0M
29520.000 1962 COM2 65 0R0 276 1.6 21.7 90.1 1.0026 0.00 0.0M
29580.000 1962 COM2 65 0R0 252 0.6 21.6 90.3 1.0026 0.00 0.0M
29640.000 1962 COM2 65 0R0 276 2.3 21.6 90.2 1.0026 0.00 0.0M
29700.000 1962 COM2 65 0R0 270 1.0 21.6 90.3 1.0026 0.00 0.0M
29760.000 1962 COM2 65 0R0 319 0.5 21.6 90.4 1.0026 0.00 0.0M
29820.000 1962 COM2 65 0R0 285 0.6 21.6 90.3 1.0026 0.00 0.0M
29880.000 1962 COM2 65 0R0 293 0.5 21.6 90.1 1.0026 0.00 0.0M
29940.000 1962 COM2 65 0R0 277 1.7 21.6 90.2 1.0026 0.00 0.0M
30000.000 1962 COM2 65 0R0 267 1.8 21.6 90.6 1.0026 0.00 0.0M
30060.000 1962 COM2 65 0R0 321 0.5 21.6 90.6 1.0026 0.00 0.0M
30120.000 1962 COM2 65 0R0 272 1.0 21.5 90.5 1.0026 0.00 0.0M
30180.000 1962 COM2 65 0R0 269 0.8 21.5 90.4 1.0026 0.00 0.0M
30240.000 1962 COM2 65 0R0 017 0.6 21.5 90.4 1.0026 0.00 0.0M
30300.000 1962 COM2 65 0R0 255 1.0 21.5 90.5 1.0026 0.00 0.0M
30360.000 1962 COM2 65 0R0 271 2.2 21.5 90.4 1.0026 0.00 0.0M
30420.000 1962 COM2 65 0R0 266 1.5 21.5 90.7 1.0026 0.00 0.0M
30480.000 1962 COM2 65 0R0 275 1.4 21.5 90.6 1.0026 0.00 0.0M
30540.000 1962 COM2 65 0R0 295 1.3 21.5 90.6 1.0026 0.00 0.0M
30600.000 1962 COM2 65 0R0 283 0.6 21.5 90.4 1.0026 0.00 0.0M
30660.000 1962 COM2 65 0R0 289 1.8 21.5 90.6 1.0026 0.00 0.0M
30720.000 1962 COM2 65 0R0 227 0.2 21.4 90.6 1.0026 0.00 0.0M
30780.000 1962 COM2 65 0R0 293 1.3 21.4 90.5 1.0026 0.00 0.0M
30840.000 1962 COM2 65 0R0 090 0.3 21.4 90.5 1.0026 0.00 0.0M
30900.000 1962 COM2 65 0R0 248 0.6 21.4 90.4 1.0026 0.00 0.0M
30960.000 1962 COM2 65 0R0 293 1.2 21.4 90.3 1.0026 0.00 0.0M
31020.000 1962 COM2 65 0R0 288 2.3 21.4 90.3 1.0027 0.00 0.0M
31080.000 1962 COM2 65 0R0 316 0.6 21.4 90.5 1.0026 0.00 0.0M
31140.000 1962 COM2 65 0R0 291 1.0 21.4 90.5 1.0026 0.00 0.0M
31200.000 1962 COM2 65 0R0 314 0.5 21.4 90.5 1.0026 0.00 0.0M
31260.000 1962 COM2 65 0R0 234 0.3 21.3 90.6 1.0027 0.00 0.0M
31320.000 1962 COM2 65 0R0 273 1.5 21.3 90.6 1.0027 0.00 0.0M
31380.000 1962 COM2 65 0R0 301 1.4 21.3 90.7 1.0026 0.00 0.0M
31440.000 1962 COM2 65 0R0 282 1.2 21.3 90.7 1.0026 0.00 0.0M
31500.000 1962 COM2 65 0R0 281 1.7 21.3 90.8 1.0026 0.00 0.0M
31560.000 1962 COM2 65 0R0 243 0.6 21.3 90.7 1.0026 0.00 0.0M
31620.000 1962 COM2 65 0R0 271 1.5 21.3 90.7 1.0026 0.00 0.0M
31680.000 1962 COM2 65 0R0 284 2.2 21.3 90.7 1.0026 0.00 0.0M
31740.000 1962 COM2 65 0R0 283 1.1 21.3 90.7 1.0026 0.00 0.0M
31800.000 1962 COM2 65 0R0 272 1.1 21.2 90.6 1.0026 0.00 0.0M
31860.000 1962 COM2 65 0R0 306 0.7 21.2 90.5 1.0026 0.00 0.0M
31920.000 1962 COM2 65 0R0 303 1.8 21.2 90.5 1.0026 0.00 0.0M
31980.000 1962 COM2 65 0R0 267 1.7 21.2 90.7 1.0026 0.00 0.0M
32040.000 1962 COM2 65 0R0 227 0.7 21.2 90.7 1.0026 0.00 0.0M
32100.000 1962 COM2 65 0R0 259 1.2 21.2 90.7 1.0027 0.00 0.0M
32160.000 1962 COM2 65 0R0 242 0.4 21.2 90.5 1.0027 0.00 0.0M
32220.000 1962 COM2 65 0R0 256 0.2 21.2 90.6 1.0027 0.00 0.0M
32280.000 1962 COM2 65 0R0 285 1.7 21.2 90.6 1.0027 0.00 0.0M
32340.000 1962 COM2 65 0R0 257 1.4 21.2 90.6 1.0027 0.00 0.0M
32400.000 1962 COM2 65 0R0 272 0.5 21.2 90.5 1.0027 0.00 0.0M
32460.000 1962 COM2 65 0R0 299 0.8 21.2 90.6 1.0027 0.00 0.0M
32520.000 1962 COM2 65 0R0 301 0.9 21.2 90.7 1.0027 0.00 0.0M
32580.000 1962 COM2 65 0R0 246 0.4 21.2 90.5 1.0027 0.00 0.0M
32640.000 1962 COM2 65 0R0 305 0.9 21.1 90.5 1.0027 0.00 0.0M
32700.000 1962 COM2 65 0R0 272 1.7 21.1 90.6 1.0028 0.00 0.0M
32760.000 1962 COM2 65 0R0 307 0.7 21.1 90.5 1.0028 0.00 0.0M
32820.000 1962 COM2 65 0R0 283 2.0 21.1 90.6 1.0028 0.00 0.0M
32880.000 1962 COM2 65 0R0 284 2.0 21.1 90.6 1.0028 0.00 0.0M
32940.100 1962 COM2 65 0R0 293 1.1 21.1 90.6 1.0028 0.00 0.0M
33000.000 1962 COM2 65 0R0 011 0.4 21.1 90.6 1.0028 0.00 0.0M
33060.000 1962 COM2 65 0R0 280 2.1 21.1 90.6 1.0028 0.00 0.0M
33120.000 1962 COM2 65 0R0 244 1.0 21.0 90.7 1.0028 0.00 0.0M
33180.000 1962 COM2 65 0R0 261 1.3 21.0 90.6 1.0029 0.00 0.0M
33240.000 1962 COM2 65 0R0 234 0.5 21.0 90.5 1.0029 0.00 0.0M
33300.000 1962 COM2 65 0R0 273 1.1 21.0 90.5 1.0029 0.00 0.0M
33360.000 1962 COM2 65 0R0 239 0.8 21.0 90.6 1.0029 0.00 0.0M
33420.000 1962 COM2 65 0R0 225 0.7 21.0 90.5 1.0029 0.00 0.0M
33480.000 1962 COM2 65 0R0 294 0.8 21.0 90.5 1.0029 0.00 0.0M
33540.000 1962 COM2 65 0R0 281 0.3 20.9 90.3 1.0029 0.00 0.0M
33600.000 1962 COM2 65 0R0 317 0.4 20.9 90.3 1.0029 0.00 0.0M
33660.000 1962 COM2 65 0R0 334 0.5 20.9 90.1 1.0029 0.00 0.0M
33720.000 1962 COM2 65 0R0 315 0.1 20.9 90.1 1.0029 0.00 0.0M
33780.000 1962 COM2 65 0R0 317 0.3 20.9 90.0 1.0029 0.00 0.0M
33840.000 1962 COM2 65 0R0 284 0.9 20.9 89.9 1.0029 0.00 0.0M
33900.000 1962 COM2 65 0R0 274 1.1 20.8 89.9 1.0029 0.00 0.0M
33960.100 1962 COM2 65 0R0 356 0.3 20.8 89.9 1.0029 0.00 0.0M
34020.000 1962 COM2 65 0R0 308 0.2 20.8 89.8 1.0029 0.00 0.0M
34080.000 1962 COM2 65 0R0 258 1.6 20.8 89.6 1.0029 0.00 0.0M
34140.000 1962 COM2 65 0R0 222 0.3 20.8 89.6 1.0029 0.00 0.0M
34200.000 1962 COM2 65 0R0 341 0.5 20.8 89.3 1.0029 0.00 0.0M
34260.100 1962 COM2 65 0R0 332 0.5 20.8 89.2 1.0029 0.00 0.0M
34320.000 1962 COM2 65 0R0 164 0.3 20.8 89.0 1.0028 0.00 0.0M
34380.100 1962 COM2 65 0R0 082 0.1 20.8 88.8 1.0028 0.00 0.0M
34440.000 1962 COM2 65 0R0 323 0.9 20.8 88.8 1.0028 0.00 0.0M
34500.000 1962 COM2 65 0R0 242 0.9 20.8 88.8 1.0028 0.00 0.0M
34560.000 1962 COM2 65 0R0 206 0.3 20.8 88.8 1.0029 0.00 0.0M
34620.000 1962 COM2 65 0R0 145 0.3 20.8 88.6 1.0029 0.00 0.0M
34680.000 1962 COM2 65 0R0 079 0.3 20.7 88.6 1.0029 0.00 0.0M
34740.000 1962 COM2 65 0R0 219 0.7 20.7 88.5 1.0029 0.00 0.0M
34800.000 1962 COM2 65 0R0 290 1.9 20.7 88.3 1.0030 0.00 0.0M
34860.000 1962 COM2 65 0R0 315 1.2 20.7 88.5 1.0030 0.00 0.0M
34920.000 1962 COM2 65 0R0 258 1.7 20.7 88.2 1.0030 0.00 0.0M
34980.000 1962 COM2 65 0R0 238 0.5 20.7 88.2 1.0030 0.00 0.0M
35040.000 1962 COM2 65 0R0 237 0.7 20.7 88.2 1.0031 0.00 0.0M
35100.000 1962 COM2 65 0R0 267 1.1 20.7 88.3 1.0031 0.00 0.0M
35160.000 1962 COM2 65 0R0 257 0.9 20.7 88.0 1.0031 0.00 0.0M
35220.000 1962 COM2 65 0R0 337 1.0 20.7 88.2 1.0031 0.00 0.0M
35280.100 1962 COM2 65 0R0 259 0.6 20.7 87.9 1.0031 0.00 0.0M
35340.000 1962 COM2 65 0R0 310 1.9 20.7 87.8 1.0032 0.00 0.0M
35400.000 1962 COM2 65 0R0 307 0.8 20.7 87.8 1.0032 0.00 0.0M
35460.000 1962 COM2 65 0R0 045 0.5 20.7 87.9 1.0032 0.00 0.0M
35520.000 1962 COM2 65 0R0 352 0.7 20.7 87.7 1.0032 0.00 0.0M
35580.000 1962 COM2 65 0R0 010 1.3 20.7 87.7 1.0032 0.00 0.0M
35640.000 1962 COM2 65 0R0 311 0.5 20.6 87.6 1.0032 0.00 0.0M
35700.100 1962 COM2 65 0R0 297 1.6 20.6 87.5 1.0032 0.00 0.0M
35760.000 1962 COM2 65 0R0 309 1.9 20.6 87.8 1.0032 0.00 0.0M
35820.100 1962 COM2 65 0R0 036 0.5 20.6 87.8 1.0032 0.00 0.0M
35880.000 1962 COM2 65 0R0 201 0.4 20.6 87.5 1.0033 0.00 0.0M
35940.000 1962 COM2 65 0R0 262 0.3 20.6 87.8 1.0033 0.00 0.0M
36000.000 1962 COM2 65 0R0 328 0.8 20.6 87.6 1.0033 0.00 0.0M
36060.000 1962 COM2 65 0R0 023 0.6 20.6 87.7 1.0034 0.00 0.0M
36120.000 1962 COM2 65 0R0 340 0.7 20.6 87.7 1.0034 0.00 0.0M
36180.000 1962 COM2 65 0R0 282 2.0 20.5 87.8 1.0034 0.00 0.0M
36240.000 1962 COM2 65 0R0 299 1.4 20.5 87.9 1.0034 0.00 0.0M
36300.000 1962 COM2 65 0R0 308 0.6 20.5 88.0 1.0034 0.00 0.0M
36360.000 1962 COM2 65 0R0 276 1.1 20.5 87.9 1.0034 0.00 0.0M
36420.000 1962 COM2 65 0R0 299 1.1 20.5 87.6 1.0034 0.00 0.0M
36480.000 1962 COM2 65 0R0 072 0.4 20.5 87.7 1.0034 0.00 0.0M
36540.000 1962 COM2 65 0R0 012 0.5 20.5 87.6 1.0034 0.00 0.0M
36600.000 1962 COM2 65 0R0 326 0.4 20.5 87.4 1.0034 0.00 0.0M
36660.000 1962 COM2 65 0R0 268 0.6 20.5 87.5 1.0034 0.00 0.0M
36720.000 1962 COM2 65 0R0 057 0.9 20.5 87.2 1.0034 0.00 0.0M
36780.000 1962 COM2 65 0R0 264 0.7 20.5 87.3 1.0034 0.00 0.0M
36840.000 1962 COM2 65 0R0 347 1.6 20.5 87.2 1.0034 0.00 0.0M
36900.000 1962 COM2 65 0R0 323 2.1 20.5 87.0 1.0034 0.00 0.0M
36960.000 1962 COM2 65 0R0 344 0.8 20.5 86.9 1.0034 0.00 0.0M
37020.000 1962 COM2 65 0R0 340 0.9 20.5 86.9 1.0034 0.00 0.0M
37080.000 1962 COM2 65 0R0 316 0.8 20.5 86.7 1.0034 0.00 0.0M
37140.000 1962 COM2 65 0R0 291 0.6 20.5 86.4 1.0035 0.00 0.0M
37200.000 1962 COM2 65 0R0 304 2.0 20.5 86.4 1.0035 0.00 0.0M
37260.000 1962 COM2 65 0R0 331 2.0 20.5 86.3 1.0035 0.00 0.0M
37320.000 1962 COM2 65 0R0 309 0.7 20.5 86.3 1.0035 0.00 0.0M
37380.000 1962 COM2 65 0R0 325 0.6 20.5 86.3 1.0035 0.00 0.0M
37440.000 1962 COM2 65 0R0 265 0.3 20.5 86.0 1.0034 0.00 0.0M
37500.000 1962 COM2 65 0R0 100 0.4 20.5 85.6 1.0034 0.00 0.0M
37560.000 1962 COM2 65 0R0 034 0.3 20.5 85.7 1.0034 0.00 0.0M
37620.000 1962 COM2 65 0R0 308 1.1 20.5 85.7 1.0034 0.00 0.0M
37680.000 1962 COM2 65 0R0 001 0.5 20.5 85.4 1.0034 0.00 0.0M
37740.000 1962 COM2 65 0R0 281 1.7 20.5 85.2 1.0035 0.00 0.0M
37800.000 1962 COM2 65 0R0 015 1.9 20.5 84.9 1.0035 0.00 0.0M
37860.000 1962 COM2 65 0R0 040 1.3 20.5 84.7 1.0035 0.00 0.0M
37920.000 1962 COM2 65 0R0 002 0.7 20.5 84.3 1.0035 0.00 0.0M
37980.000 1962 COM2 65 0R0 318 0.3 20.6 84.0 1.0035 0.00 0.0M
38040.000 1962 COM2 65 0R0 340 2.7 20.6 83.7 1.0035 0.00 0.0M
38100.000 1962 COM2 65 0R0 036 0.5 20.6 83.2 1.0036 0.00 0.0M
38160.000 1962 COM2 65 0R0 294 1.2 20.7 83.1 1.0036 0.00 0.0M
38220.000 1962 COM2 65 0R0 324 1.0 20.7 83.1 1.0036 0.00 0.0M
38280.000 1962 COM2 65 0R0 306 1.3 20.7 82.6 1.0036 0.00 0.0M
38340.000 1962 COM2 65 0R0 291 1.7 20.7 82.6 1.0036 0.00 0.0M
38400.000 1962 COM2 65 0R0 302 2.1 20.7 82.7 1.0036 0.00 0.0M
38460.000 1962 COM2 65 0R0 330 2.0 20.7 82.4 1.0036 0.00 0.0M
38520.000 1962 COM2 65 0R0 333 1.9 20.7 81.6 1.0036 0.00 0.0M
38580.000 1962 COM2 65 0R0 298 1.5 20.8 81.2 1.0036 0.00 0.0M
38640.000 1962 COM2 65 0R0 007 0.9 20.8 81.6 1.0037 0.00 0.0M
38700.000 1962 COM2 65 0R0 056 0.4 20.8 81.2 1.0037 0.00 0.0M
38760.000 1962 COM2 65 0R0 005 1.7 20.8 81.2 1.0037 0.00 0.0M
38820.000 1962 COM2 65 0R0 242 0.3 20.9 80.8 1.0037 0.00 0.0M
38880.000 1962 COM2 65 0R0 285 0.9 20.9 80.2 1.0037 0.00 0.0M
38940.000 1962 COM2 65 0R0 335 0.8 20.9 80.6 1.0038 0.00 0.0M
39000.000 1962 COM2 65 0R0 310 0.6 20.9 80.1 1.0038 0.00 0.0M
39060.000 1962 COM2 65 0R0 254 0.6 20.9 80.1 1.0038 0.00 0.0M
39120.000 1962 COM2 65 0R0 355 2.0 21.0 80.3 1.0038 0.00 0.0M
39180.000 1962 COM2 65 0R0 287 2.3 21.0 79.8 1.0039 0.00 0.0M
39240.000 1962 COM2 65 0R0 338 1.6 21.0 79.9 1.0039 0.00 0.0M
39300.000 1962 COM2 65 0R0 312 0.6 21.0 79.9 1.0039 0.00 0.0M
39360.000 1962 COM2 65 0R0 312 0.4 21.0 79.6 1.0039 0.00 0.0M
39420.000 1962 COM2 65 0R0 339 2.0 21.0 79.7 1.0039 0.00 0.0M
39480.000 1962 COM2 65 0R0 347 3.3 21.0 79.7 1.0039 0.00 0.0M
39540.000 1962 COM2 65 0R0 336 1.4 21.0 79.2 1.0039 0.00 0.0M
39600.000 1962 COM2 65 0R0 289 0.9 21.0 79.5 1.0039 0.00 0.0M
39660.000 1962 COM2 65 0R0 325 0.8 21.0 79.6 1.0039 0.00 0.0M
39720.000 1962 COM2 65 0R0 003 1.8 21.0 79.8 1.0039 0.00 0.0M
39780.000 1962 COM2 65 0R0 267 1.0 21.0 79.7 1.0040 0.00 0.0M
39840.000 1962 COM2 65 0R0 329 1.4 21.0 79.3 1.0040 0.00 0.0M
39900.000 1962 COM2 65 0R0 344 2.7 21.0 78.7 1.0040 0.00 0.0M
39960.000 1962 COM2 65 0R0 335 4.0 21.0 79.4 1.0040 0.00 0.0M
40020.000 1962 COM2 65 0R0 343 0.9 21.0 79.1 1.0040 0.00 0.0M
40080.000 1962 COM2 65 0R0 341 1.8 21.0 79.6 1.0040 0.00 0.0M
40140.000 1962 COM2 65 0R0 314 2.9 21.1 79.4 1.0040 0.00 0.0M
40200.000 1962 COM2 65 0R0 356 0.9 21.1 79.3 1.0040 0.00 0.0M
40260.000 1962 COM2 65 0R0 074 0.6 21.1 79.3 1.0040 0.00 0.0M
40320.000 1962 COM2 65 0R0 040 0.6 21.1 79.2 1.0039 0.00 0.0M
40380.000 1962 COM2 65 0R0 023 1.7 21.1 78.9 1.0039 0.00 0.0M
40440.000 1962 COM2 65 0R0 348 1.3 21.1 78.7 1.0040 0.00 0.0M
40500.000 1962 COM2 65 0R0 293 1.8 21.2 78.1 1.0040 0.00 0.0M
40560.000 1962 COM2 65 0R0 340 1.6 21.2 78.5 1.0040 0.00 0.0M
40620.000 1962 COM2 65 0R0 300 0.7 21.2 77.9 1.0040 0.00 0.0M
40680.000 1962 COM2 65 0R0 350 1.4 21.2 78.0 1.0040 0.00 0.0M
40740.000 1962 COM2 65 0R0 030 0.8 21.2 77.6 1.0040 0.00 0.0M
40800.000 1962 COM2 65 0R0 341 2.6 21.2 77.8 1.0041 0.00 0.0M
40860.000 1962 COM2 65 0R0 331 1.6 21.3 77.0 1.0041 0.00 0.0M
40920.000 1962 COM2 65 0R0 000 0.9 21.3 77.1 1.0042 0.00 0.0M
40980.000 1962 COM2 65 0R0 340 0.3 21.3 76.7 1.0042 0.00 0.0M
41040.000 1962 COM2 65 0R0 279 0.3 21.3 76.9 1.0042 0.00 0.0M
41100.000 1962 COM2 65 0R0 009 1.5 21.3 77.1 1.0043 0.00 0.0M
41160.000 1962 COM2 65 0R0 266 1.7 21.3 77.1 1.0043 0.00 0.0M
41220.000 1962 COM2 65 0R0 071 0.4 21.4 77.0 1.0043 0.00 0.0M
41280.000 1962 COM2 65 0R0 118 0.3 21.4 77.0 1.0043 0.00 0.0M
41340.000 1962 COM2 65 0R0 306 2.3 21.5 76.8 1.0043 0.00 0.0M
41400.000 1962 COM2 65 0R0 282 0.5 21.5 76.4 1.0044 0.00 0.0M
41460.000 1962 COM2 65 0R0 324 1.4 21.6 76.1 1.0044 0.00 0.0M
41520.000 1962 COM2 65 0R0 263 0.7 21.6 75.7 1.0044 0.00 0.0M
41580.000 1962 COM2 65 0R0 309 2.3 21.6 75.7 1.0044 0.00 0.0M
41640.000 1962 COM2 65 0R0 327 0.5 21.6 75.7 1.0044 0.00 0.0M
41700.000 1962 COM2 65 0R0 341 4.1 21.6 76.0 1.0044 0.00 0.0M
41760.000 1962 COM2 65 0R0 282 0.4 21.6 75.2 1.0044 0.00 0.0M
41820.000 1962 COM2 65 0R0 274 1.0 21.6 76.0 1.0044 0.00 0.0M
41880.000 1962 COM2 65 0R0 326 2.2 21.6 76.2 1.0044 0.00 0.0M
41940.000 1962 COM2 65 0R0 039 1.2 21.6 75.7 1.0045 0.00 0.0M
42000.000 1962 COM2 65 0R0 024 0.8 21.6 76.6 1.0045 0.00 0.0M
42060.000 1962 COM2 65 0R0 060 0.3 21.6 76.3 1.0045 0.00 0.0M
42120.000 1962 COM2 65 0R0 023 1.0 21.6 75.7 1.0045 0.00 0.0M
42180.000 1962 COM2 65 0R0 302 3.2 21.6 75.9 1.0046 0.00 0.0M
42240.000 1962 COM2 65 0R0 267 0.5 21.6 75.5 1.0046 0.00 0.0M
42300.000 1962 COM2 65 0R0 344 3.7 21.6 75.7 1.0046 0.00 0.0M
42360.000 1962 COM2 65 0R0 342 2.3 21.6 75.2 1.0046 0.00 0.0M
42420.000 1962 COM2 65 0R0 328 0.8 21.6 75.7 1.0046 0.00 0.0M
42480.000 1962 COM2 65 0R0 009 1.3 21.6 75.1 1.0046 0.00 0.0M
42540.000 1962 COM2 65 0R0 346 3.6 21.6 75.4 1.0046 0.00 0.0M
42600.000 1962 COM2 65 0R0 164 0.7 21.6 75.6 1.0047 0.00 0.0M
42660.000 1962 COM2 65 0R0 319 2.3 21.6 75.9 1.0047 0.00 0.0M
42720.000 1962 COM2 65 0R0 033 0.9 21.7 75.3 1.0047 0.00 0.0M
42780.000 1962 COM2 65 0R0 330 1.6 21.7 75.6 1.0047 0.00 0.0M
42840.000 1962 COM2 65 0R0 022 1.3 21.7 75.4 1.0047 0.00 0.0M
42900.000 1962 COM2 65 0R0 317 3.7 21.8 75.5 1.0047 0.00 0.0M
42960.000 1962 COM2 65 0R0 002 2.0 21.8 74.1 1.0047 0.00 0.0M
43020.000 1962 COM2 65 0R0 319 2.0 21.8 75.2 1.0048 0.00 0.0M
43080.000 1962 COM2 65 0R0 341 2.7 21.8 74.8 1.0048 0.00 0.0M
43140.000 1962 COM2 65 0R0 070 0.5 21.8 74.2 1.0048 0.00 0.0M
43200.000 1962 COM2 65 0R0 322 0.8 21.8 74.9 1.0048 0.00 0.0M
43260.000 1962 COM2 65 0R0 341 3.0 21.9 74.9 1.0047 0.00 0.0M
43320.000 1962 COM2 65 0R0 353 1.7 21.9 73.0 1.0047 0.00 0.0M
43380.000 1962 COM2 65 0R0 039 2.3 21.9 74.2 1.0048 0.00 0.0M
43440.000 1962 COM2 65 0R0 113 0.9 21.9 74.6 1.0047 0.00 0.0M
43500.000 1962 COM2 65 0R0 299 1.2 21.9 74.3 1.0047 0.00 0.0M
43560.000 1962 COM2 65 0R0 342 3.6 21.9 73.9 1.0048 0.00 0.0M
43620.000 1962 COM2 65 0R0 308 0.7 21.9 73.6 1.0048 0.00 0.0M
43680.000 1962 COM2 65 0R0 020 1.5 21.9 74.2 1.0048 0.00 0.0M
43740.000 1962 COM2 65 0R0 300 3.9 22.0 73.8 1.0048 0.00 0.0M
43800.000 1962 COM2 65 0R0 303 0.7 22.0 73.4 1.0048 0.00 0.0M
43860.000 1962 COM2 65 0R0 013 1.0 22.0 73.7 1.0049 0.00 0.0M
43920.000 1962 COM2 65 0R0 025 1.1 22.1 73.3 1.0049 0.00 0.0M
43980.000 1962 COM2 65 0R0 310 2.8 22.2 73.2 1.0050 0.00 0.0M
44040.000 1962 COM2 65 0R0 317 2.0 22.2 72.2 1.0049 0.00 0.0M
44100.000 1962 COM2 65 0R0 011 1.8 22.3 72.3 1.0050 0.00 0.0M
44160.000 1962 COM2 65 0R0 004 1.8 22.3 72.4 1.0050 0.00 0.0M
44220.000 1962 COM2 65 0R0 314 2.6 22.3 71.7 1.0050 0.00 0.0M
44280.000 1962 COM2 65 0R0 312 2.0 22.2 71.7 1.0050 0.00 0.0M
44340.000 1962 COM2 65 0R0 312 1.0 22.2 70.8 1.0050 0.00 0.0M
44400.000 1962 COM2 65 0R0 348 3.6 22.1 72.4 1.0050 0.00 0.0M
44460.000 1962 COM2 65 0R0 337 1.2 22.1 71.8 1.0050 0.00 0.0M
44520.000 1962 COM2 65 0R0 024 1.7 22.2 72.3 1.0050 0.00 0.0M
44580.000 1962 COM2 65 0R0 334 2.0 22.2 72.2 1.0050 0.00 0.0M
44640.000 1962 COM2 65 0R0 340 4.2 22.2 71.0 1.0050 0.00 0.0M
44700.000 1962 COM2 65 0R0 345 4.8 22.2 69.6 1.0051 0.00 0.0M
44760.000 1962 COM2 65 0R0 204 0.3 22.1 70.7 1.0051 0.00 0.0M
44820.000 1962 COM2 65 0R0 055 0.7 22.1 71.4 1.0050 0.00 0.0M
44880.000 1962 COM2 65 0R0 055 1.1 22.2 71.4 1.0050 0.00 0.0M
44940.000 1962 COM2 65 0R0 342 3.0 22.3 70.6 1.0050 0.00 0.0M
45000.000 1962 COM2 65 0R0 332 3.6 22.4 69.7 1.0051 0.00 0.0M
45060.000 1962 COM2 65 0R0 325 4.9 22.4 68.8 1.0051 0.00 0.0M
45120.000 1962 COM2 65 0R0 264 1.1 22.4 68.5 1.0051 0.00 0.0M
45180.000 1962 COM2 65 0R0 315 0.6 22.3 70.0 1.0050 0.00 0.0M
45240.000 1962 COM2 65 0R0 332 1.7 22.3 69.2 1.0051 0.00 0.0M
45300.000 1962 COM2 65 0R0 328 3.8 22.4 69.2 1.0051 0.00 0.0M
45360.000 1962 COM2 65 0R0 346 4.3 22.4 67.5 1.0051 0.00 0.0M
45420.000 1962 COM2 65 0R0 017 1.1 22.3 68.6 1.0051 0.00 0.0M
45480.000 1962 COM2 65 0R0 358 3.1 22.3 69.2 1.0051 0.00 0.0M
45540.000 1962 COM2 65 0R0 315 4.6 22.3 67.8 1.0051 0.00 0.0M
45600.000 1962 COM2 65 0R0 341 1.9 22.3 67.3 1.0051 0.00 0.0M
45660.000 1962 COM2 65 0R0 320 2.0 22.3 67.7 1.0051 0.00 0.0M
45720.000 1962 COM2 65 0R0 097 1.8 22.4 67.7 1.0051 0.00 0.0M
45780.000 1962 COM2 65 0R0 346 3.3 22.4 67.7 1.0051 0.00 0.0M
45840.000 1962 COM2 65 0R0 003 2.0 22.4 67.5 1.0051 0.00 0.0M
45900.000 1962 COM2 65 0R0 342 4.1 22.4 67.9 1.0051 0.00 0.0M
45960.000 1962 COM2 65 0R0 072 2.7 22.4 67.7 1.0050 0.00 0.0M
46020.000 1962 COM2 65 0R0 297 2.4 22.4 68.3 1.0050 0.00 0.0M
46080.000 1962 COM2 65 0R0 013 1.7 22.4 67.9 1.0050 0.00 0.0M
46140.000 1962 COM2 65 0R0 344 2.2 22.4 67.9 1.0050 0.00 0.0M
46200.000 1962 COM2 65 0R0 323 2.2 22.4 67.9 1.0050 0.00 0.0M
46260.000 1962 COM2 65 0R0 231 2.0 22.4 67.8 1.0050 0.00 0.0M
46320.000 1962 COM2 65 0R0 012 1.0 22.5 67.5 1.0050 0.00 0.0M
46380.000 1962 COM2 65 0R0 344 5.0 22.5 67.5 1.0050 0.00 0.0M
46440.000 1962 COM2 65 0R0 338 3.5 22.5 66.4 1.0050 0.00 0.0M
46500.000 1962 COM2 65 0R0 317 2.2 22.5 67.0 1.0051 0.00 0.0M
46560.000 1962 COM2 65 0R0 320 4.2 22.5 67.2 1.0051 0.00 0.0M
46620.000 1962 COM2 65 0R0 323 2.7 22.5 67.3 1.0051 0.00 0.0M
46680.000 1962 COM2 65 0R0 307 2.7 22.5 67.7 1.0051 0.00 0.0M
46740.000 1962 COM2 65 0R0 342 0.9 22.5 67.7 1.0051 0.00 0.0M
46800.000 1962 COM2 65 0R0 326 0.6 22.5 67.5 1.0051 0.00 0.0M
46860.000 1962 COM2 65 0R0 287 3.4 22.5 67.4 1.0051 0.00 0.0M
46920.000 1962 COM2 65 0R0 290 2.5 22.6 67.0 1.0052 0.00 0.0M
46980.000 1962 COM2 65 0R0 332 1.1 22.6 67.4 1.0052 0.00 0.0M
47040.000 1962 COM2 65 0R0 011 1.0 22.6 67.6 1.0052 0.00 0.0M
47100.000 1962 COM2 65 0R0 346 4.8 22.7 67.1 1.0052 0.00 0.0M
47160.000 1962 COM2 65 0R0 337 3.1 22.7 65.1 1.0052 0.00 0.0M
47220.100 1962 COM2 65 0R0 317 3.4 22.7 65.8 1.0052 0.00 0.0M
47280.000 1962 COM2 65 0R0 346 3.1 22.8 65.4 1.0052 0.00 0.0M
47340.000 1962 COM2 65 0R0 021 1.4 22.8 65.6 1.0053 0.00 0.0M
47400.000 1962 COM2 65 0R0 322 1.0 22.8 65.6 1.0052 0.00 0.0M
47460.000 1962 COM2 65 0R0 350 1.9 22.8 65.4 1.0052 0.00 0.0M
47520.000 1962 COM2 65 0R0 340 4.1 22.9 64.5 1.0052 0.00 0.0M
47580.100 1962 COM2 65 0R0 254 1.3 23.0 64.5 1.0052 0.00 0.0M
47640.100 1962 COM2 65 0R0 044 1.9 22.9 65.4 1.0052 0.00 0.0M
47700.000 1962 COM2 65 0R0 353 2.4 22.9 65.0 1.0052 0.00 0.0M
47760.000 1962 COM2 65 0R0 298 2.8 22.9 64.3 1.0052 0.00 0.0M
47820.000 1962 COM2 65 0R0 338 2.8 22.9 64.6 1.0052 0.00 0.0M
47880.000 1962 COM2 65 0R0 033 0.9 22.8 65.4 1.0052 0.00 0.0M
47940.000 1962 COM2 65 0R0 338 2.1 22.7 65.5 1.0052 0.00 0.0M
48000.000 1962 COM2 65 0R0 012 0.9 22.8 65.6 1.0053 0.00 0.0M
48060.000 1962 COM2 65 0R0 305 0.4 23.0 65.1 1.0052 0.00 0.0M
48120.000 1962 COM2 65 0R0 256 0.5 23.0 65.1 1.0052 0.00 0.0M
48180.000 1962 COM2 65 0R0 338 1.0 23.1 64.7 1.0052 0.00 0.0M
48240.000 1962 COM2 65 0R0 271 2.6 23.2 64.2 1.0052 0.00 0.0M
48300.000 1962 COM2 65 0R0 334 1.2 23.3 64.4 1.0052 0.00 0.0M
48360.000 1962 COM2 65 0R0 338 1.4 23.3 64.2 1.0053 0.00 0.0M
48420.000 1962 COM2 65 0R0 001 0.6 23.5 64.4 1.0053 0.00 0.0M
48480.000 1962 COM2 65 0R0 341 2.0 23.6 63.0 1.0053 0.00 0.0M
48540.000 1962 COM2 65 0R0 347 2.1 23.7 62.9 1.0053 0.00 0.0M
48600.000 1962 COM2 65 0R0 270 0.5 23.6 62.6 1.0053 0.00 0.0M
48660.000 1962 COM2 65 0R0 007 1.6 23.6 63.0 1.0053 0.00 0.0M
48720.000 1962 COM2 65 0R0 000 2.4 23.6 62.5 1.0053 0.00 0.0M
48780.000 1962 COM2 65 0R0 272 0.9 23.5 62.8 1.0054 0.00 0.0M
48840.000 1962 COM2 65 0R0 027 0.4 23.5 62.8 1.0054 0.00 0.0M
48900.000 1962 COM2 65 0R0 083 1.6 23.6 62.7 1.0055 0.00 0.0M
48960.000 1962 COM2 65 0R0 004 1.0 23.7 62.1 1.0055 0.00 0.0M
49020.000 1962 COM2 65 0R0 039 1.0 23.8 61.6 1.0055 0.00 0.0M
49080.000 1962 COM2 65 0R0 175 0.3 23.9 61.9 1.0055 0.00 0.0M
49140.000 1962 COM2 65 0R0 351 0.9 24.0 61.6 1.0055 0.00 0.0M
49200.000 1962 COM2 65 0R0 052 0.9 24.2 61.1 1.0055 0.00 0.0M
49260.000 1962 COM2 65 0R0 017 1.8 24.2 61.0 1.0055 0.00 0.0M
49320.000 1962 COM2 65 0R0 113 0.5 24.1 60.9 1.0055 0.00 0.0M
49380.000 1962 COM2 65 0R0 340 0.9 23.9 61.7 1.0055 0.00 0.0M
49440.000 1962 COM2 65 0R0 116 0.4 23.9 61.5 1.0055 0.00 0.0M
49500.000 1962 COM2 65 0R0 354 1.5 23.9 61.8 1.0055 0.00 0.0M
49560.000 1962 COM2 65 0R0 349 2.0 24.0 60.4 1.0055 0.00 0.0M
49620.000 1962 COM2 65 0R0 343 4.6 24.0 60.8 1.0055 0.00 0.0M
49680.000 1962 COM2 65 0R0 352 1.6 23.8 60.3 1.0055 0.00 0.0M
49740.000 1962 COM2 65 0R0 337 3.0 23.5 61.6 1.0055 0.00 0.0M
49800.000 1962 COM2 65 0R0 317 1.6 23.5 61.5 1.0055 0.00 0.0M
49860.000 1962 COM2 65 0R0 023 2.5 23.5 62.0 1.0055 0.00 0.0M
49920.000 1962 COM2 65 0R0 022 0.7 23.6 62.0 1.0055 0.00 0.0M
49980.000 1962 COM2 65 0R0 340 2.9 23.8 60.9 1.0055 0.00 0.0M
50040.000 1962 COM2 65 0R0 288 0.7 23.8 61.0 1.0056 0.00 0.0M
50100.000 1962 COM2 65 0R0 000 2.0 23.9 61.3 1.0056 0.00 0.0M
50160.000 1962 COM2 65 0R0 343 1.8 24.0 60.9 1.0056 0.00 0.0M
50220.000 1962 COM2 65 0R0 041 1.5 24.0 59.7 1.0056 0.00 0.0M
50280.000 1962 COM2 65 0R0 356 2.1 24.0 59.9 1.0055 0.00 0.0M
50340.000 1962 COM2 65 0R0 017 1.9 24.0 60.0 1.0055 0.00 0.0M
50400.000 1962 COM2 65 0R0 114 1.1 23.9 60.4 1.0055 0.00 0.0M
50460.000 1962 COM2 65 0R0 000 2.5 23.8 60.7 1.0055 0.00 0.0M
50520.000 1962 COM2 65 0R0 029 2.0 24.0 60.3 1.0055 0.00 0.0M
50580.000 1962 COM2 65 0R0 011 2.9 24.0 59.6 1.0056 0.00 0.0M
50640.000 1962 COM2 65 0R0 007 0.8 23.9 60.2 1.0056 0.00 0.0M
50700.000 1962 COM2 65 0R0 036 1.2 23.8 61.0 1.0056 0.00 0.0M
50760.000 1962 COM2 65 0R0 053 2.3 23.8 60.6 1.0056 0.00 0.0M
50820.000 1962 COM2 65 0R0 327 1.1 23.9 60.8 1.0057 0.00 0.0M
50880.000 1962 COM2 65 0R0 332 2.1 24.0 60.7 1.0057 0.00 0.0M
50940.000 1962 COM2 65 0R0 196 1.1 24.0 60.7 1.0056 0.00 0.0M
51000.000 1962 COM2 65 0R0 293 0.6 24.0 61.4 1.0057 0.00 0.0M
51060.000 1962 COM2 65 0R0 034 1.9 24.2 60.5 1.0057 0.00 0.0M
51120.000 1962 COM2 65 0R0 094 0.4 24.4 60.1 1.0057 0.00 0.0M
51180.000 1962 COM2 65 0R0 294 0.7 24.4 60.1 1.0057 0.00 0.0M
51240.000 1962 COM2 65 0R0 340 0.9 24.6 59.5 1.0057 0.00 0.0M
51300.000 1962 COM2 65 0R0 307 0.9 24.8 58.4 1.0057 0.00 0.0M
51360.000 1962 COM2 65 0R0 006 2.7 24.9 58.5 1.0057 0.00 0.0M
51420.000 1962 COM2 65 0R0 350 2.0 24.9 57.3 1.0058 0.00 0.0M
51480.000 1962 COM2 65 0R0 311 0.7 24.7 58.2 1.0058 0.00 0.0M
51540.000 1962 COM2 65 0R0 303 3.8 24.6 58.4 1.0058 0.00 0.0M
51600.000 1962 COM2 65 0R0 015 0.8 24.5 58.2 1.0057 0.00 0.0M
51660.000 1962 COM2 65 0R0 073 0.6 24.4 58.7 1.0058 0.00 0.0M
51720.000 1962 COM2 65 0R0 015 1.6 24.4 58.7 1.0057 0.00 0.0M
51780.000 1962 COM2 65 0R0 344 1.8 24.6 57.6 1.0057 0.00 0.0M
51840.000 1962 COM2 65 0R0 357 2.1 24.6 57.6 1.0057 0.00 0.0M
51900.000 1962 COM2 65 0R0 358 1.6 24.4 58.0 1.0057 0.00 0.0M
51960.000 1962 COM2 65 0R0 336 2.5 24.2 58.8 1.0057 0.00 0.0M
52020.000 1962 COM2 65 0R0 347 1.0 24.1 58.9 1.0057 0.00 0.0M
52080.000 1962 COM2 65 0R0 260 3.1 24.0 59.5 1.0057 0.00 0.0M
52140.000 1962 COM2 65 0R0 280 1.6 24.1 59.2 1.0057 0.00 0.0M
52200.000 1962 COM2 65 0R0 329 2.1 24.1 59.3 1.0057 0.00 0.0M
52260.000 1962 COM2 65 0R0 294 0.4 24.3 58.2 1.0058 0.00 0.0M
52320.000 1962 COM2 65 0R0 326 0.4 24.3 58.8 1.0058 0.00 0.0M
52380.000 1962 COM2 65 0R0 353 3.9 24.3 58.9 1.0058 0.00 0.0M
52440.100 1962 COM2 65 0R0 213 0.5 24.4 58.5 1.0058 0.00 0.0M
52500.000 1962 COM2 65 0R0 297 3.2 24.5 58.7 1.0058 0.00 0.0M
52560.000 1962 COM2 65 0R0 326 2.2 24.6 57.9 1.0057 0.00 0.0M
52620.000 1962 COM2 65 0R0 308 3.1 24.5 56.7 1.0058 0.00 0.0M
52680.000 1962 COM2 65 0R0 339 3.5 24.4 58.3 1.0058 0.00 0.0M
52740.000 1962 COM2 65 0R0 337 1.6 24.4 58.0 1.0058 0.00 0.0M
52800.000 1962 COM2 65 0R0 338 1.3 24.2 58.7 1.0058 0.00 0.0M
52860.000 1962 COM2 65 0R0 328 2.7 24.2 58.4 1.0058 0.00 0.0M
52920.000 1962 COM2 65 0R0 009 1.8 24.3 57.9 1.0058 0.00 0.0M
52980.000 1962 COM2 65 0R0 055 1.8 24.2 57.6 1.0058 0.00 0.0M
53040.000 1962 COM2 65 0R0 348 2.4 24.2 57.4 1.0058 0.00 0.0M
53100.000 1962 COM2 65 0R0 346 2.2 24.3 56.8 1.0059 0.00 0.0M
53160.000 1962 COM2 65 0R0 333 1.2 24.4 57.0 1.0058 0.00 0.0M
53220.000 1962 COM2 65 0R0 004 2.6 24.5 57.6 1.0058 0.00 0.0M
53280.000 1962 COM2 65 0R0 336 3.2 24.6 56.7 1.0059 0.00 0.0M
53340.000 1962 COM2 65 0R0 260 1.1 24.6 57.0 1.0058 0.00 0.0M
53400.000 1962 COM2 65 0R0 108 1.1 24.6 57.2 1.0058 0.00 0.0M
53460.000 1962 COM2 65 0R0 007 0.4 24.6 57.2 1.0059 0.00 0.0M
53520.000 1962 COM2 65 0R0 040 0.8 25.0 56.6 1.0059 0.00 0.0M
53580.000 1962 COM2 65 0R0 341 2.6 25.2 56.3 1.0059 0.00 0.0M
53640.000 1962 COM2 65 0R0 273 1.9 25.3 56.3 1.0060 0.00 0.0M
53700.000 1962 COM2 65 0R0 146 0.9 25.3 56.7 1.0060 0.00 0.0M
53760.000 1962 COM2 65 0R0 305 1.4 25.3 56.8 1.0060 0.00 0.0M
53820.000 1962 COM2 65 0R0 281 2.5 25.4 56.1 1.0060 0.00 0.0M
53880.000 1962 COM2 65 0R0 265 1.4 25.5 56.0 1.0060 0.00 0.0M
53940.000 1962 COM2 65 0R0 208 0.7 25.5 56.1 1.0060 0.00 0.0M
54000.000 1962 COM2 65 0R0 274 0.5 25.5 56.2 1.0060 0.00 0.0M
54060.000 1962 COM2 65 0R0 330 0.3 25.6 56.1 1.0060 0.00 0.0M
54120.000 1962 COM2 65 0R0 310 2.2 25.6 54.7 1.0060 0.00 0.0M
54180.000 1962 COM2 65 0R0 343 3.9 25.5 55.3 1.0060 0.00 0.0M
54240.000 1962 COM2 65 0R0 352 0.9 25.4 54.5 1.0060 0.00 0.0M
54300.000 1962 COM2 65 0R0 350 0.6 25.3 55.1 1.0060 0.00 0.0M
54360.000 1962 COM2 65 0R0 330 1.7 25.2 55.5 1.0060 0.00 0.0M
54420.000 1962 COM2 65 0R0 037 0.6 25.2 55.9 1.0061 0.00 0.0M
54480.000 1962 COM2 65 0R0 240 0.8 25.3 54.2 1.0061 0.00 0.0M
54540.000 1962 COM2 65 0R0 045 1.4 25.4 54.3 1.0061 0.00 0.0M
54600.000 1962 COM2 65 0R0 340 3.1 25.6 54.2 1.0061 0.00 0.0M
54660.000 1962 COM2 65 0R0 298 3.6 25.6 54.2 1.0061 0.00 0.0M
54720.000 1962 COM2 65 0R0 000 1.4 25.5 54.1 1.0061 0.00 0.0M
54780.000 1962 COM2 65 0R0 347 2.5 25.5 53.5 1.0062 0.00 0.0M
54840.000 1962 COM2 65 0R0 337 2.8 25.4 54.2 1.0062 0.00 0.0M
54900.000 1962 COM2 65 0R0 351 2.9 25.1 53.8 1.0062 0.00 0.0M
54960.000 1962 COM2 65 0R0 213 0.3 24.8 54.4 1.0062 0.00 0.0M
55020.000 1962 COM2 65 0R0 277 1.7 24.7 55.7 1.0062 0.00 0.0M
55080.000 1962 COM2 65 0R0 314 1.4 24.7 55.7 1.0063 0.00 0.0M
55140.000 1962 COM2 65 0R0 300 3.1 24.8 53.1 1.0063 0.00 0.0M
55200.000 1962 COM2 65 0R0 353 1.0 24.8 53.3 1.0063 0.00 0.0M
55260.000 1962 COM2 65 0R0 327 3.0 24.7 54.7 1.0063 0.00 0.0M
55320.000 1962 COM2 65 0R0 317 4.1 24.8 54.2 1.0063 0.00 0.0M
55380.000 1962 COM2 65 0R0 357 0.6 24.8 54.3 1.0063 0.00 0.0M
55440.000 1962 COM2 65 0R0 327 2.8 24.8 55.4 1.0063 0.00 0.0M
55500.000 1962 COM2 65 0R0 031 0.8 24.9 53.7 1.0063 0.00 0.0M
55560.000 1962 COM2 65 0R0 303 1.0 24.9 54.9 1.0063 0.00 0.0M
55620.000 1962 COM2 65 0R0 345 2.6 25.0 55.3 1.0063 0.00 0.0M
55680.000 1962 COM2 65 0R0 006 0.4 25.1 54.5 1.0063 0.00 0.0M
55740.000 1962 COM2 65 0R0 311 0.9 25.3 54.6 1.0062 0.00 0.0M
55800.000 1962 COM2 65 0R0 343 1.8 25.5 54.4 1.0062 0.00 0.0M
55860.000 1962 COM2 65 0R0 349 1.9 25.6 53.6 1.0062 0.00 0.0M
55920.000 1962 COM2 65 0R0 343 3.6 25.4 54.3 1.0062 0.00 0.0M
55980.000 1962 COM2 65 0R0 039 2.9 25.2 54.1 1.0062 0.00 0.0M
56040.000 1962 COM2 65 0R0 335 2.1 25.1 54.2 1.0061 0.00 0.0M
56100.000 1962 COM2 65 0R0 006 2.4 25.0 54.2 1.0061 0.00 0.0M
56160.000 1962 COM2 65 0R0 341 3.3 24.9 54.9 1.0061 0.00 0.0M
56220.000 1962 COM2 65 0R0 266 3.0 24.9 55.5 1.0061 0.00 0.0M
56280.000 1962 COM2 65 0R0 280 4.3 24.9 55.7 1.0061 0.00 0.0M
56340.000 1962 COM2 65 0R0 344 0.7 24.8 56.2 1.0061 0.00 0.0M
56400.000 1962 COM2 65 0R0 326 1.2 25.0 56.0 1.0061 0.00 0.0M
56460.000 1962 COM2 65 0R0 341 0.7 25.1 56.0 1.0061 0.00 0.0M
56520.000 1962 COM2 65 0R0 284 3.3 25.2 55.9 1.0060 0.00 0.0M
56580.000 1962 COM2 65 0R0 303 3.4 25.4 55.0 1.0060 0.00 0.0M
56640.000 1962 COM2 65 0R0 280 4.0 25.4 54.3 1.0060 0.00 0.0M
56700.000 1962 COM2 65 0R0 237 1.2 25.2 55.5 1.0060 0.00 0.0M
56760.000 1962 COM2 65 0R0 048 0.6 25.1 55.4 1.0060 0.00 0.0M
56820.000 1962 COM2 65 0R0 014 1.2 25.1 56.2 1.0059 0.00 0.0M
56880.000 1962 COM2 65 0R0 302 2.2 25.3 56.2 1.0059 0.00 0.0M
56940.000 1962 COM2 65 0R0 228 1.9 25.4 55.2 1.0059 0.00 0.0M
57000.000 1962 COM2 65 0R0 005 0.4 25.5 55.6 1.0059 0.00 0.0M
57060.000 1962 COM2 65 0R0 331 2.1 25.6 55.3 1.0059 0.00 0.0M
57120.000 1962 COM2 65 0R0 335 1.7 25.7 54.3 1.0059 0.00 0.0M
57180.000 1962 COM2 65 0R0 328 1.0 25.7 54.8 1.0059 0.00 0.0M
57240.000 1962 COM2 65 0R0 242 1.6 25.6 54.7 1.0060 0.00 0.0M
57300.000 1962 COM2 65 0R0 310 1.3 25.7 54.4 1.0059 0.00 0.0M
57360.000 1962 COM2 65 0R0 321 1.6 25.8 54.0 1.0058 0.00 0.0M
57420.000 1962 COM2 65 0R0 358 0.9 25.9 53.2 1.0060 0.00 0.0M
57480.000 1962 COM2 65 0R0 308 2.8 25.9 53.7 1.0060 0.00 0.0M
57540.000 1962 COM2 65 0R0 319 1.6 25.9 52.2 1.0060 0.00 0.0M
57600.000 1962 COM2 65 0R0 316 0.7 25.7 52.6 1.0060 0.00 0.0M
57660.000 1962 COM2 65 0R0 288 4.8 25.6 53.4 1.0060 0.00 0.0M
57720.000 1962 COM2 65 0R0 322 3.2 25.5 52.9 1.0059 0.00 0.0M
57780.000 1962 COM2 65 0R0 280 3.4 25.3 53.4 1.0059 0.00 0.0M
57840.000 1962 COM2 65 0R0 283 2.4 25.3 53.8 1.0058 0.00 0.0M
57900.000 1962 COM2 65 0R0 046 0.4 25.3 53.7 1.0057 0.00 0.0M
57960.000 1962 COM2 65 0R0 028 1.2 25.3 54.4 1.0057 0.00 0.0M
58020.000 1962 COM2 65 0R0 314 2.3 25.4 54.0 1.0057 0.00 0.0M
58080.000 1962 COM2 65 0R0 043 1.1 25.4 53.5 1.0057 0.00 0.0M
58140.000 1962 COM2 65 0R0 342 2.3 25.5 53.5 1.0058 0.00 0.0M
58200.000 1962 COM2 65 0R0 099 0.5 25.5 53.7 1.0059 0.00 0.0M
58260.000 1962 COM2 65 0R0 000 1.5 25.7 53.6 1.0059 0.00 0.0M
58320.000 1962 COM2 65 0R0 359 1.4 25.8 53.2 1.0059 0.00 0.0M
58380.000 1962 COM2 65 0R0 047 1.6 26.0 52.6 1.0059 0.00 0.0M
58440.000 1962 COM2 65 0R0 339 3.1 26.1 51.9 1.0059 0.00 0.0M
58500.000 1962 COM2 65 0R0 006 1.9 26.1 51.0 1.0059 0.00 0.0M
58560.000 1962 COM2 65 0R0 317 1.4 26.1 51.3 1.0059 0.00 0.0M
58620.000 1962 COM2 65 0R0 320 2.1 26.2 51.1 1.0059 0.00 0.0M
58680.000 1962 COM2 65 0R0 355 2.4 26.2 51.7 1.0060 0.00 0.0M
58740.000 1962 COM2 65 0R0 298 3.4 26.0 51.8 1.0059 0.00 0.0M
58800.000 1962 COM2 65 0R0 337 1.6 25.8 52.1 1.0059 0.00 0.0M
58860.000 1962 COM2 65 0R0 345 4.2 25.9 51.3 1.0059 0.00 0.0M
58920.000 1962 COM2 65 0R0 014 1.7 25.7 51.3 1.0059 0.00 0.0M
58980.000 1962 COM2 65 0R0 325 2.2 25.6 52.6 1.0059 0.00 0.0M
59040.000 1962 COM2 65 0R0 340 2.4 25.5 52.7 1.0059 0.00 0.0M
59100.000 1962 COM2 65 0R0 021 0.8 25.5 52.8 1.0059 0.00 0.0M
59160.000 1962 COM2 65 0R0 046 1.5 25.5 52.7 1.0059 0.00 0.0M
59220.000 1962 COM2 65 0R0 313 2.3 25.6 52.6 1.0059 0.00 0.0M
59280.000 1962 COM2 65 0R0 351 2.2 25.5 52.7 1.0060 0.00 0.0M
59340.000 1962 COM2 65 0R0 001 2.6 25.5 53.0 1.0060 0.00 0.0M
59400.000 1962 COM2 65 0R0 353 2.7 25.6 53.4 1.0060 0.00 0.0M
59460.000 1962 COM2 65 0R0 287 3.4 25.7 53.6 1.0060 0.00 0.0M
59520.000 1962 COM2 65 0R0 276 4.5 25.8 53.8 1.0060 0.00 0.0M
59580.000 1962 COM2 65 0R0 027 0.7 25.8 53.8 1.0060 0.00 0.0M
59640.000 1962 COM2 65 0R0 334 2.2 25.9 53.9 1.0060 0.00 0.0M
59700.000 1962 COM2 65 0R0 018 2.4 26.1 51.8 1.0060 0.00 0.0M
59760.000 1962 COM2 65 0R0 304 2.2 26.0 52.3 1.0060 0.00 0.0M
59820.000 1962 COM2 65 0R0 326 3.1 25.9 52.0 1.0059 0.00 0.0M
59880.000 1962 COM2 65 0R0 021 2.2 25.8 52.1 1.0059 0.00 0.0M
59940.000 1962 COM2 65 0R0 341 1.2 25.7 52.6 1.0059 0.00 0.0M
60000.000 1962 COM2 65 0R0 291 1.6 25.7 53.3 1.0059 0.00 0.0M
60060.000 1962 COM2 65 0R0 319 2.8 25.9 52.4 1.0059 0.00 0.0M
60120.000 1962 COM2 65 0R0 284 1.9 25.9 52.3 1.0059 0.00 0.0M
60180.000 1962 COM2 65 0R0 338 3.4 25.9 52.9 1.0059 0.00 0.0M
60240.000 1962 COM2 65 0R0 304 5.3 25.9 50.9 1.0059 0.00 0.0M
60300.100 1962 COM2 65 0R0 301 4.7 25.8 50.6 1.0059 0.00 0.0M
60360.000 1962 COM2 65 0R0 316 1.8 25.6 51.5 1.0058 0.00 0.0M
60420.000 1962 COM2 65 0R0 268 0.5 25.4 52.5 1.0059 0.00 0.0M
60480.000 1962 COM2 65 0R0 345 3.2 25.5 52.9 1.0060 0.00 0.0M
60540.000 1962 COM2 65 0R0 297 4.1 25.6 52.8 1.0060 0.00 0.0M
60600.000 1962 COM2 65 0R0 246 2.4 25.6 52.9 1.0060 0.00 0.0M
60660.000 1962 COM2 65 0R0 267 2.1 25.5 53.3 1.0060 0.00 0.0M
60720.000 1962 COM2 65 0R0 341 3.1 25.6 54.0 1.0060 0.00 0.0M
60780.000 1962 COM2 65 0R0 338 2.6 25.9 52.6 1.0060 0.00 0.0M
60840.000 1962 COM2 65 0R0 065 0.8 26.0 52.3 1.0060 0.00 0.0M
60900.000 1962 COM2 65 0R0 321 0.7 26.1 52.3 1.0060 0.00 0.0M
60960.000 1962 COM2 65 0R0 329 0.9 26.3 52.3 1.0060 0.00 0.0M
61020.000 1962 COM2 65 0R0 332 2.3 26.4 51.4 1.0060 0.00 0.0M
61080.000 1962 COM2 65 0R0 307 2.1 26.5 51.6 1.0060 0.00 0.0M
61140.000 1962 COM2 65 0R0 270 0.4 26.5 51.0 1.0060 0.00 0.0M
61200.000 1962 COM2 65 0R0 314 3.6 26.6 51.5 1.0060 0.00 0.0M
61260.000 1962 COM2 65 0R0 342 2.6 26.7 49.4 1.0060 0.00 0.0M
61320.000 1962 COM2 65 0R0 346 3.0 26.5 50.1 1.0060 0.00 0.0M
61380.000 1962 COM2 65 0R0 066 0.7 26.3 50.1 1.0061 0.00 0.0M
61440.000 1962 COM2 65 0R0 067 0.8 26.3 50.8 1.0061 0.00 0.0M
61500.000 1962 COM2 65 0R0 303 2.7 26.3 51.0 1.0061 0.00 0.0M
61560.000 1962 COM2 65 0R0 310 0.8 26.5 50.4 1.0061 0.00 0.0M
61620.000 1962 COM2 65 0R0 337 2.8 26.5 50.0 1.0061 0.00 0.0M
61680.000 1962 COM2 65 0R0 333 2.2 26.4 49.0 1.0061 0.00 0.0M
61740.000 1962 COM2 65 0R0 349 3.5 26.3 50.5 1.0061 0.00 0.0M
61800.000 1962 COM2 65 0R0 339 1.8 26.2 50.8 1.0061 0.00 0.0M
61860.000 1962 COM2 65 0R0 348 3.9 26.0 51.8 1.0061 0.00 0.0M
61920.000 1962 COM2 65 0R0 340 2.3 26.0 51.9 1.0061 0.00 0.0M
61980.000 1962 COM2 65 0R0 337 3.7 26.0 51.4 1.0061 0.00 0.0M
62040.000 1962 COM2 65 0R0 293 5.5 25.9 51.4 1.0061 0.00 0.0M
62100.000 1962 COM2 65 0R0 262 2.4 25.8 52.7 1.0060 0.00 0.0M
62160.000 1962 COM2 65 0R0 340 2.5 25.8 52.5 1.0060 0.00 0.0M
62220.000 1962 COM2 65 0R0 343 4.2 26.0 51.5 1.0061 0.00 0.0M
62280.100 1962 COM2 65 0R0 318 2.6 26.2 50.8 1.0060 0.00 0.0M
62340.000 1962 COM2 65 0R0 343 2.8 26.1 51.4 1.0060 0.00 0.0M
62400.000 1962 COM2 65 0R0 340 3.9 26.1 51.9 1.0060 0.00 0.0M
62460.000 1962 COM2 65 0R0 321 2.1 26.2 51.7 1.0060 0.00 0.0M
62520.000 1962 COM2 65 0R0 299 3.9 26.1 51.8 1.0060 0.00 0.0M
62580.000 1962 COM2 65 0R0 307 4.8 26.1 52.5 1.0060 0.00 0.0M
62640.000 1962 COM2 65 0R0 240 1.4 26.2 52.1 1.0060 0.00 0.0M
62700.000 1962 COM2 65 0R0 339 2.9 26.2 52.1 1.0059 0.00 0.0M
62760.000 1962 COM2 65 0R0 316 3.5 26.3 51.3 1.0059 0.00 0.0M
62820.000 1962 COM2 65 0R0 329 3.8 26.4 51.3 1.0059 0.00 0.0M
62880.000 1962 COM2 65 0R0 348 2.2 26.4 50.8 1.0060 0.00 0.0M
62940.000 1962 COM2 65 0R0 320 3.3 26.3 50.0 1.0060 0.00 0.0M
63000.000 1962 COM2 65 0R0 344 5.0 26.2 51.1 1.0060 0.00 0.0M
63060.000 1962 COM2 65 0R0 342 4.2 26.2 50.5 1.0060 0.00 0.0M
63120.000 1962 COM2 65 0R0 359 1.1 26.2 50.9 1.0060 0.00 0.0M
63180.000 1962 COM2 65 0R0 047 1.4 26.0 52.0 1.0059 0.00 0.0M
63240.000 1962 COM2 65 0R0 158 1.7 25.9 52.3 1.0060 0.00 0.0M
63300.000 1962 COM2 65 0R0 306 1.1 26.0 52.5 1.0060 0.00 0.0M
63360.000 1962 COM2 65 0R0 301 4.4 26.1 52.2 1.0060 0.00 0.0M
63420.000 1962 COM2 65 0R0 293 3.6 26.1 52.0 1.0060 0.00 0.0M
63480.000 1962 COM2 65 0R0 281 7.7 26.0 52.2 1.0060 0.00 0.0M
63540.000 1962 COM2 65 0R0 355 2.2 25.9 52.2 1.0060 0.00 0.0M
63600.000 1962 COM2 65 0R0 008 1.1 25.8 51.6 1.0060 0.00 0.0M
63660.000 1962 COM2 65 0R0 267 1.7 25.8 52.3 1.0060 0.00 0.0M
63720.000 1962 COM2 65 0R0 191 0.9 26.0 51.9 1.0060 0.00 0.0M
63780.000 1962 COM2 65 0R0 349 3.0 26.2 51.3 1.0060 0.00 0.0M
63840.000 1962 COM2 65 0R0 331 1.8 26.4 50.3 1.0060 0.00 0.0M
63900.000 1962 COM2 65 0R0 342 3.4 26.5 50.4 1.0060 0.00 0.0M
63960.000 1962 COM2 65 0R0 341 3.8 26.5 48.8 1.0060 0.00 0.0M
64020.000 1962 COM2 65 0R0 328 1.1 26.4 49.1 1.0060 0.00 0.0M
64080.000 1962 COM2 65 0R0 042 1.6 26.3 50.7 1.0060 0.00 0.0M
64140.000 1962 COM2 65 0R0 347 4.1 26.3 51.1 1.0060 0.00 0.0M
64200.000 1962 COM2 65 0R0 346 5.9 26.4 51.0 1.0060 0.00 0.0M
64260.000 1962 COM2 65 0R0 320 1.3 26.5 50.2 1.0061 0.00 0.0M
64320.000 1962 COM2 65 0R0 031 2.2 26.4 50.7 1.0061 0.00 0.0M
64380.000 1962 COM2 65 0R0 327 1.4 26.2 50.8 1.0061 0.00 0.0M
64440.000 1962 COM2 65 0R0 014 1.1 26.2 50.8 1.0061 0.00 0.0M
64500.000 1962 COM2 65 0R0 318 0.9 26.1 50.8 1.0061 0.00 0.0M
64560.000 1962 COM2 65 0R0 076 0.7 26.2 50.7 1.0061 0.00 0.0M
64620.000 1962 COM2 65 0R0 257 1.5 26.5 50.8 1.0061 0.00 0.0M
64680.000 1962 COM2 65 0R0 187 1.1 26.7 50.4 1.0061 0.00 0.0M
64740.000 1962 COM2 65 0R0 351 2.3 26.9 49.8 1.0062 0.00 0.0M
64800.000 1962 COM2 65 0R0 303 1.1 27.1 49.2 1.0063 0.00 0.0M
64860.000 1962 COM2 65 0R0 305 1.1 27.3 48.9 1.0063 0.00 0.0M
64920.000 1962 COM2 65 0R0 310 0.7 27.4 48.0 1.0062 0.00 0.0M
64980.000 1962 COM2 65 0R0 197 1.3 27.4 48.0 1.0062 0.00 0.0M
65040.000 1962 COM2 65 0R0 271 1.6 27.3 48.2 1.0062 0.00 0.0M
65100.000 1962 COM2 65 0R0 345 1.2 27.4 48.4 1.0062 0.00 0.0M
65160.000 1962 COM2 65 0R0 314 4.6 27.5 47.6 1.0062 0.00 0.0M
65220.000 1962 COM2 65 0R0 292 3.5 27.5 46.2 1.0062 0.00 0.0M
65280.000 1962 COM2 65 0R0 159 1.1 27.3 46.5 1.0062 0.00 0.0M
65340.000 1962 COM2 65 0R0 281 1.8 27.1 46.6 1.0062 0.00 0.0M
65400.000 1962 COM2 65 0R0 323 2.0 27.1 46.8 1.0063 0.00 0.0M
65460.000 1962 COM2 65 0R0 310 2.4 27.0 46.0 1.0063 0.00 0.0M
65520.000 1962 COM2 65 0R0 347 3.4 27.1 46.2 1.0063 0.00 0.0M
65580.000 1962 COM2 65 0R0 338 3.2 27.0 45.5 1.0063 0.00 0.0M
65640.000 1962 COM2 65 0R0 343 1.0 26.7 46.0 1.0063 0.00 0.0M
65700.000 1962 COM2 65 0R0 345 1.9 26.5 46.9 1.0063 0.00 0.0M
65760.000 1962 COM2 65 0R0 327 3.7 26.6 46.5 1.0063 0.00 0.0M
65820.100 1962 COM2 65 0R0 285 3.3 26.7 46.5 1.0062 0.00 0.0M
65880.000 1962 COM2 65 0R0 346 2.2 26.7 47.3 1.0062 0.00 0.0M
65940.000 1962 COM2 65 0R0 302 0.4 26.7 47.5 1.0062 0.00 0.0M
66000.000 1962 COM2 65 0R0 289 1.9 26.7 48.0 1.0062 0.00 0.0M
66060.000 1962 COM2 65 0R0 302 3.2 26.7 48.4 1.0062 0.00 0.0M
66120.100 1962 COM2 65 0R0 294 3.9 26.9 47.8 1.0063 0.00 0.0M
66180.000 1962 COM2 65 0R0 315 3.6 26.9 47.3 1.0063 0.00 0.0M
66240.000 1962 COM2 65 0R0 313 3.5 26.8 48.1 1.0064 0.00 0.0M
66300.000 1962 COM2 65 0R0 298 2.4 26.8 47.2 1.0064 0.00 0.0M
66360.000 1962 COM2 65 0R0 350 3.2 26.9 48.0 1.0064 0.00 0.0M
66420.000 1962 COM2 65 0R0 229 1.0 26.9 48.1 1.0064 0.00 0.0M
66480.000 1962 COM2 65 0R0 347 1.1 26.9 48.6 1.0063 0.00 0.0M
66540.000 1962 COM2 65 0R0 341 3.3 27.1 47.7 1.0063 0.00 0.0M
66600.000 1962 COM2 65 0R0 038 2.7 27.2 46.6 1.0063 0.00 0.0M
66660.000 1962 COM2 65 0R0 334 3.5 27.1 46.6 1.0063 0.00 0.0M
66720.000 1962 COM2 65 0R0 332 0.6 27.0 46.4 1.0064 0.00 0.0M
66780.000 1962 COM2 65 0R0 003 2.5 26.8 47.1 1.0064 0.00 0.0M
66840.000 1962 COM2 65 0R0 009 3.1 26.8 47.6 1.0064 0.00 0.0M
66900.000 1962 COM2 65 0R0 352 2.3 26.7 47.3 1.0064 0.00 0.0M
66960.000 1962 COM2 65 0R0 042 0.4 26.8 46.7 1.0064 0.00 0.0M
67020.000 1962 COM2 65 0R0 312 2.7 26.9 46.7 1.0064 0.00 0.0M
67080.000 1962 COM2 65 0R0 353 3.0 27.0 45.5 1.0064 0.00 0.0M
67140.000 1962 COM2 65 0R0 320 0.6 27.0 45.7 1.0064 0.00 0.0M
67200.000 1962 COM2 65 0R0 139 0.3 26.9 46.2 1.0064 0.00 0.0M
67260.000 1962 COM2 65 0R0 321 0.5 26.8 46.7 1.0064 0.00 0.0M
67320.000 1962 COM2 65 0R0 257 0.4 26.9 46.7 1.0064 0.00 0.0M
67380.000 1962 COM2 65 0R0 257 2.0 27.0 46.7 1.0064 0.00 0.0M
67440.000 1962 COM2 65 0R0 295 2.4 27.2 47.1 1.0063 0.00 0.0M
67500.000 1962 COM2 65 0R0 002 2.0 27.4 46.8 1.0064 0.00 0.0M
67560.000 1962 COM2 65 0R0 269 3.3 27.5 46.1 1.0064 0.00 0.0M
67620.000 1962 COM2 65 0R0 296 3.4 27.4 46.6 1.0064 0.00 0.0M
67680.000 1962 COM2 65 0R0 295 5.4 27.5 44.6 1.0064 0.00 0.0M
67740.000 1962 COM2 65 0R0 282 1.1 27.3 45.0 1.0064 0.00 0.0M
67800.000 1962 COM2 65 0R0 247 1.4 27.1 45.2 1.0064 0.00 0.0M
67860.000 1962 COM2 65 0R0 280 4.5 27.1 45.0 1.0063 0.00 0.0M
67920.000 1962 COM2 65 0R0 305 1.5 27.2 45.1 1.0063 0.00 0.0M
67980.000 1962 COM2 65 0R0 277 2.8 27.3 44.9 1.0064 0.00 0.0M
68040.000 1962 COM2 65 0R0 009 1.1 27.3 45.7 1.0063 0.00 0.0M
68100.000 1962 COM2 65 0R0 241 1.4 27.3 45.4 1.0064 0.00 0.0M
68160.000 1962 COM2 65 0R0 027 1.1 27.6 44.9 1.0064 0.00 0.0M
68220.000 1962 COM2 65 0R0 124 0.4 27.7 44.2 1.0064 0.00 0.0M
68280.000 1962 COM2 65 0R0 022 0.7 27.8 44.5 1.0064 0.00 0.0M
68340.000 1962 COM2 65 0R0 018 1.0 28.0 43.4 1.0064 0.00 0.0M
68400.000 1962 COM2 65 0R0 341 3.7 28.1 43.1 1.0064 0.00 0.0M
68460.000 1962 COM2 65 0R0 100 1.0 27.7 43.1 1.0064 0.00 0.0M
68520.000 1962 COM2 65 0R0 344 2.7 27.3 44.2 1.0063 0.00 0.0M
68580.000 1962 COM2 65 0R0 296 3.1 27.2 43.9 1.0064 0.00 0.0M
68640.000 1962 COM2 65 0R0 314 1.6 27.1 44.0 1.0064 0.00 0.0M
68700.000 1962 COM2 65 0R0 015 1.0 26.9 44.0 1.0063 0.00 0.0M
68760.000 1962 COM2 65 0R0 358 1.9 26.9 44.3 1.0063 0.00 0.0M
68820.000 1962 COM2 65 0R0 343 2.2 26.9 44.4 1.0063 0.00 0.0M
68880.000 1962 COM2 65 0R0 300 2.8 27.0 44.2 1.0063 0.00 0.0M
68940.000 1962 COM2 65 0R0 345 2.3 26.9 44.5 1.0063 0.00 0.0M
69000.000 1962 COM2 65 0R0 347 1.5 26.7 45.0 1.0063 0.00 0.0M
69060.000 1962 COM2 65 0R0 317 1.1 26.6 45.7 1.0064 0.00 0.0M
69120.000 1962 COM2 65 0R0 342 0.9 26.6 45.0 1.0064 0.00 0.0M
69180.000 1962 COM2 65 0R0 344 2.8 26.6 45.7 1.0064 0.00 0.0M
69240.000 1962 COM2 65 0R0 298 2.5 26.6 46.0 1.0064 0.00 0.0M
69300.000 1962 COM2 65 0R0 337 1.1 26.7 46.5 1.0064 0.00 0.0M
69360.000 1962 COM2 65 0R0 210 1.3 26.8 46.5 1.0064 0.00 0.0M
69420.000 1962 COM2 65 0R0 343 3.1 26.8 45.8 1.0063 0.00 0.0M
69480.000 1962 COM2 65 0R0 356 1.0 26.8 45.4 1.0063 0.00 0.0M
69540.000 1962 COM2 65 0R0 038 0.7 26.8 45.3 1.0063 0.00 0.0M
69600.000 1962 COM2 65 0R0 309 0.8 26.9 44.8 1.0063 0.00 0.0M
69660.000 1962 COM2 65 0R0 049 1.0 27.1 44.6 1.0063 0.00 0.0M
69720.000 1962 COM2 65 0R0 194 0.9 27.2 44.2 1.0063 0.00 0.0M
69780.000 1962 COM2 65 0R0 258 2.6 27.4 44.4 1.0063 0.00 0.0M
69840.000 1962 COM2 65 0R0 258 2.1 27.5 42.9 1.0063 0.00 0.0M
69900.000 1962 COM2 65 0R0 270 2.2 27.6 43.1 1.0063 0.00 0.0M
69960.000 1962 COM2 65 0R0 135 0.6 27.7 43.4 1.0062 0.00 0.0M
70020.000 1962 COM2 65 0R0 301 4.6 27.9 43.6 1.0063 0.00 0.0M
70080.000 1962 COM2 65 0R0 253 1.2 28.1 43.0 1.0062 0.00 0.0M
70140.000 1962 COM2 65 0R0 282 0.7 28.0 43.1 1.0063 0.00 0.0M
70200.000 1962 COM2 65 0R0 235 0.8 27.9 43.7 1.0063 0.00 0.0M
70260.000 1962 COM2 65 0R0 346 1.9 28.1 43.6 1.0063 0.00 0.0M
70320.000 1962 COM2 65 0R0 229 1.7 28.2 43.2 1.0063 0.00 0.0M
70380.000 1962 COM2 65 0R0 251 1.2 28.4 43.0 1.0063 0.00 0.0M
70440.000 1962 COM2 65 0R0 317 0.9 28.7 41.6 1.0063 0.00 0.0M
70500.000 1962 COM2 65 0R0 169 1.0 28.8 41.2 1.0063 0.00 0.0M
70560.000 1962 COM2 65 0R0 213 0.5 28.8 41.8 1.0063 0.00 0.0M
70620.000 1962 COM2 65 0R0 332 1.7 28.8 41.7 1.0063 0.00 0.0M
70680.000 1962 COM2 65 0R0 354 2.1 28.8 41.0 1.0063 0.00 0.0M
70740.000 1962 COM2 65 0R0 317 2.1 28.7 40.5 1.0063 0.00 0.0M
70800.000 1962 COM2 65 0R0 216 0.7 28.3 41.2 1.0063 0.00 0.0M
70860.000 1962 COM2 65 0R0 309 0.9 28.1 41.6 1.0063 0.00 0.0M
70920.000 1962 COM2 65 0R0 296 3.9 27.9 41.9 1.0064 0.00 0.0M
70980.000 1962 COM2 65 0R0 328 1.6 27.9 41.6 1.0064 0.00 0.0M
71040.000 1962 COM2 65 0R0 086 0.5 28.0 41.3 1.0063 0.00 0.0M
71100.000 1962 COM2 65 0R0 283 4.2 28.0 41.9 1.0063 0.00 0.0M
71160.000 1962 COM2 65 0R0 292 2.8 28.2 40.9 1.0064 0.00 0.0M
71220.000 1962 COM2 65 0R0 286 1.8 28.1 41.3 1.0064 0.00 0.0M
71280.000 1962 COM2 65 0R0 263 2.2 27.9 41.7 1.0064 0.00 0.0M
71340.000 1962 COM2 65 0R0 254 1.3 27.8 42.3 1.0063 0.00 0.0M
71400.000 1962 COM2 65 0R0 304 3.8 27.8 42.5 1.0063 0.00 0.0M
71460.000 1962 COM2 65 0R0 352 2.4 27.9 41.8 1.0064 0.00 0.0M
71520.000 1962 COM2 65 0R0 262 1.9 27.8 42.6 1.0064 0.00 0.0M
71580.000 1962 COM2 65 0R0 295 2.0 27.7 43.1 1.0064 0.00 0.0M
71640.000 1962 COM2 65 0R0 255 0.8 27.8 43.4 1.0064 0.00 0.0M
71700.000 1962 COM2 65 0R0 297 2.3 27.9 43.4 1.0065 0.00 0.0M
71760.000 1962 COM2 65 0R0 241 1.5 28.0 42.7 1.0065 0.00 0.0M
71820.000 1962 COM2 65 0R0 305 1.3 27.9 43.4 1.0065 0.00 0.0M
71880.000 1962 COM2 65 0R0 347 2.5 27.9 43.5 1.0065 0.00 0.0M
71940.000 1962 COM2 65 0R0 350 1.7 27.8 43.1 1.0064 0.00 0.0M
72000.000 1962 COM2 65 0R0 320 1.7 27.6 43.9 1.0064 0.00 0.0M
72060.000 1962 COM2 65 0R0 341 2.5 27.4 43.7 1.0064 0.00 0.0M
72120.100 1962 COM2 65 0R0 168 1.4 27.3 43.7 1.0065 0.00 0.0M
72180.000 1962 COM2 65 0R0 337 1.3 27.2 44.7 1.0065 0.00 0.0M
72240.000 1962 COM2 65 0R0 332 0.7 27.4 43.7 1.0065 0.00 0.0M
72300.000 1962 COM2 65 0R0 063 0.2 27.4 43.6 1.0065 0.00 0.0M
72360.000 1962 COM2 65 0R0 302 1.7 27.5 43.8 1.0065 0.00 0.0M
72420.000 1962 COM2 65 0R0 256 1.0 27.6 42.8 1.0065 0.00 0.0M
72480.000 1962 COM2 65 0R0 339 0.4 27.7 43.6 1.0064 0.00 0.0M
72540.000 1962 COM2 65 0R0 068 0.5 27.8 43.5 1.0065 0.00 0.0M
72600.000 1962 COM2 65 0R0 020 1.0 28.0 43.5 1.0064 0.00 0.0M
72660.000 1962 COM2 65 0R0 036 2.5 28.3 43.5 1.0065 0.00 0.0M
72720.000 1962 COM2 65 0R0 218 0.3 28.3 42.3 1.0065 0.00 0.0M
72780.000 1962 COM2 65 0R0 333 2.7 28.2 43.0 1.0065 0.00 0.0M
72840.000 1962 COM2 65 0R0 309 2.0 28.1 42.4 1.0065 0.00 0.0M
72900.000 1962 COM2 65 0R0 344 3.3 27.9 42.8 1.0065 0.00 0.0M
72960.000 1962 COM2 65 0R0 343 4.2 27.6 43.1 1.0066 0.00 0.0M
73020.000 1962 COM2 65 0R0 327 1.7 27.2 44.0 1.0066 0.00 0.0M
73080.000 1962 COM2 65 0R0 351 2.5 26.8 45.3 1.0066 0.00 0.0M
73140.000 1962 COM2 65 0R0 005 1.7 26.6 46.2 1.0066 0.00 0.0M
73200.000 1962 COM2 65 0R0 324 1.1 26.6 45.9 1.0066 0.00 0.0M
73260.000 1962 COM2 65 0R0 323 1.5 26.7 46.0 1.0066 0.00 0.0M
73320.000 1962 COM2 65 0R0 311 1.3 26.8 45.9 1.0066 0.00 0.0M
73380.000 1962 COM2 65 0R0 333 2.7 26.8 45.9 1.0066 0.00 0.0M
73440.000 1962 COM2 65 0R0 022 0.5 26.9 45.9 1.0066 0.00 0.0M
73500.000 1962 COM2 65 0R0 090 0.5 27.0 45.9 1.0065 0.00 0.0M
73560.000 1962 COM2 65 0R0 247 1.8 27.2 46.0 1.0065 0.00 0.0M
73620.000 1962 COM2 65 0R0 278 5.6 27.5 45.4 1.0065 0.00 0.0M
73680.000 1962 COM2 65 0R0 205 0.6 27.6 44.6 1.0065 0.00 0.0M
73740.000 1962 COM2 65 0R0 357 1.3 27.4 45.4 1.0065 0.00 0.0M
73800.000 1962 COM2 65 0R0 343 3.3 27.3 46.2 1.0066 0.00 0.0M
73860.000 1962 COM2 65 0R0 318 3.2 27.2 44.9 1.0066 0.00 0.0M
73920.000 1962 COM2 65 0R0 334 1.8 27.1 45.2 1.0066 0.00 0.0M
73980.000 1962 COM2 65 0R0 348 2.8 27.0 46.3 1.0066 0.00 0.0M
74040.000 1962 COM2 65 0R0 326 2.1 27.0 45.1 1.0066 0.00 0.0M
74100.000 1962 COM2 65 0R0 199 0.5 26.9 46.4 1.0066 0.00 0.0M
74160.000 1962 COM2 65 0R0 323 1.6 27.0 46.4 1.0066 0.00 0.0M
74220.100 1962 COM2 65 0R0 347 3.0 27.2 46.4 1.0066 0.00 0.0M
74280.000 1962 COM2 65 0R0 013 1.8 27.2 44.7 1.0065 0.00 0.0M
74340.000 1962 COM2 65 0R0 262 2.0 27.1 44.9 1.0066 0.00 0.0M
74400.000 1962 COM2 65 0R0 218 0.8 27.0 45.2 1.0066 0.00 0.0M
74460.000 1962 COM2 65 0R0 344 1.3 27.1 45.5 1.0066 0.00 0.0M
74520.000 1962 COM2 65 0R0 046 0.2 27.2 45.3 1.0066 0.00 0.0M
74580.000 1962 COM2 65 0R0 207 0.6 27.4 45.4 1.0066 0.00 0.0M
74640.000 1962 COM2 65 0R0 282 1.9 27.6 44.8 1.0066 0.00 0.0M
74700.000 1962 COM2 65 0R0 272 2.1 27.9 43.9 1.0066 0.00 0.0M
74760.000 1962 COM2 65 0R0 314 2.0 28.0 43.0 1.0066 0.00 0.0M
74820.000 1962 COM2 65 0R0 295 1.9 27.9 43.0 1.0066 0.00 0.0M
74880.000 1962 COM2 65 0R0 258 2.2 27.8 43.2 1.0066 0.00 0.0M
74940.000 1962 COM2 65 0R0 293 3.0 27.7 43.8 1.0066 0.00 0.0M
75000.000 1962 COM2 65 0R0 283 4.5 27.5 43.2 1.0066 0.00 0.0M
75060.000 1962 COM2 65 0R0 254 0.9 27.3 42.6 1.0066 0.00 0.0M
75120.000 1962 COM2 65 0R0 270 3.0 27.2 43.1 1.0067 0.00 0.0M
75180.000 1962 COM2 65 0R0 272 1.9 27.1 43.6 1.0067 0.00 0.0M
75240.000 1962 COM2 65 0R0 263 1.2 27.2 43.4 1.0067 0.00 0.0M
75300.000 1962 COM2 65 0R0 288 1.2 27.2 43.6 1.0067 0.00 0.0M
75360.000 1962 COM2 65 0R0 270 1.4 27.2 43.4 1.0067 0.00 0.0M
75420.000 1962 COM2 65 0R0 162 0.8 27.3 43.5 1.0066 0.00 0.0M
75480.100 1962 COM2 65 0R0 302 1.4 27.3 43.5 1.0066 0.00 0.0M
75540.000 1962 COM2 65 0R0 262 2.3 27.3 43.6 1.0066 0.00 0.0M
75600.000 1962 COM2 65 0R0 284 3.1 27.2 43.7 1.0066 0.00 0.0M
75660.000 1962 COM2 65 0R0 244 0.5 27.2 43.1 1.0066 0.00 0.0M
75720.000 1962 COM2 65 0R0 244 1.2 27.3 43.1 1.0067 0.00 0.0M
75780.000 1962 COM2 65 0R0 191 0.7 27.3 43.3 1.0067 0.00 0.0M
75840.000 1962 COM2 65 0R0 294 2.0 27.5 43.3 1.0067 0.00 0.0M
75900.000 1962 COM2 65 0R0 268 1.3 27.7 43.5 1.0067 0.00 0.0M
75960.000 1962 COM2 65 0R0 278 3.4 27.8 43.2 1.0067 0.00 0.0M
76020.000 1962 COM2 65 0R0 272 4.0 27.9 43.1 1.0067 0.00 0.0M
76080.000 1962 COM2 65 0R0 304 2.8 27.8 43.0 1.0066 0.00 0.0M
76140.000 1962 COM2 65 0R0 023 0.6 27.7 43.1 1.0067 0.00 0.0M
76200.000 1962 COM2 65 0R0 307 1.8 27.5 43.7 1.0067 0.00 0.0M
76260.000 1962 COM2 65 0R0 262 4.1 27.6 42.8 1.0067 0.00 0.0M
76320.000 1962 COM2 65 0R0 279 3.0 27.5 43.8 1.0066 0.00 0.0M
76380.000 1962 COM2 65 0R0 268 5.2 27.5 44.0 1.0067 0.00 0.0M
76440.000 1962 COM2 65 0R0 289 2.4 27.6 43.9 1.0067 0.00 0.0M
76500.000 1962 COM2 65 0R0 269 5.3 27.5 43.7 1.0066 0.00 0.0M
76560.000 1962 COM2 65 0R0 287 4.0 27.4 44.1 1.0066 0.00 0.0M
76620.000 1962 COM2 65 0R0 272 1.7 27.4 43.1 1.0066 0.00 0.0M
76680.000 1962 COM2 65 0R0 277 2.1 27.4 43.1 1.0067 0.00 0.0M
76740.000 1962 COM2 65 0R0 315 5.4 27.5 43.0 1.0067 0.00 0.0M
76800.000 1962 COM2 65 0R0 350 2.4 27.6 43.2 1.0067 0.00 0.0M
76860.000 1962 COM2 65 0R0 321 1.7 27.6 42.3 1.0067 0.00 0.0M
76920.000 1962 COM2 65 0R0 315 0.4 27.6 42.9 1.0067 0.00 0.0M
76980.000 1962 COM2 65 0R0 323 2.0 27.6 42.6 1.0067 0.00 0.0M
77040.000 1962 COM2 65 0R0 289 3.1 27.6 41.7 1.0067 0.00 0.0M
77100.000 1962 COM2 65 0R0 302 3.7 27.6 41.7 1.0067 0.00 0.0M
77160.000 1962 COM2 65 0R0 325 1.1 27.5 42.1 1.0067 0.00 0.0M
77220.000 1962 COM2 65 0R0 312 2.1 27.3 42.6 1.0067 0.00 0.0M
77280.000 1962 COM2 65 0R0 307 0.8 27.3 42.5 1.0067 0.00 0.0M
77340.000 1962 COM2 65 0R0 040 0.6 27.3 43.2 1.0067 0.00 0.0M
77400.000 1962 COM2 65 0R0 336 2.2 27.3 43.0 1.0067 0.00 0.0M
77460.000 1962 COM2 65 0R0 242 0.8 27.3 43.1 1.0067 0.00 0.0M
77520.000 1962 COM2 65 0R0 296 2.9 27.3 43.3 1.0067 0.00 0.0M
77580.000 1962 COM2 65 0R0 272 2.3 27.3 43.5 1.0067 0.00 0.0M
77640.000 1962 COM2 65 0R0 301 2.9 27.3 43.4 1.0067 0.00 0.0M
77700.000 1962 COM2 65 0R0 260 2.2 27.2 43.7 1.0067 0.00 0.0M
77760.000 1962 COM2 65 0R0 294 2.8 27.1 44.5 1.0067 0.00 0.0M
77820.000 1962 COM2 65 0R0 274 1.2 27.2 44.7 1.0067 0.00 0.0M
77880.000 1962 COM2 65 0R0 269 1.3 27.2 44.5 1.0068 0.00 0.0M
77940.000 1962 COM2 65 0R0 220 1.5 27.4 44.1 1.0067 0.00 0.0M
78000.000 1962 COM2 65 0R0 292 3.0 27.4 43.4 1.0067 0.00 0.0M
78060.000 1962 COM2 65 0R0 311 1.2 27.3 43.4 1.0067 0.00 0.0M
78120.000 1962 COM2 65 0R0 353 0.9 27.2 43.2 1.0066 0.00 0.0M
78180.000 1962 COM2 65 0R0 283 3.0 27.2 43.8 1.0066 0.00 0.0M
78240.000 1962 COM2 65 0R0 200 0.7 27.2 43.6 1.0066 0.00 0.0M
78300.000 1962 COM2 65 0R0 283 3.4 27.3 43.4 1.0066 0.00 0.0M
78360.000 1962 COM2 65 0R0 240 0.8 27.4 42.7 1.0066 0.00 0.0M
78420.000 1962 COM2 65 0R0 268 3.3 27.4 43.2 1.0066 0.00 0.0M
78480.000 1962 COM2 65 0R0 248 0.8 27.4 42.7 1.0066 0.00 0.0M
78540.000 1962 COM2 65 0R0 283 2.2 27.3 42.8 1.0067 0.00 0.0M
78600.200 1962 COM2 65 0R0 298 0.4 27.2 42.8 1.0066 0.00 0.0M
78660.000 1962 COM2 65 0R0 275 2.1 27.2 43.1 1.0067 0.00 0.0M
78720.000 1962 COM2 65 0R0 180 0.3 27.1 42.7 1.0067 0.00 0.0M
78780.000 1962 COM2 65 0R0 283 1.0 27.0 43.1 1.0067 0.00 0.0M
78840.000 1962 COM2 65 0R0 282 1.9 27.0 43.4 1.0067 0.00 0.0M
78900.000 1962 COM2 65 0R0 226 0.4 27.1 43.3 1.0067 0.00 0.0M
78960.000 1962 COM2 65 0R0 251 0.6 27.1 43.5 1.0067 0.00 0.0M
79020.000 1962 COM2 65 0R0 302 2.0 27.1 43.5 1.0067 0.00 0.0M
79080.000 1962 COM2 65 0R0 299 0.9 27.1 43.8 1.0067 0.00 0.0M
79140.000 1962 COM2 65 0R0 307 0.8 27.0 44.3 1.0066 0.00 0.0M
79200.000 1962 COM2 65 0R0 284 3.2 27.0 44.3 1.0066 0.00 0.0M
79260.000 1962 COM2 65 0R0 289 1.9 27.1 44.0 1.0066 0.00 0.0M
79320.000 1962 COM2 65 0R0 297 2.8 27.1 44.2 1.0066 0.00 0.0M
79380.000 1962 COM2 65 0R0 288 2.6 27.0 44.1 1.0066 0.00 0.0M
79440.000 1962 COM2 65 0R0 137 0.5 26.9 44.2 1.0066 0.00 0.0M
79500.000 1962 COM2 65 0R0 294 0.5 26.8 44.8 1.0066 0.00 0.0M
79560.000 1962 COM2 65 0R0 207 1.4 26.8 45.0 1.0066 0.00 0.0M
79620.100 1962 COM2 65 0R0 245 0.8 26.8 45.0 1.0066 0.00 0.0M
79680.000 1962 COM2 65 0R0 330 0.9 26.9 45.3 1.0066 0.00 0.0M
79740.100 1962 COM2 65 0R0 270 0.7 26.9 44.8 1.0066 0.00 0.0M
79800.000 1962 COM2 65 0R0 321 0.6 27.0 45.0 1.0066 0.00 0.0M
79860.000 1962 COM2 65 0R0 216 0.5 27.1 44.4 1.0066 0.00 0.0M
79920.000 1962 COM2 65 0R0 065 0.4 27.2 44.1 1.0067 0.00 0.0M
79980.000 1962 COM2 65 0R0 150 0.3 27.3 44.1 1.0067 0.00 0.0M
80040.000 1962 COM2 65 0R0 252 1.1 27.3 44.2 1.0067 0.00 0.0M
80100.000 1962 COM2 65 0R0 258 1.3 27.3 44.1 1.0067 0.00 0.0M
80160.000 1962 COM2 65 0R0 284 1.2 27.4 43.9 1.0067 0.00 0.0M
80220.000 1962 COM2 65 0R0 236 1.2 27.4 43.9 1.0067 0.00 0.0M
80280.000 1962 COM2 65 0R0 088 0.4 27.4 44.1 1.0067 0.00 0.0M
80340.000 1962 COM2 65 0R0 316 1.1 27.4 44.2 1.0067 0.00 0.0M
80400.000 1962 COM2 65 0R0 143 0.2 27.5 44.0 1.0067 0.00 0.0M
80460.000 1962 COM2 65 0R0 060 1.1 27.5 44.3 1.0067 0.00 0.0M
80520.000 1962 COM2 65 0R0 337 0.2 27.5 44.2 1.0067 0.00 0.0M
80580.000 1962 COM2 65 0R0 257 0.5 27.5 44.5 1.0067 0.00 0.0M
80640.000 1962 COM2 65 0R0 357 0.9 27.4 44.7 1.0067 0.00 0.0M
80700.000 1962 COM2 65 0R0 097 0.4 27.5 44.4 1.0067 0.00 0.0M
80760.000 1962 COM2 65 0R0 255 0.3 27.5 44.5 1.0067 0.00 0.0M
80820.000 1962 COM2 65 0R0 303 1.4 27.6 44.1 1.0068 0.00 0.0M
80880.000 1962 COM2 65 0R0 238 0.5 27.7 44.0 1.0068 0.00 0.0M
80940.000 1962 COM2 65 0R0 299 1.5 27.7 44.1 1.0068 0.00 0.0M
81000.000 1962 COM2 65 0R0 296 0.6 27.7 44.1 1.0068 0.00 0.0M
81060.000 1962 COM2 65 0R0 273 2.3 27.6 43.9 1.0068 0.00 0.0M
81120.000 1962 COM2 65 0R0 285 1.5 27.5 44.0 1.0069 0.00 0.0M
81180.000 1962 COM2 65 0R0 269 1.6 27.4 44.6 1.0069 0.00 0.0M
81240.000 1962 COM2 65 0R0 265 2.4 27.3 44.7 1.0069 0.00 0.0M
81300.000 1962 COM2 65 0R0 238 0.7 27.2 44.4 1.0069 0.00 0.0M
81360.000 1962 COM2 65 0R0 255 0.9 27.2 44.8 1.0069 0.00 0.0M
81420.000 1962 COM2 65 0R0 275 1.6 27.2 44.8 1.0069 0.00 0.0M
81480.000 1962 COM2 65 0R0 283 1.0 27.2 45.0 1.0069 0.00 0.0M
81540.000 1962 COM2 65 0R0 227 1.0 27.2 45.3 1.0069 0.00 0.0M
81600.000 1962 COM2 65 0R0 234 0.8 27.3 45.4 1.0069 0.00 0.0M
81660.000 1962 COM2 65 0R0 257 1.1 27.3 45.0 1.0069 0.00 0.0M
81720.000 1962 COM2 65 0R0 304 2.8 27.3 45.5 1.0069 0.00 0.0M
81780.000 1962 COM2 65 0R0 278 0.4 27.3 45.6 1.0069 0.00 0.0M
81840.000 1962 COM2 65 0R0 294 0.5 27.1 46.0 1.0070 0.00 0.0M
81900.000 1962 COM2 65 0R0 276 0.5 27.1 46.2 1.0070 0.00 0.0M
81960.000 1962 COM2 65 0R0 191 0.2 27.1 46.1 1.0070 0.00 0.0M
82020.000 1962 COM2 65 0R0 204 0.8 27.1 46.1 1.0070 0.00 0.0M
82080.000 1962 COM2 65 0R0 239 0.2 27.2 46.1 1.0069 0.00 0.0M
82140.000 1962 COM2 65 0R0 343 2.5 27.2 45.3 1.0070 0.00 0.0M
82200.000 1962 COM2 65 0R0 049 0.2 27.2 44.8 1.0070 0.00 0.0M
82260.000 1962 COM2 65 0R0 308 1.8 27.1 45.8 1.0070 0.00 0.0M
82320.000 1962 COM2 65 0R0 196 0.4 27.1 45.5 1.0069 0.00 0.0M
82380.000 1962 COM2 65 0R0 279 0.2 27.0 46.2 1.0069 0.00 0.0M
82440.000 1962 COM2 65 0R0 156 0.8 27.1 45.9 1.0069 0.00 0.0M
82500.000 1962 COM2 65 0R0 287 0.6 27.1 45.7 1.0069 0.00 0.0M
82560.000 1962 COM2 65 0R0 229 0.9 27.1 45.9 1.0069 0.00 0.0M
82620.000 1962 COM2 65 0R0 264 1.4 27.1 46.6 1.0069 0.00 0.0M
82680.000 1962 COM2 65 0R0 288 1.0 27.0 46.7 1.0070 0.00 0.0M
82740.000 1962 COM2 65 0R0 262 0.9 27.0 46.5 1.0069 0.00 0.0M
82800.000 1962 COM2 65 0R0 264 0.6 27.0 46.7 1.0070 0.00 0.0M
82860.000 1962 COM2 65 0R0 280 2.8 26.9 46.9 1.0070 0.00 0.0M
82920.000 1962 COM2 65 0R0 283 1.2 26.9 46.6 1.0070 0.00 0.0M
82980.000 1962 COM2 65 0R0 298 2.0 26.8 47.2 1.0069 0.00 0.0M
83040.000 1962 COM2 65 0R0 182 0.5 26.6 47.6 1.0069 0.00 0.0M
83100.000 1962 COM2 65 0R0 292 1.2 26.5 47.9 1.0069 0.00 0.0M
83160.000 1962 COM2 65 0R0 263 0.4 26.5 48.3 1.0069 0.00 0.0M
83220.000 1962 COM2 65 0R0 284 0.7 26.5 48.3 1.0069 0.00 0.0M
83280.100 1962 COM2 65 0R0 252 1.1 26.5 48.4 1.0069 0.00 0.0M
83340.000 1962 COM2 65 0R0 220 0.7 26.6 48.4 1.0069 0.00 0.0M
83400.000 1962 COM2 65 0R0 309 1.1 26.6 48.5 1.0069 0.00 0.0M
83460.000 1962 COM2 65 0R0 241 1.0 26.6 48.6 1.0069 0.00 0.0M
83520.000 1962 COM2 65 0R0 272 1.2 26.6 48.0 1.0069 0.00 0.0M
83580.000 1962 COM2 65 0R0 256 1.1 26.6 48.7 1.0069 0.00 0.0M
83640.000 1962 COM2 65 0R0 279 2.5 26.5 48.8 1.0070 0.00 0.0M
83700.000 1962 COM2 65 0R0 280 1.2 26.4 48.5 1.0070 0.00 0.0M
83760.000 1962 COM2 65 0R0 299 1.1 26.4 48.8 1.0070 0.00 0.0M
83820.000 1962 COM2 65 0R0 261 1.5 26.3 49.2 1.0070 0.00 0.0M
83880.000 1962 COM2 65 0R0 265 1.3 26.2 49.3 1.0070 0.00 0.0M
83940.000 1962 COM2 65 0R0 283 1.5 26.2 49.5 1.0069 0.00 0.0M
84000.000 1962 COM2 65 0R0 269 1.6 26.1 49.9 1.0070 0.00 0.0M
84060.000 1962 COM2 65 0R0 269 2.1 26.1 49.8 1.0069 0.00 0.0M
84120.000 1962 COM2 65 0R0 272 1.8 26.0 50.0 1.0069 0.00 0.0M
84180.000 1962 COM2 65 0R0 251 0.9 26.0 50.7 1.0069 0.00 0.0M
84240.000 1962 COM2 65 0R0 216 0.9 25.9 50.8 1.0069 0.00 0.0M
84300.000 1962 COM2 65 0R0 249 1.2 25.9 50.7 1.0069 0.00 0.0M
84360.000 1962 COM2 65 0R0 295 1.1 25.9 51.0 1.0069 0.00 0.0M
84420.000 1962 COM2 65 0R0 270 1.8 25.8 51.1 1.0069 0.00 0.0M
84480.000 1962 COM2 65 0R0 239 0.3 25.8 51.2 1.0069 0.00 0.0M
84540.000 1962 COM2 65 0R0 254 1.1 25.8 51.3 1.0069 0.00 0.0M
84600.000 1962 COM2 65 0R0 270 0.7 25.8 51.5 1.0069 0.00 0.0M
84660.000 1962 COM2 65 0R0 276 1.7 25.8 51.9 1.0069 0.00 0.0M
84720.000 1962 COM2 65 0R0 264 0.8 25.8 51.3 1.0069 0.00 0.0M
84780.000 1962 COM2 65 0R0 262 1.3 25.7 51.8 1.0069 0.00 0.0M
84840.000 1962 COM2 65 0R0 275 1.7 25.7 51.7 1.0069 0.00 0.0M
84900.000 1962 COM2 65 0R0 233 0.5 25.7 51.8 1.0069 0.00 0.0M
84960.000 1962 COM2 65 0R0 298 1.3 25.7 52.0 1.0069 0.00 0.0M
85020.000 1962 COM2 65 0R0 280 0.9 25.6 51.9 1.0069 0.00 0.0M
85080.000 1962 COM2 65 0R0 267 1.2 25.6 51.8 1.0069 0.00 0.0M
85140.000 1962 COM2 65 0R0 280 1.2 25.5 51.9 1.0069 0.00 0.0M
85200.000 1962 COM2 65 0R0 210 0.5 25.5 52.7 1.0069 0.00 0.0M
85260.000 1962 COM2 65 0R0 298 1.4 25.5 52.9 1.0069 0.00 0.0M
85320.000 1962 COM2 65 0R0 300 0.8 25.5 52.4 1.0069 0.00 0.0M
85380.000 1962 COM2 65 0R0 231 0.3 25.4 52.8 1.0069 0.00 0.0M
85440.000 1962 COM2 65 0R0 239 0.5 25.4 52.8 1.0070 0.00 0.0M
85500.000 1962 COM2 65 0R0 243 0.4 25.4 53.0 1.0070 0.00 0.0M
85560.000 1962 COM2 65 0R0 198 0.5 25.3 53.3 1.0070 0.00 0.0M
85620.000 1962 COM2 65 0R0 257 0.3 25.3 53.4 1.0070 0.00 0.0M
85680.000 1962 COM2 65 0R0 299 0.4 25.3 53.6 1.0071 0.00 0.0M
85740.000 1962 COM2 65 0R0 252 0.8 25.3 53.5 1.0071 0.00 0.0M
85800.000 1962 COM2 65 0R0 264 0.3 25.3 53.5 1.0071 0.00 0.0M
85860.000 1962 COM2 65 0R0 266 1.4 25.2 53.9 1.0071 0.00 0.0M
85920.000 1962 COM2 65 0R0 255 1.2 25.2 54.0 1.0071 0.00 0.0M
85980.000 1962 COM2 65 0R0 289 1.1 25.2 54.0 1.0071 0.00 0.0M
86040.000 1962 COM2 65 0R0 277 1.1 25.1 54.1 1.0071 0.00 0.0M
86100.000 1962 COM2 65 0R0 269 1.1 25.1 54.2 1.0071 0.00 0.0M
86160.000 1962 COM2 65 0R0 294 0.9 25.0 54.6 1.0071 0.00 0.0M
86220.000 1962 COM2 65 0R0 258 0.7 25.0 54.6 1.0071 0.00 0.0M
86280.000 1962 COM2 65 0R0 257 0.9 25.0 54.9 1.0071 0.00 0.0M
86340.000 1962 COM2 65 0R0 273 1.1 25.0 55.1 1.0071 0.00 0.0M
