TO [s] WNc [w] C StringLn ASCIIString
---------------------------------------
345600.000 1964 COM2 65 0R0 231 1.8 21.5 60.9 1.0057 0.00 0.0M
345660.000 1964 COM2 65 0R0 236 2.0 21.4 60.9 1.0057 0.00 0.0M
345720.000 1964 COM2 65 0R0 252 1.2 21.4 61.0 1.0057 0.00 0.0M
345780.000 1964 COM2 65 0R0 265 1.2 21.4 61.2 1.0057 0.00 0.0M
345840.000 1964 COM2 65 0R0 229 1.9 21.4 61.1 1.0057 0.00 0.0M
345900.000 1964 COM2 65 0R0 243 1.6 21.4 61.2 1.0057 0.00 0.0M
345960.000 1964 COM2 65 0R0 204 0.9 21.4 61.4 1.0057 0.00 0.0M
346020.000 1964 COM2 65 0R0 230 1.1 21.3 61.5 1.0057 0.00 0.0M
346080.000 1964 COM2 65 0R0 269 1.1 21.3 61.5 1.0057 0.00 0.0M
346140.000 1964 COM2 65 0R0 270 2.2 21.3 61.6 1.0057 0.00 0.0M
346200.100 1964 COM2 65 0R0 229 0.9 21.3 61.6 1.0057 0.00 0.0M
346260.000 1964 COM2 65 0R0 262 0.8 21.3 61.9 1.0057 0.00 0.0M
346320.000 1964 COM2 65 0R0 267 2.0 21.2 61.9 1.0057 0.00 0.0M
346380.000 1964 COM2 65 0R0 262 1.9 21.2 61.9 1.0057 0.00 0.0M
346440.000 1964 COM2 65 0R0 240 1.5 21.2 61.9 1.0057 0.00 0.0M
346500.000 1964 COM2 65 0R0 269 2.9 21.2 62.1 1.0058 0.00 0.0M
346560.000 1964 COM2 65 0R0 235 1.5 21.2 62.1 1.0058 0.00 0.0M
346620.000 1964 COM2 65 0R0 179 0.7 21.2 62.0 1.0058 0.00 0.0M
346680.000 1964 COM2 65 0R0 272 1.8 21.2 62.2 1.0058 0.00 0.0M
346740.000 1964 COM2 65 0R0 250 1.7 21.2 62.1 1.0058 0.00 0.0M
346800.000 1964 COM2 65 0R0 239 1.6 21.2 62.2 1.0058 0.00 0.0M
346860.000 1964 COM2 65 0R0 227 0.8 21.1 62.3 1.0058 0.00 0.0M
346920.000 1964 COM2 65 0R0 259 0.4 21.1 62.4 1.0058 0.00 0.0M
346980.000 1964 COM2 65 0R0 310 0.4 21.1 62.5 1.0058 0.00 0.0M
347040.000 1964 COM2 65 0R0 218 0.7 21.1 62.2 1.0058 0.00 0.0M
347100.000 1964 COM2 65 0R0 214 1.0 21.1 62.3 1.0058 0.00 0.0M
347160.000 1964 COM2 65 0R0 261 1.8 21.1 62.3 1.0058 0.00 0.0M
347220.000 1964 COM2 65 0R0 242 1.7 21.1 61.9 1.0058 0.00 0.0M
347280.000 1964 COM2 65 0R0 211 0.8 21.1 62.3 1.0058 0.00 0.0M
347340.000 1964 COM2 65 0R0 269 1.2 21.1 62.3 1.0058 0.00 0.0M
347400.000 1964 COM2 65 0R0 236 1.0 21.1 62.3 1.0058 0.00 0.0M
347460.000 1964 COM2 65 0R0 276 2.3 21.0 62.5 1.0058 0.00 0.0M
347520.000 1964 COM2 65 0R0 278 0.9 21.0 62.6 1.0059 0.00 0.0M
347580.000 1964 COM2 65 0R0 235 1.2 21.0 62.6 1.0059 0.00 0.0M
347640.000 1964 COM2 65 0R0 240 1.8 21.0 62.9 1.0059 0.00 0.0M
347700.000 1964 COM2 65 0R0 275 1.9 20.9 62.9 1.0059 0.00 0.0M
347760.000 1964 COM2 65 0R0 225 1.6 20.9 63.0 1.0059 0.00 0.0M
347820.000 1964 COM2 65 0R0 241 2.2 20.9 62.9 1.0059 0.00 0.0M
347880.000 1964 COM2 65 0R0 244 1.8 20.9 63.1 1.0059 0.00 0.0M
347940.000 1964 COM2 65 0R0 259 1.2 20.9 62.9 1.0059 0.00 0.0M
348000.000 1964 COM2 65 0R0 258 1.3 20.8 63.3 1.0059 0.00 0.0M
348060.000 1964 COM2 65 0R0 261 2.1 20.8 63.4 1.0059 0.00 0.0M
348120.000 1964 COM2 65 0R0 239 1.9 20.8 63.4 1.0060 0.00 0.0M
348180.000 1964 COM2 65 0R0 260 2.4 20.8 63.6 1.0060 0.00 0.0M
348240.000 1964 COM2 65 0R0 226 2.1 20.8 63.6 1.0060 0.00 0.0M
348300.000 1964 COM2 65 0R0 233 1.3 20.8 63.4 1.0060 0.00 0.0M
348360.000 1964 COM2 65 0R0 244 1.8 20.7 63.8 1.0060 0.00 0.0M
348420.000 1964 COM2 65 0R0 252 2.4 20.7 63.8 1.0060 0.00 0.0M
348480.000 1964 COM2 65 0R0 257 1.7 20.7 63.8 1.0060 0.00 0.0M
348540.000 1964 COM2 65 0R0 264 1.4 20.7 63.7 1.0059 0.00 0.0M
348600.000 1964 COM2 65 0R0 275 2.0 20.7 63.9 1.0059 0.00 0.0M
348660.000 1964 COM2 65 0R0 250 2.3 20.6 63.7 1.0060 0.00 0.0M
348720.000 1964 COM2 65 0R0 265 2.1 20.6 63.9 1.0060 0.00 0.0M
348780.000 1964 COM2 65 0R0 255 3.4 20.6 63.9 1.0060 0.00 0.0M
348840.000 1964 COM2 65 0R0 270 1.1 20.6 63.8 1.0060 0.00 0.0M
348900.000 1964 COM2 65 0R0 294 1.3 20.6 63.9 1.0060 0.00 0.0M
348960.000 1964 COM2 65 0R0 255 2.1 20.6 64.0 1.0060 0.00 0.0M
349020.000 1964 COM2 65 0R0 226 1.7 20.6 64.1 1.0060 0.00 0.0M
349080.000 1964 COM2 65 0R0 266 1.4 20.5 64.3 1.0060 0.00 0.0M
349140.000 1964 COM2 65 0R0 241 1.4 20.5 64.5 1.0060 0.00 0.0M
349200.000 1964 COM2 65 0R0 250 1.3 20.5 64.5 1.0060 0.00 0.0M
349260.000 1964 COM2 65 0R0 238 3.0 20.5 64.5 1.0060 0.00 0.0M
349320.000 1964 COM2 65 0R0 246 3.2 20.4 64.5 1.0060 0.00 0.0M
349380.000 1964 COM2 65 0R0 252 2.5 20.4 64.6 1.0060 0.00 0.0M
349440.000 1964 COM2 65 0R0 224 0.8 20.4 64.6 1.0060 0.00 0.0M
349500.000 1964 COM2 65 0R0 241 2.8 20.4 64.8 1.0060 0.00 0.0M
349560.000 1964 COM2 65 0R0 234 1.8 20.4 64.9 1.0060 0.00 0.0M
349620.000 1964 COM2 65 0R0 273 1.6 20.3 64.8 1.0060 0.00 0.0M
349680.000 1964 COM2 65 0R0 253 2.4 20.3 64.9 1.0060 0.00 0.0M
349740.000 1964 COM2 65 0R0 245 1.9 20.3 64.8 1.0060 0.00 0.0M
349800.000 1964 COM2 65 0R0 289 2.2 20.3 64.9 1.0060 0.00 0.0M
349860.000 1964 COM2 65 0R0 194 1.2 20.3 65.0 1.0060 0.00 0.0M
349920.000 1964 COM2 65 0R0 249 2.2 20.3 64.8 1.0060 0.00 0.0M
349980.000 1964 COM2 65 0R0 261 3.4 20.3 64.8 1.0060 0.00 0.0M
350040.000 1964 COM2 65 0R0 249 2.5 20.4 64.8 1.0060 0.00 0.0M
350100.000 1964 COM2 65 0R0 280 2.2 20.4 64.8 1.0060 0.00 0.0M
350160.000 1964 COM2 65 0R0 256 2.5 20.4 64.8 1.0061 0.00 0.0M
350220.000 1964 COM2 65 0R0 198 1.1 20.3 65.0 1.0061 0.00 0.0M
350280.000 1964 COM2 65 0R0 293 2.8 20.3 65.0 1.0061 0.00 0.0M
350340.000 1964 COM2 65 0R0 243 3.2 20.3 65.1 1.0061 0.00 0.0M
350400.000 1964 COM2 65 0R0 244 3.3 20.3 65.1 1.0061 0.00 0.0M
350460.000 1964 COM2 65 0R0 241 2.3 20.3 65.0 1.0061 0.00 0.0M
350520.000 1964 COM2 65 0R0 242 3.0 20.3 65.1 1.0061 0.00 0.0M
350580.000 1964 COM2 65 0R0 263 0.7 20.3 65.2 1.0061 0.00 0.0M
350640.000 1964 COM2 65 0R0 243 3.3 20.3 65.2 1.0061 0.00 0.0M
350700.000 1964 COM2 65 0R0 231 2.1 20.3 65.2 1.0061 0.00 0.0M
350760.000 1964 COM2 65 0R0 265 1.4 20.3 65.3 1.0061 0.00 0.0M
350820.000 1964 COM2 65 0R0 274 3.2 20.3 65.4 1.0061 0.00 0.0M
350880.000 1964 COM2 65 0R0 274 1.6 20.3 65.1 1.0061 0.00 0.0M
350940.000 1964 COM2 65 0R0 242 1.7 20.3 65.1 1.0061 0.00 0.0M
351000.000 1964 COM2 65 0R0 241 1.9 20.3 65.3 1.0062 0.00 0.0M
351060.000 1964 COM2 65 0R0 256 1.5 20.3 65.3 1.0062 0.00 0.0M
351120.000 1964 COM2 65 0R0 259 1.8 20.3 65.1 1.0062 0.00 0.0M
351180.000 1964 COM2 65 0R0 250 4.4 20.3 65.1 1.0062 0.00 0.0M
351240.000 1964 COM2 65 0R0 274 2.1 20.3 65.0 1.0062 0.00 0.0M
351300.000 1964 COM2 65 0R0 268 1.9 20.3 65.2 1.0062 0.00 0.0M
351360.000 1964 COM2 65 0R0 256 1.3 20.3 65.2 1.0062 0.00 0.0M
351420.000 1964 COM2 65 0R0 251 1.5 20.2 65.3 1.0061 0.00 0.0M
351480.000 1964 COM2 65 0R0 285 1.3 20.2 65.3 1.0062 0.00 0.0M
351540.000 1964 COM2 65 0R0 241 3.3 20.2 65.4 1.0061 0.00 0.0M
351600.000 1964 COM2 65 0R0 261 1.7 20.2 65.4 1.0061 0.00 0.0M
351660.000 1964 COM2 65 0R0 236 2.2 20.2 65.2 1.0061 0.00 0.0M
351720.000 1964 COM2 65 0R0 247 2.7 20.2 65.4 1.0062 0.00 0.0M
351780.000 1964 COM2 65 0R0 249 1.8 20.2 65.6 1.0062 0.00 0.0M
351840.000 1964 COM2 65 0R0 246 1.2 20.2 65.6 1.0061 0.00 0.0M
351900.000 1964 COM2 65 0R0 237 2.6 20.1 65.6 1.0062 0.00 0.0M
351960.000 1964 COM2 65 0R0 269 1.8 20.1 65.6 1.0061 0.00 0.0M
352020.000 1964 COM2 65 0R0 249 3.2 20.1 65.8 1.0061 0.00 0.0M
352080.000 1964 COM2 65 0R0 271 1.1 20.1 65.7 1.0061 0.00 0.0M
352140.000 1964 COM2 65 0R0 258 2.0 20.1 65.8 1.0061 0.00 0.0M
352200.000 1964 COM2 65 0R0 244 2.0 20.1 65.8 1.0061 0.00 0.0M
352260.000 1964 COM2 65 0R0 188 1.0 20.1 65.9 1.0061 0.00 0.0M
352320.000 1964 COM2 65 0R0 253 1.1 20.1 66.0 1.0062 0.00 0.0M
352380.000 1964 COM2 65 0R0 258 3.1 20.1 66.1 1.0062 0.00 0.0M
352440.000 1964 COM2 65 0R0 253 2.9 20.1 66.0 1.0061 0.00 0.0M
352500.000 1964 COM2 65 0R0 238 1.0 20.1 66.0 1.0061 0.00 0.0M
352560.000 1964 COM2 65 0R0 254 3.5 20.1 66.0 1.0061 0.00 0.0M
352620.000 1964 COM2 65 0R0 253 3.0 20.1 66.0 1.0061 0.00 0.0M
352680.000 1964 COM2 65 0R0 228 1.4 20.1 66.1 1.0061 0.00 0.0M
352740.000 1964 COM2 65 0R0 228 2.3 20.1 66.1 1.0061 0.00 0.0M
352800.100 1964 COM2 65 0R0 255 3.1 20.1 66.1 1.0061 0.00 0.0M
352860.000 1964 COM2 65 0R0 255 1.7 20.1 66.0 1.0061 0.00 0.0M
352920.000 1964 COM2 65 0R0 244 1.3 20.1 66.0 1.0061 0.00 0.0M
352980.000 1964 COM2 65 0R0 232 2.4 20.1 66.1 1.0061 0.00 0.0M
353040.000 1964 COM2 65 0R0 250 2.6 20.1 65.9 1.0061 0.00 0.0M
353100.000 1964 COM2 65 0R0 218 0.7 20.1 65.9 1.0061 0.00 0.0M
353160.000 1964 COM2 65 0R0 255 3.2 20.1 66.0 1.0061 0.00 0.0M
353220.000 1964 COM2 65 0R0 291 1.7 20.1 65.9 1.0061 0.00 0.0M
353280.000 1964 COM2 65 0R0 261 1.7 20.0 66.0 1.0061 0.00 0.0M
353340.000 1964 COM2 65 0R0 240 2.4 20.0 66.0 1.0061 0.00 0.0M
353400.000 1964 COM2 65 0R0 268 2.0 20.0 65.8 1.0061 0.00 0.0M
353460.000 1964 COM2 65 0R0 259 1.3 20.0 65.9 1.0061 0.00 0.0M
353520.000 1964 COM2 65 0R0 267 2.0 20.0 65.9 1.0062 0.00 0.0M
353580.000 1964 COM2 65 0R0 271 2.3 20.0 66.0 1.0061 0.00 0.0M
353640.000 1964 COM2 65 0R0 247 2.1 20.0 66.0 1.0061 0.00 0.0M
353700.000 1964 COM2 65 0R0 266 2.3 20.0 65.9 1.0061 0.00 0.0M
353760.000 1964 COM2 65 0R0 259 0.8 20.0 66.0 1.0061 0.00 0.0M
353820.000 1964 COM2 65 0R0 232 0.7 20.0 66.1 1.0061 0.00 0.0M
353880.000 1964 COM2 65 0R0 273 1.9 20.0 66.3 1.0061 0.00 0.0M
353940.000 1964 COM2 65 0R0 233 1.3 20.0 66.3 1.0061 0.00 0.0M
354000.000 1964 COM2 65 0R0 247 1.6 20.0 66.3 1.0061 0.00 0.0M
354060.000 1964 COM2 65 0R0 166 0.5 19.9 66.3 1.0061 0.00 0.0M
354120.000 1964 COM2 65 0R0 252 3.5 19.9 66.7 1.0061 0.00 0.0M
354180.000 1964 COM2 65 0R0 221 0.8 19.9 66.6 1.0061 0.00 0.0M
354240.000 1964 COM2 65 0R0 318 0.9 19.9 66.8 1.0061 0.00 0.0M
354300.000 1964 COM2 65 0R0 252 2.7 19.9 66.9 1.0061 0.00 0.0M
354360.000 1964 COM2 65 0R0 274 0.8 19.9 66.9 1.0061 0.00 0.0M
354420.000 1964 COM2 65 0R0 260 2.5 19.8 67.1 1.0061 0.00 0.0M
354480.000 1964 COM2 65 0R0 265 1.0 19.8 67.2 1.0060 0.00 0.0M
354540.000 1964 COM2 65 0R0 271 0.9 19.8 67.4 1.0060 0.00 0.0M
354600.000 1964 COM2 65 0R0 236 1.9 19.8 67.5 1.0060 0.00 0.0M
354660.000 1964 COM2 65 0R0 255 1.6 19.7 67.6 1.0060 0.00 0.0M
354720.000 1964 COM2 65 0R0 248 1.7 19.7 67.7 1.0060 0.00 0.0M
354780.000 1964 COM2 65 0R0 242 0.8 19.7 67.8 1.0060 0.00 0.0M
354840.000 1964 COM2 65 0R0 258 1.2 19.7 68.0 1.0060 0.00 0.0M
354900.000 1964 COM2 65 0R0 277 0.9 19.7 68.0 1.0060 0.00 0.0M
354960.000 1964 COM2 65 0R0 249 2.2 19.6 68.1 1.0060 0.00 0.0M
355020.000 1964 COM2 65 0R0 241 3.0 19.6 68.3 1.0060 0.00 0.0M
355080.000 1964 COM2 65 0R0 276 1.8 19.6 68.2 1.0060 0.00 0.0M
355140.000 1964 COM2 65 0R0 263 3.3 19.6 68.3 1.0060 0.00 0.0M
355200.000 1964 COM2 65 0R0 177 0.8 19.6 68.4 1.0059 0.00 0.0M
355260.000 1964 COM2 65 0R0 260 0.5 19.5 68.6 1.0060 0.00 0.0M
355320.000 1964 COM2 65 0R0 247 2.2 19.5 68.6 1.0060 0.00 0.0M
355380.000 1964 COM2 65 0R0 252 2.2 19.5 68.7 1.0060 0.00 0.0M
355440.000 1964 COM2 65 0R0 250 1.5 19.5 68.8 1.0060 0.00 0.0M
355500.000 1964 COM2 65 0R0 181 0.5 19.5 68.9 1.0059 0.00 0.0M
355560.000 1964 COM2 65 0R0 274 2.0 19.5 68.9 1.0059 0.00 0.0M
355620.000 1964 COM2 65 0R0 238 1.0 19.5 69.0 1.0059 0.00 0.0M
355680.000 1964 COM2 65 0R0 237 2.4 19.5 69.1 1.0059 0.00 0.0M
355740.000 1964 COM2 65 0R0 244 0.8 19.4 69.2 1.0059 0.00 0.0M
355800.000 1964 COM2 65 0R0 231 2.6 19.4 69.2 1.0059 0.00 0.0M
355860.000 1964 COM2 65 0R0 253 1.0 19.4 69.3 1.0058 0.00 0.0M
355920.000 1964 COM2 65 0R0 233 1.3 19.4 69.4 1.0059 0.00 0.0M
355980.000 1964 COM2 65 0R0 251 2.0 19.4 69.5 1.0059 0.00 0.0M
356040.000 1964 COM2 65 0R0 275 2.3 19.4 69.5 1.0059 0.00 0.0M
356100.000 1964 COM2 65 0R0 266 2.5 19.4 69.6 1.0059 0.00 0.0M
356160.000 1964 COM2 65 0R0 251 1.3 19.3 69.6 1.0059 0.00 0.0M
356220.100 1964 COM2 65 0R0 236 2.1 19.3 69.7 1.0058 0.00 0.0M
356280.000 1964 COM2 65 0R0 264 1.2 19.3 69.7 1.0058 0.00 0.0M
356340.000 1964 COM2 65 0R0 276 0.7 19.3 69.8 1.0058 0.00 0.0M
356400.000 1964 COM2 65 0R0 264 2.1 19.3 69.9 1.0058 0.00 0.0M
356460.000 1964 COM2 65 0R0 238 1.2 19.3 69.9 1.0058 0.00 0.0M
356520.000 1964 COM2 65 0R0 250 1.8 19.3 70.0 1.0058 0.00 0.0M
356580.000 1964 COM2 65 0R0 291 1.7 19.3 70.1 1.0058 0.00 0.0M
356640.000 1964 COM2 65 0R0 248 1.1 19.2 70.1 1.0058 0.00 0.0M
356700.000 1964 COM2 65 0R0 241 2.7 19.2 70.2 1.0058 0.00 0.0M
356760.000 1964 COM2 65 0R0 255 1.9 19.2 70.1 1.0058 0.00 0.0M
356820.000 1964 COM2 65 0R0 265 2.0 19.2 70.2 1.0058 0.00 0.0M
356880.000 1964 COM2 65 0R0 255 2.9 19.2 70.2 1.0058 0.00 0.0M
356940.000 1964 COM2 65 0R0 256 1.8 19.2 70.4 1.0058 0.00 0.0M
357000.100 1964 COM2 65 0R0 284 0.8 19.2 70.6 1.0058 0.00 0.0M
357060.000 1964 COM2 65 0R0 280 1.1 19.2 70.5 1.0058 0.00 0.0M
357120.000 1964 COM2 65 0R0 285 0.6 19.2 70.6 1.0058 0.00 0.0M
357180.000 1964 COM2 65 0R0 303 1.8 19.2 70.6 1.0058 0.00 0.0M
357240.100 1964 COM2 65 0R0 256 1.7 19.1 70.6 1.0058 0.00 0.0M
357300.100 1964 COM2 65 0R0 267 0.6 19.1 70.8 1.0058 0.00 0.0M
357360.000 1964 COM2 65 0R0 236 2.4 19.1 70.7 1.0058 0.00 0.0M
357420.000 1964 COM2 65 0R0 228 3.1 19.1 70.8 1.0058 0.00 0.0M
357480.000 1964 COM2 65 0R0 187 0.5 19.1 70.7 1.0058 0.00 0.0M
357540.000 1964 COM2 65 0R0 264 1.0 19.1 71.0 1.0058 0.00 0.0M
357600.000 1964 COM2 65 0R0 273 1.2 19.1 71.0 1.0057 0.00 0.0M
357660.000 1964 COM2 65 0R0 227 0.5 19.1 71.1 1.0057 0.00 0.0M
357720.000 1964 COM2 65 0R0 252 1.4 19.0 71.2 1.0057 0.00 0.0M
357780.000 1964 COM2 65 0R0 287 2.0 19.0 71.3 1.0057 0.00 0.0M
357840.000 1964 COM2 65 0R0 265 2.0 19.0 71.3 1.0056 0.00 0.0M
357900.000 1964 COM2 65 0R0 220 1.2 19.0 71.2 1.0056 0.00 0.0M
357960.000 1964 COM2 65 0R0 258 2.7 19.0 71.3 1.0056 0.00 0.0M
358020.000 1964 COM2 65 0R0 200 0.8 19.0 71.3 1.0056 0.00 0.0M
358080.000 1964 COM2 65 0R0 269 2.0 19.0 71.4 1.0056 0.00 0.0M
358140.000 1964 COM2 65 0R0 248 1.2 19.0 71.4 1.0056 0.00 0.0M
358200.000 1964 COM2 65 0R0 318 0.8 19.0 71.5 1.0056 0.00 0.0M
358260.000 1964 COM2 65 0R0 254 2.6 19.0 71.6 1.0056 0.00 0.0M
358320.000 1964 COM2 65 0R0 249 1.2 19.0 71.4 1.0056 0.00 0.0M
358380.000 1964 COM2 65 0R0 236 1.3 19.0 71.6 1.0056 0.00 0.0M
358440.000 1964 COM2 65 0R0 261 1.7 19.0 71.4 1.0056 0.00 0.0M
358500.000 1964 COM2 65 0R0 263 2.5 19.0 71.4 1.0056 0.00 0.0M
358560.000 1964 COM2 65 0R0 295 1.0 19.0 71.4 1.0056 0.00 0.0M
358620.000 1964 COM2 65 0R0 215 0.8 19.0 71.4 1.0056 0.00 0.0M
358680.000 1964 COM2 65 0R0 254 0.8 19.0 71.4 1.0055 0.00 0.0M
358740.000 1964 COM2 65 0R0 231 0.6 19.0 71.4 1.0055 0.00 0.0M
358800.000 1964 COM2 65 0R0 244 2.5 19.0 71.5 1.0055 0.00 0.0M
358860.000 1964 COM2 65 0R0 262 2.4 19.0 71.5 1.0055 0.00 0.0M
358920.000 1964 COM2 65 0R0 256 1.7 19.0 71.3 1.0056 0.00 0.0M
358980.000 1964 COM2 65 0R0 250 1.4 19.0 71.4 1.0056 0.00 0.0M
359040.000 1964 COM2 65 0R0 275 1.9 19.0 71.5 1.0056 0.00 0.0M
359100.000 1964 COM2 65 0R0 253 0.8 19.0 71.5 1.0056 0.00 0.0M
359160.000 1964 COM2 65 0R0 284 1.0 18.9 71.5 1.0056 0.00 0.0M
359220.000 1964 COM2 65 0R0 248 2.0 19.0 71.5 1.0056 0.00 0.0M
359280.000 1964 COM2 65 0R0 281 1.1 18.9 71.5 1.0056 0.00 0.0M
359340.000 1964 COM2 65 0R0 271 1.6 18.9 71.6 1.0056 0.00 0.0M
359400.000 1964 COM2 65 0R0 240 1.5 18.9 71.6 1.0056 0.00 0.0M
359460.000 1964 COM2 65 0R0 260 3.1 18.9 71.6 1.0056 0.00 0.0M
359520.000 1964 COM2 65 0R0 260 3.5 18.9 71.6 1.0056 0.00 0.0M
359580.000 1964 COM2 65 0R0 336 1.1 18.9 71.6 1.0056 0.00 0.0M
359640.000 1964 COM2 65 0R0 271 2.8 18.9 71.9 1.0056 0.00 0.0M
359700.000 1964 COM2 65 0R0 255 1.3 18.9 71.8 1.0056 0.00 0.0M
359760.000 1964 COM2 65 0R0 252 1.2 18.9 71.9 1.0056 0.00 0.0M
359820.000 1964 COM2 65 0R0 258 1.9 18.9 71.8 1.0057 0.00 0.0M
359880.000 1964 COM2 65 0R0 228 0.7 18.8 71.9 1.0057 0.00 0.0M
359940.000 1964 COM2 65 0R0 250 2.1 18.8 72.1 1.0057 0.00 0.0M
360000.000 1964 COM2 65 0R0 240 1.9 18.8 72.2 1.0057 0.00 0.0M
360060.000 1964 COM2 65 0R0 239 1.8 18.8 72.4 1.0057 0.00 0.0M
360120.000 1964 COM2 65 0R0 256 1.5 18.7 72.5 1.0057 0.00 0.0M
360180.000 1964 COM2 65 0R0 236 0.7 18.7 72.6 1.0057 0.00 0.0M
360240.000 1964 COM2 65 0R0 235 2.0 18.7 72.7 1.0057 0.00 0.0M
360300.000 1964 COM2 65 0R0 257 1.4 18.7 72.8 1.0057 0.00 0.0M
360360.000 1964 COM2 65 0R0 221 1.0 18.7 72.8 1.0057 0.00 0.0M
360420.000 1964 COM2 65 0R0 262 1.9 18.7 72.9 1.0057 0.00 0.0M
360480.000 1964 COM2 65 0R0 249 1.7 18.6 73.0 1.0057 0.00 0.0M
360540.000 1964 COM2 65 0R0 230 1.5 18.6 73.0 1.0057 0.00 0.0M
360600.000 1964 COM2 65 0R0 255 2.1 18.6 73.1 1.0057 0.00 0.0M
360660.000 1964 COM2 65 0R0 276 2.5 18.6 73.1 1.0056 0.00 0.0M
360720.200 1964 COM2 65 0R0 259 1.3 18.6 73.1 1.0056 0.00 0.0M
360780.000 1964 COM2 65 0R0 268 2.0 18.6 73.2 1.0056 0.00 0.0M
360840.000 1964 COM2 65 0R0 252 1.0 18.6 73.2 1.0056 0.00 0.0M
360900.000 1964 COM2 65 0R0 251 0.6 18.6 73.3 1.0056 0.00 0.0M
360960.000 1964 COM2 65 0R0 242 1.2 18.6 73.2 1.0056 0.00 0.0M
361020.000 1964 COM2 65 0R0 254 2.2 18.6 73.3 1.0055 0.00 0.0M
361080.000 1964 COM2 65 0R0 273 1.3 18.6 73.2 1.0055 0.00 0.0M
361140.000 1964 COM2 65 0R0 248 2.9 18.6 73.2 1.0055 0.00 0.0M
361200.000 1964 COM2 65 0R0 243 1.6 18.6 73.2 1.0055 0.00 0.0M
361260.000 1964 COM2 65 0R0 242 1.8 18.6 73.4 1.0055 0.00 0.0M
361320.000 1964 COM2 65 0R0 253 2.0 18.6 73.4 1.0055 0.00 0.0M
361380.000 1964 COM2 65 0R0 261 2.9 18.6 73.4 1.0055 0.00 0.0M
361440.000 1964 COM2 65 0R0 249 1.3 18.6 73.4 1.0055 0.00 0.0M
361500.000 1964 COM2 65 0R0 261 3.2 18.5 73.6 1.0055 0.00 0.0M
361560.000 1964 COM2 65 0R0 231 0.9 18.5 73.4 1.0055 0.00 0.0M
361620.000 1964 COM2 65 0R0 242 1.9 18.5 73.8 1.0056 0.00 0.0M
361680.000 1964 COM2 65 0R0 099 0.6 18.5 73.9 1.0056 0.00 0.0M
361740.000 1964 COM2 65 0R0 220 1.8 18.5 74.0 1.0056 0.00 0.0M
361800.000 1964 COM2 65 0R0 233 2.5 18.5 74.2 1.0056 0.00 0.0M
361860.000 1964 COM2 65 0R0 232 3.2 18.4 74.4 1.0056 0.00 0.0M
361920.000 1964 COM2 65 0R0 231 2.5 18.4 74.4 1.0056 0.00 0.0M
361980.000 1964 COM2 65 0R0 245 2.0 18.3 74.6 1.0056 0.00 0.0M
362040.000 1964 COM2 65 0R0 230 0.7 18.3 74.8 1.0056 0.00 0.0M
362100.000 1964 COM2 65 0R0 243 1.9 18.3 75.1 1.0055 0.00 0.0M
362160.000 1964 COM2 65 0R0 212 1.9 18.2 75.1 1.0056 0.00 0.0M
362220.000 1964 COM2 65 0R0 272 1.0 18.2 75.2 1.0055 0.00 0.0M
362280.000 1964 COM2 65 0R0 255 1.7 18.2 75.4 1.0055 0.00 0.0M
362340.000 1964 COM2 65 0R0 262 1.3 18.2 75.5 1.0055 0.00 0.0M
362400.000 1964 COM2 65 0R0 256 2.0 18.1 75.6 1.0056 0.00 0.0M
362460.000 1964 COM2 65 0R0 272 1.0 18.1 75.7 1.0056 0.00 0.0M
362520.000 1964 COM2 65 0R0 242 2.8 18.1 75.8 1.0056 0.00 0.0M
362580.000 1964 COM2 65 0R0 237 2.3 18.1 76.0 1.0055 0.00 0.0M
362640.000 1964 COM2 65 0R0 235 3.4 18.1 76.1 1.0056 0.00 0.0M
362700.000 1964 COM2 65 0R0 252 2.8 18.0 76.1 1.0056 0.00 0.0M
362760.000 1964 COM2 65 0R0 264 2.4 18.0 76.2 1.0056 0.00 0.0M
362820.000 1964 COM2 65 0R0 246 2.5 18.0 76.2 1.0056 0.00 0.0M
362880.000 1964 COM2 65 0R0 224 2.5 18.0 76.2 1.0056 0.00 0.0M
362940.000 1964 COM2 65 0R0 264 2.3 18.0 76.3 1.0056 0.00 0.0M
363000.000 1964 COM2 65 0R0 281 1.8 18.0 76.3 1.0056 0.00 0.0M
363060.000 1964 COM2 65 0R0 220 1.3 18.0 76.4 1.0057 0.00 0.0M
363120.000 1964 COM2 65 0R0 248 2.9 18.0 76.4 1.0056 0.00 0.0M
363180.000 1964 COM2 65 0R0 241 2.6 18.0 76.4 1.0056 0.00 0.0M
363240.000 1964 COM2 65 0R0 236 1.6 18.0 76.5 1.0057 0.00 0.0M
363300.000 1964 COM2 65 0R0 249 2.1 18.0 76.5 1.0057 0.00 0.0M
363360.000 1964 COM2 65 0R0 250 0.6 18.0 76.6 1.0056 0.00 0.0M
363420.000 1964 COM2 65 0R0 252 2.6 18.0 76.7 1.0056 0.00 0.0M
363480.000 1964 COM2 65 0R0 239 1.5 18.0 76.7 1.0056 0.00 0.0M
363540.000 1964 COM2 65 0R0 232 1.0 18.0 76.8 1.0056 0.00 0.0M
363600.000 1964 COM2 65 0R0 265 1.3 17.9 76.9 1.0056 0.00 0.0M
363660.000 1964 COM2 65 0R0 248 2.6 17.9 77.0 1.0056 0.00 0.0M
363720.000 1964 COM2 65 0R0 254 2.3 17.9 77.0 1.0056 0.00 0.0M
363780.000 1964 COM2 65 0R0 248 2.7 17.9 77.0 1.0056 0.00 0.0M
363840.000 1964 COM2 65 0R0 254 2.6 17.9 77.1 1.0056 0.00 0.0M
363900.000 1964 COM2 65 0R0 240 2.0 17.9 77.1 1.0056 0.00 0.0M
363960.000 1964 COM2 65 0R0 246 3.8 17.9 77.2 1.0056 0.00 0.0M
364020.000 1964 COM2 65 0R0 275 1.1 17.9 77.3 1.0056 0.00 0.0M
364080.000 1964 COM2 65 0R0 256 2.3 17.9 77.4 1.0056 0.00 0.0M
364140.000 1964 COM2 65 0R0 229 2.7 17.9 77.5 1.0056 0.00 0.0M
364200.000 1964 COM2 65 0R0 233 2.1 17.9 77.5 1.0056 0.00 0.0M
364260.000 1964 COM2 65 0R0 237 3.1 17.9 77.6 1.0055 0.00 0.0M
364320.000 1964 COM2 65 0R0 229 2.1 17.8 77.7 1.0055 0.00 0.0M
364380.000 1964 COM2 65 0R0 245 1.3 17.8 77.8 1.0055 0.00 0.0M
364440.000 1964 COM2 65 0R0 265 2.1 17.8 77.9 1.0056 0.00 0.0M
364500.000 1964 COM2 65 0R0 267 1.3 17.8 78.0 1.0056 0.00 0.0M
364560.000 1964 COM2 65 0R0 242 1.1 17.8 78.1 1.0056 0.00 0.0M
364620.000 1964 COM2 65 0R0 241 2.3 17.8 78.2 1.0056 0.00 0.0M
364680.000 1964 COM2 65 0R0 247 1.0 17.7 78.3 1.0055 0.00 0.0M
364740.000 1964 COM2 65 0R0 248 1.0 17.7 78.4 1.0056 0.00 0.0M
364800.000 1964 COM2 65 0R0 236 1.5 17.7 78.5 1.0055 0.00 0.0M
364860.000 1964 COM2 65 0R0 240 3.0 17.7 78.5 1.0055 0.00 0.0M
364920.000 1964 COM2 65 0R0 250 2.2 17.7 78.6 1.0055 0.00 0.0M
364980.000 1964 COM2 65 0R0 205 1.7 17.7 78.6 1.0055 0.00 0.0M
365040.000 1964 COM2 65 0R0 232 2.5 17.7 78.6 1.0055 0.00 0.0M
365100.100 1964 COM2 65 0R0 229 2.4 17.7 78.6 1.0055 0.00 0.0M
365160.000 1964 COM2 65 0R0 248 2.0 17.7 78.7 1.0054 0.00 0.0M
365220.000 1964 COM2 65 0R0 218 0.8 17.7 78.7 1.0054 0.00 0.0M
365280.000 1964 COM2 65 0R0 252 1.0 17.7 78.7 1.0055 0.00 0.0M
365340.000 1964 COM2 65 0R0 238 1.4 17.7 78.8 1.0055 0.00 0.0M
365400.000 1964 COM2 65 0R0 252 1.8 17.7 78.8 1.0055 0.00 0.0M
365460.000 1964 COM2 65 0R0 255 2.5 17.7 79.0 1.0054 0.00 0.0M
365520.000 1964 COM2 65 0R0 243 2.2 17.7 79.0 1.0054 0.00 0.0M
365580.000 1964 COM2 65 0R0 233 1.2 17.7 79.1 1.0054 0.00 0.0M
365640.000 1964 COM2 65 0R0 261 1.8 17.7 79.2 1.0054 0.00 0.0M
365700.000 1964 COM2 65 0R0 278 1.6 17.7 79.3 1.0054 0.00 0.0M
365760.000 1964 COM2 65 0R0 248 2.0 17.6 79.3 1.0054 0.00 0.0M
365820.000 1964 COM2 65 0R0 223 2.0 17.6 79.4 1.0054 0.00 0.0M
365880.000 1964 COM2 65 0R0 277 0.4 17.6 79.6 1.0054 0.00 0.0M
365940.000 1964 COM2 65 0R0 289 1.8 17.6 79.6 1.0054 0.00 0.0M
366000.000 1964 COM2 65 0R0 244 2.2 17.6 79.7 1.0054 0.00 0.0M
366060.000 1964 COM2 65 0R0 141 0.5 17.6 79.9 1.0053 0.00 0.0M
366120.000 1964 COM2 65 0R0 260 1.5 17.6 79.9 1.0053 0.00 0.0M
366180.000 1964 COM2 65 0R0 234 1.1 17.5 80.0 1.0053 0.00 0.0M
366240.000 1964 COM2 65 0R0 245 1.6 17.6 80.0 1.0053 0.00 0.0M
366300.000 1964 COM2 65 0R0 261 0.6 17.5 80.2 1.0053 0.00 0.0M
366360.000 1964 COM2 65 0R0 242 1.9 17.5 80.1 1.0053 0.00 0.0M
366420.000 1964 COM2 65 0R0 233 0.9 17.5 80.2 1.0053 0.00 0.0M
366480.000 1964 COM2 65 0R0 266 1.1 17.5 80.3 1.0053 0.00 0.0M
366540.000 1964 COM2 65 0R0 253 2.5 17.5 80.4 1.0053 0.00 0.0M
366600.000 1964 COM2 65 0R0 262 1.0 17.5 80.4 1.0053 0.00 0.0M
366660.000 1964 COM2 65 0R0 265 0.8 17.5 80.5 1.0053 0.00 0.0M
366720.000 1964 COM2 65 0R0 284 1.6 17.5 80.6 1.0053 0.00 0.0M
366780.000 1964 COM2 65 0R0 232 1.2 17.5 80.7 1.0052 0.00 0.0M
366840.000 1964 COM2 65 0R0 249 1.8 17.5 80.6 1.0052 0.00 0.0M
366900.000 1964 COM2 65 0R0 237 2.7 17.5 80.8 1.0052 0.00 0.0M
366960.000 1964 COM2 65 0R0 271 1.4 17.5 80.9 1.0052 0.00 0.0M
367020.000 1964 COM2 65 0R0 258 1.8 17.5 80.9 1.0052 0.00 0.0M
367080.000 1964 COM2 65 0R0 232 1.1 17.5 81.0 1.0052 0.00 0.0M
367140.000 1964 COM2 65 0R0 256 1.2 17.5 81.0 1.0052 0.00 0.0M
367200.000 1964 COM2 65 0R0 259 1.1 17.5 81.0 1.0051 0.00 0.0M
367260.000 1964 COM2 65 0R0 255 1.3 17.4 81.1 1.0051 0.00 0.0M
367320.000 1964 COM2 65 0R0 277 1.5 17.4 81.2 1.0051 0.00 0.0M
367380.000 1964 COM2 65 0R0 203 2.0 17.4 81.2 1.0051 0.00 0.0M
367440.000 1964 COM2 65 0R0 202 0.8 17.4 81.3 1.0051 0.00 0.0M
367500.000 1964 COM2 65 0R0 270 1.4 17.4 81.3 1.0051 0.00 0.0M
367560.000 1964 COM2 65 0R0 236 2.7 17.4 81.5 1.0051 0.00 0.0M
367620.000 1964 COM2 65 0R0 259 1.8 17.4 81.6 1.0051 0.00 0.0M
367680.000 1964 COM2 65 0R0 277 1.0 17.4 81.5 1.0051 0.00 0.0M
367740.000 1964 COM2 65 0R0 238 1.8 17.4 81.5 1.0051 0.00 0.0M
367800.000 1964 COM2 65 0R0 228 1.4 17.4 81.6 1.0050 0.00 0.0M
367860.000 1964 COM2 65 0R0 243 1.6 17.4 81.7 1.0051 0.00 0.0M
367920.000 1964 COM2 65 0R0 238 1.9 17.4 81.8 1.0051 0.00 0.0M
367980.000 1964 COM2 65 0R0 292 2.0 17.4 81.8 1.0051 0.00 0.0M
368040.000 1964 COM2 65 0R0 263 0.9 17.4 82.1 1.0051 0.00 0.0M
368100.000 1964 COM2 65 0R0 255 2.6 17.4 82.0 1.0051 0.00 0.0M
368160.000 1964 COM2 65 0R0 294 1.3 17.4 82.0 1.0051 0.00 0.0M
368220.000 1964 COM2 65 0R0 196 0.6 17.4 82.0 1.0051 0.00 0.0M
368280.000 1964 COM2 65 0R0 272 1.1 17.4 81.9 1.0051 0.00 0.0M
368340.000 1964 COM2 65 0R0 260 2.0 17.4 81.9 1.0051 0.00 0.0M
368400.000 1964 COM2 65 0R0 256 1.8 17.4 82.0 1.0051 0.00 0.0M
368460.000 1964 COM2 65 0R0 221 0.8 17.4 82.0 1.0051 0.00 0.0M
368520.000 1964 COM2 65 0R0 245 1.9 17.4 82.0 1.0050 0.00 0.0M
368580.000 1964 COM2 65 0R0 233 2.0 17.4 82.1 1.0050 0.00 0.0M
368640.000 1964 COM2 65 0R0 253 1.6 17.4 82.1 1.0050 0.00 0.0M
368700.000 1964 COM2 65 0R0 244 1.4 17.4 82.2 1.0050 0.00 0.0M
368760.000 1964 COM2 65 0R0 242 2.4 17.4 82.0 1.0050 0.00 0.0M
368820.000 1964 COM2 65 0R0 245 2.1 17.5 82.1 1.0050 0.00 0.0M
368880.000 1964 COM2 65 0R0 237 2.4 17.5 82.3 1.0050 0.00 0.0M
368940.000 1964 COM2 65 0R0 216 1.3 17.5 82.2 1.0050 0.00 0.0M
369000.000 1964 COM2 65 0R0 180 0.6 17.5 82.1 1.0050 0.00 0.0M
369060.000 1964 COM2 65 0R0 253 3.5 17.5 82.2 1.0050 0.00 0.0M
369120.000 1964 COM2 65 0R0 230 1.6 17.5 82.5 1.0050 0.00 0.0M
369180.000 1964 COM2 65 0R0 279 1.3 17.5 82.4 1.0050 0.00 0.0M
369240.000 1964 COM2 65 0R0 249 2.6 17.5 82.4 1.0050 0.00 0.0M
369300.000 1964 COM2 65 0R0 239 2.0 17.5 82.6 1.0050 0.00 0.0M
369360.000 1964 COM2 65 0R0 290 1.0 17.5 82.6 1.0050 0.00 0.0M
369420.000 1964 COM2 65 0R0 271 1.8 17.5 82.6 1.0049 0.00 0.0M
369480.000 1964 COM2 65 0R0 238 1.9 17.5 82.8 1.0049 0.00 0.0M
369540.000 1964 COM2 65 0R0 268 1.3 17.5 82.8 1.0049 0.00 0.0M
369600.000 1964 COM2 65 0R0 267 2.1 17.5 82.8 1.0049 0.00 0.0M
369660.000 1964 COM2 65 0R0 258 1.6 17.5 83.1 1.0049 0.00 0.0M
369720.000 1964 COM2 65 0R0 255 2.5 17.5 82.9 1.0049 0.00 0.0M
369780.000 1964 COM2 65 0R0 244 2.3 17.5 83.1 1.0049 0.00 0.0M
369840.000 1964 COM2 65 0R0 283 2.3 17.5 83.0 1.0049 0.00 0.0M
369900.000 1964 COM2 65 0R0 238 1.8 17.5 83.1 1.0049 0.00 0.0M
369960.000 1964 COM2 65 0R0 240 2.0 17.5 83.0 1.0049 0.00 0.0M
370020.000 1964 COM2 65 0R0 264 2.2 17.5 83.1 1.0049 0.00 0.0M
370080.000 1964 COM2 65 0R0 239 1.3 17.4 83.2 1.0049 0.00 0.0M
370140.000 1964 COM2 65 0R0 225 0.8 17.4 83.3 1.0049 0.00 0.0M
370200.000 1964 COM2 65 0R0 282 1.2 17.4 83.3 1.0049 0.00 0.0M
370260.100 1964 COM2 65 0R0 262 1.5 17.4 83.4 1.0049 0.00 0.0M
370320.000 1964 COM2 65 0R0 252 1.9 17.4 83.5 1.0049 0.00 0.0M
370380.000 1964 COM2 65 0R0 246 2.3 17.4 83.5 1.0049 0.00 0.0M
370440.000 1964 COM2 65 0R0 235 1.3 17.4 83.6 1.0049 0.00 0.0M
370500.000 1964 COM2 65 0R0 227 1.2 17.4 83.7 1.0049 0.00 0.0M
370560.000 1964 COM2 65 0R0 233 1.1 17.3 83.7 1.0049 0.00 0.0M
370620.000 1964 COM2 65 0R0 214 1.7 17.3 83.8 1.0048 0.00 0.0M
370680.000 1964 COM2 65 0R0 216 0.9 17.3 83.8 1.0049 0.00 0.0M
370740.000 1964 COM2 65 0R0 252 2.5 17.3 83.9 1.0049 0.00 0.0M
370800.000 1964 COM2 65 0R0 287 1.2 17.3 84.1 1.0049 0.00 0.0M
370860.000 1964 COM2 65 0R0 248 2.2 17.3 84.1 1.0049 0.00 0.0M
370920.000 1964 COM2 65 0R0 259 0.9 17.3 84.2 1.0049 0.00 0.0M
370980.000 1964 COM2 65 0R0 260 1.3 17.3 84.2 1.0049 0.00 0.0M
371040.000 1964 COM2 65 0R0 241 0.7 17.2 84.4 1.0049 0.00 0.0M
371100.000 1964 COM2 65 0R0 267 1.1 17.2 84.4 1.0049 0.00 0.0M
371160.000 1964 COM2 65 0R0 248 0.8 17.2 84.4 1.0049 0.00 0.0M
371220.000 1964 COM2 65 0R0 224 1.6 17.2 84.4 1.0049 0.00 0.0M
371280.000 1964 COM2 65 0R0 235 0.6 17.2 84.4 1.0049 0.00 0.0M
371340.100 1964 COM2 65 0R0 257 1.2 17.2 84.5 1.0050 0.00 0.0M
371400.000 1964 COM2 65 0R0 263 0.9 17.2 84.6 1.0049 0.00 0.0M
371460.000 1964 COM2 65 0R0 260 2.1 17.2 84.6 1.0049 0.00 0.0M
371520.000 1964 COM2 65 0R0 250 1.5 17.2 84.8 1.0049 0.00 0.0M
371580.000 1964 COM2 65 0R0 258 1.1 17.2 84.8 1.0049 0.00 0.0M
371640.000 1964 COM2 65 0R0 252 2.1 17.2 84.8 1.0050 0.00 0.0M
371700.000 1964 COM2 65 0R0 250 1.9 17.2 84.9 1.0050 0.00 0.0M
371760.100 1964 COM2 65 0R0 240 1.8 17.2 84.9 1.0050 0.00 0.0M
371820.000 1964 COM2 65 0R0 248 1.4 17.2 85.0 1.0050 0.00 0.0M
371880.000 1964 COM2 65 0R0 258 1.3 17.1 85.0 1.0049 0.00 0.0M
371940.000 1964 COM2 65 0R0 238 0.3 17.1 85.0 1.0049 0.00 0.0M
372000.000 1964 COM2 65 0R0 224 0.9 17.1 84.8 1.0049 0.00 0.0M
372060.000 1964 COM2 65 0R0 276 0.9 17.1 84.9 1.0049 0.00 0.0M
372120.000 1964 COM2 65 0R0 226 0.9 17.1 85.0 1.0049 0.00 0.0M
372180.000 1964 COM2 65 0R0 250 2.3 17.1 85.1 1.0049 0.00 0.0M
372240.000 1964 COM2 65 0R0 273 0.8 17.1 85.2 1.0049 0.00 0.0M
372300.000 1964 COM2 65 0R0 250 1.6 17.1 85.2 1.0049 0.00 0.0M
372360.000 1964 COM2 65 0R0 290 0.8 17.1 85.2 1.0049 0.00 0.0M
372420.000 1964 COM2 65 0R0 253 1.7 17.0 85.4 1.0049 0.00 0.0M
372480.000 1964 COM2 65 0R0 293 0.4 17.0 85.5 1.0049 0.00 0.0M
372540.000 1964 COM2 65 0R0 255 2.0 17.0 85.5 1.0049 0.00 0.0M
372600.000 1964 COM2 65 0R0 277 2.3 17.0 85.6 1.0049 0.00 0.0M
372660.000 1964 COM2 65 0R0 253 1.8 17.0 85.8 1.0049 0.00 0.0M
372720.000 1964 COM2 65 0R0 248 2.8 17.0 85.9 1.0049 0.00 0.0M
372780.000 1964 COM2 65 0R0 256 1.8 17.0 85.9 1.0049 0.00 0.0M
372840.000 1964 COM2 65 0R0 274 1.4 17.0 85.9 1.0049 0.00 0.0M
372900.000 1964 COM2 65 0R0 223 1.8 16.9 86.0 1.0049 0.00 0.0M
372960.000 1964 COM2 65 0R0 254 1.2 16.9 86.1 1.0049 0.00 0.0M
373020.000 1964 COM2 65 0R0 214 1.4 16.9 86.2 1.0049 0.00 0.0M
373080.000 1964 COM2 65 0R0 261 2.3 16.9 86.2 1.0050 0.00 0.0M
373140.000 1964 COM2 65 0R0 250 1.1 16.9 86.2 1.0050 0.00 0.0M
373200.000 1964 COM2 65 0R0 267 2.1 16.9 86.4 1.0050 0.00 0.0M
373260.000 1964 COM2 65 0R0 236 2.3 16.9 86.4 1.0050 0.00 0.0M
373320.000 1964 COM2 65 0R0 230 2.3 16.9 86.4 1.0050 0.00 0.0M
373380.000 1964 COM2 65 0R0 260 2.0 16.9 86.6 1.0049 0.00 0.0M
373440.000 1964 COM2 65 0R0 246 2.5 16.8 86.6 1.0050 0.00 0.0M
373500.000 1964 COM2 65 0R0 236 1.8 16.8 86.7 1.0049 0.00 0.0M
373560.000 1964 COM2 65 0R0 296 1.0 16.8 86.7 1.0050 0.00 0.0M
373620.000 1964 COM2 65 0R0 250 1.8 16.8 86.7 1.0050 0.00 0.0M
373680.000 1964 COM2 65 0R0 269 1.6 16.8 86.9 1.0050 0.00 0.0M
373740.000 1964 COM2 65 0R0 259 1.0 16.8 87.0 1.0050 0.00 0.0M
373800.000 1964 COM2 65 0R0 247 1.6 16.8 87.1 1.0050 0.00 0.0M
373860.000 1964 COM2 65 0R0 227 1.3 16.8 86.9 1.0050 0.00 0.0M
373920.000 1964 COM2 65 0R0 230 2.6 16.8 87.0 1.0050 0.00 0.0M
373980.000 1964 COM2 65 0R0 224 1.2 16.8 86.9 1.0050 0.00 0.0M
374040.000 1964 COM2 65 0R0 241 2.1 16.8 86.9 1.0050 0.00 0.0M
374100.000 1964 COM2 65 0R0 230 0.8 16.8 86.9 1.0050 0.00 0.0M
374160.000 1964 COM2 65 0R0 255 1.6 16.8 86.9 1.0050 0.00 0.0M
374220.000 1964 COM2 65 0R0 204 1.6 16.8 86.8 1.0050 0.00 0.0M
374280.000 1964 COM2 65 0R0 225 1.3 16.8 87.0 1.0050 0.00 0.0M
374340.000 1964 COM2 65 0R0 228 1.6 16.8 87.1 1.0050 0.00 0.0M
374400.100 1964 COM2 65 0R0 250 1.4 16.8 87.1 1.0050 0.00 0.0M
374460.000 1964 COM2 65 0R0 271 2.1 16.8 87.1 1.0050 0.00 0.0M
374520.000 1964 COM2 65 0R0 267 1.0 16.8 87.2 1.0050 0.00 0.0M
374580.000 1964 COM2 65 0R0 311 1.0 16.8 87.2 1.0050 0.00 0.0M
374640.000 1964 COM2 65 0R0 214 1.0 16.7 87.3 1.0050 0.00 0.0M
374700.000 1964 COM2 65 0R0 248 0.8 16.8 87.4 1.0050 0.00 0.0M
374760.000 1964 COM2 65 0R0 246 0.8 16.8 87.4 1.0051 0.00 0.0M
374820.000 1964 COM2 65 0R0 244 2.1 16.8 87.3 1.0051 0.00 0.0M
374880.000 1964 COM2 65 0R0 239 0.9 16.8 87.5 1.0050 0.00 0.0M
374940.000 1964 COM2 65 0R0 289 0.7 16.8 87.3 1.0050 0.00 0.0M
375000.000 1964 COM2 65 0R0 319 0.5 16.8 87.3 1.0051 0.00 0.0M
375060.000 1964 COM2 65 0R0 266 1.9 16.8 87.2 1.0051 0.00 0.0M
375120.000 1964 COM2 65 0R0 240 2.1 16.8 87.3 1.0051 0.00 0.0M
375180.000 1964 COM2 65 0R0 238 1.6 16.9 87.1 1.0051 0.00 0.0M
375240.000 1964 COM2 65 0R0 251 2.1 16.9 87.0 1.0050 0.00 0.0M
375300.000 1964 COM2 65 0R0 264 0.8 16.9 87.1 1.0050 0.00 0.0M
375360.100 1964 COM2 65 0R0 256 1.8 16.9 87.0 1.0050 0.00 0.0M
375420.000 1964 COM2 65 0R0 262 1.3 16.9 86.9 1.0050 0.00 0.0M
375480.000 1964 COM2 65 0R0 220 1.4 16.9 87.0 1.0050 0.00 0.0M
375540.000 1964 COM2 65 0R0 227 1.1 16.9 87.0 1.0050 0.00 0.0M
375600.000 1964 COM2 65 0R0 265 0.8 16.9 87.0 1.0050 0.00 0.0M
375660.000 1964 COM2 65 0R0 241 1.4 16.9 86.9 1.0050 0.00 0.0M
375720.000 1964 COM2 65 0R0 233 1.4 16.9 86.9 1.0050 0.00 0.0M
375780.000 1964 COM2 65 0R0 255 2.6 16.9 86.9 1.0050 0.00 0.0M
375840.000 1964 COM2 65 0R0 225 2.5 16.9 86.9 1.0051 0.00 0.0M
375900.000 1964 COM2 65 0R0 241 1.5 16.9 86.9 1.0051 0.00 0.0M
375960.000 1964 COM2 65 0R0 222 1.0 16.9 86.9 1.0051 0.00 0.0M
376020.000 1964 COM2 65 0R0 255 1.6 16.9 86.8 1.0051 0.00 0.0M
376080.000 1964 COM2 65 0R0 204 1.8 16.9 86.7 1.0050 0.00 0.0M
376140.000 1964 COM2 65 0R0 232 1.8 16.9 86.6 1.0051 0.00 0.0M
376200.000 1964 COM2 65 0R0 236 1.2 16.9 86.6 1.0051 0.00 0.0M
376260.000 1964 COM2 65 0R0 235 1.4 16.8 86.6 1.0051 0.00 0.0M
376320.000 1964 COM2 65 0R0 241 2.1 16.8 86.5 1.0051 0.00 0.0M
376380.000 1964 COM2 65 0R0 229 1.7 16.8 86.8 1.0051 0.00 0.0M
376440.000 1964 COM2 65 0R0 244 1.4 16.8 86.9 1.0051 0.00 0.0M
376500.000 1964 COM2 65 0R0 232 2.0 16.8 87.0 1.0051 0.00 0.0M
376560.000 1964 COM2 65 0R0 249 1.6 16.8 87.0 1.0051 0.00 0.0M
376620.000 1964 COM2 65 0R0 209 0.8 16.7 87.0 1.0051 0.00 0.0M
376680.000 1964 COM2 65 0R0 235 1.3 16.7 86.9 1.0051 0.00 0.0M
376740.000 1964 COM2 65 0R0 270 0.6 16.7 87.1 1.0051 0.00 0.0M
376800.000 1964 COM2 65 0R0 237 1.3 16.7 87.2 1.0052 0.00 0.0M
376860.000 1964 COM2 65 0R0 273 0.5 16.7 87.3 1.0052 0.00 0.0M
376920.000 1964 COM2 65 0R0 242 0.6 16.7 87.3 1.0052 0.00 0.0M
376980.000 1964 COM2 65 0R0 241 2.3 16.7 87.3 1.0052 0.00 0.0M
377040.000 1964 COM2 65 0R0 278 1.7 16.7 87.4 1.0052 0.00 0.0M
377100.000 1964 COM2 65 0R0 250 1.0 16.7 87.5 1.0052 0.00 0.0M
377160.000 1964 COM2 65 0R0 280 1.0 16.7 87.4 1.0052 0.00 0.0M
377220.000 1964 COM2 65 0R0 237 0.9 16.7 87.4 1.0052 0.00 0.0M
377280.000 1964 COM2 65 0R0 245 1.3 16.7 87.5 1.0052 0.00 0.0M
377340.000 1964 COM2 65 0R0 283 2.3 16.7 87.5 1.0052 0.00 0.0M
377400.000 1964 COM2 65 0R0 229 1.7 16.7 87.5 1.0052 0.00 0.0M
377460.000 1964 COM2 65 0R0 235 1.8 16.7 87.3 1.0052 0.00 0.0M
377520.000 1964 COM2 65 0R0 251 1.5 16.7 87.3 1.0052 0.00 0.0M
377580.000 1964 COM2 65 0R0 260 1.8 16.7 87.3 1.0052 0.00 0.0M
377640.000 1964 COM2 65 0R0 295 0.5 16.7 87.3 1.0052 0.00 0.0M
377700.000 1964 COM2 65 0R0 232 1.5 16.7 87.2 1.0052 0.00 0.0M
377760.000 1964 COM2 65 0R0 247 3.0 16.7 87.2 1.0052 0.00 0.0M
377820.000 1964 COM2 65 0R0 247 1.9 16.7 87.3 1.0052 0.00 0.0M
377880.000 1964 COM2 65 0R0 258 2.6 16.7 87.2 1.0053 0.00 0.0M
377940.000 1964 COM2 65 0R0 268 0.8 16.7 87.2 1.0053 0.00 0.0M
378000.000 1964 COM2 65 0R0 241 1.6 16.7 87.2 1.0053 0.00 0.0M
378060.000 1964 COM2 65 0R0 269 1.5 16.7 87.1 1.0053 0.00 0.0M
378120.000 1964 COM2 65 0R0 225 1.8 16.7 87.1 1.0053 0.00 0.0M
378180.000 1964 COM2 65 0R0 277 0.6 16.7 87.0 1.0053 0.00 0.0M
378240.000 1964 COM2 65 0R0 223 2.1 16.7 87.0 1.0053 0.00 0.0M
378300.000 1964 COM2 65 0R0 230 1.1 16.7 86.9 1.0053 0.00 0.0M
378360.000 1964 COM2 65 0R0 242 3.1 16.7 86.9 1.0053 0.00 0.0M
378420.000 1964 COM2 65 0R0 266 2.8 16.7 86.9 1.0052 0.00 0.0M
378480.000 1964 COM2 65 0R0 233 0.6 16.7 87.0 1.0052 0.00 0.0M
378540.000 1964 COM2 65 0R0 263 0.9 16.7 87.0 1.0052 0.00 0.0M
378600.000 1964 COM2 65 0R0 240 1.1 16.7 87.0 1.0052 0.00 0.0M
378660.000 1964 COM2 65 0R0 204 0.9 16.7 86.9 1.0052 0.00 0.0M
378720.000 1964 COM2 65 0R0 272 2.6 16.7 87.0 1.0052 0.00 0.0M
378780.000 1964 COM2 65 0R0 200 0.5 16.6 87.0 1.0053 0.00 0.0M
378840.000 1964 COM2 65 0R0 266 0.7 16.7 86.9 1.0052 0.00 0.0M
378900.000 1964 COM2 65 0R0 245 0.9 16.6 87.0 1.0052 0.00 0.0M
378960.000 1964 COM2 65 0R0 223 1.6 16.6 87.0 1.0052 0.00 0.0M
379020.000 1964 COM2 65 0R0 243 1.6 16.6 87.0 1.0052 0.00 0.0M
379080.000 1964 COM2 65 0R0 245 2.5 16.6 87.0 1.0053 0.00 0.0M
379140.000 1964 COM2 65 0R0 212 0.8 16.6 87.0 1.0052 0.00 0.0M
379200.000 1964 COM2 65 0R0 229 2.5 16.6 87.0 1.0053 0.00 0.0M
379260.000 1964 COM2 65 0R0 226 1.3 16.6 87.0 1.0053 0.00 0.0M
379320.000 1964 COM2 65 0R0 249 3.0 16.6 87.0 1.0053 0.00 0.0M
379380.000 1964 COM2 65 0R0 225 1.6 16.6 87.1 1.0053 0.00 0.0M
379440.000 1964 COM2 65 0R0 247 2.1 16.6 87.1 1.0053 0.00 0.0M
379500.000 1964 COM2 65 0R0 263 0.5 16.6 87.2 1.0053 0.00 0.0M
379560.000 1964 COM2 65 0R0 248 1.1 16.6 87.2 1.0053 0.00 0.0M
379620.000 1964 COM2 65 0R0 287 1.8 16.6 87.1 1.0053 0.00 0.0M
379680.000 1964 COM2 65 0R0 247 2.5 16.6 87.1 1.0054 0.00 0.0M
379740.000 1964 COM2 65 0R0 247 0.6 16.6 87.1 1.0054 0.00 0.0M
379800.000 1964 COM2 65 0R0 247 1.9 16.6 87.2 1.0054 0.00 0.0M
379860.000 1964 COM2 65 0R0 273 2.7 16.6 87.2 1.0054 0.00 0.0M
379920.000 1964 COM2 65 0R0 254 1.4 16.6 87.2 1.0054 0.00 0.0M
379980.000 1964 COM2 65 0R0 271 2.7 16.6 87.0 1.0054 0.00 0.0M
380040.000 1964 COM2 65 0R0 269 1.0 16.6 86.9 1.0054 0.00 0.0M
380100.000 1964 COM2 65 0R0 269 2.3 16.6 86.8 1.0054 0.00 0.0M
380160.000 1964 COM2 65 0R0 234 1.5 16.6 86.8 1.0054 0.00 0.0M
380220.000 1964 COM2 65 0R0 262 2.8 16.6 86.7 1.0054 0.00 0.0M
380280.000 1964 COM2 65 0R0 275 2.0 16.6 86.8 1.0054 0.00 0.0M
380340.000 1964 COM2 65 0R0 264 1.4 16.6 86.7 1.0054 0.00 0.0M
380400.000 1964 COM2 65 0R0 248 1.4 16.6 86.7 1.0054 0.00 0.0M
380460.000 1964 COM2 65 0R0 231 1.9 16.6 86.7 1.0054 0.00 0.0M
380520.000 1964 COM2 65 0R0 273 1.7 16.6 86.7 1.0054 0.00 0.0M
380580.000 1964 COM2 65 0R0 242 2.5 16.6 86.7 1.0054 0.00 0.0M
380640.000 1964 COM2 65 0R0 243 1.9 16.6 86.6 1.0054 0.00 0.0M
380700.000 1964 COM2 65 0R0 232 1.3 16.6 86.6 1.0054 0.00 0.0M
380760.000 1964 COM2 65 0R0 245 1.8 16.6 86.6 1.0055 0.00 0.0M
380820.000 1964 COM2 65 0R0 248 3.6 16.6 86.6 1.0054 0.00 0.0M
380880.000 1964 COM2 65 0R0 274 0.8 16.6 86.6 1.0054 0.00 0.0M
380940.000 1964 COM2 65 0R0 181 0.6 16.6 86.5 1.0054 0.00 0.0M
381000.000 1964 COM2 65 0R0 244 3.2 16.6 86.3 1.0054 0.00 0.0M
381060.000 1964 COM2 65 0R0 254 1.5 16.6 86.3 1.0054 0.00 0.0M
381120.000 1964 COM2 65 0R0 233 2.7 16.7 86.2 1.0054 0.00 0.0M
381180.000 1964 COM2 65 0R0 241 0.8 16.7 86.2 1.0054 0.00 0.0M
381240.000 1964 COM2 65 0R0 248 1.6 16.7 86.0 1.0054 0.00 0.0M
381300.000 1964 COM2 65 0R0 243 2.7 16.7 86.1 1.0054 0.00 0.0M
381360.000 1964 COM2 65 0R0 251 2.1 16.7 86.1 1.0054 0.00 0.0M
381420.000 1964 COM2 65 0R0 237 3.0 16.7 86.0 1.0054 0.00 0.0M
381480.000 1964 COM2 65 0R0 191 0.9 16.7 86.0 1.0054 0.00 0.0M
381540.000 1964 COM2 65 0R0 249 1.5 16.7 85.9 1.0054 0.00 0.0M
381600.000 1964 COM2 65 0R0 249 2.6 16.7 85.9 1.0054 0.00 0.0M
381660.000 1964 COM2 65 0R0 228 2.2 16.7 85.9 1.0054 0.00 0.0M
381720.000 1964 COM2 65 0R0 234 1.2 16.7 85.9 1.0054 0.00 0.0M
381780.000 1964 COM2 65 0R0 240 2.5 16.6 85.9 1.0054 0.00 0.0M
381840.000 1964 COM2 65 0R0 245 1.1 16.7 85.9 1.0054 0.00 0.0M
381900.000 1964 COM2 65 0R0 255 2.3 16.7 85.8 1.0054 0.00 0.0M
381960.000 1964 COM2 65 0R0 246 2.4 16.7 85.8 1.0054 0.00 0.0M
382020.000 1964 COM2 65 0R0 255 1.8 16.7 85.7 1.0054 0.00 0.0M
382080.000 1964 COM2 65 0R0 276 1.1 16.7 85.6 1.0055 0.00 0.0M
382140.000 1964 COM2 65 0R0 249 1.6 16.7 85.6 1.0055 0.00 0.0M
382200.000 1964 COM2 65 0R0 263 1.2 16.7 85.6 1.0055 0.00 0.0M
382260.000 1964 COM2 65 0R0 257 2.1 16.7 85.5 1.0055 0.00 0.0M
382320.000 1964 COM2 65 0R0 246 0.6 16.7 85.5 1.0055 0.00 0.0M
382380.000 1964 COM2 65 0R0 248 2.6 16.7 85.5 1.0055 0.00 0.0M
382440.000 1964 COM2 65 0R0 255 3.3 16.7 85.4 1.0055 0.00 0.0M
382500.000 1964 COM2 65 0R0 269 1.3 16.7 85.3 1.0055 0.00 0.0M
382560.000 1964 COM2 65 0R0 239 1.3 16.7 85.3 1.0055 0.00 0.0M
382620.000 1964 COM2 65 0R0 213 0.8 16.7 85.2 1.0055 0.00 0.0M
382680.000 1964 COM2 65 0R0 259 1.9 16.8 85.1 1.0055 0.00 0.0M
382740.000 1964 COM2 65 0R0 217 1.9 16.8 85.1 1.0055 0.00 0.0M
382800.000 1964 COM2 65 0R0 268 2.1 16.8 85.0 1.0055 0.00 0.0M
382860.000 1964 COM2 65 0R0 271 1.6 16.8 84.9 1.0055 0.00 0.0M
382920.000 1964 COM2 65 0R0 265 1.9 16.8 84.8 1.0055 0.00 0.0M
382980.000 1964 COM2 65 0R0 204 1.2 16.8 84.8 1.0055 0.00 0.0M
383040.000 1964 COM2 65 0R0 252 1.9 16.8 84.7 1.0055 0.00 0.0M
383100.000 1964 COM2 65 0R0 287 1.1 16.8 84.7 1.0055 0.00 0.0M
383160.000 1964 COM2 65 0R0 261 1.2 16.8 84.7 1.0055 0.00 0.0M
383220.000 1964 COM2 65 0R0 265 1.9 16.8 84.6 1.0055 0.00 0.0M
383280.000 1964 COM2 65 0R0 248 1.9 16.8 84.6 1.0055 0.00 0.0M
383340.000 1964 COM2 65 0R0 236 2.7 16.9 84.5 1.0055 0.00 0.0M
383400.000 1964 COM2 65 0R0 226 2.2 16.9 84.5 1.0055 0.00 0.0M
383460.000 1964 COM2 65 0R0 160 0.5 16.9 84.5 1.0055 0.00 0.0M
383520.000 1964 COM2 65 0R0 243 2.7 16.9 84.5 1.0055 0.00 0.0M
383580.000 1964 COM2 65 0R0 261 2.3 16.9 84.5 1.0055 0.00 0.0M
383640.000 1964 COM2 65 0R0 249 2.1 16.9 84.5 1.0054 0.00 0.0M
383700.000 1964 COM2 65 0R0 233 1.6 16.9 84.4 1.0054 0.00 0.0M
383760.000 1964 COM2 65 0R0 251 2.2 16.9 84.3 1.0054 0.00 0.0M
383820.000 1964 COM2 65 0R0 251 3.4 16.9 84.3 1.0054 0.00 0.0M
383880.000 1964 COM2 65 0R0 288 1.4 16.9 84.3 1.0054 0.00 0.0M
383940.000 1964 COM2 65 0R0 242 2.0 16.9 84.5 1.0054 0.00 0.0M
384000.000 1964 COM2 65 0R0 247 1.8 16.9 84.5 1.0054 0.00 0.0M
384060.000 1964 COM2 65 0R0 197 0.8 16.9 84.6 1.0054 0.00 0.0M
384120.000 1964 COM2 65 0R0 281 1.5 16.9 84.6 1.0054 0.00 0.0M
384180.000 1964 COM2 65 0R0 244 1.3 16.9 84.6 1.0054 0.00 0.0M
384240.000 1964 COM2 65 0R0 239 0.6 16.8 84.7 1.0054 0.00 0.0M
384300.000 1964 COM2 65 0R0 257 2.5 16.8 84.7 1.0054 0.00 0.0M
384360.000 1964 COM2 65 0R0 299 0.5 16.8 84.7 1.0054 0.00 0.0M
384420.000 1964 COM2 65 0R0 238 1.8 16.8 84.6 1.0054 0.00 0.0M
384480.000 1964 COM2 65 0R0 241 2.6 16.8 84.7 1.0054 0.00 0.0M
384540.000 1964 COM2 65 0R0 228 1.6 16.8 84.8 1.0055 0.00 0.0M
384600.000 1964 COM2 65 0R0 241 2.8 16.8 84.7 1.0055 0.00 0.0M
384660.000 1964 COM2 65 0R0 249 1.8 16.8 84.7 1.0055 0.00 0.0M
384720.000 1964 COM2 65 0R0 272 0.7 16.9 84.6 1.0055 0.00 0.0M
384780.000 1964 COM2 65 0R0 225 1.8 16.9 84.6 1.0055 0.00 0.0M
384840.000 1964 COM2 65 0R0 251 2.3 16.9 84.6 1.0055 0.00 0.0M
384900.000 1964 COM2 65 0R0 249 2.1 16.9 84.5 1.0055 0.00 0.0M
384960.000 1964 COM2 65 0R0 264 2.7 16.9 84.5 1.0055 0.00 0.0M
385020.000 1964 COM2 65 0R0 261 1.1 16.9 84.4 1.0056 0.00 0.0M
385080.000 1964 COM2 65 0R0 265 1.8 16.9 84.4 1.0056 0.00 0.0M
385140.000 1964 COM2 65 0R0 274 1.2 16.9 84.5 1.0056 0.00 0.0M
385200.000 1964 COM2 65 0R0 243 2.4 16.9 84.4 1.0056 0.00 0.0M
385260.000 1964 COM2 65 0R0 252 1.0 16.9 84.4 1.0056 0.00 0.0M
385320.000 1964 COM2 65 0R0 203 1.1 16.9 84.4 1.0056 0.00 0.0M
385380.000 1964 COM2 65 0R0 253 0.6 16.9 84.4 1.0056 0.00 0.0M
385440.000 1964 COM2 65 0R0 235 1.3 16.9 84.4 1.0056 0.00 0.0M
385500.000 1964 COM2 65 0R0 269 1.6 16.9 84.4 1.0056 0.00 0.0M
385560.000 1964 COM2 65 0R0 248 1.4 16.9 84.4 1.0056 0.00 0.0M
385620.000 1964 COM2 65 0R0 267 1.7 16.9 84.4 1.0056 0.00 0.0M
385680.000 1964 COM2 65 0R0 261 2.2 16.9 84.3 1.0056 0.00 0.0M
385740.000 1964 COM2 65 0R0 243 2.4 17.0 84.2 1.0056 0.00 0.0M
385800.000 1964 COM2 65 0R0 264 2.5 17.0 84.1 1.0056 0.00 0.0M
385860.000 1964 COM2 65 0R0 262 2.1 17.0 84.0 1.0056 0.00 0.0M
385920.000 1964 COM2 65 0R0 253 1.7 17.0 84.0 1.0056 0.00 0.0M
385980.000 1964 COM2 65 0R0 244 2.0 17.0 83.9 1.0056 0.00 0.0M
386040.100 1964 COM2 65 0R0 247 2.6 17.1 83.7 1.0056 0.00 0.0M
386100.000 1964 COM2 65 0R0 264 2.5 17.1 83.6 1.0056 0.00 0.0M
386160.000 1964 COM2 65 0R0 263 1.7 17.1 83.5 1.0056 0.00 0.0M
386220.000 1964 COM2 65 0R0 247 2.2 17.2 83.4 1.0056 0.00 0.0M
386280.000 1964 COM2 65 0R0 279 1.2 17.2 83.3 1.0056 0.00 0.0M
386340.000 1964 COM2 65 0R0 258 1.5 17.2 83.2 1.0056 0.00 0.0M
386400.000 1964 COM2 65 0R0 256 1.8 17.3 83.0 1.0056 0.00 0.0M
386460.000 1964 COM2 65 0R0 248 0.5 17.3 82.8 1.0056 0.00 0.0M
386520.000 1964 COM2 65 0R0 227 0.9 17.4 82.7 1.0056 0.00 0.0M
386580.000 1964 COM2 65 0R0 251 2.5 17.4 82.6 1.0056 0.00 0.0M
386640.000 1964 COM2 65 0R0 246 1.6 17.5 82.1 1.0056 0.00 0.0M
386700.000 1964 COM2 65 0R0 266 0.5 17.5 82.1 1.0057 0.00 0.0M
386760.000 1964 COM2 65 0R0 279 1.5 17.6 82.0 1.0057 0.00 0.0M
386820.000 1964 COM2 65 0R0 341 0.8 17.6 81.7 1.0057 0.00 0.0M
386880.000 1964 COM2 65 0R0 253 2.4 17.7 81.6 1.0057 0.00 0.0M
386940.000 1964 COM2 65 0R0 271 1.7 17.7 81.5 1.0057 0.00 0.0M
387000.000 1964 COM2 65 0R0 283 2.5 17.7 81.4 1.0057 0.00 0.0M
387060.000 1964 COM2 65 0R0 207 0.4 17.7 81.3 1.0057 0.00 0.0M
387120.000 1964 COM2 65 0R0 257 2.2 17.8 81.3 1.0057 0.00 0.0M
387180.000 1964 COM2 65 0R0 313 0.8 17.8 81.0 1.0057 0.00 0.0M
387240.000 1964 COM2 65 0R0 194 0.8 17.9 80.8 1.0057 0.00 0.0M
387300.000 1964 COM2 65 0R0 256 1.0 17.9 80.6 1.0057 0.00 0.0M
387360.000 1964 COM2 65 0R0 289 0.6 18.0 80.5 1.0057 0.00 0.0M
387420.000 1964 COM2 65 0R0 263 1.7 18.0 80.5 1.0057 0.00 0.0M
387480.000 1964 COM2 65 0R0 295 1.4 18.0 80.2 1.0057 0.00 0.0M
387540.000 1964 COM2 65 0R0 249 0.6 18.1 80.0 1.0058 0.00 0.0M
387600.000 1964 COM2 65 0R0 277 2.8 18.1 80.1 1.0058 0.00 0.0M
387660.000 1964 COM2 65 0R0 282 1.6 18.2 79.5 1.0058 0.00 0.0M
387720.000 1964 COM2 65 0R0 295 1.3 18.2 79.6 1.0058 0.00 0.0M
387780.000 1964 COM2 65 0R0 278 0.9 18.2 79.7 1.0058 0.00 0.0M
387840.000 1964 COM2 65 0R0 282 2.6 18.2 79.4 1.0058 0.00 0.0M
387900.000 1964 COM2 65 0R0 281 2.0 18.3 79.0 1.0058 0.00 0.0M
387960.000 1964 COM2 65 0R0 296 0.7 18.3 78.8 1.0058 0.00 0.0M
388020.000 1964 COM2 65 0R0 295 2.0 18.3 79.0 1.0058 0.00 0.0M
388080.000 1964 COM2 65 0R0 262 0.7 18.3 78.8 1.0058 0.00 0.0M
388140.000 1964 COM2 65 0R0 307 1.3 18.4 78.5 1.0058 0.00 0.0M
388200.000 1964 COM2 65 0R0 263 0.6 18.4 78.6 1.0058 0.00 0.0M
388260.000 1964 COM2 65 0R0 262 2.8 18.5 78.6 1.0058 0.00 0.0M
388320.000 1964 COM2 65 0R0 286 2.4 18.5 78.2 1.0058 0.00 0.0M
388380.000 1964 COM2 65 0R0 252 0.4 18.5 78.2 1.0058 0.00 0.0M
388440.000 1964 COM2 65 0R0 299 0.7 18.5 78.4 1.0058 0.00 0.0M
388500.000 1964 COM2 65 0R0 263 1.9 18.5 78.3 1.0059 0.00 0.0M
388560.000 1964 COM2 65 0R0 293 1.7 18.6 78.0 1.0059 0.00 0.0M
388620.000 1964 COM2 65 0R0 271 1.2 18.6 78.0 1.0059 0.00 0.0M
388680.000 1964 COM2 65 0R0 275 1.5 18.6 78.1 1.0059 0.00 0.0M
388740.000 1964 COM2 65 0R0 295 1.0 18.7 77.6 1.0059 0.00 0.0M
388800.000 1964 COM2 65 0R0 296 2.6 18.7 77.7 1.0059 0.00 0.0M
388860.000 1964 COM2 65 0R0 291 1.3 18.8 77.2 1.0059 0.00 0.0M
388920.000 1964 COM2 65 0R0 138 0.4 18.8 77.4 1.0060 0.00 0.0M
388980.000 1964 COM2 65 0R0 228 1.0 18.8 77.5 1.0060 0.00 0.0M
389040.000 1964 COM2 65 0R0 263 1.1 18.9 77.3 1.0060 0.00 0.0M
389100.000 1964 COM2 65 0R0 265 1.0 18.9 77.0 1.0060 0.00 0.0M
389160.000 1964 COM2 65 0R0 306 0.8 18.9 77.1 1.0060 0.00 0.0M
389220.200 1964 COM2 65 0R0 225 1.0 19.0 76.6 1.0060 0.00 0.0M
389280.000 1964 COM2 65 0R0 233 0.4 19.0 76.5 1.0061 0.00 0.0M
389340.000 1964 COM2 65 0R0 268 1.2 19.1 76.7 1.0061 0.00 0.0M
389400.000 1964 COM2 65 0R0 297 1.1 19.1 76.3 1.0061 0.00 0.0M
389460.000 1964 COM2 65 0R0 275 2.5 19.2 76.3 1.0061 0.00 0.0M
389520.000 1964 COM2 65 0R0 250 2.8 19.3 75.0 1.0061 0.00 0.0M
389580.000 1964 COM2 65 0R0 188 0.3 19.3 75.2 1.0060 0.00 0.0M
389640.000 1964 COM2 65 0R0 298 0.7 19.3 75.7 1.0060 0.00 0.0M
389700.000 1964 COM2 65 0R0 213 0.6 19.3 75.7 1.0060 0.00 0.0M
389760.000 1964 COM2 65 0R0 321 1.3 19.3 75.4 1.0060 0.00 0.0M
389820.000 1964 COM2 65 0R0 144 0.7 19.4 74.9 1.0060 0.00 0.0M
389880.000 1964 COM2 65 0R0 280 2.3 19.4 74.9 1.0060 0.00 0.0M
389940.000 1964 COM2 65 0R0 231 1.1 19.5 74.8 1.0060 0.00 0.0M
390000.000 1964 COM2 65 0R0 238 2.5 19.5 74.9 1.0060 0.00 0.0M
390060.000 1964 COM2 65 0R0 273 1.8 19.5 74.0 1.0060 0.00 0.0M
390120.000 1964 COM2 65 0R0 263 2.8 19.5 74.6 1.0060 0.00 0.0M
390180.000 1964 COM2 65 0R0 266 1.3 19.5 74.1 1.0060 0.00 0.0M
390240.000 1964 COM2 65 0R0 231 1.4 19.6 74.2 1.0060 0.00 0.0M
390300.000 1964 COM2 65 0R0 277 2.2 19.6 74.2 1.0060 0.00 0.0M
390360.000 1964 COM2 65 0R0 261 2.5 19.6 73.5 1.0060 0.00 0.0M
390420.000 1964 COM2 65 0R0 304 1.4 19.6 73.9 1.0060 0.00 0.0M
390480.000 1964 COM2 65 0R0 281 2.4 19.6 73.8 1.0060 0.00 0.0M
390540.000 1964 COM2 65 0R0 256 1.8 19.6 73.7 1.0060 0.00 0.0M
390600.000 1964 COM2 65 0R0 103 0.5 19.6 73.7 1.0060 0.00 0.0M
390660.000 1964 COM2 65 0R0 287 2.5 19.6 74.1 1.0060 0.00 0.0M
390720.000 1964 COM2 65 0R0 268 2.0 19.6 73.6 1.0060 0.00 0.0M
390780.000 1964 COM2 65 0R0 275 1.7 19.6 73.5 1.0060 0.00 0.0M
390840.000 1964 COM2 65 0R0 280 2.4 19.7 73.3 1.0060 0.00 0.0M
390900.000 1964 COM2 65 0R0 265 1.4 19.7 73.2 1.0060 0.00 0.0M
390960.000 1964 COM2 65 0R0 250 0.5 19.7 73.1 1.0060 0.00 0.0M
391020.000 1964 COM2 65 0R0 129 0.7 19.8 73.6 1.0060 0.00 0.0M
391080.000 1964 COM2 65 0R0 196 0.4 19.9 73.6 1.0060 0.00 0.0M
391140.000 1964 COM2 65 0R0 266 2.6 19.9 73.4 1.0060 0.00 0.0M
391200.000 1964 COM2 65 0R0 264 2.8 20.0 72.6 1.0060 0.00 0.0M
391260.000 1964 COM2 65 0R0 249 1.5 20.0 72.7 1.0060 0.00 0.0M
391320.000 1964 COM2 65 0R0 277 2.3 20.1 72.0 1.0061 0.00 0.0M
391380.100 1964 COM2 65 0R0 279 0.7 20.1 72.5 1.0061 0.00 0.0M
391440.000 1964 COM2 65 0R0 199 0.7 20.2 72.4 1.0061 0.00 0.0M
391500.000 1964 COM2 65 0R0 237 0.7 20.2 72.4 1.0061 0.00 0.0M
391560.000 1964 COM2 65 0R0 257 1.0 20.3 72.3 1.0061 0.00 0.0M
391620.000 1964 COM2 65 0R0 277 1.3 20.3 72.1 1.0061 0.00 0.0M
391680.000 1964 COM2 65 0R0 211 1.5 20.4 72.2 1.0061 0.00 0.0M
391740.000 1964 COM2 65 0R0 222 0.7 20.4 72.3 1.0061 0.00 0.0M
391800.000 1964 COM2 65 0R0 225 1.8 20.5 72.3 1.0061 0.00 0.0M
391860.000 1964 COM2 65 0R0 263 1.2 20.5 72.0 1.0061 0.00 0.0M
391920.000 1964 COM2 65 0R0 267 0.8 20.5 71.9 1.0062 0.00 0.0M
391980.000 1964 COM2 65 0R0 251 2.7 20.6 71.7 1.0062 0.00 0.0M
392040.000 1964 COM2 65 0R0 257 2.8 20.6 71.6 1.0062 0.00 0.0M
392100.000 1964 COM2 65 0R0 185 0.8 20.6 71.4 1.0062 0.00 0.0M
392160.000 1964 COM2 65 0R0 241 3.5 20.6 72.1 1.0062 0.00 0.0M
392220.000 1964 COM2 65 0R0 252 1.8 20.6 71.5 1.0062 0.00 0.0M
392280.000 1964 COM2 65 0R0 236 3.3 20.6 71.6 1.0062 0.00 0.0M
392340.000 1964 COM2 65 0R0 248 3.2 20.6 71.8 1.0062 0.00 0.0M
392400.000 1964 COM2 65 0R0 268 1.4 20.6 71.6 1.0062 0.00 0.0M
392460.000 1964 COM2 65 0R0 269 2.0 20.6 72.2 1.0062 0.00 0.0M
392520.000 1964 COM2 65 0R0 253 1.2 20.6 71.6 1.0062 0.00 0.0M
392580.000 1964 COM2 65 0R0 237 2.8 20.7 71.8 1.0062 0.00 0.0M
392640.000 1964 COM2 65 0R0 252 2.5 20.7 71.5 1.0061 0.00 0.0M
392700.000 1964 COM2 65 0R0 258 2.3 20.7 70.6 1.0061 0.00 0.0M
392760.000 1964 COM2 65 0R0 272 3.6 20.8 70.5 1.0061 0.00 0.0M
392820.000 1964 COM2 65 0R0 231 3.6 20.8 70.3 1.0061 0.00 0.0M
392880.000 1964 COM2 65 0R0 277 2.3 20.7 70.8 1.0061 0.00 0.0M
392940.000 1964 COM2 65 0R0 289 1.4 20.7 70.9 1.0061 0.00 0.0M
393000.000 1964 COM2 65 0R0 272 1.9 20.8 71.1 1.0061 0.00 0.0M
393060.000 1964 COM2 65 0R0 234 1.9 20.8 70.9 1.0061 0.00 0.0M
393120.000 1964 COM2 65 0R0 274 2.5 20.9 70.3 1.0061 0.00 0.0M
393180.000 1964 COM2 65 0R0 281 1.4 21.0 70.1 1.0060 0.00 0.0M
393240.000 1964 COM2 65 0R0 269 2.3 21.0 69.8 1.0061 0.00 0.0M
393300.100 1964 COM2 65 0R0 247 1.2 21.0 69.7 1.0061 0.00 0.0M
393360.000 1964 COM2 65 0R0 304 1.8 21.0 70.0 1.0061 0.00 0.0M
393420.000 1964 COM2 65 0R0 272 0.7 21.1 69.9 1.0061 0.00 0.0M
393480.000 1964 COM2 65 0R0 270 2.0 21.2 69.9 1.0061 0.00 0.0M
393540.000 1964 COM2 65 0R0 262 3.9 21.3 69.9 1.0061 0.00 0.0M
393600.000 1964 COM2 65 0R0 273 1.4 21.4 68.1 1.0061 0.00 0.0M
393660.000 1964 COM2 65 0R0 301 1.9 21.4 68.5 1.0061 0.00 0.0M
393720.000 1964 COM2 65 0R0 289 2.1 21.5 68.3 1.0061 0.00 0.0M
393780.000 1964 COM2 65 0R0 234 0.7 21.5 68.3 1.0061 0.00 0.0M
393840.000 1964 COM2 65 0R0 126 1.2 21.5 68.5 1.0061 0.00 0.0M
393900.000 1964 COM2 65 0R0 301 1.2 21.6 68.3 1.0060 0.00 0.0M
393960.000 1964 COM2 65 0R0 289 2.1 21.6 68.0 1.0060 0.00 0.0M
394020.000 1964 COM2 65 0R0 269 1.5 21.7 67.9 1.0061 0.00 0.0M
394080.000 1964 COM2 65 0R0 299 1.7 21.7 68.2 1.0060 0.00 0.0M
394140.000 1964 COM2 65 0R0 268 1.6 21.7 67.9 1.0061 0.00 0.0M
394200.000 1964 COM2 65 0R0 275 2.5 21.7 67.4 1.0060 0.00 0.0M
394260.000 1964 COM2 65 0R0 261 1.7 21.8 67.4 1.0061 0.00 0.0M
394320.000 1964 COM2 65 0R0 290 0.9 21.8 67.7 1.0061 0.00 0.0M
394380.000 1964 COM2 65 0R0 274 3.7 21.8 67.6 1.0061 0.00 0.0M
394440.000 1964 COM2 65 0R0 247 1.0 21.9 66.4 1.0061 0.00 0.0M
394500.000 1964 COM2 65 0R0 225 1.3 21.9 67.2 1.0061 0.00 0.0M
394560.000 1964 COM2 65 0R0 227 0.9 22.0 66.8 1.0061 0.00 0.0M
394620.000 1964 COM2 65 0R0 271 2.0 22.1 66.7 1.0061 0.00 0.0M
394680.000 1964 COM2 65 0R0 288 4.3 22.2 64.8 1.0061 0.00 0.0M
394740.000 1964 COM2 65 0R0 276 2.3 22.3 64.5 1.0061 0.00 0.0M
394800.000 1964 COM2 65 0R0 251 2.6 22.2 65.2 1.0061 0.00 0.0M
394860.000 1964 COM2 65 0R0 245 2.6 22.2 65.2 1.0061 0.00 0.0M
394920.000 1964 COM2 65 0R0 270 1.6 22.3 65.5 1.0061 0.00 0.0M
394980.000 1964 COM2 65 0R0 258 1.4 22.3 65.0 1.0061 0.00 0.0M
395040.000 1964 COM2 65 0R0 286 1.7 22.4 64.8 1.0061 0.00 0.0M
395100.000 1964 COM2 65 0R0 295 1.7 22.4 64.6 1.0061 0.00 0.0M
395160.000 1964 COM2 65 0R0 279 3.9 22.3 64.5 1.0061 0.00 0.0M
395220.000 1964 COM2 65 0R0 284 4.3 22.3 64.4 1.0060 0.00 0.0M
395280.000 1964 COM2 65 0R0 292 4.1 22.3 64.1 1.0060 0.00 0.0M
395340.000 1964 COM2 65 0R0 295 1.8 22.3 64.4 1.0060 0.00 0.0M
395400.000 1964 COM2 65 0R0 298 1.9 22.2 64.9 1.0060 0.00 0.0M
395460.000 1964 COM2 65 0R0 268 0.9 22.2 64.7 1.0060 0.00 0.0M
395520.000 1964 COM2 65 0R0 240 1.4 22.2 65.5 1.0060 0.00 0.0M
395580.000 1964 COM2 65 0R0 262 0.6 22.4 65.2 1.0060 0.00 0.0M
395640.000 1964 COM2 65 0R0 298 0.4 22.5 65.0 1.0060 0.00 0.0M
395700.000 1964 COM2 65 0R0 281 1.9 22.7 64.5 1.0060 0.00 0.0M
395760.000 1964 COM2 65 0R0 268 4.9 22.9 63.6 1.0060 0.00 0.0M
395820.000 1964 COM2 65 0R0 270 2.3 23.0 62.5 1.0060 0.00 0.0M
395880.000 1964 COM2 65 0R0 233 1.3 23.0 62.4 1.0060 0.00 0.0M
395940.000 1964 COM2 65 0R0 284 2.0 23.0 62.5 1.0060 0.00 0.0M
396000.000 1964 COM2 65 0R0 303 0.6 23.0 62.8 1.0060 0.00 0.0M
396060.000 1964 COM2 65 0R0 296 1.4 22.9 62.8 1.0060 0.00 0.0M
396120.000 1964 COM2 65 0R0 268 2.3 22.9 62.5 1.0060 0.00 0.0M
396180.000 1964 COM2 65 0R0 234 2.7 23.0 62.7 1.0060 0.00 0.0M
396240.000 1964 COM2 65 0R0 254 3.1 23.0 62.7 1.0060 0.00 0.0M
396300.000 1964 COM2 65 0R0 250 3.2 22.9 62.4 1.0060 0.00 0.0M
396360.000 1964 COM2 65 0R0 182 1.9 22.9 62.2 1.0059 0.00 0.0M
396420.000 1964 COM2 65 0R0 237 0.6 22.9 62.0 1.0059 0.00 0.0M
396480.000 1964 COM2 65 0R0 232 3.2 23.0 62.0 1.0059 0.00 0.0M
396540.000 1964 COM2 65 0R0 273 2.0 23.0 61.3 1.0059 0.00 0.0M
396600.000 1964 COM2 65 0R0 053 0.5 23.1 61.7 1.0059 0.00 0.0M
396660.000 1964 COM2 65 0R0 283 2.2 23.1 61.9 1.0059 0.00 0.0M
396720.000 1964 COM2 65 0R0 296 4.7 23.2 61.5 1.0059 0.00 0.0M
396780.000 1964 COM2 65 0R0 280 3.3 23.2 61.3 1.0059 0.00 0.0M
396840.000 1964 COM2 65 0R0 272 2.1 23.2 61.1 1.0059 0.00 0.0M
396900.000 1964 COM2 65 0R0 248 1.8 23.1 61.6 1.0059 0.00 0.0M
396960.000 1964 COM2 65 0R0 296 0.8 23.1 61.7 1.0059 0.00 0.0M
397020.000 1964 COM2 65 0R0 277 0.9 23.1 61.7 1.0059 0.00 0.0M
397080.000 1964 COM2 65 0R0 207 1.1 23.1 61.6 1.0058 0.00 0.0M
397140.000 1964 COM2 65 0R0 288 1.0 23.2 61.9 1.0058 0.00 0.0M
397200.000 1964 COM2 65 0R0 240 1.4 23.3 61.7 1.0058 0.00 0.0M
397260.000 1964 COM2 65 0R0 271 1.4 23.4 61.2 1.0058 0.00 0.0M
397320.000 1964 COM2 65 0R0 247 2.8 23.5 60.5 1.0058 0.00 0.0M
397380.000 1964 COM2 65 0R0 251 1.4 23.5 60.3 1.0058 0.00 0.0M
397440.000 1964 COM2 65 0R0 238 3.2 23.5 60.6 1.0058 0.00 0.0M
397500.000 1964 COM2 65 0R0 287 1.6 23.6 60.0 1.0058 0.00 0.0M
397560.000 1964 COM2 65 0R0 277 2.1 23.6 60.7 1.0058 0.00 0.0M
397620.000 1964 COM2 65 0R0 295 2.1 23.6 60.3 1.0058 0.00 0.0M
397680.000 1964 COM2 65 0R0 032 0.8 23.7 59.4 1.0058 0.00 0.0M
397740.000 1964 COM2 65 0R0 307 2.0 23.8 60.2 1.0058 0.00 0.0M
397800.000 1964 COM2 65 0R0 271 1.2 23.8 58.7 1.0058 0.00 0.0M
397860.000 1964 COM2 65 0R0 234 1.3 23.8 60.0 1.0058 0.00 0.0M
397920.000 1964 COM2 65 0R0 187 0.7 23.8 60.1 1.0057 0.00 0.0M
397980.000 1964 COM2 65 0R0 260 2.1 23.9 59.3 1.0057 0.00 0.0M
398040.000 1964 COM2 65 0R0 292 2.3 24.0 59.4 1.0058 0.00 0.0M
398100.000 1964 COM2 65 0R0 286 2.1 24.1 59.2 1.0058 0.00 0.0M
398160.000 1964 COM2 65 0R0 282 1.4 24.2 58.8 1.0058 0.00 0.0M
398220.000 1964 COM2 65 0R0 247 1.7 24.2 59.1 1.0058 0.00 0.0M
398280.000 1964 COM2 65 0R0 291 0.9 24.1 58.3 1.0057 0.00 0.0M
398340.000 1964 COM2 65 0R0 343 1.2 24.1 58.1 1.0057 0.00 0.0M
398400.000 1964 COM2 65 0R0 297 1.5 24.2 58.1 1.0057 0.00 0.0M
398460.000 1964 COM2 65 0R0 274 1.8 24.2 58.5 1.0057 0.00 0.0M
398520.100 1964 COM2 65 0R0 346 0.6 24.2 58.5 1.0057 0.00 0.0M
398580.000 1964 COM2 65 0R0 308 3.4 24.2 58.0 1.0057 0.00 0.0M
398640.000 1964 COM2 65 0R0 307 2.4 24.1 57.8 1.0057 0.00 0.0M
398700.000 1964 COM2 65 0R0 347 1.1 24.0 58.0 1.0057 0.00 0.0M
398760.100 1964 COM2 65 0R0 018 0.6 23.8 58.4 1.0056 0.00 0.0M
398820.100 1964 COM2 65 0R0 310 0.8 23.8 59.1 1.0056 0.00 0.0M
398880.000 1964 COM2 65 0R0 282 2.0 24.0 58.2 1.0056 0.00 0.0M
398940.000 1964 COM2 65 0R0 264 1.5 24.1 58.6 1.0056 0.00 0.0M
399000.000 1964 COM2 65 0R0 215 2.1 24.1 58.3 1.0056 0.00 0.0M
399060.000 1964 COM2 65 0R0 277 0.7 24.2 58.3 1.0056 0.00 0.0M
399120.100 1964 COM2 65 0R0 287 1.7 24.3 58.3 1.0056 0.00 0.0M
399180.000 1964 COM2 65 0R0 280 2.9 24.4 58.2 1.0056 0.00 0.0M
399240.000 1964 COM2 65 0R0 298 0.8 24.4 58.2 1.0056 0.00 0.0M
399300.000 1964 COM2 65 0R0 227 2.2 24.4 58.2 1.0056 0.00 0.0M
399360.100 1964 COM2 65 0R0 313 1.4 24.5 57.2 1.0056 0.00 0.0M
399420.000 1964 COM2 65 0R0 235 2.4 24.4 58.1 1.0056 0.00 0.0M
399480.000 1964 COM2 65 0R0 260 3.7 24.4 58.1 1.0056 0.00 0.0M
399540.000 1964 COM2 65 0R0 289 2.9 24.4 57.0 1.0055 0.00 0.0M
399600.000 1964 COM2 65 0R0 203 1.2 24.2 58.3 1.0056 0.00 0.0M
399660.000 1964 COM2 65 0R0 295 3.4 24.2 58.3 1.0056 0.00 0.0M
399720.000 1964 COM2 65 0R0 285 2.3 24.3 57.9 1.0056 0.00 0.0M
399780.000 1964 COM2 65 0R0 305 2.9 24.2 58.3 1.0056 0.00 0.0M
399840.000 1964 COM2 65 0R0 256 2.6 24.2 58.2 1.0056 0.00 0.0M
399900.000 1964 COM2 65 0R0 228 0.9 24.3 57.7 1.0056 0.00 0.0M
399960.000 1964 COM2 65 0R0 256 1.8 24.3 58.3 1.0056 0.00 0.0M
400020.000 1964 COM2 65 0R0 282 4.5 24.4 58.5 1.0056 0.00 0.0M
400080.000 1964 COM2 65 0R0 266 2.9 24.5 57.8 1.0056 0.00 0.0M
400140.000 1964 COM2 65 0R0 256 2.1 24.5 57.5 1.0056 0.00 0.0M
400200.000 1964 COM2 65 0R0 264 0.9 24.5 57.5 1.0056 0.00 0.0M
400260.000 1964 COM2 65 0R0 304 1.8 24.5 58.2 1.0056 0.00 0.0M
400320.000 1964 COM2 65 0R0 245 1.9 24.6 57.5 1.0056 0.00 0.0M
400380.000 1964 COM2 65 0R0 163 0.4 24.7 57.5 1.0056 0.00 0.0M
400440.000 1964 COM2 65 0R0 258 2.5 24.8 57.6 1.0056 0.00 0.0M
400500.000 1964 COM2 65 0R0 239 0.8 24.9 56.8 1.0055 0.00 0.0M
400560.000 1964 COM2 65 0R0 273 3.1 24.9 57.1 1.0055 0.00 0.0M
400620.000 1964 COM2 65 0R0 286 3.0 24.8 57.4 1.0054 0.00 0.0M
400680.000 1964 COM2 65 0R0 180 1.2 24.7 57.5 1.0054 0.00 0.0M
400740.000 1964 COM2 65 0R0 251 0.8 24.6 58.5 1.0054 0.00 0.0M
400800.000 1964 COM2 65 0R0 274 3.3 24.6 58.4 1.0054 0.00 0.0M
400860.000 1964 COM2 65 0R0 304 2.0 24.7 58.5 1.0054 0.00 0.0M
400920.000 1964 COM2 65 0R0 259 2.8 24.8 57.7 1.0054 0.00 0.0M
400980.000 1964 COM2 65 0R0 288 2.6 24.8 57.1 1.0054 0.00 0.0M
401040.000 1964 COM2 65 0R0 207 1.1 24.7 58.0 1.0054 0.00 0.0M
401100.000 1964 COM2 65 0R0 241 1.7 24.7 58.2 1.0053 0.00 0.0M
401160.000 1964 COM2 65 0R0 276 3.1 24.8 58.3 1.0053 0.00 0.0M
401220.000 1964 COM2 65 0R0 260 0.7 24.9 56.4 1.0053 0.00 0.0M
401280.000 1964 COM2 65 0R0 333 1.0 24.9 57.0 1.0053 0.00 0.0M
401340.000 1964 COM2 65 0R0 290 1.0 24.9 57.0 1.0053 0.00 0.0M
401400.000 1964 COM2 65 0R0 324 1.4 24.9 56.9 1.0053 0.00 0.0M
401460.000 1964 COM2 65 0R0 300 3.3 25.0 56.4 1.0053 0.00 0.0M
401520.000 1964 COM2 65 0R0 354 1.9 25.0 55.3 1.0053 0.00 0.0M
401580.000 1964 COM2 65 0R0 296 4.5 25.0 55.6 1.0053 0.00 0.0M
401640.000 1964 COM2 65 0R0 259 1.3 24.9 55.6 1.0053 0.00 0.0M
401700.000 1964 COM2 65 0R0 296 2.7 24.9 56.4 1.0053 0.00 0.0M
401760.000 1964 COM2 65 0R0 274 1.7 25.0 56.2 1.0053 0.00 0.0M
401820.000 1964 COM2 65 0R0 279 4.1 24.9 56.4 1.0053 0.00 0.0M
401880.000 1964 COM2 65 0R0 289 1.6 24.8 56.6 1.0053 0.00 0.0M
401940.000 1964 COM2 65 0R0 257 2.9 24.7 57.3 1.0053 0.00 0.0M
402000.000 1964 COM2 65 0R0 278 1.7 24.7 57.6 1.0053 0.00 0.0M
402060.000 1964 COM2 65 0R0 266 1.8 24.8 57.2 1.0053 0.00 0.0M
402120.000 1964 COM2 65 0R0 294 2.8 24.8 56.7 1.0053 0.00 0.0M
402180.000 1964 COM2 65 0R0 293 7.5 24.9 57.1 1.0053 0.00 0.0M
402240.000 1964 COM2 65 0R0 252 2.2 25.0 56.0 1.0052 0.00 0.0M
402300.000 1964 COM2 65 0R0 279 5.5 24.9 56.8 1.0052 0.00 0.0M
402360.000 1964 COM2 65 0R0 277 4.5 24.9 56.4 1.0052 0.00 0.0M
402420.000 1964 COM2 65 0R0 266 3.1 24.9 56.4 1.0052 0.00 0.0M
402480.000 1964 COM2 65 0R0 288 3.2 24.8 57.0 1.0052 0.00 0.0M
402540.000 1964 COM2 65 0R0 238 3.0 24.8 56.7 1.0052 0.00 0.0M
402600.000 1964 COM2 65 0R0 228 1.1 24.8 56.7 1.0052 0.00 0.0M
402660.000 1964 COM2 65 0R0 277 4.4 24.8 56.4 1.0052 0.00 0.0M
402720.000 1964 COM2 65 0R0 288 4.6 24.9 56.1 1.0052 0.00 0.0M
402780.000 1964 COM2 65 0R0 291 3.6 24.9 55.8 1.0052 0.00 0.0M
402840.000 1964 COM2 65 0R0 305 4.1 24.9 55.8 1.0052 0.00 0.0M
402900.000 1964 COM2 65 0R0 255 1.1 25.0 55.5 1.0051 0.00 0.0M
402960.000 1964 COM2 65 0R0 268 1.4 24.9 56.1 1.0051 0.00 0.0M
403020.000 1964 COM2 65 0R0 277 2.1 25.0 56.0 1.0051 0.00 0.0M
403080.000 1964 COM2 65 0R0 289 3.8 25.1 55.8 1.0051 0.00 0.0M
403140.000 1964 COM2 65 0R0 292 3.3 25.2 56.1 1.0051 0.00 0.0M
403200.000 1964 COM2 65 0R0 303 2.8 25.1 54.2 1.0051 0.00 0.0M
403260.000 1964 COM2 65 0R0 199 0.9 25.1 54.8 1.0051 0.00 0.0M
403320.000 1964 COM2 65 0R0 285 1.8 25.2 55.0 1.0050 0.00 0.0M
403380.000 1964 COM2 65 0R0 295 4.8 25.3 55.0 1.0050 0.00 0.0M
403440.000 1964 COM2 65 0R0 292 2.0 25.3 53.9 1.0050 0.00 0.0M
403500.000 1964 COM2 65 0R0 274 3.4 25.2 55.2 1.0050 0.00 0.0M
403560.000 1964 COM2 65 0R0 300 1.8 25.2 54.8 1.0050 0.00 0.0M
403620.000 1964 COM2 65 0R0 313 3.3 25.2 55.6 1.0050 0.00 0.0M
403680.000 1964 COM2 65 0R0 005 0.5 25.3 53.7 1.0050 0.00 0.0M
403740.000 1964 COM2 65 0R0 245 0.9 25.4 55.4 1.0050 0.00 0.0M
403800.000 1964 COM2 65 0R0 202 1.7 25.6 54.8 1.0050 0.00 0.0M
403860.000 1964 COM2 65 0R0 284 3.4 25.9 54.1 1.0050 0.00 0.0M
403920.000 1964 COM2 65 0R0 236 1.8 26.0 53.7 1.0050 0.00 0.0M
403980.000 1964 COM2 65 0R0 282 5.1 26.0 52.6 1.0050 0.00 0.0M
404040.000 1964 COM2 65 0R0 296 3.6 25.9 51.5 1.0050 0.00 0.0M
404100.000 1964 COM2 65 0R0 266 2.1 25.8 51.8 1.0050 0.00 0.0M
404160.000 1964 COM2 65 0R0 038 0.7 25.7 52.6 1.0050 0.00 0.0M
404220.000 1964 COM2 65 0R0 328 2.3 25.8 52.4 1.0050 0.00 0.0M
404280.000 1964 COM2 65 0R0 258 1.5 25.9 50.8 1.0049 0.00 0.0M
404340.000 1964 COM2 65 0R0 283 4.2 25.9 51.6 1.0049 0.00 0.0M
404400.000 1964 COM2 65 0R0 265 2.0 25.9 51.7 1.0049 0.00 0.0M
404460.000 1964 COM2 65 0R0 286 2.9 25.9 51.4 1.0050 0.00 0.0M
404520.100 1964 COM2 65 0R0 011 1.3 25.9 51.9 1.0050 0.00 0.0M
404580.000 1964 COM2 65 0R0 231 1.0 25.8 51.8 1.0049 0.00 0.0M
404640.000 1964 COM2 65 0R0 018 1.1 25.8 51.6 1.0049 0.00 0.0M
404700.000 1964 COM2 65 0R0 007 1.5 26.0 51.3 1.0049 0.00 0.0M
404760.000 1964 COM2 65 0R0 338 1.1 26.1 50.6 1.0049 0.00 0.0M
404820.000 1964 COM2 65 0R0 012 0.5 26.0 50.7 1.0048 0.00 0.0M
404880.000 1964 COM2 65 0R0 140 0.3 25.9 50.8 1.0048 0.00 0.0M
404940.000 1964 COM2 65 0R0 281 5.9 25.9 50.9 1.0048 0.00 0.0M
405000.000 1964 COM2 65 0R0 207 0.9 26.0 49.9 1.0048 0.00 0.0M
405060.000 1964 COM2 65 0R0 055 0.3 25.9 50.8 1.0048 0.00 0.0M
405120.000 1964 COM2 65 0R0 275 3.0 25.9 50.8 1.0048 0.00 0.0M
405180.000 1964 COM2 65 0R0 304 1.8 25.9 50.8 1.0048 0.00 0.0M
405240.000 1964 COM2 65 0R0 243 0.8 25.7 51.6 1.0048 0.00 0.0M
405300.000 1964 COM2 65 0R0 311 2.8 25.7 52.0 1.0048 0.00 0.0M
405360.000 1964 COM2 65 0R0 313 2.6 25.8 50.1 1.0048 0.00 0.0M
405420.000 1964 COM2 65 0R0 195 1.3 25.9 50.8 1.0048 0.00 0.0M
405480.000 1964 COM2 65 0R0 307 2.1 26.0 51.2 1.0047 0.00 0.0M
405540.000 1964 COM2 65 0R0 213 1.1 26.1 50.8 1.0047 0.00 0.0M
405600.000 1964 COM2 65 0R0 295 6.0 26.2 50.6 1.0047 0.00 0.0M
405660.000 1964 COM2 65 0R0 309 1.6 26.3 50.2 1.0047 0.00 0.0M
405720.000 1964 COM2 65 0R0 207 0.7 26.0 51.2 1.0047 0.00 0.0M
405780.000 1964 COM2 65 0R0 079 0.6 25.9 51.2 1.0047 0.00 0.0M
405840.000 1964 COM2 65 0R0 265 3.6 26.0 51.1 1.0046 0.00 0.0M
405900.000 1964 COM2 65 0R0 235 2.1 26.1 51.4 1.0047 0.00 0.0M
405960.000 1964 COM2 65 0R0 290 4.6 26.2 50.7 1.0047 0.00 0.0M
406020.000 1964 COM2 65 0R0 294 2.0 26.3 50.1 1.0047 0.00 0.0M
406080.000 1964 COM2 65 0R0 291 3.8 26.3 50.9 1.0047 0.00 0.0M
406140.000 1964 COM2 65 0R0 287 4.6 26.3 51.7 1.0047 0.00 0.0M
406200.000 1964 COM2 65 0R0 315 0.9 26.3 50.4 1.0047 0.00 0.0M
406260.000 1964 COM2 65 0R0 334 0.7 26.3 50.5 1.0048 0.00 0.0M
406320.000 1964 COM2 65 0R0 198 1.0 26.2 50.5 1.0047 0.00 0.0M
406380.000 1964 COM2 65 0R0 344 4.0 26.1 51.0 1.0047 0.00 0.0M
406440.000 1964 COM2 65 0R0 319 1.9 26.0 50.8 1.0047 0.00 0.0M
406500.000 1964 COM2 65 0R0 325 1.1 25.9 51.5 1.0047 0.00 0.0M
406560.000 1964 COM2 65 0R0 316 2.1 25.9 51.7 1.0046 0.00 0.0M
406620.000 1964 COM2 65 0R0 241 2.3 26.0 51.4 1.0047 0.00 0.0M
406680.000 1964 COM2 65 0R0 313 3.0 26.1 51.8 1.0047 0.00 0.0M
406740.000 1964 COM2 65 0R0 288 4.0 26.2 51.4 1.0047 0.00 0.0M
406800.000 1964 COM2 65 0R0 287 0.4 26.2 51.4 1.0047 0.00 0.0M
406860.000 1964 COM2 65 0R0 255 3.3 26.2 51.6 1.0047 0.00 0.0M
406920.000 1964 COM2 65 0R0 286 4.3 26.2 51.6 1.0047 0.00 0.0M
406980.000 1964 COM2 65 0R0 315 0.9 26.2 50.8 1.0047 0.00 0.0M
407040.000 1964 COM2 65 0R0 281 2.1 26.0 51.8 1.0047 0.00 0.0M
407100.000 1964 COM2 65 0R0 287 2.4 26.0 52.1 1.0047 0.00 0.0M
407160.000 1964 COM2 65 0R0 208 1.5 26.0 51.4 1.0046 0.00 0.0M
407220.000 1964 COM2 65 0R0 257 2.7 26.1 51.6 1.0046 0.00 0.0M
407280.000 1964 COM2 65 0R0 276 2.0 26.1 50.3 1.0046 0.00 0.0M
407340.000 1964 COM2 65 0R0 250 1.0 26.1 51.5 1.0046 0.00 0.0M
407400.000 1964 COM2 65 0R0 314 1.1 26.0 52.2 1.0046 0.00 0.0M
407460.000 1964 COM2 65 0R0 222 1.5 26.0 51.2 1.0046 0.00 0.0M
407520.000 1964 COM2 65 0R0 244 2.8 26.2 51.2 1.0046 0.00 0.0M
407580.000 1964 COM2 65 0R0 272 1.4 26.4 50.6 1.0046 0.00 0.0M
407640.000 1964 COM2 65 0R0 281 1.3 26.5 50.6 1.0046 0.00 0.0M
407700.000 1964 COM2 65 0R0 259 3.2 26.6 50.8 1.0046 0.00 0.0M
407760.000 1964 COM2 65 0R0 242 3.0 26.7 50.2 1.0047 0.00 0.0M
407820.000 1964 COM2 65 0R0 263 3.2 26.7 48.9 1.0046 0.00 0.0M
407880.000 1964 COM2 65 0R0 285 3.5 26.6 49.0 1.0046 0.00 0.0M
407940.000 1964 COM2 65 0R0 190 1.2 26.6 49.1 1.0046 0.00 0.0M
408000.000 1964 COM2 65 0R0 288 3.0 26.5 49.9 1.0046 0.00 0.0M
408060.000 1964 COM2 65 0R0 231 0.5 26.5 49.8 1.0046 0.00 0.0M
408120.000 1964 COM2 65 0R0 260 2.3 26.6 50.2 1.0046 0.00 0.0M
408180.000 1964 COM2 65 0R0 290 2.6 26.7 49.5 1.0046 0.00 0.0M
408240.000 1964 COM2 65 0R0 228 1.3 26.7 48.9 1.0045 0.00 0.0M
408300.000 1964 COM2 65 0R0 293 3.8 26.8 49.6 1.0045 0.00 0.0M
408360.000 1964 COM2 65 0R0 286 4.4 26.7 49.6 1.0045 0.00 0.0M
408420.000 1964 COM2 65 0R0 270 3.7 26.5 49.9 1.0044 0.00 0.0M
408480.000 1964 COM2 65 0R0 281 4.0 26.4 49.9 1.0044 0.00 0.0M
408540.000 1964 COM2 65 0R0 290 4.5 26.4 49.6 1.0044 0.00 0.0M
408600.000 1964 COM2 65 0R0 274 3.5 26.4 48.7 1.0045 0.00 0.0M
408660.000 1964 COM2 65 0R0 275 4.1 26.4 49.0 1.0044 0.00 0.0M
408720.000 1964 COM2 65 0R0 296 1.9 26.4 49.1 1.0044 0.00 0.0M
408780.000 1964 COM2 65 0R0 229 1.6 26.5 48.9 1.0044 0.00 0.0M
408840.000 1964 COM2 65 0R0 253 2.8 26.6 48.6 1.0044 0.00 0.0M
408900.000 1964 COM2 65 0R0 279 3.0 26.6 48.6 1.0044 0.00 0.0M
408960.000 1964 COM2 65 0R0 284 3.6 26.6 49.0 1.0044 0.00 0.0M
409020.000 1964 COM2 65 0R0 309 5.0 26.8 47.4 1.0044 0.00 0.0M
409080.000 1964 COM2 65 0R0 277 4.0 26.7 48.0 1.0045 0.00 0.0M
409140.000 1964 COM2 65 0R0 257 1.2 26.5 48.7 1.0045 0.00 0.0M
409200.000 1964 COM2 65 0R0 307 2.1 26.5 49.0 1.0044 0.00 0.0M
409260.000 1964 COM2 65 0R0 270 4.0 26.5 49.8 1.0044 0.00 0.0M
409320.000 1964 COM2 65 0R0 188 2.2 26.7 49.0 1.0044 0.00 0.0M
409380.000 1964 COM2 65 0R0 241 1.8 26.8 48.7 1.0044 0.00 0.0M
409440.000 1964 COM2 65 0R0 269 2.8 26.9 48.5 1.0044 0.00 0.0M
409500.000 1964 COM2 65 0R0 234 1.8 26.9 48.4 1.0044 0.00 0.0M
409560.000 1964 COM2 65 0R0 254 1.2 27.0 48.2 1.0044 0.00 0.0M
409620.000 1964 COM2 65 0R0 276 4.1 27.0 48.2 1.0044 0.00 0.0M
409680.000 1964 COM2 65 0R0 273 3.4 26.9 47.6 1.0044 0.00 0.0M
409740.000 1964 COM2 65 0R0 293 2.5 26.7 48.3 1.0043 0.00 0.0M
409800.000 1964 COM2 65 0R0 234 1.6 26.7 48.8 1.0043 0.00 0.0M
409860.000 1964 COM2 65 0R0 265 1.6 26.8 48.9 1.0043 0.00 0.0M
409920.000 1964 COM2 65 0R0 211 1.4 27.0 47.9 1.0042 0.00 0.0M
409980.000 1964 COM2 65 0R0 268 4.8 27.0 48.2 1.0042 0.00 0.0M
410040.000 1964 COM2 65 0R0 250 1.4 27.2 47.1 1.0042 0.00 0.0M
410100.000 1964 COM2 65 0R0 307 4.0 27.2 47.3 1.0042 0.00 0.0M
410160.000 1964 COM2 65 0R0 219 1.3 27.3 46.5 1.0042 0.00 0.0M
410220.000 1964 COM2 65 0R0 281 4.0 27.3 47.1 1.0043 0.00 0.0M
410280.000 1964 COM2 65 0R0 264 2.3 27.3 46.4 1.0043 0.00 0.0M
410340.000 1964 COM2 65 0R0 219 2.1 27.2 47.2 1.0043 0.00 0.0M
410400.000 1964 COM2 65 0R0 211 1.3 27.2 47.0 1.0042 0.00 0.0M
410460.000 1964 COM2 65 0R0 231 1.6 27.2 47.5 1.0043 0.00 0.0M
410520.000 1964 COM2 65 0R0 258 3.5 27.4 46.9 1.0043 0.00 0.0M
410580.000 1964 COM2 65 0R0 291 2.3 27.5 46.2 1.0043 0.00 0.0M
410640.000 1964 COM2 65 0R0 258 3.5 27.4 46.7 1.0043 0.00 0.0M
410700.000 1964 COM2 65 0R0 256 3.1 27.3 46.7 1.0043 0.00 0.0M
410760.000 1964 COM2 65 0R0 270 4.0 27.1 46.9 1.0043 0.00 0.0M
410820.000 1964 COM2 65 0R0 259 3.3 27.0 47.0 1.0043 0.00 0.0M
410880.000 1964 COM2 65 0R0 249 2.6 26.8 47.0 1.0043 0.00 0.0M
410940.000 1964 COM2 65 0R0 207 1.9 26.8 47.6 1.0043 0.00 0.0M
411000.000 1964 COM2 65 0R0 286 2.7 26.7 47.9 1.0043 0.00 0.0M
411060.000 1964 COM2 65 0R0 017 0.7 26.7 47.6 1.0043 0.00 0.0M
411120.000 1964 COM2 65 0R0 267 1.2 26.7 47.4 1.0043 0.00 0.0M
411180.000 1964 COM2 65 0R0 215 0.8 26.8 47.4 1.0042 0.00 0.0M
411240.000 1964 COM2 65 0R0 306 2.1 26.9 47.4 1.0042 0.00 0.0M
411300.000 1964 COM2 65 0R0 234 0.9 26.9 46.7 1.0042 0.00 0.0M
411360.000 1964 COM2 65 0R0 293 3.9 26.8 47.7 1.0042 0.00 0.0M
411420.000 1964 COM2 65 0R0 294 4.3 26.8 47.8 1.0041 0.00 0.0M
411480.000 1964 COM2 65 0R0 281 2.0 26.7 47.8 1.0041 0.00 0.0M
411540.000 1964 COM2 65 0R0 289 1.5 26.6 48.1 1.0041 0.00 0.0M
411600.000 1964 COM2 65 0R0 291 0.4 26.6 48.4 1.0041 0.00 0.0M
411660.000 1964 COM2 65 0R0 281 2.6 26.5 48.2 1.0041 0.00 0.0M
411720.000 1964 COM2 65 0R0 303 2.9 26.5 48.3 1.0040 0.00 0.0M
411780.000 1964 COM2 65 0R0 305 1.5 26.4 48.4 1.0040 0.00 0.0M
411840.000 1964 COM2 65 0R0 289 1.7 26.4 48.8 1.0040 0.00 0.0M
411900.000 1964 COM2 65 0R0 283 3.6 26.5 48.7 1.0039 0.00 0.0M
411960.000 1964 COM2 65 0R0 308 1.1 26.6 48.2 1.0039 0.00 0.0M
412020.000 1964 COM2 65 0R0 344 3.0 26.7 48.3 1.0039 0.00 0.0M
412080.000 1964 COM2 65 0R0 344 0.6 26.7 46.8 1.0039 0.00 0.0M
412140.000 1964 COM2 65 0R0 303 2.9 26.8 48.0 1.0039 0.00 0.0M
412200.000 1964 COM2 65 0R0 232 1.2 26.8 47.6 1.0039 0.00 0.0M
412260.000 1964 COM2 65 0R0 254 2.1 26.9 48.4 1.0039 0.00 0.0M
412320.000 1964 COM2 65 0R0 304 4.5 27.1 47.4 1.0039 0.00 0.0M
412380.000 1964 COM2 65 0R0 259 3.2 27.2 46.3 1.0039 0.00 0.0M
412440.000 1964 COM2 65 0R0 281 3.8 27.2 47.1 1.0038 0.00 0.0M
412500.000 1964 COM2 65 0R0 291 4.7 27.3 46.4 1.0039 0.00 0.0M
412560.000 1964 COM2 65 0R0 348 1.9 27.4 45.6 1.0038 0.00 0.0M
412680.000 1964 COM2 21 0T Unknown cmd error
412740.000 1964 COM2 65 0R0 348 2.1 27.2 46.2 1.0037 0.00 0.0M
412800.000 1964 COM2 65 0R0 269 4.1 27.4 45.0 1.0037 0.00 0.0M
412860.000 1964 COM2 65 0R0 226 1.0 27.6 45.8 1.0037 0.00 0.0M
412920.000 1964 COM2 65 0R0 264 3.9 27.7 46.0 1.0037 0.00 0.0M
412980.100 1964 COM2 65 0R0 298 3.8 27.8 45.2 1.0038 0.00 0.0M
413040.000 1964 COM2 65 0R0 274 2.4 27.6 44.8 1.0037 0.00 0.0M
413100.000 1964 COM2 65 0R0 320 2.4 27.2 46.2 1.0038 0.00 0.0M
413160.000 1964 COM2 65 0R0 243 2.1 27.1 46.1 1.0038 0.00 0.0M
413220.000 1964 COM2 65 0R0 280 6.2 27.0 46.4 1.0038 0.00 0.0M
413280.000 1964 COM2 65 0R0 297 3.6 27.0 45.8 1.0038 0.00 0.0M
413340.000 1964 COM2 65 0R0 275 5.5 26.9 46.4 1.0038 0.00 0.0M
413400.000 1964 COM2 65 0R0 306 1.0 26.9 45.5 1.0038 0.00 0.0M
413460.000 1964 COM2 65 0R0 269 2.9 26.8 46.5 1.0038 0.00 0.0M
413520.000 1964 COM2 65 0R0 252 1.2 26.9 46.4 1.0038 0.00 0.0M
413580.000 1964 COM2 65 0R0 290 1.3 27.0 46.9 1.0038 0.00 0.0M
413640.000 1964 COM2 65 0R0 169 0.8 27.1 46.6 1.0038 0.00 0.0M
413700.000 1964 COM2 65 0R0 277 1.6 27.2 46.5 1.0038 0.00 0.0M
413760.000 1964 COM2 65 0R0 276 5.0 27.3 45.8 1.0038 0.00 0.0M
413820.000 1964 COM2 65 0R0 311 2.7 27.2 46.2 1.0038 0.00 0.0M
413880.000 1964 COM2 65 0R0 291 3.7 27.1 46.1 1.0038 0.00 0.0M
413940.000 1964 COM2 65 0R0 243 0.4 26.9 46.7 1.0038 0.00 0.0M
414000.000 1964 COM2 65 0R0 284 3.2 26.9 46.9 1.0038 0.00 0.0M
414060.000 1964 COM2 65 0R0 261 2.1 26.9 47.4 1.0038 0.00 0.0M
414120.000 1964 COM2 65 0R0 305 3.2 27.0 47.1 1.0037 0.00 0.0M
414180.100 1964 COM2 65 0R0 338 2.2 27.0 46.7 1.0037 0.00 0.0M
414240.000 1964 COM2 65 0R0 281 1.2 27.0 47.2 1.0037 0.00 0.0M
414300.000 1964 COM2 65 0R0 272 1.1 27.0 47.3 1.0037 0.00 0.0M
414360.000 1964 COM2 65 0R0 284 1.8 27.2 47.0 1.0037 0.00 0.0M
414420.000 1964 COM2 65 0R0 054 0.8 27.3 46.6 1.0037 0.00 0.0M
414480.000 1964 COM2 65 0R0 261 2.0 27.4 46.5 1.0037 0.00 0.0M
414540.000 1964 COM2 65 0R0 020 1.0 27.5 46.0 1.0037 0.00 0.0M
414600.000 1964 COM2 65 0R0 357 1.2 27.6 46.0 1.0037 0.00 0.0M
414660.000 1964 COM2 65 0R0 270 2.6 27.6 45.9 1.0037 0.00 0.0M
414720.000 1964 COM2 65 0R0 268 3.0 27.7 45.4 1.0036 0.00 0.0M
414780.000 1964 COM2 65 0R0 301 0.9 27.6 45.9 1.0037 0.00 0.0M
414840.000 1964 COM2 65 0R0 299 2.2 27.6 46.1 1.0037 0.00 0.0M
414900.000 1964 COM2 65 0R0 030 1.3 27.7 46.2 1.0037 0.00 0.0M
414960.000 1964 COM2 65 0R0 222 1.1 27.6 45.3 1.0037 0.00 0.0M
415020.000 1964 COM2 65 0R0 278 1.8 27.5 45.7 1.0037 0.00 0.0M
415080.000 1964 COM2 65 0R0 242 1.5 27.5 45.4 1.0037 0.00 0.0M
415140.000 1964 COM2 65 0R0 292 2.4 27.5 45.4 1.0037 0.00 0.0M
415200.000 1964 COM2 65 0R0 264 2.8 27.5 45.6 1.0037 0.00 0.0M
415260.000 1964 COM2 65 0R0 281 6.8 27.5 45.5 1.0037 0.00 0.0M
415320.000 1964 COM2 65 0R0 265 3.5 27.4 45.6 1.0036 0.00 0.0M
415380.000 1964 COM2 65 0R0 284 2.1 27.3 46.3 1.0036 0.00 0.0M
415440.000 1964 COM2 65 0R0 312 4.2 27.2 46.2 1.0037 0.00 0.0M
415500.000 1964 COM2 65 0R0 270 4.7 27.2 45.8 1.0036 0.00 0.0M
415560.000 1964 COM2 65 0R0 280 4.9 27.2 45.8 1.0036 0.00 0.0M
415620.000 1964 COM2 65 0R0 288 6.4 27.1 46.1 1.0037 0.00 0.0M
415680.000 1964 COM2 65 0R0 351 1.5 27.0 46.7 1.0038 0.00 0.0M
415740.000 1964 COM2 65 0R0 307 0.6 26.8 47.3 1.0038 0.00 0.0M
415800.000 1964 COM2 65 0R0 336 1.4 26.7 48.1 1.0040 0.00 0.0M
415860.000 1964 COM2 65 0R0 004 1.6 26.6 49.6 1.0040 0.00 0.0M
415920.000 1964 COM2 65 0R0 014 6.2 26.3 50.8 1.0040 0.00 0.0M
415980.000 1964 COM2 65 0R0 076 2.2 26.0 51.1 1.0040 0.00 0.0M
416040.000 1964 COM2 65 0R0 062 2.0 25.3 52.7 1.0040 0.00 0.0M
416100.000 1964 COM2 65 0R0 005 1.6 24.9 53.8 1.0040 0.00 0.0M
416160.000 1964 COM2 65 0R0 025 2.6 24.5 55.1 1.0041 0.00 0.0M
416220.200 1964 COM2 65 0R0 033 4.7 24.2 56.0 1.0040 0.00 0.0M
416280.000 1964 COM2 65 0R0 351 1.7 24.0 56.4 1.0040 0.00 0.0M
416340.000 1964 COM2 65 0R0 013 1.8 23.9 56.6 1.0041 0.00 0.0M
416400.000 1964 COM2 65 0R0 346 4.2 23.8 57.4 1.0041 0.00 0.0M
416460.000 1964 COM2 65 0R0 345 4.1 23.8 57.9 1.0041 0.01 0.0M
416520.000 1964 COM2 65 0R0 028 3.3 23.7 58.4 1.0041 0.01 0.0M
416580.000 1964 COM2 65 0R0 312 1.8 23.6 59.4 1.0041 0.00 0.0M
416640.000 1964 COM2 65 0R0 320 0.6 23.6 59.9 1.0041 0.03 0.0M
416700.000 1964 COM2 65 0R0 337 0.8 23.6 60.6 1.0041 0.02 0.0M
416760.000 1964 COM2 65 0R0 004 2.0 23.6 61.7 1.0040 0.06 0.0M
416820.000 1964 COM2 65 0R0 068 0.8 23.7 62.1 1.0040 0.00 0.0M
416880.000 1964 COM2 65 0R0 315 0.5 23.7 63.7 1.0040 0.00 0.0M
416940.000 1964 COM2 65 0R0 064 1.1 23.6 62.6 1.0039 0.00 0.0M
417000.000 1964 COM2 65 0R0 345 1.3 23.6 63.3 1.0040 0.00 0.0M
417060.000 1964 COM2 65 0R0 008 1.1 23.5 61.7 1.0040 0.00 0.0M
417120.000 1964 COM2 65 0R0 040 2.7 23.5 63.0 1.0040 0.00 0.0M
417180.000 1964 COM2 65 0R0 033 1.8 23.4 62.3 1.0039 0.00 0.0M
417240.000 1964 COM2 65 0R0 341 3.5 23.3 64.1 1.0039 0.00 0.0M
417300.000 1964 COM2 65 0R0 328 0.8 23.3 62.3 1.0039 0.00 0.0M
417360.000 1964 COM2 65 0R0 358 2.3 23.2 63.2 1.0039 0.00 0.0M
417420.000 1964 COM2 65 0R0 001 2.1 23.2 62.6 1.0039 0.00 0.0M
417480.000 1964 COM2 65 0R0 345 2.6 23.2 63.2 1.0039 0.00 0.0M
417540.000 1964 COM2 65 0R0 324 0.5 23.2 61.3 1.0039 0.00 0.0M
417600.000 1964 COM2 65 0R0 329 0.6 23.3 62.9 1.0039 0.00 0.0M
417660.000 1964 COM2 65 0R0 359 2.3 23.3 62.4 1.0039 0.00 0.0M
417720.000 1964 COM2 65 0R0 026 0.6 23.4 62.0 1.0039 0.00 0.0M
417780.000 1964 COM2 65 0R0 341 4.1 23.4 62.6 1.0039 0.00 0.0M
417840.100 1964 COM2 65 0R0 355 0.9 23.5 60.8 1.0039 0.00 0.0M
417900.000 1964 COM2 65 0R0 354 1.6 23.5 63.1 1.0039 0.00 0.0M
417960.000 1964 COM2 65 0R0 347 2.8 23.5 62.2 1.0039 0.00 0.0M
418020.000 1964 COM2 65 0R0 344 0.5 23.5 62.0 1.0039 0.00 0.0M
418080.000 1964 COM2 65 0R0 322 1.6 23.5 61.9 1.0039 0.00 0.0M
418140.000 1964 COM2 65 0R0 342 1.7 23.5 62.7 1.0040 0.00 0.0M
418200.000 1964 COM2 65 0R0 347 2.5 23.5 61.7 1.0040 0.00 0.0M
418260.000 1964 COM2 65 0R0 014 2.2 23.5 61.7 1.0040 0.00 0.0M
418320.000 1964 COM2 65 0R0 024 2.0 23.5 62.1 1.0040 0.00 0.0M
418380.000 1964 COM2 65 0R0 000 1.7 23.5 61.9 1.0040 0.00 0.0M
418440.000 1964 COM2 65 0R0 090 0.5 23.5 62.1 1.0040 0.00 0.0M
418500.000 1964 COM2 65 0R0 344 2.4 23.5 62.1 1.0040 0.00 0.0M
418560.000 1964 COM2 65 0R0 040 0.7 23.5 61.6 1.0040 0.00 0.0M
418620.000 1964 COM2 65 0R0 343 1.3 23.5 61.8 1.0040 0.00 0.0M
418680.000 1964 COM2 65 0R0 079 0.3 23.6 61.3 1.0040 0.00 0.0M
418740.000 1964 COM2 65 0R0 300 1.1 23.6 61.5 1.0040 0.00 0.0M
418800.000 1964 COM2 65 0R0 022 1.7 23.7 61.2 1.0040 0.00 0.0M
418860.000 1964 COM2 65 0R0 130 0.8 23.8 61.0 1.0040 0.00 0.0M
418920.000 1964 COM2 65 0R0 327 1.4 23.8 60.5 1.0040 0.00 0.0M
418980.000 1964 COM2 65 0R0 323 1.5 23.8 60.3 1.0040 0.00 0.0M
419040.000 1964 COM2 65 0R0 348 1.8 23.8 60.0 1.0040 0.00 0.0M
419100.000 1964 COM2 65 0R0 346 1.5 23.8 60.4 1.0040 0.00 0.0M
419160.000 1964 COM2 65 0R0 021 0.8 23.9 60.6 1.0040 0.00 0.0M
419220.000 1964 COM2 65 0R0 347 0.8 23.9 60.5 1.0040 0.00 0.0M
419280.000 1964 COM2 65 0R0 349 0.5 23.9 60.6 1.0040 0.00 0.0M
419340.000 1964 COM2 65 0R0 311 1.9 24.0 60.6 1.0040 0.00 0.0M
419400.000 1964 COM2 65 0R0 354 1.6 24.1 60.1 1.0040 0.00 0.0M
419460.000 1964 COM2 65 0R0 355 1.4 24.2 59.3 1.0040 0.00 0.0M
419520.000 1964 COM2 65 0R0 028 3.0 24.3 59.3 1.0040 0.00 0.0M
419580.000 1964 COM2 65 0R0 344 3.9 24.4 59.0 1.0040 0.00 0.0M
419640.000 1964 COM2 65 0R0 338 3.2 24.4 57.4 1.0040 0.00 0.0M
419700.000 1964 COM2 65 0R0 302 5.5 24.3 57.5 1.0040 0.00 0.0M
419760.000 1964 COM2 65 0R0 022 1.2 24.2 58.3 1.0039 0.00 0.0M
419820.000 1964 COM2 65 0R0 333 1.5 24.1 58.7 1.0040 0.00 0.0M
419880.000 1964 COM2 65 0R0 311 1.2 24.2 58.5 1.0040 0.00 0.0M
419940.000 1964 COM2 65 0R0 335 2.0 24.2 58.6 1.0040 0.00 0.0M
420000.000 1964 COM2 65 0R0 338 2.7 24.3 58.3 1.0040 0.00 0.0M
420060.000 1964 COM2 65 0R0 040 1.3 24.3 57.9 1.0040 0.00 0.0M
420120.000 1964 COM2 65 0R0 030 2.0 24.3 58.9 1.0041 0.00 0.0M
420180.000 1964 COM2 65 0R0 076 0.6 24.3 58.9 1.0041 0.00 0.0M
420240.000 1964 COM2 65 0R0 353 1.0 24.4 58.4 1.0040 0.00 0.0M
420300.000 1964 COM2 65 0R0 029 1.4 24.6 58.1 1.0041 0.00 0.0M
420360.000 1964 COM2 65 0R0 092 0.6 24.7 57.9 1.0041 0.00 0.0M
420420.000 1964 COM2 65 0R0 002 0.4 24.8 57.7 1.0041 0.00 0.0M
420480.100 1964 COM2 65 0R0 113 1.3 24.9 57.7 1.0040 0.00 0.0M
420540.000 1964 COM2 65 0R0 064 1.2 25.0 56.6 1.0040 0.00 0.0M
420600.000 1964 COM2 65 0R0 016 2.8 25.1 56.2 1.0041 0.00 0.0M
420660.000 1964 COM2 65 0R0 347 1.5 25.0 55.9 1.0040 0.00 0.0M
420720.000 1964 COM2 65 0R0 038 2.9 24.8 56.6 1.0040 0.00 0.0M
420780.000 1964 COM2 65 0R0 016 2.1 24.6 57.0 1.0040 0.00 0.0M
420840.000 1964 COM2 65 0R0 312 3.0 24.4 57.7 1.0040 0.00 0.0M
420900.000 1964 COM2 65 0R0 011 2.6 24.3 57.2 1.0040 0.00 0.0M
420960.000 1964 COM2 65 0R0 339 3.2 24.2 58.3 1.0040 0.00 0.0M
421020.000 1964 COM2 65 0R0 056 0.7 24.2 58.2 1.0040 0.00 0.0M
421080.000 1964 COM2 65 0R0 000 1.3 24.2 58.7 1.0040 0.00 0.0M
421140.000 1964 COM2 65 0R0 356 0.7 24.2 58.7 1.0040 0.00 0.0M
421200.000 1964 COM2 65 0R0 284 1.4 24.3 58.3 1.0040 0.00 0.0M
421260.000 1964 COM2 65 0R0 335 3.4 24.4 58.0 1.0040 0.00 0.0M
421320.000 1964 COM2 65 0R0 004 2.0 24.5 57.5 1.0040 0.00 0.0M
421380.000 1964 COM2 65 0R0 311 3.4 24.5 57.8 1.0040 0.00 0.0M
421440.000 1964 COM2 65 0R0 175 0.2 24.5 58.2 1.0040 0.00 0.0M
421500.000 1964 COM2 65 0R0 243 0.7 24.5 58.3 1.0040 0.00 0.0M
421560.000 1964 COM2 65 0R0 343 2.3 24.5 58.4 1.0040 0.00 0.0M
421620.000 1964 COM2 65 0R0 070 1.6 24.6 57.7 1.0040 0.00 0.0M
421680.000 1964 COM2 65 0R0 240 0.4 24.7 58.0 1.0040 0.00 0.0M
421740.000 1964 COM2 65 0R0 329 2.3 24.7 58.1 1.0040 0.00 0.0M
421800.000 1964 COM2 65 0R0 350 1.0 24.8 56.6 1.0040 0.00 0.0M
421860.000 1964 COM2 65 0R0 344 0.9 24.8 57.1 1.0040 0.00 0.0M
421920.000 1964 COM2 65 0R0 322 2.7 24.8 57.1 1.0040 0.00 0.0M
421980.000 1964 COM2 65 0R0 019 1.3 24.7 57.0 1.0040 0.00 0.0M
422040.000 1964 COM2 65 0R0 041 1.8 24.6 57.3 1.0040 0.00 0.0M
422100.000 1964 COM2 65 0R0 339 1.2 24.5 58.1 1.0040 0.00 0.0M
422160.000 1964 COM2 65 0R0 127 0.8 24.6 57.9 1.0040 0.00 0.0M
422220.000 1964 COM2 65 0R0 335 2.1 24.7 57.8 1.0040 0.00 0.0M
422280.000 1964 COM2 65 0R0 053 1.1 24.8 57.5 1.0040 0.00 0.0M
422340.000 1964 COM2 65 0R0 085 0.3 24.8 57.2 1.0040 0.00 0.0M
422400.000 1964 COM2 65 0R0 010 1.3 24.7 57.7 1.0040 0.00 0.0M
422460.000 1964 COM2 65 0R0 062 1.5 24.7 57.6 1.0040 0.00 0.0M
422520.000 1964 COM2 65 0R0 356 2.2 24.8 57.4 1.0040 0.00 0.0M
422580.000 1964 COM2 65 0R0 016 2.9 24.7 57.4 1.0039 0.00 0.0M
422640.000 1964 COM2 65 0R0 009 2.5 24.7 57.0 1.0039 0.00 0.0M
422700.000 1964 COM2 65 0R0 026 1.7 24.7 56.9 1.0039 0.00 0.0M
422760.000 1964 COM2 65 0R0 274 0.8 24.6 57.6 1.0039 0.00 0.0M
422820.000 1964 COM2 65 0R0 334 1.3 24.5 57.9 1.0039 0.00 0.0M
422880.000 1964 COM2 65 0R0 334 1.1 24.6 57.9 1.0039 0.00 0.0M
422940.000 1964 COM2 65 0R0 299 3.3 24.6 58.2 1.0039 0.00 0.0M
423000.000 1964 COM2 65 0R0 303 3.7 24.6 58.0 1.0039 0.00 0.0M
423060.000 1964 COM2 65 0R0 355 1.6 24.6 57.5 1.0039 0.00 0.0M
423120.000 1964 COM2 65 0R0 304 0.6 24.6 57.3 1.0039 0.00 0.0M
423180.000 1964 COM2 65 0R0 305 3.1 24.5 57.9 1.0040 0.00 0.0M
423240.000 1964 COM2 65 0R0 344 5.6 24.5 57.6 1.0040 0.00 0.0M
423300.000 1964 COM2 65 0R0 335 2.8 24.4 57.3 1.0040 0.00 0.0M
423360.000 1964 COM2 65 0R0 037 0.5 24.3 57.4 1.0041 0.00 0.0M
423420.000 1964 COM2 65 0R0 332 4.0 24.2 57.7 1.0041 0.00 0.0M
423480.000 1964 COM2 65 0R0 339 3.6 24.1 57.6 1.0041 0.00 0.0M
423540.000 1964 COM2 65 0R0 336 3.2 24.0 58.5 1.0041 0.00 0.0M
423600.000 1964 COM2 65 0R0 344 2.1 24.0 59.0 1.0041 0.00 0.0M
423660.000 1964 COM2 65 0R0 315 2.3 23.9 59.2 1.0041 0.00 0.0M
423720.000 1964 COM2 65 0R0 352 0.9 23.9 59.5 1.0041 0.00 0.0M
423780.000 1964 COM2 65 0R0 339 0.9 23.9 59.9 1.0041 0.00 0.0M
423840.000 1964 COM2 65 0R0 357 0.5 23.9 59.9 1.0042 0.00 0.0M
423900.000 1964 COM2 65 0R0 023 0.9 23.9 59.9 1.0042 0.00 0.0M
423960.000 1964 COM2 65 0R0 344 1.8 23.9 60.0 1.0042 0.00 0.0M
424020.000 1964 COM2 65 0R0 342 1.1 23.9 59.5 1.0042 0.00 0.0M
424080.000 1964 COM2 65 0R0 358 1.1 23.9 60.2 1.0042 0.00 0.0M
424140.000 1964 COM2 65 0R0 322 0.4 23.9 59.7 1.0042 0.00 0.0M
424200.000 1964 COM2 65 0R0 338 2.2 23.9 60.8 1.0043 0.00 0.0M
424260.000 1964 COM2 65 0R0 062 1.1 23.9 59.9 1.0043 0.00 0.0M
424320.000 1964 COM2 65 0R0 020 0.7 23.9 60.3 1.0043 0.00 0.0M
424380.000 1964 COM2 65 0R0 313 1.2 23.9 59.8 1.0043 0.00 0.0M
424440.000 1964 COM2 65 0R0 344 3.0 23.9 59.8 1.0043 0.00 0.0M
424500.000 1964 COM2 65 0R0 027 0.8 23.8 58.9 1.0043 0.00 0.0M
424560.000 1964 COM2 65 0R0 334 0.5 23.8 59.4 1.0044 0.00 0.0M
424620.000 1964 COM2 65 0R0 351 2.6 23.8 60.1 1.0044 0.00 0.0M
424680.000 1964 COM2 65 0R0 073 0.2 23.8 59.9 1.0044 0.00 0.0M
424740.000 1964 COM2 65 0R0 323 0.6 23.7 60.1 1.0044 0.00 0.0M
424800.000 1964 COM2 65 0R0 259 0.8 23.8 59.9 1.0044 0.00 0.0M
424860.000 1964 COM2 65 0R0 039 2.1 23.8 59.9 1.0044 0.00 0.0M
424920.000 1964 COM2 65 0R0 015 2.5 23.8 59.9 1.0044 0.00 0.0M
424980.000 1964 COM2 65 0R0 344 3.7 23.8 59.9 1.0044 0.00 0.0M
425040.100 1964 COM2 65 0R0 058 1.0 23.7 59.5 1.0044 0.00 0.0M
425100.000 1964 COM2 65 0R0 327 1.1 23.7 60.3 1.0044 0.00 0.0M
425160.100 1964 COM2 65 0R0 043 0.6 23.7 60.2 1.0044 0.00 0.0M
425220.000 1964 COM2 65 0R0 336 2.6 23.6 60.3 1.0044 0.00 0.0M
425280.000 1964 COM2 65 0R0 029 0.3 23.6 60.2 1.0044 0.00 0.0M
425340.000 1964 COM2 65 0R0 341 2.4 23.6 60.6 1.0044 0.00 0.0M
425400.000 1964 COM2 65 0R0 320 2.3 23.6 60.5 1.0044 0.00 0.0M
425460.000 1964 COM2 65 0R0 040 1.3 23.6 60.3 1.0044 0.00 0.0M
425520.000 1964 COM2 65 0R0 341 0.6 23.5 60.6 1.0044 0.00 0.0M
425580.000 1964 COM2 65 0R0 010 1.6 23.5 60.4 1.0044 0.00 0.0M
425640.000 1964 COM2 65 0R0 314 1.2 23.5 59.9 1.0044 0.00 0.0M
425700.000 1964 COM2 65 0R0 013 0.6 23.5 59.4 1.0044 0.00 0.0M
425760.000 1964 COM2 65 0R0 306 2.4 23.5 59.7 1.0044 0.00 0.0M
425820.000 1964 COM2 65 0R0 005 0.5 23.5 59.0 1.0044 0.00 0.0M
425880.000 1964 COM2 65 0R0 347 1.5 23.5 58.5 1.0044 0.00 0.0M
425940.000 1964 COM2 65 0R0 348 2.7 23.5 58.8 1.0045 0.00 0.0M
426000.000 1964 COM2 65 0R0 358 1.6 23.5 58.6 1.0045 0.00 0.0M
426060.000 1964 COM2 65 0R0 338 1.1 23.4 58.6 1.0045 0.00 0.0M
426120.100 1964 COM2 65 0R0 314 1.1 23.4 59.0 1.0045 0.00 0.0M
426180.100 1964 COM2 65 0R0 325 2.4 23.4 59.1 1.0045 0.00 0.0M
426240.100 1964 COM2 65 0R0 301 1.8 23.4 58.9 1.0044 0.00 0.0M
426300.000 1964 COM2 65 0R0 343 0.6 23.4 57.7 1.0044 0.00 0.0M
426360.000 1964 COM2 65 0R0 311 1.6 23.4 57.9 1.0044 0.00 0.0M
426420.000 1964 COM2 65 0R0 306 1.6 23.4 58.1 1.0044 0.00 0.0M
426480.000 1964 COM2 65 0R0 283 1.6 23.4 58.1 1.0044 0.00 0.0M
426540.000 1964 COM2 65 0R0 019 0.3 23.4 57.9 1.0044 0.00 0.0M
426600.000 1964 COM2 65 0R0 353 0.5 23.4 57.9 1.0044 0.00 0.0M
426660.000 1964 COM2 65 0R0 340 1.1 23.4 57.6 1.0044 0.00 0.0M
426720.000 1964 COM2 65 0R0 341 2.3 23.4 57.5 1.0044 0.00 0.0M
426780.000 1964 COM2 65 0R0 343 2.6 23.4 56.4 1.0044 0.00 0.0M
426840.000 1964 COM2 65 0R0 211 0.3 23.4 56.4 1.0044 0.00 0.0M
426900.000 1964 COM2 65 0R0 354 1.0 23.3 57.4 1.0044 0.00 0.0M
426960.000 1964 COM2 65 0R0 343 3.1 23.3 57.3 1.0044 0.00 0.0M
427020.000 1964 COM2 65 0R0 339 2.5 23.3 56.7 1.0044 0.00 0.0M
427080.000 1964 COM2 65 0R0 345 1.6 23.2 56.3 1.0044 0.00 0.0M
427140.000 1964 COM2 65 0R0 287 2.5 23.2 56.8 1.0044 0.00 0.0M
427200.000 1964 COM2 65 0R0 313 1.5 23.2 56.9 1.0044 0.00 0.0M
427260.000 1964 COM2 65 0R0 337 1.0 23.2 57.0 1.0044 0.00 0.0M
427320.000 1964 COM2 65 0R0 356 2.4 23.2 56.6 1.0045 0.00 0.0M
427380.000 1964 COM2 65 0R0 347 3.1 23.2 56.9 1.0045 0.00 0.0M
427440.000 1964 COM2 65 0R0 284 1.3 23.2 56.5 1.0045 0.00 0.0M
427500.100 1964 COM2 65 0R0 353 0.6 23.1 57.2 1.0045 0.00 0.0M
427560.000 1964 COM2 65 0R0 348 3.6 23.1 56.9 1.0046 0.00 0.0M
427620.000 1964 COM2 65 0R0 299 0.8 23.1 56.8 1.0046 0.00 0.0M
427680.000 1964 COM2 65 0R0 067 0.6 23.1 57.1 1.0046 0.00 0.0M
427740.000 1964 COM2 65 0R0 345 3.2 23.1 57.3 1.0046 0.00 0.0M
427800.100 1964 COM2 65 0R0 306 1.7 23.1 56.5 1.0047 0.00 0.0M
427860.000 1964 COM2 65 0R0 332 2.4 23.1 56.8 1.0046 0.00 0.0M
427920.100 1964 COM2 65 0R0 330 0.8 23.1 56.5 1.0046 0.00 0.0M
427980.000 1964 COM2 65 0R0 260 0.4 23.1 56.9 1.0046 0.00 0.0M
428040.000 1964 COM2 65 0R0 348 1.8 23.1 57.1 1.0047 0.00 0.0M
428100.000 1964 COM2 65 0R0 347 0.7 23.1 56.9 1.0047 0.00 0.0M
428160.000 1964 COM2 65 0R0 341 1.9 23.1 56.9 1.0047 0.00 0.0M
428220.000 1964 COM2 65 0R0 340 1.9 23.1 56.7 1.0047 0.00 0.0M
428280.000 1964 COM2 65 0R0 344 0.5 23.1 56.9 1.0047 0.00 0.0M
428340.000 1964 COM2 65 0R0 337 2.3 23.0 57.1 1.0048 0.00 0.0M
428400.000 1964 COM2 65 0R0 337 2.0 23.0 57.1 1.0048 0.00 0.0M
428460.000 1964 COM2 65 0R0 323 2.6 23.0 57.1 1.0048 0.00 0.0M
428520.000 1964 COM2 65 0R0 329 0.4 23.0 57.2 1.0049 0.00 0.0M
428580.000 1964 COM2 65 0R0 316 1.7 22.9 57.5 1.0049 0.00 0.0M
428640.000 1964 COM2 65 0R0 345 0.7 23.0 57.4 1.0049 0.00 0.0M
428700.000 1964 COM2 65 0R0 338 3.4 22.9 57.5 1.0050 0.00 0.0M
428760.000 1964 COM2 65 0R0 345 3.3 23.0 57.1 1.0050 0.00 0.0M
428820.000 1964 COM2 65 0R0 041 1.3 22.9 56.9 1.0050 0.00 0.0M
428880.000 1964 COM2 65 0R0 343 2.6 22.9 57.5 1.0050 0.00 0.0M
428940.000 1964 COM2 65 0R0 050 1.3 22.9 57.6 1.0051 0.00 0.0M
429000.000 1964 COM2 65 0R0 086 0.6 22.8 57.7 1.0051 0.00 0.0M
429060.000 1964 COM2 65 0R0 001 1.8 22.8 57.7 1.0051 0.00 0.0M
429120.000 1964 COM2 65 0R0 345 2.4 22.8 56.1 1.0050 0.00 0.0M
429180.000 1964 COM2 65 0R0 055 1.6 22.7 56.8 1.0051 0.00 0.0M
429240.000 1964 COM2 65 0R0 015 1.6 22.7 56.6 1.0051 0.00 0.0M
429300.000 1964 COM2 65 0R0 355 1.9 22.7 56.6 1.0051 0.00 0.0M
429360.000 1964 COM2 65 0R0 061 1.0 22.7 56.0 1.0051 0.00 0.0M
429420.000 1964 COM2 65 0R0 351 2.4 22.7 56.6 1.0051 0.00 0.0M
429480.000 1964 COM2 65 0R0 337 1.9 22.7 56.5 1.0051 0.00 0.0M
429540.000 1964 COM2 65 0R0 032 1.1 22.6 56.3 1.0051 0.00 0.0M
429600.000 1964 COM2 65 0R0 032 1.5 22.6 56.6 1.0051 0.00 0.0M
429660.000 1964 COM2 65 0R0 342 3.8 22.6 56.5 1.0051 0.00 0.0M
429720.000 1964 COM2 65 0R0 340 2.7 22.6 56.2 1.0051 0.00 0.0M
429780.000 1964 COM2 65 0R0 349 2.5 22.5 56.2 1.0051 0.00 0.0M
429840.000 1964 COM2 65 0R0 345 3.0 22.5 56.2 1.0051 0.00 0.0M
429900.000 1964 COM2 65 0R0 351 1.8 22.5 56.0 1.0051 0.00 0.0M
429960.000 1964 COM2 65 0R0 348 2.2 22.4 56.5 1.0051 0.00 0.0M
430020.000 1964 COM2 65 0R0 333 0.6 22.4 56.5 1.0051 0.00 0.0M
430080.000 1964 COM2 65 0R0 319 1.7 22.4 56.4 1.0051 0.00 0.0M
430140.000 1964 COM2 65 0R0 303 1.9 22.4 56.3 1.0051 0.00 0.0M
430200.000 1964 COM2 65 0R0 060 0.8 22.3 56.3 1.0052 0.00 0.0M
430260.000 1964 COM2 65 0R0 347 0.8 22.3 56.3 1.0052 0.00 0.0M
430320.000 1964 COM2 65 0R0 092 0.9 22.3 56.1 1.0052 0.00 0.0M
430380.000 1964 COM2 65 0R0 351 0.5 22.3 56.3 1.0052 0.00 0.0M
430440.000 1964 COM2 65 0R0 355 1.0 22.3 56.2 1.0052 0.00 0.0M
430500.000 1964 COM2 65 0R0 346 1.8 22.3 55.8 1.0052 0.00 0.0M
430560.000 1964 COM2 65 0R0 286 3.8 22.3 55.5 1.0052 0.00 0.0M
430620.000 1964 COM2 65 0R0 003 0.8 22.3 55.8 1.0052 0.00 0.0M
430680.000 1964 COM2 65 0R0 295 0.6 22.2 56.1 1.0052 0.00 0.0M
430740.000 1964 COM2 65 0R0 331 1.1 22.2 56.2 1.0052 0.00 0.0M
430800.000 1964 COM2 65 0R0 044 0.7 22.2 56.0 1.0052 0.00 0.0M
430860.000 1964 COM2 65 0R0 351 1.8 22.2 56.0 1.0051 0.00 0.0M
430920.000 1964 COM2 65 0R0 036 0.9 22.2 55.7 1.0051 0.00 0.0M
430980.000 1964 COM2 65 0R0 346 1.4 22.2 55.9 1.0051 0.00 0.0M
431040.000 1964 COM2 65 0R0 061 0.7 22.2 55.7 1.0052 0.00 0.0M
431100.000 1964 COM2 65 0R0 025 1.4 22.2 56.1 1.0052 0.00 0.0M
431160.000 1964 COM2 65 0R0 203 0.8 22.2 56.1 1.0052 0.00 0.0M
431220.000 1964 COM2 65 0R0 295 0.7 22.1 56.1 1.0053 0.00 0.0M
431280.000 1964 COM2 65 0R0 035 1.1 22.1 55.8 1.0052 0.00 0.0M
431340.000 1964 COM2 65 0R0 309 1.7 22.1 55.9 1.0052 0.00 0.0M
431400.000 1964 COM2 65 0R0 347 0.8 22.1 56.1 1.0052 0.00 0.0M
431460.000 1964 COM2 65 0R0 342 1.5 22.1 55.9 1.0052 0.00 0.0M
431520.000 1964 COM2 65 0R0 038 0.5 22.1 55.8 1.0052 0.00 0.0M
431580.000 1964 COM2 65 0R0 321 0.6 22.1 55.9 1.0052 0.00 0.0M
431640.000 1964 COM2 65 0R0 300 3.1 22.1 56.0 1.0053 0.00 0.0M
431700.000 1964 COM2 65 0R0 258 0.7 22.1 55.8 1.0052 0.00 0.0M
431760.000 1964 COM2 65 0R0 350 2.4 22.1 56.0 1.0052 0.00 0.0M
431820.000 1964 COM2 65 0R0 043 0.7 22.0 55.4 1.0052 0.00 0.0M
431880.000 1964 COM2 65 0R0 353 2.6 22.0 56.2 1.0052 0.00 0.0M
431940.000 1964 COM2 65 0R0 316 2.5 22.0 55.5 1.0052 0.00 0.0M
