TO [s] WNc [w] C StringLn ASCIIString
---------------------------------------
518400.000 1977 COM2 64 0R0 351 1.3 7.1 50.9 1.0154 0.00 0.0M
518460.000 1977 COM2 64 0R0 033 2.1 7.1 50.9 1.0154 0.00 0.0M
518520.000 1977 COM2 64 0R0 021 2.1 7.1 51.1 1.0154 0.00 0.0M
518580.000 1977 COM2 64 0R0 036 2.3 7.0 51.2 1.0154 0.00 0.0M
518640.000 1977 COM2 64 0R0 008 0.8 7.0 51.1 1.0154 0.00 0.0M
518700.000 1977 COM2 64 0R0 017 2.0 7.0 51.3 1.0154 0.00 0.0M
518760.000 1977 COM2 64 0R0 006 0.7 7.0 51.4 1.0154 0.00 0.0M
518820.000 1977 COM2 64 0R0 336 1.8 7.0 51.5 1.0154 0.00 0.0M
518880.000 1977 COM2 64 0R0 011 1.6 6.9 51.7 1.0155 0.00 0.0M
518940.000 1977 COM2 64 0R0 020 1.3 6.9 51.8 1.0155 0.00 0.0M
519000.000 1977 COM2 64 0R0 025 2.3 6.9 51.5 1.0155 0.00 0.0M
519060.000 1977 COM2 64 0R0 351 1.4 6.9 51.8 1.0155 0.00 0.0M
519120.000 1977 COM2 64 0R0 015 0.7 6.9 51.7 1.0155 0.00 0.0M
519180.000 1977 COM2 64 0R0 021 3.1 6.9 51.6 1.0155 0.00 0.0M
519240.000 1977 COM2 64 0R0 008 2.5 6.9 51.6 1.0155 0.00 0.0M
519300.000 1977 COM2 64 0R0 018 1.9 6.8 52.0 1.0155 0.00 0.0M
519360.000 1977 COM2 64 0R0 022 1.1 6.8 52.0 1.0155 0.00 0.0M
519420.000 1977 COM2 64 0R0 020 2.7 6.8 52.2 1.0155 0.00 0.0M
519480.000 1977 COM2 64 0R0 006 0.8 6.8 52.3 1.0155 0.00 0.0M
519540.000 1977 COM2 64 0R0 021 1.4 6.7 52.4 1.0155 0.00 0.0M
519600.000 1977 COM2 64 0R0 344 1.2 6.7 52.5 1.0155 0.00 0.0M
519660.000 1977 COM2 64 0R0 013 2.3 6.7 52.6 1.0155 0.00 0.0M
519720.000 1977 COM2 64 0R0 016 1.3 6.6 52.5 1.0155 0.00 0.0M
519780.000 1977 COM2 64 0R0 020 1.2 6.6 52.8 1.0154 0.00 0.0M
519840.000 1977 COM2 64 0R0 345 1.0 6.6 52.7 1.0154 0.00 0.0M
519900.000 1977 COM2 64 0R0 024 2.4 6.5 53.1 1.0155 0.00 0.0M
519960.000 1977 COM2 64 0R0 028 2.0 6.5 53.0 1.0155 0.00 0.0M
520020.000 1977 COM2 64 0R0 094 0.4 6.5 53.4 1.0155 0.00 0.0M
520080.000 1977 COM2 64 0R0 008 0.9 6.5 53.2 1.0156 0.00 0.0M
520140.000 1977 COM2 64 0R0 034 2.1 6.5 53.4 1.0156 0.00 0.0M
520200.000 1977 COM2 64 0R0 010 1.1 6.5 53.2 1.0156 0.00 0.0M
520260.000 1977 COM2 64 0R0 348 1.5 6.5 53.4 1.0156 0.00 0.0M
520320.000 1977 COM2 64 0R0 030 1.3 6.4 53.1 1.0156 0.00 0.0M
520380.000 1977 COM2 64 0R0 011 1.8 6.4 53.5 1.0156 0.00 0.0M
520440.000 1977 COM2 64 0R0 025 2.2 6.4 53.4 1.0156 0.00 0.0M
520500.000 1977 COM2 64 0R0 033 1.0 6.4 53.5 1.0156 0.00 0.0M
520560.000 1977 COM2 64 0R0 035 1.6 6.4 53.5 1.0156 0.00 0.0M
520620.000 1977 COM2 64 0R0 012 2.1 6.3 53.7 1.0156 0.00 0.0M
520680.000 1977 COM2 64 0R0 340 2.4 6.3 53.7 1.0156 0.00 0.0M
520740.000 1977 COM2 64 0R0 006 1.7 6.3 54.0 1.0156 0.00 0.0M
520800.000 1977 COM2 64 0R0 016 2.1 6.3 53.9 1.0155 0.00 0.0M
520860.000 1977 COM2 64 0R0 337 1.1 6.3 53.9 1.0156 0.00 0.0M
520920.000 1977 COM2 64 0R0 013 1.4 6.3 53.9 1.0156 0.00 0.0M
520980.000 1977 COM2 64 0R0 010 1.7 6.2 53.9 1.0156 0.00 0.0M
521040.000 1977 COM2 64 0R0 357 2.1 6.2 53.8 1.0156 0.00 0.0M
521100.000 1977 COM2 64 0R0 031 1.4 6.2 53.8 1.0157 0.00 0.0M
521160.000 1977 COM2 64 0R0 000 1.6 6.2 54.0 1.0157 0.00 0.0M
521220.000 1977 COM2 64 0R0 018 1.9 6.2 54.2 1.0157 0.00 0.0M
521280.000 1977 COM2 64 0R0 002 1.1 6.2 54.3 1.0157 0.00 0.0M
521340.000 1977 COM2 64 0R0 359 0.4 6.2 54.3 1.0157 0.00 0.0M
521400.000 1977 COM2 64 0R0 094 0.6 6.2 54.2 1.0158 0.00 0.0M
521460.000 1977 COM2 64 0R0 342 1.6 6.2 54.2 1.0157 0.00 0.0M
521520.000 1977 COM2 64 0R0 355 2.3 6.2 54.3 1.0157 0.00 0.0M
521580.000 1977 COM2 64 0R0 349 1.5 6.2 54.1 1.0157 0.00 0.0M
521640.000 1977 COM2 64 0R0 355 1.5 6.2 54.1 1.0157 0.00 0.0M
521700.000 1977 COM2 64 0R0 335 2.3 6.2 54.1 1.0158 0.00 0.0M
521760.000 1977 COM2 64 0R0 350 1.0 6.2 54.1 1.0158 0.00 0.0M
521820.000 1977 COM2 64 0R0 347 2.5 6.2 54.2 1.0158 0.00 0.0M
521880.000 1977 COM2 64 0R0 007 1.7 6.1 54.2 1.0158 0.00 0.0M
521940.000 1977 COM2 64 0R0 351 2.5 6.1 54.4 1.0158 0.00 0.0M
522000.000 1977 COM2 64 0R0 040 1.1 6.1 54.4 1.0158 0.00 0.0M
522060.000 1977 COM2 64 0R0 347 1.3 6.1 54.2 1.0158 0.00 0.0M
522120.000 1977 COM2 64 0R0 357 1.9 6.1 54.2 1.0158 0.00 0.0M
522180.000 1977 COM2 64 0R0 010 1.5 6.1 54.3 1.0158 0.00 0.0M
522240.000 1977 COM2 64 0R0 330 1.0 6.1 54.6 1.0158 0.00 0.0M
522300.000 1977 COM2 64 0R0 026 0.7 6.1 54.5 1.0158 0.00 0.0M
522360.000 1977 COM2 64 0R0 359 1.3 6.1 54.6 1.0158 0.00 0.0M
522420.000 1977 COM2 64 0R0 340 1.2 6.1 54.4 1.0158 0.00 0.0M
522480.000 1977 COM2 64 0R0 015 1.2 6.1 54.4 1.0158 0.00 0.0M
522540.000 1977 COM2 64 0R0 027 3.0 6.1 54.4 1.0158 0.00 0.0M
522600.000 1977 COM2 64 0R0 356 1.0 6.1 54.5 1.0159 0.00 0.0M
522660.000 1977 COM2 64 0R0 022 1.0 6.1 54.5 1.0159 0.00 0.0M
522720.000 1977 COM2 64 0R0 340 2.4 6.1 54.5 1.0159 0.00 0.0M
522780.000 1977 COM2 64 0R0 059 0.8 6.0 54.5 1.0159 0.00 0.0M
522840.100 1977 COM2 64 0R0 032 1.9 6.0 54.7 1.0159 0.00 0.0M
522900.000 1977 COM2 64 0R0 058 0.7 6.0 55.0 1.0159 0.00 0.0M
522960.000 1977 COM2 64 0R0 030 1.8 6.0 54.8 1.0159 0.00 0.0M
523020.000 1977 COM2 64 0R0 087 0.7 6.0 54.6 1.0159 0.00 0.0M
523080.000 1977 COM2 64 0R0 342 0.8 6.0 55.0 1.0159 0.00 0.0M
523140.000 1977 COM2 64 0R0 028 2.3 6.0 54.8 1.0159 0.00 0.0M
523200.000 1977 COM2 64 0R0 350 1.3 6.0 54.8 1.0159 0.00 0.0M
523260.000 1977 COM2 64 0R0 018 2.2 6.0 54.8 1.0159 0.00 0.0M
523320.000 1977 COM2 64 0R0 025 2.0 6.0 54.8 1.0159 0.00 0.0M
523380.000 1977 COM2 64 0R0 033 1.6 6.0 54.9 1.0159 0.00 0.0M
523440.000 1977 COM2 64 0R0 019 1.0 6.0 54.8 1.0159 0.00 0.0M
523500.000 1977 COM2 64 0R0 004 0.8 5.9 55.1 1.0158 0.00 0.0M
523560.000 1977 COM2 64 0R0 032 1.8 5.9 55.1 1.0158 0.00 0.0M
523620.000 1977 COM2 64 0R0 350 1.4 5.9 55.0 1.0158 0.00 0.0M
523680.000 1977 COM2 64 0R0 335 2.1 5.9 55.3 1.0158 0.00 0.0M
523740.000 1977 COM2 64 0R0 043 1.0 5.8 55.2 1.0158 0.00 0.0M
523800.000 1977 COM2 64 0R0 030 1.1 5.8 55.2 1.0159 0.00 0.0M
523860.000 1977 COM2 64 0R0 020 1.9 5.8 55.4 1.0159 0.00 0.0M
523920.000 1977 COM2 64 0R0 311 0.8 5.8 55.5 1.0159 0.00 0.0M
523980.000 1977 COM2 64 0R0 047 1.4 5.8 55.4 1.0159 0.00 0.0M
524040.000 1977 COM2 64 0R0 002 1.9 5.8 55.5 1.0159 0.00 0.0M
524100.000 1977 COM2 64 0R0 060 0.5 5.7 55.4 1.0159 0.00 0.0M
524160.000 1977 COM2 64 0R0 355 0.7 5.7 55.7 1.0159 0.00 0.0M
524220.000 1977 COM2 64 0R0 359 0.8 5.7 55.9 1.0159 0.00 0.0M
524280.000 1977 COM2 64 0R0 033 1.7 5.7 55.7 1.0159 0.00 0.0M
524340.000 1977 COM2 64 0R0 058 0.5 5.6 55.9 1.0159 0.00 0.0M
524400.000 1977 COM2 64 0R0 024 1.8 5.6 56.1 1.0160 0.00 0.0M
524460.000 1977 COM2 64 0R0 082 0.5 5.6 56.2 1.0160 0.00 0.0M
524520.000 1977 COM2 64 0R0 014 0.4 5.6 56.2 1.0160 0.00 0.0M
524580.000 1977 COM2 64 0R0 020 0.9 5.6 56.1 1.0160 0.00 0.0M
524640.000 1977 COM2 64 0R0 027 1.0 5.6 56.1 1.0160 0.00 0.0M
524700.000 1977 COM2 64 0R0 023 0.9 5.6 56.4 1.0160 0.00 0.0M
524760.000 1977 COM2 64 0R0 048 1.7 5.6 56.3 1.0160 0.00 0.0M
524820.000 1977 COM2 64 0R0 034 1.6 5.6 56.3 1.0160 0.00 0.0M
524880.000 1977 COM2 64 0R0 037 1.3 5.6 56.0 1.0160 0.00 0.0M
524940.000 1977 COM2 64 0R0 008 1.0 5.6 56.4 1.0160 0.00 0.0M
525000.000 1977 COM2 64 0R0 021 1.5 5.6 56.3 1.0160 0.00 0.0M
525060.000 1977 COM2 64 0R0 036 0.6 5.5 56.5 1.0160 0.00 0.0M
525120.000 1977 COM2 64 0R0 048 1.0 5.5 56.4 1.0160 0.00 0.0M
525180.000 1977 COM2 64 0R0 014 0.8 5.5 56.7 1.0160 0.00 0.0M
525240.000 1977 COM2 64 0R0 043 0.8 5.5 56.5 1.0160 0.00 0.0M
525300.000 1977 COM2 64 0R0 359 1.1 5.5 56.5 1.0160 0.00 0.0M
525360.000 1977 COM2 64 0R0 335 0.9 5.5 56.9 1.0160 0.00 0.0M
525420.000 1977 COM2 64 0R0 026 1.8 5.5 56.6 1.0160 0.00 0.0M
525480.000 1977 COM2 64 0R0 019 0.7 5.5 56.4 1.0160 0.00 0.0M
525540.000 1977 COM2 64 0R0 338 1.2 5.5 56.7 1.0160 0.00 0.0M
525600.000 1977 COM2 64 0R0 341 1.5 5.4 57.0 1.0160 0.00 0.0M
525660.000 1977 COM2 64 0R0 335 0.7 5.4 56.7 1.0160 0.00 0.0M
525720.000 1977 COM2 64 0R0 031 1.4 5.4 57.1 1.0160 0.00 0.0M
525780.000 1977 COM2 64 0R0 353 0.7 5.4 57.2 1.0161 0.00 0.0M
525840.000 1977 COM2 64 0R0 005 0.8 5.4 57.0 1.0161 0.00 0.0M
525900.000 1977 COM2 64 0R0 016 0.7 5.4 57.2 1.0161 0.00 0.0M
525960.000 1977 COM2 64 0R0 357 0.5 5.4 56.9 1.0161 0.00 0.0M
526020.000 1977 COM2 64 0R0 022 1.2 5.3 57.4 1.0161 0.00 0.0M
526080.000 1977 COM2 64 0R0 054 0.6 5.3 57.4 1.0161 0.00 0.0M
526140.000 1977 COM2 64 0R0 303 1.0 5.3 57.4 1.0161 0.00 0.0M
526200.000 1977 COM2 64 0R0 017 1.2 5.3 57.2 1.0161 0.00 0.0M
526260.000 1977 COM2 64 0R0 343 1.2 5.3 57.2 1.0161 0.00 0.0M
526320.000 1977 COM2 64 0R0 354 1.0 5.3 57.4 1.0161 0.00 0.0M
526380.000 1977 COM2 64 0R0 021 1.1 5.3 57.1 1.0161 0.00 0.0M
526440.000 1977 COM2 64 0R0 020 0.8 5.3 56.9 1.0161 0.00 0.0M
526500.000 1977 COM2 64 0R0 352 1.8 5.3 57.1 1.0161 0.00 0.0M
526560.000 1977 COM2 64 0R0 333 0.8 5.3 57.1 1.0161 0.00 0.0M
526620.000 1977 COM2 64 0R0 058 0.5 5.3 57.1 1.0161 0.00 0.0M
526680.000 1977 COM2 64 0R0 037 1.5 5.3 57.2 1.0161 0.00 0.0M
526740.000 1977 COM2 64 0R0 008 0.9 5.3 57.3 1.0161 0.00 0.0M
526800.000 1977 COM2 64 0R0 355 0.8 5.2 57.5 1.0161 0.00 0.0M
526860.000 1977 COM2 64 0R0 328 0.6 5.2 57.4 1.0161 0.00 0.0M
526920.000 1977 COM2 64 0R0 046 0.7 5.2 57.5 1.0161 0.00 0.0M
526980.000 1977 COM2 64 0R0 029 0.9 5.2 57.7 1.0161 0.00 0.0M
527040.000 1977 COM2 64 0R0 019 1.1 5.2 57.6 1.0161 0.00 0.0M
527100.000 1977 COM2 64 0R0 023 0.4 5.2 57.6 1.0161 0.00 0.0M
527160.000 1977 COM2 64 0R0 019 0.5 5.2 57.7 1.0161 0.00 0.0M
527220.000 1977 COM2 64 0R0 347 1.1 5.2 57.7 1.0162 0.00 0.0M
527280.000 1977 COM2 64 0R0 013 0.5 5.1 57.7 1.0162 0.00 0.0M
527340.000 1977 COM2 64 0R0 081 0.5 5.1 57.8 1.0162 0.00 0.0M
527400.000 1977 COM2 64 0R0 342 0.9 5.1 58.0 1.0162 0.00 0.0M
527460.000 1977 COM2 64 0R0 357 0.4 5.1 58.0 1.0162 0.00 0.0M
527520.000 1977 COM2 64 0R0 354 0.7 5.1 57.9 1.0162 0.00 0.0M
527580.000 1977 COM2 64 0R0 344 0.8 5.1 58.1 1.0162 0.00 0.0M
527640.000 1977 COM2 64 0R0 334 1.4 5.1 58.0 1.0162 0.00 0.0M
527700.000 1977 COM2 64 0R0 273 0.5 5.1 57.6 1.0162 0.00 0.0M
527760.000 1977 COM2 64 0R0 004 0.6 5.2 57.8 1.0162 0.00 0.0M
527820.000 1977 COM2 64 0R0 328 0.8 5.2 57.7 1.0162 0.00 0.0M
527880.000 1977 COM2 64 0R0 052 0.4 5.2 57.8 1.0162 0.00 0.0M
527940.000 1977 COM2 64 0R0 342 2.8 5.2 57.4 1.0163 0.00 0.0M
528000.000 1977 COM2 64 0R0 350 1.9 5.2 57.4 1.0163 0.00 0.0M
528060.000 1977 COM2 64 0R0 042 1.4 5.2 57.4 1.0163 0.00 0.0M
528120.000 1977 COM2 64 0R0 043 0.9 5.2 57.1 1.0163 0.00 0.0M
528180.000 1977 COM2 64 0R0 357 1.4 5.2 57.5 1.0163 0.00 0.0M
528240.000 1977 COM2 64 0R0 342 0.4 5.2 57.4 1.0163 0.00 0.0M
528300.000 1977 COM2 64 0R0 018 1.4 5.2 57.5 1.0163 0.00 0.0M
528360.000 1977 COM2 64 0R0 008 1.2 5.2 57.2 1.0163 0.00 0.0M
528420.000 1977 COM2 64 0R0 002 1.4 5.2 57.3 1.0163 0.00 0.0M
528480.000 1977 COM2 64 0R0 359 1.6 5.2 57.2 1.0163 0.00 0.0M
528540.000 1977 COM2 64 0R0 322 0.3 5.2 57.3 1.0164 0.00 0.0M
528600.000 1977 COM2 64 0R0 352 1.7 5.2 57.4 1.0164 0.00 0.0M
528660.000 1977 COM2 64 0R0 004 0.7 5.2 57.1 1.0164 0.00 0.0M
528720.000 1977 COM2 64 0R0 348 1.5 5.2 57.4 1.0164 0.00 0.0M
528780.000 1977 COM2 64 0R0 344 2.4 5.2 57.2 1.0164 0.00 0.0M
528840.000 1977 COM2 64 0R0 343 2.5 5.2 57.3 1.0164 0.00 0.0M
528900.000 1977 COM2 64 0R0 345 2.1 5.2 57.4 1.0164 0.00 0.0M
528960.000 1977 COM2 64 0R0 355 1.3 5.1 57.4 1.0164 0.00 0.0M
529020.000 1977 COM2 64 0R0 011 0.5 5.1 57.4 1.0165 0.00 0.0M
529080.000 1977 COM2 64 0R0 354 1.2 5.1 57.3 1.0165 0.00 0.0M
529140.000 1977 COM2 64 0R0 339 1.7 5.1 57.5 1.0165 0.00 0.0M
529200.000 1977 COM2 64 0R0 010 0.5 5.1 57.3 1.0165 0.00 0.0M
529260.000 1977 COM2 64 0R0 027 1.1 5.1 57.5 1.0166 0.00 0.0M
529320.000 1977 COM2 64 0R0 355 1.2 5.1 57.4 1.0166 0.00 0.0M
529380.000 1977 COM2 64 0R0 328 0.6 5.1 57.3 1.0166 0.00 0.0M
529440.000 1977 COM2 64 0R0 338 1.2 5.1 57.3 1.0166 0.00 0.0M
529500.000 1977 COM2 64 0R0 042 0.5 5.1 57.3 1.0166 0.00 0.0M
529560.000 1977 COM2 64 0R0 063 1.5 5.0 57.4 1.0166 0.00 0.0M
529620.000 1977 COM2 64 0R0 334 1.6 5.0 57.1 1.0166 0.00 0.0M
529680.000 1977 COM2 64 0R0 349 1.4 5.1 56.9 1.0166 0.00 0.0M
529740.000 1977 COM2 64 0R0 339 1.5 5.1 56.9 1.0166 0.00 0.0M
529800.000 1977 COM2 64 0R0 339 1.8 5.1 56.9 1.0166 0.00 0.0M
529860.000 1977 COM2 64 0R0 108 0.3 5.1 56.9 1.0166 0.00 0.0M
529920.000 1977 COM2 64 0R0 350 2.5 5.1 56.9 1.0166 0.00 0.0M
529980.000 1977 COM2 64 0R0 359 0.4 5.1 56.8 1.0166 0.00 0.0M
530040.000 1977 COM2 64 0R0 021 1.2 5.1 57.0 1.0167 0.00 0.0M
530100.000 1977 COM2 64 0R0 357 0.9 5.1 56.9 1.0167 0.00 0.0M
530160.000 1977 COM2 64 0R0 333 1.0 5.1 57.0 1.0167 0.00 0.0M
530220.000 1977 COM2 64 0R0 322 0.9 5.1 56.9 1.0167 0.00 0.0M
530280.000 1977 COM2 64 0R0 038 1.4 5.1 56.9 1.0167 0.00 0.0M
530340.000 1977 COM2 64 0R0 048 0.4 5.1 56.9 1.0168 0.00 0.0M
530400.000 1977 COM2 64 0R0 340 0.5 5.1 56.7 1.0168 0.00 0.0M
530460.000 1977 COM2 64 0R0 021 1.4 5.1 57.0 1.0168 0.00 0.0M
530520.000 1977 COM2 64 0R0 008 0.6 5.0 56.9 1.0168 0.00 0.0M
530580.000 1977 COM2 64 0R0 031 1.1 5.0 57.2 1.0168 0.00 0.0M
530640.000 1977 COM2 64 0R0 333 2.7 5.0 57.2 1.0168 0.00 0.0M
530700.000 1977 COM2 64 0R0 009 0.7 5.0 57.1 1.0168 0.00 0.0M
530760.000 1977 COM2 64 0R0 068 0.7 5.0 57.0 1.0167 0.00 0.0M
530820.000 1977 COM2 64 0R0 008 1.1 5.0 57.2 1.0167 0.00 0.0M
530880.000 1977 COM2 64 0R0 002 0.8 5.0 57.2 1.0167 0.00 0.0M
530940.000 1977 COM2 64 0R0 037 0.9 5.0 57.1 1.0167 0.00 0.0M
531000.000 1977 COM2 64 0R0 343 2.4 4.9 57.3 1.0167 0.00 0.0M
531060.000 1977 COM2 64 0R0 060 1.0 4.9 57.3 1.0167 0.00 0.0M
531120.000 1977 COM2 64 0R0 012 0.9 4.9 57.5 1.0167 0.00 0.0M
531180.000 1977 COM2 64 0R0 345 1.4 4.9 57.3 1.0168 0.00 0.0M
531240.000 1977 COM2 64 0R0 345 2.0 4.9 57.2 1.0168 0.00 0.0M
531300.000 1977 COM2 64 0R0 090 0.5 4.9 57.6 1.0168 0.00 0.0M
531360.000 1977 COM2 64 0R0 338 1.3 4.9 57.4 1.0167 0.00 0.0M
531420.000 1977 COM2 64 0R0 340 2.2 4.9 57.7 1.0167 0.00 0.0M
531480.000 1977 COM2 64 0R0 038 0.4 4.9 57.5 1.0166 0.00 0.0M
531540.000 1977 COM2 64 0R0 026 2.6 4.8 57.5 1.0166 0.00 0.0M
531600.000 1977 COM2 64 0R0 067 1.0 4.8 57.6 1.0166 0.00 0.0M
531660.000 1977 COM2 64 0R0 342 1.6 4.8 57.6 1.0166 0.00 0.0M
531720.000 1977 COM2 64 0R0 347 0.9 4.8 57.8 1.0166 0.00 0.0M
531780.000 1977 COM2 64 0R0 019 1.3 4.8 57.7 1.0166 0.00 0.0M
531840.000 1977 COM2 64 0R0 353 0.4 4.8 57.8 1.0167 0.00 0.0M
531900.000 1977 COM2 64 0R0 355 1.5 4.8 57.8 1.0167 0.00 0.0M
531960.000 1977 COM2 64 0R0 017 1.0 4.8 57.7 1.0167 0.00 0.0M
532020.000 1977 COM2 64 0R0 359 1.0 4.8 57.7 1.0167 0.00 0.0M
532080.000 1977 COM2 64 0R0 349 0.9 4.8 57.7 1.0166 0.00 0.0M
532140.000 1977 COM2 64 0R0 024 1.4 4.8 57.6 1.0166 0.00 0.0M
532200.000 1977 COM2 64 0R0 043 0.8 4.8 57.6 1.0166 0.00 0.0M
532260.000 1977 COM2 64 0R0 343 0.3 4.8 57.7 1.0167 0.00 0.0M
532320.000 1977 COM2 64 0R0 050 0.9 4.8 57.5 1.0166 0.00 0.0M
532380.000 1977 COM2 64 0R0 348 0.4 4.8 57.6 1.0166 0.00 0.0M
532440.000 1977 COM2 64 0R0 047 2.1 4.7 57.6 1.0166 0.00 0.0M
532500.000 1977 COM2 64 0R0 006 1.2 4.7 57.8 1.0166 0.00 0.0M
532560.000 1977 COM2 64 0R0 357 1.3 4.7 57.7 1.0165 0.00 0.0M
532620.000 1977 COM2 64 0R0 354 0.5 4.6 58.0 1.0165 0.00 0.0M
532680.000 1977 COM2 64 0R0 011 0.6 4.6 57.8 1.0165 0.00 0.0M
532740.000 1977 COM2 64 0R0 021 0.8 4.6 57.9 1.0165 0.00 0.0M
532800.000 1977 COM2 64 0R0 037 0.7 4.6 57.9 1.0165 0.00 0.0M
532860.000 1977 COM2 64 0R0 029 1.6 4.6 58.3 1.0165 0.00 0.0M
532920.000 1977 COM2 64 0R0 049 1.1 4.6 58.2 1.0165 0.00 0.0M
532980.000 1977 COM2 64 0R0 033 1.7 4.6 58.1 1.0165 0.00 0.0M
533040.000 1977 COM2 64 0R0 017 2.0 4.6 57.9 1.0165 0.00 0.0M
533100.000 1977 COM2 64 0R0 194 0.5 4.6 58.1 1.0165 0.00 0.0M
533160.000 1977 COM2 64 0R0 031 1.8 4.6 58.0 1.0164 0.00 0.0M
533220.000 1977 COM2 64 0R0 075 0.4 4.5 57.9 1.0164 0.00 0.0M
533280.000 1977 COM2 64 0R0 004 1.6 4.5 58.2 1.0164 0.00 0.0M
533340.000 1977 COM2 64 0R0 023 0.9 4.5 58.2 1.0164 0.00 0.0M
533400.000 1977 COM2 64 0R0 333 0.7 4.5 58.3 1.0164 0.00 0.0M
533460.100 1977 COM2 64 0R0 027 1.0 4.5 58.2 1.0164 0.00 0.0M
533520.000 1977 COM2 64 0R0 028 1.1 4.5 58.4 1.0164 0.00 0.0M
533580.000 1977 COM2 64 0R0 052 0.4 4.5 58.4 1.0165 0.00 0.0M
533640.000 1977 COM2 64 0R0 030 1.5 4.5 58.4 1.0165 0.00 0.0M
533700.000 1977 COM2 64 0R0 012 1.5 4.4 58.5 1.0165 0.00 0.0M
533760.000 1977 COM2 64 0R0 001 0.7 4.4 58.6 1.0165 0.00 0.0M
533820.000 1977 COM2 64 0R0 097 0.4 4.4 58.7 1.0164 0.00 0.0M
533880.000 1977 COM2 64 0R0 048 1.2 4.4 58.8 1.0164 0.00 0.0M
533940.000 1977 COM2 64 0R0 028 1.3 4.4 59.1 1.0164 0.00 0.0M
534000.000 1977 COM2 64 0R0 031 0.8 4.4 58.7 1.0163 0.00 0.0M
534060.000 1977 COM2 64 0R0 034 0.6 4.4 59.1 1.0163 0.00 0.0M
534120.000 1977 COM2 64 0R0 019 0.3 4.4 58.8 1.0163 0.00 0.0M
534180.000 1977 COM2 64 0R0 015 0.3 4.3 59.0 1.0162 0.00 0.0M
534240.000 1977 COM2 64 0R0 001 0.8 4.3 59.0 1.0162 0.00 0.0M
534300.000 1977 COM2 64 0R0 010 1.0 4.3 59.0 1.0162 0.00 0.0M
534360.000 1977 COM2 64 0R0 058 0.6 4.3 59.1 1.0162 0.00 0.0M
534420.000 1977 COM2 64 0R0 023 0.5 4.3 59.2 1.0162 0.00 0.0M
534480.000 1977 COM2 64 0R0 325 0.6 4.2 59.5 1.0162 0.00 0.0M
534540.000 1977 COM2 64 0R0 068 0.6 4.2 59.4 1.0163 0.00 0.0M
534600.000 1977 COM2 64 0R0 018 0.7 4.2 59.5 1.0163 0.00 0.0M
534660.000 1977 COM2 64 0R0 334 0.3 4.2 59.6 1.0163 0.00 0.0M
534720.000 1977 COM2 64 0R0 026 1.2 4.2 59.4 1.0163 0.00 0.0M
534780.000 1977 COM2 64 0R0 035 0.4 4.2 59.6 1.0163 0.00 0.0M
534840.000 1977 COM2 64 0R0 053 0.6 4.2 59.6 1.0164 0.00 0.0M
534900.000 1977 COM2 64 0R0 081 0.3 4.2 59.7 1.0164 0.00 0.0M
534960.000 1977 COM2 64 0R0 010 0.7 4.2 59.7 1.0165 0.00 0.0M
535020.000 1977 COM2 64 0R0 297 0.6 4.2 59.8 1.0165 0.00 0.0M
535080.000 1977 COM2 64 0R0 354 0.5 4.2 60.1 1.0165 0.00 0.0M
535140.000 1977 COM2 64 0R0 065 0.3 4.2 60.1 1.0165 0.00 0.0M
535200.000 1977 COM2 64 0R0 353 0.7 4.2 59.4 1.0164 0.00 0.0M
535260.000 1977 COM2 64 0R0 010 0.4 4.3 59.5 1.0164 0.00 0.0M
535320.000 1977 COM2 64 0R0 084 0.1 4.3 59.2 1.0164 0.00 0.0M
535380.000 1977 COM2 64 0R0 106 0.2 4.3 59.7 1.0165 0.00 0.0M
535440.000 1977 COM2 64 0R0 138 0.2 4.3 59.4 1.0165 0.00 0.0M
535500.000 1977 COM2 64 0R0 046 0.8 4.4 59.4 1.0165 0.00 0.0M
535560.000 1977 COM2 64 0R0 172 0.2 4.4 58.9 1.0165 0.00 0.0M
535620.000 1977 COM2 64 0R0 317 0.4 4.4 59.6 1.0165 0.00 0.0M
535680.000 1977 COM2 64 0R0 045 0.9 4.4 58.8 1.0164 0.00 0.0M
535740.000 1977 COM2 64 0R0 036 0.4 4.4 59.1 1.0164 0.00 0.0M
535800.000 1977 COM2 64 0R0 340 0.5 4.4 59.3 1.0164 0.00 0.0M
535860.000 1977 COM2 64 0R0 331 0.7 4.4 59.4 1.0164 0.00 0.0M
535920.000 1977 COM2 64 0R0 346 0.4 4.4 58.8 1.0164 0.00 0.0M
535980.000 1977 COM2 64 0R0 348 0.9 4.5 59.1 1.0164 0.00 0.0M
536040.000 1977 COM2 64 0R0 342 0.9 4.5 58.6 1.0164 0.00 0.0M
536100.000 1977 COM2 64 0R0 331 0.9 4.5 59.1 1.0165 0.00 0.0M
536160.000 1977 COM2 64 0R0 281 0.2 4.5 58.4 1.0165 0.00 0.0M
536220.000 1977 COM2 64 0R0 337 0.7 4.5 58.1 1.0164 0.00 0.0M
536280.000 1977 COM2 64 0R0 344 0.7 4.6 58.5 1.0164 0.00 0.0M
536340.000 1977 COM2 64 0R0 140 0.2 4.6 58.3 1.0164 0.00 0.0M
536400.000 1977 COM2 64 0R0 357 0.7 4.6 58.5 1.0164 0.00 0.0M
536460.000 1977 COM2 64 0R0 295 0.9 4.6 58.6 1.0164 0.00 0.0M
536520.000 1977 COM2 64 0R0 021 0.4 4.5 58.2 1.0164 0.00 0.0M
536580.000 1977 COM2 64 0R0 334 1.2 4.5 58.8 1.0164 0.00 0.0M
536640.000 1977 COM2 64 0R0 354 1.5 4.5 58.6 1.0164 0.00 0.0M
536700.000 1977 COM2 64 0R0 292 0.1 4.6 57.8 1.0165 0.00 0.0M
536760.000 1977 COM2 64 0R0 308 1.0 4.6 58.4 1.0165 0.00 0.0M
536820.000 1977 COM2 64 0R0 337 1.7 4.6 58.6 1.0165 0.00 0.0M
536880.000 1977 COM2 64 0R0 338 1.4 4.6 58.0 1.0165 0.00 0.0M
536940.000 1977 COM2 64 0R0 018 0.2 4.6 58.2 1.0165 0.00 0.0M
537000.000 1977 COM2 64 0R0 333 0.8 4.6 58.2 1.0165 0.00 0.0M
537060.000 1977 COM2 64 0R0 314 0.6 4.6 58.5 1.0165 0.00 0.0M
537120.000 1977 COM2 64 0R0 355 0.5 4.6 58.3 1.0165 0.00 0.0M
537180.000 1977 COM2 64 0R0 329 0.9 4.5 58.3 1.0165 0.00 0.0M
537240.000 1977 COM2 64 0R0 317 1.0 4.5 58.3 1.0164 0.00 0.0M
537300.000 1977 COM2 64 0R0 343 0.8 4.5 58.1 1.0164 0.00 0.0M
537360.000 1977 COM2 64 0R0 342 1.8 4.5 58.1 1.0164 0.00 0.0M
537420.000 1977 COM2 64 0R0 328 0.9 4.5 57.9 1.0163 0.00 0.0M
537480.000 1977 COM2 64 0R0 341 1.3 4.4 58.4 1.0163 0.00 0.0M
537540.000 1977 COM2 64 0R0 192 0.3 4.4 58.6 1.0164 0.00 0.0M
537600.000 1977 COM2 64 0R0 345 1.2 4.4 58.7 1.0164 0.00 0.0M
537660.000 1977 COM2 64 0R0 340 1.4 4.4 58.4 1.0164 0.00 0.0M
537720.000 1977 COM2 64 0R0 053 0.4 4.4 58.5 1.0164 0.00 0.0M
537780.000 1977 COM2 64 0R0 038 0.8 4.3 58.6 1.0163 0.00 0.0M
537840.000 1977 COM2 64 0R0 065 0.8 4.3 58.8 1.0163 0.00 0.0M
537900.000 1977 COM2 64 0R0 043 1.1 4.3 58.9 1.0163 0.00 0.0M
537960.000 1977 COM2 64 0R0 296 0.3 4.2 59.1 1.0163 0.00 0.0M
538020.000 1977 COM2 64 0R0 358 0.5 4.2 59.0 1.0163 0.00 0.0M
538080.000 1977 COM2 64 0R0 038 0.9 4.2 59.1 1.0163 0.00 0.0M
538140.000 1977 COM2 64 0R0 319 0.5 4.2 59.3 1.0163 0.00 0.0M
538200.000 1977 COM2 64 0R0 345 1.4 4.2 59.1 1.0163 0.00 0.0M
538260.000 1977 COM2 64 0R0 050 0.4 4.2 59.5 1.0163 0.00 0.0M
538320.000 1977 COM2 64 0R0 330 1.1 4.2 59.2 1.0163 0.00 0.0M
538380.000 1977 COM2 64 0R0 039 0.5 4.2 59.6 1.0163 0.00 0.0M
538440.000 1977 COM2 64 0R0 352 1.0 4.2 59.3 1.0163 0.00 0.0M
538500.100 1977 COM2 64 0R0 358 0.2 4.2 59.4 1.0163 0.00 0.0M
538560.000 1977 COM2 64 0R0 349 1.2 4.2 59.4 1.0163 0.00 0.0M
538620.100 1977 COM2 64 0R0 013 0.7 4.2 59.5 1.0163 0.00 0.0M
538680.000 1977 COM2 64 0R0 010 0.3 4.2 58.9 1.0163 0.00 0.0M
538740.000 1977 COM2 64 0R0 011 0.6 4.2 59.2 1.0163 0.00 0.0M
538800.000 1977 COM2 64 0R0 326 1.1 4.2 59.2 1.0163 0.00 0.0M
538860.000 1977 COM2 64 0R0 029 0.4 4.2 59.2 1.0163 0.00 0.0M
538920.000 1977 COM2 64 0R0 347 2.0 4.2 59.3 1.0163 0.00 0.0M
538980.000 1977 COM2 64 0R0 347 1.2 4.2 59.3 1.0163 0.00 0.0M
539040.000 1977 COM2 64 0R0 342 1.2 4.2 59.0 1.0163 0.00 0.0M
539100.000 1977 COM2 64 0R0 018 0.3 4.2 58.9 1.0163 0.00 0.0M
539160.000 1977 COM2 64 0R0 028 0.6 4.3 58.8 1.0163 0.00 0.0M
539220.000 1977 COM2 64 0R0 043 1.1 4.3 59.0 1.0162 0.00 0.0M
539280.000 1977 COM2 64 0R0 034 0.4 4.3 58.8 1.0162 0.00 0.0M
539340.000 1977 COM2 64 0R0 324 0.9 4.3 59.0 1.0162 0.00 0.0M
539400.000 1977 COM2 64 0R0 348 1.2 4.3 59.0 1.0162 0.00 0.0M
539460.000 1977 COM2 64 0R0 072 0.4 4.3 59.0 1.0162 0.00 0.0M
539520.000 1977 COM2 64 0R0 002 0.6 4.2 59.1 1.0162 0.00 0.0M
539580.000 1977 COM2 64 0R0 088 0.4 4.2 58.8 1.0161 0.00 0.0M
539640.000 1977 COM2 64 0R0 321 0.8 4.3 59.2 1.0161 0.00 0.0M
539700.000 1977 COM2 64 0R0 351 0.5 4.3 58.8 1.0161 0.00 0.0M
539760.000 1977 COM2 64 0R0 013 1.3 4.3 58.9 1.0161 0.00 0.0M
539820.000 1977 COM2 64 0R0 006 1.4 4.3 58.8 1.0160 0.00 0.0M
539880.000 1977 COM2 64 0R0 034 0.6 4.3 58.9 1.0160 0.00 0.0M
539940.000 1977 COM2 64 0R0 014 0.7 4.2 59.0 1.0160 0.00 0.0M
540000.000 1977 COM2 64 0R0 341 0.5 4.2 58.9 1.0160 0.00 0.0M
540060.000 1977 COM2 64 0R0 059 0.5 4.2 58.9 1.0160 0.00 0.0M
540120.000 1977 COM2 64 0R0 336 1.2 4.2 58.9 1.0161 0.00 0.0M
540180.000 1977 COM2 64 0R0 329 0.5 4.2 58.9 1.0161 0.00 0.0M
540240.000 1977 COM2 64 0R0 031 0.2 4.2 59.2 1.0162 0.00 0.0M
540300.000 1977 COM2 64 0R0 036 0.6 4.2 59.2 1.0162 0.00 0.0M
540360.000 1977 COM2 64 0R0 339 0.4 4.2 59.1 1.0162 0.00 0.0M
540420.000 1977 COM2 64 0R0 031 1.5 4.2 59.4 1.0162 0.00 0.0M
540480.000 1977 COM2 64 0R0 346 1.0 4.2 59.2 1.0162 0.00 0.0M
540540.000 1977 COM2 64 0R0 049 0.6 4.2 59.2 1.0162 0.00 0.0M
540600.000 1977 COM2 64 0R0 018 1.0 4.2 59.2 1.0162 0.00 0.0M
540660.000 1977 COM2 64 0R0 341 0.5 4.2 59.3 1.0162 0.00 0.0M
540720.000 1977 COM2 64 0R0 036 0.9 4.1 59.3 1.0163 0.00 0.0M
540780.000 1977 COM2 64 0R0 355 0.3 4.1 59.1 1.0162 0.00 0.0M
540840.000 1977 COM2 64 0R0 014 0.7 4.1 59.4 1.0162 0.00 0.0M
540900.000 1977 COM2 64 0R0 017 1.0 4.1 59.5 1.0162 0.00 0.0M
540960.000 1977 COM2 64 0R0 018 0.9 4.1 59.5 1.0162 0.00 0.0M
541020.000 1977 COM2 64 0R0 342 1.4 4.1 59.2 1.0162 0.00 0.0M
541080.000 1977 COM2 64 0R0 047 0.7 4.1 59.3 1.0163 0.00 0.0M
541140.000 1977 COM2 64 0R0 353 0.7 4.1 59.4 1.0163 0.00 0.0M
541200.000 1977 COM2 64 0R0 035 0.4 4.1 59.5 1.0163 0.00 0.0M
541260.000 1977 COM2 64 0R0 005 1.3 4.1 59.3 1.0163 0.00 0.0M
541320.000 1977 COM2 64 0R0 021 0.4 4.1 59.4 1.0163 0.00 0.0M
541380.000 1977 COM2 64 0R0 336 0.4 4.1 59.6 1.0163 0.00 0.0M
541440.000 1977 COM2 64 0R0 029 0.6 4.1 59.5 1.0164 0.00 0.0M
541500.000 1977 COM2 64 0R0 328 1.4 4.1 59.6 1.0164 0.00 0.0M
541560.000 1977 COM2 64 0R0 321 1.3 4.1 59.6 1.0164 0.00 0.0M
541620.000 1977 COM2 64 0R0 344 0.8 4.1 59.4 1.0164 0.00 0.0M
541680.000 1977 COM2 64 0R0 357 1.0 4.1 59.5 1.0164 0.00 0.0M
541740.000 1977 COM2 64 0R0 342 2.1 4.1 59.4 1.0165 0.00 0.0M
541800.000 1977 COM2 64 0R0 010 0.9 4.1 59.3 1.0165 0.00 0.0M
541860.000 1977 COM2 64 0R0 014 1.0 4.2 59.4 1.0165 0.00 0.0M
541920.000 1977 COM2 64 0R0 354 1.0 4.2 59.3 1.0166 0.00 0.0M
541980.000 1977 COM2 64 0R0 022 1.2 4.2 59.3 1.0166 0.00 0.0M
542040.000 1977 COM2 64 0R0 350 0.4 4.2 59.4 1.0166 0.00 0.0M
542100.000 1977 COM2 64 0R0 342 2.0 4.2 59.1 1.0165 0.00 0.0M
542160.000 1977 COM2 64 0R0 354 1.7 4.2 59.2 1.0165 0.00 0.0M
542220.000 1977 COM2 64 0R0 023 0.6 4.2 59.2 1.0165 0.00 0.0M
542280.000 1977 COM2 64 0R0 347 1.2 4.2 59.3 1.0165 0.00 0.0M
542340.000 1977 COM2 64 0R0 007 1.5 4.2 59.3 1.0165 0.00 0.0M
542400.000 1977 COM2 64 0R0 021 1.4 4.1 59.4 1.0165 0.00 0.0M
542460.000 1977 COM2 64 0R0 026 1.0 4.1 59.5 1.0165 0.00 0.0M
542520.000 1977 COM2 64 0R0 020 0.8 4.1 59.4 1.0165 0.00 0.0M
542580.000 1977 COM2 64 0R0 354 0.4 4.1 59.5 1.0165 0.00 0.0M
542640.000 1977 COM2 64 0R0 336 0.7 4.1 59.5 1.0165 0.00 0.0M
542700.000 1977 COM2 64 0R0 353 1.1 4.1 59.6 1.0165 0.00 0.0M
542760.000 1977 COM2 64 0R0 042 0.6 4.1 59.4 1.0165 0.00 0.0M
542820.000 1977 COM2 64 0R0 027 1.0 4.1 59.5 1.0166 0.00 0.0M
542880.000 1977 COM2 64 0R0 028 0.6 4.1 59.7 1.0166 0.00 0.0M
542940.000 1977 COM2 64 0R0 023 1.1 4.0 59.8 1.0166 0.00 0.0M
543000.000 1977 COM2 64 0R0 019 1.4 4.0 59.9 1.0166 0.00 0.0M
543060.000 1977 COM2 64 0R0 040 1.3 4.0 60.1 1.0166 0.00 0.0M
543120.000 1977 COM2 64 0R0 041 0.6 4.0 60.1 1.0166 0.00 0.0M
543180.000 1977 COM2 64 0R0 005 1.4 4.0 60.4 1.0166 0.00 0.0M
543240.000 1977 COM2 64 0R0 356 1.8 3.9 60.3 1.0166 0.00 0.0M
543300.000 1977 COM2 64 0R0 032 1.0 3.9 60.3 1.0167 0.00 0.0M
543360.000 1977 COM2 64 0R0 359 1.4 3.9 60.3 1.0167 0.00 0.0M
543420.000 1977 COM2 64 0R0 359 0.5 3.9 60.2 1.0168 0.00 0.0M
543480.000 1977 COM2 64 0R0 337 0.7 3.9 60.2 1.0168 0.00 0.0M
543540.000 1977 COM2 64 0R0 019 1.5 3.9 60.3 1.0168 0.00 0.0M
543600.000 1977 COM2 64 0R0 075 0.7 4.0 60.2 1.0168 0.00 0.0M
543660.000 1977 COM2 64 0R0 001 1.5 4.0 60.1 1.0168 0.00 0.0M
543720.000 1977 COM2 64 0R0 348 0.9 4.0 60.1 1.0168 0.00 0.0M
543780.000 1977 COM2 64 0R0 004 1.2 4.0 60.1 1.0168 0.00 0.0M
543840.000 1977 COM2 64 0R0 051 0.7 4.0 60.1 1.0168 0.00 0.0M
543900.000 1977 COM2 64 0R0 034 0.5 4.0 60.3 1.0168 0.00 0.0M
543960.000 1977 COM2 64 0R0 325 1.3 4.0 60.2 1.0168 0.00 0.0M
544020.000 1977 COM2 64 0R0 339 0.8 4.0 60.2 1.0168 0.00 0.0M
544080.000 1977 COM2 64 0R0 004 0.7 4.0 60.5 1.0168 0.00 0.0M
544140.000 1977 COM2 64 0R0 356 1.7 3.9 60.4 1.0168 0.00 0.0M
544200.000 1977 COM2 64 0R0 347 0.6 3.9 60.4 1.0169 0.00 0.0M
544260.000 1977 COM2 64 0R0 347 1.6 3.9 60.4 1.0169 0.00 0.0M
544320.000 1977 COM2 64 0R0 350 1.5 3.9 60.4 1.0169 0.00 0.0M
544380.000 1977 COM2 64 0R0 302 0.7 3.9 60.5 1.0169 0.00 0.0M
544440.000 1977 COM2 64 0R0 358 1.2 3.9 60.4 1.0169 0.00 0.0M
544500.000 1977 COM2 64 0R0 015 0.6 3.9 60.5 1.0169 0.00 0.0M
544560.000 1977 COM2 64 0R0 348 1.3 3.9 60.2 1.0169 0.00 0.0M
544620.000 1977 COM2 64 0R0 346 1.6 4.0 60.5 1.0170 0.00 0.0M
544680.000 1977 COM2 64 0R0 024 1.6 4.0 60.2 1.0170 0.00 0.0M
544740.000 1977 COM2 64 0R0 339 1.4 4.0 60.4 1.0171 0.00 0.0M
544800.000 1977 COM2 64 0R0 016 0.4 4.0 60.4 1.0171 0.00 0.0M
544860.000 1977 COM2 64 0R0 354 0.9 4.0 60.4 1.0172 0.00 0.0M
544920.000 1977 COM2 64 0R0 316 0.6 4.0 60.3 1.0172 0.00 0.0M
544980.000 1977 COM2 64 0R0 335 0.8 4.0 60.4 1.0172 0.00 0.0M
545040.000 1977 COM2 64 0R0 340 2.4 4.0 60.2 1.0171 0.00 0.0M
545100.000 1977 COM2 64 0R0 345 0.6 4.0 60.2 1.0172 0.00 0.0M
545160.000 1977 COM2 64 0R0 327 1.4 4.0 60.2 1.0172 0.00 0.0M
545220.000 1977 COM2 64 0R0 346 2.2 4.0 60.2 1.0171 0.00 0.0M
545280.000 1977 COM2 64 0R0 041 0.6 4.0 59.9 1.0172 0.00 0.0M
545340.000 1977 COM2 64 0R0 340 1.5 4.0 59.9 1.0171 0.00 0.0M
545400.000 1977 COM2 64 0R0 347 1.9 4.0 60.0 1.0172 0.00 0.0M
545460.000 1977 COM2 64 0R0 335 2.2 4.0 60.0 1.0172 0.00 0.0M
545520.000 1977 COM2 64 0R0 327 1.1 4.0 60.0 1.0171 0.00 0.0M
545580.000 1977 COM2 64 0R0 336 1.2 4.0 60.2 1.0171 0.00 0.0M
545640.000 1977 COM2 64 0R0 355 1.7 3.9 60.1 1.0171 0.00 0.0M
545700.000 1977 COM2 64 0R0 330 2.0 3.9 60.2 1.0171 0.00 0.0M
545760.000 1977 COM2 64 0R0 339 1.8 3.9 60.3 1.0171 0.00 0.0M
545820.000 1977 COM2 64 0R0 348 2.4 3.9 60.2 1.0171 0.00 0.0M
545880.000 1977 COM2 64 0R0 012 1.9 3.9 60.2 1.0171 0.00 0.0M
545940.000 1977 COM2 64 0R0 335 1.8 3.9 60.2 1.0171 0.00 0.0M
546000.000 1977 COM2 64 0R0 356 1.1 3.9 60.4 1.0171 0.00 0.0M
546060.000 1977 COM2 64 0R0 033 0.8 3.9 60.5 1.0170 0.00 0.0M
546120.000 1977 COM2 64 0R0 335 1.0 3.9 60.5 1.0170 0.00 0.0M
546180.000 1977 COM2 64 0R0 018 1.8 3.9 60.5 1.0170 0.00 0.0M
546240.000 1977 COM2 64 0R0 037 1.7 3.9 60.5 1.0170 0.00 0.0M
546300.000 1977 COM2 64 0R0 345 1.4 3.8 60.6 1.0170 0.00 0.0M
546360.000 1977 COM2 64 0R0 024 0.6 3.8 60.6 1.0170 0.00 0.0M
546420.000 1977 COM2 64 0R0 341 1.5 3.8 60.7 1.0170 0.00 0.0M
546480.000 1977 COM2 64 0R0 034 1.4 3.8 60.8 1.0170 0.00 0.0M
546540.000 1977 COM2 64 0R0 350 0.5 3.8 60.7 1.0170 0.00 0.0M
546600.000 1977 COM2 64 0R0 026 0.9 3.7 60.8 1.0170 0.00 0.0M
546660.000 1977 COM2 64 0R0 022 0.9 3.7 60.9 1.0170 0.00 0.0M
546720.000 1977 COM2 64 0R0 050 1.5 3.7 61.1 1.0170 0.00 0.0M
546780.000 1977 COM2 64 0R0 353 1.1 3.7 61.3 1.0170 0.00 0.0M
546840.000 1977 COM2 64 0R0 356 1.1 3.7 61.3 1.0170 0.00 0.0M
546900.000 1977 COM2 64 0R0 042 0.5 3.7 61.4 1.0170 0.00 0.0M
546960.000 1977 COM2 64 0R0 323 0.4 3.7 61.3 1.0170 0.00 0.0M
547020.000 1977 COM2 64 0R0 018 1.5 3.6 61.4 1.0170 0.00 0.0M
547080.000 1977 COM2 64 0R0 339 1.6 3.6 61.6 1.0170 0.00 0.0M
547140.000 1977 COM2 64 0R0 353 0.9 3.6 61.5 1.0170 0.00 0.0M
547200.000 1977 COM2 64 0R0 024 0.9 3.6 61.5 1.0170 0.00 0.0M
547260.000 1977 COM2 64 0R0 352 1.1 3.6 61.6 1.0170 0.00 0.0M
547320.000 1977 COM2 64 0R0 028 1.0 3.6 61.8 1.0170 0.00 0.0M
547380.000 1977 COM2 64 0R0 347 0.8 3.6 61.9 1.0169 0.00 0.0M
547440.000 1977 COM2 64 0R0 339 1.7 3.5 61.9 1.0169 0.00 0.0M
547500.000 1977 COM2 64 0R0 002 0.9 3.5 62.1 1.0169 0.00 0.0M
547560.000 1977 COM2 64 0R0 358 0.9 3.5 62.0 1.0169 0.00 0.0M
547620.000 1977 COM2 64 0R0 044 0.3 3.5 62.1 1.0168 0.00 0.0M
547680.000 1977 COM2 64 0R0 070 0.5 3.5 62.1 1.0169 0.00 0.0M
547740.000 1977 COM2 64 0R0 020 1.0 3.4 62.3 1.0169 0.00 0.0M
547800.000 1977 COM2 64 0R0 354 0.8 3.4 62.3 1.0169 0.00 0.0M
547860.000 1977 COM2 64 0R0 347 0.8 3.4 62.2 1.0169 0.00 0.0M
547920.000 1977 COM2 64 0R0 336 0.8 3.4 62.7 1.0169 0.00 0.0M
547980.000 1977 COM2 64 0R0 011 1.1 3.4 62.8 1.0169 0.00 0.0M
548040.000 1977 COM2 64 0R0 001 0.4 3.4 62.5 1.0169 0.00 0.0M
548100.000 1977 COM2 64 0R0 011 0.5 3.3 62.8 1.0169 0.00 0.0M
548160.000 1977 COM2 64 0R0 001 0.6 3.3 62.9 1.0169 0.00 0.0M
548220.000 1977 COM2 64 0R0 335 0.8 3.3 63.3 1.0170 0.00 0.0M
548280.000 1977 COM2 64 0R0 046 0.9 3.3 63.1 1.0170 0.00 0.0M
548340.000 1977 COM2 64 0R0 345 1.3 3.3 63.1 1.0170 0.00 0.0M
548400.000 1977 COM2 64 0R0 044 1.1 3.3 63.1 1.0170 0.00 0.0M
548460.000 1977 COM2 64 0R0 343 1.3 3.2 63.2 1.0170 0.00 0.0M
548520.000 1977 COM2 64 0R0 023 0.7 3.2 63.3 1.0170 0.00 0.0M
548580.000 1977 COM2 64 0R0 341 2.5 3.2 63.2 1.0170 0.00 0.0M
548640.000 1977 COM2 64 0R0 342 3.1 3.2 62.9 1.0170 0.00 0.0M
548700.000 1977 COM2 64 0R0 010 0.8 3.2 62.9 1.0170 0.00 0.0M
548760.000 1977 COM2 64 0R0 344 2.3 3.2 62.7 1.0170 0.00 0.0M
548820.000 1977 COM2 64 0R0 004 1.2 3.2 63.1 1.0170 0.00 0.0M
548880.000 1977 COM2 64 0R0 339 0.7 3.2 62.8 1.0170 0.00 0.0M
548940.000 1977 COM2 64 0R0 350 1.5 3.2 62.9 1.0170 0.00 0.0M
549000.000 1977 COM2 64 0R0 349 2.2 3.2 62.9 1.0170 0.00 0.0M
549060.000 1977 COM2 64 0R0 343 2.7 3.2 63.0 1.0170 0.00 0.0M
549120.000 1977 COM2 64 0R0 341 2.6 3.2 63.1 1.0170 0.00 0.0M
549180.000 1977 COM2 64 0R0 001 1.5 3.2 63.1 1.0170 0.00 0.0M
549240.000 1977 COM2 64 0R0 002 1.0 3.1 63.3 1.0170 0.00 0.0M
549300.000 1977 COM2 64 0R0 341 2.6 3.1 63.1 1.0170 0.00 0.0M
549360.000 1977 COM2 64 0R0 339 2.2 3.1 63.3 1.0170 0.00 0.0M
549420.000 1977 COM2 64 0R0 070 0.9 3.1 63.4 1.0170 0.00 0.0M
549480.000 1977 COM2 64 0R0 040 1.3 3.1 63.4 1.0170 0.00 0.0M
549540.000 1977 COM2 64 0R0 030 1.4 3.1 63.6 1.0169 0.00 0.0M
549600.000 1977 COM2 64 0R0 034 1.2 3.1 63.6 1.0169 0.00 0.0M
549660.000 1977 COM2 64 0R0 003 1.3 3.1 63.6 1.0169 0.00 0.0M
549720.000 1977 COM2 64 0R0 023 1.0 3.0 63.7 1.0169 0.00 0.0M
549780.000 1977 COM2 64 0R0 357 1.3 3.0 63.7 1.0169 0.00 0.0M
549840.000 1977 COM2 64 0R0 005 1.3 3.0 63.8 1.0169 0.00 0.0M
549900.000 1977 COM2 64 0R0 026 1.5 3.0 64.1 1.0169 0.00 0.0M
549960.000 1977 COM2 64 0R0 009 0.9 3.0 63.9 1.0169 0.00 0.0M
550020.000 1977 COM2 64 0R0 358 1.1 3.0 63.9 1.0169 0.00 0.0M
550080.000 1977 COM2 64 0R0 356 1.7 3.0 63.9 1.0168 0.00 0.0M
550140.000 1977 COM2 64 0R0 357 1.4 3.0 63.8 1.0168 0.00 0.0M
550200.000 1977 COM2 64 0R0 342 1.8 3.0 63.9 1.0168 0.00 0.0M
550260.000 1977 COM2 64 0R0 034 1.2 2.9 64.0 1.0168 0.00 0.0M
550320.000 1977 COM2 64 0R0 022 2.3 2.9 64.0 1.0168 0.00 0.0M
550380.000 1977 COM2 64 0R0 327 1.1 2.9 64.0 1.0168 0.00 0.0M
550440.000 1977 COM2 64 0R0 044 1.1 2.9 64.1 1.0169 0.00 0.0M
550500.000 1977 COM2 64 0R0 027 1.4 2.9 64.4 1.0169 0.00 0.0M
550560.000 1977 COM2 64 0R0 161 0.4 2.8 64.6 1.0169 0.00 0.0M
550620.000 1977 COM2 64 0R0 333 1.8 2.8 64.6 1.0169 0.00 0.0M
550680.000 1977 COM2 64 0R0 339 2.9 2.8 64.5 1.0169 0.00 0.0M
550740.000 1977 COM2 64 0R0 334 1.9 2.8 64.2 1.0169 0.00 0.0M
550800.000 1977 COM2 64 0R0 332 2.3 2.8 64.5 1.0169 0.00 0.0M
550860.000 1977 COM2 64 0R0 343 3.5 2.8 64.2 1.0169 0.00 0.0M
550920.000 1977 COM2 64 0R0 346 2.1 2.8 64.2 1.0169 0.00 0.0M
550980.000 1977 COM2 64 0R0 342 2.9 2.8 64.4 1.0169 0.00 0.0M
551040.000 1977 COM2 64 0R0 342 2.9 2.8 64.4 1.0169 0.00 0.0M
551100.000 1977 COM2 64 0R0 352 1.9 2.8 64.4 1.0170 0.00 0.0M
551160.000 1977 COM2 64 0R0 347 1.9 2.8 64.5 1.0170 0.00 0.0M
551220.000 1977 COM2 64 0R0 342 2.0 2.9 64.3 1.0170 0.00 0.0M
551280.000 1977 COM2 64 0R0 348 0.6 2.9 64.2 1.0170 0.00 0.0M
551340.000 1977 COM2 64 0R0 356 1.1 2.9 64.4 1.0170 0.00 0.0M
551400.000 1977 COM2 64 0R0 353 1.3 2.9 64.3 1.0170 0.00 0.0M
551460.000 1977 COM2 64 0R0 341 2.2 2.9 64.2 1.0169 0.00 0.0M
551520.000 1977 COM2 64 0R0 342 2.4 2.9 64.2 1.0169 0.00 0.0M
551580.000 1977 COM2 64 0R0 340 2.8 2.9 63.9 1.0169 0.00 0.0M
551640.000 1977 COM2 64 0R0 326 1.2 3.0 64.0 1.0169 0.00 0.0M
551700.000 1977 COM2 64 0R0 341 2.4 3.0 64.0 1.0169 0.00 0.0M
551760.000 1977 COM2 64 0R0 357 1.6 3.0 63.8 1.0169 0.00 0.0M
551820.000 1977 COM2 64 0R0 340 1.9 3.0 63.6 1.0169 0.00 0.0M
551880.000 1977 COM2 64 0R0 336 2.6 3.0 63.6 1.0169 0.00 0.0M
551940.000 1977 COM2 64 0R0 013 1.9 3.0 63.8 1.0168 0.00 0.0M
552000.000 1977 COM2 64 0R0 350 0.9 2.9 63.9 1.0168 0.00 0.0M
552060.000 1977 COM2 64 0R0 339 2.7 2.9 64.1 1.0168 0.00 0.0M
552120.000 1977 COM2 64 0R0 345 1.8 2.9 64.0 1.0168 0.00 0.0M
552180.000 1977 COM2 64 0R0 017 1.0 2.9 64.3 1.0168 0.00 0.0M
552240.000 1977 COM2 64 0R0 347 1.0 2.9 64.2 1.0168 0.00 0.0M
552300.000 1977 COM2 64 0R0 330 1.1 2.9 64.4 1.0168 0.00 0.0M
552360.000 1977 COM2 64 0R0 357 1.1 2.9 64.4 1.0168 0.00 0.0M
552420.000 1977 COM2 64 0R0 355 1.4 2.9 64.3 1.0168 0.00 0.0M
552480.000 1977 COM2 64 0R0 352 1.9 2.9 64.3 1.0168 0.00 0.0M
552540.000 1977 COM2 64 0R0 004 1.1 2.9 64.3 1.0168 0.00 0.0M
552600.000 1977 COM2 64 0R0 359 0.5 2.8 64.6 1.0168 0.00 0.0M
552660.000 1977 COM2 64 0R0 333 2.9 2.8 64.6 1.0168 0.00 0.0M
552720.000 1977 COM2 64 0R0 012 0.8 2.8 64.5 1.0168 0.00 0.0M
552780.000 1977 COM2 64 0R0 011 1.1 2.9 64.6 1.0167 0.00 0.0M
552840.000 1977 COM2 64 0R0 027 1.6 2.9 64.5 1.0167 0.00 0.0M
552900.000 1977 COM2 64 0R0 342 1.8 2.8 64.6 1.0167 0.00 0.0M
552960.000 1977 COM2 64 0R0 021 0.8 2.8 64.6 1.0167 0.00 0.0M
553020.000 1977 COM2 64 0R0 088 0.4 2.8 64.6 1.0167 0.00 0.0M
553080.000 1977 COM2 64 0R0 033 1.5 2.8 64.7 1.0166 0.00 0.0M
553140.000 1977 COM2 64 0R0 023 2.2 2.8 64.7 1.0166 0.00 0.0M
553200.000 1977 COM2 64 0R0 074 0.7 2.9 64.7 1.0166 0.00 0.0M
553260.000 1977 COM2 64 0R0 346 1.5 2.9 65.0 1.0166 0.00 0.0M
553320.000 1977 COM2 64 0R0 012 1.1 2.9 64.9 1.0166 0.00 0.0M
553380.000 1977 COM2 64 0R0 030 1.4 2.9 64.7 1.0166 0.00 0.0M
553440.000 1977 COM2 64 0R0 003 1.5 2.9 64.6 1.0166 0.00 0.0M
553500.000 1977 COM2 64 0R0 028 0.5 2.9 64.5 1.0165 0.00 0.0M
553560.000 1977 COM2 64 0R0 041 0.5 3.0 64.3 1.0165 0.00 0.0M
553620.000 1977 COM2 64 0R0 042 0.6 2.9 64.3 1.0165 0.00 0.0M
553680.000 1977 COM2 64 0R0 025 1.3 2.9 64.6 1.0165 0.00 0.0M
553740.000 1977 COM2 64 0R0 332 0.8 2.9 64.6 1.0165 0.00 0.0M
553800.000 1977 COM2 64 0R0 003 1.0 2.9 64.6 1.0165 0.00 0.0M
553860.000 1977 COM2 64 0R0 013 1.4 2.9 64.7 1.0165 0.00 0.0M
553920.000 1977 COM2 64 0R0 010 1.3 2.9 64.6 1.0165 0.00 0.0M
553980.000 1977 COM2 64 0R0 002 1.1 2.8 64.7 1.0165 0.00 0.0M
554040.000 1977 COM2 64 0R0 009 1.5 2.8 64.9 1.0165 0.00 0.0M
554100.000 1977 COM2 64 0R0 023 0.8 2.8 64.8 1.0165 0.00 0.0M
554160.000 1977 COM2 64 0R0 309 0.4 2.8 64.9 1.0165 0.00 0.0M
554220.000 1977 COM2 64 0R0 325 0.7 2.9 64.9 1.0165 0.00 0.0M
554280.100 1977 COM2 64 0R0 027 1.6 2.9 64.8 1.0165 0.00 0.0M
554340.000 1977 COM2 64 0R0 032 0.8 2.9 64.8 1.0165 0.00 0.0M
554400.000 1977 COM2 64 0R0 349 1.3 2.9 64.8 1.0165 0.00 0.0M
554460.000 1977 COM2 64 0R0 006 0.7 2.9 64.7 1.0165 0.00 0.0M
554520.000 1977 COM2 64 0R0 035 0.8 2.9 65.2 1.0166 0.00 0.0M
554580.000 1977 COM2 64 0R0 004 1.1 2.9 64.9 1.0166 0.00 0.0M
554640.000 1977 COM2 64 0R0 339 2.3 2.9 64.8 1.0166 0.00 0.0M
554700.000 1977 COM2 64 0R0 009 1.4 2.9 64.9 1.0166 0.00 0.0M
554760.000 1977 COM2 64 0R0 019 1.6 2.9 64.8 1.0165 0.00 0.0M
554820.000 1977 COM2 64 0R0 342 1.5 3.0 64.6 1.0165 0.00 0.0M
554880.000 1977 COM2 64 0R0 024 1.7 3.0 64.4 1.0165 0.00 0.0M
554940.000 1977 COM2 64 0R0 050 1.4 3.0 64.4 1.0165 0.00 0.0M
555000.000 1977 COM2 64 0R0 047 0.6 3.0 64.2 1.0166 0.00 0.0M
555060.000 1977 COM2 64 0R0 026 0.5 3.0 64.2 1.0166 0.00 0.0M
555120.000 1977 COM2 64 0R0 352 1.1 3.0 64.4 1.0165 0.00 0.0M
555180.000 1977 COM2 64 0R0 023 0.9 3.0 64.3 1.0165 0.00 0.0M
555240.000 1977 COM2 64 0R0 347 0.9 3.0 64.2 1.0165 0.00 0.0M
555300.000 1977 COM2 64 0R0 344 1.2 3.0 64.2 1.0165 0.00 0.0M
555360.000 1977 COM2 64 0R0 031 1.6 3.1 64.2 1.0166 0.00 0.0M
555420.000 1977 COM2 64 0R0 335 2.0 3.1 64.3 1.0166 0.00 0.0M
555480.000 1977 COM2 64 0R0 015 1.0 3.1 64.1 1.0166 0.00 0.0M
555540.000 1977 COM2 64 0R0 014 2.1 3.1 64.2 1.0166 0.00 0.0M
555600.000 1977 COM2 64 0R0 049 0.6 3.1 64.1 1.0166 0.00 0.0M
555660.000 1977 COM2 64 0R0 002 0.7 3.1 64.0 1.0166 0.00 0.0M
555720.000 1977 COM2 64 0R0 345 1.9 3.1 64.1 1.0166 0.00 0.0M
555780.000 1977 COM2 64 0R0 335 1.1 3.1 64.0 1.0166 0.00 0.0M
555840.000 1977 COM2 64 0R0 315 0.7 3.1 64.0 1.0166 0.00 0.0M
555900.000 1977 COM2 64 0R0 341 2.4 3.1 64.0 1.0166 0.00 0.0M
555960.000 1977 COM2 64 0R0 033 2.3 3.1 64.2 1.0166 0.00 0.0M
556020.000 1977 COM2 64 0R0 009 1.2 3.1 64.2 1.0166 0.00 0.0M
556080.000 1977 COM2 64 0R0 008 1.3 3.1 64.2 1.0166 0.00 0.0M
556140.000 1977 COM2 64 0R0 348 1.3 3.0 64.2 1.0166 0.00 0.0M
556200.000 1977 COM2 64 0R0 029 1.4 3.0 64.3 1.0166 0.00 0.0M
556260.000 1977 COM2 64 0R0 007 0.4 3.0 64.3 1.0166 0.00 0.0M
556320.000 1977 COM2 64 0R0 023 1.6 3.0 64.3 1.0166 0.00 0.0M
556380.000 1977 COM2 64 0R0 348 2.5 3.0 64.4 1.0166 0.00 0.0M
556440.000 1977 COM2 64 0R0 350 1.2 3.0 64.3 1.0166 0.00 0.0M
556500.000 1977 COM2 64 0R0 357 0.9 3.0 64.3 1.0166 0.00 0.0M
556560.000 1977 COM2 64 0R0 346 0.4 3.0 64.3 1.0166 0.00 0.0M
556620.000 1977 COM2 64 0R0 068 0.7 3.0 64.3 1.0166 0.00 0.0M
556680.000 1977 COM2 64 0R0 034 0.7 3.0 64.4 1.0166 0.00 0.0M
556740.000 1977 COM2 64 0R0 346 1.4 3.0 64.6 1.0166 0.00 0.0M
556800.000 1977 COM2 64 0R0 057 0.5 2.9 64.5 1.0166 0.00 0.0M
556860.000 1977 COM2 64 0R0 031 1.0 2.9 64.6 1.0166 0.00 0.0M
556920.000 1977 COM2 64 0R0 016 0.9 2.9 64.5 1.0166 0.00 0.0M
556980.000 1977 COM2 64 0R0 348 1.1 3.0 64.6 1.0166 0.00 0.0M
557040.000 1977 COM2 64 0R0 328 1.5 3.0 64.5 1.0166 0.00 0.0M
557100.000 1977 COM2 64 0R0 326 0.6 3.0 64.2 1.0166 0.00 0.0M
557160.000 1977 COM2 64 0R0 005 2.2 3.0 64.2 1.0167 0.00 0.0M
557220.000 1977 COM2 64 0R0 357 0.9 3.0 64.2 1.0167 0.00 0.0M
557280.000 1977 COM2 64 0R0 004 1.6 3.0 64.3 1.0167 0.00 0.0M
557340.000 1977 COM2 64 0R0 333 1.1 2.9 64.4 1.0167 0.00 0.0M
557400.000 1977 COM2 64 0R0 328 0.3 2.9 64.3 1.0167 0.00 0.0M
557460.000 1977 COM2 64 0R0 356 1.2 2.9 64.5 1.0167 0.00 0.0M
557520.000 1977 COM2 64 0R0 029 1.1 2.9 64.5 1.0167 0.00 0.0M
557580.000 1977 COM2 64 0R0 028 1.4 2.8 64.8 1.0167 0.00 0.0M
557640.000 1977 COM2 64 0R0 002 0.7 2.8 64.7 1.0167 0.00 0.0M
557700.000 1977 COM2 64 0R0 356 0.7 2.8 64.7 1.0168 0.00 0.0M
557760.000 1977 COM2 64 0R0 356 1.5 2.8 64.6 1.0168 0.00 0.0M
557820.000 1977 COM2 64 0R0 336 2.4 2.8 64.6 1.0168 0.00 0.0M
557880.000 1977 COM2 64 0R0 344 0.9 2.8 64.6 1.0168 0.00 0.0M
557940.000 1977 COM2 64 0R0 346 0.8 2.9 64.5 1.0168 0.00 0.0M
558000.000 1977 COM2 64 0R0 337 1.4 2.9 64.5 1.0168 0.00 0.0M
558060.000 1977 COM2 64 0R0 019 1.5 2.9 64.4 1.0168 0.00 0.0M
558120.000 1977 COM2 64 0R0 005 1.1 2.9 64.5 1.0168 0.00 0.0M
558180.000 1977 COM2 64 0R0 034 1.4 2.8 64.5 1.0169 0.00 0.0M
558240.000 1977 COM2 64 0R0 340 1.9 2.8 64.6 1.0169 0.00 0.0M
558300.000 1977 COM2 64 0R0 017 1.6 2.8 64.7 1.0169 0.00 0.0M
558360.000 1977 COM2 64 0R0 336 2.3 2.8 64.7 1.0169 0.00 0.0M
558420.000 1977 COM2 64 0R0 001 2.0 2.8 64.7 1.0169 0.00 0.0M
558480.000 1977 COM2 64 0R0 333 1.7 2.8 64.9 1.0168 0.00 0.0M
558540.000 1977 COM2 64 0R0 342 0.8 2.7 64.9 1.0168 0.00 0.0M
558600.000 1977 COM2 64 0R0 345 1.6 2.7 64.9 1.0168 0.00 0.0M
558660.000 1977 COM2 64 0R0 335 1.1 2.7 65.2 1.0168 0.00 0.0M
558720.000 1977 COM2 64 0R0 026 2.6 2.7 65.3 1.0168 0.00 0.0M
558780.000 1977 COM2 64 0R0 030 1.8 2.6 65.3 1.0169 0.00 0.0M
558840.000 1977 COM2 64 0R0 027 1.4 2.6 65.4 1.0169 0.00 0.0M
558900.000 1977 COM2 64 0R0 355 0.8 2.6 65.5 1.0169 0.00 0.0M
558960.000 1977 COM2 64 0R0 043 1.3 2.6 65.7 1.0169 0.00 0.0M
559020.000 1977 COM2 64 0R0 343 1.2 2.5 65.8 1.0169 0.00 0.0M
559080.000 1977 COM2 64 0R0 023 1.2 2.5 65.7 1.0169 0.00 0.0M
559140.000 1977 COM2 64 0R0 029 0.9 2.5 65.6 1.0169 0.00 0.0M
559200.000 1977 COM2 64 0R0 332 1.3 2.5 65.7 1.0168 0.00 0.0M
559260.000 1977 COM2 64 0R0 038 1.6 2.5 65.6 1.0168 0.00 0.0M
559320.000 1977 COM2 64 0R0 347 2.2 2.5 65.5 1.0168 0.00 0.0M
559380.000 1977 COM2 64 0R0 359 1.2 2.5 65.5 1.0168 0.00 0.0M
559440.000 1977 COM2 64 0R0 059 0.6 2.5 65.7 1.0168 0.00 0.0M
559500.000 1977 COM2 64 0R0 011 2.1 2.6 65.8 1.0168 0.00 0.0M
559560.000 1977 COM2 64 0R0 033 1.3 2.6 65.6 1.0168 0.00 0.0M
559620.000 1977 COM2 64 0R0 359 0.9 2.5 65.8 1.0168 0.00 0.0M
559680.000 1977 COM2 64 0R0 000 1.7 2.5 66.0 1.0168 0.00 0.0M
559740.000 1977 COM2 64 0R0 328 0.8 2.5 65.8 1.0168 0.00 0.0M
559800.000 1977 COM2 64 0R0 341 1.5 2.5 66.0 1.0168 0.00 0.0M
559860.000 1977 COM2 64 0R0 022 1.3 2.5 66.0 1.0169 0.00 0.0M
559920.000 1977 COM2 64 0R0 338 2.1 2.4 66.0 1.0169 0.00 0.0M
559980.000 1977 COM2 64 0R0 340 2.0 2.4 65.9 1.0169 0.00 0.0M
560040.000 1977 COM2 64 0R0 013 2.5 2.4 66.0 1.0169 0.00 0.0M
560100.000 1977 COM2 64 0R0 006 1.1 2.4 66.1 1.0169 0.00 0.0M
560160.000 1977 COM2 64 0R0 057 1.2 2.4 66.1 1.0169 0.00 0.0M
560220.000 1977 COM2 64 0R0 338 1.1 2.4 66.1 1.0169 0.00 0.0M
560280.000 1977 COM2 64 0R0 003 1.4 2.4 66.3 1.0169 0.00 0.0M
560340.000 1977 COM2 64 0R0 354 0.9 2.4 66.3 1.0170 0.00 0.0M
560400.000 1977 COM2 64 0R0 031 0.5 2.4 66.3 1.0170 0.00 0.0M
560460.000 1977 COM2 64 0R0 357 2.1 2.4 66.4 1.0170 0.00 0.0M
560520.000 1977 COM2 64 0R0 359 0.5 2.4 66.3 1.0170 0.00 0.0M
560580.000 1977 COM2 64 0R0 051 0.9 2.5 66.0 1.0170 0.00 0.0M
560640.000 1977 COM2 64 0R0 357 2.1 2.5 66.1 1.0170 0.00 0.0M
560700.000 1977 COM2 64 0R0 015 2.9 2.5 65.8 1.0171 0.00 0.0M
560760.000 1977 COM2 64 0R0 334 1.3 2.5 65.9 1.0171 0.00 0.0M
560820.000 1977 COM2 64 0R0 018 1.6 2.5 65.7 1.0171 0.00 0.0M
560880.000 1977 COM2 64 0R0 340 1.3 2.5 65.7 1.0171 0.00 0.0M
560940.000 1977 COM2 64 0R0 018 1.7 2.5 65.7 1.0171 0.00 0.0M
561000.000 1977 COM2 64 0R0 029 2.1 2.5 65.7 1.0171 0.00 0.0M
561060.000 1977 COM2 64 0R0 017 1.6 2.5 65.8 1.0171 0.00 0.0M
561120.000 1977 COM2 64 0R0 348 1.6 2.5 65.9 1.0171 0.00 0.0M
561180.000 1977 COM2 64 0R0 003 1.8 2.5 66.0 1.0172 0.00 0.0M
561240.000 1977 COM2 64 0R0 020 0.7 2.5 66.0 1.0172 0.00 0.0M
561300.000 1977 COM2 64 0R0 037 1.1 2.5 65.9 1.0172 0.00 0.0M
561360.000 1977 COM2 64 0R0 358 1.9 2.5 66.0 1.0172 0.00 0.0M
561420.000 1977 COM2 64 0R0 043 1.2 2.5 65.9 1.0172 0.00 0.0M
561480.000 1977 COM2 64 0R0 033 2.6 2.5 66.2 1.0172 0.00 0.0M
561540.000 1977 COM2 64 0R0 352 2.7 2.4 66.4 1.0172 0.00 0.0M
561600.000 1977 COM2 64 0R0 342 1.2 2.4 66.5 1.0172 0.00 0.0M
561660.000 1977 COM2 64 0R0 353 1.2 2.4 66.5 1.0173 0.00 0.0M
561720.000 1977 COM2 64 0R0 342 2.6 2.4 66.7 1.0173 0.00 0.0M
561780.000 1977 COM2 64 0R0 352 1.2 2.3 66.7 1.0173 0.00 0.0M
561840.000 1977 COM2 64 0R0 033 1.9 2.3 66.8 1.0173 0.00 0.0M
561900.000 1977 COM2 64 0R0 333 2.0 2.3 66.9 1.0173 0.00 0.0M
561960.000 1977 COM2 64 0R0 016 1.7 2.3 67.0 1.0173 0.00 0.0M
562020.000 1977 COM2 64 0R0 038 1.9 2.3 67.0 1.0173 0.00 0.0M
562080.000 1977 COM2 64 0R0 016 0.7 2.2 67.2 1.0173 0.00 0.0M
562140.000 1977 COM2 64 0R0 010 0.9 2.2 67.3 1.0173 0.00 0.0M
562200.000 1977 COM2 64 0R0 041 1.2 2.2 67.2 1.0173 0.00 0.0M
562260.000 1977 COM2 64 0R0 358 0.8 2.2 67.2 1.0173 0.00 0.0M
562320.000 1977 COM2 64 0R0 024 0.7 2.2 67.2 1.0173 0.00 0.0M
562380.000 1977 COM2 64 0R0 345 1.9 2.2 67.2 1.0173 0.00 0.0M
562440.000 1977 COM2 64 0R0 337 2.2 2.2 67.2 1.0173 0.00 0.0M
562500.000 1977 COM2 64 0R0 000 1.5 2.2 67.3 1.0173 0.00 0.0M
562560.000 1977 COM2 64 0R0 094 0.5 2.2 67.3 1.0173 0.00 0.0M
562620.000 1977 COM2 64 0R0 350 1.5 2.2 67.3 1.0173 0.00 0.0M
562680.000 1977 COM2 64 0R0 082 1.1 2.2 67.1 1.0173 0.00 0.0M
562740.000 1977 COM2 64 0R0 061 1.0 2.3 67.1 1.0173 0.00 0.0M
562800.000 1977 COM2 64 0R0 328 1.0 2.3 67.0 1.0173 0.00 0.0M
562860.000 1977 COM2 64 0R0 345 0.9 2.3 67.1 1.0172 0.00 0.0M
562920.000 1977 COM2 64 0R0 335 1.9 2.3 66.7 1.0172 0.00 0.0M
562980.000 1977 COM2 64 0R0 342 1.9 2.3 66.9 1.0172 0.00 0.0M
563040.000 1977 COM2 64 0R0 325 1.1 2.3 66.9 1.0172 0.00 0.0M
563100.000 1977 COM2 64 0R0 342 1.0 2.3 66.5 1.0172 0.00 0.0M
563160.000 1977 COM2 64 0R0 050 1.0 2.3 66.7 1.0173 0.00 0.0M
563220.000 1977 COM2 64 0R0 023 1.0 2.3 66.6 1.0173 0.00 0.0M
563280.000 1977 COM2 64 0R0 355 1.0 2.3 66.6 1.0173 0.00 0.0M
563340.000 1977 COM2 64 0R0 338 1.0 2.3 66.6 1.0173 0.00 0.0M
563400.000 1977 COM2 64 0R0 338 1.3 2.3 66.6 1.0173 0.00 0.0M
563460.000 1977 COM2 64 0R0 020 0.5 2.4 66.4 1.0173 0.00 0.0M
563520.000 1977 COM2 64 0R0 003 0.5 2.4 66.6 1.0173 0.00 0.0M
563580.000 1977 COM2 64 0R0 354 1.5 2.4 66.5 1.0173 0.00 0.0M
563640.000 1977 COM2 64 0R0 347 1.5 2.4 66.3 1.0173 0.00 0.0M
563700.000 1977 COM2 64 0R0 353 0.7 2.4 66.1 1.0173 0.00 0.0M
563760.000 1977 COM2 64 0R0 014 0.7 2.5 66.0 1.0173 0.00 0.0M
563820.000 1977 COM2 64 0R0 022 2.9 2.5 66.0 1.0174 0.00 0.0M
563880.000 1977 COM2 64 0R0 001 0.4 2.5 65.9 1.0174 0.00 0.0M
563940.000 1977 COM2 64 0R0 344 0.6 2.5 65.8 1.0174 0.00 0.0M
564000.000 1977 COM2 64 0R0 036 2.0 2.6 65.8 1.0174 0.00 0.0M
564060.000 1977 COM2 64 0R0 337 2.6 2.6 65.4 1.0175 0.00 0.0M
564120.000 1977 COM2 64 0R0 066 0.5 2.7 65.0 1.0174 0.00 0.0M
564180.000 1977 COM2 64 0R0 012 0.9 2.8 64.9 1.0174 0.00 0.0M
564240.000 1977 COM2 64 0R0 019 2.8 2.8 64.7 1.0174 0.00 0.0M
564300.000 1977 COM2 64 0R0 002 1.2 2.8 64.8 1.0174 0.00 0.0M
564360.000 1977 COM2 64 0R0 335 3.0 2.8 64.6 1.0174 0.00 0.0M
564420.000 1977 COM2 64 0R0 060 0.7 2.8 64.7 1.0175 0.00 0.0M
564480.000 1977 COM2 64 0R0 011 1.2 2.8 64.5 1.0175 0.00 0.0M
564540.000 1977 COM2 64 0R0 344 1.3 2.8 64.5 1.0175 0.00 0.0M
564600.000 1977 COM2 64 0R0 335 1.3 2.9 64.2 1.0175 0.00 0.0M
564660.000 1977 COM2 64 0R0 027 1.6 2.9 63.9 1.0175 0.00 0.0M
564720.000 1977 COM2 64 0R0 007 1.4 3.0 64.0 1.0175 0.00 0.0M
564780.000 1977 COM2 64 0R0 297 0.6 3.0 63.8 1.0175 0.00 0.0M
564840.000 1977 COM2 64 0R0 020 1.5 3.0 63.6 1.0175 0.00 0.0M
564900.000 1977 COM2 64 0R0 007 1.3 3.0 63.7 1.0175 0.00 0.0M
564960.000 1977 COM2 64 0R0 358 1.0 3.0 63.8 1.0175 0.00 0.0M
565020.000 1977 COM2 64 0R0 022 1.2 3.0 63.7 1.0175 0.00 0.0M
565080.000 1977 COM2 64 0R0 014 0.6 3.0 63.9 1.0175 0.00 0.0M
565140.000 1977 COM2 64 0R0 334 0.8 3.1 63.6 1.0175 0.00 0.0M
565200.000 1977 COM2 64 0R0 338 1.3 3.1 63.3 1.0174 0.00 0.0M
565260.000 1977 COM2 64 0R0 098 0.8 3.1 63.5 1.0174 0.00 0.0M
565320.000 1977 COM2 64 0R0 293 0.5 3.1 63.2 1.0175 0.00 0.0M
565380.000 1977 COM2 64 0R0 049 0.9 3.2 63.4 1.0174 0.00 0.0M
565440.000 1977 COM2 64 0R0 029 2.1 3.2 63.0 1.0174 0.00 0.0M
565500.000 1977 COM2 64 0R0 001 0.5 3.2 63.1 1.0174 0.00 0.0M
565560.000 1977 COM2 64 0R0 004 1.3 3.2 63.3 1.0174 0.00 0.0M
565620.000 1977 COM2 64 0R0 023 3.1 3.2 62.9 1.0174 0.00 0.0M
565680.000 1977 COM2 64 0R0 028 1.9 3.3 62.6 1.0174 0.00 0.0M
565740.000 1977 COM2 64 0R0 022 1.1 3.3 62.7 1.0174 0.00 0.0M
565800.000 1977 COM2 64 0R0 346 0.8 3.3 62.9 1.0174 0.00 0.0M
565860.000 1977 COM2 64 0R0 048 1.0 3.3 62.7 1.0174 0.00 0.0M
565920.000 1977 COM2 64 0R0 018 0.7 3.4 62.6 1.0174 0.00 0.0M
565980.000 1977 COM2 64 0R0 028 2.1 3.4 62.2 1.0174 0.00 0.0M
566040.000 1977 COM2 64 0R0 005 1.1 3.4 62.3 1.0174 0.00 0.0M
566100.000 1977 COM2 64 0R0 048 1.0 3.5 62.3 1.0174 0.00 0.0M
566160.000 1977 COM2 64 0R0 054 1.7 3.5 62.0 1.0174 0.00 0.0M
566220.000 1977 COM2 64 0R0 023 0.5 3.6 62.1 1.0174 0.00 0.0M
566280.000 1977 COM2 64 0R0 034 1.4 3.6 61.7 1.0174 0.00 0.0M
566340.000 1977 COM2 64 0R0 082 0.5 3.7 61.2 1.0173 0.00 0.0M
566400.000 1977 COM2 64 0R0 044 0.9 3.7 61.6 1.0173 0.00 0.0M
566460.000 1977 COM2 64 0R0 081 1.3 3.8 61.4 1.0173 0.00 0.0M
566520.000 1977 COM2 64 0R0 050 0.5 3.9 60.7 1.0173 0.00 0.0M
566580.000 1977 COM2 64 0R0 030 0.4 4.0 61.0 1.0173 0.00 0.0M
566640.000 1977 COM2 64 0R0 029 1.3 4.0 60.5 1.0174 0.00 0.0M
566700.000 1977 COM2 64 0R0 349 0.3 4.1 59.9 1.0174 0.00 0.0M
566760.000 1977 COM2 64 0R0 089 0.8 4.1 60.4 1.0173 0.00 0.0M
566820.000 1977 COM2 64 0R0 029 1.1 4.2 60.1 1.0173 0.00 0.0M
566880.000 1977 COM2 64 0R0 345 0.6 4.3 59.7 1.0173 0.00 0.0M
566940.000 1977 COM2 64 0R0 348 0.5 4.3 59.4 1.0173 0.00 0.0M
567000.000 1977 COM2 64 0R0 000 0.4 4.4 59.7 1.0173 0.00 0.0M
567060.000 1977 COM2 64 0R0 061 1.4 4.5 59.5 1.0173 0.00 0.0M
567120.000 1977 COM2 64 0R0 349 0.5 4.6 59.0 1.0173 0.00 0.0M
567180.000 1977 COM2 64 0R0 056 1.1 4.7 58.0 1.0173 0.00 0.0M
567240.000 1977 COM2 64 0R0 038 0.5 4.6 58.4 1.0173 0.00 0.0M
567300.000 1977 COM2 64 0R0 356 0.4 4.6 58.2 1.0173 0.00 0.0M
567360.000 1977 COM2 64 0R0 153 0.3 4.6 58.8 1.0174 0.00 0.0M
567420.000 1977 COM2 64 0R0 000 0.9 4.7 58.7 1.0174 0.00 0.0M
567480.000 1977 COM2 64 0R0 081 0.5 4.8 58.0 1.0174 0.00 0.0M
567540.000 1977 COM2 64 0R0 040 1.3 4.8 58.1 1.0174 0.00 0.0M
567600.000 1977 COM2 64 0R0 023 0.6 4.8 57.9 1.0174 0.00 0.0M
567660.000 1977 COM2 64 0R0 026 2.2 4.9 57.7 1.0174 0.00 0.0M
567720.000 1977 COM2 64 0R0 061 1.4 4.9 57.4 1.0174 0.00 0.0M
567780.000 1977 COM2 64 0R0 050 0.6 4.8 57.7 1.0174 0.00 0.0M
567840.000 1977 COM2 64 0R0 326 0.4 4.8 57.7 1.0174 0.00 0.0M
567900.000 1977 COM2 64 0R0 062 1.1 4.8 57.4 1.0174 0.00 0.0M
567960.000 1977 COM2 64 0R0 057 1.9 4.9 57.7 1.0174 0.00 0.0M
568020.000 1977 COM2 64 0R0 021 0.3 4.9 57.1 1.0174 0.00 0.0M
568080.000 1977 COM2 64 0R0 088 0.3 5.0 57.0 1.0174 0.00 0.0M
568140.000 1977 COM2 64 0R0 013 1.6 5.0 57.0 1.0174 0.00 0.0M
568200.000 1977 COM2 64 0R0 024 0.9 5.0 56.0 1.0174 0.00 0.0M
568260.000 1977 COM2 64 0R0 035 1.8 4.9 56.5 1.0174 0.00 0.0M
568320.000 1977 COM2 64 0R0 030 1.1 4.9 56.7 1.0174 0.00 0.0M
568380.000 1977 COM2 64 0R0 006 0.9 4.8 57.2 1.0174 0.00 0.0M
568440.000 1977 COM2 64 0R0 039 1.6 5.0 56.7 1.0174 0.00 0.0M
568500.000 1977 COM2 64 0R0 038 2.0 5.0 56.2 1.0174 0.00 0.0M
568560.000 1977 COM2 64 0R0 010 0.4 4.9 56.3 1.0174 0.00 0.0M
568620.000 1977 COM2 64 0R0 030 1.9 4.9 57.4 1.0174 0.00 0.0M
568680.000 1977 COM2 64 0R0 008 1.0 4.9 56.9 1.0174 0.00 0.0M
568740.000 1977 COM2 64 0R0 358 1.0 5.0 56.7 1.0174 0.00 0.0M
568800.000 1977 COM2 64 0R0 055 0.3 5.1 56.2 1.0174 0.00 0.0M
568860.000 1977 COM2 64 0R0 033 1.5 5.2 56.2 1.0174 0.00 0.0M
568920.000 1977 COM2 64 0R0 043 0.5 5.2 56.2 1.0174 0.00 0.0M
568980.000 1977 COM2 64 0R0 042 0.8 5.2 56.5 1.0173 0.00 0.0M
569040.000 1977 COM2 64 0R0 086 1.0 5.3 56.1 1.0174 0.00 0.0M
569100.000 1977 COM2 64 0R0 338 0.2 5.4 56.0 1.0174 0.00 0.0M
569160.000 1977 COM2 64 0R0 048 0.9 5.5 55.7 1.0174 0.00 0.0M
569220.000 1977 COM2 64 0R0 024 0.4 5.6 55.3 1.0174 0.00 0.0M
569280.000 1977 COM2 64 0R0 028 1.6 5.7 55.2 1.0174 0.00 0.0M
569340.000 1977 COM2 64 0R0 018 1.6 5.7 54.4 1.0174 0.00 0.0M
569400.000 1977 COM2 64 0R0 097 0.9 5.6 55.1 1.0174 0.00 0.0M
569460.000 1977 COM2 64 0R0 123 1.1 5.6 55.4 1.0174 0.00 0.0M
569520.000 1977 COM2 64 0R0 042 1.2 5.7 55.6 1.0174 0.00 0.0M
569580.000 1977 COM2 64 0R0 037 0.7 5.8 54.5 1.0174 0.00 0.0M
569640.000 1977 COM2 64 0R0 108 0.9 6.0 54.0 1.0174 0.00 0.0M
569700.000 1977 COM2 64 0R0 352 0.9 6.0 54.6 1.0174 0.00 0.0M
569760.000 1977 COM2 64 0R0 053 1.3 6.1 53.4 1.0174 0.00 0.0M
569820.000 1977 COM2 64 0R0 094 1.9 6.0 53.5 1.0174 0.00 0.0M
569880.000 1977 COM2 64 0R0 139 0.8 6.0 54.3 1.0174 0.00 0.0M
569940.000 1977 COM2 64 0R0 036 1.3 6.1 54.4 1.0174 0.00 0.0M
570000.000 1977 COM2 64 0R0 013 0.3 6.3 52.9 1.0173 0.00 0.0M
570060.000 1977 COM2 64 0R0 067 0.7 6.3 53.5 1.0173 0.00 0.0M
570120.000 1977 COM2 64 0R0 077 2.2 6.4 52.9 1.0173 0.00 0.0M
570180.000 1977 COM2 64 0R0 073 2.2 6.4 52.8 1.0173 0.00 0.0M
570240.000 1977 COM2 64 0R0 063 2.5 6.2 52.8 1.0173 0.00 0.0M
570300.000 1977 COM2 64 0R0 061 2.9 5.8 54.2 1.0173 0.00 0.0M
570360.000 1977 COM2 64 0R0 085 0.7 5.7 54.3 1.0173 0.00 0.0M
570420.000 1977 COM2 64 0R0 061 2.0 5.7 54.4 1.0173 0.00 0.0M
570480.000 1977 COM2 64 0R0 066 2.1 5.5 55.2 1.0173 0.00 0.0M
570540.000 1977 COM2 64 0R0 070 0.3 5.6 55.5 1.0173 0.00 0.0M
570600.000 1977 COM2 64 0R0 072 1.4 5.8 55.5 1.0173 0.00 0.0M
570660.000 1977 COM2 64 0R0 082 1.0 6.0 55.1 1.0173 0.00 0.0M
570720.000 1977 COM2 64 0R0 290 0.2 6.2 54.6 1.0173 0.00 0.0M
570780.000 1977 COM2 64 0R0 024 2.7 6.5 53.4 1.0173 0.00 0.0M
570840.000 1977 COM2 64 0R0 042 1.5 6.6 52.3 1.0173 0.00 0.0M
570900.000 1977 COM2 64 0R0 035 1.1 6.5 52.8 1.0173 0.00 0.0M
570960.000 1977 COM2 64 0R0 044 1.3 6.3 53.5 1.0173 0.00 0.0M
571020.000 1977 COM2 64 0R0 063 1.9 6.3 52.8 1.0173 0.00 0.0M
571080.000 1977 COM2 64 0R0 023 0.9 6.3 53.2 1.0173 0.00 0.0M
571140.000 1977 COM2 64 0R0 112 0.4 6.4 53.6 1.0173 0.00 0.0M
571200.000 1977 COM2 64 0R0 104 0.9 6.6 53.3 1.0173 0.00 0.0M
571260.000 1977 COM2 64 0R0 080 2.5 6.7 52.5 1.0173 0.00 0.0M
571320.000 1977 COM2 64 0R0 082 1.7 6.8 51.5 1.0173 0.00 0.0M
571380.000 1977 COM2 64 0R0 107 1.6 6.6 52.1 1.0173 0.00 0.0M
571440.000 1977 COM2 64 0R0 140 0.6 6.3 53.2 1.0173 0.00 0.0M
571500.000 1977 COM2 64 0R0 191 0.2 6.3 53.8 1.0173 0.00 0.0M
571560.000 1977 COM2 64 0R0 089 1.4 6.6 53.9 1.0173 0.00 0.0M
571620.000 1977 COM2 64 0R0 036 0.4 6.8 52.2 1.0173 0.00 0.0M
571680.000 1977 COM2 64 0R0 106 1.6 7.0 52.2 1.0173 0.00 0.0M
571740.000 1977 COM2 64 0R0 035 0.9 7.2 51.5 1.0174 0.00 0.0M
571800.100 1977 COM2 64 0R0 095 0.6 7.1 52.2 1.0174 0.00 0.0M
571860.100 1977 COM2 64 0R0 006 1.0 7.1 52.4 1.0174 0.00 0.0M
571920.100 1977 COM2 64 0R0 006 0.4 7.3 50.8 1.0174 0.00 0.0M
571980.100 1977 COM2 64 0R0 051 1.6 7.3 51.9 1.0174 0.00 0.0M
572040.100 1977 COM2 64 0R0 045 0.4 7.3 50.9 1.0174 0.00 0.0M
572100.000 1977 COM2 64 0R0 068 2.4 7.2 51.0 1.0174 0.00 0.0M
572160.000 1977 COM2 64 0R0 288 0.3 6.9 51.5 1.0174 0.00 0.0M
572220.000 1977 COM2 64 0R0 017 1.1 6.8 52.6 1.0174 0.00 0.0M
572280.000 1977 COM2 64 0R0 107 0.8 6.8 52.7 1.0174 0.00 0.0M
572340.000 1977 COM2 64 0R0 303 0.4 7.0 52.7 1.0174 0.00 0.0M
572400.000 1977 COM2 64 0R0 049 0.3 7.4 51.6 1.0174 0.00 0.0M
572460.000 1977 COM2 64 0R0 064 0.5 7.6 50.9 1.0174 0.00 0.0M
572520.000 1977 COM2 64 0R0 106 1.4 7.7 49.9 1.0174 0.00 0.0M
572580.000 1977 COM2 64 0R0 020 1.1 7.5 50.2 1.0174 0.00 0.0M
572640.000 1977 COM2 64 0R0 101 1.0 7.4 50.9 1.0174 0.00 0.0M
572700.000 1977 COM2 64 0R0 035 2.0 7.5 51.2 1.0174 0.00 0.0M
572760.000 1977 COM2 64 0R0 023 0.3 7.4 50.3 1.0174 0.00 0.0M
572820.000 1977 COM2 64 0R0 012 0.3 7.2 51.2 1.0174 0.00 0.0M
572880.000 1977 COM2 64 0R0 105 1.8 7.2 51.6 1.0174 0.00 0.0M
572940.000 1977 COM2 64 0R0 113 1.3 7.2 51.4 1.0174 0.00 0.0M
573000.000 1977 COM2 64 0R0 095 0.5 7.2 51.6 1.0174 0.00 0.0M
573060.000 1977 COM2 64 0R0 041 0.4 7.2 51.6 1.0174 0.00 0.0M
573120.100 1977 COM2 64 0R0 117 0.7 7.2 51.6 1.0174 0.00 0.0M
573180.100 1977 COM2 64 0R0 165 1.6 7.4 51.3 1.0173 0.00 0.0M
573240.100 1977 COM2 64 0R0 081 1.6 7.6 49.7 1.0173 0.00 0.0M
573300.100 1977 COM2 64 0R0 082 1.1 7.4 50.7 1.0173 0.00 0.0M
573360.100 1977 COM2 64 0R0 089 1.7 7.3 52.2 1.0173 0.00 0.0M
573420.100 1977 COM2 64 0R0 089 2.4 7.4 50.4 1.0173 0.00 0.0M
573480.100 1977 COM2 64 0R0 099 2.5 7.2 50.6 1.0173 0.00 0.0M
573540.100 1977 COM2 64 0R0 089 2.4 7.0 51.3 1.0173 0.00 0.0M
573600.100 1977 COM2 64 0R0 126 1.1 6.9 52.4 1.0173 0.00 0.0M
573660.100 1977 COM2 64 0R0 102 1.6 7.0 51.8 1.0173 0.00 0.0M
573720.100 1977 COM2 64 0R0 140 0.6 7.2 51.8 1.0173 0.00 0.0M
573780.100 1977 COM2 64 0R0 098 0.7 7.4 51.8 1.0173 0.00 0.0M
573840.100 1977 COM2 64 0R0 113 0.3 7.7 50.7 1.0173 0.00 0.0M
573900.000 1977 COM2 64 0R0 015 0.4 7.9 50.3 1.0173 0.00 0.0M
573960.000 1977 COM2 64 0R0 033 0.3 8.2 50.1 1.0172 0.00 0.0M
574020.000 1977 COM2 64 0R0 041 1.2 8.4 48.9 1.0172 0.00 0.0M
574080.000 1977 COM2 64 0R0 079 0.2 8.4 48.4 1.0173 0.00 0.0M
574140.000 1977 COM2 64 0R0 204 0.7 8.3 48.8 1.0173 0.00 0.0M
574200.000 1977 COM2 64 0R0 153 0.2 8.3 49.0 1.0172 0.00 0.0M
574260.000 1977 COM2 64 0R0 186 0.5 8.4 48.7 1.0172 0.00 0.0M
574320.000 1977 COM2 64 0R0 196 0.5 8.6 49.0 1.0172 0.00 0.0M
574380.000 1977 COM2 64 0R0 336 0.3 8.7 48.7 1.0172 0.00 0.0M
574440.000 1977 COM2 64 0R0 085 1.4 8.8 47.5 1.0172 0.00 0.0M
574500.000 1977 COM2 64 0R0 037 1.2 8.8 48.1 1.0172 0.00 0.0M
574560.000 1977 COM2 64 0R0 056 0.6 8.7 47.7 1.0171 0.00 0.0M
574620.000 1977 COM2 64 0R0 342 0.6 8.5 47.8 1.0171 0.00 0.0M
574680.000 1977 COM2 64 0R0 351 0.2 8.5 47.7 1.0171 0.00 0.0M
574740.000 1977 COM2 64 0R0 313 0.2 8.5 48.3 1.0171 0.00 0.0M
574800.000 1977 COM2 64 0R0 081 0.7 8.5 48.1 1.0170 0.00 0.0M
574860.000 1977 COM2 64 0R0 073 0.7 8.6 47.7 1.0170 0.00 0.0M
574920.000 1977 COM2 64 0R0 064 0.9 8.5 48.1 1.0170 0.00 0.0M
574980.000 1977 COM2 64 0R0 081 1.6 8.5 47.6 1.0170 0.00 0.0M
575040.000 1977 COM2 64 0R0 104 0.9 8.2 48.2 1.0169 0.00 0.0M
575100.000 1977 COM2 64 0R0 071 1.9 8.2 48.3 1.0169 0.00 0.0M
575160.000 1977 COM2 64 0R0 104 0.9 8.2 48.7 1.0169 0.00 0.0M
575220.000 1977 COM2 64 0R0 218 0.7 8.2 49.4 1.0169 0.00 0.0M
575280.000 1977 COM2 64 0R0 143 0.3 8.5 48.5 1.0169 0.00 0.0M
575340.000 1977 COM2 64 0R0 054 0.7 8.7 48.1 1.0169 0.00 0.0M
575400.000 1977 COM2 64 0R0 102 1.7 8.9 47.0 1.0169 0.00 0.0M
575460.000 1977 COM2 64 0R0 102 0.2 8.9 46.5 1.0169 0.00 0.0M
575520.000 1977 COM2 64 0R0 029 0.4 8.5 47.8 1.0168 0.00 0.0M
575580.000 1977 COM2 64 0R0 088 0.5 8.4 48.1 1.0168 0.00 0.0M
575640.000 1977 COM2 64 0R0 094 0.6 8.5 48.1 1.0168 0.00 0.0M
575700.000 1977 COM2 64 0R0 133 0.6 8.7 48.1 1.0168 0.00 0.0M
575760.000 1977 COM2 64 0R0 130 0.4 9.0 47.4 1.0168 0.00 0.0M
575820.000 1977 COM2 64 0R0 161 1.6 9.0 46.9 1.0167 0.00 0.0M
575880.000 1977 COM2 64 0R0 035 0.4 8.8 47.7 1.0167 0.00 0.0M
575940.000 1977 COM2 64 0R0 119 0.8 8.9 47.3 1.0167 0.00 0.0M
576000.000 1977 COM2 64 0R0 110 1.2 9.0 47.8 1.0167 0.00 0.0M
576060.000 1977 COM2 64 0R0 103 1.5 9.2 47.9 1.0167 0.00 0.0M
576120.000 1977 COM2 64 0R0 086 0.9 9.2 46.9 1.0167 0.00 0.0M
576180.000 1977 COM2 64 0R0 102 0.9 9.1 47.9 1.0167 0.00 0.0M
576240.000 1977 COM2 64 0R0 147 1.4 9.2 47.9 1.0167 0.00 0.0M
576300.000 1977 COM2 64 0R0 187 0.6 9.2 48.4 1.0166 0.00 0.0M
576360.100 1977 COM2 64 0R0 017 0.5 9.3 48.1 1.0166 0.00 0.0M
576420.000 1977 COM2 64 0R0 176 0.9 9.5 47.3 1.0165 0.00 0.0M
576480.000 1977 COM2 64 0R0 020 0.4 9.6 46.9 1.0165 0.00 0.0M
576540.000 1977 COM2 64 0R0 007 1.2 9.6 46.6 1.0165 0.00 0.0M
576600.000 1977 COM2 64 0R0 051 1.6 9.6 46.5 1.0164 0.00 0.0M
576660.000 1977 COM2 64 0R0 068 1.6 9.5 46.4 1.0164 0.00 0.0M
576720.000 1977 COM2 64 0R0 062 1.4 9.1 46.9 1.0164 0.00 0.0M
576780.000 1977 COM2 64 0R0 116 0.7 8.5 48.0 1.0163 0.00 0.0M
576840.000 1977 COM2 64 0R0 060 1.4 8.4 48.4 1.0163 0.00 0.0M
576900.000 1977 COM2 64 0R0 349 0.5 8.6 48.5 1.0163 0.00 0.0M
576960.000 1977 COM2 64 0R0 314 0.5 8.6 48.4 1.0162 0.00 0.0M
577020.000 1977 COM2 64 0R0 082 2.4 8.6 48.6 1.0162 0.00 0.0M
577080.000 1977 COM2 64 0R0 135 0.6 8.6 48.8 1.0161 0.00 0.0M
577140.000 1977 COM2 64 0R0 087 0.6 8.4 49.7 1.0161 0.00 0.0M
577200.000 1977 COM2 64 0R0 107 0.6 8.6 49.8 1.0161 0.00 0.0M
577260.000 1977 COM2 64 0R0 005 0.5 9.0 49.2 1.0161 0.00 0.0M
577320.000 1977 COM2 64 0R0 219 0.2 9.2 48.6 1.0161 0.00 0.0M
577380.000 1977 COM2 64 0R0 134 0.7 9.4 47.7 1.0161 0.00 0.0M
577440.000 1977 COM2 64 0R0 031 0.5 9.5 48.2 1.0160 0.00 0.0M
577500.000 1977 COM2 64 0R0 120 0.6 9.7 48.0 1.0160 0.00 0.0M
577560.100 1977 COM2 64 0R0 117 0.8 9.9 46.8 1.0160 0.00 0.0M
577620.000 1977 COM2 64 0R0 074 1.7 9.8 47.2 1.0159 0.00 0.0M
577680.100 1977 COM2 64 0R0 077 0.8 9.7 47.0 1.0160 0.00 0.0M
577740.000 1977 COM2 64 0R0 206 0.3 9.4 47.4 1.0159 0.00 0.0M
577800.000 1977 COM2 64 0R0 249 0.8 9.3 47.8 1.0159 0.00 0.0M
577860.000 1977 COM2 64 0R0 267 1.0 9.3 48.0 1.0159 0.00 0.0M
577920.000 1977 COM2 64 0R0 159 1.1 9.5 47.6 1.0159 0.00 0.0M
577980.000 1977 COM2 64 0R0 165 1.4 9.6 47.5 1.0159 0.00 0.0M
578040.000 1977 COM2 64 0R0 274 0.4 9.7 47.1 1.0159 0.00 0.0M
578100.000 1977 COM2 64 0R0 222 0.1 9.9 46.9 1.0159 0.00 0.0M
578160.000 1977 COM2 65 0R0 043 0.8 10.0 46.2 1.0159 0.00 0.0M
578220.000 1977 COM2 64 0R0 074 0.4 9.9 46.6 1.0159 0.00 0.0M
578280.000 1977 COM2 65 0R0 157 0.6 10.0 47.3 1.0159 0.00 0.0M
578340.000 1977 COM2 65 0R0 122 0.4 10.1 46.6 1.0159 0.00 0.0M
578400.000 1977 COM2 65 0R0 149 0.8 10.3 46.1 1.0159 0.00 0.0M
578460.000 1977 COM2 65 0R0 072 0.4 10.3 46.3 1.0159 0.00 0.0M
578520.000 1977 COM2 65 0R0 150 2.1 10.4 46.0 1.0158 0.00 0.0M
578580.100 1977 COM2 65 0R0 121 0.6 10.4 45.8 1.0158 0.00 0.0M
578640.000 1977 COM2 65 0R0 115 1.3 10.3 46.3 1.0158 0.00 0.0M
578700.000 1977 COM2 65 0R0 138 0.6 10.2 46.2 1.0158 0.00 0.0M
578760.000 1977 COM2 65 0R0 248 0.9 10.0 46.2 1.0158 0.00 0.0M
578820.000 1977 COM2 65 0R0 211 1.4 10.0 46.7 1.0158 0.00 0.0M
578880.000 1977 COM2 65 0R0 126 0.6 10.0 46.7 1.0157 0.00 0.0M
578940.000 1977 COM2 65 0R0 196 2.3 10.1 47.0 1.0157 0.00 0.0M
579000.000 1977 COM2 65 0R0 206 1.9 10.1 46.5 1.0157 0.00 0.0M
579060.000 1977 COM2 65 0R0 185 2.3 10.2 45.5 1.0157 0.00 0.0M
579120.000 1977 COM2 64 0R0 153 0.9 9.8 46.4 1.0157 0.00 0.0M
579180.000 1977 COM2 64 0R0 156 1.5 9.8 46.6 1.0157 0.00 0.0M
579240.000 1977 COM2 64 0R0 115 1.5 9.9 45.8 1.0157 0.00 0.0M
579300.000 1977 COM2 64 0R0 188 0.4 9.8 46.9 1.0156 0.00 0.0M
579360.000 1977 COM2 65 0R0 100 0.5 10.0 46.8 1.0156 0.00 0.0M
579420.000 1977 COM2 65 0R0 100 0.8 10.3 46.4 1.0155 0.00 0.0M
579480.000 1977 COM2 65 0R0 090 0.6 10.5 45.9 1.0155 0.00 0.0M
579540.000 1977 COM2 65 0R0 112 0.9 10.6 44.9 1.0155 0.00 0.0M
579600.000 1977 COM2 65 0R0 097 0.6 10.4 44.9 1.0155 0.00 0.0M
579660.000 1977 COM2 65 0R0 062 0.5 10.0 45.2 1.0155 0.00 0.0M
579720.000 1977 COM2 64 0R0 031 0.4 9.8 46.1 1.0154 0.00 0.0M
579780.000 1977 COM2 64 0R0 027 0.6 9.6 46.7 1.0154 0.00 0.0M
579840.000 1977 COM2 64 0R0 232 1.4 9.7 46.5 1.0153 0.00 0.0M
579900.000 1977 COM2 64 0R0 211 1.0 9.9 45.5 1.0153 0.00 0.0M
579960.000 1977 COM2 64 0R0 185 0.7 9.9 46.3 1.0153 0.00 0.0M
580020.000 1977 COM2 64 0R0 147 0.5 9.9 46.3 1.0153 0.00 0.0M
580080.000 1977 COM2 65 0R0 211 0.6 10.2 46.3 1.0154 0.00 0.0M
580140.000 1977 COM2 65 0R0 230 0.6 10.4 45.8 1.0154 0.00 0.0M
580200.000 1977 COM2 65 0R0 331 0.3 10.6 45.3 1.0154 0.00 0.0M
580260.000 1977 COM2 65 0R0 047 0.5 10.7 45.3 1.0153 0.00 0.0M
580320.000 1977 COM2 65 0R0 175 1.0 10.8 44.3 1.0153 0.00 0.0M
580380.000 1977 COM2 65 0R0 019 0.3 10.8 44.1 1.0153 0.00 0.0M
580440.000 1977 COM2 65 0R0 034 1.2 10.7 44.1 1.0153 0.00 0.0M
580500.000 1977 COM2 65 0R0 345 0.2 10.3 44.4 1.0153 0.00 0.0M
580560.000 1977 COM2 65 0R0 060 0.9 10.0 45.8 1.0153 0.00 0.0M
580620.000 1977 COM2 64 0R0 080 1.3 9.9 46.1 1.0153 0.00 0.0M
580680.000 1977 COM2 64 0R0 134 0.4 9.9 46.1 1.0153 0.00 0.0M
580740.000 1977 COM2 65 0R0 080 1.3 10.1 45.9 1.0152 0.00 0.0M
580800.000 1977 COM2 65 0R0 073 1.1 10.3 45.1 1.0152 0.00 0.0M
580860.000 1977 COM2 65 0R0 078 1.3 10.2 45.3 1.0152 0.00 0.0M
580920.000 1977 COM2 65 0R0 120 0.6 10.0 45.3 1.0152 0.00 0.0M
580980.000 1977 COM2 65 0R0 051 0.6 10.0 45.9 1.0151 0.00 0.0M
581040.000 1977 COM2 65 0R0 092 1.8 10.2 45.9 1.0151 0.00 0.0M
581100.000 1977 COM2 65 0R0 124 1.6 10.4 44.7 1.0151 0.00 0.0M
581160.000 1977 COM2 65 0R0 057 0.9 10.2 44.8 1.0151 0.00 0.0M
581220.000 1977 COM2 65 0R0 090 1.9 10.0 45.3 1.0151 0.00 0.0M
581280.000 1977 COM2 64 0R0 115 0.2 9.9 45.2 1.0151 0.00 0.0M
581340.000 1977 COM2 64 0R0 099 0.8 9.7 46.3 1.0151 0.00 0.0M
581400.000 1977 COM2 64 0R0 036 1.0 9.7 46.6 1.0151 0.00 0.0M
581460.000 1977 COM2 64 0R0 356 0.7 9.8 45.5 1.0151 0.00 0.0M
581520.000 1977 COM2 64 0R0 352 0.7 9.8 45.6 1.0151 0.00 0.0M
581580.000 1977 COM2 64 0R0 294 0.3 9.9 45.5 1.0151 0.00 0.0M
581640.000 1977 COM2 65 0R0 026 0.1 10.0 45.2 1.0151 0.00 0.0M
581700.000 1977 COM2 65 0R0 044 0.8 10.0 45.5 1.0152 0.00 0.0M
581760.000 1977 COM2 65 0R0 329 1.1 10.1 44.8 1.0152 0.00 0.0M
581820.000 1977 COM2 65 0R0 248 1.0 10.1 45.1 1.0152 0.00 0.0M
581880.000 1977 COM2 65 0R0 161 1.0 10.1 44.9 1.0151 0.00 0.0M
581940.000 1977 COM2 65 0R0 252 1.7 10.2 45.2 1.0151 0.00 0.0M
582000.000 1977 COM2 65 0R0 190 1.3 10.4 44.7 1.0151 0.00 0.0M
582060.000 1977 COM2 65 0R0 267 1.0 10.5 44.5 1.0151 0.00 0.0M
582120.000 1977 COM2 65 0R0 237 1.2 10.6 44.1 1.0151 0.00 0.0M
582180.000 1977 COM2 65 0R0 184 0.8 10.6 44.1 1.0151 0.00 0.0M
582240.000 1977 COM2 65 0R0 244 0.3 10.6 44.1 1.0151 0.00 0.0M
582300.000 1977 COM2 65 0R0 129 0.4 10.7 44.1 1.0151 0.00 0.0M
582360.000 1977 COM2 65 0R0 200 0.5 10.8 44.1 1.0151 0.00 0.0M
582420.000 1977 COM2 65 0R0 088 0.5 10.9 43.5 1.0150 0.00 0.0M
582480.000 1977 COM2 65 0R0 022 0.4 10.9 44.0 1.0150 0.00 0.0M
582540.000 1977 COM2 65 0R0 274 0.3 11.0 43.3 1.0150 0.00 0.0M
582600.000 1977 COM2 65 0R0 058 1.0 11.1 43.3 1.0150 0.00 0.0M
582660.000 1977 COM2 65 0R0 244 0.3 11.2 42.9 1.0150 0.00 0.0M
582720.000 1977 COM2 65 0R0 016 1.1 11.1 42.6 1.0150 0.00 0.0M
582780.000 1977 COM2 65 0R0 148 0.3 10.9 42.9 1.0150 0.00 0.0M
582840.000 1977 COM2 65 0R0 345 0.8 10.7 43.5 1.0149 0.00 0.0M
582900.000 1977 COM2 65 0R0 198 0.6 10.7 43.5 1.0149 0.00 0.0M
582960.000 1977 COM2 65 0R0 182 0.8 10.7 43.8 1.0149 0.00 0.0M
583020.000 1977 COM2 65 0R0 342 0.5 10.7 44.0 1.0149 0.00 0.0M
583080.000 1977 COM2 65 0R0 042 0.4 10.8 43.6 1.0149 0.00 0.0M
583140.000 1977 COM2 65 0R0 334 0.3 10.8 43.7 1.0149 0.00 0.0M
583200.000 1977 COM2 65 0R0 333 0.2 10.8 43.4 1.0149 0.00 0.0M
583260.000 1977 COM2 65 0R0 038 0.1 10.6 43.5 1.0149 0.00 0.0M
583320.000 1977 COM2 65 0R0 322 0.1 10.5 43.9 1.0149 0.00 0.0M
583380.000 1977 COM2 65 0R0 302 0.5 10.6 44.0 1.0149 0.00 0.0M
583440.000 1977 COM2 65 0R0 014 0.6 10.5 43.5 1.0149 0.00 0.0M
583500.000 1977 COM2 65 0R0 354 0.3 10.4 43.7 1.0149 0.00 0.0M
583560.000 1977 COM2 65 0R0 267 0.6 10.2 44.0 1.0149 0.00 0.0M
583620.000 1977 COM2 65 0R0 334 0.2 10.2 44.4 1.0149 0.00 0.0M
583680.000 1977 COM2 65 0R0 019 0.3 10.3 44.4 1.0149 0.00 0.0M
583740.000 1977 COM2 65 0R0 102 0.5 10.5 44.1 1.0149 0.00 0.0M
583800.000 1977 COM2 65 0R0 190 0.7 10.7 44.0 1.0149 0.00 0.0M
583860.000 1977 COM2 65 0R0 165 0.2 10.9 43.5 1.0149 0.00 0.0M
583920.000 1977 COM2 65 0R0 008 0.6 11.0 43.3 1.0149 0.00 0.0M
583980.000 1977 COM2 65 0R0 335 0.2 11.1 43.3 1.0149 0.00 0.0M
584040.000 1977 COM2 65 0R0 031 0.4 11.3 42.9 1.0148 0.00 0.0M
584100.000 1977 COM2 65 0R0 102 1.0 11.4 42.8 1.0148 0.00 0.0M
584160.000 1977 COM2 65 0R0 104 2.1 11.4 43.1 1.0148 0.00 0.0M
584220.000 1977 COM2 65 0R0 105 1.7 11.2 43.4 1.0148 0.00 0.0M
584280.000 1977 COM2 65 0R0 086 1.3 10.9 43.1 1.0148 0.00 0.0M
584340.000 1977 COM2 65 0R0 103 0.5 10.5 44.9 1.0148 0.00 0.0M
584400.000 1977 COM2 65 0R0 132 1.4 10.4 45.0 1.0148 0.00 0.0M
584460.000 1977 COM2 65 0R0 078 2.3 10.4 44.6 1.0147 0.00 0.0M
584520.000 1977 COM2 65 0R0 124 2.1 10.3 44.9 1.0147 0.00 0.0M
584580.000 1977 COM2 65 0R0 207 0.7 10.2 45.4 1.0147 0.00 0.0M
584640.000 1977 COM2 65 0R0 095 1.5 10.2 45.5 1.0147 0.00 0.0M
584700.000 1977 COM2 65 0R0 088 0.6 10.3 44.9 1.0147 0.00 0.0M
584760.000 1977 COM2 65 0R0 133 0.2 10.3 45.3 1.0146 0.00 0.0M
584820.000 1977 COM2 65 0R0 115 0.8 10.3 45.0 1.0146 0.00 0.0M
584880.000 1977 COM2 65 0R0 023 1.0 10.4 45.7 1.0146 0.00 0.0M
584940.100 1977 COM2 65 0R0 009 0.4 10.4 44.6 1.0146 0.00 0.0M
585000.000 1977 COM2 65 0R0 069 1.7 10.4 45.3 1.0146 0.00 0.0M
585060.000 1977 COM2 65 0R0 076 1.5 10.4 44.5 1.0146 0.00 0.0M
585120.000 1977 COM2 65 0R0 073 1.7 10.1 44.7 1.0146 0.00 0.0M
585180.000 1977 COM2 64 0R0 060 0.7 9.8 45.2 1.0146 0.00 0.0M
585240.000 1977 COM2 64 0R0 089 0.2 9.7 45.4 1.0145 0.00 0.0M
585300.000 1977 COM2 64 0R0 102 1.4 9.6 46.5 1.0145 0.00 0.0M
585360.000 1977 COM2 64 0R0 106 1.7 9.8 46.3 1.0145 0.00 0.0M
585420.000 1977 COM2 64 0R0 141 1.4 9.9 46.1 1.0145 0.00 0.0M
585480.000 1977 COM2 64 0R0 188 0.4 9.9 46.1 1.0145 0.00 0.0M
585540.000 1977 COM2 65 0R0 070 0.5 10.1 45.6 1.0145 0.00 0.0M
585600.000 1977 COM2 65 0R0 157 0.4 10.1 46.0 1.0145 0.00 0.0M
585660.000 1977 COM2 65 0R0 119 0.9 10.3 45.3 1.0145 0.00 0.0M
585720.000 1977 COM2 65 0R0 114 0.7 10.4 45.2 1.0145 0.00 0.0M
585780.000 1977 COM2 65 0R0 075 1.7 10.5 44.9 1.0145 0.00 0.0M
585840.000 1977 COM2 65 0R0 135 0.6 10.5 44.9 1.0145 0.00 0.0M
585900.000 1977 COM2 65 0R0 108 0.4 10.3 45.0 1.0145 0.00 0.0M
585960.000 1977 COM2 65 0R0 100 0.5 10.2 45.5 1.0145 0.00 0.0M
586020.000 1977 COM2 65 0R0 155 0.5 10.2 45.6 1.0145 0.00 0.0M
586080.000 1977 COM2 65 0R0 173 0.3 10.3 45.7 1.0145 0.00 0.0M
586140.000 1977 COM2 65 0R0 099 1.8 10.5 44.9 1.0145 0.00 0.0M
586200.000 1977 COM2 65 0R0 096 0.7 10.5 45.3 1.0145 0.00 0.0M
586260.000 1977 COM2 65 0R0 109 0.4 10.5 45.5 1.0145 0.00 0.0M
586320.000 1977 COM2 65 0R0 108 1.0 10.7 44.7 1.0145 0.00 0.0M
586380.000 1977 COM2 65 0R0 102 0.5 10.7 44.3 1.0145 0.00 0.0M
586440.000 1977 COM2 65 0R0 002 0.2 10.6 44.6 1.0145 0.00 0.0M
586500.000 1977 COM2 65 0R0 212 0.3 10.6 44.8 1.0145 0.00 0.0M
586560.000 1977 COM2 65 0R0 253 0.4 10.7 44.9 1.0145 0.00 0.0M
586620.000 1977 COM2 65 0R0 202 0.4 10.7 44.7 1.0145 0.00 0.0M
586680.100 1977 COM2 65 0R0 204 0.9 10.8 44.5 1.0145 0.00 0.0M
586740.000 1977 COM2 65 0R0 166 0.3 10.9 44.4 1.0144 0.00 0.0M
586800.000 1977 COM2 65 0R0 123 0.5 10.9 44.0 1.0144 0.00 0.0M
586860.000 1977 COM2 65 0R0 181 0.7 11.0 43.7 1.0143 0.00 0.0M
586920.000 1977 COM2 65 0R0 001 0.5 11.0 43.5 1.0143 0.00 0.0M
586980.000 1977 COM2 65 0R0 097 0.2 11.0 43.6 1.0143 0.00 0.0M
587040.100 1977 COM2 65 0R0 325 0.5 11.1 43.7 1.0143 0.00 0.0M
587100.000 1977 COM2 65 0R0 095 1.7 11.1 43.3 1.0143 0.00 0.0M
587160.100 1977 COM2 65 0R0 128 0.4 11.1 43.2 1.0143 0.00 0.0M
587220.000 1977 COM2 65 0R0 297 0.3 11.1 43.4 1.0143 0.00 0.0M
587280.000 1977 COM2 65 0R0 322 0.2 11.1 43.5 1.0143 0.00 0.0M
587340.000 1977 COM2 65 0R0 330 0.5 11.1 43.0 1.0143 0.00 0.0M
587400.000 1977 COM2 65 0R0 323 0.3 11.0 42.9 1.0143 0.00 0.0M
587460.000 1977 COM2 65 0R0 358 0.4 10.9 43.4 1.0143 0.00 0.0M
587520.000 1977 COM2 65 0R0 201 0.2 10.9 43.9 1.0143 0.00 0.0M
587580.000 1977 COM2 65 0R0 143 1.0 11.0 43.5 1.0143 0.00 0.0M
587640.000 1977 COM2 65 0R0 143 0.5 11.0 43.7 1.0142 0.00 0.0M
587700.000 1977 COM2 65 0R0 099 2.3 11.0 43.1 1.0142 0.00 0.0M
587760.000 1977 COM2 65 0R0 143 1.3 10.9 43.5 1.0142 0.00 0.0M
587820.000 1977 COM2 65 0R0 155 0.6 10.7 43.3 1.0142 0.00 0.0M
587880.000 1977 COM2 65 0R0 095 2.0 10.6 43.8 1.0142 0.00 0.0M
587940.000 1977 COM2 65 0R0 161 1.0 10.7 43.2 1.0142 0.00 0.0M
588000.000 1977 COM2 65 0R0 132 0.5 10.7 43.2 1.0142 0.00 0.0M
588060.000 1977 COM2 65 0R0 130 0.9 10.6 43.6 1.0142 0.00 0.0M
588120.000 1977 COM2 65 0R0 131 3.3 10.6 43.2 1.0142 0.00 0.0M
588180.000 1977 COM2 65 0R0 115 0.8 10.5 42.7 1.0143 0.00 0.0M
588240.000 1977 COM2 65 0R0 141 0.8 10.3 43.7 1.0142 0.00 0.0M
588300.000 1977 COM2 65 0R0 149 1.7 10.3 43.8 1.0143 0.00 0.0M
588360.000 1977 COM2 65 0R0 129 0.8 10.4 43.1 1.0143 0.00 0.0M
588420.000 1977 COM2 65 0R0 126 0.8 10.4 43.4 1.0143 0.00 0.0M
588480.000 1977 COM2 65 0R0 113 1.2 10.4 43.2 1.0142 0.00 0.0M
588540.000 1977 COM2 65 0R0 090 0.6 10.4 42.6 1.0142 0.00 0.0M
588600.000 1977 COM2 65 0R0 189 1.0 10.2 42.6 1.0142 0.00 0.0M
588660.000 1977 COM2 65 0R0 245 1.2 10.1 43.2 1.0143 0.00 0.0M
588720.000 1977 COM2 65 0R0 239 0.3 10.1 43.3 1.0143 0.00 0.0M
588780.000 1977 COM2 65 0R0 249 1.0 10.1 43.6 1.0143 0.00 0.0M
588840.000 1977 COM2 65 0R0 311 0.7 10.2 42.9 1.0143 0.00 0.0M
588900.000 1977 COM2 65 0R0 240 0.8 10.2 43.0 1.0143 0.00 0.0M
588960.000 1977 COM2 65 0R0 256 0.3 10.1 43.1 1.0143 0.00 0.0M
589020.000 1977 COM2 65 0R0 147 0.3 10.1 43.8 1.0143 0.00 0.0M
589080.000 1977 COM2 65 0R0 025 0.3 10.1 43.6 1.0143 0.00 0.0M
589140.000 1977 COM2 65 0R0 193 0.2 10.0 43.9 1.0143 0.00 0.0M
589200.000 1977 COM2 65 0R0 024 0.5 10.0 43.9 1.0144 0.00 0.0M
589260.000 1977 COM2 65 0R0 035 0.4 10.1 43.7 1.0144 0.00 0.0M
589320.000 1977 COM2 65 0R0 124 0.1 10.1 43.5 1.0144 0.00 0.0M
589380.000 1977 COM2 65 0R0 054 0.2 10.1 43.3 1.0144 0.00 0.0M
589440.000 1977 COM2 65 0R0 306 0.1 10.1 43.5 1.0144 0.00 0.0M
589500.000 1977 COM2 65 0R0 029 0.3 10.1 43.6 1.0144 0.00 0.0M
589560.000 1977 COM2 65 0R0 145 0.2 10.1 44.7 1.0144 0.00 0.0M
589620.000 1977 COM2 65 0R0 276 0.2 10.1 44.4 1.0145 0.00 0.0M
589680.000 1977 COM2 65 0R0 206 0.8 10.2 44.1 1.0145 0.00 0.0M
589740.000 1977 COM2 65 0R0 170 1.9 10.2 44.4 1.0145 0.00 0.0M
589800.000 1977 COM2 65 0R0 130 0.6 10.2 43.2 1.0145 0.00 0.0M
589860.000 1977 COM2 65 0R0 196 0.3 10.1 44.4 1.0145 0.00 0.0M
589920.000 1977 COM2 65 0R0 186 0.4 10.2 44.2 1.0145 0.00 0.0M
589980.000 1977 COM2 65 0R0 041 0.4 10.2 44.1 1.0145 0.00 0.0M
590040.000 1977 COM2 65 0R0 062 0.2 10.3 43.9 1.0145 0.00 0.0M
590100.000 1977 COM2 65 0R0 089 0.3 10.4 43.4 1.0145 0.00 0.0M
590160.000 1977 COM2 65 0R0 210 0.2 10.5 43.4 1.0145 0.00 0.0M
590220.000 1977 COM2 65 0R0 230 0.7 10.5 43.5 1.0145 0.00 0.0M
590280.000 1977 COM2 65 0R0 186 0.6 10.6 43.5 1.0145 0.00 0.0M
590340.000 1977 COM2 65 0R0 297 0.1 10.6 42.9 1.0145 0.00 0.0M
590400.000 1977 COM2 65 0R0 011 0.2 10.5 43.3 1.0145 0.00 0.0M
590460.000 1977 COM2 65 0R0 121 0.3 10.5 43.2 1.0144 0.00 0.0M
590520.000 1977 COM2 65 0R0 113 0.4 10.5 43.3 1.0144 0.00 0.0M
590580.000 1977 COM2 65 0R0 199 0.2 10.5 43.4 1.0144 0.00 0.0M
590640.000 1977 COM2 65 0R0 041 0.5 10.5 43.4 1.0144 0.00 0.0M
590700.000 1977 COM2 65 0R0 165 0.4 10.5 43.3 1.0144 0.00 0.0M
590760.000 1977 COM2 65 0R0 184 1.1 10.5 43.3 1.0144 0.00 0.0M
590820.000 1977 COM2 65 0R0 189 1.2 10.5 43.3 1.0144 0.00 0.0M
590880.000 1977 COM2 65 0R0 156 0.6 10.4 43.6 1.0145 0.00 0.0M
590940.000 1977 COM2 65 0R0 196 1.2 10.4 43.5 1.0145 0.00 0.0M
591000.000 1977 COM2 65 0R0 205 1.2 10.3 44.2 1.0145 0.00 0.0M
591060.000 1977 COM2 65 0R0 186 1.7 10.3 44.5 1.0145 0.00 0.0M
591120.000 1977 COM2 65 0R0 189 1.6 10.2 44.6 1.0146 0.00 0.0M
591180.000 1977 COM2 65 0R0 180 1.9 10.1 44.6 1.0146 0.00 0.0M
591240.000 1977 COM2 65 0R0 198 1.4 10.0 45.1 1.0147 0.00 0.0M
591300.000 1977 COM2 64 0R0 163 1.3 9.9 45.3 1.0147 0.00 0.0M
591360.000 1977 COM2 64 0R0 080 0.4 9.8 45.3 1.0147 0.00 0.0M
591420.000 1977 COM2 64 0R0 194 0.7 9.8 45.7 1.0147 0.00 0.0M
591480.000 1977 COM2 64 0R0 099 0.5 9.7 45.6 1.0146 0.00 0.0M
591540.000 1977 COM2 64 0R0 096 0.5 9.7 45.6 1.0146 0.00 0.0M
591600.000 1977 COM2 64 0R0 127 0.3 9.8 45.6 1.0146 0.00 0.0M
591660.000 1977 COM2 64 0R0 234 0.3 9.8 46.1 1.0146 0.00 0.0M
591720.000 1977 COM2 64 0R0 222 0.5 9.9 45.9 1.0146 0.00 0.0M
591780.000 1977 COM2 65 0R0 190 1.1 10.0 45.4 1.0146 0.00 0.0M
591840.000 1977 COM2 65 0R0 225 0.3 10.0 45.7 1.0146 0.00 0.0M
591900.000 1977 COM2 65 0R0 003 0.1 10.0 46.0 1.0146 0.00 0.0M
591960.000 1977 COM2 65 0R0 220 0.3 10.1 45.5 1.0147 0.00 0.0M
592020.000 1977 COM2 65 0R0 066 0.3 10.2 45.3 1.0147 0.00 0.0M
592080.000 1977 COM2 65 0R0 273 0.3 10.2 45.3 1.0147 0.00 0.0M
592140.000 1977 COM2 65 0R0 120 0.7 10.3 45.0 1.0147 0.00 0.0M
592200.000 1977 COM2 65 0R0 107 0.3 10.3 44.9 1.0147 0.00 0.0M
592260.000 1977 COM2 65 0R0 155 0.3 10.3 44.6 1.0147 0.00 0.0M
592320.000 1977 COM2 65 0R0 107 1.0 10.2 45.1 1.0147 0.00 0.0M
592380.000 1977 COM2 65 0R0 034 0.6 10.2 44.6 1.0147 0.00 0.0M
592440.000 1977 COM2 65 0R0 144 0.4 10.2 44.8 1.0146 0.00 0.0M
592500.000 1977 COM2 65 0R0 116 1.9 10.3 45.1 1.0146 0.00 0.0M
592560.000 1977 COM2 65 0R0 145 0.9 10.3 43.9 1.0147 0.00 0.0M
592620.000 1977 COM2 65 0R0 146 0.2 10.2 44.9 1.0147 0.00 0.0M
592680.000 1977 COM2 65 0R0 092 0.5 10.1 45.4 1.0146 0.00 0.0M
592740.000 1977 COM2 65 0R0 152 1.0 10.1 44.8 1.0146 0.00 0.0M
592800.000 1977 COM2 65 0R0 032 0.6 10.1 44.6 1.0146 0.00 0.0M
592860.000 1977 COM2 65 0R0 088 0.5 10.0 45.3 1.0146 0.00 0.0M
592920.000 1977 COM2 65 0R0 073 1.3 10.0 45.4 1.0145 0.00 0.0M
592980.000 1977 COM2 64 0R0 094 1.7 9.9 45.3 1.0146 0.00 0.0M
593040.000 1977 COM2 64 0R0 166 0.6 9.8 45.2 1.0146 0.00 0.0M
593100.000 1977 COM2 64 0R0 107 1.1 9.7 46.0 1.0146 0.00 0.0M
593160.000 1977 COM2 64 0R0 086 1.7 9.7 46.1 1.0146 0.00 0.0M
593220.000 1977 COM2 64 0R0 200 0.4 9.6 46.2 1.0146 0.00 0.0M
593280.000 1977 COM2 64 0R0 126 0.3 9.6 46.8 1.0146 0.00 0.0M
593340.000 1977 COM2 64 0R0 127 0.7 9.7 46.3 1.0145 0.00 0.0M
593400.000 1977 COM2 64 0R0 212 0.2 9.8 47.0 1.0146 0.00 0.0M
593460.000 1977 COM2 64 0R0 279 0.1 9.9 46.8 1.0146 0.00 0.0M
593520.000 1977 COM2 64 0R0 052 0.2 9.9 46.2 1.0147 0.00 0.0M
593580.000 1977 COM2 64 0R0 014 0.5 9.9 45.8 1.0147 0.00 0.0M
593640.000 1977 COM2 64 0R0 000 0.6 9.8 45.7 1.0147 0.00 0.0M
593700.000 1977 COM2 64 0R0 075 0.5 9.8 46.0 1.0147 0.00 0.0M
593760.000 1977 COM2 64 0R0 078 0.5 9.7 46.1 1.0147 0.00 0.0M
593820.000 1977 COM2 64 0R0 030 0.8 9.6 46.0 1.0146 0.00 0.0M
593880.000 1977 COM2 64 0R0 181 0.2 9.6 46.4 1.0147 0.00 0.0M
593940.000 1977 COM2 64 0R0 027 0.8 9.6 46.5 1.0147 0.00 0.0M
594000.000 1977 COM2 64 0R0 021 1.4 9.5 46.6 1.0146 0.00 0.0M
594060.000 1977 COM2 64 0R0 063 0.5 9.4 46.8 1.0146 0.00 0.0M
594120.000 1977 COM2 64 0R0 023 0.9 9.4 47.1 1.0146 0.00 0.0M
594180.000 1977 COM2 64 0R0 021 0.6 9.3 46.9 1.0146 0.00 0.0M
594240.000 1977 COM2 64 0R0 026 0.9 9.3 47.4 1.0146 0.00 0.0M
594300.000 1977 COM2 64 0R0 031 1.2 9.3 47.3 1.0146 0.00 0.0M
594360.000 1977 COM2 64 0R0 306 0.6 9.3 47.2 1.0146 0.00 0.0M
594420.000 1977 COM2 64 0R0 348 0.4 9.2 47.6 1.0145 0.00 0.0M
594480.000 1977 COM2 64 0R0 041 0.7 9.3 48.0 1.0145 0.00 0.0M
594540.000 1977 COM2 64 0R0 011 0.6 9.2 47.5 1.0144 0.00 0.0M
594600.000 1977 COM2 64 0R0 048 0.6 9.2 47.6 1.0144 0.00 0.0M
594660.000 1977 COM2 64 0R0 350 0.3 9.2 48.1 1.0143 0.00 0.0M
594720.000 1977 COM2 64 0R0 078 0.6 9.2 47.9 1.0143 0.00 0.0M
594780.000 1977 COM2 64 0R0 073 1.5 9.2 47.9 1.0144 0.00 0.0M
594840.000 1977 COM2 64 0R0 085 0.4 9.2 48.0 1.0145 0.00 0.0M
594900.000 1977 COM2 64 0R0 049 0.8 9.1 47.9 1.0145 0.00 0.0M
594960.000 1977 COM2 64 0R0 053 1.2 9.1 48.0 1.0145 0.00 0.0M
595020.000 1977 COM2 64 0R0 063 1.4 9.0 48.2 1.0145 0.00 0.0M
595080.000 1977 COM2 64 0R0 012 0.6 9.0 48.5 1.0145 0.00 0.0M
595140.000 1977 COM2 64 0R0 008 1.1 9.0 48.8 1.0145 0.00 0.0M
595200.000 1977 COM2 64 0R0 022 1.4 8.9 48.7 1.0145 0.00 0.0M
595260.000 1977 COM2 64 0R0 038 1.6 8.9 48.6 1.0145 0.00 0.0M
595320.000 1977 COM2 64 0R0 011 1.6 8.9 48.6 1.0145 0.00 0.0M
595380.000 1977 COM2 64 0R0 038 1.7 8.9 48.6 1.0146 0.00 0.0M
595440.000 1977 COM2 64 0R0 075 0.2 8.8 48.9 1.0146 0.00 0.0M
595500.000 1977 COM2 64 0R0 024 1.4 8.8 49.0 1.0146 0.00 0.0M
595560.000 1977 COM2 64 0R0 022 1.1 8.8 49.0 1.0147 0.00 0.0M
595620.000 1977 COM2 64 0R0 359 0.8 8.8 49.2 1.0147 0.00 0.0M
595680.000 1977 COM2 64 0R0 314 0.7 8.8 49.0 1.0147 0.00 0.0M
595740.000 1977 COM2 64 0R0 303 0.6 8.8 49.0 1.0147 0.00 0.0M
595800.000 1977 COM2 64 0R0 040 1.4 8.8 49.1 1.0147 0.00 0.0M
595860.000 1977 COM2 64 0R0 007 0.6 8.8 49.2 1.0146 0.00 0.0M
595920.000 1977 COM2 64 0R0 038 0.9 8.8 48.9 1.0147 0.00 0.0M
595980.000 1977 COM2 64 0R0 354 0.6 8.7 49.3 1.0147 0.00 0.0M
596040.000 1977 COM2 64 0R0 035 0.3 8.7 49.5 1.0147 0.00 0.0M
596100.000 1977 COM2 64 0R0 037 1.1 8.7 49.4 1.0147 0.00 0.0M
596160.000 1977 COM2 64 0R0 077 0.5 8.7 49.5 1.0147 0.00 0.0M
596220.000 1977 COM2 64 0R0 076 0.7 8.7 49.7 1.0147 0.00 0.0M
596280.000 1977 COM2 64 0R0 038 1.4 8.8 49.5 1.0148 0.00 0.0M
596340.000 1977 COM2 64 0R0 017 0.6 8.8 49.3 1.0148 0.00 0.0M
596400.000 1977 COM2 64 0R0 034 0.5 8.8 49.5 1.0148 0.00 0.0M
596460.000 1977 COM2 64 0R0 066 1.4 8.8 49.2 1.0148 0.00 0.0M
596520.000 1977 COM2 64 0R0 043 0.9 8.7 49.4 1.0149 0.00 0.0M
596580.000 1977 COM2 64 0R0 053 1.4 8.7 49.2 1.0149 0.00 0.0M
596640.000 1977 COM2 64 0R0 024 1.4 8.7 49.2 1.0149 0.00 0.0M
596700.000 1977 COM2 64 0R0 042 1.4 8.7 49.5 1.0149 0.00 0.0M
596760.000 1977 COM2 64 0R0 010 0.4 8.7 50.0 1.0149 0.00 0.0M
596820.000 1977 COM2 64 0R0 119 0.7 8.7 49.8 1.0149 0.00 0.0M
596880.000 1977 COM2 64 0R0 080 0.5 8.7 49.8 1.0149 0.00 0.0M
596940.000 1977 COM2 64 0R0 070 0.8 8.6 49.7 1.0149 0.00 0.0M
597000.000 1977 COM2 64 0R0 359 0.9 8.7 49.7 1.0149 0.00 0.0M
597060.000 1977 COM2 64 0R0 002 0.6 8.6 50.0 1.0149 0.00 0.0M
597120.000 1977 COM2 64 0R0 043 1.4 8.7 50.0 1.0149 0.00 0.0M
597180.000 1977 COM2 64 0R0 037 0.5 8.6 49.8 1.0149 0.00 0.0M
597240.000 1977 COM2 64 0R0 001 1.3 8.6 50.0 1.0150 0.00 0.0M
597300.000 1977 COM2 64 0R0 036 0.8 8.5 50.2 1.0150 0.00 0.0M
597360.000 1977 COM2 64 0R0 322 0.7 8.5 50.4 1.0150 0.00 0.0M
597420.000 1977 COM2 64 0R0 358 0.3 8.5 50.4 1.0150 0.00 0.0M
597480.000 1977 COM2 64 0R0 024 1.3 8.5 50.4 1.0150 0.00 0.0M
597540.000 1977 COM2 64 0R0 026 1.2 8.5 50.3 1.0150 0.00 0.0M
597600.000 1977 COM2 64 0R0 044 1.2 8.5 50.7 1.0150 0.00 0.0M
597660.000 1977 COM2 64 0R0 041 2.1 8.5 50.7 1.0149 0.00 0.0M
597720.000 1977 COM2 64 0R0 052 0.9 8.5 50.7 1.0149 0.00 0.0M
597780.000 1977 COM2 64 0R0 033 2.3 8.5 50.2 1.0149 0.00 0.0M
597840.000 1977 COM2 64 0R0 026 0.9 8.5 50.5 1.0149 0.00 0.0M
597900.000 1977 COM2 64 0R0 342 0.7 8.5 50.6 1.0149 0.00 0.0M
597960.000 1977 COM2 64 0R0 055 0.8 8.5 50.7 1.0149 0.00 0.0M
598020.000 1977 COM2 64 0R0 267 0.2 8.5 50.6 1.0149 0.00 0.0M
598080.000 1977 COM2 64 0R0 010 0.2 8.4 50.4 1.0149 0.00 0.0M
598140.000 1977 COM2 64 0R0 055 0.4 8.4 50.8 1.0149 0.00 0.0M
598200.000 1977 COM2 64 0R0 024 1.7 8.4 50.8 1.0149 0.00 0.0M
598260.000 1977 COM2 64 0R0 029 1.9 8.4 50.3 1.0150 0.00 0.0M
598320.000 1977 COM2 64 0R0 321 0.6 8.4 50.2 1.0149 0.00 0.0M
598380.000 1977 COM2 64 0R0 049 0.3 8.4 50.5 1.0149 0.00 0.0M
598440.000 1977 COM2 64 0R0 050 0.6 8.3 50.9 1.0149 0.00 0.0M
598500.000 1977 COM2 64 0R0 340 0.4 8.3 50.8 1.0149 0.00 0.0M
598560.000 1977 COM2 64 0R0 085 0.5 8.3 50.9 1.0149 0.00 0.0M
598620.000 1977 COM2 64 0R0 027 1.2 8.3 50.8 1.0150 0.00 0.0M
598680.000 1977 COM2 64 0R0 028 1.0 8.3 50.8 1.0150 0.00 0.0M
598740.000 1977 COM2 64 0R0 035 2.2 8.3 50.9 1.0150 0.00 0.0M
598800.000 1977 COM2 64 0R0 358 0.9 8.3 51.2 1.0150 0.00 0.0M
598860.000 1977 COM2 64 0R0 045 1.1 8.2 50.9 1.0150 0.00 0.0M
598920.000 1977 COM2 64 0R0 022 0.9 8.2 51.2 1.0150 0.00 0.0M
598980.000 1977 COM2 64 0R0 029 1.4 8.2 51.3 1.0150 0.00 0.0M
599040.000 1977 COM2 64 0R0 033 0.7 8.2 51.2 1.0150 0.00 0.0M
599100.000 1977 COM2 64 0R0 052 0.9 8.2 51.5 1.0150 0.00 0.0M
599160.000 1977 COM2 64 0R0 344 0.8 8.2 51.3 1.0150 0.00 0.0M
599220.000 1977 COM2 64 0R0 033 1.2 8.2 51.2 1.0149 0.00 0.0M
599280.000 1977 COM2 64 0R0 021 1.8 8.2 51.2 1.0149 0.00 0.0M
599340.000 1977 COM2 64 0R0 355 0.3 8.2 51.4 1.0149 0.00 0.0M
599400.000 1977 COM2 64 0R0 067 1.0 8.1 51.3 1.0149 0.00 0.0M
599460.000 1977 COM2 64 0R0 025 1.3 8.1 51.1 1.0148 0.00 0.0M
599520.000 1977 COM2 64 0R0 041 0.6 8.1 51.2 1.0148 0.00 0.0M
599580.000 1977 COM2 64 0R0 011 0.7 8.1 51.4 1.0147 0.00 0.0M
599640.000 1977 COM2 64 0R0 035 1.6 8.1 51.3 1.0147 0.00 0.0M
599700.000 1977 COM2 64 0R0 051 0.9 8.0 51.4 1.0147 0.00 0.0M
599760.000 1977 COM2 64 0R0 026 1.2 8.0 51.8 1.0147 0.00 0.0M
599820.000 1977 COM2 64 0R0 042 1.1 8.0 51.5 1.0147 0.00 0.0M
599880.000 1977 COM2 64 0R0 012 1.1 8.0 51.9 1.0147 0.00 0.0M
599940.000 1977 COM2 64 0R0 024 0.9 7.9 52.0 1.0147 0.00 0.0M
600000.000 1977 COM2 64 0R0 025 1.2 7.9 52.0 1.0147 0.00 0.0M
600060.000 1977 COM2 64 0R0 035 0.7 7.9 52.2 1.0147 0.00 0.0M
600120.000 1977 COM2 64 0R0 040 1.8 7.9 51.9 1.0147 0.00 0.0M
600180.000 1977 COM2 64 0R0 356 1.5 7.9 52.2 1.0148 0.00 0.0M
600240.000 1977 COM2 64 0R0 063 2.8 7.9 52.7 1.0148 0.00 0.0M
600300.000 1977 COM2 64 0R0 067 3.2 7.8 53.4 1.0148 0.00 0.0M
600360.000 1977 COM2 64 0R0 091 0.6 7.7 53.9 1.0148 0.00 0.0M
600420.000 1977 COM2 64 0R0 070 1.7 7.7 54.0 1.0148 0.00 0.0M
600480.000 1977 COM2 64 0R0 037 0.6 7.7 54.3 1.0148 0.00 0.0M
600540.000 1977 COM2 64 0R0 006 1.0 7.7 55.2 1.0149 0.00 0.0M
600600.000 1977 COM2 64 0R0 120 0.6 7.7 55.5 1.0149 0.00 0.0M
600660.000 1977 COM2 64 0R0 103 1.1 7.7 55.5 1.0149 0.00 0.0M
600720.000 1977 COM2 64 0R0 089 0.6 7.7 56.0 1.0149 0.00 0.0M
600780.000 1977 COM2 64 0R0 128 0.4 7.7 56.0 1.0149 0.00 0.0M
600840.000 1977 COM2 64 0R0 092 2.2 7.8 56.6 1.0149 0.00 0.0M
600900.000 1977 COM2 64 0R0 130 1.3 7.8 56.9 1.0148 0.00 0.0M
600960.000 1977 COM2 64 0R0 101 1.7 7.7 57.4 1.0149 0.00 0.0M
601020.000 1977 COM2 64 0R0 086 2.5 7.6 58.3 1.0148 0.00 0.0M
601080.000 1977 COM2 64 0R0 083 3.0 7.6 58.4 1.0148 0.00 0.0M
601140.000 1977 COM2 64 0R0 132 1.4 7.5 58.7 1.0148 0.00 0.0M
601200.000 1977 COM2 64 0R0 091 2.2 7.4 59.2 1.0148 0.00 0.0M
601260.000 1977 COM2 64 0R0 080 1.2 7.4 59.5 1.0148 0.00 0.0M
601320.000 1977 COM2 64 0R0 095 2.6 7.4 59.8 1.0147 0.00 0.0M
601380.000 1977 COM2 64 0R0 085 2.4 7.3 60.1 1.0148 0.00 0.0M
601440.000 1977 COM2 64 0R0 100 1.0 7.2 60.5 1.0148 0.00 0.0M
601500.000 1977 COM2 64 0R0 121 1.6 7.2 60.6 1.0148 0.00 0.0M
601560.000 1977 COM2 64 0R0 086 1.2 7.3 60.8 1.0148 0.00 0.0M
601620.000 1977 COM2 64 0R0 096 1.5 7.3 60.2 1.0149 0.00 0.0M
601680.000 1977 COM2 64 0R0 074 1.2 7.4 60.4 1.0148 0.00 0.0M
601740.000 1977 COM2 64 0R0 087 1.0 7.4 60.3 1.0148 0.00 0.0M
601800.000 1977 COM2 64 0R0 110 0.8 7.4 60.2 1.0148 0.00 0.0M
601860.000 1977 COM2 64 0R0 079 0.8 7.5 60.2 1.0148 0.00 0.0M
601920.000 1977 COM2 64 0R0 312 0.6 7.5 60.4 1.0149 0.00 0.0M
601980.000 1977 COM2 64 0R0 072 0.7 7.5 60.7 1.0149 0.00 0.0M
602040.000 1977 COM2 64 0R0 082 1.3 7.5 60.5 1.0149 0.00 0.0M
602100.000 1977 COM2 64 0R0 119 0.4 7.5 60.5 1.0148 0.00 0.0M
602160.000 1977 COM2 64 0R0 117 0.7 7.4 60.8 1.0148 0.00 0.0M
602220.000 1977 COM2 64 0R0 136 0.8 7.4 60.8 1.0148 0.00 0.0M
602280.000 1977 COM2 64 0R0 348 0.4 7.4 61.1 1.0148 0.00 0.0M
602340.000 1977 COM2 64 0R0 124 1.1 7.4 61.1 1.0148 0.00 0.0M
602400.000 1977 COM2 64 0R0 083 0.5 7.3 61.4 1.0148 0.00 0.0M
602460.000 1977 COM2 64 0R0 106 2.2 7.3 61.4 1.0148 0.00 0.0M
602520.000 1977 COM2 64 0R0 136 0.7 7.3 61.5 1.0148 0.00 0.0M
602580.000 1977 COM2 64 0R0 101 1.9 7.3 61.7 1.0148 0.00 0.0M
602640.000 1977 COM2 64 0R0 077 1.9 7.3 62.1 1.0148 0.00 0.0M
602700.000 1977 COM2 64 0R0 125 1.0 7.2 62.1 1.0148 0.00 0.0M
602760.000 1977 COM2 64 0R0 115 2.4 7.1 62.3 1.0148 0.00 0.0M
602820.000 1977 COM2 64 0R0 099 1.8 7.0 62.9 1.0148 0.00 0.0M
602880.000 1977 COM2 64 0R0 089 2.9 7.0 63.3 1.0148 0.00 0.0M
602940.000 1977 COM2 64 0R0 095 3.2 6.9 63.5 1.0148 0.00 0.0M
603000.000 1977 COM2 64 0R0 107 0.8 6.9 63.5 1.0149 0.00 0.0M
603060.000 1977 COM2 64 0R0 125 0.8 6.9 63.9 1.0148 0.00 0.0M
603120.000 1977 COM2 64 0R0 130 0.9 6.9 63.8 1.0148 0.00 0.0M
603180.000 1977 COM2 64 0R0 085 1.6 6.9 63.8 1.0148 0.00 0.0M
603240.000 1977 COM2 64 0R0 116 0.9 6.9 63.8 1.0148 0.00 0.0M
603300.000 1977 COM2 64 0R0 079 1.0 6.9 63.7 1.0148 0.00 0.0M
603360.000 1977 COM2 64 0R0 115 2.1 7.0 63.7 1.0147 0.00 0.0M
603420.000 1977 COM2 64 0R0 120 1.0 7.0 63.8 1.0147 0.00 0.0M
603480.000 1977 COM2 64 0R0 095 2.0 7.0 63.9 1.0148 0.00 0.0M
603540.000 1977 COM2 64 0R0 082 1.8 7.0 63.8 1.0148 0.00 0.0M
603600.000 1977 COM2 64 0R0 093 2.6 6.9 63.8 1.0148 0.00 0.0M
603660.000 1977 COM2 64 0R0 104 2.0 6.8 64.1 1.0148 0.00 0.0M
603720.000 1977 COM2 64 0R0 112 2.3 6.8 64.5 1.0147 0.00 0.0M
603780.000 1977 COM2 64 0R0 184 0.7 6.8 64.7 1.0147 0.00 0.0M
603840.000 1977 COM2 64 0R0 098 1.6 6.8 64.4 1.0147 0.00 0.0M
603900.000 1977 COM2 64 0R0 107 1.0 6.8 64.4 1.0147 0.00 0.0M
603960.000 1977 COM2 64 0R0 086 3.3 6.9 64.1 1.0147 0.00 0.0M
604020.000 1977 COM2 64 0R0 094 2.0 6.8 64.3 1.0147 0.00 0.0M
604080.000 1977 COM2 64 0R0 102 1.2 6.8 64.7 1.0147 0.00 0.0M
604140.000 1977 COM2 64 0R0 093 2.5 6.7 65.0 1.0147 0.00 0.0M
604200.000 1977 COM2 64 0R0 117 1.8 6.7 64.7 1.0147 0.00 0.0M
604260.000 1977 COM2 64 0R0 090 2.4 6.8 64.7 1.0147 0.00 0.0M
604320.000 1977 COM2 64 0R0 094 2.1 6.8 64.9 1.0147 0.00 0.0M
604380.000 1977 COM2 64 0R0 085 0.9 6.7 64.9 1.0147 0.00 0.0M
604440.000 1977 COM2 64 0R0 106 0.5 6.7 64.9 1.0148 0.00 0.0M
604500.000 1977 COM2 64 0R0 163 0.8 6.8 64.7 1.0148 0.00 0.0M
604560.000 1977 COM2 64 0R0 101 0.6 6.9 64.6 1.0148 0.00 0.0M
604620.000 1977 COM2 64 0R0 090 0.4 6.9 64.2 1.0148 0.00 0.0M
604680.000 1977 COM2 64 0R0 094 1.1 7.0 64.0 1.0148 0.00 0.0M
604740.000 1977 COM2 64 0R0 115 1.9 7.0 64.0 1.0148 0.00 0.0M
