TO [s] WNc [w] C StringLn ASCIIString
---------------------------------------
0.000 1969 COM2 65 0R0 335 4.9 13.4 63.8 1.0164 0.00 0.0M
60.000 1969 COM2 65 0R0 344 2.5 13.4 63.9 1.0165 0.00 0.0M
120.000 1969 COM2 65 0R0 347 2.8 13.4 64.0 1.0165 0.00 0.0M
180.000 1969 COM2 65 0R0 344 2.9 13.4 63.9 1.0165 0.00 0.0M
240.000 1969 COM2 65 0R0 045 1.5 13.4 64.1 1.0165 0.00 0.0M
300.000 1969 COM2 65 0R0 350 2.7 13.4 64.1 1.0165 0.00 0.0M
360.000 1969 COM2 65 0R0 008 0.9 13.4 64.2 1.0165 0.00 0.0M
420.000 1969 COM2 65 0R0 029 1.1 13.4 64.2 1.0166 0.00 0.0M
480.000 1969 COM2 65 0R0 350 3.3 13.3 64.3 1.0166 0.00 0.0M
540.000 1969 COM2 65 0R0 339 2.4 13.3 64.4 1.0166 0.00 0.0M
600.000 1969 COM2 65 0R0 342 3.2 13.3 64.4 1.0166 0.00 0.0M
660.000 1969 COM2 65 0R0 345 1.5 13.3 64.3 1.0166 0.00 0.0M
720.000 1969 COM2 65 0R0 067 0.7 13.3 64.5 1.0166 0.00 0.0M
780.000 1969 COM2 65 0R0 326 2.7 13.3 64.4 1.0166 0.00 0.0M
840.000 1969 COM2 65 0R0 011 1.7 13.3 64.4 1.0166 0.00 0.0M
900.000 1969 COM2 65 0R0 022 2.6 13.3 64.5 1.0166 0.00 0.0M
960.000 1969 COM2 65 0R0 345 2.1 13.3 64.3 1.0166 0.00 0.0M
1020.000 1969 COM2 65 0R0 012 2.5 13.3 64.5 1.0166 0.00 0.0M
1080.000 1969 COM2 65 0R0 036 1.0 13.3 64.6 1.0167 0.00 0.0M
1140.000 1969 COM2 65 0R0 329 0.5 13.2 64.7 1.0167 0.00 0.0M
1200.000 1969 COM2 65 0R0 357 0.8 13.2 64.7 1.0167 0.00 0.0M
1260.000 1969 COM2 65 0R0 343 1.9 13.2 64.9 1.0167 0.00 0.0M
1320.000 1969 COM2 65 0R0 005 1.2 13.2 65.0 1.0167 0.00 0.0M
1380.000 1969 COM2 65 0R0 038 1.6 13.1 65.0 1.0168 0.00 0.0M
1440.000 1969 COM2 65 0R0 314 0.4 13.1 65.3 1.0168 0.00 0.0M
1500.000 1969 COM2 65 0R0 044 1.1 13.1 65.4 1.0168 0.00 0.0M
1560.000 1969 COM2 65 0R0 033 2.9 13.1 65.3 1.0169 0.00 0.0M
1620.000 1969 COM2 65 0R0 029 1.6 13.1 65.1 1.0169 0.00 0.0M
1680.000 1969 COM2 65 0R0 338 2.3 13.1 65.0 1.0169 0.00 0.0M
1740.000 1969 COM2 65 0R0 058 1.6 13.1 65.3 1.0170 0.00 0.0M
1800.000 1969 COM2 65 0R0 041 2.4 13.1 65.3 1.0170 0.00 0.0M
1860.000 1969 COM2 65 0R0 029 3.2 13.1 65.3 1.0170 0.00 0.0M
1920.000 1969 COM2 65 0R0 003 0.7 13.0 65.6 1.0170 0.00 0.0M
1980.000 1969 COM2 65 0R0 019 0.4 13.0 65.8 1.0171 0.00 0.0M
2040.000 1969 COM2 65 0R0 002 1.3 13.0 65.8 1.0171 0.00 0.0M
2100.000 1969 COM2 65 0R0 300 0.4 13.0 65.8 1.0171 0.00 0.0M
2160.000 1969 COM2 65 0R0 354 2.5 13.0 66.0 1.0171 0.00 0.0M
2220.000 1969 COM2 65 0R0 036 1.8 12.9 65.9 1.0171 0.00 0.0M
2280.000 1969 COM2 65 0R0 344 0.7 12.9 66.1 1.0171 0.00 0.0M
2340.000 1969 COM2 65 0R0 021 3.2 12.9 66.0 1.0171 0.00 0.0M
2400.000 1969 COM2 65 0R0 359 2.0 12.9 66.2 1.0171 0.00 0.0M
2460.000 1969 COM2 65 0R0 027 2.2 12.9 66.3 1.0172 0.00 0.0M
2520.000 1969 COM2 65 0R0 032 1.0 12.9 66.5 1.0172 0.00 0.0M
2580.000 1969 COM2 65 0R0 016 1.4 12.8 66.5 1.0172 0.00 0.0M
2640.000 1969 COM2 65 0R0 007 0.9 12.8 66.8 1.0172 0.00 0.0M
2700.000 1969 COM2 65 0R0 003 0.8 12.8 66.7 1.0172 0.00 0.0M
2760.000 1969 COM2 65 0R0 324 1.4 12.8 66.9 1.0172 0.00 0.0M
2820.000 1969 COM2 65 0R0 352 1.3 12.8 67.0 1.0173 0.00 0.0M
2880.000 1969 COM2 65 0R0 347 1.1 12.7 67.1 1.0173 0.00 0.0M
2940.000 1969 COM2 65 0R0 107 1.0 12.7 67.1 1.0173 0.00 0.0M
3000.000 1969 COM2 65 0R0 026 1.4 12.7 67.2 1.0173 0.00 0.0M
3060.000 1969 COM2 65 0R0 015 0.7 12.7 67.2 1.0173 0.00 0.0M
3120.000 1969 COM2 65 0R0 026 1.8 12.7 67.3 1.0173 0.00 0.0M
3180.000 1969 COM2 65 0R0 029 1.3 12.7 67.3 1.0173 0.00 0.0M
3240.000 1969 COM2 65 0R0 014 1.6 12.7 67.5 1.0174 0.00 0.0M
3300.000 1969 COM2 65 0R0 030 1.1 12.7 67.5 1.0174 0.00 0.0M
3360.000 1969 COM2 65 0R0 002 0.6 12.7 67.4 1.0174 0.00 0.0M
3420.000 1969 COM2 65 0R0 012 0.6 12.7 67.6 1.0174 0.00 0.0M
3480.000 1969 COM2 65 0R0 111 0.2 12.7 67.8 1.0174 0.00 0.0M
3540.000 1969 COM2 65 0R0 049 0.7 12.7 67.6 1.0174 0.00 0.0M
3600.000 1969 COM2 65 0R0 033 1.3 12.6 67.8 1.0174 0.00 0.0M
3660.000 1969 COM2 65 0R0 010 1.0 12.6 67.9 1.0174 0.00 0.0M
3720.000 1969 COM2 65 0R0 062 2.0 12.6 67.8 1.0175 0.00 0.0M
3780.000 1969 COM2 65 0R0 034 1.7 12.6 68.0 1.0175 0.00 0.0M
3840.000 1969 COM2 65 0R0 333 1.7 12.6 68.1 1.0175 0.00 0.0M
3900.000 1969 COM2 65 0R0 358 0.7 12.6 68.1 1.0175 0.00 0.0M
3960.000 1969 COM2 65 0R0 028 1.6 12.5 68.3 1.0175 0.00 0.0M
4020.000 1969 COM2 65 0R0 014 0.5 12.6 68.2 1.0175 0.00 0.0M
4080.000 1969 COM2 65 0R0 038 0.7 12.5 68.4 1.0175 0.00 0.0M
4140.000 1969 COM2 65 0R0 036 1.0 12.5 68.4 1.0175 0.00 0.0M
4200.000 1969 COM2 65 0R0 038 1.0 12.5 68.5 1.0175 0.00 0.0M
4260.000 1969 COM2 65 0R0 038 1.3 12.5 68.8 1.0175 0.00 0.0M
4320.000 1969 COM2 65 0R0 022 1.6 12.5 68.6 1.0175 0.00 0.0M
4380.000 1969 COM2 65 0R0 354 0.8 12.5 68.5 1.0175 0.00 0.0M
4440.000 1969 COM2 65 0R0 351 2.0 12.5 68.5 1.0176 0.00 0.0M
4500.000 1969 COM2 65 0R0 023 2.3 12.4 68.9 1.0176 0.00 0.0M
4560.000 1969 COM2 65 0R0 029 1.3 12.4 68.9 1.0176 0.00 0.0M
4620.000 1969 COM2 65 0R0 033 1.3 12.4 68.9 1.0176 0.00 0.0M
4680.000 1969 COM2 65 0R0 006 1.4 12.4 69.0 1.0176 0.00 0.0M
4740.000 1969 COM2 65 0R0 319 1.3 12.4 68.9 1.0176 0.00 0.0M
4800.000 1969 COM2 65 0R0 304 0.8 12.4 69.3 1.0176 0.00 0.0M
4860.000 1969 COM2 65 0R0 012 0.6 12.4 68.9 1.0176 0.00 0.0M
4920.000 1969 COM2 65 0R0 351 1.6 12.3 69.1 1.0176 0.00 0.0M
4980.000 1969 COM2 65 0R0 358 0.6 12.3 69.3 1.0176 0.00 0.0M
5040.000 1969 COM2 65 0R0 023 1.6 12.3 69.3 1.0176 0.00 0.0M
5100.000 1969 COM2 65 0R0 054 1.2 12.3 69.5 1.0176 0.00 0.0M
5160.000 1969 COM2 65 0R0 359 1.8 12.3 69.5 1.0176 0.00 0.0M
5220.000 1969 COM2 65 0R0 357 2.3 12.3 69.5 1.0176 0.00 0.0M
5280.000 1969 COM2 65 0R0 001 2.0 12.3 69.5 1.0176 0.00 0.0M
5340.000 1969 COM2 65 0R0 024 1.2 12.3 69.5 1.0176 0.00 0.0M
5400.000 1969 COM2 65 0R0 028 0.6 12.3 69.5 1.0176 0.00 0.0M
5460.000 1969 COM2 65 0R0 025 1.0 12.2 69.7 1.0177 0.00 0.0M
5520.000 1969 COM2 65 0R0 020 2.9 12.2 69.8 1.0177 0.00 0.0M
5580.000 1969 COM2 65 0R0 044 1.2 12.2 69.9 1.0177 0.00 0.0M
5640.000 1969 COM2 65 0R0 355 2.0 12.2 70.0 1.0177 0.00 0.0M
5700.000 1969 COM2 65 0R0 005 1.4 12.2 70.0 1.0177 0.00 0.0M
5760.000 1969 COM2 65 0R0 034 0.6 12.1 70.1 1.0177 0.00 0.0M
5820.000 1969 COM2 65 0R0 353 1.0 12.1 70.2 1.0177 0.00 0.0M
5880.000 1969 COM2 65 0R0 305 0.8 12.1 70.2 1.0177 0.00 0.0M
5940.000 1969 COM2 65 0R0 096 1.0 12.1 70.4 1.0178 0.00 0.0M
6000.000 1969 COM2 65 0R0 017 2.8 12.1 70.4 1.0178 0.00 0.0M
6060.000 1969 COM2 65 0R0 015 1.4 12.1 70.5 1.0178 0.00 0.0M
6120.000 1969 COM2 65 0R0 024 3.4 12.1 70.6 1.0178 0.00 0.0M
6180.000 1969 COM2 65 0R0 033 2.5 12.0 70.7 1.0178 0.00 0.0M
6240.000 1969 COM2 65 0R0 043 1.0 12.0 70.7 1.0178 0.00 0.0M
6300.000 1969 COM2 65 0R0 034 2.4 12.0 70.8 1.0178 0.00 0.0M
6360.000 1969 COM2 65 0R0 030 3.3 12.0 70.9 1.0178 0.00 0.0M
6420.000 1969 COM2 65 0R0 002 1.1 12.0 70.9 1.0178 0.00 0.0M
6480.000 1969 COM2 65 0R0 008 2.8 12.0 70.8 1.0178 0.00 0.0M
6540.000 1969 COM2 65 0R0 019 1.7 12.0 71.1 1.0178 0.00 0.0M
6600.000 1969 COM2 65 0R0 038 3.4 11.9 71.0 1.0178 0.00 0.0M
6660.000 1969 COM2 65 0R0 031 1.5 12.0 71.0 1.0178 0.00 0.0M
6720.000 1969 COM2 65 0R0 338 1.8 12.0 70.9 1.0178 0.00 0.0M
6780.000 1969 COM2 65 0R0 032 2.7 12.0 70.8 1.0178 0.00 0.0M
6840.000 1969 COM2 65 0R0 038 2.1 12.0 71.0 1.0178 0.00 0.0M
6900.000 1969 COM2 65 0R0 024 2.2 11.9 71.0 1.0178 0.00 0.0M
6960.000 1969 COM2 65 0R0 005 2.3 11.9 70.6 1.0178 0.00 0.0M
7020.000 1969 COM2 65 0R0 035 2.4 11.9 70.6 1.0178 0.00 0.0M
7080.000 1969 COM2 65 0R0 356 1.1 11.9 70.4 1.0178 0.00 0.0M
7140.000 1969 COM2 65 0R0 063 1.1 12.0 70.5 1.0178 0.00 0.0M
7200.000 1969 COM2 65 0R0 013 2.4 12.0 70.2 1.0178 0.00 0.0M
7260.000 1969 COM2 65 0R0 014 4.2 12.0 70.0 1.0178 0.00 0.0M
7320.000 1969 COM2 65 0R0 029 2.8 12.0 69.9 1.0179 0.00 0.0M
7380.000 1969 COM2 65 0R0 019 1.2 12.0 69.8 1.0179 0.00 0.0M
7440.000 1969 COM2 65 0R0 022 1.0 12.0 69.4 1.0179 0.00 0.0M
7500.000 1969 COM2 65 0R0 008 2.2 12.0 69.6 1.0179 0.00 0.0M
7560.000 1969 COM2 65 0R0 083 0.7 12.0 69.6 1.0179 0.00 0.0M
7620.000 1969 COM2 65 0R0 010 3.1 12.0 69.4 1.0179 0.00 0.0M
7680.000 1969 COM2 65 0R0 354 2.9 12.0 69.5 1.0179 0.00 0.0M
7740.000 1969 COM2 65 0R0 016 0.7 12.0 69.5 1.0179 0.00 0.0M
7800.000 1969 COM2 65 0R0 334 2.2 12.0 69.5 1.0179 0.00 0.0M
7860.000 1969 COM2 65 0R0 353 3.7 12.0 69.5 1.0179 0.00 0.0M
7920.000 1969 COM2 65 0R0 025 2.3 12.0 69.5 1.0179 0.00 0.0M
7980.000 1969 COM2 65 0R0 339 2.4 12.0 69.5 1.0178 0.00 0.0M
8040.000 1969 COM2 65 0R0 342 3.0 12.0 69.5 1.0178 0.00 0.0M
8100.100 1969 COM2 65 0R0 013 3.5 12.0 69.5 1.0178 0.00 0.0M
8160.000 1969 COM2 65 0R0 019 3.1 12.0 69.4 1.0179 0.00 0.0M
8220.100 1969 COM2 65 0R0 060 1.1 12.0 69.3 1.0178 0.00 0.0M
8280.000 1969 COM2 65 0R0 015 1.6 12.0 69.3 1.0178 0.00 0.0M
8340.000 1969 COM2 65 0R0 343 3.6 12.0 69.1 1.0178 0.00 0.0M
8400.000 1969 COM2 65 0R0 345 2.4 12.0 69.1 1.0178 0.00 0.0M
8460.100 1969 COM2 65 0R0 004 3.2 12.0 69.1 1.0178 0.00 0.0M
8520.000 1969 COM2 65 0R0 035 2.8 12.0 69.0 1.0178 0.00 0.0M
8580.000 1969 COM2 65 0R0 338 2.2 12.0 69.3 1.0179 0.00 0.0M
8640.000 1969 COM2 65 0R0 347 3.5 12.0 68.8 1.0179 0.00 0.0M
8700.000 1969 COM2 65 0R0 026 3.2 12.0 69.2 1.0179 0.00 0.0M
8760.000 1969 COM2 65 0R0 029 4.5 12.0 68.9 1.0179 0.00 0.0M
8820.000 1969 COM2 65 0R0 352 3.6 12.1 68.6 1.0179 0.00 0.0M
8880.000 1969 COM2 65 0R0 342 2.8 12.1 68.4 1.0179 0.00 0.0M
8940.000 1969 COM2 65 0R0 030 4.7 12.0 68.8 1.0179 0.00 0.0M
9000.000 1969 COM2 65 0R0 008 2.0 12.0 68.8 1.0180 0.00 0.0M
9060.000 1969 COM2 65 0R0 029 2.7 12.0 68.9 1.0180 0.00 0.0M
9120.000 1969 COM2 65 0R0 035 2.1 12.0 68.9 1.0180 0.00 0.0M
9180.000 1969 COM2 65 0R0 015 1.5 11.9 69.0 1.0180 0.00 0.0M
9240.000 1969 COM2 65 0R0 044 2.8 11.9 69.2 1.0181 0.00 0.0M
9300.000 1969 COM2 65 0R0 032 1.8 11.9 69.2 1.0181 0.00 0.0M
9360.000 1969 COM2 65 0R0 020 2.2 11.9 69.3 1.0181 0.00 0.0M
9420.000 1969 COM2 65 0R0 031 0.9 11.9 69.4 1.0181 0.00 0.0M
9480.000 1969 COM2 65 0R0 044 2.6 11.9 69.4 1.0182 0.00 0.0M
9540.000 1969 COM2 65 0R0 022 3.2 11.8 69.5 1.0182 0.00 0.0M
9600.000 1969 COM2 65 0R0 029 4.2 11.9 69.5 1.0182 0.00 0.0M
9660.000 1969 COM2 65 0R0 031 1.8 11.8 69.7 1.0182 0.00 0.0M
9720.000 1969 COM2 65 0R0 053 1.2 11.8 69.7 1.0183 0.00 0.0M
9780.000 1969 COM2 65 0R0 341 2.1 11.8 70.1 1.0183 0.00 0.0M
9840.000 1969 COM2 65 0R0 017 2.8 11.7 70.1 1.0182 0.00 0.0M
9900.000 1969 COM2 65 0R0 028 3.8 11.7 70.1 1.0183 0.00 0.0M
9960.000 1969 COM2 65 0R0 348 1.4 11.7 70.1 1.0183 0.00 0.0M
10020.000 1969 COM2 65 0R0 001 2.2 11.7 70.2 1.0183 0.00 0.0M
10080.000 1969 COM2 65 0R0 020 2.8 11.7 70.2 1.0183 0.00 0.0M
10140.000 1969 COM2 65 0R0 007 2.2 11.7 70.3 1.0183 0.00 0.0M
10200.000 1969 COM2 65 0R0 350 2.3 11.7 70.3 1.0183 0.00 0.0M
10260.000 1969 COM2 65 0R0 044 1.2 11.7 70.4 1.0183 0.00 0.0M
10320.000 1969 COM2 65 0R0 012 1.9 11.7 70.5 1.0183 0.00 0.0M
10380.000 1969 COM2 65 0R0 008 1.7 11.7 70.5 1.0184 0.00 0.0M
10440.000 1969 COM2 65 0R0 028 2.9 11.6 70.5 1.0184 0.00 0.0M
10500.000 1969 COM2 65 0R0 339 3.6 11.6 70.7 1.0184 0.00 0.0M
10560.000 1969 COM2 65 0R0 026 1.6 11.6 70.9 1.0184 0.00 0.0M
10620.000 1969 COM2 65 0R0 026 2.1 11.6 71.1 1.0184 0.00 0.0M
10680.000 1969 COM2 65 0R0 014 3.1 11.6 70.9 1.0184 0.00 0.0M
10740.000 1969 COM2 65 0R0 030 1.2 11.5 71.6 1.0184 0.00 0.0M
10800.000 1969 COM2 65 0R0 026 1.2 11.5 71.3 1.0184 0.00 0.0M
10860.000 1969 COM2 65 0R0 032 1.4 11.5 71.2 1.0184 0.00 0.0M
10920.000 1969 COM2 65 0R0 008 1.4 11.5 71.4 1.0184 0.00 0.0M
10980.000 1969 COM2 65 0R0 013 1.1 11.5 71.4 1.0184 0.00 0.0M
11040.000 1969 COM2 65 0R0 004 1.4 11.5 71.3 1.0184 0.00 0.0M
11100.000 1969 COM2 65 0R0 359 1.4 11.5 71.6 1.0184 0.00 0.0M
11160.000 1969 COM2 65 0R0 045 0.6 11.4 71.8 1.0184 0.00 0.0M
11220.000 1969 COM2 65 0R0 030 3.0 11.4 71.6 1.0184 0.00 0.0M
11280.000 1969 COM2 65 0R0 012 2.6 11.4 71.8 1.0185 0.00 0.0M
11340.000 1969 COM2 65 0R0 359 2.2 11.4 71.9 1.0184 0.00 0.0M
11400.000 1969 COM2 65 0R0 034 2.8 11.4 71.9 1.0185 0.00 0.0M
11460.000 1969 COM2 65 0R0 273 1.4 11.4 72.1 1.0185 0.00 0.0M
11520.000 1969 COM2 65 0R0 014 2.8 11.4 72.1 1.0185 0.00 0.0M
11580.000 1969 COM2 65 0R0 022 2.0 11.4 72.1 1.0185 0.00 0.0M
11640.000 1969 COM2 65 0R0 329 1.2 11.3 72.2 1.0185 0.00 0.0M
11700.000 1969 COM2 65 0R0 356 0.7 11.3 72.4 1.0185 0.00 0.0M
11760.000 1969 COM2 65 0R0 021 2.5 11.3 72.4 1.0185 0.00 0.0M
11820.000 1969 COM2 65 0R0 013 1.9 11.3 72.4 1.0186 0.00 0.0M
11880.000 1969 COM2 65 0R0 008 2.6 11.3 72.6 1.0186 0.00 0.0M
11940.000 1969 COM2 65 0R0 018 2.2 11.3 72.7 1.0186 0.00 0.0M
12000.000 1969 COM2 65 0R0 025 3.1 11.3 72.8 1.0186 0.00 0.0M
12060.000 1969 COM2 65 0R0 006 2.3 11.2 72.8 1.0186 0.00 0.0M
12120.000 1969 COM2 65 0R0 104 0.7 11.2 72.8 1.0186 0.00 0.0M
12180.000 1969 COM2 65 0R0 320 1.6 11.2 72.7 1.0186 0.00 0.0M
12240.000 1969 COM2 65 0R0 028 2.5 11.2 72.9 1.0186 0.00 0.0M
12300.000 1969 COM2 65 0R0 017 1.4 11.2 72.9 1.0186 0.00 0.0M
12360.000 1969 COM2 65 0R0 052 1.3 11.2 73.0 1.0187 0.00 0.0M
12420.000 1969 COM2 65 0R0 021 2.8 11.2 73.0 1.0187 0.00 0.0M
12480.000 1969 COM2 65 0R0 354 1.4 11.2 73.0 1.0186 0.00 0.0M
12540.000 1969 COM2 65 0R0 017 2.9 11.2 72.9 1.0186 0.00 0.0M
12600.000 1969 COM2 65 0R0 338 0.7 11.2 73.0 1.0186 0.00 0.0M
12660.000 1969 COM2 65 0R0 003 1.7 11.2 73.2 1.0186 0.00 0.0M
12720.000 1969 COM2 65 0R0 024 1.8 11.2 73.1 1.0186 0.00 0.0M
12780.000 1969 COM2 65 0R0 357 2.4 11.2 73.3 1.0186 0.00 0.0M
12840.000 1969 COM2 65 0R0 345 1.9 11.1 73.3 1.0186 0.00 0.0M
12900.000 1969 COM2 65 0R0 050 1.2 11.1 73.3 1.0186 0.00 0.0M
12960.000 1969 COM2 65 0R0 027 1.0 11.1 73.3 1.0186 0.00 0.0M
13020.000 1969 COM2 65 0R0 022 2.5 11.1 73.5 1.0186 0.00 0.0M
13080.000 1969 COM2 65 0R0 031 2.9 11.1 73.5 1.0186 0.00 0.0M
13140.000 1969 COM2 65 0R0 050 1.1 11.1 73.4 1.0186 0.00 0.0M
13200.000 1969 COM2 65 0R0 027 1.8 11.1 73.5 1.0186 0.00 0.0M
13260.000 1969 COM2 65 0R0 007 1.6 11.1 73.5 1.0186 0.00 0.0M
13320.000 1969 COM2 65 0R0 341 1.3 11.1 73.7 1.0186 0.00 0.0M
13380.000 1969 COM2 65 0R0 024 1.9 11.1 73.7 1.0186 0.00 0.0M
13440.000 1969 COM2 65 0R0 354 2.1 11.0 73.9 1.0186 0.00 0.0M
13500.000 1969 COM2 65 0R0 013 0.9 11.0 74.0 1.0186 0.00 0.0M
13560.000 1969 COM2 65 0R0 028 1.3 11.0 74.1 1.0186 0.00 0.0M
13620.000 1969 COM2 65 0R0 029 0.9 11.0 74.1 1.0186 0.00 0.0M
13680.000 1969 COM2 65 0R0 321 0.7 11.0 74.2 1.0186 0.00 0.0M
13740.000 1969 COM2 65 0R0 024 1.7 10.9 74.3 1.0187 0.00 0.0M
13800.000 1969 COM2 65 0R0 018 3.1 10.9 74.4 1.0187 0.00 0.0M
13860.000 1969 COM2 65 0R0 015 2.5 10.9 74.5 1.0187 0.00 0.0M
13920.000 1969 COM2 65 0R0 039 1.5 10.9 74.6 1.0187 0.00 0.0M
13980.000 1969 COM2 65 0R0 338 2.1 10.9 74.6 1.0187 0.00 0.0M
14040.000 1969 COM2 65 0R0 346 1.1 10.9 74.5 1.0187 0.00 0.0M
14100.000 1969 COM2 65 0R0 022 0.5 10.9 74.7 1.0187 0.00 0.0M
14160.000 1969 COM2 65 0R0 012 1.3 10.9 74.9 1.0187 0.00 0.0M
14220.000 1969 COM2 65 0R0 009 2.1 10.8 75.0 1.0187 0.00 0.0M
14280.000 1969 COM2 65 0R0 009 1.4 10.8 74.9 1.0186 0.00 0.0M
14340.000 1969 COM2 65 0R0 026 1.4 10.8 75.1 1.0187 0.00 0.0M
14400.000 1969 COM2 65 0R0 038 0.5 10.8 75.1 1.0187 0.00 0.0M
14460.000 1969 COM2 65 0R0 027 2.2 10.8 75.2 1.0187 0.00 0.0M
14520.000 1969 COM2 65 0R0 029 1.4 10.7 75.3 1.0187 0.00 0.0M
14580.100 1969 COM2 65 0R0 055 0.3 10.7 75.5 1.0188 0.00 0.0M
14640.000 1969 COM2 65 0R0 012 1.2 10.7 75.7 1.0188 0.00 0.0M
14700.000 1969 COM2 65 0R0 036 1.6 10.7 75.6 1.0188 0.00 0.0M
14760.000 1969 COM2 65 0R0 024 0.4 10.7 75.6 1.0188 0.00 0.0M
14820.100 1969 COM2 65 0R0 339 1.3 10.7 75.6 1.0188 0.00 0.0M
14880.000 1969 COM2 65 0R0 353 1.3 10.7 75.7 1.0188 0.00 0.0M
14940.000 1969 COM2 65 0R0 022 1.6 10.7 75.6 1.0188 0.00 0.0M
15000.000 1969 COM2 65 0R0 346 1.1 10.7 75.6 1.0188 0.00 0.0M
15060.000 1969 COM2 65 0R0 032 1.0 10.7 75.6 1.0188 0.00 0.0M
15120.000 1969 COM2 65 0R0 012 0.6 10.7 75.7 1.0188 0.00 0.0M
15180.000 1969 COM2 65 0R0 004 1.1 10.7 75.7 1.0188 0.00 0.0M
15240.000 1969 COM2 65 0R0 348 1.1 10.7 75.7 1.0188 0.00 0.0M
15300.000 1969 COM2 65 0R0 013 1.1 10.7 75.8 1.0188 0.00 0.0M
15360.000 1969 COM2 65 0R0 323 0.7 10.7 75.9 1.0188 0.00 0.0M
15420.000 1969 COM2 65 0R0 326 0.5 10.7 76.0 1.0188 0.00 0.0M
15480.000 1969 COM2 65 0R0 038 1.8 10.7 75.9 1.0188 0.00 0.0M
15540.000 1969 COM2 65 0R0 308 0.3 10.7 76.2 1.0188 0.00 0.0M
15600.000 1969 COM2 65 0R0 027 1.2 10.7 75.8 1.0188 0.00 0.0M
15660.000 1969 COM2 65 0R0 118 0.4 10.7 75.9 1.0188 0.00 0.0M
15720.000 1969 COM2 65 0R0 342 1.4 10.7 75.9 1.0188 0.00 0.0M
15780.000 1969 COM2 65 0R0 015 1.3 10.7 75.9 1.0189 0.00 0.0M
15840.000 1969 COM2 65 0R0 298 1.2 10.7 75.7 1.0189 0.00 0.0M
15900.000 1969 COM2 65 0R0 057 0.9 10.7 75.9 1.0189 0.00 0.0M
15960.000 1969 COM2 65 0R0 340 1.7 10.7 75.9 1.0189 0.00 0.0M
16020.000 1969 COM2 65 0R0 001 0.8 10.7 75.8 1.0189 0.00 0.0M
16080.000 1969 COM2 65 0R0 282 0.4 10.7 76.0 1.0189 0.00 0.0M
16140.000 1969 COM2 65 0R0 299 0.3 10.7 76.0 1.0189 0.00 0.0M
16200.000 1969 COM2 65 0R0 026 1.1 10.7 76.3 1.0189 0.00 0.0M
16260.000 1969 COM2 65 0R0 338 0.9 10.7 75.9 1.0189 0.00 0.0M
16320.000 1969 COM2 65 0R0 334 1.5 10.7 75.8 1.0189 0.00 0.0M
16380.000 1969 COM2 65 0R0 352 0.8 10.7 76.1 1.0189 0.00 0.0M
16440.000 1969 COM2 65 0R0 336 1.5 10.7 75.8 1.0189 0.00 0.0M
16500.000 1969 COM2 65 0R0 219 1.0 10.7 76.1 1.0189 0.00 0.0M
16560.000 1969 COM2 65 0R0 007 0.4 10.7 76.1 1.0189 0.00 0.0M
16620.000 1969 COM2 65 0R0 344 2.4 10.7 75.8 1.0189 0.00 0.0M
16680.000 1969 COM2 65 0R0 352 1.4 10.6 76.0 1.0189 0.00 0.0M
16740.000 1969 COM2 65 0R0 297 1.2 10.6 76.2 1.0189 0.00 0.0M
16800.000 1969 COM2 65 0R0 338 2.5 10.6 75.9 1.0189 0.00 0.0M
16860.000 1969 COM2 65 0R0 012 0.5 10.6 76.3 1.0189 0.00 0.0M
16920.100 1969 COM2 65 0R0 140 0.3 10.6 76.4 1.0189 0.00 0.0M
16980.000 1969 COM2 65 0R0 041 1.2 10.6 76.5 1.0189 0.00 0.0M
17040.000 1969 COM2 65 0R0 232 0.3 10.6 76.2 1.0189 0.00 0.0M
17100.000 1969 COM2 65 0R0 008 0.6 10.5 76.2 1.0189 0.00 0.0M
17160.000 1969 COM2 65 0R0 321 1.4 10.5 76.2 1.0189 0.00 0.0M
17220.000 1969 COM2 65 0R0 013 1.3 10.4 76.6 1.0189 0.00 0.0M
17280.000 1969 COM2 65 0R0 342 0.9 10.4 76.9 1.0189 0.00 0.0M
17340.000 1969 COM2 65 0R0 006 0.9 10.3 77.0 1.0189 0.00 0.0M
17400.000 1969 COM2 65 0R0 003 0.7 10.3 77.4 1.0189 0.00 0.0M
17460.000 1969 COM2 65 0R0 018 0.8 10.3 77.3 1.0188 0.00 0.0M
17520.000 1969 COM2 65 0R0 341 3.1 10.3 77.7 1.0188 0.00 0.0M
17580.000 1969 COM2 65 0R0 338 1.5 10.2 77.6 1.0188 0.00 0.0M
17640.000 1969 COM2 65 0R0 359 2.0 10.2 77.6 1.0188 0.00 0.0M
17700.000 1969 COM2 65 0R0 352 2.4 10.2 77.7 1.0188 0.00 0.0M
17760.000 1969 COM2 65 0R0 015 2.1 10.2 77.7 1.0188 0.00 0.0M
17820.000 1969 COM2 65 0R0 018 1.7 10.2 77.7 1.0188 0.00 0.0M
17880.000 1969 COM2 65 0R0 341 1.8 10.2 77.7 1.0188 0.00 0.0M
17940.000 1969 COM2 65 0R0 025 2.7 10.2 77.8 1.0188 0.00 0.0M
18000.000 1969 COM2 65 0R0 334 1.7 10.2 77.8 1.0188 0.00 0.0M
18060.000 1969 COM2 65 0R0 040 1.2 10.2 77.9 1.0188 0.00 0.0M
18120.000 1969 COM2 65 0R0 346 1.7 10.2 77.8 1.0188 0.00 0.0M
18180.000 1969 COM2 65 0R0 030 1.3 10.2 77.9 1.0188 0.00 0.0M
18240.000 1969 COM2 65 0R0 347 1.4 10.2 77.9 1.0188 0.00 0.0M
18300.000 1969 COM2 65 0R0 339 2.0 10.2 77.8 1.0188 0.00 0.0M
18360.000 1969 COM2 65 0R0 336 0.5 10.2 77.8 1.0188 0.00 0.0M
18420.000 1969 COM2 65 0R0 034 0.5 10.2 77.8 1.0189 0.00 0.0M
18480.000 1969 COM2 65 0R0 009 0.9 10.2 78.2 1.0189 0.00 0.0M
18540.000 1969 COM2 65 0R0 014 0.9 10.2 77.9 1.0189 0.00 0.0M
18600.000 1969 COM2 65 0R0 287 0.5 10.3 77.8 1.0189 0.00 0.0M
18660.000 1969 COM2 65 0R0 346 1.8 10.3 77.7 1.0189 0.00 0.0M
18720.000 1969 COM2 65 0R0 331 0.8 10.3 77.6 1.0189 0.00 0.0M
18780.000 1969 COM2 65 0R0 351 1.6 10.3 77.8 1.0189 0.00 0.0M
18840.000 1969 COM2 65 0R0 303 2.1 10.3 77.6 1.0189 0.00 0.0M
18900.000 1969 COM2 65 0R0 348 1.7 10.3 77.7 1.0189 0.00 0.0M
18960.000 1969 COM2 65 0R0 296 0.2 10.3 77.7 1.0190 0.00 0.0M
19020.000 1969 COM2 65 0R0 341 1.4 10.4 77.5 1.0190 0.00 0.0M
19080.000 1969 COM2 65 0R0 057 0.8 10.4 77.7 1.0190 0.00 0.0M
19140.000 1969 COM2 65 0R0 343 2.5 10.4 77.4 1.0190 0.00 0.0M
19200.000 1969 COM2 65 0R0 015 0.9 10.4 77.6 1.0190 0.00 0.0M
19260.000 1969 COM2 65 0R0 350 1.5 10.4 77.4 1.0190 0.00 0.0M
19320.000 1969 COM2 65 0R0 270 0.9 10.4 77.5 1.0190 0.00 0.0M
19380.000 1969 COM2 65 0R0 358 0.7 10.4 77.8 1.0190 0.00 0.0M
19440.000 1969 COM2 65 0R0 021 2.0 10.4 77.7 1.0190 0.00 0.0M
19500.000 1969 COM2 65 0R0 253 0.5 10.4 77.3 1.0190 0.00 0.0M
19560.000 1969 COM2 65 0R0 033 1.0 10.4 77.2 1.0190 0.00 0.0M
19620.000 1969 COM2 65 0R0 332 0.9 10.4 77.4 1.0190 0.00 0.0M
19680.000 1969 COM2 65 0R0 347 0.8 10.4 77.4 1.0189 0.00 0.0M
19740.000 1969 COM2 65 0R0 334 1.9 10.4 77.4 1.0189 0.00 0.0M
19800.000 1969 COM2 65 0R0 345 1.8 10.3 77.4 1.0189 0.00 0.0M
19860.100 1969 COM2 65 0R0 019 1.3 10.3 77.3 1.0189 0.00 0.0M
19920.000 1969 COM2 65 0R0 048 0.5 10.3 77.3 1.0190 0.00 0.0M
19980.000 1969 COM2 65 0R0 335 1.2 10.3 77.2 1.0190 0.00 0.0M
20040.000 1969 COM2 65 0R0 018 2.4 10.3 77.2 1.0190 0.00 0.0M
20100.000 1969 COM2 65 0R0 261 0.5 10.3 77.2 1.0190 0.00 0.0M
20160.000 1969 COM2 65 0R0 024 2.3 10.3 77.2 1.0190 0.00 0.0M
20220.000 1969 COM2 65 0R0 020 1.3 10.3 77.3 1.0190 0.00 0.0M
20280.000 1969 COM2 65 0R0 337 2.1 10.3 77.4 1.0190 0.00 0.0M
20340.000 1969 COM2 65 0R0 044 1.8 10.2 77.5 1.0190 0.00 0.0M
20400.000 1969 COM2 65 0R0 348 0.7 10.2 77.6 1.0190 0.00 0.0M
20460.000 1969 COM2 65 0R0 017 0.4 10.2 77.6 1.0190 0.00 0.0M
20520.000 1969 COM2 65 0R0 348 1.7 10.2 77.6 1.0190 0.00 0.0M
20580.000 1969 COM2 65 0R0 323 0.3 10.2 77.5 1.0190 0.00 0.0M
20640.000 1969 COM2 65 0R0 332 1.8 10.2 77.7 1.0190 0.00 0.0M
20700.000 1969 COM2 65 0R0 336 1.3 10.2 77.7 1.0190 0.00 0.0M
20760.000 1969 COM2 65 0R0 295 0.8 10.2 77.6 1.0190 0.00 0.0M
20820.000 1969 COM2 65 0R0 344 2.1 10.3 77.6 1.0191 0.00 0.0M
20880.000 1969 COM2 65 0R0 303 0.5 10.3 77.7 1.0191 0.00 0.0M
20940.000 1969 COM2 65 0R0 332 1.3 10.3 77.4 1.0191 0.00 0.0M
21000.000 1969 COM2 65 0R0 330 2.5 10.3 77.5 1.0191 0.00 0.0M
21060.000 1969 COM2 65 0R0 357 2.1 10.3 77.2 1.0191 0.00 0.0M
21120.000 1969 COM2 65 0R0 342 2.8 10.3 77.2 1.0191 0.00 0.0M
21180.000 1969 COM2 65 0R0 357 2.1 10.3 77.2 1.0191 0.00 0.0M
21240.000 1969 COM2 65 0R0 345 3.0 10.3 77.3 1.0191 0.00 0.0M
21300.000 1969 COM2 65 0R0 291 1.9 10.2 77.4 1.0191 0.00 0.0M
21360.000 1969 COM2 65 0R0 001 0.7 10.2 77.3 1.0191 0.00 0.0M
21420.000 1969 COM2 65 0R0 319 0.7 10.2 77.3 1.0190 0.00 0.0M
21480.000 1969 COM2 65 0R0 018 1.3 10.2 77.2 1.0190 0.00 0.0M
21540.000 1969 COM2 65 0R0 040 0.6 10.2 77.2 1.0190 0.00 0.0M
21600.000 1969 COM2 65 0R0 350 2.6 10.2 77.3 1.0190 0.00 0.0M
21660.000 1969 COM2 65 0R0 003 2.0 10.2 77.5 1.0190 0.00 0.0M
21720.100 1969 COM2 65 0R0 102 0.6 10.2 77.5 1.0190 0.00 0.0M
21780.000 1969 COM2 65 0R0 020 1.4 10.2 77.5 1.0190 0.00 0.0M
21840.100 1969 COM2 65 0R0 024 0.8 10.2 77.6 1.0189 0.00 0.0M
21900.000 1969 COM2 65 0R0 014 0.9 10.2 77.6 1.0189 0.00 0.0M
21960.000 1969 COM2 65 0R0 034 1.9 10.1 77.6 1.0189 0.00 0.0M
22020.000 1969 COM2 65 0R0 009 1.5 10.1 77.8 1.0189 0.00 0.0M
22080.000 1969 COM2 65 0R0 004 1.4 10.1 77.7 1.0189 0.00 0.0M
22140.000 1969 COM2 65 0R0 339 2.5 10.1 77.8 1.0189 0.00 0.0M
22200.000 1969 COM2 65 0R0 341 1.2 10.1 77.7 1.0189 0.00 0.0M
22260.000 1969 COM2 65 0R0 340 0.8 10.1 77.7 1.0189 0.00 0.0M
22320.000 1969 COM2 65 0R0 346 1.4 10.1 77.9 1.0189 0.00 0.0M
22380.000 1969 COM2 65 0R0 046 1.3 10.1 77.9 1.0189 0.00 0.0M
22440.000 1969 COM2 65 0R0 025 2.2 10.1 77.9 1.0189 0.00 0.0M
22500.000 1969 COM2 65 0R0 023 1.4 10.1 77.9 1.0189 0.00 0.0M
22560.000 1969 COM2 65 0R0 005 1.5 10.1 78.0 1.0189 0.00 0.0M
22620.000 1969 COM2 65 0R0 030 0.9 10.0 78.1 1.0188 0.00 0.0M
22680.000 1969 COM2 65 0R0 330 0.6 10.0 78.2 1.0188 0.00 0.0M
22740.000 1969 COM2 65 0R0 336 1.0 10.0 78.2 1.0188 0.00 0.0M
22800.000 1969 COM2 65 0R0 346 1.2 10.0 78.2 1.0188 0.00 0.0M
22860.000 1969 COM2 65 0R0 045 0.5 10.0 78.4 1.0188 0.00 0.0M
22920.000 1969 COM2 65 0R0 013 2.1 10.0 78.4 1.0188 0.00 0.0M
22980.000 1969 COM2 65 0R0 037 1.2 10.0 78.4 1.0188 0.00 0.0M
23040.000 1969 COM2 65 0R0 338 1.7 10.0 78.3 1.0188 0.00 0.0M
23100.000 1969 COM2 65 0R0 354 1.5 10.0 78.2 1.0188 0.00 0.0M
23160.100 1969 COM2 65 0R0 351 1.1 10.0 78.3 1.0188 0.00 0.0M
23220.000 1969 COM2 65 0R0 349 1.6 10.0 78.4 1.0188 0.00 0.0M
23280.000 1969 COM2 65 0R0 338 1.0 10.0 78.6 1.0188 0.00 0.0M
23340.000 1969 COM2 65 0R0 005 0.6 10.0 78.4 1.0188 0.00 0.0M
23400.000 1969 COM2 64 0R0 341 1.9 9.9 78.4 1.0188 0.00 0.0M
23460.000 1969 COM2 65 0R0 008 2.1 10.0 78.4 1.0188 0.00 0.0M
23520.000 1969 COM2 64 0R0 339 0.9 9.9 78.6 1.0188 0.00 0.0M
23580.000 1969 COM2 64 0R0 347 0.8 9.9 78.6 1.0188 0.00 0.0M
23640.000 1969 COM2 65 0R0 344 0.9 10.0 78.5 1.0188 0.00 0.0M
23700.000 1969 COM2 65 0R0 332 1.6 10.0 78.4 1.0188 0.00 0.0M
23760.000 1969 COM2 65 0R0 030 2.2 10.0 78.4 1.0188 0.00 0.0M
23820.000 1969 COM2 64 0R0 040 1.5 9.9 78.4 1.0187 0.00 0.0M
23880.000 1969 COM2 64 0R0 354 1.7 9.9 78.5 1.0187 0.00 0.0M
23940.000 1969 COM2 64 0R0 341 3.0 9.9 78.5 1.0188 0.00 0.0M
24000.000 1969 COM2 64 0R0 310 1.0 9.9 78.7 1.0188 0.00 0.0M
24060.000 1969 COM2 64 0R0 332 0.8 9.9 78.7 1.0188 0.00 0.0M
24120.000 1969 COM2 64 0R0 152 1.1 9.9 78.7 1.0188 0.00 0.0M
24180.000 1969 COM2 64 0R0 340 1.5 9.8 78.9 1.0187 0.00 0.0M
24240.000 1969 COM2 64 0R0 341 2.7 9.8 78.9 1.0187 0.00 0.0M
24300.000 1969 COM2 64 0R0 348 1.4 9.8 79.0 1.0187 0.00 0.0M
24360.000 1969 COM2 64 0R0 005 1.4 9.8 79.0 1.0187 0.00 0.0M
24420.000 1969 COM2 64 0R0 034 1.1 9.8 79.1 1.0187 0.00 0.0M
24480.000 1969 COM2 64 0R0 316 1.2 9.8 79.1 1.0187 0.00 0.0M
24540.000 1969 COM2 64 0R0 346 0.8 9.8 79.1 1.0187 0.00 0.0M
24600.000 1969 COM2 64 0R0 339 2.5 9.7 79.2 1.0187 0.00 0.0M
24660.000 1969 COM2 64 0R0 071 1.5 9.8 79.3 1.0187 0.00 0.0M
24720.000 1969 COM2 64 0R0 035 1.5 9.7 79.3 1.0187 0.00 0.0M
24780.000 1969 COM2 64 0R0 050 1.7 9.7 79.2 1.0187 0.00 0.0M
24840.000 1969 COM2 64 0R0 014 2.3 9.7 79.3 1.0187 0.00 0.0M
24900.000 1969 COM2 64 0R0 353 2.0 9.7 79.5 1.0187 0.00 0.0M
24960.000 1969 COM2 64 0R0 334 2.1 9.7 79.6 1.0187 0.00 0.0M
25020.000 1969 COM2 64 0R0 346 1.8 9.7 79.6 1.0187 0.00 0.0M
25080.000 1969 COM2 64 0R0 344 1.7 9.7 79.6 1.0187 0.00 0.0M
25140.000 1969 COM2 64 0R0 021 1.7 9.6 79.6 1.0187 0.00 0.0M
25200.000 1969 COM2 64 0R0 035 1.6 9.6 79.8 1.0187 0.00 0.0M
25260.000 1969 COM2 64 0R0 000 1.5 9.6 79.8 1.0187 0.00 0.0M
25320.000 1969 COM2 64 0R0 324 1.3 9.6 79.8 1.0187 0.00 0.0M
25380.000 1969 COM2 64 0R0 050 0.8 9.6 79.8 1.0187 0.00 0.0M
25440.000 1969 COM2 64 0R0 016 1.2 9.6 79.9 1.0187 0.00 0.0M
25500.000 1969 COM2 64 0R0 010 1.6 9.5 80.0 1.0187 0.00 0.0M
25560.000 1969 COM2 64 0R0 047 1.7 9.5 80.2 1.0187 0.00 0.0M
25620.000 1969 COM2 64 0R0 010 1.3 9.5 80.1 1.0187 0.00 0.0M
25680.000 1969 COM2 64 0R0 353 2.1 9.5 80.3 1.0187 0.00 0.0M
25740.000 1969 COM2 64 0R0 348 1.2 9.5 80.3 1.0187 0.00 0.0M
25800.000 1969 COM2 64 0R0 042 1.5 9.5 80.3 1.0187 0.00 0.0M
25860.000 1969 COM2 64 0R0 010 0.7 9.5 80.4 1.0187 0.00 0.0M
25920.000 1969 COM2 64 0R0 047 2.1 9.5 80.4 1.0187 0.00 0.0M
25980.000 1969 COM2 64 0R0 047 0.7 9.5 80.4 1.0187 0.00 0.0M
26040.000 1969 COM2 64 0R0 322 2.4 9.5 80.4 1.0187 0.00 0.0M
26100.000 1969 COM2 64 0R0 033 1.5 9.5 80.3 1.0187 0.00 0.0M
26160.000 1969 COM2 64 0R0 014 2.8 9.5 80.5 1.0187 0.00 0.0M
26220.000 1969 COM2 64 0R0 349 2.8 9.5 80.4 1.0187 0.00 0.0M
26280.000 1969 COM2 64 0R0 016 0.8 9.5 80.4 1.0187 0.00 0.0M
26340.000 1969 COM2 64 0R0 016 1.9 9.5 80.3 1.0187 0.00 0.0M
26400.000 1969 COM2 64 0R0 023 1.6 9.5 80.3 1.0187 0.00 0.0M
26460.000 1969 COM2 64 0R0 020 1.2 9.5 80.4 1.0187 0.00 0.0M
26520.000 1969 COM2 64 0R0 355 2.2 9.5 80.5 1.0187 0.00 0.0M
26580.000 1969 COM2 64 0R0 342 2.5 9.4 80.6 1.0187 0.00 0.0M
26640.000 1969 COM2 64 0R0 042 1.9 9.4 80.6 1.0187 0.00 0.0M
26700.000 1969 COM2 64 0R0 004 1.9 9.4 80.6 1.0187 0.00 0.0M
26760.000 1969 COM2 64 0R0 023 1.8 9.4 80.9 1.0187 0.00 0.0M
26820.000 1969 COM2 64 0R0 027 1.4 9.4 80.8 1.0186 0.00 0.0M
26880.000 1969 COM2 64 0R0 000 1.3 9.4 80.8 1.0187 0.00 0.0M
26940.000 1969 COM2 64 0R0 349 2.4 9.4 80.8 1.0186 0.00 0.0M
27000.000 1969 COM2 64 0R0 020 1.9 9.4 80.9 1.0186 0.00 0.0M
27060.000 1969 COM2 64 0R0 347 1.0 9.4 81.0 1.0186 0.00 0.0M
27120.000 1969 COM2 64 0R0 335 1.9 9.4 80.9 1.0186 0.00 0.0M
27180.000 1969 COM2 64 0R0 340 1.7 9.4 81.0 1.0186 0.00 0.0M
27240.100 1969 COM2 64 0R0 340 2.2 9.4 81.0 1.0187 0.00 0.0M
27300.100 1969 COM2 64 0R0 019 1.1 9.4 81.0 1.0187 0.00 0.0M
27360.000 1969 COM2 64 0R0 038 2.3 9.4 81.0 1.0187 0.00 0.0M
27420.000 1969 COM2 64 0R0 046 2.0 9.4 81.1 1.0187 0.00 0.0M
27480.000 1969 COM2 64 0R0 356 1.2 9.4 81.2 1.0187 0.00 0.0M
27540.000 1969 COM2 64 0R0 013 1.6 9.4 81.2 1.0187 0.00 0.0M
27600.000 1969 COM2 64 0R0 348 2.2 9.4 81.0 1.0187 0.00 0.0M
27660.000 1969 COM2 64 0R0 341 0.5 9.4 81.1 1.0187 0.00 0.0M
27720.000 1969 COM2 64 0R0 034 1.5 9.4 81.1 1.0187 0.00 0.0M
27780.000 1969 COM2 64 0R0 072 1.6 9.4 81.1 1.0187 0.00 0.0M
27840.000 1969 COM2 64 0R0 341 2.7 9.4 81.1 1.0188 0.00 0.0M
27900.000 1969 COM2 64 0R0 355 2.2 9.4 81.1 1.0188 0.00 0.0M
27960.000 1969 COM2 64 0R0 342 2.1 9.4 81.0 1.0188 0.00 0.0M
28020.000 1969 COM2 64 0R0 021 0.7 9.4 81.1 1.0188 0.00 0.0M
28080.000 1969 COM2 64 0R0 018 1.9 9.4 81.1 1.0188 0.00 0.0M
28140.000 1969 COM2 64 0R0 351 2.7 9.3 81.1 1.0188 0.00 0.0M
28200.000 1969 COM2 64 0R0 042 0.8 9.3 81.2 1.0188 0.00 0.0M
28260.000 1969 COM2 64 0R0 339 1.4 9.4 81.0 1.0188 0.00 0.0M
28320.000 1969 COM2 64 0R0 016 2.0 9.4 81.0 1.0188 0.00 0.0M
28380.000 1969 COM2 64 0R0 341 2.7 9.3 81.3 1.0188 0.00 0.0M
28440.000 1969 COM2 64 0R0 018 1.6 9.3 81.0 1.0188 0.00 0.0M
28500.000 1969 COM2 64 0R0 058 0.8 9.3 81.3 1.0188 0.00 0.0M
28560.000 1969 COM2 64 0R0 294 1.4 9.3 81.1 1.0188 0.00 0.0M
28620.000 1969 COM2 64 0R0 328 1.4 9.3 81.2 1.0188 0.00 0.0M
28680.000 1969 COM2 64 0R0 345 2.7 9.3 81.3 1.0188 0.00 0.0M
28740.000 1969 COM2 64 0R0 116 0.3 9.3 81.4 1.0188 0.00 0.0M
28800.000 1969 COM2 64 0R0 055 0.9 9.3 81.4 1.0188 0.00 0.0M
28860.000 1969 COM2 64 0R0 345 2.4 9.3 81.2 1.0188 0.00 0.0M
28920.000 1969 COM2 64 0R0 339 2.8 9.3 81.3 1.0188 0.00 0.0M
28980.000 1969 COM2 64 0R0 353 1.0 9.3 81.3 1.0188 0.00 0.0M
29040.000 1969 COM2 64 0R0 060 1.0 9.3 81.4 1.0188 0.00 0.0M
29100.000 1969 COM2 64 0R0 069 0.6 9.2 81.4 1.0188 0.00 0.0M
29160.000 1969 COM2 64 0R0 029 0.6 9.2 81.7 1.0188 0.00 0.0M
29220.000 1969 COM2 64 0R0 330 0.5 9.2 81.7 1.0188 0.00 0.0M
29280.000 1969 COM2 64 0R0 327 1.5 9.2 81.7 1.0188 0.00 0.0M
29340.000 1969 COM2 64 0R0 345 2.0 9.2 81.8 1.0188 0.00 0.0M
29400.000 1969 COM2 64 0R0 359 0.7 9.2 81.8 1.0188 0.00 0.0M
29460.000 1969 COM2 64 0R0 333 0.5 9.2 81.8 1.0188 0.00 0.0M
29520.000 1969 COM2 64 0R0 090 0.9 9.2 81.9 1.0188 0.00 0.0M
29580.000 1969 COM2 64 0R0 327 1.5 9.2 81.9 1.0188 0.00 0.0M
29640.000 1969 COM2 64 0R0 068 0.8 9.2 82.0 1.0188 0.00 0.0M
29700.000 1969 COM2 64 0R0 333 1.8 9.2 82.0 1.0188 0.00 0.0M
29760.000 1969 COM2 64 0R0 008 1.1 9.1 82.0 1.0188 0.00 0.0M
29820.000 1969 COM2 64 0R0 345 0.8 9.1 82.0 1.0188 0.00 0.0M
29880.000 1969 COM2 64 0R0 023 2.3 9.2 82.0 1.0188 0.00 0.0M
29940.000 1969 COM2 64 0R0 014 1.9 9.1 82.0 1.0189 0.00 0.0M
30000.000 1969 COM2 64 0R0 050 1.0 9.1 82.2 1.0189 0.00 0.0M
30060.000 1969 COM2 64 0R0 036 3.2 9.1 82.1 1.0189 0.00 0.0M
30120.000 1969 COM2 64 0R0 073 1.4 9.1 82.2 1.0189 0.00 0.0M
30180.000 1969 COM2 64 0R0 003 0.7 9.1 82.2 1.0189 0.00 0.0M
30240.000 1969 COM2 64 0R0 017 0.8 9.1 82.1 1.0189 0.00 0.0M
30300.000 1969 COM2 64 0R0 092 0.9 9.1 82.2 1.0189 0.00 0.0M
30360.000 1969 COM2 64 0R0 354 1.0 9.1 82.2 1.0189 0.00 0.0M
30420.000 1969 COM2 64 0R0 053 0.4 9.1 82.1 1.0189 0.00 0.0M
30480.000 1969 COM2 64 0R0 028 0.8 9.1 82.1 1.0189 0.00 0.0M
30540.000 1969 COM2 64 0R0 340 3.0 9.2 82.1 1.0189 0.00 0.0M
30600.000 1969 COM2 64 0R0 357 1.7 9.2 82.0 1.0189 0.00 0.0M
30660.000 1969 COM2 64 0R0 330 1.2 9.2 81.9 1.0189 0.00 0.0M
30720.000 1969 COM2 64 0R0 347 2.0 9.2 81.9 1.0189 0.00 0.0M
30780.000 1969 COM2 64 0R0 035 1.8 9.2 81.9 1.0189 0.00 0.0M
30840.000 1969 COM2 64 0R0 010 1.8 9.2 81.9 1.0189 0.00 0.0M
30900.100 1969 COM2 64 0R0 332 0.7 9.2 81.6 1.0189 0.00 0.0M
30960.000 1969 COM2 64 0R0 297 0.5 9.2 81.8 1.0189 0.00 0.0M
31020.000 1969 COM2 64 0R0 339 2.3 9.2 81.8 1.0190 0.00 0.0M
31080.000 1969 COM2 64 0R0 350 2.6 9.2 81.8 1.0190 0.00 0.0M
31140.000 1969 COM2 64 0R0 045 1.3 9.2 81.8 1.0190 0.00 0.0M
31200.000 1969 COM2 64 0R0 345 2.9 9.2 82.0 1.0190 0.00 0.0M
31260.000 1969 COM2 64 0R0 017 1.5 9.2 82.0 1.0190 0.00 0.0M
31320.000 1969 COM2 64 0R0 005 1.5 9.2 81.8 1.0190 0.00 0.0M
31380.000 1969 COM2 64 0R0 006 0.6 9.2 81.8 1.0191 0.00 0.0M
31440.000 1969 COM2 64 0R0 350 2.7 9.3 81.8 1.0191 0.00 0.0M
31500.000 1969 COM2 64 0R0 348 1.8 9.3 81.8 1.0191 0.00 0.0M
31560.000 1969 COM2 64 0R0 033 0.5 9.3 81.8 1.0191 0.00 0.0M
31620.000 1969 COM2 64 0R0 024 1.0 9.3 81.8 1.0191 0.00 0.0M
31680.000 1969 COM2 64 0R0 343 2.6 9.3 81.8 1.0191 0.00 0.0M
31740.000 1969 COM2 64 0R0 335 2.7 9.3 81.6 1.0191 0.00 0.0M
31800.000 1969 COM2 64 0R0 326 2.1 9.3 81.7 1.0192 0.00 0.0M
31860.000 1969 COM2 64 0R0 312 1.0 9.2 81.8 1.0192 0.00 0.0M
31920.000 1969 COM2 64 0R0 342 1.7 9.2 81.9 1.0192 0.00 0.0M
31980.000 1969 COM2 64 0R0 348 3.0 9.2 81.9 1.0192 0.00 0.0M
32040.000 1969 COM2 64 0R0 337 0.6 9.2 81.8 1.0192 0.00 0.0M
32100.100 1969 COM2 64 0R0 345 1.4 9.2 81.9 1.0192 0.00 0.0M
32160.000 1969 COM2 64 0R0 345 1.8 9.2 81.9 1.0192 0.00 0.0M
32220.000 1969 COM2 64 0R0 337 1.5 9.2 81.9 1.0192 0.00 0.0M
32280.000 1969 COM2 64 0R0 339 2.2 9.2 81.9 1.0193 0.00 0.0M
32340.000 1969 COM2 64 0R0 004 2.1 9.2 82.0 1.0193 0.00 0.0M
32400.000 1969 COM2 64 0R0 354 1.2 9.1 82.2 1.0192 0.00 0.0M
32460.000 1969 COM2 64 0R0 046 1.1 9.1 82.2 1.0192 0.00 0.0M
32520.000 1969 COM2 64 0R0 032 0.5 9.1 82.2 1.0192 0.00 0.0M
32580.000 1969 COM2 64 0R0 346 3.8 9.1 82.1 1.0192 0.00 0.0M
32640.000 1969 COM2 64 0R0 348 1.9 9.1 82.2 1.0192 0.00 0.0M
32700.000 1969 COM2 64 0R0 026 2.3 9.1 82.2 1.0193 0.00 0.0M
32760.000 1969 COM2 64 0R0 340 2.8 9.1 82.3 1.0193 0.00 0.0M
32820.000 1969 COM2 64 0R0 000 1.9 9.1 82.4 1.0192 0.00 0.0M
32880.000 1969 COM2 64 0R0 204 0.5 9.1 82.4 1.0192 0.00 0.0M
32940.000 1969 COM2 64 0R0 021 2.2 9.1 82.3 1.0192 0.00 0.0M
33000.000 1969 COM2 64 0R0 005 1.2 9.1 82.2 1.0192 0.00 0.0M
33060.000 1969 COM2 64 0R0 024 1.2 9.1 82.4 1.0192 0.00 0.0M
33120.000 1969 COM2 64 0R0 025 1.9 9.1 82.4 1.0192 0.00 0.0M
33180.000 1969 COM2 64 0R0 348 0.7 9.0 82.6 1.0192 0.00 0.0M
33240.000 1969 COM2 64 0R0 024 1.3 9.0 82.7 1.0192 0.00 0.0M
33300.000 1969 COM2 64 0R0 026 2.6 9.0 82.8 1.0192 0.00 0.0M
33360.000 1969 COM2 64 0R0 021 0.6 9.0 82.9 1.0192 0.00 0.0M
33420.000 1969 COM2 64 0R0 017 1.0 9.0 82.7 1.0192 0.00 0.0M
33480.000 1969 COM2 64 0R0 064 1.3 9.0 82.8 1.0192 0.00 0.0M
33540.000 1969 COM2 64 0R0 018 1.8 9.0 82.9 1.0192 0.00 0.0M
33600.000 1969 COM2 64 0R0 347 2.4 8.9 83.0 1.0192 0.00 0.0M
33660.000 1969 COM2 64 0R0 348 0.6 9.0 83.0 1.0192 0.00 0.0M
33720.000 1969 COM2 64 0R0 358 0.6 9.0 83.0 1.0192 0.00 0.0M
33780.000 1969 COM2 64 0R0 021 1.6 8.9 83.3 1.0193 0.00 0.0M
33840.000 1969 COM2 64 0R0 015 1.5 8.9 83.0 1.0193 0.00 0.0M
33900.000 1969 COM2 64 0R0 332 1.3 8.9 83.1 1.0193 0.00 0.0M
33960.000 1969 COM2 64 0R0 027 1.7 8.9 83.2 1.0193 0.00 0.0M
34020.000 1969 COM2 64 0R0 026 1.7 8.9 83.2 1.0193 0.00 0.0M
34080.000 1969 COM2 64 0R0 045 1.0 8.9 83.1 1.0193 0.00 0.0M
34140.000 1969 COM2 64 0R0 337 0.9 8.9 83.1 1.0193 0.00 0.0M
34200.000 1969 COM2 64 0R0 020 1.1 8.9 83.2 1.0193 0.00 0.0M
34260.000 1969 COM2 64 0R0 037 1.3 8.9 83.2 1.0193 0.00 0.0M
34320.000 1969 COM2 64 0R0 347 1.3 8.9 83.5 1.0193 0.00 0.0M
34380.000 1969 COM2 64 0R0 017 0.8 8.9 83.2 1.0193 0.00 0.0M
34440.000 1969 COM2 64 0R0 359 1.4 8.9 83.4 1.0193 0.00 0.0M
34500.000 1969 COM2 64 0R0 002 0.8 8.9 83.5 1.0193 0.00 0.0M
34560.000 1969 COM2 64 0R0 351 1.8 8.9 83.4 1.0193 0.00 0.0M
34620.000 1969 COM2 64 0R0 038 1.3 8.8 83.4 1.0193 0.00 0.0M
34680.000 1969 COM2 64 0R0 029 2.4 8.8 83.5 1.0193 0.00 0.0M
34740.000 1969 COM2 64 0R0 030 1.6 8.8 83.6 1.0193 0.00 0.0M
34800.000 1969 COM2 64 0R0 015 2.7 8.8 83.7 1.0193 0.00 0.0M
34860.000 1969 COM2 64 0R0 355 1.4 8.8 83.6 1.0193 0.00 0.0M
34920.000 1969 COM2 64 0R0 007 1.3 8.8 83.5 1.0193 0.00 0.0M
34980.000 1969 COM2 64 0R0 023 2.1 8.8 83.6 1.0193 0.00 0.0M
35040.000 1969 COM2 64 0R0 334 1.0 8.8 83.6 1.0193 0.00 0.0M
35100.000 1969 COM2 64 0R0 010 1.0 8.8 83.7 1.0193 0.00 0.0M
35160.000 1969 COM2 64 0R0 027 3.1 8.8 83.6 1.0193 0.00 0.0M
35220.000 1969 COM2 64 0R0 345 1.1 8.8 83.7 1.0193 0.00 0.0M
35280.000 1969 COM2 64 0R0 020 1.1 8.8 83.8 1.0193 0.00 0.0M
35340.000 1969 COM2 64 0R0 017 0.6 8.8 83.7 1.0193 0.00 0.0M
35400.000 1969 COM2 64 0R0 056 1.0 8.8 83.6 1.0193 0.00 0.0M
35460.000 1969 COM2 64 0R0 016 0.8 8.8 83.6 1.0193 0.00 0.0M
35520.000 1969 COM2 64 0R0 006 1.3 8.8 83.7 1.0193 0.00 0.0M
35580.000 1969 COM2 64 0R0 028 1.9 8.8 83.6 1.0193 0.00 0.0M
35640.000 1969 COM2 64 0R0 031 1.0 8.8 83.6 1.0193 0.00 0.0M
35700.100 1969 COM2 64 0R0 005 1.2 8.8 83.6 1.0193 0.00 0.0M
35760.000 1969 COM2 64 0R0 323 1.4 8.8 83.6 1.0193 0.00 0.0M
35820.000 1969 COM2 64 0R0 340 0.8 8.8 83.7 1.0193 0.00 0.0M
35880.000 1969 COM2 64 0R0 024 0.7 8.8 83.6 1.0193 0.00 0.0M
35940.000 1969 COM2 64 0R0 357 0.7 8.8 83.7 1.0193 0.00 0.0M
36000.000 1969 COM2 64 0R0 016 1.1 8.8 83.7 1.0193 0.00 0.0M
36060.000 1969 COM2 64 0R0 013 1.5 8.8 83.8 1.0193 0.00 0.0M
36120.000 1969 COM2 64 0R0 023 2.1 8.8 83.7 1.0193 0.00 0.0M
36180.000 1969 COM2 64 0R0 025 2.4 8.8 83.7 1.0193 0.00 0.0M
36240.000 1969 COM2 64 0R0 356 1.0 8.8 83.7 1.0193 0.00 0.0M
36300.000 1969 COM2 64 0R0 355 1.4 8.7 83.8 1.0192 0.00 0.0M
36360.000 1969 COM2 64 0R0 342 1.4 8.7 83.9 1.0192 0.00 0.0M
36420.000 1969 COM2 64 0R0 020 1.7 8.7 83.9 1.0192 0.00 0.0M
36480.000 1969 COM2 64 0R0 353 0.2 8.7 84.0 1.0192 0.00 0.0M
36540.000 1969 COM2 64 0R0 356 0.9 8.7 84.0 1.0193 0.00 0.0M
36600.000 1969 COM2 64 0R0 039 1.8 8.7 83.8 1.0193 0.00 0.0M
36660.000 1969 COM2 64 0R0 355 0.9 8.7 83.8 1.0193 0.00 0.0M
36720.000 1969 COM2 64 0R0 013 1.1 8.7 83.9 1.0193 0.00 0.0M
36780.000 1969 COM2 64 0R0 346 3.9 8.7 83.9 1.0193 0.00 0.0M
36840.000 1969 COM2 64 0R0 006 1.2 8.7 84.0 1.0193 0.00 0.0M
36900.000 1969 COM2 64 0R0 045 1.7 8.7 84.0 1.0193 0.00 0.0M
36960.000 1969 COM2 64 0R0 008 1.0 8.7 83.9 1.0193 0.00 0.0M
37020.000 1969 COM2 64 0R0 031 2.1 8.7 83.9 1.0193 0.00 0.0M
37080.000 1969 COM2 64 0R0 338 1.3 8.7 84.1 1.0193 0.00 0.0M
37140.000 1969 COM2 64 0R0 337 1.9 8.7 84.1 1.0193 0.00 0.0M
37200.000 1969 COM2 64 0R0 356 1.8 8.7 84.1 1.0193 0.00 0.0M
37260.000 1969 COM2 64 0R0 048 1.3 8.7 84.1 1.0193 0.00 0.0M
37320.000 1969 COM2 64 0R0 026 1.9 8.7 84.0 1.0193 0.00 0.0M
37380.000 1969 COM2 64 0R0 040 0.7 8.7 84.0 1.0193 0.00 0.0M
37440.000 1969 COM2 64 0R0 022 1.7 8.7 84.0 1.0193 0.00 0.0M
37500.000 1969 COM2 64 0R0 045 0.8 8.7 84.1 1.0193 0.00 0.0M
37560.000 1969 COM2 64 0R0 343 1.5 8.7 84.0 1.0193 0.00 0.0M
37620.000 1969 COM2 64 0R0 025 0.6 8.7 84.0 1.0193 0.00 0.0M
37680.000 1969 COM2 64 0R0 016 2.6 8.7 83.9 1.0193 0.00 0.0M
37740.000 1969 COM2 64 0R0 334 1.2 8.7 84.0 1.0193 0.00 0.0M
37800.000 1969 COM2 64 0R0 348 1.5 8.7 83.9 1.0193 0.00 0.0M
37860.000 1969 COM2 64 0R0 031 0.4 8.7 84.0 1.0193 0.00 0.0M
37920.000 1969 COM2 64 0R0 345 1.7 8.7 83.9 1.0194 0.00 0.0M
37980.000 1969 COM2 64 0R0 018 2.0 8.7 83.9 1.0194 0.00 0.0M
38040.000 1969 COM2 64 0R0 035 1.7 8.7 84.0 1.0194 0.00 0.0M
38100.000 1969 COM2 64 0R0 015 2.8 8.7 84.1 1.0194 0.00 0.0M
38160.000 1969 COM2 64 0R0 025 3.2 8.7 84.1 1.0194 0.00 0.0M
38220.000 1969 COM2 64 0R0 314 0.7 8.7 84.1 1.0194 0.00 0.0M
38280.000 1969 COM2 64 0R0 048 1.6 8.7 84.0 1.0194 0.00 0.0M
38340.000 1969 COM2 64 0R0 030 1.9 8.7 83.9 1.0194 0.00 0.0M
38400.000 1969 COM2 64 0R0 026 1.5 8.7 83.9 1.0194 0.00 0.0M
38460.000 1969 COM2 64 0R0 013 1.5 8.7 84.0 1.0194 0.00 0.0M
38520.000 1969 COM2 64 0R0 022 1.7 8.7 83.9 1.0194 0.00 0.0M
38580.000 1969 COM2 64 0R0 339 1.0 8.7 83.9 1.0193 0.00 0.0M
38640.000 1969 COM2 64 0R0 028 1.1 8.7 83.9 1.0193 0.00 0.0M
38700.000 1969 COM2 64 0R0 070 1.1 8.7 84.1 1.0193 0.00 0.0M
38760.000 1969 COM2 64 0R0 326 1.2 8.7 83.9 1.0193 0.00 0.0M
38820.000 1969 COM2 64 0R0 003 0.9 8.8 83.6 1.0194 0.00 0.0M
38880.000 1969 COM2 64 0R0 008 1.4 8.8 83.7 1.0194 0.00 0.0M
38940.000 1969 COM2 64 0R0 336 1.6 8.7 83.9 1.0194 0.00 0.0M
39000.000 1969 COM2 64 0R0 340 2.8 8.7 83.8 1.0194 0.00 0.0M
39060.000 1969 COM2 64 0R0 011 0.9 8.7 83.9 1.0194 0.00 0.0M
39120.000 1969 COM2 64 0R0 049 2.4 8.7 84.0 1.0194 0.00 0.0M
39180.000 1969 COM2 64 0R0 340 2.5 8.8 83.8 1.0194 0.00 0.0M
39240.000 1969 COM2 64 0R0 348 2.3 8.8 83.6 1.0194 0.00 0.0M
39300.000 1969 COM2 64 0R0 356 1.3 8.8 83.4 1.0194 0.00 0.0M
39360.000 1969 COM2 64 0R0 049 1.2 8.8 83.3 1.0194 0.00 0.0M
39420.000 1969 COM2 64 0R0 025 1.2 8.8 83.4 1.0194 0.00 0.0M
39480.000 1969 COM2 64 0R0 340 1.1 8.8 83.4 1.0195 0.00 0.0M
39540.000 1969 COM2 64 0R0 068 1.8 8.8 83.3 1.0195 0.00 0.0M
39600.000 1969 COM2 64 0R0 015 2.7 8.8 83.4 1.0195 0.00 0.0M
39660.000 1969 COM2 64 0R0 328 1.1 8.8 83.3 1.0195 0.00 0.0M
39720.000 1969 COM2 64 0R0 358 0.7 8.8 83.3 1.0195 0.00 0.0M
39780.000 1969 COM2 64 0R0 042 1.0 8.8 83.2 1.0195 0.00 0.0M
39840.000 1969 COM2 64 0R0 000 1.2 8.8 83.2 1.0195 0.00 0.0M
39900.000 1969 COM2 64 0R0 031 1.2 8.8 83.2 1.0195 0.00 0.0M
39960.000 1969 COM2 64 0R0 012 1.3 8.8 83.2 1.0195 0.00 0.0M
40020.000 1969 COM2 64 0R0 297 0.8 8.8 83.2 1.0195 0.00 0.0M
40080.000 1969 COM2 64 0R0 035 1.9 8.8 83.1 1.0195 0.00 0.0M
40140.000 1969 COM2 64 0R0 333 0.7 8.8 83.1 1.0195 0.00 0.0M
40200.000 1969 COM2 64 0R0 015 0.9 8.8 83.0 1.0195 0.00 0.0M
40260.000 1969 COM2 64 0R0 014 2.4 8.9 83.1 1.0195 0.00 0.0M
40320.000 1969 COM2 64 0R0 334 2.4 8.8 83.1 1.0195 0.00 0.0M
40380.000 1969 COM2 64 0R0 320 0.7 8.9 83.1 1.0195 0.00 0.0M
40440.000 1969 COM2 64 0R0 014 1.5 8.9 83.0 1.0196 0.00 0.0M
40500.000 1969 COM2 64 0R0 350 1.8 8.9 82.8 1.0195 0.00 0.0M
40560.000 1969 COM2 64 0R0 345 1.6 8.9 83.0 1.0196 0.00 0.0M
40620.000 1969 COM2 64 0R0 043 0.7 8.9 82.8 1.0195 0.00 0.0M
40680.000 1969 COM2 64 0R0 329 1.8 8.9 82.8 1.0196 0.00 0.0M
40740.000 1969 COM2 64 0R0 293 0.3 9.0 82.5 1.0196 0.00 0.0M
40800.000 1969 COM2 64 0R0 349 1.0 9.0 82.5 1.0196 0.00 0.0M
40860.000 1969 COM2 64 0R0 344 2.9 9.0 82.5 1.0196 0.00 0.0M
40920.000 1969 COM2 64 0R0 346 1.8 9.0 82.4 1.0196 0.00 0.0M
40980.000 1969 COM2 64 0R0 008 2.9 9.0 82.3 1.0196 0.00 0.0M
41040.000 1969 COM2 64 0R0 043 0.6 9.0 82.6 1.0196 0.00 0.0M
41100.000 1969 COM2 64 0R0 028 2.9 9.1 82.2 1.0196 0.00 0.0M
41160.000 1969 COM2 64 0R0 048 1.8 9.1 82.2 1.0196 0.00 0.0M
41220.000 1969 COM2 64 0R0 020 1.4 9.1 82.1 1.0196 0.00 0.0M
41280.000 1969 COM2 64 0R0 333 1.9 9.1 81.9 1.0196 0.00 0.0M
41340.000 1969 COM2 64 0R0 020 1.5 9.1 81.8 1.0196 0.00 0.0M
41400.000 1969 COM2 64 0R0 346 1.7 9.2 81.7 1.0197 0.00 0.0M
41460.000 1969 COM2 64 0R0 032 1.6 9.2 81.8 1.0197 0.00 0.0M
41520.000 1969 COM2 64 0R0 356 1.9 9.2 81.6 1.0197 0.00 0.0M
41580.000 1969 COM2 64 0R0 349 2.2 9.2 81.4 1.0197 0.00 0.0M
41640.000 1969 COM2 64 0R0 023 1.2 9.3 81.3 1.0197 0.00 0.0M
41700.000 1969 COM2 64 0R0 345 2.4 9.3 81.3 1.0197 0.00 0.0M
41760.000 1969 COM2 64 0R0 035 1.3 9.3 81.2 1.0197 0.00 0.0M
41820.000 1969 COM2 64 0R0 337 0.6 9.3 81.1 1.0197 0.00 0.0M
41880.000 1969 COM2 64 0R0 000 1.6 9.3 81.0 1.0198 0.00 0.0M
41940.000 1969 COM2 64 0R0 321 0.8 9.3 81.0 1.0198 0.00 0.0M
42000.000 1969 COM2 64 0R0 339 3.6 9.3 81.0 1.0198 0.00 0.0M
42060.000 1969 COM2 64 0R0 358 1.2 9.4 81.0 1.0198 0.00 0.0M
42120.000 1969 COM2 64 0R0 015 0.9 9.4 80.5 1.0198 0.00 0.0M
42180.000 1969 COM2 64 0R0 023 1.7 9.5 80.3 1.0198 0.00 0.0M
42240.000 1969 COM2 64 0R0 015 1.1 9.5 80.1 1.0198 0.00 0.0M
42300.000 1969 COM2 64 0R0 295 0.7 9.5 79.8 1.0198 0.00 0.0M
42360.000 1969 COM2 64 0R0 330 0.8 9.5 80.0 1.0198 0.00 0.0M
42420.000 1969 COM2 64 0R0 343 1.4 9.6 79.9 1.0199 0.00 0.0M
42480.000 1969 COM2 64 0R0 357 1.1 9.6 79.6 1.0199 0.00 0.0M
42540.000 1969 COM2 64 0R0 027 2.3 9.6 79.8 1.0199 0.00 0.0M
42600.000 1969 COM2 64 0R0 353 1.7 9.7 79.4 1.0199 0.00 0.0M
42660.000 1969 COM2 64 0R0 034 1.7 9.7 79.1 1.0199 0.00 0.0M
42720.000 1969 COM2 64 0R0 025 2.7 9.7 79.2 1.0199 0.00 0.0M
42780.000 1969 COM2 64 0R0 017 1.6 9.7 79.1 1.0199 0.00 0.0M
42840.000 1969 COM2 64 0R0 357 1.6 9.7 79.1 1.0199 0.00 0.0M
42900.000 1969 COM2 64 0R0 351 1.3 9.7 79.2 1.0199 0.00 0.0M
42960.000 1969 COM2 64 0R0 023 1.7 9.7 79.2 1.0199 0.00 0.0M
43020.000 1969 COM2 64 0R0 300 1.4 9.7 78.9 1.0199 0.00 0.0M
43080.000 1969 COM2 64 0R0 334 1.8 9.8 78.9 1.0199 0.00 0.0M
43140.000 1969 COM2 64 0R0 001 1.7 9.8 78.6 1.0199 0.00 0.0M
43200.000 1969 COM2 64 0R0 022 1.4 9.8 78.6 1.0199 0.00 0.0M
43260.000 1969 COM2 64 0R0 027 1.5 9.9 79.0 1.0200 0.00 0.0M
43320.000 1969 COM2 65 0R0 339 2.0 10.0 77.9 1.0200 0.00 0.0M
43380.000 1969 COM2 65 0R0 002 2.2 10.0 77.8 1.0200 0.00 0.0M
43440.000 1969 COM2 65 0R0 344 0.9 10.0 78.2 1.0200 0.00 0.0M
43500.000 1969 COM2 65 0R0 034 1.4 10.0 77.7 1.0200 0.00 0.0M
43560.000 1969 COM2 65 0R0 351 1.9 10.0 77.9 1.0200 0.00 0.0M
43620.000 1969 COM2 65 0R0 018 1.7 10.0 77.8 1.0200 0.00 0.0M
43680.000 1969 COM2 65 0R0 005 1.4 10.1 77.8 1.0200 0.00 0.0M
43740.000 1969 COM2 65 0R0 353 2.5 10.1 77.5 1.0200 0.00 0.0M
43800.000 1969 COM2 65 0R0 021 0.9 10.1 77.5 1.0200 0.00 0.0M
43860.000 1969 COM2 65 0R0 004 2.2 10.2 76.9 1.0200 0.00 0.0M
43920.000 1969 COM2 65 0R0 328 0.7 10.2 77.0 1.0200 0.00 0.0M
43980.000 1969 COM2 65 0R0 334 1.3 10.2 76.9 1.0201 0.00 0.0M
44040.000 1969 COM2 65 0R0 021 2.8 10.3 76.8 1.0201 0.00 0.0M
44100.000 1969 COM2 65 0R0 072 1.0 10.3 76.4 1.0200 0.00 0.0M
44160.000 1969 COM2 65 0R0 044 2.0 10.3 76.3 1.0201 0.00 0.0M
44220.000 1969 COM2 65 0R0 027 1.7 10.4 76.1 1.0201 0.00 0.0M
44280.000 1969 COM2 65 0R0 348 2.8 10.4 76.1 1.0201 0.00 0.0M
44340.000 1969 COM2 65 0R0 084 0.7 10.4 76.1 1.0201 0.00 0.0M
44400.000 1969 COM2 65 0R0 342 1.9 10.5 75.9 1.0201 0.00 0.0M
44460.000 1969 COM2 65 0R0 345 1.4 10.5 75.9 1.0201 0.00 0.0M
44520.000 1969 COM2 65 0R0 338 2.7 10.5 75.5 1.0201 0.00 0.0M
44580.000 1969 COM2 65 0R0 008 1.9 10.6 75.4 1.0202 0.00 0.0M
44640.000 1969 COM2 65 0R0 350 1.6 10.6 75.3 1.0202 0.00 0.0M
44700.000 1969 COM2 65 0R0 021 1.6 10.6 75.1 1.0202 0.00 0.0M
44760.000 1969 COM2 65 0R0 342 0.9 10.6 75.5 1.0202 0.00 0.0M
44820.000 1969 COM2 65 0R0 109 0.6 10.6 75.8 1.0202 0.00 0.0M
44880.000 1969 COM2 65 0R0 339 2.1 10.8 74.8 1.0202 0.00 0.0M
44940.000 1969 COM2 65 0R0 354 1.4 10.9 74.4 1.0203 0.00 0.0M
45000.000 1969 COM2 65 0R0 012 2.0 10.9 73.6 1.0203 0.00 0.0M
45060.000 1969 COM2 65 0R0 008 1.7 10.9 73.7 1.0203 0.00 0.0M
45120.000 1969 COM2 65 0R0 025 2.8 10.9 73.7 1.0203 0.00 0.0M
45180.000 1969 COM2 65 0R0 083 0.9 11.0 74.0 1.0203 0.00 0.0M
45240.000 1969 COM2 65 0R0 092 0.4 11.1 73.1 1.0203 0.00 0.0M
45300.000 1969 COM2 65 0R0 042 1.1 11.2 73.1 1.0203 0.00 0.0M
45360.000 1969 COM2 65 0R0 013 0.9 11.3 72.5 1.0203 0.00 0.0M
45420.000 1969 COM2 65 0R0 010 0.6 11.4 72.0 1.0203 0.00 0.0M
45480.000 1969 COM2 65 0R0 017 3.0 11.5 71.5 1.0203 0.00 0.0M
45540.000 1969 COM2 65 0R0 023 1.9 11.4 71.4 1.0203 0.00 0.0M
45600.000 1969 COM2 65 0R0 004 1.3 11.3 71.7 1.0203 0.00 0.0M
45660.000 1969 COM2 65 0R0 021 2.9 11.3 71.3 1.0203 0.00 0.0M
45720.000 1969 COM2 65 0R0 062 2.0 11.2 72.2 1.0203 0.00 0.0M
45780.000 1969 COM2 65 0R0 019 2.8 11.2 71.9 1.0203 0.00 0.0M
45840.000 1969 COM2 65 0R0 013 2.0 11.2 72.2 1.0203 0.00 0.0M
45900.000 1969 COM2 65 0R0 020 2.8 11.1 72.5 1.0203 0.00 0.0M
45960.000 1969 COM2 65 0R0 021 3.2 11.1 72.5 1.0203 0.00 0.0M
46020.000 1969 COM2 65 0R0 016 2.4 11.1 72.5 1.0203 0.00 0.0M
46080.000 1969 COM2 65 0R0 001 1.4 11.2 71.9 1.0203 0.00 0.0M
46140.000 1969 COM2 65 0R0 334 0.8 11.2 72.4 1.0203 0.00 0.0M
46200.000 1969 COM2 65 0R0 023 1.6 11.2 72.3 1.0203 0.00 0.0M
46260.000 1969 COM2 65 0R0 354 2.0 11.3 72.2 1.0203 0.00 0.0M
46320.000 1969 COM2 65 0R0 023 3.6 11.4 71.5 1.0203 0.00 0.0M
46380.000 1969 COM2 65 0R0 024 5.1 11.4 71.7 1.0203 0.00 0.0M
46440.000 1969 COM2 65 0R0 011 2.2 11.3 71.6 1.0203 0.00 0.0M
46500.100 1969 COM2 65 0R0 055 2.3 11.3 71.7 1.0203 0.00 0.0M
46560.100 1969 COM2 65 0R0 030 3.9 11.3 71.6 1.0203 0.00 0.0M
46620.000 1969 COM2 65 0R0 023 1.5 11.3 71.3 1.0204 0.00 0.0M
46680.000 1969 COM2 65 0R0 032 3.0 11.4 71.5 1.0204 0.00 0.0M
46740.000 1969 COM2 65 0R0 324 1.4 11.5 70.7 1.0204 0.00 0.0M
46800.000 1969 COM2 65 0R0 338 1.2 11.6 71.0 1.0204 0.00 0.0M
46860.000 1969 COM2 65 0R0 053 1.7 11.7 70.7 1.0204 0.00 0.0M
46920.000 1969 COM2 65 0R0 071 0.8 11.8 70.4 1.0204 0.00 0.0M
46980.000 1969 COM2 65 0R0 354 0.5 11.9 70.0 1.0204 0.00 0.0M
47040.000 1969 COM2 65 0R0 028 2.2 12.0 69.9 1.0204 0.00 0.0M
47100.000 1969 COM2 65 0R0 059 1.7 12.1 69.9 1.0204 0.00 0.0M
47160.000 1969 COM2 65 0R0 010 0.9 12.1 69.2 1.0204 0.00 0.0M
47220.000 1969 COM2 65 0R0 025 3.0 12.1 68.4 1.0204 0.00 0.0M
47280.000 1969 COM2 65 0R0 050 2.0 12.0 69.1 1.0204 0.00 0.0M
47340.000 1969 COM2 65 0R0 347 0.8 12.0 68.9 1.0204 0.00 0.0M
47400.000 1969 COM2 65 0R0 074 2.4 11.9 69.0 1.0204 0.00 0.0M
47460.000 1969 COM2 65 0R0 039 2.3 12.0 69.2 1.0204 0.00 0.0M
47520.000 1969 COM2 65 0R0 068 3.2 12.1 68.6 1.0204 0.00 0.0M
47580.000 1969 COM2 65 0R0 344 0.9 12.1 68.6 1.0205 0.00 0.0M
47640.000 1969 COM2 65 0R0 087 2.6 12.1 68.9 1.0205 0.00 0.0M
47700.000 1969 COM2 65 0R0 038 1.4 12.2 68.2 1.0205 0.00 0.0M
47760.000 1969 COM2 65 0R0 338 1.0 12.3 68.1 1.0205 0.00 0.0M
47820.000 1969 COM2 65 0R0 018 1.8 12.4 67.8 1.0205 0.00 0.0M
47880.000 1969 COM2 65 0R0 027 3.7 12.4 67.2 1.0205 0.00 0.0M
47940.000 1969 COM2 65 0R0 011 2.4 12.3 67.0 1.0205 0.00 0.0M
48000.000 1969 COM2 65 0R0 345 1.1 12.1 68.0 1.0205 0.00 0.0M
48060.000 1969 COM2 65 0R0 006 1.7 12.1 68.3 1.0205 0.00 0.0M
48120.000 1969 COM2 65 0R0 000 1.2 12.2 68.4 1.0205 0.00 0.0M
48180.000 1969 COM2 65 0R0 334 1.0 12.3 67.4 1.0205 0.00 0.0M
48240.000 1969 COM2 65 0R0 008 0.6 12.3 67.5 1.0205 0.00 0.0M
48300.000 1969 COM2 65 0R0 031 1.6 12.3 67.7 1.0205 0.00 0.0M
48360.000 1969 COM2 65 0R0 033 1.7 12.3 67.5 1.0205 0.00 0.0M
48420.000 1969 COM2 65 0R0 038 2.1 12.4 67.5 1.0205 0.00 0.0M
48480.000 1969 COM2 65 0R0 073 2.7 12.4 67.6 1.0206 0.00 0.0M
48540.000 1969 COM2 65 0R0 082 2.8 12.4 67.1 1.0205 0.00 0.0M
48600.000 1969 COM2 65 0R0 341 2.8 12.5 66.9 1.0206 0.00 0.0M
48660.000 1969 COM2 65 0R0 039 2.4 12.6 67.3 1.0206 0.00 0.0M
48720.000 1969 COM2 65 0R0 034 0.6 12.6 67.0 1.0206 0.00 0.0M
48780.000 1969 COM2 65 0R0 016 1.5 12.7 66.8 1.0206 0.00 0.0M
48840.000 1969 COM2 65 0R0 344 0.9 12.7 67.3 1.0206 0.00 0.0M
48900.000 1969 COM2 65 0R0 026 2.4 12.8 66.5 1.0206 0.00 0.0M
48960.000 1969 COM2 65 0R0 043 1.0 12.8 66.4 1.0206 0.00 0.0M
49020.000 1969 COM2 65 0R0 030 2.8 12.9 66.6 1.0206 0.00 0.0M
49080.000 1969 COM2 65 0R0 043 1.8 12.8 66.5 1.0206 0.00 0.0M
49140.000 1969 COM2 65 0R0 022 3.4 12.7 65.8 1.0206 0.00 0.0M
49200.000 1969 COM2 65 0R0 023 4.2 12.7 65.4 1.0206 0.00 0.0M
49260.000 1969 COM2 65 0R0 358 1.4 12.5 66.3 1.0207 0.00 0.0M
49320.000 1969 COM2 65 0R0 031 4.3 12.5 66.7 1.0207 0.00 0.0M
49380.000 1969 COM2 65 0R0 028 0.6 12.5 67.0 1.0207 0.00 0.0M
49440.000 1969 COM2 65 0R0 027 2.0 12.6 67.2 1.0207 0.00 0.0M
49500.000 1969 COM2 65 0R0 335 3.4 12.8 65.9 1.0207 0.00 0.0M
49560.000 1969 COM2 65 0R0 043 1.8 12.7 66.2 1.0207 0.00 0.0M
49620.000 1969 COM2 65 0R0 330 1.1 12.7 66.2 1.0207 0.00 0.0M
49680.000 1969 COM2 65 0R0 033 2.0 12.9 66.4 1.0207 0.00 0.0M
49740.000 1969 COM2 65 0R0 005 1.3 13.0 66.2 1.0207 0.00 0.0M
49800.000 1969 COM2 65 0R0 015 2.0 13.0 65.2 1.0207 0.00 0.0M
49860.000 1969 COM2 65 0R0 010 2.9 13.0 64.9 1.0207 0.00 0.0M
49920.000 1969 COM2 65 0R0 024 3.6 12.9 65.1 1.0207 0.00 0.0M
49980.000 1969 COM2 65 0R0 031 4.0 12.9 65.6 1.0207 0.00 0.0M
50040.000 1969 COM2 65 0R0 014 2.4 12.8 65.7 1.0207 0.00 0.0M
50100.000 1969 COM2 65 0R0 021 0.7 12.9 65.8 1.0207 0.00 0.0M
50160.000 1969 COM2 65 0R0 078 2.3 13.0 64.3 1.0207 0.00 0.0M
50220.000 1969 COM2 65 0R0 067 0.9 13.1 63.9 1.0207 0.00 0.0M
50280.000 1969 COM2 65 0R0 032 1.8 13.2 64.0 1.0207 0.00 0.0M
50340.000 1969 COM2 65 0R0 082 0.8 13.3 64.3 1.0207 0.00 0.0M
50400.000 1969 COM2 65 0R0 026 1.7 13.3 64.5 1.0207 0.00 0.0M
50460.000 1969 COM2 65 0R0 014 0.8 13.5 64.2 1.0207 0.00 0.0M
50520.000 1969 COM2 65 0R0 031 2.4 13.7 63.4 1.0208 0.00 0.0M
50580.000 1969 COM2 65 0R0 031 1.1 13.8 62.5 1.0207 0.00 0.0M
50640.000 1969 COM2 65 0R0 008 0.5 13.9 62.9 1.0208 0.00 0.0M
50700.000 1969 COM2 65 0R0 030 2.3 14.0 62.6 1.0208 0.00 0.0M
50760.000 1969 COM2 65 0R0 024 1.2 14.0 61.5 1.0208 0.00 0.0M
50820.000 1969 COM2 65 0R0 345 2.0 14.0 61.2 1.0208 0.00 0.0M
50880.000 1969 COM2 65 0R0 000 0.4 13.8 62.0 1.0208 0.00 0.0M
50940.000 1969 COM2 65 0R0 015 1.8 13.8 62.4 1.0208 0.00 0.0M
51000.000 1969 COM2 65 0R0 342 0.8 13.8 62.0 1.0208 0.00 0.0M
51060.000 1969 COM2 65 0R0 332 1.1 13.9 61.9 1.0208 0.00 0.0M
51120.000 1969 COM2 65 0R0 293 0.7 13.9 61.4 1.0208 0.00 0.0M
51180.000 1969 COM2 65 0R0 088 1.0 14.0 62.1 1.0209 0.00 0.0M
51240.000 1969 COM2 65 0R0 059 2.0 14.3 60.1 1.0209 0.00 0.0M
51300.000 1969 COM2 65 0R0 101 2.0 14.5 59.6 1.0209 0.00 0.0M
51360.000 1969 COM2 65 0R0 070 2.0 14.6 59.6 1.0209 0.00 0.0M
51420.000 1969 COM2 65 0R0 338 1.2 14.7 59.5 1.0209 0.00 0.0M
51480.000 1969 COM2 65 0R0 174 0.6 14.7 59.6 1.0209 0.00 0.0M
51540.000 1969 COM2 65 0R0 344 0.7 14.9 59.4 1.0209 0.00 0.0M
51600.000 1969 COM2 65 0R0 063 0.5 14.9 58.3 1.0209 0.00 0.0M
51660.000 1969 COM2 65 0R0 117 0.9 15.0 57.8 1.0209 0.00 0.0M
51720.000 1969 COM2 65 0R0 005 1.6 15.0 58.3 1.0209 0.00 0.0M
51780.000 1969 COM2 65 0R0 052 0.6 14.8 59.0 1.0209 0.00 0.0M
51840.000 1969 COM2 65 0R0 084 3.5 14.7 58.3 1.0209 0.00 0.0M
51900.000 1969 COM2 65 0R0 066 0.9 14.6 59.1 1.0208 0.00 0.0M
51960.000 1969 COM2 65 0R0 022 2.5 14.7 57.9 1.0208 0.00 0.0M
52020.000 1969 COM2 65 0R0 026 1.7 14.6 58.5 1.0209 0.00 0.0M
52080.000 1969 COM2 65 0R0 359 1.0 14.4 58.1 1.0208 0.00 0.0M
52140.000 1969 COM2 65 0R0 028 2.5 14.3 58.4 1.0208 0.00 0.0M
52200.000 1969 COM2 65 0R0 021 2.5 14.2 58.5 1.0208 0.00 0.0M
52260.000 1969 COM2 65 0R0 040 2.5 14.2 59.1 1.0208 0.00 0.0M
52320.000 1969 COM2 65 0R0 011 3.1 14.2 59.5 1.0208 0.00 0.0M
52380.000 1969 COM2 65 0R0 336 1.3 14.2 59.5 1.0208 0.00 0.0M
52440.000 1969 COM2 65 0R0 002 2.2 14.3 59.5 1.0208 0.00 0.0M
52500.000 1969 COM2 65 0R0 341 3.3 14.3 59.4 1.0207 0.00 0.0M
52560.000 1969 COM2 65 0R0 034 4.2 14.4 59.8 1.0207 0.00 0.0M
52620.000 1969 COM2 65 0R0 352 1.1 14.4 59.4 1.0207 0.00 0.0M
52680.000 1969 COM2 65 0R0 053 1.6 14.4 59.6 1.0207 0.00 0.0M
52740.000 1969 COM2 65 0R0 344 1.7 14.5 59.2 1.0207 0.00 0.0M
52800.000 1969 COM2 65 0R0 043 2.4 14.6 59.3 1.0207 0.00 0.0M
52860.000 1969 COM2 65 0R0 042 1.8 14.6 59.6 1.0207 0.00 0.0M
52920.000 1969 COM2 65 0R0 326 0.7 14.7 58.4 1.0207 0.00 0.0M
52980.000 1969 COM2 65 0R0 314 0.7 14.8 58.5 1.0207 0.00 0.0M
53040.000 1969 COM2 65 0R0 045 1.8 14.8 58.3 1.0206 0.00 0.0M
53100.000 1969 COM2 65 0R0 141 0.8 15.0 58.3 1.0206 0.00 0.0M
53160.000 1969 COM2 65 0R0 040 1.5 15.2 55.9 1.0206 0.00 0.0M
53220.000 1969 COM2 65 0R0 095 1.5 15.3 55.8 1.0206 0.00 0.0M
53280.000 1969 COM2 65 0R0 000 0.6 15.4 56.3 1.0206 0.00 0.0M
53340.000 1969 COM2 65 0R0 065 1.8 15.7 55.6 1.0206 0.00 0.0M
53400.000 1969 COM2 65 0R0 053 2.5 15.8 54.1 1.0206 0.00 0.0M
53460.000 1969 COM2 65 0R0 028 1.9 15.5 55.2 1.0206 0.00 0.0M
53520.000 1969 COM2 65 0R0 351 1.2 15.2 56.4 1.0206 0.00 0.0M
53580.000 1969 COM2 65 0R0 024 2.3 15.1 55.7 1.0206 0.00 0.0M
53640.000 1969 COM2 65 0R0 035 2.4 15.1 56.2 1.0206 0.00 0.0M
53700.000 1969 COM2 65 0R0 017 0.4 15.1 56.5 1.0206 0.00 0.0M
53760.000 1969 COM2 65 0R0 000 1.0 15.2 56.4 1.0206 0.00 0.0M
53820.000 1969 COM2 65 0R0 301 0.6 15.2 56.1 1.0205 0.00 0.0M
53880.000 1969 COM2 65 0R0 341 1.2 15.5 55.4 1.0206 0.00 0.0M
53940.000 1969 COM2 65 0R0 353 0.4 15.6 55.0 1.0206 0.00 0.0M
54000.000 1969 COM2 65 0R0 026 1.2 15.6 55.5 1.0205 0.00 0.0M
54060.000 1969 COM2 65 0R0 017 1.1 15.6 55.6 1.0205 0.00 0.0M
54120.000 1969 COM2 65 0R0 347 0.6 15.7 55.4 1.0205 0.00 0.0M
54180.000 1969 COM2 65 0R0 000 1.6 15.9 54.5 1.0205 0.00 0.0M
54240.000 1969 COM2 65 0R0 091 1.8 15.9 54.8 1.0205 0.00 0.0M
54300.000 1969 COM2 65 0R0 017 1.1 16.0 54.7 1.0205 0.00 0.0M
54360.000 1969 COM2 65 0R0 057 1.2 16.1 54.1 1.0205 0.00 0.0M
54420.000 1969 COM2 65 0R0 062 0.8 16.0 53.5 1.0205 0.00 0.0M
54480.000 1969 COM2 65 0R0 023 2.8 16.1 53.8 1.0205 0.00 0.0M
54540.000 1969 COM2 65 0R0 004 1.9 16.0 53.7 1.0205 0.00 0.0M
54600.000 1969 COM2 65 0R0 336 2.2 15.7 54.3 1.0205 0.00 0.0M
54660.000 1969 COM2 65 0R0 035 1.8 15.5 55.1 1.0205 0.00 0.0M
54720.000 1969 COM2 65 0R0 341 2.6 15.4 55.4 1.0205 0.00 0.0M
54780.000 1969 COM2 65 0R0 023 3.8 15.5 55.2 1.0205 0.00 0.0M
54840.000 1969 COM2 65 0R0 029 3.0 15.5 55.2 1.0206 0.00 0.0M
54900.000 1969 COM2 65 0R0 325 0.6 15.5 55.9 1.0205 0.00 0.0M
54960.000 1969 COM2 65 0R0 044 0.4 15.6 54.9 1.0205 0.00 0.0M
55020.000 1969 COM2 65 0R0 037 2.5 15.7 54.1 1.0205 0.00 0.0M
55080.000 1969 COM2 65 0R0 031 0.3 15.6 55.2 1.0205 0.00 0.0M
55140.000 1969 COM2 65 0R0 078 1.5 15.8 54.5 1.0205 0.00 0.0M
55200.000 1969 COM2 65 0R0 073 1.5 16.0 54.1 1.0205 0.00 0.0M
55260.000 1969 COM2 65 0R0 051 0.8 16.3 52.9 1.0205 0.00 0.0M
55320.000 1969 COM2 65 0R0 346 1.0 16.4 52.8 1.0205 0.00 0.0M
55380.000 1969 COM2 65 0R0 351 0.4 16.4 52.1 1.0205 0.00 0.0M
55440.000 1969 COM2 65 0R0 044 1.2 16.2 52.5 1.0204 0.00 0.0M
55500.000 1969 COM2 65 0R0 178 0.4 16.0 53.3 1.0204 0.00 0.0M
55560.000 1969 COM2 65 0R0 003 1.2 16.0 53.3 1.0204 0.00 0.0M
55620.000 1969 COM2 65 0R0 057 1.5 16.0 53.6 1.0204 0.00 0.0M
55680.000 1969 COM2 65 0R0 027 2.9 16.0 53.3 1.0204 0.00 0.0M
55740.000 1969 COM2 65 0R0 038 2.2 16.0 53.0 1.0205 0.00 0.0M
55800.000 1969 COM2 65 0R0 020 1.8 15.8 53.3 1.0205 0.00 0.0M
55860.000 1969 COM2 65 0R0 036 0.9 15.8 53.8 1.0204 0.00 0.0M
55920.000 1969 COM2 65 0R0 052 1.1 15.9 53.4 1.0204 0.00 0.0M
55980.000 1969 COM2 65 0R0 331 0.5 16.0 53.2 1.0204 0.00 0.0M
56040.000 1969 COM2 65 0R0 122 1.0 16.3 51.4 1.0204 0.00 0.0M
56100.000 1969 COM2 65 0R0 129 0.6 16.4 51.1 1.0204 0.00 0.0M
56160.000 1969 COM2 65 0R0 053 0.5 16.6 51.1 1.0204 0.00 0.0M
56220.000 1969 COM2 65 0R0 027 1.3 16.8 50.7 1.0204 0.00 0.0M
56280.000 1969 COM2 65 0R0 007 0.4 16.8 50.5 1.0204 0.00 0.0M
56340.000 1969 COM2 65 0R0 060 0.4 16.6 50.2 1.0204 0.00 0.0M
56400.000 1969 COM2 65 0R0 056 0.3 16.5 50.2 1.0204 0.00 0.0M
56460.000 1969 COM2 65 0R0 020 1.4 16.4 50.5 1.0203 0.00 0.0M
56520.000 1969 COM2 65 0R0 010 0.8 16.2 51.0 1.0203 0.00 0.0M
56580.000 1969 COM2 65 0R0 335 0.7 16.1 52.0 1.0203 0.00 0.0M
56640.000 1969 COM2 65 0R0 036 0.2 16.0 52.0 1.0203 0.00 0.0M
56700.000 1969 COM2 65 0R0 084 1.8 16.0 52.9 1.0203 0.00 0.0M
56760.000 1969 COM2 65 0R0 070 0.8 16.1 52.2 1.0203 0.00 0.0M
56820.000 1969 COM2 65 0R0 057 1.0 16.4 50.9 1.0202 0.00 0.0M
56880.000 1969 COM2 65 0R0 050 0.5 16.4 51.2 1.0203 0.00 0.0M
56940.000 1969 COM2 65 0R0 036 2.2 16.5 51.1 1.0202 0.00 0.0M
57000.000 1969 COM2 65 0R0 350 1.9 16.7 50.0 1.0202 0.00 0.0M
57060.000 1969 COM2 65 0R0 036 2.2 16.7 49.4 1.0202 0.00 0.0M
57120.000 1969 COM2 65 0R0 345 1.0 16.5 48.7 1.0202 0.00 0.0M
57180.000 1969 COM2 65 0R0 349 2.5 16.2 50.0 1.0202 0.00 0.0M
57240.000 1969 COM2 65 0R0 310 2.2 16.1 50.6 1.0202 0.00 0.0M
57300.000 1969 COM2 65 0R0 339 1.5 16.1 50.6 1.0202 0.00 0.0M
57360.000 1969 COM2 65 0R0 047 0.8 16.2 50.0 1.0201 0.00 0.0M
57420.000 1969 COM2 65 0R0 352 0.3 16.3 50.0 1.0201 0.00 0.0M
57480.000 1969 COM2 65 0R0 292 0.8 16.3 50.2 1.0201 0.00 0.0M
57540.000 1969 COM2 65 0R0 306 1.3 16.5 49.7 1.0201 0.00 0.0M
57600.000 1969 COM2 65 0R0 308 1.1 16.7 49.4 1.0201 0.00 0.0M
57660.000 1969 COM2 65 0R0 326 1.6 16.8 48.8 1.0201 0.00 0.0M
57720.000 1969 COM2 65 0R0 281 1.7 16.7 48.5 1.0201 0.00 0.0M
57780.000 1969 COM2 65 0R0 260 1.4 16.5 49.5 1.0201 0.00 0.0M
57840.000 1969 COM2 65 0R0 271 1.7 16.6 49.0 1.0201 0.00 0.0M
57900.000 1969 COM2 65 0R0 253 1.1 16.7 48.7 1.0201 0.00 0.0M
57960.000 1969 COM2 65 0R0 309 0.4 16.7 48.4 1.0200 0.00 0.0M
58020.000 1969 COM2 65 0R0 167 1.4 16.7 49.1 1.0200 0.00 0.0M
58080.000 1969 COM2 65 0R0 248 1.4 16.9 48.3 1.0200 0.00 0.0M
58140.000 1969 COM2 65 0R0 288 1.2 17.1 48.3 1.0200 0.00 0.0M
58200.000 1969 COM2 65 0R0 228 1.0 17.2 48.7 1.0200 0.00 0.0M
58260.000 1969 COM2 65 0R0 274 0.8 17.3 47.6 1.0200 0.00 0.0M
58320.000 1969 COM2 65 0R0 114 0.3 17.4 48.1 1.0200 0.00 0.0M
58380.000 1969 COM2 65 0R0 036 0.5 17.5 47.2 1.0200 0.00 0.0M
58440.000 1969 COM2 65 0R0 019 1.7 17.6 46.6 1.0200 0.00 0.0M
58500.000 1969 COM2 65 0R0 293 0.8 17.4 47.0 1.0200 0.00 0.0M
58560.000 1969 COM2 65 0R0 038 1.7 17.4 47.1 1.0200 0.00 0.0M
58620.000 1969 COM2 65 0R0 027 2.5 17.3 46.8 1.0200 0.00 0.0M
58680.000 1969 COM2 65 0R0 027 1.2 17.0 47.5 1.0199 0.00 0.0M
58740.000 1969 COM2 65 0R0 319 0.9 16.8 48.6 1.0199 0.00 0.0M
58800.000 1969 COM2 65 0R0 313 0.7 16.7 49.1 1.0199 0.00 0.0M
58860.000 1969 COM2 65 0R0 043 1.1 16.7 48.9 1.0199 0.00 0.0M
58920.000 1969 COM2 65 0R0 056 0.4 16.8 48.1 1.0199 0.00 0.0M
58980.000 1969 COM2 65 0R0 109 0.4 16.8 49.0 1.0198 0.00 0.0M
59040.000 1969 COM2 65 0R0 039 1.9 16.9 48.4 1.0198 0.00 0.0M
59100.000 1969 COM2 65 0R0 071 0.8 16.9 49.0 1.0198 0.00 0.0M
59160.000 1969 COM2 65 0R0 089 1.5 17.0 47.6 1.0198 0.00 0.0M
59220.000 1969 COM2 65 0R0 186 1.1 16.9 48.2 1.0198 0.00 0.0M
59280.000 1969 COM2 65 0R0 001 0.4 17.1 48.3 1.0198 0.00 0.0M
59340.000 1969 COM2 65 0R0 038 1.3 17.2 47.7 1.0198 0.00 0.0M
59400.000 1969 COM2 65 0R0 000 0.7 17.2 47.7 1.0198 0.00 0.0M
59460.000 1969 COM2 65 0R0 310 0.7 17.1 48.1 1.0198 0.00 0.0M
59520.000 1969 COM2 65 0R0 073 1.7 17.2 48.1 1.0197 0.00 0.0M
59580.000 1969 COM2 65 0R0 159 0.7 17.4 48.1 1.0197 0.00 0.0M
59640.000 1969 COM2 65 0R0 018 1.3 17.6 46.6 1.0197 0.00 0.0M
59700.000 1969 COM2 65 0R0 044 1.5 17.5 47.2 1.0197 0.00 0.0M
59760.000 1969 COM2 65 0R0 040 1.3 17.5 46.4 1.0197 0.00 0.0M
59820.000 1969 COM2 65 0R0 034 0.7 17.4 46.5 1.0197 0.00 0.0M
59880.000 1969 COM2 65 0R0 197 1.1 17.3 47.3 1.0196 0.00 0.0M
59940.000 1969 COM2 65 0R0 324 0.2 17.5 47.4 1.0197 0.00 0.0M
60000.000 1969 COM2 65 0R0 025 2.4 17.9 46.3 1.0197 0.00 0.0M
60060.000 1969 COM2 65 0R0 337 1.8 18.1 45.1 1.0197 0.00 0.0M
60120.000 1969 COM2 65 0R0 332 0.8 18.0 45.2 1.0197 0.00 0.0M
60180.000 1969 COM2 65 0R0 014 1.1 18.0 45.0 1.0197 0.00 0.0M
60240.000 1969 COM2 65 0R0 072 0.6 18.0 44.6 1.0197 0.00 0.0M
60300.000 1969 COM2 65 0R0 345 1.6 18.0 44.6 1.0197 0.00 0.0M
60360.000 1969 COM2 65 0R0 030 2.7 18.0 44.7 1.0197 0.00 0.0M
60420.000 1969 COM2 65 0R0 350 1.7 17.8 45.2 1.0197 0.00 0.0M
60480.000 1969 COM2 65 0R0 000 0.5 17.6 45.3 1.0197 0.00 0.0M
60540.000 1969 COM2 65 0R0 221 1.2 17.4 46.0 1.0196 0.00 0.0M
60600.000 1969 COM2 65 0R0 322 0.3 17.4 46.0 1.0196 0.00 0.0M
60660.000 1969 COM2 65 0R0 341 0.4 17.7 44.9 1.0196 0.00 0.0M
60720.000 1969 COM2 65 0R0 342 1.7 17.8 45.2 1.0196 0.00 0.0M
60780.000 1969 COM2 65 0R0 037 0.7 17.9 45.1 1.0196 0.00 0.0M
60840.000 1969 COM2 65 0R0 096 1.6 17.7 45.6 1.0196 0.00 0.0M
60900.000 1969 COM2 65 0R0 349 1.6 17.9 45.0 1.0196 0.00 0.0M
60960.000 1969 COM2 65 0R0 349 2.7 18.1 44.4 1.0196 0.00 0.0M
61020.000 1969 COM2 65 0R0 332 1.9 18.0 44.1 1.0196 0.00 0.0M
61080.000 1969 COM2 65 0R0 341 0.6 17.8 44.8 1.0196 0.00 0.0M
61140.000 1969 COM2 65 0R0 262 2.1 17.8 44.8 1.0195 0.00 0.0M
61200.000 1969 COM2 65 0R0 291 1.2 17.8 44.2 1.0195 0.00 0.0M
61260.000 1969 COM2 65 0R0 303 2.4 17.9 44.0 1.0195 0.00 0.0M
61320.000 1969 COM2 65 0R0 326 1.2 17.9 43.1 1.0195 0.00 0.0M
61380.000 1969 COM2 65 0R0 269 1.6 17.8 43.4 1.0195 0.00 0.0M
61440.000 1969 COM2 65 0R0 255 0.6 17.6 43.0 1.0194 0.00 0.0M
61500.000 1969 COM2 65 0R0 272 0.4 17.6 44.5 1.0194 0.00 0.0M
61560.000 1969 COM2 65 0R0 318 1.1 17.8 44.6 1.0194 0.00 0.0M
61620.000 1969 COM2 65 0R0 189 1.0 18.0 44.1 1.0193 0.00 0.0M
61680.000 1969 COM2 65 0R0 009 0.3 18.3 43.5 1.0193 0.00 0.0M
61740.000 1969 COM2 65 0R0 355 0.3 18.6 42.5 1.0193 0.00 0.0M
61800.100 1969 COM2 65 0R0 153 0.3 18.8 42.4 1.0193 0.00 0.0M
61860.000 1969 COM2 65 0R0 106 0.4 19.0 41.9 1.0193 0.00 0.0M
61920.000 1969 COM2 65 0R0 224 0.9 19.2 40.9 1.0193 0.00 0.0M
61980.000 1969 COM2 65 0R0 050 0.5 19.0 41.8 1.0193 0.00 0.0M
62040.000 1969 COM2 65 0R0 042 1.2 18.9 41.8 1.0193 0.00 0.0M
62100.000 1969 COM2 65 0R0 341 0.7 18.7 42.3 1.0193 0.00 0.0M
62160.000 1969 COM2 65 0R0 025 0.3 18.6 41.8 1.0193 0.00 0.0M
62220.000 1969 COM2 65 0R0 096 0.7 18.5 42.3 1.0192 0.00 0.0M
62280.000 1969 COM2 65 0R0 358 0.4 18.5 42.1 1.0192 0.00 0.0M
62340.000 1969 COM2 65 0R0 040 0.4 18.5 42.7 1.0192 0.00 0.0M
62400.000 1969 COM2 65 0R0 350 0.4 18.5 41.9 1.0192 0.00 0.0M
62460.000 1969 COM2 65 0R0 068 0.9 18.5 41.8 1.0192 0.00 0.0M
62520.000 1969 COM2 65 0R0 037 0.3 18.3 42.1 1.0191 0.00 0.0M
62580.000 1969 COM2 65 0R0 030 1.2 18.2 42.1 1.0191 0.00 0.0M
62640.000 1969 COM2 65 0R0 017 1.5 18.0 42.7 1.0191 0.00 0.0M
62700.000 1969 COM2 65 0R0 049 1.4 18.0 42.5 1.0191 0.00 0.0M
62760.000 1969 COM2 65 0R0 037 1.9 17.9 42.5 1.0191 0.00 0.0M
62820.000 1969 COM2 65 0R0 000 0.4 17.8 42.9 1.0190 0.00 0.0M
62880.000 1969 COM2 65 0R0 104 1.8 17.7 43.3 1.0190 0.00 0.0M
62940.000 1969 COM2 65 0R0 046 1.8 17.9 42.6 1.0190 0.00 0.0M
63000.000 1969 COM2 65 0R0 079 1.3 17.9 43.4 1.0190 0.00 0.0M
63060.000 1969 COM2 65 0R0 086 0.9 18.2 42.0 1.0190 0.00 0.0M
63120.000 1969 COM2 65 0R0 341 0.5 18.4 42.4 1.0190 0.00 0.0M
63180.000 1969 COM2 65 0R0 164 0.9 18.5 41.9 1.0189 0.00 0.0M
63240.000 1969 COM2 65 0R0 274 0.4 18.7 42.1 1.0189 0.00 0.0M
63300.000 1969 COM2 65 0R0 345 0.7 18.8 41.4 1.0189 0.00 0.0M
63360.000 1969 COM2 65 0R0 337 2.1 18.7 41.6 1.0189 0.00 0.0M
63420.000 1969 COM2 65 0R0 000 1.1 18.4 42.4 1.0189 0.00 0.0M
63480.000 1969 COM2 65 0R0 038 0.9 18.2 42.8 1.0189 0.00 0.0M
63540.000 1969 COM2 65 0R0 338 0.5 18.1 43.1 1.0189 0.00 0.0M
63600.000 1969 COM2 65 0R0 278 0.6 18.1 43.7 1.0188 0.00 0.0M
63660.000 1969 COM2 65 0R0 110 0.8 18.3 42.8 1.0188 0.00 0.0M
63720.000 1969 COM2 65 0R0 352 0.6 18.7 42.6 1.0188 0.00 0.0M
63780.000 1969 COM2 65 0R0 304 0.4 19.0 42.2 1.0188 0.00 0.0M
63840.000 1969 COM2 65 0R0 252 0.7 19.2 41.0 1.0188 0.00 0.0M
63900.000 1969 COM2 65 0R0 274 0.7 19.4 40.9 1.0188 0.00 0.0M
63960.000 1969 COM2 65 0R0 192 0.5 19.6 41.4 1.0188 0.00 0.0M
64020.000 1969 COM2 65 0R0 033 2.2 19.6 40.1 1.0188 0.00 0.0M
64080.000 1969 COM2 65 0R0 034 0.8 19.5 40.2 1.0187 0.00 0.0M
64140.000 1969 COM2 65 0R0 274 0.7 19.2 40.8 1.0187 0.00 0.0M
64200.000 1969 COM2 65 0R0 242 0.8 19.1 41.4 1.0187 0.00 0.0M
64260.000 1969 COM2 65 0R0 176 0.5 19.2 41.4 1.0187 0.00 0.0M
64320.000 1969 COM2 65 0R0 342 3.4 19.2 40.3 1.0187 0.00 0.0M
64380.000 1969 COM2 65 0R0 341 1.3 18.9 41.3 1.0186 0.00 0.0M
64440.000 1969 COM2 65 0R0 011 1.0 18.8 41.5 1.0186 0.00 0.0M
64500.000 1969 COM2 65 0R0 359 0.4 18.8 41.2 1.0186 0.00 0.0M
64560.000 1969 COM2 65 0R0 044 0.8 18.7 41.4 1.0186 0.00 0.0M
64620.000 1969 COM2 65 0R0 048 0.6 18.6 41.5 1.0186 0.00 0.0M
64680.000 1969 COM2 65 0R0 339 2.6 18.5 41.8 1.0186 0.00 0.0M
64740.000 1969 COM2 65 0R0 333 1.1 18.4 41.8 1.0186 0.00 0.0M
64800.000 1969 COM2 65 0R0 044 2.1 18.4 41.6 1.0186 0.00 0.0M
64860.000 1969 COM2 65 0R0 054 0.8 18.3 42.0 1.0185 0.00 0.0M
64920.000 1969 COM2 65 0R0 347 0.6 18.4 41.6 1.0185 0.00 0.0M
64980.000 1969 COM2 65 0R0 340 1.3 18.4 41.9 1.0185 0.00 0.0M
65040.000 1969 COM2 65 0R0 340 4.0 18.3 42.4 1.0184 0.00 0.0M
65100.000 1969 COM2 65 0R0 033 1.7 18.2 42.8 1.0184 0.00 0.0M
65160.000 1969 COM2 65 0R0 028 0.8 18.2 43.0 1.0184 0.00 0.0M
65220.000 1969 COM2 65 0R0 326 1.5 18.2 42.8 1.0184 0.00 0.0M
65280.000 1969 COM2 65 0R0 342 1.8 18.0 43.6 1.0184 0.00 0.0M
65340.000 1969 COM2 65 0R0 350 1.2 18.0 42.9 1.0184 0.00 0.0M
65400.000 1969 COM2 65 0R0 023 2.7 18.1 42.0 1.0183 0.00 0.0M
65460.000 1969 COM2 65 0R0 343 2.6 18.0 42.0 1.0183 0.00 0.0M
65520.000 1969 COM2 65 0R0 350 2.1 18.0 42.6 1.0183 0.00 0.0M
65580.000 1969 COM2 65 0R0 292 2.0 17.9 42.8 1.0183 0.00 0.0M
65640.000 1969 COM2 65 0R0 020 2.4 17.9 43.2 1.0182 0.00 0.0M
65700.000 1969 COM2 65 0R0 239 0.6 18.1 43.2 1.0182 0.00 0.0M
65760.000 1969 COM2 65 0R0 030 1.7 18.4 43.3 1.0182 0.00 0.0M
65820.000 1969 COM2 65 0R0 351 1.8 18.4 43.3 1.0183 0.00 0.0M
65880.000 1969 COM2 65 0R0 034 1.3 18.2 43.6 1.0183 0.00 0.0M
65940.000 1969 COM2 65 0R0 065 0.2 18.1 44.4 1.0182 0.00 0.0M
66000.000 1969 COM2 65 0R0 022 1.0 18.4 43.9 1.0182 0.00 0.0M
66060.000 1969 COM2 65 0R0 104 1.3 18.6 43.4 1.0182 0.00 0.0M
66120.000 1969 COM2 65 0R0 347 0.6 18.9 43.1 1.0182 0.00 0.0M
66180.000 1969 COM2 65 0R0 033 0.8 19.1 42.6 1.0182 0.00 0.0M
66240.000 1969 COM2 65 0R0 316 0.4 19.1 42.1 1.0182 0.00 0.0M
66300.000 1969 COM2 65 0R0 017 1.1 19.1 41.3 1.0182 0.00 0.0M
66360.000 1969 COM2 65 0R0 338 1.4 19.2 40.9 1.0182 0.00 0.0M
66420.000 1969 COM2 65 0R0 346 1.6 19.2 40.5 1.0182 0.00 0.0M
66480.000 1969 COM2 65 0R0 046 0.9 19.1 41.4 1.0182 0.00 0.0M
66540.000 1969 COM2 65 0R0 340 0.5 19.0 40.5 1.0182 0.00 0.0M
66600.000 1969 COM2 65 0R0 334 1.2 18.8 41.2 1.0182 0.00 0.0M
66660.000 1969 COM2 65 0R0 160 0.6 18.8 40.4 1.0181 0.00 0.0M
66720.000 1969 COM2 65 0R0 332 0.9 18.9 40.8 1.0181 0.00 0.0M
66780.000 1969 COM2 65 0R0 309 0.6 19.0 40.7 1.0181 0.00 0.0M
66840.000 1969 COM2 65 0R0 340 0.8 19.2 40.2 1.0181 0.00 0.0M
66900.000 1969 COM2 65 0R0 359 0.3 19.2 39.9 1.0181 0.00 0.0M
66960.000 1969 COM2 65 0R0 340 2.0 19.1 39.5 1.0181 0.00 0.0M
67020.000 1969 COM2 65 0R0 353 0.8 19.0 40.4 1.0181 0.00 0.0M
67080.000 1969 COM2 65 0R0 356 1.3 18.9 40.3 1.0181 0.00 0.0M
67140.000 1969 COM2 65 0R0 349 1.4 18.8 40.4 1.0181 0.00 0.0M
67200.000 1969 COM2 65 0R0 339 0.4 18.7 40.9 1.0181 0.00 0.0M
67260.000 1969 COM2 65 0R0 185 1.5 18.6 41.3 1.0181 0.00 0.0M
67320.000 1969 COM2 65 0R0 020 0.8 18.8 41.1 1.0181 0.00 0.0M
67380.000 1969 COM2 65 0R0 039 1.1 19.1 40.5 1.0180 0.00 0.0M
67440.000 1969 COM2 65 0R0 032 0.7 19.3 39.9 1.0180 0.00 0.0M
67500.000 1969 COM2 65 0R0 348 0.8 19.4 39.5 1.0180 0.00 0.0M
67560.000 1969 COM2 65 0R0 307 0.9 19.5 39.4 1.0180 0.00 0.0M
67620.000 1969 COM2 65 0R0 028 1.7 19.6 39.5 1.0180 0.00 0.0M
67680.000 1969 COM2 65 0R0 349 1.2 19.6 39.1 1.0180 0.00 0.0M
67740.000 1969 COM2 65 0R0 337 0.3 19.5 39.2 1.0180 0.00 0.0M
67800.000 1969 COM2 65 0R0 267 0.6 19.5 39.3 1.0180 0.00 0.0M
67860.000 1969 COM2 65 0R0 150 0.6 19.5 39.1 1.0180 0.00 0.0M
67920.000 1969 COM2 65 0R0 200 0.9 19.6 39.2 1.0179 0.00 0.0M
67980.000 1969 COM2 65 0R0 168 1.4 19.7 38.7 1.0179 0.00 0.0M
68040.000 1969 COM2 65 0R0 035 0.4 19.8 38.8 1.0180 0.00 0.0M
68100.000 1969 COM2 65 0R0 015 1.0 19.9 38.4 1.0180 0.00 0.0M
68160.000 1969 COM2 65 0R0 010 1.3 19.9 38.5 1.0179 0.00 0.0M
68220.000 1969 COM2 65 0R0 047 0.6 19.7 38.9 1.0179 0.00 0.0M
68280.000 1969 COM2 65 0R0 120 0.4 19.7 39.4 1.0179 0.00 0.0M
68340.000 1969 COM2 65 0R0 309 0.3 19.8 39.3 1.0179 0.00 0.0M
68400.000 1969 COM2 65 0R0 085 0.6 20.0 39.3 1.0179 0.00 0.0M
68460.000 1969 COM2 65 0R0 041 1.2 20.1 38.8 1.0179 0.00 0.0M
68520.000 1969 COM2 65 0R0 238 0.4 20.0 39.1 1.0179 0.00 0.0M
68580.000 1969 COM2 65 0R0 010 0.6 19.9 39.6 1.0178 0.00 0.0M
68640.000 1969 COM2 65 0R0 001 0.3 19.8 38.9 1.0178 0.00 0.0M
68700.000 1969 COM2 65 0R0 014 0.3 19.7 38.9 1.0178 0.00 0.0M
68760.000 1969 COM2 65 0R0 104 0.8 19.7 39.3 1.0178 0.00 0.0M
68820.000 1969 COM2 65 0R0 103 0.2 19.8 39.5 1.0177 0.00 0.0M
68880.000 1969 COM2 65 0R0 019 0.3 20.0 39.5 1.0178 0.00 0.0M
68940.000 1969 COM2 65 0R0 284 2.8 20.2 39.4 1.0178 0.00 0.0M
69000.000 1969 COM2 65 0R0 049 2.9 20.2 38.8 1.0178 0.00 0.0M
69060.000 1969 COM2 65 0R0 017 1.6 20.0 38.9 1.0177 0.00 0.0M
69120.000 1969 COM2 65 0R0 029 3.7 19.7 39.9 1.0177 0.00 0.0M
69180.000 1969 COM2 65 0R0 010 0.5 19.3 40.6 1.0177 0.00 0.0M
69240.000 1969 COM2 65 0R0 344 2.0 19.2 41.3 1.0177 0.00 0.0M
69300.000 1969 COM2 65 0R0 341 2.9 19.2 40.7 1.0177 0.00 0.0M
69360.000 1969 COM2 65 0R0 338 2.9 19.2 41.1 1.0177 0.00 0.0M
69420.000 1969 COM2 65 0R0 341 1.0 19.1 41.4 1.0177 0.00 0.0M
69480.000 1969 COM2 65 0R0 055 0.9 19.0 41.3 1.0177 0.00 0.0M
69540.000 1969 COM2 65 0R0 084 1.1 19.0 41.4 1.0177 0.00 0.0M
69600.000 1969 COM2 65 0R0 052 1.1 19.0 41.0 1.0176 0.00 0.0M
69660.000 1969 COM2 65 0R0 002 0.5 19.0 41.4 1.0176 0.00 0.0M
69720.000 1969 COM2 65 0R0 337 0.6 19.1 41.5 1.0176 0.00 0.0M
69780.000 1969 COM2 65 0R0 000 0.3 19.3 41.0 1.0176 0.00 0.0M
69840.000 1969 COM2 65 0R0 011 0.5 19.4 40.7 1.0176 0.00 0.0M
69900.000 1969 COM2 65 0R0 262 0.8 19.5 40.8 1.0176 0.00 0.0M
69960.000 1969 COM2 65 0R0 275 1.6 19.7 40.6 1.0176 0.00 0.0M
70020.000 1969 COM2 65 0R0 273 1.9 19.8 39.8 1.0176 0.00 0.0M
70080.000 1969 COM2 65 0R0 213 1.2 19.8 40.4 1.0175 0.00 0.0M
70140.000 1969 COM2 65 0R0 268 1.4 19.8 40.1 1.0175 0.00 0.0M
70200.000 1969 COM2 65 0R0 243 3.5 19.9 39.9 1.0174 0.00 0.0M
70260.000 1969 COM2 65 0R0 250 1.7 19.9 39.9 1.0174 0.00 0.0M
70320.000 1969 COM2 65 0R0 248 1.1 19.9 39.9 1.0174 0.00 0.0M
70380.000 1969 COM2 65 0R0 062 0.5 20.0 39.6 1.0174 0.00 0.0M
70440.000 1969 COM2 65 0R0 174 0.4 20.1 39.3 1.0174 0.00 0.0M
70500.000 1969 COM2 65 0R0 051 0.5 20.1 39.0 1.0174 0.00 0.0M
70560.000 1969 COM2 65 0R0 285 3.0 20.1 38.9 1.0174 0.00 0.0M
70620.000 1969 COM2 65 0R0 056 0.6 20.0 39.2 1.0174 0.00 0.0M
70680.000 1969 COM2 65 0R0 328 0.6 20.0 38.5 1.0174 0.00 0.0M
70740.000 1969 COM2 65 0R0 278 3.5 20.0 38.0 1.0174 0.00 0.0M
70800.000 1969 COM2 65 0R0 303 2.7 19.8 38.0 1.0174 0.00 0.0M
70860.000 1969 COM2 65 0R0 037 0.8 19.7 38.5 1.0174 0.00 0.0M
70920.000 1969 COM2 65 0R0 002 0.8 19.6 38.7 1.0174 0.00 0.0M
70980.000 1969 COM2 65 0R0 310 0.5 19.5 39.3 1.0174 0.00 0.0M
71040.000 1969 COM2 65 0R0 315 0.3 19.4 39.4 1.0173 0.00 0.0M
71100.000 1969 COM2 65 0R0 316 0.3 19.4 39.6 1.0173 0.00 0.0M
71160.100 1969 COM2 65 0R0 019 0.4 19.5 39.6 1.0173 0.00 0.0M
71220.000 1969 COM2 65 0R0 350 1.3 19.6 39.9 1.0173 0.00 0.0M
71280.000 1969 COM2 65 0R0 346 1.6 19.5 40.4 1.0173 0.00 0.0M
71340.000 1969 COM2 65 0R0 344 0.7 19.4 40.1 1.0173 0.00 0.0M
71400.000 1969 COM2 65 0R0 348 2.2 19.3 40.2 1.0173 0.00 0.0M
71460.000 1969 COM2 65 0R0 042 0.9 19.3 40.7 1.0173 0.00 0.0M
71520.000 1969 COM2 65 0R0 045 2.5 19.3 40.5 1.0173 0.00 0.0M
71580.000 1969 COM2 65 0R0 330 0.4 19.2 40.9 1.0173 0.00 0.0M
71640.000 1969 COM2 65 0R0 358 1.6 19.3 39.7 1.0173 0.00 0.0M
71700.000 1969 COM2 65 0R0 359 1.1 19.2 39.9 1.0173 0.00 0.0M
71760.000 1969 COM2 65 0R0 043 1.0 19.2 40.1 1.0173 0.00 0.0M
71820.000 1969 COM2 65 0R0 109 0.2 19.2 40.3 1.0173 0.00 0.0M
71880.000 1969 COM2 65 0R0 089 1.3 19.4 40.3 1.0173 0.00 0.0M
71940.000 1969 COM2 65 0R0 320 0.6 19.6 40.1 1.0173 0.00 0.0M
72000.000 1969 COM2 65 0R0 069 0.7 19.7 38.6 1.0173 0.00 0.0M
72060.000 1969 COM2 65 0R0 047 1.8 19.6 39.0 1.0173 0.00 0.0M
72120.000 1969 COM2 65 0R0 022 3.1 19.5 38.7 1.0172 0.00 0.0M
72180.000 1969 COM2 65 0R0 324 1.0 19.3 38.4 1.0172 0.00 0.0M
72240.000 1969 COM2 65 0R0 065 0.8 19.2 39.0 1.0172 0.00 0.0M
72300.000 1969 COM2 65 0R0 032 1.4 19.2 39.6 1.0172 0.00 0.0M
72360.000 1969 COM2 65 0R0 078 0.6 19.3 39.9 1.0172 0.00 0.0M
72420.000 1969 COM2 65 0R0 059 1.2 19.4 39.6 1.0172 0.00 0.0M
72480.000 1969 COM2 65 0R0 310 0.4 19.6 39.4 1.0172 0.00 0.0M
72540.000 1969 COM2 65 0R0 039 1.5 19.7 39.0 1.0172 0.00 0.0M
72600.000 1969 COM2 65 0R0 015 0.3 19.8 39.0 1.0171 0.00 0.0M
72660.000 1969 COM2 65 0R0 120 0.6 19.9 39.0 1.0171 0.00 0.0M
72720.000 1969 COM2 65 0R0 237 0.2 20.0 38.8 1.0171 0.00 0.0M
72780.000 1969 COM2 65 0R0 125 0.2 20.2 38.6 1.0171 0.00 0.0M
72840.000 1969 COM2 65 0R0 293 2.0 20.3 37.8 1.0171 0.00 0.0M
72900.000 1969 COM2 65 0R0 010 0.8 20.2 37.4 1.0172 0.00 0.0M
72960.000 1969 COM2 65 0R0 280 0.4 20.1 37.7 1.0172 0.00 0.0M
73020.000 1969 COM2 65 0R0 013 0.6 20.0 37.4 1.0172 0.00 0.0M
73080.000 1969 COM2 65 0R0 274 2.0 20.0 37.4 1.0172 0.00 0.0M
73140.000 1969 COM2 65 0R0 251 3.0 20.0 37.3 1.0172 0.00 0.0M
73200.000 1969 COM2 65 0R0 305 1.6 20.0 37.5 1.0172 0.00 0.0M
73260.000 1969 COM2 65 0R0 242 0.5 20.0 37.7 1.0172 0.00 0.0M
73320.000 1969 COM2 65 0R0 263 2.1 20.0 37.4 1.0172 0.00 0.0M
73380.000 1969 COM2 65 0R0 279 1.1 20.0 37.4 1.0172 0.00 0.0M
73440.000 1969 COM2 65 0R0 270 2.4 20.0 37.3 1.0172 0.00 0.0M
73500.000 1969 COM2 65 0R0 264 0.9 19.8 38.0 1.0172 0.00 0.0M
73560.000 1969 COM2 65 0R0 261 2.6 19.7 37.9 1.0171 0.00 0.0M
73620.000 1969 COM2 65 0R0 287 1.6 19.5 38.6 1.0171 0.00 0.0M
73680.000 1969 COM2 65 0R0 221 1.0 19.6 39.1 1.0171 0.00 0.0M
73740.000 1969 COM2 65 0R0 289 0.6 19.6 38.9 1.0171 0.00 0.0M
73800.000 1969 COM2 65 0R0 249 1.2 19.6 39.2 1.0171 0.00 0.0M
73860.000 1969 COM2 65 0R0 223 0.8 19.6 38.4 1.0171 0.00 0.0M
73920.000 1969 COM2 65 0R0 293 2.1 19.6 37.5 1.0171 0.00 0.0M
73980.000 1969 COM2 65 0R0 282 1.7 19.6 37.9 1.0171 0.00 0.0M
74040.000 1969 COM2 65 0R0 280 0.6 19.7 38.4 1.0171 0.00 0.0M
74100.000 1969 COM2 65 0R0 217 1.3 19.8 38.5 1.0170 0.00 0.0M
74160.000 1969 COM2 65 0R0 234 3.4 19.8 38.2 1.0170 0.00 0.0M
74220.000 1969 COM2 65 0R0 209 1.9 19.9 38.4 1.0170 0.00 0.0M
74280.000 1969 COM2 65 0R0 255 0.8 19.8 38.3 1.0171 0.00 0.0M
74340.000 1969 COM2 65 0R0 285 2.0 19.8 38.2 1.0171 0.00 0.0M
74400.000 1969 COM2 65 0R0 313 0.5 19.8 38.5 1.0171 0.00 0.0M
74460.000 1969 COM2 65 0R0 083 0.4 19.8 38.6 1.0170 0.00 0.0M
74520.000 1969 COM2 65 0R0 109 0.2 19.8 38.5 1.0170 0.00 0.0M
74580.000 1969 COM2 65 0R0 267 1.0 19.9 38.6 1.0170 0.00 0.0M
74640.000 1969 COM2 65 0R0 225 2.0 20.0 38.4 1.0170 0.00 0.0M
74700.000 1969 COM2 65 0R0 278 2.2 20.0 38.4 1.0169 0.00 0.0M
74760.100 1969 COM2 65 0R0 246 1.9 20.0 38.3 1.0170 0.00 0.0M
74820.000 1969 COM2 65 0R0 260 2.7 20.0 38.4 1.0170 0.00 0.0M
74880.000 1969 COM2 65 0R0 216 1.5 19.9 38.6 1.0170 0.00 0.0M
74940.000 1969 COM2 65 0R0 177 0.6 19.9 38.7 1.0170 0.00 0.0M
75000.000 1969 COM2 65 0R0 243 2.2 19.9 38.7 1.0170 0.00 0.0M
75060.000 1969 COM2 65 0R0 274 1.4 20.0 38.4 1.0170 0.00 0.0M
75120.000 1969 COM2 65 0R0 235 1.1 20.0 38.6 1.0170 0.00 0.0M
75180.000 1969 COM2 65 0R0 103 0.2 19.9 39.0 1.0169 0.00 0.0M
75240.000 1969 COM2 65 0R0 171 0.9 20.0 38.6 1.0169 0.00 0.0M
75300.000 1969 COM2 65 0R0 256 1.2 20.1 38.5 1.0169 0.00 0.0M
75360.000 1969 COM2 65 0R0 277 0.8 20.1 38.4 1.0169 0.00 0.0M
75420.000 1969 COM2 65 0R0 269 1.1 20.2 38.0 1.0169 0.00 0.0M
75480.000 1969 COM2 65 0R0 290 2.1 20.1 38.1 1.0169 0.00 0.0M
75540.000 1969 COM2 65 0R0 266 2.1 20.1 38.0 1.0169 0.00 0.0M
75600.000 1969 COM2 65 0R0 249 0.9 20.1 37.7 1.0169 0.00 0.0M
75660.000 1969 COM2 65 0R0 276 2.5 20.0 38.2 1.0169 0.00 0.0M
75720.000 1969 COM2 65 0R0 268 1.8 19.9 38.3 1.0169 0.00 0.0M
75780.000 1969 COM2 65 0R0 290 1.0 19.8 38.7 1.0169 0.00 0.0M
75840.000 1969 COM2 65 0R0 258 1.1 19.7 38.9 1.0169 0.00 0.0M
75900.000 1969 COM2 65 0R0 267 1.9 19.7 39.1 1.0169 0.00 0.0M
75960.000 1969 COM2 65 0R0 243 0.5 19.7 39.3 1.0169 0.00 0.0M
76020.000 1969 COM2 65 0R0 339 0.3 19.7 39.4 1.0169 0.00 0.0M
76080.000 1969 COM2 65 0R0 013 0.2 19.7 39.6 1.0169 0.00 0.0M
76140.000 1969 COM2 65 0R0 025 0.2 19.8 39.7 1.0169 0.00 0.0M
76200.000 1969 COM2 65 0R0 285 2.0 19.9 39.2 1.0169 0.00 0.0M
76260.000 1969 COM2 65 0R0 317 0.5 20.0 38.7 1.0169 0.00 0.0M
76320.000 1969 COM2 65 0R0 268 1.2 20.0 39.2 1.0169 0.00 0.0M
76380.000 1969 COM2 65 0R0 266 1.2 20.0 38.7 1.0169 0.00 0.0M
76440.000 1969 COM2 65 0R0 257 0.7 20.1 39.1 1.0169 0.00 0.0M
76500.000 1969 COM2 65 0R0 199 1.3 20.1 39.3 1.0169 0.00 0.0M
76560.000 1969 COM2 65 0R0 196 1.7 20.2 38.7 1.0169 0.00 0.0M
76620.000 1969 COM2 65 0R0 202 0.8 20.1 39.2 1.0169 0.00 0.0M
76680.100 1969 COM2 65 0R0 243 1.2 20.1 39.7 1.0169 0.00 0.0M
76740.000 1969 COM2 65 0R0 255 1.1 20.1 39.3 1.0169 0.00 0.0M
76800.000 1969 COM2 65 0R0 296 1.8 20.1 39.6 1.0169 0.00 0.0M
76860.000 1969 COM2 65 0R0 269 1.6 20.1 39.6 1.0169 0.00 0.0M
76920.000 1969 COM2 65 0R0 277 2.8 20.0 39.8 1.0168 0.00 0.0M
76980.000 1969 COM2 65 0R0 252 2.5 19.9 39.8 1.0168 0.00 0.0M
77040.000 1969 COM2 65 0R0 271 2.6 19.8 40.2 1.0169 0.00 0.0M
77100.000 1969 COM2 65 0R0 273 1.6 19.7 40.3 1.0169 0.00 0.0M
77160.000 1969 COM2 65 0R0 216 0.9 19.6 40.4 1.0169 0.00 0.0M
77220.000 1969 COM2 65 0R0 194 0.4 19.7 40.4 1.0169 0.00 0.0M
77280.000 1969 COM2 65 0R0 237 0.3 19.8 40.4 1.0169 0.00 0.0M
77340.000 1969 COM2 65 0R0 279 2.9 19.9 39.3 1.0169 0.00 0.0M
77400.000 1969 COM2 65 0R0 277 2.7 19.9 39.0 1.0169 0.00 0.0M
77460.000 1969 COM2 65 0R0 226 0.5 19.8 39.5 1.0169 0.00 0.0M
77520.000 1969 COM2 65 0R0 302 0.8 19.7 39.4 1.0169 0.00 0.0M
77580.000 1969 COM2 65 0R0 280 2.5 19.6 39.1 1.0169 0.00 0.0M
77640.000 1969 COM2 65 0R0 292 3.2 19.6 39.4 1.0169 0.00 0.0M
77700.000 1969 COM2 65 0R0 300 3.2 19.5 39.5 1.0169 0.00 0.0M
77760.000 1969 COM2 65 0R0 268 1.6 19.4 39.5 1.0169 0.00 0.0M
77820.000 1969 COM2 65 0R0 218 0.7 19.3 40.4 1.0168 0.00 0.0M
77880.000 1969 COM2 65 0R0 347 1.3 19.3 40.5 1.0168 0.00 0.0M
77940.000 1969 COM2 65 0R0 341 0.6 19.3 39.0 1.0168 0.00 0.0M
78000.000 1969 COM2 65 0R0 053 0.7 19.3 39.6 1.0168 0.00 0.0M
78060.000 1969 COM2 65 0R0 341 1.3 19.2 39.7 1.0168 0.00 0.0M
78120.000 1969 COM2 65 0R0 355 1.1 19.2 40.1 1.0168 0.00 0.0M
78180.000 1969 COM2 65 0R0 315 1.0 19.3 40.2 1.0168 0.00 0.0M
78240.000 1969 COM2 65 0R0 092 0.4 19.3 40.2 1.0168 0.00 0.0M
78300.000 1969 COM2 65 0R0 345 2.3 19.4 40.0 1.0169 0.00 0.0M
78360.000 1969 COM2 65 0R0 308 1.4 19.5 39.7 1.0169 0.00 0.0M
78420.000 1969 COM2 65 0R0 342 1.6 19.4 39.9 1.0169 0.00 0.0M
78480.000 1969 COM2 65 0R0 299 1.9 19.3 39.8 1.0169 0.00 0.0M
78540.100 1969 COM2 65 0R0 298 0.7 19.3 40.2 1.0169 0.00 0.0M
78600.000 1969 COM2 65 0R0 059 0.7 19.3 40.1 1.0169 0.00 0.0M
78660.000 1969 COM2 65 0R0 349 0.9 19.3 40.3 1.0169 0.00 0.0M
78720.000 1969 COM2 65 0R0 336 0.6 19.3 40.3 1.0169 0.00 0.0M
78780.000 1969 COM2 65 0R0 001 0.2 19.3 40.4 1.0169 0.00 0.0M
78840.000 1969 COM2 65 0R0 292 0.6 19.3 40.8 1.0169 0.00 0.0M
78900.000 1969 COM2 65 0R0 272 1.6 19.3 40.6 1.0169 0.00 0.0M
78960.000 1969 COM2 65 0R0 217 0.5 19.4 40.3 1.0169 0.00 0.0M
79020.000 1969 COM2 65 0R0 292 0.6 19.4 40.3 1.0169 0.00 0.0M
79080.000 1969 COM2 65 0R0 259 0.4 19.4 40.4 1.0169 0.00 0.0M
79140.000 1969 COM2 65 0R0 223 0.6 19.5 40.1 1.0169 0.00 0.0M
79200.000 1969 COM2 65 0R0 266 0.8 19.5 40.0 1.0169 0.00 0.0M
79260.000 1969 COM2 65 0R0 264 0.7 19.5 39.9 1.0169 0.00 0.0M
79320.000 1969 COM2 65 0R0 251 0.8 19.6 39.7 1.0169 0.00 0.0M
79380.000 1969 COM2 65 0R0 296 1.7 19.6 40.1 1.0169 0.00 0.0M
79440.000 1969 COM2 65 0R0 295 1.9 19.5 39.2 1.0169 0.00 0.0M
79500.000 1969 COM2 65 0R0 158 0.4 19.4 40.0 1.0169 0.00 0.0M
79560.000 1969 COM2 65 0R0 262 1.1 19.4 40.5 1.0169 0.00 0.0M
79620.000 1969 COM2 65 0R0 244 1.1 19.3 40.3 1.0169 0.00 0.0M
79680.000 1969 COM2 65 0R0 242 1.2 19.4 40.4 1.0169 0.00 0.0M
79740.000 1969 COM2 65 0R0 274 1.5 19.4 40.5 1.0169 0.00 0.0M
79800.000 1969 COM2 65 0R0 255 0.7 19.3 40.4 1.0169 0.00 0.0M
79860.000 1969 COM2 65 0R0 226 1.6 19.3 40.3 1.0169 0.00 0.0M
79920.000 1969 COM2 65 0R0 287 0.8 19.3 40.5 1.0169 0.00 0.0M
79980.000 1969 COM2 65 0R0 261 1.6 19.3 40.8 1.0169 0.00 0.0M
80040.000 1969 COM2 65 0R0 148 1.2 19.2 41.2 1.0169 0.00 0.0M
80100.000 1969 COM2 65 0R0 227 0.4 19.2 41.2 1.0169 0.00 0.0M
80160.000 1969 COM2 65 0R0 208 0.4 19.2 42.0 1.0169 0.00 0.0M
80220.000 1969 COM2 65 0R0 244 1.0 19.2 41.5 1.0169 0.00 0.0M
80280.000 1969 COM2 65 0R0 278 1.4 19.3 41.2 1.0169 0.00 0.0M
80340.000 1969 COM2 65 0R0 268 1.3 19.3 41.4 1.0169 0.00 0.0M
80400.000 1969 COM2 65 0R0 192 0.3 19.2 41.4 1.0169 0.00 0.0M
80460.000 1969 COM2 65 0R0 239 0.3 19.2 41.4 1.0169 0.00 0.0M
80520.000 1969 COM2 65 0R0 142 0.5 19.2 41.6 1.0169 0.00 0.0M
80580.000 1969 COM2 65 0R0 301 1.1 19.2 41.5 1.0169 0.00 0.0M
80640.000 1969 COM2 65 0R0 213 0.5 19.1 41.7 1.0169 0.00 0.0M
80700.000 1969 COM2 65 0R0 295 0.8 19.1 41.4 1.0169 0.00 0.0M
80760.000 1969 COM2 65 0R0 291 1.1 19.1 40.8 1.0169 0.00 0.0M
80820.000 1969 COM2 65 0R0 277 1.3 19.0 41.5 1.0169 0.00 0.0M
80880.000 1969 COM2 65 0R0 235 0.4 19.0 41.5 1.0169 0.00 0.0M
80940.000 1969 COM2 65 0R0 051 0.3 19.0 42.2 1.0169 0.00 0.0M
81000.000 1969 COM2 65 0R0 283 1.6 19.0 41.3 1.0169 0.00 0.0M
81060.000 1969 COM2 65 0R0 347 0.3 18.9 41.7 1.0169 0.00 0.0M
81120.000 1969 COM2 65 0R0 250 0.3 18.9 42.0 1.0169 0.00 0.0M
81180.000 1969 COM2 65 0R0 305 0.3 18.9 42.8 1.0169 0.00 0.0M
81240.000 1969 COM2 65 0R0 269 1.1 18.9 42.2 1.0169 0.00 0.0M
81300.000 1969 COM2 65 0R0 300 0.3 18.9 42.5 1.0169 0.00 0.0M
81360.000 1969 COM2 65 0R0 235 0.2 18.8 43.1 1.0169 0.00 0.0M
81420.000 1969 COM2 65 0R0 286 0.4 18.8 43.2 1.0169 0.00 0.0M
81480.000 1969 COM2 65 0R0 279 0.6 18.8 43.2 1.0169 0.00 0.0M
81540.000 1969 COM2 65 0R0 273 0.5 18.8 43.3 1.0169 0.00 0.0M
81600.000 1969 COM2 65 0R0 249 0.5 18.8 43.1 1.0169 0.00 0.0M
81660.000 1969 COM2 65 0R0 277 0.6 18.7 43.0 1.0169 0.00 0.0M
81720.000 1969 COM2 65 0R0 267 1.5 18.7 43.1 1.0169 0.00 0.0M
81780.000 1969 COM2 65 0R0 175 0.2 18.6 43.7 1.0169 0.00 0.0M
81840.000 1969 COM2 65 0R0 263 0.8 18.6 43.8 1.0169 0.00 0.0M
81900.000 1969 COM2 65 0R0 268 1.3 18.5 43.8 1.0169 0.00 0.0M
81960.000 1969 COM2 65 0R0 219 0.2 18.5 44.3 1.0169 0.00 0.0M
82020.000 1969 COM2 65 0R0 247 0.5 18.4 44.3 1.0169 0.00 0.0M
82080.000 1969 COM2 65 0R0 277 0.4 18.4 44.7 1.0169 0.00 0.0M
82140.000 1969 COM2 65 0R0 305 0.6 18.3 44.5 1.0169 0.00 0.0M
82200.000 1969 COM2 65 0R0 327 0.2 18.3 45.0 1.0169 0.00 0.0M
82260.000 1969 COM2 65 0R0 270 1.4 18.3 44.8 1.0169 0.00 0.0M
82320.000 1969 COM2 65 0R0 259 0.6 18.2 45.5 1.0169 0.00 0.0M
82380.000 1969 COM2 65 0R0 320 0.4 18.2 44.6 1.0169 0.00 0.0M
82440.000 1969 COM2 65 0R0 280 1.0 18.1 45.6 1.0169 0.00 0.0M
82500.000 1969 COM2 65 0R0 226 0.3 18.1 45.2 1.0169 0.00 0.0M
82560.000 1969 COM2 65 0R0 276 1.0 18.0 45.2 1.0169 0.00 0.0M
82620.000 1969 COM2 65 0R0 275 1.3 18.0 45.8 1.0169 0.00 0.0M
82680.000 1969 COM2 65 0R0 273 0.5 17.9 45.7 1.0169 0.00 0.0M
82740.000 1969 COM2 65 0R0 274 1.5 17.9 45.7 1.0169 0.00 0.0M
82800.000 1969 COM2 65 0R0 295 0.8 17.8 46.2 1.0169 0.00 0.0M
82860.000 1969 COM2 65 0R0 278 1.1 17.8 46.0 1.0169 0.00 0.0M
82920.000 1969 COM2 65 0R0 274 1.5 17.7 46.5 1.0169 0.00 0.0M
82980.000 1969 COM2 65 0R0 266 1.7 17.7 46.5 1.0169 0.00 0.0M
83040.000 1969 COM2 65 0R0 289 1.0 17.6 46.5 1.0169 0.00 0.0M
83100.000 1969 COM2 65 0R0 271 0.9 17.6 47.4 1.0169 0.00 0.0M
83160.000 1969 COM2 65 0R0 266 0.7 17.5 47.2 1.0169 0.00 0.0M
83220.000 1969 COM2 65 0R0 290 1.9 17.5 46.8 1.0170 0.00 0.0M
83280.000 1969 COM2 65 0R0 266 0.5 17.5 47.6 1.0170 0.00 0.0M
83340.000 1969 COM2 65 0R0 276 1.3 17.5 47.4 1.0170 0.00 0.0M
83400.000 1969 COM2 65 0R0 277 1.2 17.4 47.6 1.0169 0.00 0.0M
83460.000 1969 COM2 65 0R0 282 0.6 17.4 47.6 1.0169 0.00 0.0M
83520.000 1969 COM2 65 0R0 292 0.6 17.4 47.7 1.0169 0.00 0.0M
83580.000 1969 COM2 65 0R0 352 0.3 17.4 48.0 1.0169 0.00 0.0M
83640.000 1969 COM2 65 0R0 327 0.6 17.3 47.9 1.0169 0.00 0.0M
83700.000 1969 COM2 65 0R0 301 1.5 17.3 48.0 1.0169 0.00 0.0M
83760.100 1969 COM2 65 0R0 272 1.2 17.3 47.8 1.0169 0.00 0.0M
83820.000 1969 COM2 65 0R0 290 1.1 17.3 47.8 1.0169 0.00 0.0M
83880.000 1969 COM2 65 0R0 300 1.7 17.2 48.2 1.0169 0.00 0.0M
83940.000 1969 COM2 65 0R0 316 1.1 17.2 48.2 1.0169 0.00 0.0M
84000.000 1969 COM2 65 0R0 292 0.9 17.1 48.6 1.0169 0.00 0.0M
84060.000 1969 COM2 65 0R0 305 1.7 17.1 48.6 1.0169 0.00 0.0M
84120.000 1969 COM2 65 0R0 290 1.7 17.1 48.0 1.0169 0.00 0.0M
84180.000 1969 COM2 65 0R0 293 1.2 17.0 47.9 1.0169 0.00 0.0M
84240.000 1969 COM2 65 0R0 283 1.0 17.0 47.4 1.0169 0.00 0.0M
84300.000 1969 COM2 65 0R0 284 1.7 17.0 47.5 1.0169 0.00 0.0M
84360.000 1969 COM2 65 0R0 268 0.7 17.0 47.6 1.0169 0.00 0.0M
84420.000 1969 COM2 65 0R0 285 1.2 17.0 48.6 1.0169 0.00 0.0M
84480.000 1969 COM2 65 0R0 284 1.5 17.0 48.4 1.0170 0.00 0.0M
84540.000 1969 COM2 65 0R0 209 0.4 17.0 47.5 1.0169 0.00 0.0M
84600.000 1969 COM2 65 0R0 301 0.5 16.9 48.6 1.0170 0.00 0.0M
84660.000 1969 COM2 65 0R0 283 1.4 16.9 48.0 1.0170 0.00 0.0M
84720.000 1969 COM2 65 0R0 279 1.5 16.9 48.6 1.0170 0.00 0.0M
84780.000 1969 COM2 65 0R0 271 0.8 16.9 47.9 1.0170 0.00 0.0M
84840.000 1969 COM2 65 0R0 263 1.2 16.9 47.6 1.0170 0.00 0.0M
84900.000 1969 COM2 65 0R0 279 1.3 16.9 48.4 1.0170 0.00 0.0M
84960.000 1969 COM2 65 0R0 302 0.7 16.8 47.7 1.0170 0.00 0.0M
85020.100 1969 COM2 65 0R0 280 0.5 16.8 48.1 1.0170 0.00 0.0M
85080.000 1969 COM2 65 0R0 272 0.9 16.8 48.3 1.0170 0.00 0.0M
85140.000 1969 COM2 65 0R0 281 1.5 16.8 48.1 1.0170 0.00 0.0M
85200.000 1969 COM2 65 0R0 248 0.9 16.8 48.4 1.0170 0.00 0.0M
85260.000 1969 COM2 65 0R0 272 1.3 16.7 48.3 1.0170 0.00 0.0M
85320.000 1969 COM2 65 0R0 287 1.5 16.7 48.1 1.0170 0.00 0.0M
85380.000 1969 COM2 65 0R0 270 1.7 16.7 48.7 1.0170 0.00 0.0M
85440.000 1969 COM2 65 0R0 272 0.6 16.7 48.4 1.0171 0.00 0.0M
85500.000 1969 COM2 65 0R0 266 1.1 16.7 49.0 1.0171 0.00 0.0M
85560.000 1969 COM2 65 0R0 270 1.2 16.7 49.2 1.0171 0.00 0.0M
85620.000 1969 COM2 65 0R0 267 0.7 16.6 48.9 1.0171 0.00 0.0M
85680.000 1969 COM2 65 0R0 276 1.6 16.6 48.9 1.0171 0.00 0.0M
85740.000 1969 COM2 65 0R0 279 1.2 16.6 48.8 1.0171 0.00 0.0M
85800.000 1969 COM2 65 0R0 281 1.5 16.6 49.0 1.0171 0.00 0.0M
85860.000 1969 COM2 65 0R0 283 1.7 16.6 48.2 1.0171 0.00 0.0M
85920.000 1969 COM2 65 0R0 268 1.6 16.6 48.4 1.0171 0.00 0.0M
85980.000 1969 COM2 65 0R0 318 0.7 16.6 47.9 1.0171 0.00 0.0M
86040.000 1969 COM2 65 0R0 297 1.0 16.6 47.3 1.0171 0.00 0.0M
86100.000 1969 COM2 65 0R0 273 1.8 16.6 47.9 1.0171 0.00 0.0M
86160.000 1969 COM2 65 0R0 274 1.8 16.6 47.3 1.0171 0.00 0.0M
86220.000 1969 COM2 65 0R0 284 1.8 16.6 46.9 1.0171 0.00 0.0M
86280.000 1969 COM2 65 0R0 272 1.0 16.6 48.6 1.0171 0.00 0.0M
86340.000 1969 COM2 65 0R0 280 1.2 16.6 46.7 1.0171 0.00 0.0M
