TO [s] WNc [w] C StringLn ASCIIString
---------------------------------------
0.000 1976 COM2 64 0R0 165 4.1 8.4 81.4 0.9933 0.00 0.0M
60.000 1976 COM2 64 0R0 139 1.7 8.4 81.5 0.9932 0.00 0.0M
120.000 1976 COM2 64 0R0 169 2.6 8.4 82.3 0.9932 0.00 0.0M
180.000 1976 COM2 64 0R0 166 2.4 8.4 82.1 0.9932 0.00 0.0M
240.000 1976 COM2 64 0R0 182 2.8 8.4 82.1 0.9932 0.00 0.0M
300.000 1976 COM2 64 0R0 166 3.5 8.4 81.9 0.9932 0.00 0.0M
360.000 1976 COM2 64 0R0 164 3.3 8.4 81.6 0.9931 0.00 0.0M
420.000 1976 COM2 64 0R0 178 2.4 8.4 82.0 0.9930 0.00 0.0M
480.000 1976 COM2 64 0R0 140 1.7 8.4 81.5 0.9930 0.00 0.0M
540.000 1976 COM2 64 0R0 165 0.7 8.4 82.2 0.9929 0.00 0.0M
600.000 1976 COM2 64 0R0 139 1.0 8.4 82.3 0.9929 0.00 0.0M
660.000 1976 COM2 64 0R0 203 2.0 8.5 81.7 0.9929 0.00 0.0M
720.000 1976 COM2 64 0R0 152 2.5 8.5 81.6 0.9929 0.01 0.0M
780.000 1976 COM2 64 0R0 155 2.6 8.5 81.8 0.9928 0.08 0.0M
840.000 1976 COM2 64 0R0 169 1.8 8.5 81.5 0.9928 0.00 0.0M
900.000 1976 COM2 64 0R0 179 2.6 8.5 81.9 0.9928 0.00 0.0M
960.000 1976 COM2 64 0R0 118 1.0 8.5 81.4 0.9928 0.01 0.0M
1020.200 1976 COM2 64 0R0 155 1.9 8.5 81.3 0.9927 0.10 0.0M
1080.000 1976 COM2 64 0R0 176 2.7 8.5 82.0 0.9927 0.03 0.0M
1140.000 1976 COM2 64 0R0 202 2.4 8.5 81.5 0.9927 0.01 0.0M
1200.000 1976 COM2 64 0R0 169 2.4 8.5 81.5 0.9927 0.04 0.0M
1260.000 1976 COM2 64 0R0 148 1.1 8.5 82.0 0.9927 0.00 0.0M
1320.000 1976 COM2 64 0R0 194 2.1 8.5 81.8 0.9927 0.01 0.0M
1380.000 1976 COM2 64 0R0 183 3.1 8.5 82.3 0.9927 0.01 0.0M
1440.000 1976 COM2 64 0R0 192 2.1 8.5 81.2 0.9927 0.00 0.0M
1500.000 1976 COM2 64 0R0 172 2.1 8.5 81.6 0.9927 0.00 0.0M
1560.000 1976 COM2 64 0R0 176 1.9 8.5 82.0 0.9928 0.00 0.0M
1620.000 1976 COM2 64 0R0 164 2.3 8.5 82.2 0.9927 0.00 0.0M
1680.000 1976 COM2 64 0R0 122 0.7 8.6 82.4 0.9927 0.00 0.0M
1740.000 1976 COM2 64 0R0 167 2.4 8.6 82.5 0.9926 0.00 0.0M
1800.000 1976 COM2 64 0R0 149 1.7 8.6 82.4 0.9925 0.00 0.0M
1860.000 1976 COM2 64 0R0 123 0.9 8.6 82.1 0.9925 0.00 0.0M
1920.000 1976 COM2 64 0R0 157 2.3 8.6 81.9 0.9925 0.00 0.0M
1980.000 1976 COM2 64 0R0 168 0.6 8.6 81.6 0.9925 0.00 0.0M
2040.000 1976 COM2 64 0R0 143 2.0 8.6 82.0 0.9926 0.00 0.0M
2100.000 1976 COM2 64 0R0 191 2.3 8.6 81.9 0.9926 0.00 0.0M
2160.000 1976 COM2 64 0R0 166 2.5 8.5 82.0 0.9926 0.00 0.0M
2220.000 1976 COM2 64 0R0 197 2.3 8.5 82.0 0.9926 0.00 0.0M
2280.000 1976 COM2 64 0R0 195 2.5 8.5 82.0 0.9926 0.00 0.0M
2340.000 1976 COM2 64 0R0 173 2.7 8.5 81.6 0.9927 0.00 0.0M
2400.000 1976 COM2 64 0R0 178 2.4 8.4 81.9 0.9927 0.00 0.0M
2460.000 1976 COM2 64 0R0 153 1.8 8.4 82.7 0.9926 0.01 0.0M
2520.000 1976 COM2 64 0R0 119 1.1 8.5 83.3 0.9925 0.01 0.0M
2580.000 1976 COM2 64 0R0 109 0.9 8.5 83.0 0.9925 0.01 0.0M
2640.000 1976 COM2 64 0R0 101 0.7 8.6 83.2 0.9924 0.00 0.0M
2700.000 1976 COM2 64 0R0 117 1.3 8.6 82.8 0.9923 0.00 0.0M
2760.000 1976 COM2 64 0R0 120 0.9 8.6 82.2 0.9923 0.00 0.0M
2820.000 1976 COM2 64 0R0 136 2.2 8.6 82.1 0.9923 0.00 0.0M
2880.000 1976 COM2 64 0R0 151 0.6 8.6 82.1 0.9923 0.00 0.0M
2940.000 1976 COM2 64 0R0 204 0.7 8.6 82.1 0.9923 0.00 0.0M
3000.000 1976 COM2 64 0R0 113 1.9 8.6 82.3 0.9923 0.00 0.0M
3060.000 1976 COM2 64 0R0 139 2.3 8.6 82.4 0.9923 0.00 0.0M
3120.000 1976 COM2 64 0R0 143 0.9 8.6 82.6 0.9923 0.00 0.0M
3180.000 1976 COM2 64 0R0 135 2.3 8.6 82.5 0.9922 0.00 0.0M
3240.000 1976 COM2 64 0R0 119 1.7 8.5 82.6 0.9921 0.00 0.0M
3300.000 1976 COM2 64 0R0 126 1.5 8.5 82.7 0.9921 0.00 0.0M
3360.000 1976 COM2 64 0R0 138 1.9 8.5 83.0 0.9921 0.00 0.0M
3420.000 1976 COM2 64 0R0 147 2.9 8.5 82.7 0.9921 0.00 0.0M
3480.000 1976 COM2 64 0R0 142 2.5 8.5 82.3 0.9921 0.00 0.0M
3540.000 1976 COM2 64 0R0 133 1.8 8.5 82.7 0.9920 0.00 0.0M
3600.000 1976 COM2 64 0R0 122 0.8 8.5 83.0 0.9919 0.00 0.0M
3660.000 1976 COM2 64 0R0 139 0.7 8.5 83.2 0.9918 0.00 0.0M
3720.000 1976 COM2 64 0R0 117 2.3 8.5 82.9 0.9918 0.00 0.0M
3780.000 1976 COM2 64 0R0 132 1.9 8.5 82.8 0.9918 0.00 0.0M
3840.000 1976 COM2 64 0R0 128 1.5 8.5 83.0 0.9918 0.00 0.0M
3900.000 1976 COM2 64 0R0 121 1.6 8.6 83.1 0.9919 0.00 0.0M
3960.000 1976 COM2 64 0R0 131 1.0 8.5 83.0 0.9919 0.00 0.0M
4020.000 1976 COM2 64 0R0 100 1.1 8.5 83.1 0.9918 0.00 0.0M
4080.000 1976 COM2 64 0R0 114 1.8 8.6 83.1 0.9918 0.00 0.0M
4140.000 1976 COM2 64 0R0 136 1.8 8.6 83.1 0.9918 0.00 0.0M
4200.000 1976 COM2 64 0R0 134 2.0 8.5 83.5 0.9917 0.00 0.0M
4260.000 1976 COM2 64 0R0 146 2.5 8.6 83.0 0.9917 0.00 0.0M
4320.000 1976 COM2 64 0R0 134 1.6 8.5 83.0 0.9917 0.00 0.0M
4380.000 1976 COM2 64 0R0 101 0.8 8.5 83.0 0.9917 0.00 0.0M
4440.000 1976 COM2 64 0R0 117 2.3 8.5 83.4 0.9916 0.00 0.0M
4500.000 1976 COM2 64 0R0 080 2.0 8.5 83.3 0.9915 0.00 0.0M
4560.000 1976 COM2 64 0R0 128 2.4 8.5 83.3 0.9915 0.00 0.0M
4620.000 1976 COM2 64 0R0 118 3.2 8.5 83.0 0.9915 0.00 0.0M
4680.000 1976 COM2 64 0R0 129 1.9 8.5 83.1 0.9914 0.00 0.0M
4740.000 1976 COM2 64 0R0 119 2.6 8.5 82.9 0.9913 0.00 0.0M
4800.000 1976 COM2 64 0R0 133 1.8 8.5 82.9 0.9912 0.00 0.0M
4860.000 1976 COM2 64 0R0 131 3.5 8.5 83.0 0.9912 0.00 0.0M
4920.000 1976 COM2 64 0R0 123 3.3 8.5 82.8 0.9913 0.00 0.0M
4980.000 1976 COM2 64 0R0 110 2.1 8.5 83.1 0.9913 0.00 0.0M
5040.000 1976 COM2 64 0R0 120 0.9 8.5 83.6 0.9914 0.00 0.0M
5100.000 1976 COM2 64 0R0 107 0.8 8.5 83.7 0.9914 0.00 0.0M
5160.000 1976 COM2 64 0R0 140 1.4 8.5 84.0 0.9914 0.00 0.0M
5220.000 1976 COM2 64 0R0 124 0.8 8.5 83.8 0.9914 0.00 0.0M
5280.000 1976 COM2 64 0R0 113 1.7 8.5 83.8 0.9913 0.00 0.0M
5340.000 1976 COM2 64 0R0 112 2.3 8.5 83.5 0.9913 0.00 0.0M
5400.000 1976 COM2 64 0R0 113 2.3 8.5 83.3 0.9912 0.00 0.0M
5460.000 1976 COM2 64 0R0 126 2.9 8.5 83.0 0.9912 0.00 0.0M
5520.000 1976 COM2 64 0R0 127 1.9 8.5 82.8 0.9911 0.00 0.0M
5580.100 1976 COM2 64 0R0 124 2.9 8.5 82.5 0.9911 0.00 0.0M
5640.000 1976 COM2 64 0R0 134 3.5 8.5 82.7 0.9911 0.00 0.0M
5700.000 1976 COM2 64 0R0 126 2.8 8.5 82.7 0.9911 0.00 0.0M
5760.000 1976 COM2 64 0R0 121 2.4 8.6 82.3 0.9910 0.00 0.0M
5820.000 1976 COM2 64 0R0 113 0.7 8.6 82.6 0.9910 0.00 0.0M
5880.000 1976 COM2 64 0R0 126 2.1 8.6 82.9 0.9911 0.00 0.0M
5940.000 1976 COM2 64 0R0 139 1.3 8.6 82.7 0.9911 0.01 0.0M
6000.000 1976 COM2 64 0R0 118 1.2 8.6 82.9 0.9910 0.00 0.0M
6060.000 1976 COM2 64 0R0 087 2.0 8.6 82.7 0.9909 0.00 0.0M
6120.000 1976 COM2 64 0R0 122 2.4 8.6 82.9 0.9909 0.00 0.0M
6180.000 1976 COM2 64 0R0 110 1.0 8.6 82.8 0.9909 0.00 0.0M
6240.000 1976 COM2 64 0R0 120 2.4 8.6 82.8 0.9908 0.00 0.0M
6300.000 1976 COM2 64 0R0 123 2.1 8.6 82.9 0.9908 0.00 0.0M
6360.000 1976 COM2 64 0R0 121 1.1 8.6 82.9 0.9908 0.00 0.0M
6420.000 1976 COM2 64 0R0 112 2.1 8.6 83.4 0.9908 0.00 0.0M
6480.000 1976 COM2 64 0R0 125 2.8 8.6 82.7 0.9908 0.00 0.0M
6540.000 1976 COM2 64 0R0 115 2.4 8.6 82.2 0.9907 0.00 0.0M
6600.000 1976 COM2 64 0R0 101 1.2 8.6 82.5 0.9907 0.00 0.0M
6660.000 1976 COM2 64 0R0 117 2.5 8.7 82.4 0.9907 0.00 0.0M
6720.000 1976 COM2 64 0R0 125 0.9 8.7 82.3 0.9907 0.00 0.0M
6780.000 1976 COM2 64 0R0 086 0.4 8.7 81.9 0.9907 0.00 0.0M
6840.000 1976 COM2 64 0R0 132 1.1 8.7 82.2 0.9907 0.00 0.0M
6900.000 1976 COM2 64 0R0 128 0.7 8.7 82.4 0.9906 0.00 0.0M
6960.000 1976 COM2 64 0R0 128 1.8 8.7 82.6 0.9906 0.00 0.0M
7020.000 1976 COM2 64 0R0 130 1.4 8.7 82.4 0.9906 0.00 0.0M
7080.000 1976 COM2 64 0R0 122 2.8 8.7 82.3 0.9906 0.00 0.0M
7140.000 1976 COM2 64 0R0 101 1.7 8.7 82.3 0.9906 0.00 0.0M
7200.000 1976 COM2 64 0R0 129 1.9 8.7 82.2 0.9906 0.00 0.0M
7260.000 1976 COM2 64 0R0 135 2.1 8.7 82.7 0.9906 0.00 0.0M
7320.000 1976 COM2 64 0R0 108 1.4 8.7 82.5 0.9906 0.00 0.0M
7380.000 1976 COM2 64 0R0 138 2.2 8.8 82.1 0.9905 0.00 0.0M
7440.000 1976 COM2 64 0R0 112 1.2 8.8 81.9 0.9905 0.00 0.0M
7500.000 1976 COM2 64 0R0 153 3.1 8.8 82.0 0.9905 0.00 0.0M
7560.000 1976 COM2 64 0R0 138 2.6 8.8 81.7 0.9905 0.00 0.0M
7620.000 1976 COM2 64 0R0 133 2.0 8.8 81.7 0.9905 0.00 0.0M
7680.000 1976 COM2 64 0R0 128 2.4 8.8 81.8 0.9904 0.00 0.0M
7740.000 1976 COM2 64 0R0 139 3.2 8.7 82.3 0.9904 0.00 0.0M
7800.000 1976 COM2 64 0R0 095 0.8 8.7 82.4 0.9904 0.00 0.0M
7860.000 1976 COM2 64 0R0 154 1.5 8.7 82.4 0.9904 0.00 0.0M
7920.000 1976 COM2 64 0R0 140 1.0 8.7 82.6 0.9903 0.00 0.0M
7980.000 1976 COM2 64 0R0 146 1.8 8.8 82.6 0.9903 0.00 0.0M
8040.000 1976 COM2 64 0R0 124 1.1 8.8 82.4 0.9903 0.00 0.0M
8100.000 1976 COM2 64 0R0 101 1.2 8.8 82.2 0.9903 0.00 0.0M
8160.000 1976 COM2 64 0R0 148 1.7 8.8 82.4 0.9903 0.00 0.0M
8220.000 1976 COM2 64 0R0 129 2.2 8.8 82.5 0.9903 0.00 0.0M
8280.000 1976 COM2 64 0R0 139 2.3 8.8 82.3 0.9902 0.00 0.0M
8340.000 1976 COM2 64 0R0 157 1.4 8.8 82.5 0.9902 0.00 0.0M
8400.000 1976 COM2 64 0R0 147 2.1 8.7 82.7 0.9902 0.00 0.0M
8460.000 1976 COM2 64 0R0 138 1.6 8.8 82.6 0.9901 0.00 0.0M
8520.000 1976 COM2 64 0R0 129 1.9 8.8 82.6 0.9901 0.00 0.0M
8580.000 1976 COM2 64 0R0 134 2.7 8.8 82.6 0.9900 0.00 0.0M
8640.000 1976 COM2 64 0R0 133 0.9 8.8 82.6 0.9900 0.00 0.0M
8700.000 1976 COM2 64 0R0 134 2.0 8.8 82.8 0.9900 0.00 0.0M
8760.000 1976 COM2 64 0R0 120 2.2 8.9 82.6 0.9900 0.00 0.0M
8820.000 1976 COM2 64 0R0 106 2.3 8.9 82.5 0.9900 0.00 0.0M
8880.000 1976 COM2 64 0R0 112 1.2 8.9 82.3 0.9900 0.00 0.0M
8940.000 1976 COM2 64 0R0 124 2.0 8.9 82.5 0.9900 0.00 0.0M
9000.000 1976 COM2 64 0R0 128 2.5 8.9 82.4 0.9899 0.00 0.0M
9060.000 1976 COM2 64 0R0 120 2.2 9.0 82.1 0.9899 0.00 0.0M
9120.000 1976 COM2 64 0R0 130 1.5 9.0 82.0 0.9899 0.00 0.0M
9180.000 1976 COM2 64 0R0 115 1.4 9.0 81.8 0.9898 0.00 0.0M
9240.000 1976 COM2 64 0R0 136 1.4 9.0 81.7 0.9898 0.00 0.0M
9300.000 1976 COM2 64 0R0 131 1.8 9.0 81.6 0.9897 0.00 0.0M
9360.000 1976 COM2 64 0R0 139 1.0 9.0 81.7 0.9897 0.00 0.0M
9420.000 1976 COM2 64 0R0 113 0.8 9.0 81.8 0.9897 0.00 0.0M
9480.000 1976 COM2 64 0R0 145 2.6 9.0 81.9 0.9897 0.00 0.0M
9540.000 1976 COM2 64 0R0 132 1.3 9.1 81.8 0.9897 0.00 0.0M
9600.000 1976 COM2 64 0R0 135 2.2 9.1 81.7 0.9897 0.00 0.0M
9660.000 1976 COM2 64 0R0 124 1.5 9.1 81.8 0.9897 0.00 0.0M
9720.000 1976 COM2 64 0R0 138 3.0 9.1 81.7 0.9896 0.00 0.0M
9780.000 1976 COM2 64 0R0 145 2.9 9.1 81.6 0.9896 0.00 0.0M
9840.000 1976 COM2 64 0R0 143 2.0 9.1 81.7 0.9896 0.00 0.0M
9900.000 1976 COM2 64 0R0 147 3.0 9.1 81.6 0.9895 0.00 0.0M
9960.000 1976 COM2 64 0R0 149 1.6 9.1 81.8 0.9895 0.00 0.0M
10020.000 1976 COM2 64 0R0 141 2.4 9.1 81.9 0.9895 0.00 0.0M
10080.000 1976 COM2 64 0R0 133 2.0 9.1 81.9 0.9894 0.00 0.0M
10140.000 1976 COM2 64 0R0 139 1.8 9.1 81.9 0.9894 0.00 0.0M
10200.000 1976 COM2 64 0R0 130 2.4 9.1 81.7 0.9893 0.00 0.0M
10260.000 1976 COM2 64 0R0 138 2.6 9.1 81.8 0.9893 0.00 0.0M
10320.000 1976 COM2 64 0R0 140 3.0 9.1 81.9 0.9893 0.00 0.0M
10380.000 1976 COM2 64 0R0 154 2.2 9.1 81.9 0.9892 0.00 0.0M
10440.000 1976 COM2 64 0R0 152 2.4 9.1 81.8 0.9892 0.00 0.0M
10500.000 1976 COM2 64 0R0 126 2.0 9.2 81.8 0.9892 0.00 0.0M
10560.000 1976 COM2 64 0R0 169 2.1 9.2 81.7 0.9892 0.00 0.0M
10620.000 1976 COM2 64 0R0 135 1.5 9.2 81.8 0.9892 0.00 0.0M
10680.000 1976 COM2 64 0R0 136 2.1 9.2 81.8 0.9891 0.00 0.0M
10740.000 1976 COM2 64 0R0 128 2.3 9.2 81.8 0.9890 0.00 0.0M
10800.000 1976 COM2 64 0R0 117 1.9 9.2 81.9 0.9889 0.00 0.0M
10860.000 1976 COM2 64 0R0 134 2.3 9.2 82.0 0.9889 0.00 0.0M
10920.000 1976 COM2 64 0R0 137 3.8 9.2 82.0 0.9888 0.00 0.0M
10980.000 1976 COM2 64 0R0 131 1.0 9.2 82.1 0.9888 0.00 0.0M
11040.000 1976 COM2 64 0R0 144 3.2 9.2 82.0 0.9887 0.00 0.0M
11100.000 1976 COM2 64 0R0 142 2.8 9.2 82.1 0.9887 0.00 0.0M
11160.000 1976 COM2 64 0R0 141 1.7 9.2 82.2 0.9887 0.00 0.0M
11220.000 1976 COM2 64 0R0 146 1.9 9.2 82.3 0.9887 0.00 0.0M
11280.000 1976 COM2 64 0R0 143 2.9 9.2 82.5 0.9887 0.00 0.0M
11340.000 1976 COM2 64 0R0 154 3.0 9.2 82.7 0.9887 0.00 0.0M
11400.000 1976 COM2 64 0R0 156 3.2 9.2 82.7 0.9887 0.00 0.0M
11460.000 1976 COM2 64 0R0 146 2.6 9.2 82.6 0.9886 0.00 0.0M
11520.000 1976 COM2 64 0R0 154 2.9 9.2 82.7 0.9886 0.00 0.0M
11580.000 1976 COM2 64 0R0 163 3.3 9.3 82.6 0.9886 0.00 0.0M
11640.000 1976 COM2 64 0R0 152 2.2 9.3 82.7 0.9885 0.00 0.0M
11700.000 1976 COM2 64 0R0 147 2.2 9.4 82.5 0.9885 0.00 0.0M
11760.000 1976 COM2 64 0R0 150 2.0 9.4 82.5 0.9884 0.00 0.0M
11820.000 1976 COM2 64 0R0 137 1.9 9.4 82.6 0.9884 0.00 0.0M
11880.000 1976 COM2 64 0R0 145 2.8 9.4 82.8 0.9884 0.00 0.0M
11940.000 1976 COM2 64 0R0 162 2.3 9.4 82.7 0.9884 0.00 0.0M
12000.000 1976 COM2 64 0R0 140 1.4 9.4 82.8 0.9884 0.00 0.0M
12060.000 1976 COM2 64 0R0 170 2.2 9.4 82.7 0.9883 0.00 0.0M
12120.000 1976 COM2 64 0R0 169 3.2 9.5 82.7 0.9883 0.00 0.0M
12180.000 1976 COM2 64 0R0 171 3.1 9.5 82.4 0.9883 0.00 0.0M
12240.000 1976 COM2 64 0R0 166 1.5 9.5 82.5 0.9882 0.00 0.0M
12300.000 1976 COM2 64 0R0 163 3.8 9.6 82.7 0.9882 0.00 0.0M
12360.000 1976 COM2 64 0R0 153 2.6 9.6 82.3 0.9881 0.00 0.0M
12420.000 1976 COM2 64 0R0 154 2.8 9.7 82.2 0.9881 0.00 0.0M
12480.000 1976 COM2 64 0R0 161 2.7 9.7 82.4 0.9881 0.00 0.0M
12540.100 1976 COM2 64 0R0 151 2.6 9.8 82.2 0.9880 0.00 0.0M
12600.100 1976 COM2 64 0R0 132 2.3 9.8 82.2 0.9880 0.00 0.0M
12660.100 1976 COM2 64 0R0 161 3.4 9.8 82.3 0.9878 0.00 0.0M
12720.100 1976 COM2 64 0R0 151 2.7 9.9 82.0 0.9878 0.00 0.0M
12780.100 1976 COM2 64 0R0 158 3.0 9.9 82.0 0.9878 0.00 0.0M
12840.100 1976 COM2 65 0R0 167 2.5 10.0 82.2 0.9878 0.00 0.0M
12900.100 1976 COM2 65 0R0 157 3.4 10.0 82.0 0.9878 0.00 0.0M
12960.100 1976 COM2 65 0R0 179 4.1 10.0 82.0 0.9878 0.00 0.0M
13020.100 1976 COM2 65 0R0 152 3.6 10.1 82.0 0.9878 0.00 0.0M
13080.100 1976 COM2 65 0R0 157 2.5 10.1 82.0 0.9878 0.00 0.0M
13140.000 1976 COM2 65 0R0 194 3.6 10.1 82.0 0.9878 0.00 0.0M
13200.000 1976 COM2 65 0R0 182 3.1 10.2 81.9 0.9878 0.00 0.0M
13260.000 1976 COM2 65 0R0 184 3.0 10.2 82.6 0.9878 0.00 0.0M
13320.000 1976 COM2 65 0R0 149 2.9 10.3 82.3 0.9879 0.00 0.0M
13380.000 1976 COM2 65 0R0 177 3.1 10.4 82.4 0.9878 0.00 0.0M
13440.000 1976 COM2 65 0R0 145 2.4 10.4 82.6 0.9878 0.00 0.0M
13500.000 1976 COM2 65 0R0 142 2.5 10.4 82.5 0.9878 0.00 0.0M
13560.000 1976 COM2 65 0R0 186 3.5 10.5 82.6 0.9878 0.00 0.0M
13620.000 1976 COM2 65 0R0 175 3.0 10.6 82.8 0.9878 0.00 0.0M
13680.000 1976 COM2 65 0R0 161 3.8 10.6 82.4 0.9877 0.00 0.0M
13740.000 1976 COM2 65 0R0 165 4.3 10.7 82.3 0.9877 0.00 0.0M
13800.000 1976 COM2 65 0R0 216 3.8 10.7 82.3 0.9876 0.00 0.0M
13860.000 1976 COM2 65 0R0 206 5.1 10.8 82.1 0.9876 0.00 0.0M
13920.000 1976 COM2 65 0R0 169 3.6 11.0 81.5 0.9875 0.00 0.0M
13980.000 1976 COM2 65 0R0 174 4.6 11.0 81.3 0.9875 0.00 0.0M
14040.000 1976 COM2 65 0R0 165 3.6 11.1 81.0 0.9874 0.00 0.0M
14100.000 1976 COM2 65 0R0 173 6.4 11.1 80.9 0.9874 0.00 0.0M
14160.000 1976 COM2 65 0R0 179 5.2 11.2 80.5 0.9874 0.00 0.0M
14220.000 1976 COM2 65 0R0 167 4.1 11.3 80.7 0.9873 0.00 0.0M
14280.000 1976 COM2 65 0R0 165 2.7 11.3 80.6 0.9873 0.00 0.0M
14340.000 1976 COM2 65 0R0 172 5.1 11.4 80.3 0.9873 0.00 0.0M
14400.000 1976 COM2 65 0R0 178 4.6 11.4 80.4 0.9873 0.00 0.0M
14460.000 1976 COM2 65 0R0 163 4.0 11.4 80.5 0.9872 0.00 0.0M
14520.000 1976 COM2 65 0R0 225 2.1 11.5 80.4 0.9872 0.00 0.0M
14580.000 1976 COM2 65 0R0 186 4.5 11.6 80.7 0.9872 0.00 0.0M
14640.000 1976 COM2 65 0R0 224 3.0 11.6 80.4 0.9872 0.00 0.0M
14700.000 1976 COM2 65 0R0 220 2.6 11.7 80.1 0.9872 0.00 0.0M
14760.000 1976 COM2 65 0R0 172 4.5 11.8 79.9 0.9871 0.00 0.0M
14820.000 1976 COM2 65 0R0 167 3.9 11.8 79.7 0.9872 0.00 0.0M
14880.000 1976 COM2 65 0R0 216 1.7 11.9 79.6 0.9872 0.00 0.0M
14940.000 1976 COM2 65 0R0 218 4.1 11.9 79.6 0.9872 0.00 0.0M
15000.000 1976 COM2 65 0R0 193 5.8 11.9 79.8 0.9872 0.00 0.0M
15060.000 1976 COM2 65 0R0 165 3.1 12.0 79.8 0.9871 0.00 0.0M
15120.000 1976 COM2 65 0R0 118 1.3 12.1 79.1 0.9871 0.00 0.0M
15180.000 1976 COM2 65 0R0 233 2.7 12.1 79.1 0.9872 0.00 0.0M
15240.000 1976 COM2 65 0R0 284 1.4 12.1 79.0 0.9871 0.00 0.0M
15300.000 1976 COM2 65 0R0 185 4.0 12.1 79.0 0.9872 0.00 0.0M
15360.000 1976 COM2 65 0R0 195 4.9 12.1 78.9 0.9872 0.00 0.0M
15420.000 1976 COM2 65 0R0 199 3.6 12.2 78.9 0.9871 0.00 0.0M
15480.000 1976 COM2 65 0R0 128 1.8 12.2 78.5 0.9871 0.00 0.0M
15540.000 1976 COM2 65 0R0 185 5.3 12.2 78.6 0.9871 0.00 0.0M
15600.000 1976 COM2 65 0R0 172 3.8 12.3 78.7 0.9871 0.00 0.0M
15660.000 1976 COM2 65 0R0 182 3.7 12.3 78.9 0.9871 0.00 0.0M
15720.000 1976 COM2 65 0R0 176 4.4 12.3 78.8 0.9871 0.00 0.0M
15780.000 1976 COM2 65 0R0 160 3.9 12.4 78.7 0.9870 0.00 0.0M
15840.000 1976 COM2 65 0R0 195 5.8 12.4 78.4 0.9869 0.00 0.0M
15900.000 1976 COM2 65 0R0 180 5.8 12.5 78.0 0.9870 0.00 0.0M
15960.000 1976 COM2 65 0R0 205 4.5 12.6 78.0 0.9870 0.00 0.0M
16020.000 1976 COM2 65 0R0 228 1.3 12.6 77.9 0.9869 0.00 0.0M
16080.000 1976 COM2 65 0R0 181 3.5 12.6 77.9 0.9869 0.00 0.0M
16140.100 1976 COM2 65 0R0 169 5.7 12.6 77.8 0.9867 0.00 0.0M
16200.000 1976 COM2 65 0R0 237 1.8 12.7 77.8 0.9868 0.00 0.0M
16260.000 1976 COM2 65 0R0 183 4.4 12.7 77.6 0.9868 0.00 0.0M
16320.000 1976 COM2 65 0R0 194 3.2 12.7 77.5 0.9868 0.00 0.0M
16380.000 1976 COM2 65 0R0 189 4.3 12.8 77.8 0.9868 0.00 0.0M
16440.000 1976 COM2 65 0R0 189 6.1 12.9 77.0 0.9868 0.00 0.0M
16500.000 1976 COM2 65 0R0 212 6.5 12.9 76.5 0.9868 0.00 0.0M
16560.000 1976 COM2 65 0R0 196 4.2 13.0 76.1 0.9869 0.00 0.0M
16620.000 1976 COM2 65 0R0 203 5.1 13.0 76.4 0.9869 0.00 0.0M
16680.000 1976 COM2 65 0R0 235 4.3 13.1 76.1 0.9870 0.00 0.0M
16740.000 1976 COM2 65 0R0 200 6.3 13.1 75.9 0.9869 0.00 0.0M
16800.000 1976 COM2 65 0R0 216 5.1 13.1 76.2 0.9868 0.00 0.0M
16860.000 1976 COM2 65 0R0 210 5.4 13.2 76.1 0.9867 0.00 0.0M
16920.000 1976 COM2 65 0R0 155 6.1 13.2 76.2 0.9868 0.00 0.0M
16980.000 1976 COM2 65 0R0 210 6.1 13.2 75.7 0.9868 0.00 0.0M
17040.000 1976 COM2 65 0R0 170 7.4 13.3 75.8 0.9867 0.00 0.0M
17100.000 1976 COM2 65 0R0 177 6.2 13.3 75.9 0.9867 0.00 0.0M
17160.000 1976 COM2 65 0R0 241 3.1 13.3 75.9 0.9867 0.00 0.0M
17220.000 1976 COM2 65 0R0 209 5.1 13.3 75.3 0.9866 0.00 0.0M
17280.000 1976 COM2 65 0R0 181 3.8 13.3 75.5 0.9866 0.00 0.0M
17340.000 1976 COM2 65 0R0 181 3.7 13.3 76.0 0.9866 0.00 0.0M
17400.000 1976 COM2 65 0R0 197 6.5 13.3 75.9 0.9866 0.00 0.0M
17460.000 1976 COM2 65 0R0 202 7.1 13.3 75.7 0.9865 0.00 0.0M
17520.000 1976 COM2 65 0R0 257 3.2 13.4 75.6 0.9865 0.00 0.0M
17580.000 1976 COM2 65 0R0 157 3.7 13.5 74.7 0.9866 0.00 0.0M
17640.000 1976 COM2 65 0R0 225 6.2 13.5 75.5 0.9865 0.00 0.0M
17700.000 1976 COM2 65 0R0 168 4.0 13.4 75.6 0.9864 0.00 0.0M
17760.000 1976 COM2 65 0R0 206 5.3 13.4 75.5 0.9864 0.00 0.0M
17820.000 1976 COM2 65 0R0 264 1.6 13.4 75.3 0.9865 0.00 0.0M
17880.000 1976 COM2 65 0R0 234 4.4 13.5 75.5 0.9865 0.00 0.0M
17940.000 1976 COM2 65 0R0 209 6.1 13.5 75.1 0.9865 0.00 0.0M
18000.000 1976 COM2 65 0R0 151 4.2 13.5 75.0 0.9864 0.00 0.0M
18060.000 1976 COM2 65 0R0 175 8.9 13.6 74.5 0.9864 0.00 0.0M
18120.000 1976 COM2 65 0R0 182 4.7 13.7 74.8 0.9863 0.00 0.0M
18180.100 1976 COM2 65 0R0 194 5.9 13.7 74.6 0.9863 0.00 0.0M
18240.000 1976 COM2 65 0R0 191 5.5 13.7 74.8 0.9863 0.00 0.0M
18300.000 1976 COM2 65 0R0 201 6.7 13.7 74.2 0.9863 0.00 0.0M
18360.000 1976 COM2 65 0R0 178 3.3 13.7 74.8 0.9864 0.00 0.0M
18420.100 1976 COM2 65 0R0 195 6.1 13.7 74.3 0.9862 0.00 0.0M
18480.000 1976 COM2 65 0R0 209 6.0 13.6 74.8 0.9862 0.00 0.0M
18540.000 1976 COM2 65 0R0 194 5.8 13.7 75.0 0.9861 0.00 0.0M
18600.000 1976 COM2 65 0R0 215 6.4 13.7 74.9 0.9862 0.00 0.0M
18660.000 1976 COM2 65 0R0 205 5.4 13.7 74.9 0.9861 0.00 0.0M
18720.000 1976 COM2 65 0R0 206 5.1 13.7 74.2 0.9861 0.00 0.0M
18780.000 1976 COM2 65 0R0 211 4.2 13.8 73.9 0.9862 0.00 0.0M
18840.000 1976 COM2 65 0R0 167 5.1 13.8 74.6 0.9862 0.00 0.0M
18900.000 1976 COM2 65 0R0 187 7.8 13.8 74.2 0.9861 0.00 0.0M
18960.000 1976 COM2 65 0R0 207 3.6 13.8 74.2 0.9861 0.00 0.0M
19020.000 1976 COM2 65 0R0 207 4.8 13.8 74.2 0.9861 0.00 0.0M
19080.000 1976 COM2 65 0R0 211 6.0 13.8 74.2 0.9860 0.00 0.0M
19140.000 1976 COM2 65 0R0 196 6.7 13.8 74.3 0.9860 0.00 0.0M
19200.000 1976 COM2 65 0R0 192 6.5 13.9 74.6 0.9861 0.00 0.0M
19260.000 1976 COM2 65 0R0 178 6.6 13.9 74.1 0.9860 0.00 0.0M
19320.000 1976 COM2 65 0R0 224 9.3 13.9 74.3 0.9860 0.00 0.0M
19380.000 1976 COM2 65 0R0 212 2.2 13.9 74.6 0.9861 0.00 0.0M
19440.000 1976 COM2 65 0R0 199 5.8 14.0 74.3 0.9861 0.01 0.0M
19500.000 1976 COM2 65 0R0 225 5.6 13.9 74.2 0.9860 0.00 0.0M
19560.000 1976 COM2 65 0R0 230 6.8 13.9 74.5 0.9860 0.00 0.0M
19620.000 1976 COM2 65 0R0 247 4.2 13.9 75.2 0.9861 0.00 0.0M
19680.000 1976 COM2 65 0R0 206 7.4 13.9 75.3 0.9860 0.00 0.0M
19740.000 1976 COM2 65 0R0 183 6.9 13.9 75.3 0.9859 0.00 0.0M
19800.000 1976 COM2 65 0R0 190 5.4 13.9 75.2 0.9859 0.00 0.0M
19860.000 1976 COM2 65 0R0 217 2.6 13.9 74.8 0.9858 0.00 0.0M
19920.000 1976 COM2 65 0R0 262 3.6 13.9 75.3 0.9859 0.00 0.0M
19980.000 1976 COM2 65 0R0 204 6.0 14.0 75.0 0.9858 0.00 0.0M
20040.000 1976 COM2 65 0R0 204 4.1 14.0 74.9 0.9858 0.00 0.0M
20100.000 1976 COM2 65 0R0 241 5.5 14.0 74.8 0.9858 0.00 0.0M
20160.000 1976 COM2 65 0R0 194 5.5 13.9 75.1 0.9857 0.00 0.0M
20220.000 1976 COM2 65 0R0 203 5.1 13.9 75.5 0.9857 0.00 0.0M
20280.000 1976 COM2 65 0R0 221 4.5 13.9 75.5 0.9856 0.00 0.0M
20340.000 1976 COM2 65 0R0 195 7.4 13.9 75.3 0.9856 0.00 0.0M
20400.000 1976 COM2 65 0R0 199 6.3 13.9 75.2 0.9855 0.00 0.0M
20460.000 1976 COM2 65 0R0 262 3.0 14.0 74.8 0.9856 0.00 0.0M
20520.000 1976 COM2 65 0R0 214 7.4 14.0 75.1 0.9856 0.00 0.0M
20580.000 1976 COM2 65 0R0 213 6.2 14.0 75.0 0.9856 0.01 0.0M
20640.000 1976 COM2 65 0R0 200 5.2 14.0 75.6 0.9856 0.00 0.0M
20700.000 1976 COM2 65 0R0 205 5.7 14.0 75.0 0.9855 0.00 0.0M
20760.000 1976 COM2 65 0R0 174 5.2 14.0 75.7 0.9855 0.00 0.0M
20820.000 1976 COM2 65 0R0 203 2.7 14.0 75.3 0.9854 0.00 0.0M
20880.000 1976 COM2 65 0R0 189 4.2 14.1 75.6 0.9854 0.00 0.0M
20940.000 1976 COM2 65 0R0 208 8.2 14.1 75.1 0.9854 0.00 0.0M
21000.000 1976 COM2 65 0R0 191 4.3 14.1 75.2 0.9854 0.00 0.0M
21060.000 1976 COM2 65 0R0 222 1.9 14.1 75.2 0.9853 0.00 0.0M
21120.000 1976 COM2 65 0R0 226 6.0 14.1 75.4 0.9853 0.00 0.0M
21180.000 1976 COM2 65 0R0 187 4.5 14.1 75.2 0.9852 0.00 0.0M
21240.000 1976 COM2 65 0R0 187 1.6 14.1 75.4 0.9853 0.00 0.0M
21300.000 1976 COM2 65 0R0 188 3.6 14.1 75.7 0.9853 0.00 0.0M
21360.000 1976 COM2 65 0R0 185 8.5 14.1 75.6 0.9852 0.00 0.0M
21420.000 1976 COM2 65 0R0 187 4.0 14.2 74.5 0.9852 0.00 0.0M
21480.000 1976 COM2 65 0R0 172 5.4 14.2 74.6 0.9852 0.00 0.0M
21540.000 1976 COM2 65 0R0 218 6.8 14.3 74.0 0.9851 0.00 0.0M
21600.000 1976 COM2 65 0R0 177 7.9 14.3 74.0 0.9851 0.00 0.0M
21660.000 1976 COM2 65 0R0 204 5.3 14.4 73.5 0.9851 0.00 0.0M
21720.000 1976 COM2 65 0R0 223 5.8 14.4 73.6 0.9851 0.00 0.0M
21780.000 1976 COM2 65 0R0 239 4.1 14.4 73.7 0.9849 0.00 0.0M
21840.000 1976 COM2 65 0R0 221 7.1 14.4 73.9 0.9849 0.00 0.0M
21900.000 1976 COM2 65 0R0 192 3.6 14.4 73.3 0.9849 0.00 0.0M
21960.000 1976 COM2 65 0R0 174 7.5 14.4 73.6 0.9850 0.00 0.0M
22020.000 1976 COM2 65 0R0 203 6.2 14.4 73.7 0.9848 0.00 0.0M
22080.000 1976 COM2 65 0R0 231 5.5 14.5 73.5 0.9849 0.00 0.0M
22140.000 1976 COM2 65 0R0 246 6.6 14.5 73.4 0.9849 0.00 0.0M
22200.000 1976 COM2 65 0R0 197 6.7 14.5 73.3 0.9848 0.00 0.0M
22260.000 1976 COM2 65 0R0 241 1.8 14.6 73.5 0.9849 0.00 0.0M
22320.000 1976 COM2 65 0R0 202 5.1 14.6 73.4 0.9849 0.00 0.0M
22380.000 1976 COM2 65 0R0 179 9.6 14.6 73.3 0.9847 0.01 0.0M
22440.000 1976 COM2 65 0R0 216 9.2 14.7 73.2 0.9847 0.00 0.0M
22500.000 1976 COM2 65 0R0 207 2.8 14.7 72.5 0.9847 0.00 0.0M
22560.000 1976 COM2 65 0R0 188 3.9 14.7 72.7 0.9847 0.00 0.0M
22620.000 1976 COM2 65 0R0 179 6.0 14.7 72.6 0.9847 0.00 0.0M
22680.000 1976 COM2 65 0R0 211 6.1 14.7 72.4 0.9846 0.00 0.0M
22740.000 1976 COM2 65 0R0 183 2.6 14.7 72.6 0.9846 0.00 0.0M
22800.000 1976 COM2 65 0R0 235 5.1 14.7 72.4 0.9846 0.00 0.0M
22860.000 1976 COM2 65 0R0 212 9.3 14.7 72.7 0.9846 0.00 0.0M
22920.000 1976 COM2 65 0R0 215 2.3 14.8 72.1 0.9847 0.00 0.0M
22980.000 1976 COM2 65 0R0 193 6.4 14.8 72.2 0.9847 0.00 0.0M
23040.000 1976 COM2 65 0R0 193 6.3 14.8 72.2 0.9846 0.01 0.0M
23100.000 1976 COM2 65 0R0 164 4.9 14.8 72.8 0.9848 0.00 0.0M
23160.000 1976 COM2 65 0R0 233 6.5 14.8 72.8 0.9848 0.00 0.0M
23220.000 1976 COM2 65 0R0 186 7.0 14.8 73.0 0.9847 0.01 0.0M
23280.000 1976 COM2 65 0R0 208 6.1 14.7 73.2 0.9847 0.00 0.0M
23340.000 1976 COM2 65 0R0 227 7.5 14.7 73.5 0.9846 0.00 0.0M
23400.000 1976 COM2 65 0R0 198 9.2 14.7 73.2 0.9845 0.00 0.0M
23460.000 1976 COM2 65 0R0 191 2.9 14.7 73.3 0.9845 0.00 0.0M
23520.000 1976 COM2 65 0R0 210 4.5 14.8 73.2 0.9845 0.00 0.0M
23580.000 1976 COM2 65 0R0 219 3.8 14.7 73.5 0.9847 0.00 0.0M
23640.000 1976 COM2 65 0R0 210 7.5 14.7 73.4 0.9846 0.00 0.0M
23700.000 1976 COM2 65 0R0 178 6.6 14.7 73.3 0.9847 0.00 0.0M
23760.000 1976 COM2 65 0R0 210 4.9 14.7 73.4 0.9846 0.00 0.0M
23820.000 1976 COM2 65 0R0 212 6.5 14.7 73.9 0.9846 0.00 0.0M
23880.000 1976 COM2 65 0R0 204 7.5 14.7 73.1 0.9845 0.00 0.0M
23940.000 1976 COM2 65 0R0 208 5.2 14.7 73.5 0.9846 0.00 0.0M
24000.000 1976 COM2 65 0R0 232 3.8 14.7 73.3 0.9846 0.00 0.0M
24060.000 1976 COM2 65 0R0 181 4.3 14.7 73.2 0.9846 0.00 0.0M
24120.000 1976 COM2 65 0R0 225 6.0 14.7 73.3 0.9846 0.00 0.0M
24180.000 1976 COM2 65 0R0 180 6.7 14.7 73.3 0.9846 0.00 0.0M
24240.000 1976 COM2 65 0R0 233 4.5 14.7 73.6 0.9847 0.00 0.0M
24300.000 1976 COM2 65 0R0 181 5.8 14.7 73.5 0.9846 0.00 0.0M
24360.000 1976 COM2 65 0R0 207 3.0 14.7 73.8 0.9846 0.00 0.0M
24420.000 1976 COM2 65 0R0 185 6.2 14.7 73.5 0.9847 0.00 0.0M
24480.000 1976 COM2 65 0R0 236 6.8 14.7 73.1 0.9846 0.00 0.0M
24540.000 1976 COM2 65 0R0 215 7.2 14.8 73.3 0.9846 0.00 0.0M
24600.000 1976 COM2 65 0R0 220 4.0 14.8 73.0 0.9846 0.00 0.0M
24660.000 1976 COM2 65 0R0 238 5.0 14.8 73.5 0.9846 0.00 0.0M
24720.000 1976 COM2 65 0R0 226 3.0 14.8 73.8 0.9845 0.00 0.0M
24780.000 1976 COM2 65 0R0 226 5.0 14.8 74.1 0.9846 0.00 0.0M
24840.000 1976 COM2 65 0R0 178 7.0 14.8 73.7 0.9846 0.00 0.0M
24900.100 1976 COM2 65 0R0 196 3.8 14.8 73.7 0.9846 0.00 0.0M
24960.000 1976 COM2 65 0R0 201 6.5 14.8 73.1 0.9845 0.00 0.0M
25020.000 1976 COM2 65 0R0 200 5.4 14.9 73.5 0.9845 0.00 0.0M
25080.000 1976 COM2 65 0R0 153 2.8 14.9 72.9 0.9845 0.00 0.0M
25140.000 1976 COM2 65 0R0 232 2.2 14.9 73.0 0.9845 0.00 0.0M
25200.000 1976 COM2 65 0R0 193 2.3 14.8 73.2 0.9846 0.00 0.0M
25260.000 1976 COM2 65 0R0 224 8.4 14.8 73.1 0.9846 0.00 0.0M
25320.000 1976 COM2 65 0R0 193 4.2 14.8 73.0 0.9846 0.00 0.0M
25380.000 1976 COM2 65 0R0 209 6.1 14.8 73.0 0.9845 0.00 0.0M
25440.000 1976 COM2 65 0R0 222 7.3 14.8 73.0 0.9847 0.00 0.0M
25500.000 1976 COM2 65 0R0 191 7.4 14.9 73.2 0.9847 0.02 0.0M
25560.000 1976 COM2 65 0R0 197 5.2 14.9 73.7 0.9847 0.01 0.0M
25620.000 1976 COM2 65 0R0 229 5.1 14.9 73.8 0.9847 0.01 0.0M
25680.000 1976 COM2 65 0R0 227 3.1 14.8 73.8 0.9847 0.00 0.0M
25740.000 1976 COM2 65 0R0 232 3.5 14.8 74.5 0.9847 0.02 0.0M
25800.000 1976 COM2 65 0R0 228 5.4 14.7 75.0 0.9846 0.01 0.0M
25860.000 1976 COM2 65 0R0 241 3.0 14.7 75.1 0.9848 0.01 0.0M
25920.000 1976 COM2 65 0R0 203 6.8 14.6 76.1 0.9848 0.00 0.0M
25980.000 1976 COM2 65 0R0 230 4.5 14.6 76.1 0.9848 0.01 0.0M
26040.000 1976 COM2 65 0R0 183 6.2 14.5 76.1 0.9848 0.00 0.0M
26100.000 1976 COM2 65 0R0 225 1.2 14.5 76.7 0.9848 0.02 0.0M
26160.000 1976 COM2 65 0R0 245 3.7 14.5 77.5 0.9848 0.00 0.0M
26220.000 1976 COM2 65 0R0 191 5.8 14.4 77.2 0.9847 0.02 0.0M
26280.000 1976 COM2 65 0R0 176 7.4 14.4 77.5 0.9846 0.02 0.0M
26340.000 1976 COM2 66 0R0 211 10.0 14.5 77.3 0.9846 0.01 0.0M
26400.000 1976 COM2 65 0R0 230 3.8 14.5 77.4 0.9846 0.00 0.0M
26460.000 1976 COM2 65 0R0 221 7.1 14.5 78.0 0.9847 0.01 0.0M
26520.000 1976 COM2 65 0R0 200 7.6 14.5 77.8 0.9845 0.01 0.0M
26580.000 1976 COM2 65 0R0 230 7.1 14.5 77.7 0.9846 0.03 0.0M
26640.000 1976 COM2 65 0R0 209 8.7 14.5 78.6 0.9846 0.03 0.0M
26700.000 1976 COM2 65 0R0 197 5.9 14.5 78.5 0.9846 0.02 0.0M
26760.000 1976 COM2 65 0R0 243 4.2 14.5 79.2 0.9846 0.01 0.0M
26820.000 1976 COM2 65 0R0 217 5.0 14.4 79.6 0.9846 0.01 0.0M
26880.000 1976 COM2 65 0R0 180 5.1 14.3 79.2 0.9846 0.02 0.0M
26940.000 1976 COM2 65 0R0 229 7.5 14.3 79.7 0.9846 0.03 0.0M
27000.000 1976 COM2 65 0R0 203 5.4 14.3 79.9 0.9846 0.00 0.0M
27060.000 1976 COM2 65 0R0 212 5.0 14.3 80.6 0.9847 0.01 0.0M
27120.000 1976 COM2 65 0R0 185 4.8 14.2 80.8 0.9845 0.00 0.0M
27180.000 1976 COM2 65 0R0 206 7.0 14.2 81.1 0.9845 0.00 0.0M
27240.000 1976 COM2 65 0R0 199 6.4 14.2 81.0 0.9845 0.00 0.0M
27300.000 1976 COM2 65 0R0 204 4.3 14.2 81.3 0.9846 0.00 0.0M
27360.000 1976 COM2 65 0R0 168 5.6 14.1 81.4 0.9846 0.00 0.0M
27420.000 1976 COM2 65 0R0 194 2.4 14.1 81.5 0.9846 0.00 0.0M
27480.000 1976 COM2 65 0R0 238 3.9 14.1 81.5 0.9845 0.00 0.0M
27540.000 1976 COM2 65 0R0 218 9.3 14.1 81.8 0.9846 0.00 0.0M
27600.000 1976 COM2 65 0R0 198 4.8 14.1 82.4 0.9846 0.01 0.0M
27660.000 1976 COM2 65 0R0 209 7.9 14.1 82.4 0.9846 0.00 0.0M
27720.000 1976 COM2 65 0R0 220 7.0 14.1 82.3 0.9845 0.00 0.0M
27780.000 1976 COM2 65 0R0 204 5.3 14.1 82.4 0.9845 0.01 0.0M
27840.000 1976 COM2 65 0R0 132 1.6 14.1 82.6 0.9844 0.00 0.0M
27900.000 1976 COM2 65 0R0 188 5.8 14.1 83.1 0.9845 0.01 0.0M
27960.000 1976 COM2 65 0R0 138 2.5 14.1 83.2 0.9845 0.01 0.0M
28020.000 1976 COM2 65 0R0 201 4.9 14.1 83.6 0.9845 0.01 0.0M
28080.000 1976 COM2 65 0R0 238 3.4 14.1 84.1 0.9844 0.02 0.0M
28140.000 1976 COM2 65 0R0 217 5.9 14.1 84.2 0.9843 0.00 0.0M
28200.000 1976 COM2 65 0R0 225 4.1 14.1 84.3 0.9843 0.01 0.0M
28260.000 1976 COM2 65 0R0 218 4.8 14.0 84.1 0.9842 0.01 0.0M
28320.000 1976 COM2 65 0R0 212 6.0 14.0 84.3 0.9842 0.00 0.0M
28380.000 1976 COM2 65 0R0 268 3.1 14.0 84.5 0.9841 0.01 0.0M
28440.000 1976 COM2 65 0R0 225 6.3 13.9 84.5 0.9840 0.01 0.0M
28500.000 1976 COM2 65 0R0 202 5.9 13.9 84.4 0.9840 0.02 0.0M
28560.000 1976 COM2 65 0R0 177 3.8 13.9 84.9 0.9840 0.02 0.0M
28620.000 1976 COM2 65 0R0 223 8.0 13.9 85.2 0.9839 0.01 0.0M
28680.000 1976 COM2 65 0R0 196 7.7 13.9 84.9 0.9839 0.01 0.0M
28740.000 1976 COM2 65 0R0 263 3.2 13.9 85.1 0.9840 0.01 0.0M
28800.000 1976 COM2 65 0R0 189 3.4 13.9 85.5 0.9840 0.02 0.0M
28860.000 1976 COM2 65 0R0 193 4.4 13.9 85.7 0.9839 0.01 0.0M
28920.000 1976 COM2 65 0R0 201 3.3 13.9 86.0 0.9838 0.01 0.0M
28980.000 1976 COM2 65 0R0 210 6.4 13.8 86.3 0.9838 0.02 0.0M
29040.000 1976 COM2 65 0R0 181 1.6 13.8 86.3 0.9838 0.01 0.0M
29100.000 1976 COM2 65 0R0 150 6.1 13.8 86.7 0.9837 0.01 0.0M
29160.000 1976 COM2 65 0R0 211 7.3 13.8 86.5 0.9836 0.01 0.0M
29220.000 1976 COM2 65 0R0 177 4.2 13.8 86.5 0.9836 0.01 0.0M
29280.000 1976 COM2 65 0R0 198 3.6 13.8 86.7 0.9837 0.00 0.0M
29340.000 1976 COM2 65 0R0 196 5.7 13.8 86.9 0.9836 0.00 0.0M
29400.000 1976 COM2 65 0R0 244 3.6 13.8 87.0 0.9836 0.01 0.0M
29460.000 1976 COM2 65 0R0 230 5.8 13.7 87.0 0.9834 0.01 0.0M
29520.000 1976 COM2 65 0R0 166 4.7 13.8 87.2 0.9835 0.00 0.0M
29580.000 1976 COM2 65 0R0 197 4.6 13.8 87.2 0.9835 0.00 0.0M
29640.000 1976 COM2 65 0R0 186 3.3 13.7 87.4 0.9834 0.00 0.0M
29700.000 1976 COM2 65 0R0 240 2.4 13.7 87.5 0.9835 0.01 0.0M
29760.000 1976 COM2 65 0R0 164 4.9 13.7 87.6 0.9835 0.01 0.0M
29820.000 1976 COM2 65 0R0 262 4.0 13.7 87.6 0.9835 0.00 0.0M
29880.000 1976 COM2 65 0R0 217 5.1 13.7 87.6 0.9835 0.01 0.0M
29940.000 1976 COM2 65 0R0 183 3.3 13.7 87.8 0.9836 0.01 0.0M
30000.000 1976 COM2 65 0R0 231 4.5 13.7 87.8 0.9835 0.02 0.0M
30060.000 1976 COM2 65 0R0 135 2.7 13.7 87.7 0.9835 0.02 0.0M
30120.000 1976 COM2 65 0R0 206 6.0 13.7 87.8 0.9834 0.01 0.0M
30180.000 1976 COM2 65 0R0 186 5.1 13.7 88.1 0.9835 0.00 0.0M
30240.000 1976 COM2 65 0R0 210 5.4 13.7 88.3 0.9835 0.01 0.0M
30300.000 1976 COM2 65 0R0 211 6.2 13.7 88.0 0.9835 0.00 0.0M
30360.000 1976 COM2 65 0R0 251 4.6 13.6 88.0 0.9836 0.01 0.0M
30420.000 1976 COM2 65 0R0 190 2.8 13.6 88.0 0.9835 0.02 0.0M
30480.000 1976 COM2 65 0R0 220 4.8 13.6 88.3 0.9835 0.00 0.0M
30540.000 1976 COM2 65 0R0 204 6.9 13.6 88.4 0.9835 0.01 0.0M
30600.000 1976 COM2 65 0R0 218 3.4 13.6 88.5 0.9835 0.01 0.0M
30660.000 1976 COM2 65 0R0 176 6.7 13.6 88.5 0.9834 0.02 0.0M
30720.000 1976 COM2 65 0R0 186 2.8 13.7 88.6 0.9835 0.02 0.0M
30780.000 1976 COM2 65 0R0 131 3.6 13.7 88.4 0.9835 0.01 0.0M
30840.000 1976 COM2 65 0R0 219 8.7 13.7 88.5 0.9835 0.01 0.0M
30900.000 1976 COM2 65 0R0 182 4.8 13.7 88.5 0.9832 0.01 0.0M
30960.000 1976 COM2 65 0R0 201 7.6 13.7 88.5 0.9831 0.03 0.0M
31020.000 1976 COM2 65 0R0 242 4.1 13.7 88.4 0.9831 0.02 0.0M
31080.000 1976 COM2 65 0R0 189 4.9 13.7 88.4 0.9831 0.04 0.0M
31140.000 1976 COM2 65 0R0 191 7.1 13.7 88.6 0.9830 0.08 0.0M
31200.000 1976 COM2 65 0R0 213 2.3 13.7 88.7 0.9829 0.05 0.0M
31260.000 1976 COM2 65 0R0 180 5.4 13.7 88.9 0.9830 0.09 0.0M
31320.000 1976 COM2 65 0R0 221 8.4 13.7 88.9 0.9829 0.06 0.0M
31380.000 1976 COM2 65 0R0 154 4.2 13.7 89.0 0.9828 0.06 0.0M
31440.000 1976 COM2 65 0R0 162 4.9 13.7 89.0 0.9828 0.08 0.0M
31500.000 1976 COM2 65 0R0 170 8.3 13.7 88.8 0.9826 0.07 0.0M
31560.000 1976 COM2 65 0R0 246 1.3 13.7 89.0 0.9826 0.05 0.0M
31620.000 1976 COM2 65 0R0 184 6.4 13.7 89.2 0.9826 0.06 0.0M
31680.000 1976 COM2 65 0R0 164 1.8 13.7 89.3 0.9827 0.06 0.0M
31740.000 1976 COM2 65 0R0 210 3.5 13.7 89.4 0.9827 0.09 0.0M
31800.000 1976 COM2 65 0R0 225 3.0 13.7 89.3 0.9825 0.06 0.0M
31860.000 1976 COM2 65 0R0 230 4.0 13.7 89.4 0.9825 0.02 0.0M
31920.000 1976 COM2 66 0R0 170 10.4 13.7 89.5 0.9822 0.03 0.0M
31980.000 1976 COM2 65 0R0 184 5.2 13.8 89.5 0.9823 0.05 0.0M
32040.000 1976 COM2 65 0R0 186 5.8 13.8 89.4 0.9821 0.06 0.0M
32100.000 1976 COM2 65 0R0 128 4.0 13.8 89.5 0.9822 0.05 0.0M
32160.000 1976 COM2 65 0R0 105 2.5 13.8 89.4 0.9822 0.03 0.0M
32220.000 1976 COM2 65 0R0 189 7.1 13.8 89.7 0.9824 0.01 0.0M
32280.000 1976 COM2 65 0R0 179 6.2 13.8 89.7 0.9823 0.01 0.0M
32340.000 1976 COM2 65 0R0 205 6.9 13.8 89.6 0.9823 0.01 0.0M
32400.000 1976 COM2 65 0R0 169 7.2 13.8 89.3 0.9824 0.01 0.0M
32460.000 1976 COM2 65 0R0 222 7.0 13.9 89.4 0.9824 0.02 0.0M
32520.000 1976 COM2 65 0R0 221 6.6 13.9 89.2 0.9823 0.01 0.0M
32580.000 1976 COM2 65 0R0 245 2.5 13.9 89.2 0.9823 0.02 0.0M
32640.000 1976 COM2 65 0R0 200 5.4 13.9 89.3 0.9822 0.00 0.0M
32700.000 1976 COM2 66 0R0 195 10.1 13.9 89.1 0.9822 0.00 0.0M
32760.000 1976 COM2 65 0R0 169 6.7 13.9 89.0 0.9821 0.00 0.0M
32820.000 1976 COM2 65 0R0 167 5.0 14.0 88.8 0.9822 0.00 0.0M
32880.000 1976 COM2 65 0R0 199 7.5 14.0 88.8 0.9823 0.00 0.0M
32940.000 1976 COM2 65 0R0 177 5.0 14.0 88.5 0.9823 0.00 0.0M
33000.000 1976 COM2 65 0R0 247 3.5 14.0 88.7 0.9824 0.00 0.0M
33060.000 1976 COM2 65 0R0 189 6.8 14.0 88.7 0.9823 0.00 0.0M
33120.000 1976 COM2 65 0R0 180 8.3 14.0 88.5 0.9824 0.01 0.0M
33180.000 1976 COM2 65 0R0 254 6.1 14.0 88.6 0.9824 0.01 0.0M
33240.000 1976 COM2 65 0R0 184 5.6 14.0 88.5 0.9823 0.01 0.0M
33300.000 1976 COM2 65 0R0 253 5.4 14.0 88.4 0.9821 0.02 0.0M
33360.000 1976 COM2 65 0R0 175 8.5 14.0 88.4 0.9825 0.01 0.0M
33420.000 1976 COM2 65 0R0 184 6.8 14.1 88.5 0.9823 0.01 0.0M
33480.000 1976 COM2 65 0R0 238 5.5 14.1 88.5 0.9823 0.02 0.0M
33540.000 1976 COM2 65 0R0 206 5.7 14.1 88.3 0.9824 0.01 0.0M
33600.000 1976 COM2 65 0R0 181 5.6 14.1 88.4 0.9824 0.01 0.0M
33660.000 1976 COM2 65 0R0 198 4.6 14.1 88.4 0.9823 0.00 0.0M
33720.000 1976 COM2 65 0R0 150 3.2 14.1 88.4 0.9823 0.01 0.0M
33780.000 1976 COM2 65 0R0 201 3.9 14.1 88.6 0.9824 0.00 0.0M
33840.000 1976 COM2 65 0R0 231 4.5 14.1 88.7 0.9824 0.00 0.0M
33900.000 1976 COM2 65 0R0 220 3.7 14.1 88.8 0.9824 0.00 0.0M
33960.000 1976 COM2 65 0R0 273 2.9 14.1 88.9 0.9824 0.00 0.0M
34020.000 1976 COM2 65 0R0 242 3.3 14.1 88.9 0.9824 0.00 0.0M
34080.000 1976 COM2 65 0R0 186 6.7 14.1 88.8 0.9825 0.00 0.0M
34140.000 1976 COM2 65 0R0 214 6.0 14.1 88.7 0.9825 0.00 0.0M
34200.100 1976 COM2 65 0R0 197 5.4 14.1 88.8 0.9825 0.00 0.0M
34260.000 1976 COM2 65 0R0 218 5.5 14.1 88.8 0.9826 0.00 0.0M
34320.000 1976 COM2 65 0R0 202 4.8 14.1 88.6 0.9827 0.00 0.0M
34380.000 1976 COM2 65 0R0 199 5.2 14.1 88.6 0.9828 0.00 0.0M
34440.000 1976 COM2 65 0R0 222 6.0 14.1 88.6 0.9828 0.00 0.0M
34500.000 1976 COM2 65 0R0 192 4.1 14.1 88.5 0.9828 0.00 0.0M
34560.000 1976 COM2 65 0R0 210 9.2 14.1 88.8 0.9827 0.00 0.0M
34620.000 1976 COM2 65 0R0 214 7.8 14.1 88.6 0.9826 0.00 0.0M
34680.000 1976 COM2 65 0R0 151 4.1 14.2 88.6 0.9827 0.01 0.0M
34740.000 1976 COM2 65 0R0 240 6.2 14.2 88.5 0.9828 0.00 0.0M
34800.000 1976 COM2 65 0R0 157 4.5 14.2 88.4 0.9828 0.00 0.0M
34860.000 1976 COM2 65 0R0 168 8.9 14.2 88.6 0.9828 0.00 0.0M
34920.000 1976 COM2 65 0R0 236 9.7 14.2 88.6 0.9824 0.01 0.0M
34980.000 1976 COM2 65 0R0 198 5.9 14.2 87.9 0.9826 0.01 0.0M
35040.000 1976 COM2 65 0R0 226 8.2 14.3 88.0 0.9827 0.04 0.0M
35100.000 1976 COM2 65 0R0 224 6.6 14.3 88.0 0.9827 0.05 0.0M
35160.000 1976 COM2 65 0R0 152 7.4 14.3 88.0 0.9827 0.05 0.0M
35220.000 1976 COM2 65 0R0 225 5.9 14.3 87.9 0.9824 0.04 0.0M
35280.000 1976 COM2 65 0R0 225 3.9 14.3 87.9 0.9824 0.03 0.0M
35340.000 1976 COM2 65 0R0 160 5.2 14.3 87.8 0.9825 0.03 0.0M
35400.000 1976 COM2 65 0R0 175 8.5 14.3 87.9 0.9821 0.03 0.0M
35460.000 1976 COM2 65 0R0 209 6.7 14.3 88.1 0.9826 0.03 0.0M
35520.000 1976 COM2 65 0R0 240 4.6 14.3 88.0 0.9825 0.04 0.0M
35580.000 1976 COM2 65 0R0 232 6.8 14.3 87.7 0.9823 0.02 0.0M
35640.000 1976 COM2 65 0R0 206 8.8 14.3 87.6 0.9821 0.03 0.0M
35700.000 1976 COM2 65 0R0 203 8.3 14.3 87.7 0.9821 0.02 0.0M
35760.000 1976 COM2 65 0R0 135 4.2 14.4 87.9 0.9823 0.01 0.0M
35820.000 1976 COM2 65 0R0 238 2.2 14.4 87.9 0.9821 0.02 0.0M
35880.000 1976 COM2 65 0R0 223 8.6 14.4 87.4 0.9822 0.01 0.0M
35940.000 1976 COM2 65 0R0 204 9.3 14.4 87.4 0.9821 0.04 0.0M
36000.000 1976 COM2 65 0R0 217 7.8 14.4 87.2 0.9819 0.01 0.0M
36060.000 1976 COM2 65 0R0 157 6.4 14.4 87.2 0.9819 0.03 0.0M
36120.000 1976 COM2 65 0R0 192 5.8 14.4 87.5 0.9818 0.03 0.0M
36180.000 1976 COM2 65 0R0 222 5.6 14.4 87.6 0.9821 0.03 0.0M
36240.000 1976 COM2 65 0R0 221 8.3 14.4 87.3 0.9821 0.03 0.0M
36300.000 1976 COM2 65 0R0 206 6.0 14.4 87.4 0.9823 0.02 0.0M
36360.000 1976 COM2 65 0R0 232 6.4 14.3 87.5 0.9822 0.01 0.0M
36420.000 1976 COM2 65 0R0 193 9.0 14.3 87.5 0.9818 0.02 0.0M
36480.000 1976 COM2 65 0R0 205 6.1 14.3 87.3 0.9820 0.03 0.0M
36540.000 1976 COM2 65 0R0 133 5.0 14.4 87.4 0.9821 0.03 0.0M
36600.000 1976 COM2 65 0R0 226 6.1 14.4 87.6 0.9821 0.05 0.0M
36660.000 1976 COM2 65 0R0 202 7.3 14.4 87.5 0.9820 0.03 0.0M
36720.000 1976 COM2 65 0R0 226 4.4 14.3 87.6 0.9819 0.05 0.0M
36780.000 1976 COM2 65 0R0 236 3.7 14.3 87.9 0.9821 0.06 0.0M
36840.000 1976 COM2 65 0R0 160 2.6 14.3 87.9 0.9821 0.03 0.0M
36900.000 1976 COM2 65 0R0 171 8.3 14.3 88.2 0.9821 0.02 0.0M
36960.000 1976 COM2 65 0R0 193 5.3 14.3 88.3 0.9821 0.02 0.0M
37020.000 1976 COM2 65 0R0 238 3.7 14.3 88.5 0.9820 0.02 0.0M
37080.000 1976 COM2 65 0R0 210 4.4 14.2 88.4 0.9820 0.02 0.0M
37140.000 1976 COM2 65 0R0 174 9.1 14.2 88.5 0.9821 0.00 0.0M
37200.000 1976 COM2 65 0R0 220 6.0 14.2 88.5 0.9820 0.01 0.0M
37260.000 1976 COM2 65 0R0 199 5.2 14.2 88.5 0.9820 0.00 0.0M
37320.100 1976 COM2 65 0R0 229 5.6 14.2 88.5 0.9820 0.00 0.0M
37380.000 1976 COM2 65 0R0 254 3.2 14.2 88.5 0.9821 0.00 0.0M
37440.000 1976 COM2 65 0R0 219 6.1 14.2 88.5 0.9821 0.00 0.0M
37500.000 1976 COM2 65 0R0 192 5.5 14.2 88.7 0.9821 0.00 0.0M
37560.000 1976 COM2 65 0R0 206 5.6 14.2 88.7 0.9820 0.00 0.0M
37620.000 1976 COM2 65 0R0 213 7.7 14.2 88.5 0.9819 0.00 0.0M
37680.000 1976 COM2 65 0R0 224 6.6 14.3 88.2 0.9819 0.00 0.0M
37740.000 1976 COM2 65 0R0 224 5.7 14.3 88.2 0.9820 0.01 0.0M
37800.000 1976 COM2 65 0R0 204 5.4 14.3 88.2 0.9819 0.00 0.0M
37860.000 1976 COM2 65 0R0 240 5.0 14.3 88.2 0.9819 0.00 0.0M
37920.000 1976 COM2 65 0R0 203 6.0 14.3 88.1 0.9818 0.00 0.0M
37980.000 1976 COM2 65 0R0 196 8.2 14.3 88.1 0.9818 0.00 0.0M
38040.000 1976 COM2 65 0R0 213 5.9 14.3 87.9 0.9817 0.01 0.0M
38100.000 1976 COM2 65 0R0 216 7.0 14.3 88.0 0.9818 0.01 0.0M
38160.000 1976 COM2 65 0R0 234 2.8 14.4 88.1 0.9818 0.01 0.0M
38220.000 1976 COM2 65 0R0 205 2.9 14.3 88.0 0.9818 0.04 0.0M
38280.000 1976 COM2 65 0R0 179 7.4 14.3 88.1 0.9818 0.01 0.0M
38340.000 1976 COM2 65 0R0 184 6.5 14.3 88.1 0.9817 0.00 0.0M
38400.000 1976 COM2 65 0R0 208 5.7 14.3 88.4 0.9817 0.00 0.0M
38460.000 1976 COM2 65 0R0 197 7.6 14.3 88.3 0.9816 0.00 0.0M
38520.000 1976 COM2 65 0R0 190 8.0 14.3 88.3 0.9817 0.00 0.0M
38580.000 1976 COM2 65 0R0 177 7.3 14.3 88.2 0.9815 0.00 0.0M
38640.000 1976 COM2 65 0R0 255 3.0 14.3 88.3 0.9818 0.01 0.0M
38700.000 1976 COM2 65 0R0 205 8.8 14.3 88.1 0.9818 0.00 0.0M
38760.000 1976 COM2 65 0R0 219 6.8 14.3 88.5 0.9819 0.00 0.0M
38820.000 1976 COM2 65 0R0 226 6.9 14.3 88.3 0.9818 0.00 0.0M
38880.000 1976 COM2 65 0R0 199 6.6 14.3 88.4 0.9817 0.00 0.0M
38940.000 1976 COM2 65 0R0 193 6.7 14.3 88.4 0.9816 0.00 0.0M
39000.000 1976 COM2 65 0R0 176 6.3 14.3 88.6 0.9816 0.00 0.0M
39060.000 1976 COM2 65 0R0 187 7.8 14.3 88.6 0.9815 0.00 0.0M
39120.000 1976 COM2 65 0R0 181 5.2 14.3 88.6 0.9814 0.00 0.0M
39180.000 1976 COM2 66 0R0 227 10.0 14.3 88.6 0.9813 0.00 0.0M
39240.000 1976 COM2 65 0R0 206 8.2 14.3 88.3 0.9813 0.00 0.0M
39300.000 1976 COM2 65 0R0 203 7.0 14.3 87.9 0.9813 0.00 0.0M
39360.000 1976 COM2 65 0R0 187 6.1 14.3 87.8 0.9813 0.00 0.0M
39420.000 1976 COM2 65 0R0 213 5.4 14.4 88.0 0.9814 0.00 0.0M
39480.000 1976 COM2 65 0R0 120 2.9 14.4 88.0 0.9812 0.00 0.0M
39540.000 1976 COM2 65 0R0 198 5.5 14.4 88.2 0.9813 0.01 0.0M
39600.000 1976 COM2 65 0R0 231 3.4 14.4 87.9 0.9814 0.01 0.0M
39660.000 1976 COM2 65 0R0 203 7.8 14.4 88.2 0.9815 0.02 0.0M
39720.000 1976 COM2 65 0R0 228 6.2 14.3 88.0 0.9815 0.03 0.0M
39780.000 1976 COM2 65 0R0 194 8.9 14.3 87.8 0.9813 0.01 0.0M
39840.000 1976 COM2 65 0R0 190 5.2 14.3 87.7 0.9814 0.01 0.0M
39900.000 1976 COM2 65 0R0 229 9.1 14.3 87.9 0.9814 0.00 0.0M
39960.000 1976 COM2 65 0R0 215 5.6 14.3 87.6 0.9814 0.01 0.0M
40020.000 1976 COM2 65 0R0 196 5.2 14.3 87.7 0.9814 0.01 0.0M
40080.000 1976 COM2 65 0R0 154 2.4 14.3 87.9 0.9814 0.00 0.0M
40140.000 1976 COM2 65 0R0 225 4.3 14.3 88.0 0.9814 0.00 0.0M
40200.000 1976 COM2 65 0R0 225 5.4 14.3 88.0 0.9814 0.00 0.0M
40260.000 1976 COM2 65 0R0 194 7.5 14.3 87.9 0.9813 0.00 0.0M
40320.000 1976 COM2 65 0R0 204 6.6 14.3 87.9 0.9812 0.00 0.0M
40380.000 1976 COM2 65 0R0 235 4.8 14.3 88.0 0.9813 0.00 0.0M
40440.000 1976 COM2 65 0R0 185 8.0 14.3 87.9 0.9813 0.00 0.0M
40500.000 1976 COM2 65 0R0 215 4.2 14.3 87.8 0.9813 0.00 0.0M
40560.000 1976 COM2 65 0R0 253 3.6 14.3 87.9 0.9813 0.00 0.0M
40620.000 1976 COM2 65 0R0 207 7.5 14.3 87.8 0.9813 0.00 0.0M
40680.000 1976 COM2 65 0R0 252 6.9 14.3 87.8 0.9815 0.00 0.0M
40740.000 1976 COM2 66 0R0 185 10.6 14.3 87.4 0.9813 0.00 0.0M
40800.000 1976 COM2 66 0R0 191 14.6 14.3 87.2 0.9812 0.00 0.0M
40860.000 1976 COM2 65 0R0 237 5.8 14.3 87.0 0.9815 0.00 0.0M
40920.000 1976 COM2 65 0R0 236 3.5 14.3 87.0 0.9815 0.00 0.0M
40980.000 1976 COM2 65 0R0 233 5.4 14.3 86.8 0.9814 0.00 0.0M
41040.000 1976 COM2 65 0R0 226 7.6 14.3 86.9 0.9815 0.00 0.0M
41100.000 1976 COM2 65 0R0 192 8.2 14.3 87.0 0.9816 0.00 0.0M
41160.000 1976 COM2 65 0R0 230 9.1 14.3 86.6 0.9815 0.00 0.0M
41220.000 1976 COM2 65 0R0 216 5.7 14.3 86.6 0.9815 0.00 0.0M
41280.000 1976 COM2 65 0R0 272 3.0 14.3 86.8 0.9816 0.00 0.0M
41340.000 1976 COM2 65 0R0 268 4.0 14.3 86.8 0.9817 0.01 0.0M
41400.000 1976 COM2 65 0R0 242 6.0 14.3 86.8 0.9817 0.01 0.0M
41460.000 1976 COM2 65 0R0 235 3.9 14.2 86.8 0.9817 0.00 0.0M
41520.000 1976 COM2 65 0R0 167 5.4 14.2 87.0 0.9817 0.00 0.0M
41580.000 1976 COM2 65 0R0 228 5.5 14.2 87.0 0.9816 0.00 0.0M
41640.000 1976 COM2 65 0R0 222 4.1 14.2 87.0 0.9817 0.00 0.0M
41700.000 1976 COM2 65 0R0 268 3.5 14.2 87.1 0.9817 0.00 0.0M
41760.000 1976 COM2 65 0R0 191 5.5 14.2 87.2 0.9818 0.00 0.0M
41820.000 1976 COM2 65 0R0 206 3.1 14.2 87.3 0.9818 0.00 0.0M
41880.000 1976 COM2 65 0R0 241 6.2 14.1 87.4 0.9817 0.00 0.0M
41940.000 1976 COM2 65 0R0 248 4.1 14.1 87.2 0.9817 0.01 0.0M
42000.000 1976 COM2 65 0R0 221 4.2 14.1 87.3 0.9818 0.01 0.0M
42060.000 1976 COM2 65 0R0 232 7.0 14.1 87.5 0.9817 0.00 0.0M
42120.000 1976 COM2 65 0R0 223 4.6 14.1 87.6 0.9818 0.01 0.0M
42180.000 1976 COM2 65 0R0 245 4.2 14.1 87.5 0.9817 0.02 0.0M
42240.000 1976 COM2 65 0R0 223 5.0 14.0 87.6 0.9819 0.01 0.0M
42300.000 1976 COM2 65 0R0 227 5.0 14.0 87.7 0.9818 0.01 0.0M
42360.000 1976 COM2 65 0R0 251 5.0 14.0 87.8 0.9819 0.02 0.0M
42420.000 1976 COM2 65 0R0 279 2.0 14.0 87.9 0.9819 0.05 0.0M
42480.000 1976 COM2 65 0R0 246 6.0 14.0 88.1 0.9819 0.17 0.0M
42540.000 1976 COM2 65 0R0 214 2.4 14.0 88.1 0.9819 0.11 0.0M
42600.000 1976 COM2 65 0R0 251 4.6 13.9 88.4 0.9820 0.02 0.0M
42660.000 1976 COM2 65 0R0 247 3.9 13.9 88.2 0.9817 0.02 0.0M
42720.000 1976 COM2 65 0R0 263 6.3 13.8 85.0 0.9819 0.03 0.0M
42780.000 1976 COM2 65 0R0 226 4.8 13.8 84.1 0.9819 0.06 0.0M
42840.000 1976 COM2 65 0R0 277 7.2 13.8 85.2 0.9824 0.00 0.0M
42900.000 1976 COM2 65 0R0 287 7.3 13.8 85.2 0.9823 0.00 0.0M
42960.000 1976 COM2 65 0R0 284 3.4 13.8 84.9 0.9826 0.00 0.0M
43020.000 1976 COM2 66 0R0 279 11.4 13.8 84.9 0.9827 0.00 0.0M
43080.000 1976 COM2 65 0R0 199 2.7 13.8 83.0 0.9824 0.00 0.0M
43140.000 1976 COM2 65 0R0 262 8.9 13.7 83.0 0.9827 0.00 0.0M
43200.000 1976 COM2 65 0R0 276 2.8 13.7 81.7 0.9827 0.00 0.0M
43260.000 1976 COM2 65 0R0 308 6.6 13.7 80.5 0.9827 0.00 0.0M
43320.000 1976 COM2 65 0R0 257 4.3 13.6 78.7 0.9828 0.00 0.0M
43380.000 1976 COM2 65 0R0 241 4.7 13.6 76.1 0.9828 0.00 0.0M
43440.000 1976 COM2 65 0R0 267 4.1 13.5 75.7 0.9828 0.00 0.0M
43500.000 1976 COM2 65 0R0 252 3.9 13.5 76.1 0.9829 0.00 0.0M
43560.000 1976 COM2 65 0R0 303 4.1 13.4 76.2 0.9829 0.00 0.0M
43620.000 1976 COM2 65 0R0 232 3.1 13.3 75.7 0.9829 0.00 0.0M
43680.000 1976 COM2 65 0R0 266 3.0 13.2 74.8 0.9829 0.00 0.0M
43740.000 1976 COM2 65 0R0 272 3.8 13.1 74.2 0.9829 0.00 0.0M
43800.000 1976 COM2 65 0R0 250 5.2 13.0 72.9 0.9831 0.00 0.0M
43860.000 1976 COM2 65 0R0 300 4.6 12.9 73.9 0.9830 0.00 0.0M
43920.000 1976 COM2 65 0R0 261 8.0 12.8 72.8 0.9831 0.00 0.0M
43980.000 1976 COM2 65 0R0 247 4.2 12.8 72.0 0.9832 0.00 0.0M
44040.000 1976 COM2 65 0R0 247 6.3 12.7 72.5 0.9830 0.00 0.0M
44100.000 1976 COM2 65 0R0 241 7.8 12.6 72.6 0.9835 0.00 0.0M
44160.000 1976 COM2 65 0R0 241 5.1 12.6 72.4 0.9835 0.00 0.0M
44220.000 1976 COM2 65 0R0 298 1.7 12.6 73.1 0.9838 0.00 0.0M
44280.000 1976 COM2 65 0R0 296 7.0 12.5 68.2 0.9836 0.00 0.0M
44340.000 1976 COM2 65 0R0 283 7.9 12.4 69.9 0.9836 0.00 0.0M
44400.000 1976 COM2 65 0R0 279 5.5 12.3 69.1 0.9838 0.00 0.0M
44460.000 1976 COM2 65 0R0 279 6.6 12.1 66.6 0.9838 0.00 0.0M
44520.000 1976 COM2 65 0R0 266 4.0 12.0 65.4 0.9836 0.04 0.0M
44580.000 1976 COM2 65 0R0 255 6.0 11.8 63.9 0.9839 0.00 0.0M
44640.000 1976 COM2 65 0R0 294 4.6 11.7 64.1 0.9837 0.00 0.0M
44700.000 1976 COM2 65 0R0 294 6.5 11.5 63.6 0.9839 0.00 0.0M
44760.000 1976 COM2 65 0R0 283 3.5 11.4 63.9 0.9840 0.00 0.0M
44820.000 1976 COM2 65 0R0 276 5.0 11.3 63.6 0.9840 0.00 0.0M
44880.000 1976 COM2 65 0R0 282 4.5 11.2 63.2 0.9840 0.00 0.0M
44940.000 1976 COM2 65 0R0 202 2.6 11.1 62.9 0.9839 0.00 0.0M
45000.000 1976 COM2 65 0R0 287 8.4 11.1 63.9 0.9841 0.00 0.0M
45060.000 1976 COM2 65 0R0 274 4.6 11.0 63.5 0.9843 0.00 0.0M
45120.000 1976 COM2 65 0R0 287 7.3 10.9 63.2 0.9842 0.00 0.0M
45180.000 1976 COM2 65 0R0 285 4.6 10.8 65.0 0.9844 0.00 0.0M
45240.000 1976 COM2 65 0R0 224 2.1 10.8 64.2 0.9844 0.00 0.0M
45300.000 1976 COM2 65 0R0 252 4.0 10.7 65.2 0.9847 0.00 0.0M
45360.000 1976 COM2 65 0R0 298 2.3 10.6 64.5 0.9847 0.00 0.0M
45420.000 1976 COM2 65 0R0 014 4.4 10.6 64.0 0.9846 0.00 0.0M
45480.000 1976 COM2 65 0R0 250 5.1 10.5 64.2 0.9846 0.00 0.0M
45540.000 1976 COM2 65 0R0 272 5.8 10.4 64.6 0.9846 0.00 0.0M
45600.000 1976 COM2 65 0R0 272 4.6 10.4 64.6 0.9848 0.00 0.0M
45660.000 1976 COM2 65 0R0 287 3.6 10.3 63.8 0.9847 0.00 0.0M
45720.000 1976 COM2 65 0R0 247 3.0 10.2 64.3 0.9846 0.00 0.0M
45780.000 1976 COM2 65 0R0 278 5.4 10.2 64.8 0.9848 0.00 0.0M
45840.000 1976 COM2 65 0R0 297 5.9 10.1 63.9 0.9847 0.00 0.0M
45900.000 1976 COM2 65 0R0 274 7.1 10.1 63.8 0.9849 0.00 0.0M
45960.000 1976 COM2 65 0R0 266 4.2 10.1 63.3 0.9849 0.00 0.0M
46020.000 1976 COM2 65 0R0 287 8.0 10.0 63.4 0.9850 0.00 0.0M
46080.000 1976 COM2 65 0R0 290 9.0 10.1 62.8 0.9846 0.00 0.0M
46140.000 1976 COM2 65 0R0 203 2.3 10.1 62.8 0.9849 0.00 0.0M
46200.000 1976 COM2 65 0R0 276 7.3 10.1 63.0 0.9851 0.00 0.0M
46260.000 1976 COM2 65 0R0 277 7.9 10.0 63.6 0.9853 0.00 0.0M
46320.000 1976 COM2 65 0R0 286 9.5 10.0 62.2 0.9853 0.00 0.0M
46380.000 1976 COM2 65 0R0 275 9.9 10.0 62.5 0.9852 0.00 0.0M
46440.000 1976 COM2 65 0R0 226 5.3 10.0 62.1 0.9852 0.00 0.0M
46500.000 1976 COM2 65 0R0 259 4.0 10.0 62.1 0.9853 0.00 0.0M
46560.000 1976 COM2 65 0R0 261 7.5 10.1 60.9 0.9853 0.00 0.0M
46620.000 1976 COM2 65 0R0 259 5.3 10.1 61.0 0.9851 0.00 0.0M
46680.000 1976 COM2 65 0R0 286 4.9 10.0 61.5 0.9854 0.00 0.0M
46740.000 1976 COM2 65 0R0 285 6.1 10.0 61.3 0.9854 0.00 0.0M
46800.000 1976 COM2 65 0R0 328 7.1 10.0 62.0 0.9855 0.00 0.0M
46860.000 1976 COM2 65 0R0 235 6.5 10.0 61.9 0.9856 0.00 0.0M
46920.000 1976 COM2 65 0R0 278 4.9 10.0 60.9 0.9858 0.00 0.0M
46980.000 1976 COM2 65 0R0 252 1.9 10.0 60.3 0.9859 0.00 0.0M
47040.100 1976 COM2 66 0R0 277 13.4 10.0 60.9 0.9858 0.00 0.0M
47100.000 1976 COM2 65 0R0 240 2.6 10.1 60.2 0.9860 0.00 0.0M
47160.000 1976 COM2 65 0R0 291 7.6 10.1 60.2 0.9859 0.00 0.0M
47220.000 1976 COM2 65 0R0 298 2.8 10.1 60.1 0.9859 0.00 0.0M
47280.000 1976 COM2 65 0R0 235 1.9 10.0 59.3 0.9859 0.00 0.0M
47340.000 1976 COM2 65 0R0 239 8.2 10.0 61.5 0.9860 0.00 0.0M
47400.000 1976 COM2 64 0R0 241 5.3 9.9 60.8 0.9861 0.00 0.0M
47460.000 1976 COM2 64 0R0 287 3.4 9.9 60.9 0.9861 0.00 0.0M
47520.000 1976 COM2 64 0R0 280 7.1 9.9 61.2 0.9861 0.00 0.0M
47580.000 1976 COM2 64 0R0 249 3.1 9.9 60.1 0.9862 0.00 0.0M
47640.000 1976 COM2 64 0R0 217 1.6 9.9 61.4 0.9861 0.00 0.0M
47700.000 1976 COM2 64 0R0 280 4.6 9.9 62.1 0.9862 0.00 0.0M
47760.000 1976 COM2 64 0R0 232 7.0 9.9 60.6 0.9860 0.00 0.0M
47820.000 1976 COM2 64 0R0 186 3.3 9.9 61.0 0.9860 0.00 0.0M
47880.000 1976 COM2 64 0R0 276 3.2 9.9 61.1 0.9861 0.00 0.0M
47940.000 1976 COM2 64 0R0 236 2.5 9.8 62.3 0.9862 0.00 0.0M
48000.000 1976 COM2 64 0R0 303 1.6 9.8 61.9 0.9862 0.00 0.0M
48060.000 1976 COM2 64 0R0 324 1.6 9.8 62.4 0.9862 0.00 0.0M
48120.000 1976 COM2 64 0R0 253 9.3 9.8 60.9 0.9863 0.00 0.0M
48180.000 1976 COM2 64 0R0 257 4.8 9.7 61.4 0.9863 0.00 0.0M
48240.000 1976 COM2 64 0R0 265 5.4 9.7 61.0 0.9860 0.00 0.0M
48300.000 1976 COM2 64 0R0 251 3.2 9.6 60.8 0.9862 0.00 0.0M
48360.000 1976 COM2 64 0R0 282 7.0 9.6 60.3 0.9863 0.00 0.0M
48420.000 1976 COM2 64 0R0 238 5.4 9.6 60.1 0.9863 0.00 0.0M
48480.000 1976 COM2 64 0R0 306 2.3 9.6 60.9 0.9863 0.00 0.0M
48540.000 1976 COM2 64 0R0 244 2.0 9.5 60.9 0.9865 0.00 0.0M
48600.000 1976 COM2 64 0R0 281 5.6 9.5 60.4 0.9864 0.00 0.0M
48660.000 1976 COM2 64 0R0 229 2.4 9.5 60.6 0.9865 0.00 0.0M
48720.000 1976 COM2 64 0R0 262 3.4 9.5 60.2 0.9866 0.00 0.0M
48780.000 1976 COM2 64 0R0 277 6.9 9.5 59.9 0.9866 0.00 0.0M
48840.000 1976 COM2 64 0R0 238 3.8 9.6 60.7 0.9867 0.00 0.0M
48900.000 1976 COM2 64 0R0 259 4.6 9.6 60.3 0.9867 0.00 0.0M
48960.000 1976 COM2 64 0R0 293 9.4 9.7 59.8 0.9868 0.00 0.0M
49020.000 1976 COM2 64 0R0 311 2.7 9.7 59.4 0.9869 0.00 0.0M
49080.000 1976 COM2 64 0R0 260 1.7 9.7 59.0 0.9869 0.00 0.0M
49140.000 1976 COM2 64 0R0 279 4.9 9.7 58.6 0.9868 0.00 0.0M
49200.000 1976 COM2 64 0R0 269 5.1 9.7 59.5 0.9870 0.00 0.0M
49260.000 1976 COM2 64 0R0 287 7.2 9.7 58.3 0.9870 0.00 0.0M
49320.000 1976 COM2 64 0R0 293 6.8 9.7 58.1 0.9870 0.00 0.0M
49380.000 1976 COM2 64 0R0 288 3.6 9.7 59.0 0.9872 0.00 0.0M
49440.000 1976 COM2 64 0R0 245 2.1 9.7 58.9 0.9871 0.00 0.0M
49500.000 1976 COM2 64 0R0 233 2.9 9.7 59.0 0.9872 0.00 0.0M
49560.000 1976 COM2 64 0R0 183 2.1 9.7 58.1 0.9872 0.00 0.0M
49620.000 1976 COM2 64 0R0 233 4.7 9.7 58.5 0.9872 0.00 0.0M
49680.000 1976 COM2 64 0R0 286 4.1 9.7 58.0 0.9872 0.00 0.0M
49740.000 1976 COM2 64 0R0 288 2.9 9.6 57.5 0.9871 0.00 0.0M
49800.000 1976 COM2 64 0R0 251 5.7 9.6 58.6 0.9872 0.00 0.0M
49860.000 1976 COM2 64 0R0 308 4.7 9.6 58.7 0.9873 0.00 0.0M
49920.000 1976 COM2 64 0R0 293 7.8 9.6 58.2 0.9872 0.00 0.0M
49980.000 1976 COM2 64 0R0 318 1.9 9.6 57.8 0.9874 0.00 0.0M
50040.000 1976 COM2 64 0R0 288 2.8 9.6 59.3 0.9875 0.00 0.0M
50100.000 1976 COM2 64 0R0 267 4.8 9.6 58.7 0.9875 0.00 0.0M
50160.000 1976 COM2 64 0R0 286 3.8 9.6 58.0 0.9874 0.00 0.0M
50220.000 1976 COM2 64 0R0 266 5.5 9.7 58.5 0.9875 0.00 0.0M
50280.000 1976 COM2 64 0R0 260 2.3 9.7 57.8 0.9876 0.00 0.0M
50340.000 1976 COM2 64 0R0 262 8.6 9.7 57.8 0.9876 0.00 0.0M
50400.000 1976 COM2 64 0R0 301 2.7 9.7 56.8 0.9875 0.00 0.0M
50460.000 1976 COM2 64 0R0 276 3.2 9.7 56.6 0.9874 0.00 0.0M
50520.000 1976 COM2 64 0R0 267 4.4 9.7 56.7 0.9875 0.00 0.0M
50580.000 1976 COM2 64 0R0 286 5.5 9.7 56.7 0.9876 0.00 0.0M
50640.000 1976 COM2 64 0R0 280 7.2 9.7 57.8 0.9878 0.00 0.0M
50700.000 1976 COM2 64 0R0 264 8.6 9.7 56.4 0.9877 0.00 0.0M
50760.000 1976 COM2 64 0R0 281 8.5 9.7 56.7 0.9876 0.00 0.0M
50820.000 1976 COM2 64 0R0 276 2.7 9.7 55.7 0.9877 0.00 0.0M
50880.000 1976 COM2 64 0R0 263 4.6 9.7 56.0 0.9879 0.00 0.0M
50940.000 1976 COM2 64 0R0 290 5.7 9.7 55.6 0.9878 0.00 0.0M
51000.000 1976 COM2 64 0R0 319 5.4 9.7 55.5 0.9877 0.00 0.0M
51060.000 1976 COM2 64 0R0 298 1.6 9.7 55.7 0.9878 0.00 0.0M
51120.000 1976 COM2 64 0R0 296 6.9 9.6 55.5 0.9878 0.00 0.0M
51180.000 1976 COM2 64 0R0 307 3.6 9.6 55.7 0.9879 0.00 0.0M
51240.000 1976 COM2 64 0R0 252 5.2 9.6 55.9 0.9881 0.00 0.0M
51300.000 1976 COM2 64 0R0 264 6.3 9.6 55.7 0.9878 0.00 0.0M
51360.000 1976 COM2 64 0R0 276 4.5 9.6 55.7 0.9880 0.00 0.0M
51420.000 1976 COM2 64 0R0 268 6.3 9.6 55.3 0.9881 0.00 0.0M
51480.000 1976 COM2 64 0R0 306 2.4 9.6 55.4 0.9881 0.00 0.0M
51540.000 1976 COM2 64 0R0 254 1.5 9.6 55.6 0.9882 0.00 0.0M
51600.000 1976 COM2 64 0R0 278 3.1 9.5 55.7 0.9884 0.00 0.0M
51660.000 1976 COM2 64 0R0 305 2.4 9.6 55.9 0.9883 0.00 0.0M
51720.000 1976 COM2 64 0R0 263 4.2 9.6 56.8 0.9883 0.00 0.0M
51780.000 1976 COM2 64 0R0 268 1.8 9.6 55.9 0.9883 0.00 0.0M
51840.000 1976 COM2 64 0R0 324 1.1 9.6 55.9 0.9884 0.00 0.0M
51900.000 1976 COM2 64 0R0 282 2.8 9.6 55.5 0.9885 0.00 0.0M
51960.000 1976 COM2 64 0R0 253 4.2 9.6 55.0 0.9885 0.00 0.0M
52020.000 1976 COM2 64 0R0 301 6.9 9.6 55.7 0.9886 0.00 0.0M
52080.000 1976 COM2 65 0R0 266 10.3 9.6 55.3 0.9884 0.00 0.0M
52140.000 1976 COM2 64 0R0 277 4.9 9.6 55.2 0.9886 0.00 0.0M
52200.000 1976 COM2 64 0R0 234 3.5 9.6 54.3 0.9887 0.00 0.0M
52260.000 1976 COM2 64 0R0 303 2.9 9.6 54.5 0.9886 0.00 0.0M
52320.000 1976 COM2 64 0R0 247 5.2 9.6 54.5 0.9885 0.00 0.0M
52380.000 1976 COM2 64 0R0 262 6.3 9.6 54.4 0.9886 0.00 0.0M
52440.000 1976 COM2 64 0R0 242 6.7 9.6 54.0 0.9885 0.00 0.0M
52500.000 1976 COM2 64 0R0 228 4.8 9.6 54.0 0.9887 0.00 0.0M
52560.000 1976 COM2 64 0R0 276 4.0 9.6 53.8 0.9886 0.00 0.0M
52620.000 1976 COM2 64 0R0 286 9.4 9.6 54.0 0.9888 0.00 0.0M
52680.000 1976 COM2 64 0R0 282 3.1 9.6 54.0 0.9888 0.00 0.0M
52740.000 1976 COM2 64 0R0 279 8.2 9.6 53.9 0.9888 0.00 0.0M
52800.000 1976 COM2 64 0R0 249 4.2 9.6 53.6 0.9888 0.00 0.0M
52860.000 1976 COM2 64 0R0 295 6.4 9.6 54.5 0.9889 0.00 0.0M
52920.000 1976 COM2 64 0R0 305 4.5 9.6 54.1 0.9888 0.00 0.0M
52980.000 1976 COM2 64 0R0 278 2.0 9.6 53.8 0.9889 0.00 0.0M
53040.000 1976 COM2 64 0R0 233 5.0 9.6 53.6 0.9889 0.00 0.0M
53100.000 1976 COM2 64 0R0 286 5.1 9.6 53.8 0.9890 0.00 0.0M
53160.000 1976 COM2 64 0R0 310 1.8 9.6 53.7 0.9890 0.00 0.0M
53220.000 1976 COM2 64 0R0 268 3.4 9.6 53.9 0.9888 0.00 0.0M
53280.000 1976 COM2 64 0R0 248 2.0 9.7 54.3 0.9891 0.00 0.0M
53340.000 1976 COM2 64 0R0 265 6.8 9.7 53.6 0.9891 0.00 0.0M
53400.000 1976 COM2 64 0R0 292 4.5 9.7 53.3 0.9889 0.00 0.0M
53460.000 1976 COM2 64 0R0 284 7.7 9.7 53.1 0.9891 0.00 0.0M
53520.000 1976 COM2 64 0R0 285 6.6 9.6 53.3 0.9890 0.00 0.0M
53580.000 1976 COM2 65 0R0 237 12.9 9.6 52.9 0.9889 0.01 0.0M
53640.000 1976 COM2 64 0R0 278 5.7 9.6 54.2 0.9889 0.00 0.0M
53700.000 1976 COM2 64 0R0 247 2.2 9.6 53.7 0.9893 0.00 0.0M
53760.000 1976 COM2 64 0R0 269 3.2 9.6 52.7 0.9894 0.00 0.0M
53820.000 1976 COM2 64 0R0 293 3.3 9.6 53.2 0.9894 0.00 0.0M
53880.000 1976 COM2 64 0R0 345 2.4 9.6 53.5 0.9895 0.00 0.0M
53940.000 1976 COM2 64 0R0 236 1.9 9.6 53.0 0.9893 0.00 0.0M
54000.000 1976 COM2 64 0R0 290 2.7 9.7 53.9 0.9894 0.00 0.0M
54060.000 1976 COM2 64 0R0 271 3.4 9.8 53.7 0.9895 0.00 0.0M
54120.000 1976 COM2 64 0R0 292 5.3 9.8 52.5 0.9894 0.00 0.0M
54180.000 1976 COM2 64 0R0 292 3.8 9.8 52.6 0.9895 0.00 0.0M
54240.000 1976 COM2 64 0R0 294 8.0 9.7 52.6 0.9894 0.00 0.0M
54300.000 1976 COM2 64 0R0 287 6.3 9.7 52.3 0.9893 0.00 0.0M
54360.000 1976 COM2 64 0R0 339 5.2 9.7 52.8 0.9897 0.00 0.0M
54420.000 1976 COM2 64 0R0 291 8.2 9.6 51.1 0.9894 0.00 0.0M
54480.000 1976 COM2 64 0R0 274 3.3 9.6 51.9 0.9895 0.00 0.0M
54540.000 1976 COM2 64 0R0 295 4.5 9.6 51.9 0.9896 0.00 0.0M
54600.000 1976 COM2 64 0R0 282 3.3 9.7 52.0 0.9896 0.00 0.0M
54660.000 1976 COM2 64 0R0 233 1.4 9.8 51.7 0.9896 0.00 0.0M
54720.000 1976 COM2 64 0R0 298 2.0 9.8 51.1 0.9897 0.00 0.0M
54780.000 1976 COM2 64 0R0 301 9.4 9.8 51.5 0.9897 0.00 0.0M
54840.000 1976 COM2 64 0R0 292 5.4 9.8 51.3 0.9895 0.00 0.0M
54900.000 1976 COM2 64 0R0 253 4.9 9.8 51.4 0.9897 0.00 0.0M
54960.000 1976 COM2 64 0R0 135 0.6 9.8 51.3 0.9897 0.00 0.0M
55020.000 1976 COM2 64 0R0 255 3.4 9.8 50.6 0.9898 0.00 0.0M
55080.000 1976 COM2 64 0R0 270 5.0 9.9 51.8 0.9898 0.00 0.0M
55140.000 1976 COM2 65 0R0 265 7.1 10.0 51.3 0.9897 0.00 0.0M
55200.000 1976 COM2 65 0R0 130 1.8 10.0 50.9 0.9895 0.00 0.0M
55260.000 1976 COM2 66 0R0 285 10.0 10.1 51.2 0.9897 0.00 0.0M
55320.000 1976 COM2 65 0R0 270 2.7 10.1 50.3 0.9897 0.00 0.0M
55380.000 1976 COM2 65 0R0 275 6.8 10.0 49.8 0.9897 0.00 0.0M
55440.000 1976 COM2 65 0R0 299 6.1 10.0 50.2 0.9898 0.00 0.0M
55500.000 1976 COM2 65 0R0 283 9.7 10.0 50.1 0.9898 0.01 0.0M
55560.000 1976 COM2 65 0R0 294 2.0 10.0 50.0 0.9898 0.00 0.0M
55620.000 1976 COM2 65 0R0 323 6.8 10.0 50.0 0.9899 0.00 0.0M
55680.000 1976 COM2 65 0R0 265 8.9 10.0 50.9 0.9898 0.00 0.0M
55740.000 1976 COM2 64 0R0 288 7.8 9.9 50.0 0.9898 0.00 0.0M
55800.000 1976 COM2 64 0R0 284 5.0 9.9 49.7 0.9899 0.00 0.0M
55860.000 1976 COM2 64 0R0 292 7.4 9.9 48.5 0.9899 0.00 0.0M
55920.000 1976 COM2 64 0R0 274 5.2 9.9 49.4 0.9899 0.00 0.0M
55980.000 1976 COM2 65 0R0 297 12.5 9.9 49.1 0.9896 0.00 0.0M
56040.000 1976 COM2 64 0R0 296 9.1 9.9 48.3 0.9901 0.00 0.0M
56100.000 1976 COM2 64 0R0 216 0.9 9.9 49.0 0.9901 0.00 0.0M
56160.000 1976 COM2 64 0R0 295 7.5 9.9 49.1 0.9902 0.00 0.0M
56220.000 1976 COM2 64 0R0 247 1.8 9.9 49.1 0.9902 0.00 0.0M
56280.000 1976 COM2 64 0R0 273 3.2 9.9 48.9 0.9901 0.00 0.0M
56340.000 1976 COM2 64 0R0 259 4.1 9.9 49.3 0.9902 0.00 0.0M
56400.000 1976 COM2 65 0R0 282 6.8 10.0 48.7 0.9900 0.00 0.0M
56460.000 1976 COM2 65 0R0 255 4.5 10.0 48.2 0.9901 0.00 0.0M
56520.000 1976 COM2 64 0R0 346 3.6 9.9 48.7 0.9900 0.00 0.0M
56580.000 1976 COM2 65 0R0 307 11.5 9.9 48.4 0.9902 0.00 0.0M
56640.000 1976 COM2 65 0R0 231 5.1 10.0 48.8 0.9903 0.00 0.0M
56700.000 1976 COM2 65 0R0 287 9.2 10.0 48.3 0.9902 0.00 0.0M
56760.000 1976 COM2 65 0R0 316 3.7 10.1 47.7 0.9901 0.00 0.0M
56820.000 1976 COM2 65 0R0 291 9.5 10.1 49.2 0.9903 0.00 0.0M
56880.000 1976 COM2 65 0R0 238 2.1 10.2 48.7 0.9902 0.00 0.0M
56940.000 1976 COM2 65 0R0 227 4.8 10.2 48.6 0.9903 0.00 0.0M
57000.000 1976 COM2 65 0R0 285 2.6 10.3 48.2 0.9903 0.00 0.0M
57060.000 1976 COM2 65 0R0 233 2.1 10.3 47.5 0.9902 0.00 0.0M
57120.000 1976 COM2 65 0R0 304 8.2 10.4 48.2 0.9905 0.00 0.0M
57180.000 1976 COM2 65 0R0 213 1.7 10.5 46.4 0.9905 0.00 0.0M
57240.000 1976 COM2 65 0R0 281 4.4 10.4 47.1 0.9906 0.00 0.0M
57300.000 1976 COM2 65 0R0 302 3.4 10.4 47.2 0.9904 0.00 0.0M
57360.000 1976 COM2 65 0R0 285 5.0 10.3 46.8 0.9904 0.00 0.0M
57420.000 1976 COM2 65 0R0 285 5.3 10.2 47.0 0.9904 0.00 0.0M
57480.000 1976 COM2 65 0R0 248 2.4 10.1 47.6 0.9904 0.00 0.0M
57540.000 1976 COM2 65 0R0 293 7.4 10.0 48.6 0.9905 0.00 0.0M
57600.000 1976 COM2 65 0R0 278 2.7 10.0 48.5 0.9905 0.00 0.0M
57660.000 1976 COM2 65 0R0 261 2.0 10.0 48.2 0.9905 0.00 0.0M
57720.000 1976 COM2 65 0R0 291 6.4 10.1 48.5 0.9906 0.00 0.0M
57780.000 1976 COM2 65 0R0 296 5.7 10.1 48.0 0.9908 0.00 0.0M
57840.000 1976 COM2 65 0R0 312 4.6 10.1 48.1 0.9907 0.00 0.0M
57900.000 1976 COM2 65 0R0 275 3.6 10.1 48.2 0.9907 0.00 0.0M
57960.000 1976 COM2 65 0R0 268 8.9 10.1 47.9 0.9907 0.00 0.0M
58020.000 1976 COM2 65 0R0 294 7.2 10.0 47.2 0.9907 0.00 0.0M
58080.000 1976 COM2 64 0R0 290 7.0 9.9 47.6 0.9907 0.00 0.0M
58140.000 1976 COM2 64 0R0 285 2.3 9.7 48.3 0.9909 0.00 0.0M
58200.000 1976 COM2 64 0R0 303 7.2 9.7 48.3 0.9908 0.00 0.0M
58260.000 1976 COM2 64 0R0 312 4.3 9.7 48.3 0.9909 0.00 0.0M
58320.000 1976 COM2 64 0R0 296 5.2 9.7 47.5 0.9908 0.00 0.0M
58380.000 1976 COM2 64 0R0 291 4.4 9.7 48.7 0.9910 0.00 0.0M
58440.000 1976 COM2 64 0R0 285 5.5 9.7 48.8 0.9909 0.00 0.0M
58500.000 1976 COM2 64 0R0 226 5.4 9.7 48.6 0.9909 0.00 0.0M
58560.000 1976 COM2 64 0R0 287 4.1 9.7 49.1 0.9909 0.00 0.0M
58620.000 1976 COM2 64 0R0 294 3.5 9.8 48.3 0.9909 0.00 0.0M
58680.000 1976 COM2 64 0R0 289 2.8 9.7 48.8 0.9909 0.00 0.0M
58740.000 1976 COM2 64 0R0 252 7.2 9.7 48.6 0.9907 0.00 0.0M
58800.000 1976 COM2 64 0R0 308 4.7 9.7 48.7 0.9910 0.00 0.0M
58860.000 1976 COM2 64 0R0 282 9.4 9.7 48.9 0.9909 0.00 0.0M
58920.000 1976 COM2 64 0R0 271 5.8 9.7 48.5 0.9908 0.00 0.0M
58980.000 1976 COM2 64 0R0 247 5.6 9.7 48.6 0.9909 0.00 0.0M
59040.000 1976 COM2 64 0R0 293 3.1 9.8 47.9 0.9910 0.00 0.0M
59100.000 1976 COM2 64 0R0 291 8.4 9.8 47.9 0.9910 0.00 0.0M
59160.000 1976 COM2 64 0R0 310 8.4 9.8 48.2 0.9911 0.00 0.0M
59220.000 1976 COM2 64 0R0 286 4.3 9.8 48.2 0.9911 0.00 0.0M
59280.000 1976 COM2 64 0R0 207 1.9 9.9 47.5 0.9912 0.00 0.0M
59340.000 1976 COM2 64 0R0 315 4.2 9.9 48.0 0.9911 0.00 0.0M
59400.000 1976 COM2 64 0R0 174 2.0 9.9 47.9 0.9909 0.00 0.0M
59460.000 1976 COM2 64 0R0 283 8.3 9.9 47.8 0.9912 0.00 0.0M
59520.100 1976 COM2 64 0R0 279 6.2 9.8 48.0 0.9912 0.00 0.0M
59580.000 1976 COM2 64 0R0 306 5.1 9.8 47.6 0.9913 0.00 0.0M
59640.000 1976 COM2 64 0R0 290 4.1 9.8 47.7 0.9913 0.00 0.0M
59700.000 1976 COM2 64 0R0 292 6.7 9.8 47.5 0.9912 0.00 0.0M
59760.000 1976 COM2 64 0R0 289 3.0 9.9 47.1 0.9912 0.00 0.0M
59820.000 1976 COM2 64 0R0 028 1.3 9.9 46.8 0.9913 0.00 0.0M
59880.000 1976 COM2 65 0R0 295 6.5 10.0 46.0 0.9914 0.00 0.0M
59940.000 1976 COM2 65 0R0 259 3.7 10.0 46.8 0.9914 0.00 0.0M
60000.000 1976 COM2 65 0R0 319 2.1 10.1 46.2 0.9911 0.00 0.0M
60060.000 1976 COM2 65 0R0 256 6.3 10.1 45.9 0.9912 0.00 0.0M
60120.000 1976 COM2 65 0R0 302 2.4 10.1 45.6 0.9914 0.00 0.0M
60180.000 1976 COM2 65 0R0 275 6.7 10.2 45.3 0.9914 0.00 0.0M
60240.000 1976 COM2 65 0R0 281 1.9 10.2 45.6 0.9913 0.00 0.0M
60300.000 1976 COM2 65 0R0 286 4.6 10.2 45.4 0.9913 0.00 0.0M
60360.000 1976 COM2 65 0R0 316 2.8 10.3 45.3 0.9913 0.00 0.0M
60420.000 1976 COM2 65 0R0 295 7.8 10.4 45.8 0.9914 0.00 0.0M
60480.000 1976 COM2 65 0R0 267 2.9 10.5 45.1 0.9913 0.00 0.0M
60540.000 1976 COM2 65 0R0 261 3.0 10.5 45.5 0.9914 0.00 0.0M
60600.000 1976 COM2 65 0R0 303 5.6 10.4 44.5 0.9913 0.00 0.0M
60660.000 1976 COM2 65 0R0 289 2.3 10.3 44.6 0.9914 0.00 0.0M
60720.000 1976 COM2 65 0R0 303 8.7 10.3 44.9 0.9914 0.00 0.0M
60780.000 1976 COM2 65 0R0 316 5.1 10.2 46.3 0.9915 0.00 0.0M
60840.000 1976 COM2 65 0R0 248 0.9 10.2 45.5 0.9915 0.00 0.0M
60900.000 1976 COM2 65 0R0 300 5.1 10.1 45.8 0.9915 0.00 0.0M
60960.000 1976 COM2 65 0R0 280 3.1 10.1 46.1 0.9916 0.00 0.0M
61020.000 1976 COM2 65 0R0 289 5.6 10.2 46.2 0.9916 0.00 0.0M
61080.000 1976 COM2 65 0R0 292 3.3 10.3 45.9 0.9916 0.00 0.0M
61140.000 1976 COM2 65 0R0 283 6.3 10.3 45.4 0.9916 0.00 0.0M
61200.000 1976 COM2 65 0R0 268 3.4 10.2 46.9 0.9917 0.00 0.0M
61260.000 1976 COM2 65 0R0 292 7.7 10.2 45.9 0.9915 0.00 0.0M
61320.000 1976 COM2 65 0R0 249 5.0 10.2 46.5 0.9915 0.00 0.0M
61380.000 1976 COM2 65 0R0 272 6.5 10.2 46.3 0.9916 0.00 0.0M
61440.000 1976 COM2 65 0R0 267 3.8 10.2 45.7 0.9917 0.00 0.0M
61500.000 1976 COM2 65 0R0 276 0.9 10.2 45.5 0.9916 0.00 0.0M
61560.000 1976 COM2 65 0R0 315 6.1 10.2 46.0 0.9914 0.00 0.0M
61620.000 1976 COM2 65 0R0 285 3.3 10.2 46.6 0.9914 0.00 0.0M
61680.000 1976 COM2 65 0R0 285 3.3 10.3 46.6 0.9914 0.00 0.0M
61740.000 1976 COM2 65 0R0 303 5.6 10.4 45.7 0.9915 0.00 0.0M
61800.000 1976 COM2 65 0R0 280 9.2 10.4 45.6 0.9915 0.00 0.0M
61860.000 1976 COM2 65 0R0 299 6.9 10.4 44.9 0.9913 0.00 0.0M
61920.000 1976 COM2 65 0R0 320 5.9 10.4 45.2 0.9913 0.00 0.0M
61980.000 1976 COM2 65 0R0 277 9.5 10.4 45.2 0.9913 0.00 0.0M
62040.000 1976 COM2 65 0R0 192 1.4 10.4 45.1 0.9913 0.00 0.0M
62100.000 1976 COM2 65 0R0 274 6.5 10.4 45.0 0.9915 0.00 0.0M
62160.000 1976 COM2 65 0R0 248 2.5 10.5 45.3 0.9915 0.00 0.0M
62220.000 1976 COM2 66 0R0 291 10.0 10.6 44.8 0.9913 0.00 0.0M
62280.000 1976 COM2 66 0R0 270 12.1 10.7 44.7 0.9914 0.00 0.0M
62340.000 1976 COM2 65 0R0 293 3.7 10.6 44.9 0.9915 0.00 0.0M
62400.000 1976 COM2 65 0R0 308 2.3 10.6 45.0 0.9917 0.00 0.0M
62460.000 1976 COM2 65 0R0 305 8.5 10.6 44.4 0.9916 0.00 0.0M
62520.000 1976 COM2 65 0R0 302 2.9 10.6 44.3 0.9916 0.00 0.0M
62580.100 1976 COM2 65 0R0 275 2.8 10.6 44.1 0.9916 0.00 0.0M
62640.000 1976 COM2 65 0R0 268 2.6 10.6 44.0 0.9916 0.00 0.0M
62700.000 1976 COM2 65 0R0 287 5.1 10.6 44.0 0.9915 0.00 0.0M
62760.000 1976 COM2 65 0R0 250 1.0 10.6 44.9 0.9917 0.00 0.0M
62820.000 1976 COM2 65 0R0 320 2.8 10.8 44.2 0.9917 0.00 0.0M
62880.000 1976 COM2 65 0R0 291 3.6 10.9 44.6 0.9917 0.00 0.0M
62940.000 1976 COM2 65 0R0 295 5.2 10.9 44.1 0.9916 0.00 0.0M
63000.000 1976 COM2 65 0R0 294 3.9 10.9 43.9 0.9917 0.00 0.0M
63060.000 1976 COM2 65 0R0 306 4.6 11.0 43.6 0.9917 0.00 0.0M
63120.000 1976 COM2 65 0R0 273 5.3 11.0 43.3 0.9917 0.00 0.0M
63180.000 1976 COM2 65 0R0 284 4.7 11.0 42.7 0.9916 0.00 0.0M
63240.000 1976 COM2 65 0R0 284 5.6 11.0 42.7 0.9916 0.00 0.0M
63300.000 1976 COM2 66 0R0 298 10.8 11.0 42.8 0.9914 0.00 0.0M
63360.000 1976 COM2 65 0R0 291 6.0 10.9 42.8 0.9915 0.00 0.0M
63420.000 1976 COM2 65 0R0 237 2.6 10.8 43.4 0.9915 0.00 0.0M
63480.000 1976 COM2 65 0R0 299 6.7 10.9 43.2 0.9917 0.00 0.0M
63540.000 1976 COM2 65 0R0 303 2.1 11.0 42.1 0.9917 0.00 0.0M
63600.000 1976 COM2 65 0R0 285 5.3 11.0 41.9 0.9917 0.00 0.0M
63660.000 1976 COM2 65 0R0 291 2.3 11.1 42.0 0.9915 0.00 0.0M
63720.000 1976 COM2 65 0R0 238 9.4 11.2 41.2 0.9917 0.00 0.0M
63780.000 1976 COM2 65 0R0 258 2.6 11.2 41.4 0.9917 0.00 0.0M
63840.000 1976 COM2 65 0R0 316 4.7 11.2 40.7 0.9916 0.00 0.0M
63900.000 1976 COM2 65 0R0 279 8.8 11.2 40.7 0.9916 0.00 0.0M
63960.000 1976 COM2 65 0R0 307 7.3 11.2 41.2 0.9916 0.00 0.0M
64020.000 1976 COM2 65 0R0 279 4.0 11.1 42.0 0.9917 0.00 0.0M
64080.000 1976 COM2 65 0R0 279 9.4 11.1 41.6 0.9917 0.00 0.0M
64140.000 1976 COM2 65 0R0 277 7.2 11.0 41.8 0.9917 0.00 0.0M
64200.000 1976 COM2 65 0R0 285 3.8 11.0 41.5 0.9917 0.00 0.0M
64260.000 1976 COM2 65 0R0 280 3.8 11.0 41.7 0.9918 0.00 0.0M
64320.000 1976 COM2 65 0R0 293 9.1 11.0 42.1 0.9916 0.00 0.0M
64380.000 1976 COM2 65 0R0 266 5.2 10.8 41.8 0.9916 0.00 0.0M
64440.000 1976 COM2 65 0R0 283 3.1 10.7 42.1 0.9917 0.00 0.0M
64500.000 1976 COM2 65 0R0 273 5.4 10.7 42.1 0.9918 0.00 0.0M
64560.000 1976 COM2 65 0R0 229 2.8 10.7 42.0 0.9918 0.00 0.0M
64620.000 1976 COM2 65 0R0 291 6.4 10.7 41.4 0.9918 0.00 0.0M
64680.000 1976 COM2 65 0R0 290 2.7 10.7 41.8 0.9918 0.00 0.0M
64740.000 1976 COM2 65 0R0 302 5.2 10.7 42.1 0.9919 0.00 0.0M
64800.000 1976 COM2 65 0R0 310 3.0 10.7 42.4 0.9917 0.00 0.0M
64860.000 1976 COM2 65 0R0 282 9.5 10.7 42.4 0.9918 0.00 0.0M
64920.000 1976 COM2 65 0R0 287 4.8 10.7 41.1 0.9919 0.00 0.0M
64980.000 1976 COM2 65 0R0 295 5.1 10.6 42.1 0.9918 0.00 0.0M
65040.000 1976 COM2 65 0R0 290 4.2 10.7 41.5 0.9919 0.00 0.0M
65100.000 1976 COM2 65 0R0 286 4.6 10.8 41.2 0.9919 0.00 0.0M
65160.000 1976 COM2 66 0R0 294 10.8 10.8 41.6 0.9919 0.00 0.0M
65220.000 1976 COM2 65 0R0 254 2.2 10.8 41.9 0.9921 0.00 0.0M
65280.000 1976 COM2 65 0R0 294 4.1 10.8 41.4 0.9921 0.00 0.0M
65340.000 1976 COM2 65 0R0 256 6.5 10.9 41.0 0.9921 0.00 0.0M
65400.000 1976 COM2 65 0R0 270 3.0 10.9 40.8 0.9921 0.00 0.0M
65460.000 1976 COM2 65 0R0 286 6.0 10.9 41.0 0.9921 0.00 0.0M
65520.000 1976 COM2 65 0R0 284 6.3 10.8 41.7 0.9921 0.00 0.0M
65580.000 1976 COM2 65 0R0 275 6.4 10.8 42.0 0.9919 0.00 0.0M
65640.000 1976 COM2 65 0R0 266 6.7 10.7 41.2 0.9919 0.00 0.0M
65700.000 1976 COM2 65 0R0 302 4.0 10.7 41.2 0.9919 0.00 0.0M
65760.000 1976 COM2 65 0R0 299 6.9 10.7 41.2 0.9919 0.00 0.0M
65820.000 1976 COM2 65 0R0 247 2.6 10.7 41.3 0.9921 0.00 0.0M
65880.000 1976 COM2 65 0R0 233 4.5 10.7 41.3 0.9921 0.00 0.0M
65940.000 1976 COM2 66 0R0 279 11.5 10.7 40.9 0.9921 0.00 0.0M
66000.000 1976 COM2 65 0R0 235 3.2 10.7 40.8 0.9921 0.00 0.0M
66060.000 1976 COM2 65 0R0 276 6.8 10.7 40.7 0.9920 0.00 0.0M
66120.000 1976 COM2 65 0R0 260 3.4 10.7 41.0 0.9920 0.00 0.0M
66180.000 1976 COM2 65 0R0 292 5.0 10.7 41.1 0.9922 0.00 0.0M
66240.000 1976 COM2 65 0R0 263 6.9 10.7 40.4 0.9922 0.00 0.0M
66300.000 1976 COM2 65 0R0 194 1.3 10.7 40.5 0.9920 0.00 0.0M
66360.000 1976 COM2 65 0R0 313 3.0 10.8 40.5 0.9922 0.00 0.0M
66420.000 1976 COM2 65 0R0 297 9.7 10.8 40.3 0.9920 0.00 0.0M
66480.000 1976 COM2 65 0R0 339 4.9 10.7 40.6 0.9920 0.00 0.0M
66540.000 1976 COM2 65 0R0 272 5.9 10.7 41.0 0.9921 0.00 0.0M
66600.000 1976 COM2 65 0R0 290 4.9 10.7 40.4 0.9919 0.00 0.0M
66660.000 1976 COM2 65 0R0 302 2.6 10.6 40.3 0.9921 0.00 0.0M
66720.000 1976 COM2 65 0R0 331 3.9 10.7 40.5 0.9921 0.00 0.0M
66780.000 1976 COM2 65 0R0 256 5.8 10.8 40.6 0.9922 0.00 0.0M
66840.000 1976 COM2 65 0R0 252 3.2 10.8 40.1 0.9921 0.00 0.0M
66900.000 1976 COM2 65 0R0 231 3.2 10.9 40.5 0.9922 0.00 0.0M
66960.000 1976 COM2 65 0R0 294 3.2 10.9 40.0 0.9921 0.00 0.0M
67020.000 1976 COM2 65 0R0 284 7.5 11.0 39.9 0.9921 0.00 0.0M
67080.000 1976 COM2 65 0R0 271 3.4 10.9 39.9 0.9921 0.00 0.0M
67140.000 1976 COM2 65 0R0 356 1.2 10.8 40.3 0.9923 0.00 0.0M
67200.000 1976 COM2 65 0R0 279 5.7 10.7 40.4 0.9922 0.00 0.0M
67260.000 1976 COM2 65 0R0 253 2.3 10.7 40.6 0.9922 0.00 0.0M
67320.000 1976 COM2 65 0R0 317 5.6 10.6 40.2 0.9923 0.00 0.0M
67380.000 1976 COM2 65 0R0 286 4.9 10.6 40.5 0.9923 0.00 0.0M
67440.000 1976 COM2 65 0R0 304 8.3 10.6 40.8 0.9923 0.00 0.0M
67500.000 1976 COM2 65 0R0 295 5.2 10.5 40.4 0.9921 0.00 0.0M
67560.000 1976 COM2 65 0R0 180 1.5 10.5 40.7 0.9922 0.00 0.0M
67620.000 1976 COM2 65 0R0 239 1.7 10.5 41.0 0.9923 0.00 0.0M
67680.000 1976 COM2 65 0R0 277 4.1 10.6 40.6 0.9923 0.00 0.0M
67740.100 1976 COM2 65 0R0 220 1.8 10.6 41.1 0.9923 0.00 0.0M
67800.000 1976 COM2 65 0R0 238 1.0 10.7 41.4 0.9924 0.00 0.0M
67860.000 1976 COM2 65 0R0 300 2.9 10.8 41.4 0.9924 0.00 0.0M
67920.000 1976 COM2 65 0R0 307 5.9 10.8 40.9 0.9921 0.00 0.0M
67980.000 1976 COM2 65 0R0 289 5.5 10.7 40.8 0.9923 0.00 0.0M
68040.000 1976 COM2 65 0R0 292 4.6 10.6 41.2 0.9922 0.00 0.0M
68100.000 1976 COM2 65 0R0 292 9.0 10.7 41.3 0.9924 0.00 0.0M
68160.000 1976 COM2 65 0R0 253 3.6 10.7 40.7 0.9923 0.00 0.0M
68220.000 1976 COM2 65 0R0 257 4.4 10.7 41.0 0.9923 0.00 0.0M
68280.000 1976 COM2 65 0R0 294 3.7 10.7 41.5 0.9924 0.00 0.0M
68340.000 1976 COM2 65 0R0 281 2.8 10.8 40.6 0.9923 0.00 0.0M
68400.000 1976 COM2 65 0R0 266 1.9 10.9 41.6 0.9923 0.00 0.0M
68460.000 1976 COM2 65 0R0 286 8.1 11.0 40.9 0.9924 0.00 0.0M
68520.000 1976 COM2 65 0R0 175 1.6 11.0 40.6 0.9923 0.00 0.0M
68580.000 1976 COM2 65 0R0 296 3.2 11.0 40.7 0.9923 0.00 0.0M
68640.000 1976 COM2 65 0R0 290 2.6 11.0 40.2 0.9923 0.00 0.0M
68700.000 1976 COM2 65 0R0 331 2.2 11.0 39.9 0.9922 0.00 0.0M
68760.000 1976 COM2 65 0R0 152 1.5 10.9 40.1 0.9922 0.00 0.0M
68820.000 1976 COM2 65 0R0 339 5.0 10.9 40.2 0.9922 0.00 0.0M
68880.000 1976 COM2 65 0R0 205 1.3 11.0 39.9 0.9922 0.00 0.0M
68940.000 1976 COM2 65 0R0 276 0.7 11.1 39.3 0.9921 0.00 0.0M
69000.000 1976 COM2 65 0R0 264 3.5 11.1 38.9 0.9922 0.00 0.0M
69060.000 1976 COM2 65 0R0 265 0.8 11.2 38.7 0.9922 0.00 0.0M
69120.100 1976 COM2 65 0R0 277 2.4 11.2 39.2 0.9923 0.00 0.0M
69180.000 1976 COM2 65 0R0 316 2.7 11.4 38.7 0.9923 0.00 0.0M
69240.000 1976 COM2 65 0R0 304 5.8 11.4 38.1 0.9924 0.00 0.0M
69300.000 1976 COM2 65 0R0 230 4.6 11.2 38.2 0.9922 0.00 0.0M
69360.000 1976 COM2 65 0R0 301 3.9 11.1 37.3 0.9922 0.00 0.0M
69420.000 1976 COM2 65 0R0 270 5.7 11.0 38.0 0.9923 0.00 0.0M
69480.100 1976 COM2 65 0R0 326 2.6 11.0 37.3 0.9924 0.00 0.0M
69540.000 1976 COM2 65 0R0 288 2.2 11.1 37.5 0.9924 0.00 0.0M
69600.000 1976 COM2 65 0R0 215 0.8 11.1 37.8 0.9924 0.00 0.0M
69660.000 1976 COM2 65 0R0 325 2.9 11.1 38.0 0.9925 0.00 0.0M
69720.000 1976 COM2 65 0R0 320 4.1 11.2 38.0 0.9925 0.00 0.0M
69780.000 1976 COM2 65 0R0 288 6.9 11.1 38.2 0.9925 0.00 0.0M
69840.000 1976 COM2 65 0R0 006 1.6 11.0 38.0 0.9924 0.00 0.0M
69900.000 1976 COM2 65 0R0 289 3.5 10.9 38.8 0.9924 0.00 0.0M
69960.000 1976 COM2 65 0R0 299 2.0 11.0 38.6 0.9925 0.00 0.0M
70020.000 1976 COM2 65 0R0 246 2.1 11.0 38.6 0.9924 0.00 0.0M
70080.000 1976 COM2 65 0R0 310 5.5 11.0 38.4 0.9923 0.00 0.0M
70140.000 1976 COM2 65 0R0 326 1.3 10.9 38.6 0.9925 0.00 0.0M
70200.000 1976 COM2 65 0R0 293 4.2 10.8 38.9 0.9925 0.00 0.0M
70260.000 1976 COM2 65 0R0 021 1.1 10.8 38.9 0.9925 0.00 0.0M
70320.000 1976 COM2 65 0R0 209 0.8 10.8 38.5 0.9925 0.00 0.0M
70380.000 1976 COM2 65 0R0 241 1.9 10.9 38.4 0.9925 0.00 0.0M
70440.000 1976 COM2 65 0R0 267 2.5 10.9 37.9 0.9924 0.00 0.0M
70500.000 1976 COM2 65 0R0 303 1.1 10.9 37.6 0.9923 0.00 0.0M
70560.000 1976 COM2 65 0R0 309 4.6 10.8 37.9 0.9925 0.00 0.0M
70620.000 1976 COM2 65 0R0 249 1.5 10.8 37.9 0.9925 0.00 0.0M
70680.000 1976 COM2 65 0R0 034 0.7 10.7 38.5 0.9926 0.00 0.0M
70740.000 1976 COM2 66 0R0 281 10.0 10.7 38.4 0.9926 0.00 0.0M
70800.000 1976 COM2 65 0R0 263 4.9 10.6 38.5 0.9924 0.00 0.0M
70860.000 1976 COM2 65 0R0 333 3.2 10.6 38.7 0.9925 0.00 0.0M
70920.000 1976 COM2 65 0R0 286 1.0 10.5 39.1 0.9927 0.00 0.0M
70980.000 1976 COM2 65 0R0 253 4.9 10.5 38.9 0.9927 0.00 0.0M
71040.000 1976 COM2 65 0R0 283 2.1 10.5 39.4 0.9926 0.00 0.0M
71100.000 1976 COM2 65 0R0 269 2.3 10.4 39.2 0.9927 0.00 0.0M
71160.100 1976 COM2 65 0R0 094 1.4 10.5 38.8 0.9928 0.00 0.0M
71220.000 1976 COM2 65 0R0 318 6.8 10.5 38.9 0.9925 0.00 0.0M
71280.000 1976 COM2 65 0R0 288 5.9 10.6 39.5 0.9928 0.00 0.0M
71340.000 1976 COM2 65 0R0 288 0.9 10.5 38.6 0.9928 0.00 0.0M
71400.000 1976 COM2 65 0R0 227 1.9 10.5 37.9 0.9928 0.00 0.0M
71460.000 1976 COM2 65 0R0 291 7.5 10.6 38.4 0.9927 0.00 0.0M
71520.000 1976 COM2 65 0R0 262 2.7 10.6 37.4 0.9927 0.00 0.0M
71580.000 1976 COM2 65 0R0 339 5.0 10.5 37.3 0.9927 0.00 0.0M
71640.000 1976 COM2 65 0R0 312 0.7 10.5 37.5 0.9928 0.00 0.0M
71700.000 1976 COM2 65 0R0 055 0.9 10.5 37.6 0.9928 0.00 0.0M
71760.000 1976 COM2 65 0R0 276 2.4 10.5 37.7 0.9929 0.00 0.0M
71820.000 1976 COM2 65 0R0 308 5.5 10.5 38.3 0.9928 0.00 0.0M
71880.000 1976 COM2 65 0R0 245 0.7 10.5 37.8 0.9929 0.00 0.0M
71940.000 1976 COM2 65 0R0 341 1.7 10.5 37.9 0.9930 0.00 0.0M
72000.000 1976 COM2 65 0R0 291 6.8 10.5 38.3 0.9930 0.00 0.0M
72060.000 1976 COM2 65 0R0 286 3.2 10.4 38.4 0.9930 0.00 0.0M
72120.000 1976 COM2 65 0R0 301 4.4 10.4 38.3 0.9930 0.00 0.0M
72180.000 1976 COM2 65 0R0 299 3.3 10.4 38.9 0.9930 0.00 0.0M
72240.000 1976 COM2 65 0R0 291 3.8 10.3 38.1 0.9929 0.00 0.0M
72300.000 1976 COM2 65 0R0 311 4.7 10.3 38.2 0.9929 0.00 0.0M
72360.000 1976 COM2 65 0R0 249 1.3 10.3 38.5 0.9930 0.00 0.0M
72420.000 1976 COM2 65 0R0 287 6.4 10.3 38.7 0.9930 0.00 0.0M
72480.000 1976 COM2 65 0R0 245 2.0 10.3 38.5 0.9930 0.00 0.0M
72540.000 1976 COM2 65 0R0 283 0.6 10.4 37.9 0.9931 0.00 0.0M
72600.000 1976 COM2 65 0R0 200 1.7 10.4 38.1 0.9931 0.00 0.0M
72660.000 1976 COM2 66 0R0 287 10.5 10.4 38.8 0.9931 0.00 0.0M
72720.000 1976 COM2 65 0R0 298 4.8 10.5 38.2 0.9930 0.00 0.0M
72780.000 1976 COM2 65 0R0 237 4.2 10.4 38.3 0.9932 0.00 0.0M
72840.000 1976 COM2 65 0R0 289 2.3 10.4 37.7 0.9932 0.00 0.0M
72900.000 1976 COM2 65 0R0 328 2.8 10.4 37.6 0.9931 0.00 0.0M
72960.000 1976 COM2 65 0R0 275 1.0 10.4 37.8 0.9933 0.00 0.0M
73020.000 1976 COM2 65 0R0 307 1.7 10.4 37.9 0.9933 0.00 0.0M
73080.000 1976 COM2 65 0R0 306 6.1 10.4 38.0 0.9933 0.00 0.0M
73140.000 1976 COM2 65 0R0 280 2.2 10.4 37.8 0.9933 0.00 0.0M
73200.000 1976 COM2 65 0R0 280 3.7 10.3 37.9 0.9933 0.00 0.0M
73260.000 1976 COM2 65 0R0 242 1.7 10.3 38.4 0.9933 0.00 0.0M
73320.000 1976 COM2 65 0R0 243 2.2 10.3 37.9 0.9934 0.00 0.0M
73380.000 1976 COM2 65 0R0 227 2.9 10.3 37.9 0.9933 0.00 0.0M
73440.000 1976 COM2 65 0R0 334 2.8 10.4 37.6 0.9934 0.00 0.0M
73500.000 1976 COM2 65 0R0 026 1.1 10.3 38.0 0.9934 0.00 0.0M
73560.000 1976 COM2 65 0R0 271 4.6 10.3 37.4 0.9934 0.00 0.0M
73620.000 1976 COM2 65 0R0 307 6.7 10.2 38.2 0.9935 0.00 0.0M
73680.000 1976 COM2 65 0R0 294 2.9 10.1 38.2 0.9936 0.00 0.0M
73740.000 1976 COM2 65 0R0 102 1.1 10.1 38.6 0.9936 0.00 0.0M
73800.000 1976 COM2 65 0R0 270 1.2 10.1 38.4 0.9937 0.00 0.0M
73860.000 1976 COM2 65 0R0 280 8.7 10.2 38.2 0.9935 0.00 0.0M
73920.000 1976 COM2 65 0R0 128 0.9 10.1 38.5 0.9937 0.00 0.0M
73980.000 1976 COM2 65 0R0 302 4.4 10.1 38.6 0.9935 0.00 0.0M
74040.000 1976 COM2 65 0R0 283 5.1 10.0 38.8 0.9937 0.01 0.0M
74100.000 1976 COM2 65 0R0 282 5.3 10.0 39.0 0.9937 0.00 0.0M
74160.000 1976 COM2 64 0R0 312 5.4 9.9 39.0 0.9937 0.00 0.0M
74220.000 1976 COM2 64 0R0 305 1.8 9.8 39.2 0.9937 0.00 0.0M
74280.000 1976 COM2 64 0R0 288 1.1 9.8 39.3 0.9938 0.00 0.0M
74340.000 1976 COM2 64 0R0 295 1.9 9.8 39.2 0.9938 0.00 0.0M
74400.000 1976 COM2 64 0R0 283 1.0 9.8 39.2 0.9938 0.00 0.0M
74460.000 1976 COM2 64 0R0 245 2.5 9.8 39.3 0.9938 0.00 0.0M
74520.000 1976 COM2 64 0R0 302 5.0 9.7 39.8 0.9938 0.00 0.0M
74580.000 1976 COM2 64 0R0 289 4.9 9.7 39.8 0.9938 0.00 0.0M
74640.200 1976 COM2 64 0R0 269 0.5 9.7 39.8 0.9940 0.00 0.0M
74700.200 1976 COM2 64 0R0 302 3.6 9.6 40.2 0.9939 0.00 0.0M
74760.200 1976 COM2 64 0R0 272 3.2 9.6 39.6 0.9939 0.00 0.0M
74820.200 1976 COM2 64 0R0 210 2.4 9.6 39.6 0.9940 0.00 0.0M
74880.200 1976 COM2 64 0R0 279 2.2 9.6 39.1 0.9940 0.00 0.0M
74940.200 1976 COM2 64 0R0 268 1.9 9.6 39.5 0.9941 0.00 0.0M
75000.200 1976 COM2 64 0R0 196 2.9 9.5 39.6 0.9941 0.00 0.0M
75060.200 1976 COM2 64 0R0 256 1.5 9.5 39.4 0.9941 0.00 0.0M
75120.200 1976 COM2 64 0R0 290 7.9 9.5 39.5 0.9942 0.00 0.0M
75180.200 1976 COM2 64 0R0 284 4.1 9.5 39.6 0.9942 0.00 0.0M
75240.200 1976 COM2 64 0R0 299 3.2 9.4 39.2 0.9942 0.00 0.0M
75300.200 1976 COM2 64 0R0 304 1.7 9.4 39.4 0.9942 0.00 0.0M
75360.200 1976 COM2 64 0R0 240 5.0 9.4 39.8 0.9943 0.00 0.0M
75420.200 1976 COM2 64 0R0 309 3.7 9.4 40.3 0.9943 0.00 0.0M
75480.200 1976 COM2 64 0R0 205 1.2 9.4 39.7 0.9943 0.00 0.0M
75540.000 1976 COM2 64 0R0 234 3.0 9.4 39.7 0.9942 0.00 0.0M
75600.000 1976 COM2 64 0R0 256 5.4 9.4 39.7 0.9943 0.00 0.0M
75660.000 1976 COM2 64 0R0 354 1.4 9.3 40.0 0.9944 0.00 0.0M
75720.000 1976 COM2 64 0R0 280 5.2 9.3 39.7 0.9944 0.00 0.0M
75780.000 1976 COM2 64 0R0 277 2.6 9.3 39.7 0.9944 0.00 0.0M
75840.000 1976 COM2 64 0R0 258 3.9 9.3 39.8 0.9945 0.00 0.0M
75900.000 1976 COM2 64 0R0 289 1.5 9.3 40.1 0.9944 0.00 0.0M
75960.000 1976 COM2 64 0R0 274 1.7 9.3 40.3 0.9945 0.00 0.0M
76020.000 1976 COM2 64 0R0 271 3.3 9.3 40.3 0.9944 0.00 0.0M
76080.000 1976 COM2 64 0R0 264 0.8 9.2 40.0 0.9945 0.00 0.0M
76140.000 1976 COM2 64 0R0 271 3.2 9.3 40.1 0.9946 0.00 0.0M
76200.000 1976 COM2 64 0R0 298 2.4 9.2 40.6 0.9946 0.00 0.0M
76260.000 1976 COM2 64 0R0 288 3.0 9.2 40.3 0.9946 0.00 0.0M
76320.000 1976 COM2 64 0R0 282 1.9 9.3 40.2 0.9946 0.00 0.0M
76380.000 1976 COM2 64 0R0 288 5.3 9.3 39.8 0.9945 0.00 0.0M
76440.000 1976 COM2 64 0R0 264 3.9 9.2 40.3 0.9945 0.00 0.0M
76500.000 1976 COM2 64 0R0 254 2.1 9.2 40.0 0.9946 0.00 0.0M
76560.000 1976 COM2 64 0R0 232 1.7 9.2 40.3 0.9946 0.00 0.0M
76620.000 1976 COM2 64 0R0 265 2.2 9.2 40.8 0.9945 0.00 0.0M
76680.000 1976 COM2 64 0R0 291 3.9 9.1 40.5 0.9945 0.00 0.0M
76740.000 1976 COM2 64 0R0 297 4.2 9.2 40.8 0.9946 0.00 0.0M
76800.000 1976 COM2 64 0R0 326 1.1 9.2 40.1 0.9945 0.00 0.0M
76860.000 1976 COM2 64 0R0 280 4.3 9.1 40.5 0.9945 0.00 0.0M
76920.000 1976 COM2 64 0R0 301 2.2 9.1 40.2 0.9945 0.00 0.0M
76980.000 1976 COM2 64 0R0 313 1.5 9.1 40.9 0.9946 0.00 0.0M
77040.000 1976 COM2 64 0R0 281 2.5 9.1 40.5 0.9945 0.00 0.0M
77100.000 1976 COM2 64 0R0 273 1.8 9.1 40.7 0.9947 0.00 0.0M
77160.000 1976 COM2 64 0R0 272 5.0 9.1 40.5 0.9946 0.00 0.0M
77220.000 1976 COM2 64 0R0 261 2.8 9.1 41.0 0.9947 0.00 0.0M
77280.000 1976 COM2 64 0R0 280 4.8 9.0 40.6 0.9947 0.00 0.0M
77340.000 1976 COM2 64 0R0 353 1.9 9.0 40.7 0.9946 0.00 0.0M
77400.000 1976 COM2 64 0R0 286 4.7 9.0 40.7 0.9946 0.00 0.0M
77460.000 1976 COM2 64 0R0 280 2.6 9.0 40.9 0.9947 0.00 0.0M
77520.000 1976 COM2 64 0R0 268 1.9 9.0 41.3 0.9947 0.00 0.0M
77580.000 1976 COM2 64 0R0 252 2.8 9.0 40.7 0.9946 0.00 0.0M
77640.000 1976 COM2 64 0R0 297 3.3 9.0 40.7 0.9947 0.00 0.0M
77700.000 1976 COM2 64 0R0 286 5.0 8.9 41.2 0.9947 0.00 0.0M
77760.000 1976 COM2 64 0R0 254 1.7 9.0 41.0 0.9948 0.00 0.0M
77820.000 1976 COM2 64 0R0 282 1.1 8.9 41.4 0.9949 0.00 0.0M
77880.000 1976 COM2 64 0R0 254 2.7 9.0 40.9 0.9948 0.00 0.0M
77940.000 1976 COM2 64 0R0 288 3.2 9.0 40.8 0.9948 0.00 0.0M
78000.000 1976 COM2 64 0R0 286 0.7 9.0 40.5 0.9949 0.00 0.0M
78060.000 1976 COM2 64 0R0 232 1.7 9.0 40.6 0.9949 0.00 0.0M
78120.000 1976 COM2 64 0R0 276 2.3 9.0 40.7 0.9949 0.00 0.0M
78180.000 1976 COM2 64 0R0 274 2.7 9.0 41.4 0.9950 0.00 0.0M
78240.000 1976 COM2 64 0R0 159 0.6 9.0 40.9 0.9950 0.00 0.0M
78300.000 1976 COM2 64 0R0 288 5.2 9.0 41.2 0.9950 0.00 0.0M
78360.000 1976 COM2 64 0R0 136 0.4 9.0 41.2 0.9951 0.00 0.0M
78420.000 1976 COM2 64 0R0 297 3.2 9.0 41.8 0.9951 0.00 0.0M
78480.000 1976 COM2 64 0R0 290 4.9 9.0 41.2 0.9952 0.00 0.0M
78540.000 1976 COM2 64 0R0 302 3.9 9.0 41.0 0.9952 0.00 0.0M
78600.000 1976 COM2 64 0R0 273 1.5 9.0 41.2 0.9952 0.00 0.0M
78660.000 1976 COM2 64 0R0 267 2.0 9.0 41.5 0.9953 0.00 0.0M
78720.000 1976 COM2 64 0R0 266 1.4 9.0 41.5 0.9953 0.00 0.0M
78780.000 1976 COM2 64 0R0 305 2.9 9.0 42.3 0.9953 0.00 0.0M
78840.000 1976 COM2 64 0R0 298 3.2 9.0 41.7 0.9953 0.00 0.0M
78900.000 1976 COM2 64 0R0 257 3.3 9.0 42.3 0.9954 0.00 0.0M
78960.000 1976 COM2 64 0R0 302 3.0 9.0 41.7 0.9954 0.00 0.0M
79020.000 1976 COM2 64 0R0 273 1.6 9.0 42.3 0.9954 0.00 0.0M
79080.000 1976 COM2 64 0R0 286 2.6 9.0 42.3 0.9954 0.00 0.0M
79140.000 1976 COM2 64 0R0 294 3.7 9.0 42.1 0.9954 0.00 0.0M
79200.000 1976 COM2 64 0R0 256 3.4 9.0 42.1 0.9954 0.00 0.0M
79260.000 1976 COM2 64 0R0 222 0.8 9.0 43.4 0.9954 0.00 0.0M
79320.000 1976 COM2 64 0R0 311 2.8 9.0 42.4 0.9954 0.00 0.0M
79380.000 1976 COM2 64 0R0 320 5.3 9.0 42.6 0.9953 0.00 0.0M
79440.000 1976 COM2 64 0R0 291 3.8 9.0 43.2 0.9953 0.00 0.0M
79500.000 1976 COM2 64 0R0 339 2.0 8.9 43.2 0.9953 0.00 0.0M
79560.000 1976 COM2 64 0R0 260 1.7 8.9 43.4 0.9954 0.00 0.0M
79620.000 1976 COM2 64 0R0 306 6.1 8.9 43.5 0.9954 0.00 0.0M
79680.000 1976 COM2 64 0R0 286 5.2 8.9 44.2 0.9954 0.00 0.0M
79740.000 1976 COM2 64 0R0 292 3.0 8.9 43.7 0.9954 0.00 0.0M
79800.000 1976 COM2 64 0R0 282 2.0 8.9 44.1 0.9955 0.00 0.0M
79860.000 1976 COM2 64 0R0 287 2.0 8.9 43.7 0.9954 0.00 0.0M
79920.000 1976 COM2 64 0R0 268 5.1 8.9 43.8 0.9954 0.00 0.0M
79980.000 1976 COM2 64 0R0 272 2.9 8.9 44.4 0.9956 0.00 0.0M
80040.000 1976 COM2 64 0R0 288 4.7 8.9 44.5 0.9955 0.00 0.0M
80100.000 1976 COM2 64 0R0 246 3.0 8.9 44.1 0.9956 0.00 0.0M
80160.000 1976 COM2 64 0R0 287 2.2 8.9 44.0 0.9956 0.00 0.0M
80220.000 1976 COM2 64 0R0 269 1.3 8.9 44.3 0.9956 0.00 0.0M
80280.000 1976 COM2 64 0R0 247 2.3 8.9 44.3 0.9956 0.00 0.0M
80340.000 1976 COM2 64 0R0 294 1.9 8.9 44.6 0.9956 0.00 0.0M
80400.000 1976 COM2 64 0R0 283 3.3 8.9 44.7 0.9956 0.00 0.0M
80460.000 1976 COM2 64 0R0 280 5.1 8.9 44.9 0.9958 0.00 0.0M
80520.000 1976 COM2 64 0R0 258 6.2 8.9 44.8 0.9957 0.00 0.0M
80580.000 1976 COM2 64 0R0 282 2.1 8.8 45.3 0.9958 0.00 0.0M
80640.000 1976 COM2 64 0R0 263 2.6 8.8 45.3 0.9958 0.00 0.0M
80700.000 1976 COM2 64 0R0 230 2.1 8.8 45.3 0.9958 0.00 0.0M
80760.000 1976 COM2 64 0R0 309 1.6 8.8 45.7 0.9958 0.00 0.0M
80820.000 1976 COM2 64 0R0 235 3.2 8.8 45.6 0.9959 0.00 0.0M
80880.000 1976 COM2 64 0R0 285 4.6 8.7 45.6 0.9960 0.00 0.0M
80940.000 1976 COM2 64 0R0 262 1.5 8.7 46.0 0.9959 0.00 0.0M
81000.000 1976 COM2 64 0R0 264 3.2 8.7 46.4 0.9959 0.00 0.0M
81060.000 1976 COM2 64 0R0 288 6.5 8.6 46.4 0.9960 0.00 0.0M
81120.000 1976 COM2 64 0R0 282 2.1 8.6 46.2 0.9960 0.00 0.0M
81180.000 1976 COM2 64 0R0 186 2.8 8.6 46.8 0.9961 0.00 0.0M
81240.000 1976 COM2 64 0R0 262 2.9 8.6 46.8 0.9961 0.00 0.0M
81300.000 1976 COM2 64 0R0 252 3.0 8.6 47.0 0.9961 0.00 0.0M
81360.000 1976 COM2 64 0R0 266 4.3 8.6 46.8 0.9961 0.00 0.0M
81420.000 1976 COM2 64 0R0 240 3.2 8.5 46.9 0.9962 0.00 0.0M
81480.000 1976 COM2 64 0R0 263 0.8 8.5 47.3 0.9962 0.00 0.0M
81540.000 1976 COM2 64 0R0 275 1.4 8.5 47.6 0.9962 0.00 0.0M
81600.000 1976 COM2 64 0R0 244 2.8 8.5 47.0 0.9962 0.00 0.0M
81660.000 1976 COM2 64 0R0 248 1.0 8.5 47.5 0.9962 0.00 0.0M
81720.000 1976 COM2 64 0R0 287 1.9 8.5 47.4 0.9961 0.00 0.0M
81780.000 1976 COM2 64 0R0 304 3.2 8.5 47.4 0.9961 0.00 0.0M
81840.000 1976 COM2 64 0R0 261 4.4 8.4 47.5 0.9961 0.00 0.0M
81900.000 1976 COM2 64 0R0 312 1.4 8.4 47.8 0.9961 0.00 0.0M
81960.000 1976 COM2 64 0R0 294 3.0 8.4 47.6 0.9962 0.00 0.0M
82020.000 1976 COM2 64 0R0 275 2.4 8.4 48.0 0.9962 0.00 0.0M
82080.000 1976 COM2 64 0R0 243 2.1 8.4 48.0 0.9962 0.00 0.0M
82140.000 1976 COM2 64 0R0 304 3.0 8.4 48.1 0.9963 0.00 0.0M
82200.000 1976 COM2 64 0R0 256 3.3 8.4 47.8 0.9963 0.00 0.0M
82260.000 1976 COM2 64 0R0 253 3.0 8.3 47.8 0.9963 0.00 0.0M
82320.000 1976 COM2 64 0R0 266 4.0 8.3 48.1 0.9965 0.00 0.0M
82380.000 1976 COM2 64 0R0 279 3.2 8.3 48.0 0.9965 0.00 0.0M
82440.000 1976 COM2 64 0R0 061 1.5 8.3 47.8 0.9964 0.00 0.0M
82500.000 1976 COM2 64 0R0 208 3.3 8.2 48.1 0.9965 0.00 0.0M
82560.000 1976 COM2 64 0R0 273 2.0 8.2 48.2 0.9966 0.00 0.0M
82620.000 1976 COM2 64 0R0 282 2.1 8.2 48.2 0.9966 0.00 0.0M
82680.000 1976 COM2 64 0R0 237 6.3 8.2 48.2 0.9966 0.00 0.0M
82740.000 1976 COM2 64 0R0 184 0.9 8.2 47.9 0.9965 0.00 0.0M
82800.000 1976 COM2 64 0R0 275 2.1 8.1 48.4 0.9966 0.00 0.0M
82860.000 1976 COM2 64 0R0 278 2.4 8.1 48.7 0.9966 0.00 0.0M
82920.000 1976 COM2 64 0R0 242 1.0 8.1 47.9 0.9967 0.00 0.0M
82980.000 1976 COM2 64 0R0 289 1.3 8.1 48.3 0.9966 0.00 0.0M
83040.000 1976 COM2 64 0R0 252 3.2 8.1 48.3 0.9967 0.00 0.0M
83100.000 1976 COM2 64 0R0 274 6.3 8.0 48.6 0.9967 0.00 0.0M
83160.000 1976 COM2 64 0R0 267 5.3 8.0 48.3 0.9968 0.00 0.0M
83220.000 1976 COM2 64 0R0 247 2.8 8.0 48.9 0.9968 0.00 0.0M
83280.000 1976 COM2 64 0R0 229 0.8 8.0 48.8 0.9968 0.00 0.0M
83340.000 1976 COM2 64 0R0 277 3.7 8.0 48.9 0.9969 0.00 0.0M
83400.000 1976 COM2 64 0R0 240 1.7 8.0 49.0 0.9969 0.00 0.0M
83460.000 1976 COM2 64 0R0 315 1.8 8.0 48.5 0.9969 0.00 0.0M
83520.000 1976 COM2 64 0R0 268 4.3 8.0 48.6 0.9968 0.00 0.0M
83580.000 1976 COM2 64 0R0 258 3.6 7.9 48.6 0.9970 0.00 0.0M
83640.000 1976 COM2 64 0R0 276 7.3 7.9 48.4 0.9970 0.00 0.0M
83700.000 1976 COM2 64 0R0 293 2.3 7.9 49.1 0.9971 0.00 0.0M
83760.000 1976 COM2 64 0R0 268 1.4 7.9 49.6 0.9970 0.00 0.0M
83820.000 1976 COM2 64 0R0 253 4.0 7.9 48.9 0.9970 0.00 0.0M
83880.000 1976 COM2 64 0R0 299 1.2 7.9 49.2 0.9971 0.00 0.0M
83940.000 1976 COM2 64 0R0 289 4.5 7.9 49.0 0.9971 0.00 0.0M
84000.000 1976 COM2 64 0R0 289 0.9 7.8 49.3 0.9971 0.00 0.0M
84060.000 1976 COM2 64 0R0 257 5.2 7.8 49.8 0.9971 0.00 0.0M
84120.000 1976 COM2 64 0R0 291 3.3 7.8 49.5 0.9971 0.00 0.0M
84180.000 1976 COM2 64 0R0 283 4.2 7.8 49.4 0.9970 0.00 0.0M
84240.000 1976 COM2 64 0R0 263 3.5 7.8 49.0 0.9970 0.00 0.0M
84300.000 1976 COM2 64 0R0 218 3.4 7.8 48.8 0.9969 0.00 0.0M
84360.000 1976 COM2 64 0R0 271 2.9 7.8 48.6 0.9969 0.00 0.0M
84420.000 1976 COM2 64 0R0 157 1.7 7.7 48.6 0.9969 0.00 0.0M
84480.000 1976 COM2 64 0R0 253 3.2 7.7 48.5 0.9971 0.00 0.0M
84540.000 1976 COM2 64 0R0 246 3.2 7.7 48.6 0.9970 0.00 0.0M
84600.000 1976 COM2 64 0R0 270 4.0 7.7 48.2 0.9971 0.00 0.0M
84660.000 1976 COM2 64 0R0 279 5.5 7.7 48.5 0.9972 0.00 0.0M
84720.000 1976 COM2 64 0R0 279 3.2 7.7 48.9 0.9973 0.00 0.0M
84780.000 1976 COM2 64 0R0 249 3.1 7.7 48.5 0.9973 0.00 0.0M
84840.000 1976 COM2 64 0R0 233 5.3 7.7 48.5 0.9973 0.00 0.0M
84900.000 1976 COM2 64 0R0 257 2.0 7.6 48.6 0.9974 0.00 0.0M
84960.000 1976 COM2 64 0R0 267 1.1 7.6 48.7 0.9974 0.00 0.0M
85020.000 1976 COM2 64 0R0 248 2.9 7.6 48.5 0.9974 0.00 0.0M
85080.000 1976 COM2 64 0R0 273 1.4 7.6 48.6 0.9975 0.00 0.0M
85140.000 1976 COM2 64 0R0 233 5.9 7.6 48.3 0.9974 0.00 0.0M
85200.000 1976 COM2 64 0R0 280 3.3 7.6 47.6 0.9974 0.00 0.0M
85260.000 1976 COM2 64 0R0 249 2.0 7.6 46.6 0.9975 0.00 0.0M
85320.000 1976 COM2 64 0R0 216 3.3 7.6 46.5 0.9975 0.00 0.0M
85380.000 1976 COM2 64 0R0 305 3.2 7.6 46.2 0.9974 0.00 0.0M
85440.000 1976 COM2 64 0R0 312 7.3 7.6 46.0 0.9974 0.00 0.0M
85500.000 1976 COM2 64 0R0 283 4.8 7.5 46.1 0.9975 0.00 0.0M
85560.000 1976 COM2 64 0R0 290 4.7 7.5 46.1 0.9975 0.00 0.0M
85620.000 1976 COM2 64 0R0 221 0.8 7.5 46.1 0.9975 0.00 0.0M
85680.000 1976 COM2 64 0R0 277 2.0 7.5 46.1 0.9977 0.00 0.0M
85740.000 1976 COM2 64 0R0 345 2.1 7.5 46.0 0.9976 0.00 0.0M
85800.000 1976 COM2 64 0R0 261 4.0 7.5 46.3 0.9977 0.00 0.0M
85860.000 1976 COM2 64 0R0 186 1.2 7.5 45.8 0.9977 0.00 0.0M
85920.000 1976 COM2 64 0R0 290 3.4 7.5 46.3 0.9978 0.00 0.0M
85980.000 1976 COM2 64 0R0 284 3.1 7.4 46.0 0.9977 0.00 0.0M
86040.000 1976 COM2 64 0R0 274 4.0 7.4 46.3 0.9978 0.00 0.0M
86100.000 1976 COM2 64 0R0 286 2.2 7.4 46.2 0.9978 0.00 0.0M
86160.000 1976 COM2 64 0R0 277 1.3 7.4 46.2 0.9979 0.00 0.0M
86220.000 1976 COM2 64 0R0 299 2.6 7.4 45.3 0.9978 0.00 0.0M
86280.000 1976 COM2 64 0R0 258 2.0 7.4 45.7 0.9978 0.00 0.0M
86340.000 1976 COM2 64 0R0 305 2.0 7.4 46.4 0.9978 0.00 0.0M
