TO [s] WNc [w] C StringLn ASCIIString
---------------------------------------
432000.000 1976 COM2 64 0R0 258 1.1 2.7 46.3 1.0079 0.00 0.0M
432060.000 1976 COM2 64 0R0 235 1.1 2.7 46.1 1.0078 0.00 0.0M
432120.000 1976 COM2 64 0R0 293 1.5 2.7 45.9 1.0078 0.00 0.0M
432180.000 1976 COM2 64 0R0 263 1.0 2.7 46.1 1.0078 0.00 0.0M
432240.000 1976 COM2 64 0R0 281 1.6 2.7 46.3 1.0078 0.00 0.0M
432300.000 1976 COM2 64 0R0 252 2.0 2.7 45.9 1.0078 0.00 0.0M
432360.000 1976 COM2 64 0R0 281 1.2 2.7 46.0 1.0078 0.00 0.0M
432420.000 1976 COM2 64 0R0 239 2.0 2.7 46.3 1.0079 0.00 0.0M
432480.000 1976 COM2 64 0R0 236 2.1 2.7 46.6 1.0079 0.00 0.0M
432540.000 1976 COM2 64 0R0 205 1.1 2.7 46.6 1.0079 0.00 0.0M
432600.000 1976 COM2 64 0R0 261 3.5 2.6 46.3 1.0079 0.00 0.0M
432660.000 1976 COM2 64 0R0 280 1.8 2.6 46.8 1.0079 0.00 0.0M
432720.000 1976 COM2 64 0R0 254 1.1 2.6 46.6 1.0080 0.00 0.0M
432780.000 1976 COM2 64 0R0 267 1.1 2.6 46.9 1.0079 0.00 0.0M
432840.000 1976 COM2 64 0R0 268 1.3 2.6 46.0 1.0079 0.00 0.0M
432900.000 1976 COM2 64 0R0 239 1.2 2.5 47.3 1.0079 0.00 0.0M
432960.000 1976 COM2 64 0R0 281 2.1 2.5 47.1 1.0078 0.00 0.0M
433020.000 1976 COM2 64 0R0 222 0.9 2.5 47.0 1.0078 0.00 0.0M
433080.000 1976 COM2 64 0R0 274 0.6 2.5 47.0 1.0078 0.00 0.0M
433140.000 1976 COM2 64 0R0 236 0.9 2.5 47.3 1.0078 0.00 0.0M
433200.000 1976 COM2 64 0R0 278 2.1 2.5 47.3 1.0078 0.00 0.0M
433260.100 1976 COM2 64 0R0 277 1.0 2.4 46.6 1.0078 0.00 0.0M
433320.000 1976 COM2 64 0R0 254 2.1 2.4 47.2 1.0078 0.00 0.0M
433380.000 1976 COM2 64 0R0 299 1.3 2.4 46.9 1.0078 0.00 0.0M
433440.000 1976 COM2 64 0R0 285 1.6 2.4 47.5 1.0078 0.00 0.0M
433500.000 1976 COM2 64 0R0 256 2.9 2.4 46.8 1.0077 0.00 0.0M
433560.000 1976 COM2 64 0R0 278 1.5 2.4 47.5 1.0078 0.00 0.0M
433620.000 1976 COM2 64 0R0 238 1.1 2.4 47.4 1.0077 0.00 0.0M
433680.000 1976 COM2 64 0R0 227 1.3 2.4 47.2 1.0077 0.00 0.0M
433740.000 1976 COM2 64 0R0 251 2.4 2.4 47.6 1.0077 0.00 0.0M
433800.000 1976 COM2 64 0R0 250 2.4 2.4 46.8 1.0076 0.00 0.0M
433860.000 1976 COM2 64 0R0 261 0.7 2.4 47.5 1.0076 0.00 0.0M
433920.000 1976 COM2 64 0R0 135 0.6 2.4 47.8 1.0076 0.00 0.0M
433980.000 1976 COM2 64 0R0 236 2.0 2.4 47.4 1.0075 0.00 0.0M
434040.000 1976 COM2 64 0R0 232 1.6 2.3 47.4 1.0075 0.00 0.0M
434100.000 1976 COM2 64 0R0 264 1.6 2.3 47.6 1.0075 0.00 0.0M
434160.000 1976 COM2 64 0R0 268 1.8 2.3 47.4 1.0075 0.00 0.0M
434220.000 1976 COM2 64 0R0 218 2.0 2.3 48.1 1.0075 0.00 0.0M
434280.000 1976 COM2 64 0R0 252 1.0 2.3 47.8 1.0075 0.00 0.0M
434340.000 1976 COM2 64 0R0 267 1.7 2.3 48.2 1.0075 0.00 0.0M
434400.000 1976 COM2 64 0R0 254 0.8 2.3 47.9 1.0075 0.00 0.0M
434460.000 1976 COM2 64 0R0 229 0.8 2.3 48.0 1.0075 0.00 0.0M
434520.000 1976 COM2 64 0R0 245 1.1 2.3 47.7 1.0075 0.00 0.0M
434580.000 1976 COM2 64 0R0 264 0.9 2.2 48.0 1.0075 0.00 0.0M
434640.000 1976 COM2 64 0R0 251 1.3 2.2 47.1 1.0075 0.00 0.0M
434700.000 1976 COM2 64 0R0 262 0.8 2.2 48.1 1.0075 0.00 0.0M
434760.000 1976 COM2 64 0R0 240 2.2 2.2 48.1 1.0075 0.00 0.0M
434820.000 1976 COM2 64 0R0 220 1.4 2.2 48.1 1.0075 0.00 0.0M
434880.000 1976 COM2 64 0R0 183 1.0 2.2 48.1 1.0075 0.00 0.0M
434940.000 1976 COM2 64 0R0 227 2.1 2.2 48.4 1.0075 0.00 0.0M
435000.000 1976 COM2 64 0R0 259 1.8 2.2 48.3 1.0075 0.00 0.0M
435060.000 1976 COM2 64 0R0 255 2.0 2.2 48.2 1.0075 0.00 0.0M
435120.000 1976 COM2 64 0R0 224 0.6 2.2 48.7 1.0075 0.00 0.0M
435180.000 1976 COM2 64 0R0 186 1.0 2.2 48.2 1.0075 0.00 0.0M
435240.000 1976 COM2 64 0R0 256 0.7 2.2 48.0 1.0075 0.00 0.0M
435300.000 1976 COM2 64 0R0 249 0.7 2.2 48.1 1.0075 0.00 0.0M
435360.000 1976 COM2 64 0R0 295 1.2 2.2 47.7 1.0076 0.00 0.0M
435420.000 1976 COM2 64 0R0 243 1.5 2.2 48.4 1.0076 0.00 0.0M
435480.000 1976 COM2 64 0R0 236 1.5 2.2 48.5 1.0076 0.00 0.0M
435540.000 1976 COM2 64 0R0 239 0.7 2.2 48.5 1.0077 0.00 0.0M
435600.000 1976 COM2 64 0R0 262 0.9 2.2 47.8 1.0077 0.00 0.0M
435660.000 1976 COM2 64 0R0 269 1.1 2.2 48.5 1.0077 0.00 0.0M
435720.100 1976 COM2 64 0R0 310 0.5 2.2 48.6 1.0077 0.00 0.0M
435780.000 1976 COM2 64 0R0 274 1.2 2.2 48.4 1.0077 0.00 0.0M
435840.000 1976 COM2 64 0R0 247 1.7 2.2 48.4 1.0077 0.00 0.0M
435900.000 1976 COM2 64 0R0 255 2.1 2.1 48.8 1.0077 0.00 0.0M
435960.000 1976 COM2 64 0R0 236 1.1 2.1 48.6 1.0077 0.00 0.0M
436020.000 1976 COM2 64 0R0 244 1.6 2.1 48.3 1.0077 0.00 0.0M
436080.000 1976 COM2 64 0R0 232 1.2 2.1 48.7 1.0077 0.00 0.0M
436140.000 1976 COM2 64 0R0 193 0.8 2.1 48.4 1.0077 0.00 0.0M
436200.000 1976 COM2 64 0R0 273 1.6 2.1 48.3 1.0077 0.00 0.0M
436260.000 1976 COM2 64 0R0 282 1.8 2.0 48.5 1.0077 0.00 0.0M
436320.000 1976 COM2 64 0R0 328 1.0 2.0 48.3 1.0077 0.00 0.0M
436380.000 1976 COM2 64 0R0 243 0.7 2.0 48.6 1.0078 0.00 0.0M
436440.000 1976 COM2 64 0R0 282 1.7 2.0 48.6 1.0078 0.00 0.0M
436500.000 1976 COM2 64 0R0 278 2.6 2.0 47.9 1.0078 0.00 0.0M
436560.000 1976 COM2 64 0R0 280 2.4 2.0 48.8 1.0078 0.00 0.0M
436620.000 1976 COM2 64 0R0 087 0.7 1.9 48.9 1.0078 0.00 0.0M
436680.000 1976 COM2 64 0R0 268 3.1 1.9 48.6 1.0078 0.00 0.0M
436740.000 1976 COM2 64 0R0 272 1.3 1.9 49.1 1.0078 0.00 0.0M
436800.000 1976 COM2 64 0R0 283 3.5 1.9 48.2 1.0078 0.00 0.0M
436860.000 1976 COM2 64 0R0 267 0.5 1.9 48.7 1.0077 0.00 0.0M
436920.000 1976 COM2 64 0R0 307 0.8 1.9 48.4 1.0077 0.00 0.0M
436980.000 1976 COM2 64 0R0 264 1.3 1.9 48.9 1.0077 0.00 0.0M
437040.000 1976 COM2 64 0R0 279 1.5 1.8 48.9 1.0077 0.00 0.0M
437100.000 1976 COM2 64 0R0 259 0.9 1.8 49.1 1.0077 0.00 0.0M
437160.000 1976 COM2 64 0R0 279 1.7 1.8 49.0 1.0077 0.00 0.0M
437220.000 1976 COM2 64 0R0 275 2.3 1.8 48.9 1.0077 0.00 0.0M
437280.000 1976 COM2 64 0R0 292 2.3 1.8 48.9 1.0078 0.00 0.0M
437340.000 1976 COM2 64 0R0 268 1.5 1.7 49.5 1.0078 0.00 0.0M
437400.000 1976 COM2 64 0R0 301 1.3 1.7 49.7 1.0078 0.00 0.0M
437460.000 1976 COM2 64 0R0 293 1.8 1.7 49.3 1.0078 0.00 0.0M
437520.000 1976 COM2 64 0R0 272 3.0 1.7 50.3 1.0078 0.00 0.0M
437580.000 1976 COM2 64 0R0 282 1.6 1.6 49.8 1.0078 0.00 0.0M
437640.000 1976 COM2 64 0R0 242 1.9 1.6 50.0 1.0078 0.00 0.0M
437700.000 1976 COM2 64 0R0 266 2.6 1.6 49.9 1.0078 0.00 0.0M
437760.000 1976 COM2 64 0R0 299 1.1 1.6 50.0 1.0078 0.00 0.0M
437820.000 1976 COM2 64 0R0 263 2.5 1.6 50.3 1.0078 0.00 0.0M
437880.000 1976 COM2 64 0R0 278 2.5 1.6 50.4 1.0078 0.00 0.0M
437940.000 1976 COM2 64 0R0 283 0.9 1.6 50.3 1.0078 0.00 0.0M
438000.000 1976 COM2 64 0R0 281 2.0 1.6 50.6 1.0078 0.00 0.0M
438060.000 1976 COM2 64 0R0 278 1.8 1.6 50.4 1.0078 0.00 0.0M
438120.000 1976 COM2 64 0R0 275 2.1 1.5 51.2 1.0078 0.00 0.0M
438180.000 1976 COM2 64 0R0 265 1.8 1.5 50.7 1.0078 0.00 0.0M
438240.000 1976 COM2 64 0R0 329 0.6 1.5 51.1 1.0078 0.00 0.0M
438300.000 1976 COM2 64 0R0 278 2.1 1.5 50.9 1.0079 0.00 0.0M
438360.000 1976 COM2 64 0R0 290 1.2 1.5 50.5 1.0079 0.00 0.0M
438420.000 1976 COM2 64 0R0 253 1.7 1.5 50.8 1.0079 0.00 0.0M
438480.000 1976 COM2 64 0R0 265 1.9 1.5 50.1 1.0079 0.00 0.0M
438540.000 1976 COM2 64 0R0 281 1.4 1.5 51.3 1.0080 0.00 0.0M
438600.000 1976 COM2 64 0R0 281 2.3 1.5 50.2 1.0080 0.00 0.0M
438660.000 1976 COM2 64 0R0 341 0.5 1.5 50.5 1.0080 0.00 0.0M
438720.000 1976 COM2 64 0R0 212 0.6 1.5 50.3 1.0080 0.00 0.0M
438780.000 1976 COM2 64 0R0 268 1.5 1.5 51.5 1.0081 0.00 0.0M
438840.000 1976 COM2 64 0R0 269 1.2 1.5 50.7 1.0081 0.00 0.0M
438900.000 1976 COM2 64 0R0 267 1.2 1.6 50.9 1.0081 0.00 0.0M
438960.000 1976 COM2 64 0R0 258 1.3 1.6 50.6 1.0081 0.00 0.0M
439020.000 1976 COM2 64 0R0 257 0.8 1.6 50.6 1.0081 0.00 0.0M
439080.000 1976 COM2 64 0R0 302 0.2 1.6 51.2 1.0081 0.00 0.0M
439140.000 1976 COM2 64 0R0 222 1.2 1.7 49.7 1.0081 0.00 0.0M
439200.000 1976 COM2 64 0R0 286 1.8 1.7 50.5 1.0081 0.00 0.0M
439260.000 1976 COM2 64 0R0 272 2.0 1.7 49.6 1.0081 0.00 0.0M
439320.000 1976 COM2 64 0R0 279 0.9 1.7 49.7 1.0081 0.00 0.0M
439380.000 1976 COM2 64 0R0 275 2.1 1.7 49.8 1.0081 0.00 0.0M
439440.000 1976 COM2 64 0R0 249 0.5 1.7 49.5 1.0081 0.00 0.0M
439500.000 1976 COM2 64 0R0 258 0.9 1.7 49.4 1.0082 0.00 0.0M
439560.000 1976 COM2 64 0R0 248 1.4 1.7 50.2 1.0082 0.00 0.0M
439620.000 1976 COM2 64 0R0 275 2.2 1.7 49.2 1.0082 0.00 0.0M
439680.000 1976 COM2 64 0R0 257 1.1 1.7 50.1 1.0082 0.00 0.0M
439740.000 1976 COM2 64 0R0 204 0.7 1.8 49.6 1.0082 0.00 0.0M
439800.000 1976 COM2 64 0R0 298 1.3 1.8 50.0 1.0082 0.00 0.0M
439860.000 1976 COM2 64 0R0 252 1.0 1.8 49.8 1.0082 0.00 0.0M
439920.000 1976 COM2 64 0R0 231 0.7 1.8 50.7 1.0083 0.00 0.0M
439980.000 1976 COM2 64 0R0 215 0.9 1.8 50.1 1.0083 0.00 0.0M
440040.000 1976 COM2 64 0R0 230 0.9 1.9 50.5 1.0083 0.00 0.0M
440100.000 1976 COM2 64 0R0 248 1.4 1.9 49.4 1.0083 0.00 0.0M
440160.000 1976 COM2 64 0R0 241 1.2 1.9 50.0 1.0083 0.00 0.0M
440220.000 1976 COM2 64 0R0 261 0.9 1.9 49.2 1.0083 0.00 0.0M
440280.000 1976 COM2 64 0R0 277 1.0 1.9 50.1 1.0083 0.00 0.0M
440340.000 1976 COM2 64 0R0 304 0.6 1.9 50.7 1.0083 0.00 0.0M
440400.000 1976 COM2 64 0R0 252 1.1 1.9 50.2 1.0083 0.00 0.0M
440460.000 1976 COM2 64 0R0 277 1.2 1.8 51.9 1.0084 0.00 0.0M
440520.000 1976 COM2 64 0R0 254 0.7 1.8 51.2 1.0084 0.00 0.0M
440580.000 1976 COM2 64 0R0 233 1.3 1.8 50.6 1.0084 0.00 0.0M
440640.000 1976 COM2 64 0R0 153 0.5 1.8 50.5 1.0084 0.00 0.0M
440700.000 1976 COM2 64 0R0 180 0.3 1.8 51.3 1.0084 0.00 0.0M
440760.000 1976 COM2 64 0R0 237 1.0 1.7 51.1 1.0085 0.00 0.0M
440820.000 1976 COM2 64 0R0 226 1.3 1.7 51.0 1.0085 0.00 0.0M
440880.000 1976 COM2 64 0R0 235 1.4 1.7 51.4 1.0085 0.00 0.0M
440940.000 1976 COM2 64 0R0 245 1.3 1.7 50.6 1.0085 0.00 0.0M
441000.000 1976 COM2 64 0R0 242 0.7 1.7 51.2 1.0085 0.00 0.0M
441060.000 1976 COM2 64 0R0 222 0.6 1.7 52.0 1.0085 0.00 0.0M
441120.000 1976 COM2 64 0R0 253 1.2 1.6 51.1 1.0085 0.00 0.0M
441180.000 1976 COM2 64 0R0 257 1.0 1.6 50.3 1.0085 0.00 0.0M
441240.000 1976 COM2 64 0R0 257 0.7 1.6 51.3 1.0085 0.00 0.0M
441300.000 1976 COM2 64 0R0 264 1.4 1.6 51.3 1.0085 0.00 0.0M
441360.000 1976 COM2 64 0R0 244 0.9 1.6 51.0 1.0085 0.00 0.0M
441420.000 1976 COM2 64 0R0 249 0.5 1.6 51.4 1.0085 0.00 0.0M
441480.000 1976 COM2 64 0R0 250 0.6 1.6 51.5 1.0085 0.00 0.0M
441540.000 1976 COM2 64 0R0 240 0.7 1.6 51.5 1.0085 0.00 0.0M
441600.000 1976 COM2 64 0R0 229 1.0 1.6 50.8 1.0085 0.00 0.0M
441660.000 1976 COM2 64 0R0 287 0.5 1.6 51.0 1.0085 0.00 0.0M
441720.000 1976 COM2 64 0R0 234 0.8 1.6 51.1 1.0085 0.00 0.0M
441780.000 1976 COM2 64 0R0 254 1.8 1.6 51.2 1.0086 0.00 0.0M
441840.000 1976 COM2 64 0R0 201 0.6 1.6 51.6 1.0086 0.00 0.0M
441900.000 1976 COM2 64 0R0 239 0.8 1.6 51.3 1.0086 0.00 0.0M
441960.000 1976 COM2 64 0R0 235 1.1 1.6 51.1 1.0087 0.00 0.0M
442020.000 1976 COM2 64 0R0 242 1.8 1.6 52.0 1.0087 0.00 0.0M
442080.000 1976 COM2 64 0R0 217 1.4 1.6 51.7 1.0087 0.00 0.0M
442140.000 1976 COM2 64 0R0 221 0.9 1.6 50.8 1.0087 0.00 0.0M
442200.000 1976 COM2 64 0R0 228 1.4 1.6 51.5 1.0087 0.00 0.0M
442260.000 1976 COM2 64 0R0 271 0.7 1.6 51.3 1.0087 0.00 0.0M
442320.000 1976 COM2 64 0R0 230 1.8 1.5 51.4 1.0088 0.00 0.0M
442380.000 1976 COM2 64 0R0 252 1.3 1.5 51.3 1.0088 0.00 0.0M
442440.000 1976 COM2 64 0R0 272 1.6 1.5 51.6 1.0088 0.00 0.0M
442500.000 1976 COM2 64 0R0 214 0.5 1.5 51.6 1.0088 0.00 0.0M
442560.000 1976 COM2 64 0R0 253 1.7 1.5 51.8 1.0087 0.00 0.0M
442620.000 1976 COM2 64 0R0 244 1.3 1.5 50.9 1.0087 0.00 0.0M
442680.000 1976 COM2 64 0R0 272 0.4 1.5 51.6 1.0087 0.00 0.0M
442740.000 1976 COM2 64 0R0 280 1.2 1.4 51.5 1.0087 0.00 0.0M
442800.000 1976 COM2 64 0R0 287 0.8 1.4 51.0 1.0087 0.00 0.0M
442860.000 1976 COM2 64 0R0 271 0.6 1.4 51.0 1.0087 0.00 0.0M
442920.000 1976 COM2 64 0R0 291 1.8 1.4 50.4 1.0087 0.00 0.0M
442980.000 1976 COM2 64 0R0 258 1.2 1.3 50.5 1.0087 0.00 0.0M
443040.000 1976 COM2 64 0R0 275 2.1 1.3 51.1 1.0086 0.00 0.0M
443100.000 1976 COM2 64 0R0 279 1.7 1.3 50.5 1.0086 0.00 0.0M
443160.000 1976 COM2 64 0R0 274 1.9 1.3 50.0 1.0086 0.00 0.0M
443220.000 1976 COM2 64 0R0 287 1.2 1.3 51.1 1.0086 0.00 0.0M
443280.000 1976 COM2 64 0R0 281 1.3 1.4 50.0 1.0085 0.00 0.0M
443340.000 1976 COM2 64 0R0 265 1.9 1.4 50.0 1.0085 0.00 0.0M
443400.000 1976 COM2 64 0R0 243 1.6 1.4 50.8 1.0085 0.00 0.0M
443460.000 1976 COM2 64 0R0 250 1.3 1.4 50.8 1.0085 0.00 0.0M
443520.000 1976 COM2 64 0R0 287 1.2 1.4 50.8 1.0085 0.00 0.0M
443580.000 1976 COM2 64 0R0 280 2.9 1.4 51.0 1.0085 0.00 0.0M
443640.000 1976 COM2 64 0R0 264 2.6 1.4 49.8 1.0085 0.00 0.0M
443700.000 1976 COM2 64 0R0 272 2.5 1.4 50.9 1.0086 0.00 0.0M
443760.000 1976 COM2 64 0R0 282 1.4 1.4 49.8 1.0086 0.00 0.0M
443820.000 1976 COM2 64 0R0 261 2.3 1.3 50.5 1.0086 0.00 0.0M
443880.000 1976 COM2 64 0R0 280 2.2 1.3 50.3 1.0086 0.00 0.0M
443940.000 1976 COM2 64 0R0 278 2.7 1.3 50.3 1.0086 0.00 0.0M
444000.000 1976 COM2 64 0R0 278 2.9 1.2 50.5 1.0086 0.00 0.0M
444060.000 1976 COM2 64 0R0 265 2.8 1.2 50.6 1.0086 0.00 0.0M
444120.000 1976 COM2 64 0R0 281 2.7 1.1 51.3 1.0086 0.00 0.0M
444180.000 1976 COM2 64 0R0 266 2.3 1.1 51.0 1.0086 0.00 0.0M
444240.000 1976 COM2 64 0R0 288 1.1 1.0 51.1 1.0086 0.00 0.0M
444300.000 1976 COM2 64 0R0 296 1.6 1.0 51.6 1.0086 0.00 0.0M
444360.000 1976 COM2 64 0R0 266 1.7 1.0 52.2 1.0086 0.00 0.0M
444420.000 1976 COM2 64 0R0 269 2.1 1.0 52.4 1.0086 0.00 0.0M
444480.000 1976 COM2 64 0R0 257 2.6 1.0 52.5 1.0086 0.00 0.0M
444540.000 1976 COM2 64 0R0 283 1.5 0.9 52.3 1.0086 0.00 0.0M
444600.000 1976 COM2 64 0R0 267 1.7 0.9 52.1 1.0086 0.00 0.0M
444660.000 1976 COM2 64 0R0 287 1.4 0.9 52.5 1.0086 0.00 0.0M
444720.000 1976 COM2 64 0R0 254 2.6 0.8 53.0 1.0086 0.00 0.0M
444780.000 1976 COM2 64 0R0 256 1.6 0.8 52.2 1.0087 0.00 0.0M
444840.000 1976 COM2 64 0R0 254 1.7 0.8 52.8 1.0087 0.00 0.0M
444900.000 1976 COM2 64 0R0 279 1.2 0.8 52.9 1.0087 0.00 0.0M
444960.000 1976 COM2 64 0R0 298 0.9 0.7 53.1 1.0086 0.00 0.0M
445020.000 1976 COM2 64 0R0 288 2.0 0.7 53.0 1.0086 0.00 0.0M
445080.000 1976 COM2 64 0R0 296 1.6 0.7 53.5 1.0086 0.00 0.0M
445140.000 1976 COM2 64 0R0 280 1.7 0.7 53.4 1.0086 0.00 0.0M
445200.000 1976 COM2 64 0R0 243 1.2 0.6 54.4 1.0086 0.00 0.0M
445260.000 1976 COM2 64 0R0 257 1.6 0.6 54.2 1.0086 0.00 0.0M
445320.000 1976 COM2 64 0R0 230 0.9 0.6 54.4 1.0086 0.00 0.0M
445380.000 1976 COM2 64 0R0 281 0.8 0.7 53.9 1.0086 0.00 0.0M
445440.000 1976 COM2 64 0R0 255 1.0 0.7 53.9 1.0085 0.00 0.0M
445500.000 1976 COM2 64 0R0 254 1.1 0.7 55.1 1.0086 0.00 0.0M
445560.000 1976 COM2 64 0R0 261 1.9 0.7 55.2 1.0086 0.00 0.0M
445620.000 1976 COM2 64 0R0 300 0.4 0.7 54.4 1.0086 0.00 0.0M
445680.000 1976 COM2 64 0R0 223 1.2 0.7 54.3 1.0086 0.00 0.0M
445740.000 1976 COM2 64 0R0 247 2.0 0.7 54.6 1.0086 0.00 0.0M
445800.000 1976 COM2 64 0R0 259 0.6 0.7 54.5 1.0086 0.00 0.0M
445860.000 1976 COM2 64 0R0 246 0.5 0.7 54.7 1.0086 0.00 0.0M
445920.000 1976 COM2 64 0R0 221 0.7 0.7 55.1 1.0086 0.00 0.0M
445980.000 1976 COM2 64 0R0 250 1.4 0.7 55.0 1.0086 0.00 0.0M
446040.000 1976 COM2 64 0R0 272 0.8 0.7 54.1 1.0086 0.00 0.0M
446100.000 1976 COM2 64 0R0 255 1.3 0.7 54.8 1.0086 0.00 0.0M
446160.000 1976 COM2 64 0R0 189 0.4 0.7 53.9 1.0086 0.00 0.0M
446220.000 1976 COM2 64 0R0 181 0.4 0.8 54.9 1.0086 0.00 0.0M
446280.000 1976 COM2 64 0R0 271 1.0 0.8 55.4 1.0086 0.00 0.0M
446340.000 1976 COM2 64 0R0 219 0.3 0.8 55.5 1.0086 0.00 0.0M
446400.000 1976 COM2 64 0R0 246 0.8 0.8 54.6 1.0086 0.00 0.0M
446460.000 1976 COM2 64 0R0 275 1.9 0.8 54.8 1.0086 0.00 0.0M
446520.000 1976 COM2 64 0R0 294 0.5 0.8 53.8 1.0086 0.00 0.0M
446580.000 1976 COM2 64 0R0 256 1.0 0.8 54.1 1.0086 0.00 0.0M
446640.000 1976 COM2 64 0R0 271 1.9 0.7 53.9 1.0085 0.00 0.0M
446700.000 1976 COM2 64 0R0 324 0.5 0.7 54.2 1.0085 0.00 0.0M
446760.000 1976 COM2 64 0R0 286 1.2 0.7 53.6 1.0085 0.00 0.0M
446820.000 1976 COM2 64 0R0 150 0.4 0.7 53.5 1.0085 0.00 0.0M
446880.000 1976 COM2 64 0R0 234 0.8 0.6 54.0 1.0085 0.00 0.0M
446940.000 1976 COM2 64 0R0 267 1.2 0.6 55.0 1.0085 0.00 0.0M
447000.000 1976 COM2 64 0R0 290 1.1 0.6 54.2 1.0085 0.00 0.0M
447060.000 1976 COM2 64 0R0 305 2.0 0.5 54.4 1.0086 0.00 0.0M
447120.000 1976 COM2 64 0R0 252 0.3 0.5 54.0 1.0086 0.00 0.0M
447180.000 1976 COM2 64 0R0 202 0.5 0.5 55.0 1.0086 0.00 0.0M
447240.000 1976 COM2 64 0R0 237 0.8 0.5 54.2 1.0086 0.00 0.0M
447300.000 1976 COM2 64 0R0 356 0.7 0.5 54.0 1.0086 0.00 0.0M
447360.000 1976 COM2 64 0R0 002 0.3 0.5 54.5 1.0086 0.00 0.0M
447420.000 1976 COM2 64 0R0 271 1.9 0.5 53.6 1.0086 0.00 0.0M
447480.000 1976 COM2 64 0R0 266 1.2 0.4 54.3 1.0086 0.00 0.0M
447540.000 1976 COM2 64 0R0 275 1.4 0.4 55.0 1.0087 0.00 0.0M
447600.000 1976 COM2 64 0R0 250 1.7 0.4 54.7 1.0087 0.00 0.0M
447660.000 1976 COM2 64 0R0 311 1.4 0.5 54.8 1.0087 0.00 0.0M
447720.000 1976 COM2 64 0R0 278 1.9 0.5 54.3 1.0087 0.00 0.0M
447780.000 1976 COM2 64 0R0 265 1.5 0.5 54.0 1.0088 0.00 0.0M
447840.000 1976 COM2 64 0R0 272 2.3 0.5 54.4 1.0088 0.00 0.0M
447900.000 1976 COM2 64 0R0 264 1.1 0.5 53.4 1.0088 0.00 0.0M
447960.000 1976 COM2 64 0R0 258 0.9 0.5 53.9 1.0088 0.00 0.0M
448020.000 1976 COM2 64 0R0 263 2.1 0.5 54.4 1.0088 0.00 0.0M
448080.000 1976 COM2 64 0R0 257 2.0 0.5 53.8 1.0088 0.00 0.0M
448140.000 1976 COM2 64 0R0 267 1.9 0.5 53.7 1.0088 0.00 0.0M
448200.000 1976 COM2 64 0R0 284 2.1 0.5 53.9 1.0088 0.00 0.0M
448260.000 1976 COM2 64 0R0 321 0.4 0.5 54.0 1.0088 0.00 0.0M
448320.000 1976 COM2 64 0R0 292 1.6 0.5 53.7 1.0087 0.00 0.0M
448380.000 1976 COM2 64 0R0 274 1.1 0.5 53.9 1.0087 0.00 0.0M
448440.000 1976 COM2 64 0R0 291 1.6 0.5 54.5 1.0087 0.00 0.0M
448500.000 1976 COM2 64 0R0 271 1.2 0.6 53.2 1.0087 0.00 0.0M
448560.000 1976 COM2 64 0R0 283 0.7 0.6 53.6 1.0087 0.00 0.0M
448620.000 1976 COM2 64 0R0 134 0.6 0.6 54.5 1.0087 0.00 0.0M
448680.000 1976 COM2 64 0R0 262 1.8 0.6 53.5 1.0087 0.00 0.0M
448740.000 1976 COM2 64 0R0 258 1.4 0.7 53.9 1.0086 0.00 0.0M
448800.000 1976 COM2 64 0R0 241 0.9 0.7 55.0 1.0086 0.00 0.0M
448860.000 1976 COM2 64 0R0 239 0.6 0.7 55.6 1.0086 0.00 0.0M
448920.000 1976 COM2 64 0R0 229 1.0 0.7 55.3 1.0086 0.00 0.0M
448980.000 1976 COM2 64 0R0 293 1.0 0.7 55.4 1.0087 0.00 0.0M
449040.000 1976 COM2 64 0R0 245 1.1 0.7 53.8 1.0087 0.00 0.0M
449100.000 1976 COM2 64 0R0 283 1.3 0.7 54.8 1.0087 0.00 0.0M
449160.000 1976 COM2 64 0R0 250 1.4 0.7 54.4 1.0087 0.00 0.0M
449220.000 1976 COM2 64 0R0 288 1.0 0.7 53.6 1.0087 0.00 0.0M
449280.000 1976 COM2 64 0R0 274 2.6 0.7 54.1 1.0087 0.00 0.0M
449340.000 1976 COM2 64 0R0 260 1.4 0.7 53.3 1.0086 0.00 0.0M
449400.000 1976 COM2 64 0R0 261 0.4 0.8 54.9 1.0086 0.00 0.0M
449460.000 1976 COM2 64 0R0 260 1.0 0.8 53.7 1.0086 0.00 0.0M
449520.000 1976 COM2 64 0R0 273 1.6 0.8 53.4 1.0086 0.00 0.0M
449580.000 1976 COM2 64 0R0 298 2.3 0.8 52.7 1.0086 0.00 0.0M
449640.000 1976 COM2 64 0R0 264 1.6 0.8 52.2 1.0086 0.00 0.0M
449700.000 1976 COM2 64 0R0 270 2.2 0.9 52.4 1.0086 0.00 0.0M
449760.000 1976 COM2 64 0R0 284 0.9 0.9 52.6 1.0086 0.00 0.0M
449820.000 1976 COM2 64 0R0 264 0.7 0.9 53.4 1.0086 0.00 0.0M
449880.000 1976 COM2 64 0R0 294 1.4 0.9 53.5 1.0086 0.00 0.0M
449940.000 1976 COM2 64 0R0 293 0.8 0.9 51.3 1.0086 0.00 0.0M
450000.000 1976 COM2 64 0R0 276 1.9 0.9 51.3 1.0086 0.00 0.0M
450060.000 1976 COM2 64 0R0 283 1.9 1.0 51.6 1.0086 0.00 0.0M
450120.000 1976 COM2 64 0R0 285 1.1 1.0 51.8 1.0086 0.00 0.0M
450180.000 1976 COM2 64 0R0 261 0.9 1.0 51.4 1.0086 0.00 0.0M
450240.000 1976 COM2 64 0R0 262 1.2 1.0 51.9 1.0085 0.00 0.0M
450300.000 1976 COM2 64 0R0 277 2.3 1.1 51.9 1.0085 0.00 0.0M
450360.000 1976 COM2 64 0R0 284 1.7 1.1 51.7 1.0086 0.00 0.0M
450420.000 1976 COM2 64 0R0 244 0.5 1.1 51.6 1.0086 0.00 0.0M
450480.000 1976 COM2 64 0R0 280 2.0 1.1 51.7 1.0086 0.00 0.0M
450540.000 1976 COM2 64 0R0 291 0.6 1.1 51.6 1.0085 0.00 0.0M
450600.000 1976 COM2 64 0R0 294 1.1 1.1 51.2 1.0085 0.00 0.0M
450660.000 1976 COM2 64 0R0 270 1.6 1.1 51.5 1.0085 0.00 0.0M
450720.000 1976 COM2 64 0R0 263 1.4 1.1 50.8 1.0085 0.00 0.0M
450780.000 1976 COM2 64 0R0 279 1.8 1.1 51.4 1.0085 0.00 0.0M
450840.000 1976 COM2 64 0R0 298 1.9 1.1 52.0 1.0085 0.00 0.0M
450900.000 1976 COM2 64 0R0 299 1.4 1.1 51.4 1.0085 0.00 0.0M
450960.000 1976 COM2 64 0R0 270 2.8 1.1 51.2 1.0085 0.00 0.0M
451020.000 1976 COM2 64 0R0 267 2.1 1.1 51.3 1.0085 0.00 0.0M
451080.000 1976 COM2 64 0R0 280 0.7 1.1 52.1 1.0085 0.00 0.0M
451140.000 1976 COM2 64 0R0 261 1.6 1.1 51.5 1.0085 0.00 0.0M
451200.000 1976 COM2 64 0R0 278 1.5 1.1 52.4 1.0085 0.00 0.0M
451260.000 1976 COM2 64 0R0 285 2.2 1.1 51.2 1.0085 0.00 0.0M
451320.000 1976 COM2 64 0R0 281 1.3 1.0 52.4 1.0085 0.00 0.0M
451380.000 1976 COM2 64 0R0 276 1.0 1.0 51.7 1.0085 0.00 0.0M
451440.000 1976 COM2 64 0R0 315 0.5 1.0 51.1 1.0085 0.00 0.0M
451500.000 1976 COM2 64 0R0 297 0.8 1.0 52.0 1.0085 0.00 0.0M
451560.000 1976 COM2 64 0R0 192 0.3 1.0 51.0 1.0084 0.00 0.0M
451620.000 1976 COM2 64 0R0 287 1.8 1.0 52.2 1.0084 0.00 0.0M
451680.000 1976 COM2 64 0R0 166 0.7 1.0 52.1 1.0084 0.00 0.0M
451740.000 1976 COM2 64 0R0 306 1.4 1.0 52.1 1.0084 0.00 0.0M
451800.000 1976 COM2 64 0R0 260 1.2 1.0 51.6 1.0084 0.00 0.0M
451860.000 1976 COM2 64 0R0 254 1.9 1.0 51.7 1.0084 0.00 0.0M
451920.000 1976 COM2 64 0R0 271 1.0 1.0 52.5 1.0084 0.00 0.0M
451980.000 1976 COM2 64 0R0 286 1.8 1.0 51.5 1.0084 0.00 0.0M
452040.000 1976 COM2 64 0R0 290 2.0 1.0 51.5 1.0084 0.00 0.0M
452100.000 1976 COM2 64 0R0 300 1.2 1.0 51.3 1.0084 0.00 0.0M
452160.000 1976 COM2 64 0R0 292 2.5 1.0 51.2 1.0084 0.00 0.0M
452220.000 1976 COM2 64 0R0 271 1.2 0.9 52.0 1.0084 0.00 0.0M
452280.000 1976 COM2 64 0R0 158 0.3 0.9 52.4 1.0084 0.00 0.0M
452340.000 1976 COM2 64 0R0 287 0.4 0.9 52.1 1.0084 0.00 0.0M
452400.000 1976 COM2 64 0R0 293 2.5 0.9 51.9 1.0084 0.00 0.0M
452460.000 1976 COM2 64 0R0 296 2.3 0.9 52.1 1.0084 0.00 0.0M
452520.000 1976 COM2 64 0R0 270 1.1 0.9 51.6 1.0084 0.00 0.0M
452580.000 1976 COM2 64 0R0 272 1.2 0.9 51.5 1.0083 0.00 0.0M
452640.000 1976 COM2 64 0R0 284 2.4 0.9 52.5 1.0083 0.00 0.0M
452700.000 1976 COM2 64 0R0 313 0.8 0.9 51.7 1.0083 0.00 0.0M
452760.000 1976 COM2 64 0R0 277 1.3 0.9 51.7 1.0083 0.00 0.0M
452820.000 1976 COM2 64 0R0 287 1.5 0.9 51.3 1.0082 0.00 0.0M
452880.000 1976 COM2 64 0R0 283 1.5 0.9 51.9 1.0082 0.00 0.0M
452940.000 1976 COM2 64 0R0 277 0.6 0.9 52.0 1.0082 0.00 0.0M
453000.000 1976 COM2 64 0R0 273 1.5 0.9 52.8 1.0082 0.00 0.0M
453060.000 1976 COM2 64 0R0 207 0.5 0.9 52.8 1.0082 0.00 0.0M
453120.000 1976 COM2 64 0R0 255 1.3 0.9 52.2 1.0082 0.00 0.0M
453180.000 1976 COM2 64 0R0 286 1.6 0.9 52.5 1.0082 0.00 0.0M
453240.000 1976 COM2 64 0R0 299 1.0 0.9 53.6 1.0082 0.00 0.0M
453300.000 1976 COM2 64 0R0 288 1.3 0.9 52.7 1.0082 0.00 0.0M
453360.000 1976 COM2 64 0R0 268 1.0 0.9 52.4 1.0082 0.00 0.0M
453420.000 1976 COM2 64 0R0 268 1.4 0.9 52.5 1.0082 0.00 0.0M
453480.000 1976 COM2 64 0R0 295 0.9 0.8 52.5 1.0082 0.00 0.0M
453540.000 1976 COM2 64 0R0 272 1.0 0.8 52.5 1.0082 0.00 0.0M
453600.000 1976 COM2 64 0R0 306 0.6 0.8 52.7 1.0082 0.00 0.0M
453660.000 1976 COM2 64 0R0 271 1.0 0.8 52.6 1.0082 0.00 0.0M
453720.000 1976 COM2 64 0R0 255 0.9 0.8 53.7 1.0082 0.00 0.0M
453780.000 1976 COM2 64 0R0 257 0.6 0.7 53.7 1.0082 0.00 0.0M
453840.000 1976 COM2 64 0R0 246 0.6 0.7 53.8 1.0082 0.00 0.0M
453900.000 1976 COM2 64 0R0 272 0.8 0.7 54.5 1.0082 0.00 0.0M
453960.000 1976 COM2 64 0R0 272 1.7 0.7 54.1 1.0082 0.00 0.0M
454020.000 1976 COM2 64 0R0 287 1.4 0.7 53.8 1.0081 0.00 0.0M
454080.000 1976 COM2 64 0R0 228 1.0 0.7 53.7 1.0081 0.00 0.0M
454140.000 1976 COM2 64 0R0 296 0.5 0.7 53.8 1.0081 0.00 0.0M
454200.000 1976 COM2 64 0R0 284 1.1 0.7 53.0 1.0082 0.00 0.0M
454260.000 1976 COM2 64 0R0 263 1.4 0.7 55.1 1.0082 0.00 0.0M
454320.000 1976 COM2 64 0R0 233 0.6 0.7 54.8 1.0082 0.00 0.0M
454380.000 1976 COM2 64 0R0 263 0.7 0.7 55.3 1.0082 0.00 0.0M
454440.000 1976 COM2 64 0R0 255 0.8 0.7 55.5 1.0082 0.00 0.0M
454500.000 1976 COM2 64 0R0 204 1.4 0.7 55.5 1.0081 0.00 0.0M
454560.000 1976 COM2 64 0R0 234 0.4 0.7 55.0 1.0081 0.00 0.0M
454620.000 1976 COM2 64 0R0 181 1.2 0.7 56.0 1.0081 0.00 0.0M
454680.000 1976 COM2 64 0R0 238 0.5 0.7 57.4 1.0081 0.00 0.0M
454740.000 1976 COM2 64 0R0 141 0.7 0.5 57.5 1.0081 0.00 0.0M
454800.000 1976 COM2 64 0R0 177 0.6 0.4 58.2 1.0081 0.00 0.0M
454860.000 1976 COM2 64 0R0 189 1.5 0.3 58.8 1.0081 0.00 0.0M
454920.000 1976 COM2 64 0R0 200 1.5 0.2 58.6 1.0081 0.00 0.0M
454980.000 1976 COM2 64 0R0 201 1.6 0.0 58.8 1.0081 0.00 0.0M
455040.000 1976 COM2 65 0R0 190 1.6 -0.1 59.7 1.0081 0.00 0.0M
455100.000 1976 COM2 65 0R0 188 1.6 -0.3 60.1 1.0081 0.00 0.0M
455160.000 1976 COM2 65 0R0 215 1.2 -0.4 61.5 1.0082 0.00 0.0M
455220.000 1976 COM2 65 0R0 194 1.1 -0.4 62.4 1.0082 0.00 0.0M
455280.000 1976 COM2 65 0R0 212 1.1 -0.4 62.8 1.0082 0.00 0.0M
455340.100 1976 COM2 65 0R0 187 0.9 -0.3 62.3 1.0081 0.00 0.0M
455400.000 1976 COM2 65 0R0 202 1.0 -0.3 61.6 1.0081 0.00 0.0M
455460.000 1976 COM2 65 0R0 217 0.9 -0.4 61.9 1.0081 0.00 0.0M
455520.000 1976 COM2 65 0R0 209 1.0 -0.4 61.9 1.0081 0.00 0.0M
455580.000 1976 COM2 65 0R0 204 1.3 -0.5 62.5 1.0081 0.00 0.0M
455640.000 1976 COM2 65 0R0 198 0.8 -0.5 61.3 1.0081 0.00 0.0M
455700.000 1976 COM2 65 0R0 194 1.4 -0.5 62.1 1.0081 0.00 0.0M
455760.000 1976 COM2 65 0R0 222 0.9 -0.5 62.1 1.0081 0.00 0.0M
455820.000 1976 COM2 65 0R0 218 0.9 -0.5 61.2 1.0081 0.00 0.0M
455880.000 1976 COM2 65 0R0 183 1.0 -0.5 60.9 1.0081 0.00 0.0M
455940.000 1976 COM2 65 0R0 194 1.2 -0.4 62.4 1.0081 0.00 0.0M
456000.000 1976 COM2 65 0R0 181 1.4 -0.4 60.4 1.0081 0.00 0.0M
456060.000 1976 COM2 65 0R0 185 1.2 -0.4 60.0 1.0081 0.00 0.0M
456120.000 1976 COM2 65 0R0 183 1.1 -0.4 60.2 1.0081 0.00 0.0M
456180.000 1976 COM2 65 0R0 197 0.8 -0.5 61.1 1.0081 0.00 0.0M
456240.000 1976 COM2 65 0R0 213 1.0 -0.5 61.0 1.0081 0.00 0.0M
456300.000 1976 COM2 65 0R0 189 1.0 -0.5 61.2 1.0081 0.00 0.0M
456360.000 1976 COM2 65 0R0 213 1.4 -0.5 61.6 1.0081 0.00 0.0M
456420.000 1976 COM2 65 0R0 223 1.5 -0.5 63.5 1.0081 0.00 0.0M
456480.000 1976 COM2 65 0R0 209 1.4 -0.4 64.2 1.0081 0.00 0.0M
456540.000 1976 COM2 65 0R0 222 0.7 -0.4 61.8 1.0081 0.00 0.0M
456600.000 1976 COM2 65 0R0 226 1.0 -0.4 63.5 1.0081 0.00 0.0M
456660.000 1976 COM2 65 0R0 196 0.7 -0.3 62.8 1.0081 0.00 0.0M
456720.000 1976 COM2 65 0R0 235 0.6 -0.3 63.2 1.0081 0.00 0.0M
456780.000 1976 COM2 65 0R0 231 1.1 -0.2 62.6 1.0081 0.00 0.0M
456840.000 1976 COM2 65 0R0 224 0.4 -0.2 62.3 1.0081 0.00 0.0M
456900.000 1976 COM2 65 0R0 253 0.5 -0.2 61.8 1.0081 0.00 0.0M
456960.000 1976 COM2 65 0R0 244 1.3 -0.2 61.5 1.0081 0.00 0.0M
457020.000 1976 COM2 65 0R0 245 1.2 -0.2 61.3 1.0081 0.00 0.0M
457080.000 1976 COM2 65 0R0 211 0.4 -0.2 61.4 1.0082 0.00 0.0M
457140.000 1976 COM2 65 0R0 240 0.7 -0.1 61.2 1.0082 0.00 0.0M
457200.000 1976 COM2 65 0R0 241 0.4 -0.1 61.3 1.0082 0.00 0.0M
457260.000 1976 COM2 65 0R0 244 0.7 -0.1 61.0 1.0082 0.00 0.0M
457320.000 1976 COM2 65 0R0 243 0.7 -0.1 61.3 1.0082 0.00 0.0M
457380.000 1976 COM2 65 0R0 242 1.2 -0.1 61.1 1.0082 0.00 0.0M
457440.000 1976 COM2 65 0R0 251 1.3 -0.1 60.9 1.0082 0.00 0.0M
457500.000 1976 COM2 65 0R0 264 0.9 -0.1 60.9 1.0082 0.00 0.0M
457560.000 1976 COM2 65 0R0 228 0.9 -0.1 60.5 1.0082 0.00 0.0M
457620.000 1976 COM2 65 0R0 229 0.5 -0.1 60.0 1.0083 0.00 0.0M
457680.000 1976 COM2 64 0R0 180 0.5 0.0 60.4 1.0083 0.00 0.0M
457740.000 1976 COM2 64 0R0 246 0.5 0.0 59.7 1.0083 0.00 0.0M
457800.000 1976 COM2 64 0R0 234 0.5 0.0 59.5 1.0083 0.00 0.0M
457860.000 1976 COM2 64 0R0 227 0.7 0.0 59.4 1.0083 0.00 0.0M
457920.000 1976 COM2 64 0R0 186 0.9 0.0 59.4 1.0083 0.00 0.0M
457980.000 1976 COM2 64 0R0 234 0.6 0.0 59.8 1.0083 0.00 0.0M
458040.000 1976 COM2 64 0R0 226 1.2 0.0 60.2 1.0083 0.00 0.0M
458100.000 1976 COM2 64 0R0 245 0.7 0.0 60.0 1.0083 0.00 0.0M
458160.000 1976 COM2 64 0R0 297 0.5 0.0 59.8 1.0084 0.00 0.0M
458220.000 1976 COM2 64 0R0 233 0.9 0.0 59.2 1.0084 0.00 0.0M
458280.000 1976 COM2 64 0R0 242 0.8 0.0 60.1 1.0084 0.00 0.0M
458340.000 1976 COM2 64 0R0 193 2.0 0.0 60.1 1.0084 0.00 0.0M
458400.000 1976 COM2 64 0R0 213 1.5 0.0 60.1 1.0084 0.00 0.0M
458460.000 1976 COM2 64 0R0 214 1.0 0.0 60.4 1.0084 0.00 0.0M
458520.000 1976 COM2 64 0R0 176 0.5 0.0 59.7 1.0084 0.00 0.0M
458580.000 1976 COM2 64 0R0 182 0.6 0.0 60.4 1.0084 0.00 0.0M
458640.000 1976 COM2 64 0R0 257 0.9 0.0 60.1 1.0084 0.00 0.0M
458700.000 1976 COM2 64 0R0 248 0.5 0.0 60.6 1.0084 0.00 0.0M
458760.000 1976 COM2 64 0R0 238 1.5 0.0 60.2 1.0084 0.00 0.0M
458820.000 1976 COM2 64 0R0 252 1.3 0.0 60.3 1.0084 0.00 0.0M
458880.000 1976 COM2 64 0R0 160 0.3 0.0 60.3 1.0084 0.00 0.0M
458940.000 1976 COM2 64 0R0 265 1.0 0.0 59.2 1.0084 0.00 0.0M
459000.000 1976 COM2 65 0R0 308 0.5 -0.1 60.4 1.0084 0.00 0.0M
459060.000 1976 COM2 65 0R0 247 0.9 -0.1 60.3 1.0084 0.00 0.0M
459120.000 1976 COM2 65 0R0 249 0.9 -0.1 59.7 1.0084 0.00 0.0M
459180.000 1976 COM2 65 0R0 259 0.4 -0.1 61.4 1.0084 0.00 0.0M
459240.000 1976 COM2 65 0R0 262 1.1 -0.1 60.9 1.0084 0.00 0.0M
459300.000 1976 COM2 65 0R0 244 1.1 -0.1 60.3 1.0083 0.00 0.0M
459360.000 1976 COM2 65 0R0 212 0.4 -0.1 60.3 1.0083 0.00 0.0M
459420.000 1976 COM2 65 0R0 264 0.6 -0.1 59.9 1.0083 0.00 0.0M
459480.000 1976 COM2 65 0R0 263 1.2 -0.1 59.3 1.0083 0.00 0.0M
459540.000 1976 COM2 65 0R0 214 0.5 -0.1 59.6 1.0083 0.00 0.0M
459600.000 1976 COM2 65 0R0 284 1.0 -0.1 59.8 1.0083 0.00 0.0M
459660.000 1976 COM2 65 0R0 212 0.3 -0.1 59.6 1.0083 0.00 0.0M
459720.000 1976 COM2 65 0R0 229 1.2 -0.1 60.0 1.0083 0.00 0.0M
459780.000 1976 COM2 64 0R0 209 0.4 0.0 59.7 1.0083 0.00 0.0M
459840.000 1976 COM2 64 0R0 245 0.4 0.0 60.0 1.0083 0.00 0.0M
459900.000 1976 COM2 64 0R0 032 0.3 0.0 61.1 1.0083 0.00 0.0M
459960.000 1976 COM2 64 0R0 253 0.4 0.0 60.9 1.0083 0.00 0.0M
460020.000 1976 COM2 64 0R0 204 1.0 0.0 60.9 1.0083 0.00 0.0M
460080.000 1976 COM2 64 0R0 194 0.4 0.0 60.4 1.0083 0.00 0.0M
460140.000 1976 COM2 64 0R0 185 1.2 0.0 60.8 1.0083 0.00 0.0M
460200.000 1976 COM2 64 0R0 217 0.8 0.0 60.8 1.0083 0.00 0.0M
460260.000 1976 COM2 64 0R0 221 0.8 0.0 60.1 1.0083 0.00 0.0M
460320.000 1976 COM2 64 0R0 225 1.0 0.0 59.7 1.0083 0.00 0.0M
460380.000 1976 COM2 64 0R0 218 0.8 0.0 60.9 1.0083 0.00 0.0M
460440.000 1976 COM2 65 0R0 179 0.7 -0.1 61.4 1.0083 0.00 0.0M
460500.000 1976 COM2 65 0R0 210 0.9 -0.1 61.2 1.0083 0.00 0.0M
460560.000 1976 COM2 65 0R0 225 1.2 -0.2 61.9 1.0083 0.00 0.0M
460620.000 1976 COM2 65 0R0 229 0.6 -0.2 63.3 1.0083 0.00 0.0M
460680.000 1976 COM2 65 0R0 226 0.3 -0.1 62.6 1.0083 0.00 0.0M
460740.000 1976 COM2 65 0R0 239 0.9 -0.1 63.2 1.0083 0.00 0.0M
460800.000 1976 COM2 65 0R0 237 0.4 -0.1 62.8 1.0082 0.00 0.0M
460860.000 1976 COM2 65 0R0 265 0.8 -0.1 62.1 1.0082 0.00 0.0M
460920.000 1976 COM2 64 0R0 217 0.8 0.0 62.1 1.0082 0.00 0.0M
460980.000 1976 COM2 64 0R0 186 0.7 0.0 62.0 1.0082 0.00 0.0M
461040.000 1976 COM2 64 0R0 213 0.6 0.0 62.3 1.0082 0.00 0.0M
461100.000 1976 COM2 64 0R0 239 0.8 0.0 62.4 1.0082 0.00 0.0M
461160.000 1976 COM2 64 0R0 266 0.6 0.0 61.9 1.0082 0.00 0.0M
461220.000 1976 COM2 64 0R0 246 0.9 0.0 62.7 1.0083 0.00 0.0M
461280.000 1976 COM2 64 0R0 205 0.7 0.0 61.7 1.0083 0.00 0.0M
461340.000 1976 COM2 64 0R0 200 0.8 0.0 62.7 1.0083 0.00 0.0M
461400.000 1976 COM2 64 0R0 208 0.6 0.0 62.4 1.0083 0.00 0.0M
461460.000 1976 COM2 64 0R0 207 0.8 0.0 62.5 1.0082 0.00 0.0M
461520.000 1976 COM2 64 0R0 248 0.7 0.0 62.2 1.0083 0.00 0.0M
461580.000 1976 COM2 64 0R0 233 0.8 0.0 62.8 1.0083 0.00 0.0M
461640.000 1976 COM2 64 0R0 218 0.3 0.0 62.4 1.0083 0.00 0.0M
461700.000 1976 COM2 65 0R0 242 1.1 -0.1 62.3 1.0083 0.00 0.0M
461760.000 1976 COM2 65 0R0 234 0.9 -0.1 63.1 1.0083 0.00 0.0M
461820.000 1976 COM2 65 0R0 236 0.6 -0.1 63.0 1.0083 0.00 0.0M
461880.000 1976 COM2 65 0R0 275 0.9 -0.1 63.0 1.0082 0.00 0.0M
461940.000 1976 COM2 64 0R0 166 0.8 0.0 61.5 1.0082 0.00 0.0M
462000.000 1976 COM2 65 0R0 251 0.7 -0.1 62.2 1.0082 0.00 0.0M
462060.000 1976 COM2 65 0R0 242 0.7 -0.1 62.6 1.0082 0.00 0.0M
462120.000 1976 COM2 65 0R0 257 0.6 -0.1 62.9 1.0082 0.00 0.0M
462180.000 1976 COM2 65 0R0 248 0.6 -0.1 62.7 1.0081 0.00 0.0M
462240.000 1976 COM2 65 0R0 223 0.5 -0.1 63.0 1.0081 0.00 0.0M
462300.000 1976 COM2 64 0R0 239 1.2 0.0 62.5 1.0081 0.00 0.0M
462360.000 1976 COM2 64 0R0 256 0.9 0.0 61.8 1.0081 0.00 0.0M
462420.000 1976 COM2 65 0R0 216 1.1 -0.1 60.5 1.0081 0.00 0.0M
462480.000 1976 COM2 65 0R0 249 0.9 -0.1 61.1 1.0081 0.00 0.0M
462540.000 1976 COM2 65 0R0 248 0.5 -0.1 61.1 1.0081 0.00 0.0M
462600.000 1976 COM2 65 0R0 265 1.0 -0.1 61.1 1.0080 0.00 0.0M
462660.000 1976 COM2 65 0R0 252 1.6 -0.2 61.4 1.0080 0.00 0.0M
462720.000 1976 COM2 65 0R0 272 1.4 -0.2 61.2 1.0080 0.00 0.0M
462780.000 1976 COM2 65 0R0 263 1.6 -0.2 61.2 1.0080 0.00 0.0M
462840.000 1976 COM2 65 0R0 261 1.7 -0.2 61.1 1.0080 0.00 0.0M
462900.000 1976 COM2 65 0R0 225 0.8 -0.2 61.1 1.0080 0.00 0.0M
462960.000 1976 COM2 65 0R0 259 0.9 -0.3 60.9 1.0080 0.00 0.0M
463020.000 1976 COM2 65 0R0 276 0.8 -0.2 61.3 1.0081 0.00 0.0M
463080.000 1976 COM2 65 0R0 259 0.7 -0.2 61.6 1.0081 0.00 0.0M
463140.000 1976 COM2 65 0R0 254 1.0 -0.2 61.1 1.0081 0.00 0.0M
463200.000 1976 COM2 65 0R0 225 1.7 -0.2 61.4 1.0081 0.00 0.0M
463260.000 1976 COM2 65 0R0 277 1.5 -0.2 61.4 1.0081 0.00 0.0M
463320.000 1976 COM2 65 0R0 265 1.0 -0.1 60.4 1.0081 0.00 0.0M
463380.000 1976 COM2 65 0R0 212 0.8 -0.1 61.2 1.0081 0.00 0.0M
463440.000 1976 COM2 65 0R0 257 0.8 -0.1 61.3 1.0081 0.00 0.0M
463500.000 1976 COM2 65 0R0 259 0.7 -0.1 61.1 1.0081 0.00 0.0M
463560.000 1976 COM2 64 0R0 240 1.0 0.0 61.4 1.0082 0.00 0.0M
463620.000 1976 COM2 64 0R0 251 1.8 0.0 61.0 1.0082 0.00 0.0M
463680.000 1976 COM2 64 0R0 248 1.6 0.0 60.7 1.0082 0.00 0.0M
463740.000 1976 COM2 64 0R0 236 1.0 0.0 60.7 1.0082 0.00 0.0M
463800.000 1976 COM2 64 0R0 265 1.6 0.0 60.6 1.0082 0.00 0.0M
463860.000 1976 COM2 64 0R0 275 0.8 0.0 60.6 1.0082 0.00 0.0M
463920.000 1976 COM2 64 0R0 262 1.8 0.0 60.9 1.0082 0.00 0.0M
463980.000 1976 COM2 64 0R0 242 1.3 0.0 60.9 1.0082 0.00 0.0M
464040.000 1976 COM2 64 0R0 237 0.9 0.0 61.0 1.0082 0.00 0.0M
464100.000 1976 COM2 64 0R0 244 1.3 0.0 61.0 1.0082 0.00 0.0M
464160.000 1976 COM2 64 0R0 181 0.7 0.0 61.0 1.0082 0.00 0.0M
464220.000 1976 COM2 64 0R0 262 2.2 0.0 60.9 1.0082 0.00 0.0M
464280.000 1976 COM2 64 0R0 239 2.1 0.0 60.6 1.0082 0.00 0.0M
464340.000 1976 COM2 65 0R0 228 1.0 -0.1 61.3 1.0082 0.00 0.0M
464400.000 1976 COM2 65 0R0 231 2.2 -0.1 61.4 1.0082 0.00 0.0M
464460.000 1976 COM2 65 0R0 261 1.7 -0.1 61.1 1.0082 0.00 0.0M
464520.000 1976 COM2 65 0R0 249 2.4 -0.1 61.2 1.0082 0.00 0.0M
464580.000 1976 COM2 65 0R0 244 2.0 -0.1 61.0 1.0082 0.00 0.0M
464640.000 1976 COM2 65 0R0 262 1.2 -0.1 61.5 1.0082 0.00 0.0M
464700.000 1976 COM2 65 0R0 255 1.0 -0.2 61.5 1.0083 0.00 0.0M
464760.000 1976 COM2 65 0R0 256 0.9 -0.2 61.1 1.0083 0.00 0.0M
464820.000 1976 COM2 65 0R0 255 0.8 -0.2 61.6 1.0083 0.00 0.0M
464880.000 1976 COM2 65 0R0 272 1.1 -0.2 61.6 1.0083 0.00 0.0M
464940.000 1976 COM2 65 0R0 250 1.5 -0.3 61.5 1.0083 0.00 0.0M
465000.100 1976 COM2 65 0R0 260 1.5 -0.3 61.6 1.0083 0.00 0.0M
465060.000 1976 COM2 65 0R0 225 0.8 -0.3 62.2 1.0083 0.00 0.0M
465120.000 1976 COM2 65 0R0 262 2.0 -0.3 62.3 1.0083 0.00 0.0M
465180.000 1976 COM2 65 0R0 244 2.0 -0.3 62.2 1.0083 0.00 0.0M
465240.000 1976 COM2 65 0R0 257 0.7 -0.3 62.4 1.0083 0.00 0.0M
465300.000 1976 COM2 65 0R0 260 0.7 -0.3 62.9 1.0083 0.00 0.0M
465360.000 1976 COM2 65 0R0 290 1.0 -0.2 62.3 1.0083 0.00 0.0M
465420.000 1976 COM2 65 0R0 249 1.1 -0.2 62.5 1.0083 0.00 0.0M
465480.000 1976 COM2 65 0R0 258 1.3 -0.3 62.1 1.0083 0.00 0.0M
465540.000 1976 COM2 65 0R0 259 1.8 -0.3 63.0 1.0083 0.00 0.0M
465600.000 1976 COM2 65 0R0 272 1.2 -0.3 62.7 1.0083 0.00 0.0M
465660.000 1976 COM2 65 0R0 241 1.6 -0.3 62.7 1.0083 0.00 0.0M
465720.000 1976 COM2 65 0R0 265 1.4 -0.3 63.1 1.0083 0.00 0.0M
465780.000 1976 COM2 65 0R0 246 1.8 -0.4 63.1 1.0083 0.00 0.0M
465840.000 1976 COM2 65 0R0 247 1.5 -0.4 63.9 1.0083 0.00 0.0M
465900.000 1976 COM2 65 0R0 255 1.9 -0.4 63.0 1.0083 0.00 0.0M
465960.000 1976 COM2 65 0R0 178 0.7 -0.4 63.1 1.0083 0.00 0.0M
466020.000 1976 COM2 65 0R0 222 0.9 -0.3 63.5 1.0082 0.00 0.0M
466080.000 1976 COM2 65 0R0 309 0.4 -0.3 63.2 1.0082 0.00 0.0M
466140.000 1976 COM2 65 0R0 240 1.1 -0.3 63.4 1.0082 0.00 0.0M
466200.000 1976 COM2 65 0R0 301 0.1 -0.3 63.1 1.0082 0.00 0.0M
466260.000 1976 COM2 65 0R0 247 0.9 -0.3 63.6 1.0082 0.00 0.0M
466320.000 1976 COM2 65 0R0 272 0.6 -0.3 63.5 1.0082 0.00 0.0M
466380.000 1976 COM2 65 0R0 282 0.6 -0.3 63.8 1.0082 0.00 0.0M
466440.000 1976 COM2 65 0R0 300 1.2 -0.3 63.8 1.0082 0.00 0.0M
466500.000 1976 COM2 65 0R0 247 1.4 -0.3 63.4 1.0082 0.00 0.0M
466560.000 1976 COM2 65 0R0 238 0.8 -0.3 63.5 1.0082 0.00 0.0M
466620.000 1976 COM2 65 0R0 222 0.9 -0.3 63.6 1.0082 0.00 0.0M
466680.000 1976 COM2 65 0R0 261 1.3 -0.3 63.1 1.0082 0.00 0.0M
466740.000 1976 COM2 65 0R0 214 0.6 -0.3 63.6 1.0082 0.00 0.0M
466800.000 1976 COM2 65 0R0 253 1.0 -0.2 63.0 1.0082 0.00 0.0M
466860.000 1976 COM2 65 0R0 211 0.9 -0.2 63.1 1.0082 0.00 0.0M
466920.000 1976 COM2 65 0R0 171 0.3 -0.2 63.2 1.0082 0.00 0.0M
466980.000 1976 COM2 65 0R0 209 0.9 -0.2 64.1 1.0082 0.00 0.0M
467040.000 1976 COM2 65 0R0 204 0.5 -0.2 64.1 1.0082 0.00 0.0M
467100.000 1976 COM2 65 0R0 207 0.9 -0.2 63.9 1.0082 0.00 0.0M
467160.000 1976 COM2 65 0R0 032 0.3 -0.2 63.9 1.0082 0.00 0.0M
467220.000 1976 COM2 65 0R0 158 0.5 -0.2 63.7 1.0082 0.00 0.0M
467280.000 1976 COM2 65 0R0 230 0.9 -0.3 64.2 1.0082 0.00 0.0M
467340.000 1976 COM2 65 0R0 180 1.1 -0.4 64.0 1.0082 0.00 0.0M
467400.000 1976 COM2 65 0R0 167 0.3 -0.5 64.1 1.0082 0.00 0.0M
467460.000 1976 COM2 65 0R0 184 0.8 -0.5 64.7 1.0082 0.00 0.0M
467520.000 1976 COM2 65 0R0 131 0.4 -0.6 64.9 1.0082 0.00 0.0M
467580.000 1976 COM2 65 0R0 117 0.5 -0.6 65.6 1.0082 0.00 0.0M
467640.000 1976 COM2 65 0R0 197 1.0 -0.7 65.2 1.0082 0.00 0.0M
467700.000 1976 COM2 65 0R0 186 1.5 -0.7 65.5 1.0082 0.00 0.0M
467760.000 1976 COM2 65 0R0 195 0.5 -0.8 65.4 1.0082 0.00 0.0M
467820.000 1976 COM2 65 0R0 183 0.9 -0.8 65.9 1.0082 0.00 0.0M
467880.000 1976 COM2 65 0R0 199 1.3 -0.8 66.0 1.0083 0.00 0.0M
467940.000 1976 COM2 65 0R0 188 1.1 -0.9 65.5 1.0083 0.00 0.0M
468000.000 1976 COM2 65 0R0 164 0.8 -0.9 66.3 1.0082 0.00 0.0M
468060.000 1976 COM2 65 0R0 144 0.4 -1.0 66.7 1.0083 0.00 0.0M
468120.000 1976 COM2 65 0R0 164 0.9 -1.0 66.7 1.0083 0.00 0.0M
468180.000 1976 COM2 65 0R0 185 1.4 -1.1 66.8 1.0083 0.00 0.0M
468240.000 1976 COM2 65 0R0 176 0.9 -1.1 67.1 1.0083 0.00 0.0M
468300.000 1976 COM2 65 0R0 190 1.4 -1.2 67.2 1.0083 0.00 0.0M
468360.000 1976 COM2 65 0R0 204 1.1 -1.2 67.4 1.0083 0.00 0.0M
468420.000 1976 COM2 65 0R0 176 1.2 -1.3 67.6 1.0083 0.00 0.0M
468480.000 1976 COM2 65 0R0 203 1.4 -1.3 67.7 1.0083 0.00 0.0M
468540.000 1976 COM2 65 0R0 200 1.3 -1.3 67.4 1.0083 0.00 0.0M
468600.000 1976 COM2 65 0R0 193 1.5 -1.3 67.3 1.0084 0.00 0.0M
468660.000 1976 COM2 65 0R0 184 1.3 -1.5 67.6 1.0084 0.00 0.0M
468720.000 1976 COM2 65 0R0 183 1.4 -1.5 67.9 1.0084 0.00 0.0M
468780.000 1976 COM2 65 0R0 184 1.4 -1.6 68.1 1.0085 0.00 0.0M
468840.000 1976 COM2 65 0R0 182 0.8 -1.7 68.4 1.0085 0.00 0.0M
468900.000 1976 COM2 65 0R0 200 2.0 -1.7 69.0 1.0085 0.00 0.0M
468960.000 1976 COM2 65 0R0 249 1.0 -1.8 69.6 1.0085 0.00 0.0M
469020.000 1976 COM2 65 0R0 222 2.1 -1.7 70.6 1.0085 0.00 0.0M
469080.000 1976 COM2 65 0R0 226 1.1 -1.7 69.9 1.0085 0.00 0.0M
469140.000 1976 COM2 65 0R0 214 2.1 -1.6 70.1 1.0086 0.00 0.0M
469200.000 1976 COM2 65 0R0 204 0.7 -1.5 68.8 1.0086 0.00 0.0M
469260.000 1976 COM2 65 0R0 197 1.4 -1.5 69.6 1.0086 0.00 0.0M
469320.000 1976 COM2 65 0R0 188 1.5 -1.5 69.1 1.0086 0.00 0.0M
469380.000 1976 COM2 65 0R0 206 1.9 -1.5 69.1 1.0086 0.00 0.0M
469440.000 1976 COM2 65 0R0 242 1.7 -1.5 68.7 1.0086 0.00 0.0M
469500.000 1976 COM2 65 0R0 233 1.6 -1.5 68.9 1.0086 0.00 0.0M
469560.000 1976 COM2 65 0R0 202 1.7 -1.5 69.6 1.0086 0.00 0.0M
469620.000 1976 COM2 65 0R0 218 1.6 -1.5 68.5 1.0086 0.00 0.0M
469680.000 1976 COM2 65 0R0 190 1.7 -1.5 69.7 1.0086 0.00 0.0M
469740.000 1976 COM2 65 0R0 079 0.6 -1.5 69.7 1.0086 0.00 0.0M
469800.000 1976 COM2 65 0R0 259 0.4 -1.5 68.9 1.0085 0.00 0.0M
469860.000 1976 COM2 65 0R0 250 0.6 -1.4 69.3 1.0085 0.00 0.0M
469920.000 1976 COM2 65 0R0 195 1.3 -1.4 69.2 1.0085 0.00 0.0M
469980.000 1976 COM2 65 0R0 269 0.5 -1.4 68.7 1.0085 0.00 0.0M
470040.000 1976 COM2 65 0R0 215 1.7 -1.4 69.1 1.0085 0.00 0.0M
470100.000 1976 COM2 65 0R0 219 0.9 -1.3 69.1 1.0085 0.00 0.0M
470160.000 1976 COM2 65 0R0 209 1.7 -1.3 69.3 1.0085 0.00 0.0M
470220.000 1976 COM2 65 0R0 207 2.1 -1.3 68.9 1.0085 0.00 0.0M
470280.000 1976 COM2 65 0R0 176 1.3 -1.2 68.4 1.0084 0.00 0.0M
470340.000 1976 COM2 65 0R0 169 0.6 -1.2 68.5 1.0084 0.00 0.0M
470400.000 1976 COM2 65 0R0 216 1.6 -1.2 68.6 1.0084 0.00 0.0M
470460.000 1976 COM2 65 0R0 159 1.1 -1.2 68.4 1.0084 0.00 0.0M
470520.000 1976 COM2 65 0R0 224 2.1 -1.2 69.2 1.0084 0.00 0.0M
470580.000 1976 COM2 65 0R0 208 1.5 -1.2 69.1 1.0084 0.00 0.0M
470640.000 1976 COM2 65 0R0 233 1.2 -1.2 69.1 1.0084 0.00 0.0M
470700.000 1976 COM2 65 0R0 189 0.6 -1.1 69.2 1.0084 0.00 0.0M
470760.000 1976 COM2 65 0R0 236 0.4 -1.1 68.6 1.0084 0.00 0.0M
470820.000 1976 COM2 65 0R0 235 1.0 -1.1 68.7 1.0084 0.00 0.0M
470880.000 1976 COM2 65 0R0 218 1.2 -1.1 68.4 1.0084 0.00 0.0M
470940.000 1976 COM2 65 0R0 210 0.5 -1.1 68.0 1.0084 0.00 0.0M
471000.000 1976 COM2 65 0R0 265 0.6 -1.1 67.8 1.0084 0.00 0.0M
471060.000 1976 COM2 65 0R0 249 1.5 -1.1 67.9 1.0084 0.00 0.0M
471120.000 1976 COM2 65 0R0 231 0.5 -1.1 68.2 1.0084 0.00 0.0M
471180.000 1976 COM2 65 0R0 250 0.8 -1.1 68.2 1.0084 0.00 0.0M
471240.000 1976 COM2 65 0R0 241 1.8 -1.1 68.0 1.0084 0.00 0.0M
471300.000 1976 COM2 65 0R0 263 0.7 -1.0 68.3 1.0084 0.00 0.0M
471360.000 1976 COM2 65 0R0 253 0.8 -1.0 68.2 1.0084 0.00 0.0M
471420.000 1976 COM2 65 0R0 252 0.6 -1.0 67.8 1.0084 0.00 0.0M
471480.000 1976 COM2 65 0R0 278 1.5 -1.0 67.8 1.0084 0.00 0.0M
471540.000 1976 COM2 65 0R0 219 1.0 -1.0 67.7 1.0084 0.00 0.0M
471600.000 1976 COM2 65 0R0 224 0.6 -1.0 67.9 1.0084 0.00 0.0M
471660.000 1976 COM2 65 0R0 220 0.4 -0.9 67.6 1.0084 0.00 0.0M
471720.000 1976 COM2 65 0R0 242 1.3 -0.9 67.4 1.0084 0.00 0.0M
471780.000 1976 COM2 65 0R0 238 0.7 -0.9 67.6 1.0084 0.00 0.0M
471840.000 1976 COM2 65 0R0 191 1.2 -0.9 67.6 1.0084 0.00 0.0M
471900.000 1976 COM2 65 0R0 188 1.2 -0.9 67.5 1.0084 0.00 0.0M
471960.000 1976 COM2 65 0R0 298 0.3 -0.9 67.9 1.0084 0.00 0.0M
472020.000 1976 COM2 65 0R0 204 1.4 -0.9 67.1 1.0085 0.00 0.0M
472080.000 1976 COM2 65 0R0 247 0.8 -0.9 67.1 1.0085 0.00 0.0M
472140.000 1976 COM2 65 0R0 190 1.4 -0.9 67.5 1.0084 0.00 0.0M
472200.000 1976 COM2 65 0R0 257 0.8 -0.9 67.7 1.0084 0.00 0.0M
472260.000 1976 COM2 65 0R0 222 0.6 -0.9 67.8 1.0084 0.00 0.0M
472320.000 1976 COM2 65 0R0 268 1.2 -0.9 67.5 1.0084 0.00 0.0M
472380.000 1976 COM2 65 0R0 245 1.6 -0.9 67.9 1.0084 0.00 0.0M
472440.000 1976 COM2 65 0R0 240 1.1 -0.9 68.0 1.0084 0.00 0.0M
472500.000 1976 COM2 65 0R0 185 0.6 -0.9 67.6 1.0084 0.00 0.0M
472560.000 1976 COM2 65 0R0 246 0.7 -0.9 67.4 1.0084 0.00 0.0M
472620.000 1976 COM2 65 0R0 229 1.5 -0.9 67.9 1.0084 0.00 0.0M
472680.000 1976 COM2 65 0R0 265 1.3 -0.9 68.1 1.0084 0.00 0.0M
472740.000 1976 COM2 65 0R0 247 0.5 -0.8 67.6 1.0084 0.00 0.0M
472800.000 1976 COM2 65 0R0 300 0.7 -0.8 67.5 1.0085 0.00 0.0M
472860.000 1976 COM2 65 0R0 186 0.8 -0.8 67.6 1.0085 0.00 0.0M
472920.000 1976 COM2 65 0R0 195 0.5 -0.8 67.6 1.0085 0.00 0.0M
472980.000 1976 COM2 65 0R0 221 0.9 -0.8 68.0 1.0085 0.00 0.0M
473040.000 1976 COM2 65 0R0 210 2.1 -0.8 67.9 1.0085 0.00 0.0M
473100.000 1976 COM2 65 0R0 256 0.8 -0.8 68.1 1.0085 0.00 0.0M
473160.000 1976 COM2 65 0R0 253 0.8 -0.8 67.8 1.0085 0.00 0.0M
473220.000 1976 COM2 65 0R0 233 1.2 -0.8 68.0 1.0085 0.00 0.0M
473280.000 1976 COM2 65 0R0 213 1.1 -0.8 67.3 1.0085 0.00 0.0M
473340.000 1976 COM2 65 0R0 207 1.9 -0.8 68.3 1.0085 0.00 0.0M
473400.000 1976 COM2 65 0R0 241 0.8 -0.8 68.1 1.0085 0.00 0.0M
473460.000 1976 COM2 65 0R0 213 0.7 -0.8 68.1 1.0085 0.00 0.0M
473520.000 1976 COM2 65 0R0 201 2.3 -0.8 67.9 1.0085 0.00 0.0M
473580.000 1976 COM2 65 0R0 188 1.8 -0.8 68.0 1.0085 0.00 0.0M
473640.000 1976 COM2 65 0R0 208 1.3 -0.9 68.3 1.0085 0.00 0.0M
473700.000 1976 COM2 65 0R0 199 2.0 -0.9 68.5 1.0085 0.00 0.0M
473760.000 1976 COM2 65 0R0 228 1.4 -0.9 68.5 1.0085 0.00 0.0M
473820.000 1976 COM2 65 0R0 267 1.1 -0.9 68.8 1.0085 0.00 0.0M
473880.000 1976 COM2 65 0R0 191 1.0 -0.9 68.7 1.0085 0.00 0.0M
473940.000 1976 COM2 65 0R0 242 2.0 -0.9 68.2 1.0085 0.00 0.0M
474000.000 1976 COM2 65 0R0 205 1.5 -0.9 68.5 1.0085 0.00 0.0M
474060.000 1976 COM2 65 0R0 294 0.6 -0.9 69.2 1.0085 0.00 0.0M
474120.000 1976 COM2 65 0R0 251 0.9 -0.9 68.6 1.0085 0.00 0.0M
474180.000 1976 COM2 65 0R0 221 1.1 -0.9 68.9 1.0085 0.00 0.0M
474240.000 1976 COM2 65 0R0 226 1.7 -0.9 68.8 1.0085 0.00 0.0M
474300.000 1976 COM2 65 0R0 264 0.6 -0.9 69.1 1.0086 0.00 0.0M
474360.000 1976 COM2 65 0R0 245 0.8 -1.0 69.1 1.0086 0.00 0.0M
474420.100 1976 COM2 65 0R0 223 1.6 -1.0 69.2 1.0086 0.00 0.0M
474480.000 1976 COM2 65 0R0 232 2.2 -1.0 69.5 1.0086 0.00 0.0M
474540.000 1976 COM2 65 0R0 224 1.3 -1.0 69.7 1.0087 0.00 0.0M
474600.000 1976 COM2 65 0R0 182 1.3 -1.0 69.6 1.0087 0.00 0.0M
474660.000 1976 COM2 65 0R0 247 1.1 -1.0 69.5 1.0087 0.00 0.0M
474720.000 1976 COM2 65 0R0 254 1.7 -1.0 69.8 1.0087 0.00 0.0M
474780.000 1976 COM2 65 0R0 259 1.1 -1.0 69.9 1.0087 0.00 0.0M
474840.000 1976 COM2 65 0R0 231 1.9 -1.0 69.8 1.0087 0.00 0.0M
474900.000 1976 COM2 65 0R0 239 1.9 -1.0 69.9 1.0087 0.00 0.0M
474960.000 1976 COM2 65 0R0 258 0.7 -1.0 70.3 1.0087 0.00 0.0M
475020.000 1976 COM2 65 0R0 319 0.3 -1.0 70.3 1.0087 0.00 0.0M
475080.000 1976 COM2 65 0R0 256 2.3 -0.9 70.3 1.0087 0.00 0.0M
475140.000 1976 COM2 65 0R0 236 1.3 -0.9 70.4 1.0087 0.00 0.0M
475200.000 1976 COM2 65 0R0 222 1.8 -0.9 70.4 1.0088 0.00 0.0M
475260.000 1976 COM2 65 0R0 256 1.3 -0.8 69.9 1.0088 0.00 0.0M
475320.000 1976 COM2 65 0R0 208 1.9 -0.8 69.7 1.0088 0.00 0.0M
475380.000 1976 COM2 65 0R0 242 1.4 -0.8 69.8 1.0088 0.00 0.0M
475440.000 1976 COM2 65 0R0 251 1.8 -0.8 69.6 1.0088 0.00 0.0M
475500.000 1976 COM2 65 0R0 213 0.8 -0.8 69.4 1.0088 0.00 0.0M
475560.000 1976 COM2 65 0R0 182 0.5 -0.7 69.8 1.0088 0.00 0.0M
475620.000 1976 COM2 65 0R0 246 1.3 -0.7 69.3 1.0088 0.00 0.0M
475680.000 1976 COM2 65 0R0 191 1.5 -0.7 69.3 1.0088 0.00 0.0M
475740.000 1976 COM2 65 0R0 176 1.2 -0.7 69.3 1.0087 0.00 0.0M
475800.000 1976 COM2 65 0R0 198 0.5 -0.6 69.1 1.0087 0.00 0.0M
475860.000 1976 COM2 65 0R0 223 1.6 -0.6 69.0 1.0087 0.00 0.0M
475920.000 1976 COM2 65 0R0 228 1.7 -0.6 69.1 1.0087 0.00 0.0M
475980.000 1976 COM2 65 0R0 206 1.4 -0.6 69.0 1.0087 0.00 0.0M
476040.000 1976 COM2 65 0R0 198 1.4 -0.5 69.2 1.0087 0.00 0.0M
476100.000 1976 COM2 65 0R0 257 0.6 -0.5 69.2 1.0087 0.00 0.0M
476160.000 1976 COM2 65 0R0 254 0.6 -0.5 69.0 1.0087 0.00 0.0M
476220.000 1976 COM2 65 0R0 286 0.7 -0.4 68.7 1.0088 0.00 0.0M
476280.000 1976 COM2 65 0R0 236 1.4 -0.4 68.7 1.0088 0.00 0.0M
476340.000 1976 COM2 65 0R0 252 1.9 -0.4 68.0 1.0088 0.00 0.0M
476400.000 1976 COM2 65 0R0 240 1.3 -0.3 67.9 1.0088 0.00 0.0M
476460.000 1976 COM2 65 0R0 243 1.7 -0.3 68.0 1.0088 0.00 0.0M
476520.000 1976 COM2 65 0R0 236 1.3 -0.3 68.1 1.0088 0.00 0.0M
476580.000 1976 COM2 65 0R0 260 1.4 -0.3 67.5 1.0088 0.00 0.0M
476640.000 1976 COM2 65 0R0 269 0.7 -0.3 67.6 1.0088 0.00 0.0M
476700.000 1976 COM2 65 0R0 264 1.5 -0.3 67.6 1.0089 0.00 0.0M
476760.000 1976 COM2 65 0R0 235 0.7 -0.2 67.4 1.0089 0.00 0.0M
476820.000 1976 COM2 65 0R0 255 0.8 -0.2 67.3 1.0089 0.00 0.0M
476880.000 1976 COM2 65 0R0 228 0.7 -0.2 67.3 1.0089 0.00 0.0M
476940.000 1976 COM2 65 0R0 209 1.8 -0.1 67.3 1.0089 0.00 0.0M
477000.000 1976 COM2 65 0R0 201 1.7 -0.1 66.7 1.0089 0.00 0.0M
477060.000 1976 COM2 65 0R0 216 1.7 -0.2 67.1 1.0089 0.00 0.0M
477120.000 1976 COM2 65 0R0 219 0.9 -0.2 66.6 1.0089 0.00 0.0M
477180.000 1976 COM2 65 0R0 201 0.8 -0.3 67.3 1.0089 0.00 0.0M
477240.000 1976 COM2 65 0R0 209 1.7 -0.3 68.1 1.0089 0.00 0.0M
477300.000 1976 COM2 65 0R0 201 2.0 -0.3 67.3 1.0089 0.00 0.0M
477360.000 1976 COM2 65 0R0 198 1.8 -0.3 67.9 1.0089 0.00 0.0M
477420.000 1976 COM2 65 0R0 179 0.9 -0.4 68.6 1.0089 0.00 0.0M
477480.000 1976 COM2 65 0R0 177 1.5 -0.3 67.5 1.0089 0.00 0.0M
477540.000 1976 COM2 65 0R0 195 1.7 -0.3 67.3 1.0089 0.00 0.0M
477600.000 1976 COM2 65 0R0 177 1.7 -0.4 67.5 1.0089 0.00 0.0M
477660.000 1976 COM2 65 0R0 198 1.5 -0.4 67.5 1.0089 0.00 0.0M
477720.000 1976 COM2 65 0R0 215 1.4 -0.5 67.8 1.0089 0.00 0.0M
477780.000 1976 COM2 65 0R0 182 0.9 -0.5 68.0 1.0089 0.00 0.0M
477840.000 1976 COM2 65 0R0 189 1.3 -0.4 68.4 1.0089 0.00 0.0M
477900.000 1976 COM2 65 0R0 196 1.3 -0.4 67.5 1.0088 0.00 0.0M
477960.000 1976 COM2 65 0R0 197 1.2 -0.4 67.7 1.0088 0.00 0.0M
478020.000 1976 COM2 65 0R0 160 0.7 -0.3 68.0 1.0088 0.00 0.0M
478080.000 1976 COM2 65 0R0 182 0.7 -0.2 67.7 1.0089 0.00 0.0M
478140.000 1976 COM2 65 0R0 182 1.4 -0.1 67.6 1.0089 0.00 0.0M
478200.000 1976 COM2 64 0R0 165 1.0 0.0 67.0 1.0089 0.00 0.0M
478260.000 1976 COM2 64 0R0 238 0.3 0.0 67.5 1.0089 0.00 0.0M
478320.000 1976 COM2 64 0R0 192 1.2 0.2 67.2 1.0089 0.00 0.0M
478380.000 1976 COM2 64 0R0 201 0.6 0.3 65.6 1.0089 0.00 0.0M
478440.000 1976 COM2 64 0R0 167 0.8 0.3 65.4 1.0089 0.00 0.0M
478500.000 1976 COM2 64 0R0 181 1.1 0.3 65.0 1.0089 0.00 0.0M
478560.000 1976 COM2 64 0R0 192 1.5 0.3 64.4 1.0090 0.00 0.0M
478620.000 1976 COM2 64 0R0 181 1.6 0.2 65.0 1.0090 0.00 0.0M
478680.000 1976 COM2 64 0R0 166 1.9 0.2 64.8 1.0090 0.00 0.0M
478740.000 1976 COM2 64 0R0 186 1.8 0.0 64.8 1.0090 0.00 0.0M
478800.000 1976 COM2 64 0R0 177 1.7 0.0 66.1 1.0090 0.00 0.0M
478860.000 1976 COM2 65 0R0 202 1.9 -0.1 67.4 1.0090 0.00 0.0M
478920.000 1976 COM2 65 0R0 139 1.7 -0.1 67.3 1.0091 0.00 0.0M
478980.000 1976 COM2 65 0R0 180 1.4 -0.1 67.9 1.0091 0.00 0.0M
479040.000 1976 COM2 65 0R0 199 1.7 -0.1 67.2 1.0091 0.00 0.0M
479100.000 1976 COM2 65 0R0 157 1.5 -0.1 67.4 1.0091 0.00 0.0M
479160.000 1976 COM2 65 0R0 187 2.1 -0.2 67.9 1.0091 0.00 0.0M
479220.000 1976 COM2 65 0R0 202 1.8 -0.3 67.6 1.0091 0.00 0.0M
479280.000 1976 COM2 65 0R0 226 2.3 -0.3 67.0 1.0091 0.00 0.0M
479340.000 1976 COM2 65 0R0 193 1.1 -0.3 68.2 1.0091 0.00 0.0M
479400.000 1976 COM2 65 0R0 199 1.2 -0.2 68.3 1.0091 0.00 0.0M
479460.000 1976 COM2 65 0R0 198 1.8 -0.1 67.1 1.0091 0.00 0.0M
479520.000 1976 COM2 65 0R0 183 1.4 -0.1 67.0 1.0091 0.00 0.0M
479580.000 1976 COM2 65 0R0 194 1.6 -0.1 68.2 1.0091 0.00 0.0M
479640.000 1976 COM2 64 0R0 201 1.2 0.0 67.8 1.0091 0.00 0.0M
479700.000 1976 COM2 64 0R0 166 0.5 0.0 66.6 1.0091 0.00 0.0M
479760.000 1976 COM2 64 0R0 174 1.3 0.1 66.5 1.0091 0.00 0.0M
479820.000 1976 COM2 64 0R0 204 1.4 0.2 65.7 1.0091 0.00 0.0M
479880.000 1976 COM2 64 0R0 208 1.2 0.2 65.1 1.0091 0.00 0.0M
479940.000 1976 COM2 64 0R0 174 1.0 0.2 65.6 1.0091 0.00 0.0M
480000.000 1976 COM2 64 0R0 340 0.4 0.3 66.3 1.0091 0.00 0.0M
480060.000 1976 COM2 64 0R0 223 0.7 0.5 65.8 1.0091 0.00 0.0M
480120.000 1976 COM2 64 0R0 200 0.8 0.7 65.3 1.0091 0.00 0.0M
480180.000 1976 COM2 64 0R0 235 0.3 0.9 64.4 1.0091 0.00 0.0M
480240.000 1976 COM2 64 0R0 186 1.3 1.1 63.9 1.0091 0.00 0.0M
480300.000 1976 COM2 64 0R0 206 1.1 1.3 62.5 1.0091 0.00 0.0M
480360.000 1976 COM2 64 0R0 197 1.2 1.3 61.6 1.0091 0.00 0.0M
480420.000 1976 COM2 64 0R0 216 0.8 1.3 61.9 1.0091 0.00 0.0M
480480.000 1976 COM2 64 0R0 192 1.4 1.3 61.5 1.0091 0.00 0.0M
480540.000 1976 COM2 64 0R0 184 1.6 1.3 61.8 1.0091 0.00 0.0M
480600.000 1976 COM2 64 0R0 198 0.9 1.2 62.1 1.0091 0.00 0.0M
480660.000 1976 COM2 64 0R0 212 1.1 1.3 62.2 1.0091 0.00 0.0M
480720.000 1976 COM2 64 0R0 199 0.7 1.4 61.5 1.0091 0.00 0.0M
480780.000 1976 COM2 64 0R0 137 0.7 1.4 61.1 1.0091 0.00 0.0M
480840.000 1976 COM2 64 0R0 191 1.4 1.4 61.9 1.0091 0.00 0.0M
480900.000 1976 COM2 64 0R0 189 0.7 1.4 61.9 1.0091 0.00 0.0M
480960.000 1976 COM2 64 0R0 016 0.4 1.6 61.8 1.0091 0.00 0.0M
481020.000 1976 COM2 64 0R0 222 0.2 1.7 61.7 1.0091 0.00 0.0M
481080.000 1976 COM2 64 0R0 192 0.9 1.9 61.2 1.0091 0.00 0.0M
481140.000 1976 COM2 64 0R0 113 0.5 2.1 60.8 1.0091 0.00 0.0M
481200.000 1976 COM2 64 0R0 154 0.4 2.2 60.5 1.0090 0.00 0.0M
481260.000 1976 COM2 64 0R0 151 0.3 2.4 59.7 1.0090 0.00 0.0M
481320.000 1976 COM2 64 0R0 145 0.5 2.6 58.9 1.0090 0.00 0.0M
481380.000 1976 COM2 64 0R0 205 1.3 2.7 57.7 1.0090 0.00 0.0M
481440.000 1976 COM2 64 0R0 108 0.6 2.7 58.3 1.0090 0.00 0.0M
481500.000 1976 COM2 64 0R0 341 0.2 2.8 58.0 1.0090 0.00 0.0M
481560.000 1976 COM2 64 0R0 265 0.1 2.9 57.5 1.0090 0.00 0.0M
481620.000 1976 COM2 64 0R0 263 0.2 3.0 56.9 1.0090 0.00 0.0M
481680.000 1976 COM2 64 0R0 184 0.5 3.1 57.0 1.0090 0.00 0.0M
481740.000 1976 COM2 64 0R0 199 0.3 3.2 56.1 1.0090 0.00 0.0M
481800.000 1976 COM2 64 0R0 102 0.4 3.2 56.5 1.0090 0.00 0.0M
481860.000 1976 COM2 64 0R0 231 0.1 3.3 55.7 1.0090 0.00 0.0M
481920.000 1976 COM2 64 0R0 142 0.5 3.4 55.7 1.0090 0.00 0.0M
481980.000 1976 COM2 64 0R0 055 0.4 3.5 55.3 1.0090 0.00 0.0M
482040.000 1976 COM2 64 0R0 103 0.4 3.6 54.5 1.0089 0.00 0.0M
482100.000 1976 COM2 64 0R0 109 0.4 3.7 54.5 1.0089 0.00 0.0M
482160.000 1976 COM2 64 0R0 099 0.5 3.8 54.0 1.0089 0.00 0.0M
482220.000 1976 COM2 64 0R0 177 0.5 3.9 53.7 1.0089 0.00 0.0M
482280.000 1976 COM2 64 0R0 151 0.6 3.9 54.0 1.0089 0.00 0.0M
482340.000 1976 COM2 64 0R0 197 1.0 3.9 53.8 1.0089 0.00 0.0M
482400.000 1976 COM2 64 0R0 177 1.6 3.9 54.0 1.0089 0.00 0.0M
482460.000 1976 COM2 64 0R0 224 1.0 3.9 52.1 1.0090 0.00 0.0M
482520.000 1976 COM2 64 0R0 190 0.5 3.7 54.1 1.0090 0.00 0.0M
482580.000 1976 COM2 64 0R0 046 0.3 3.6 53.9 1.0090 0.00 0.0M
482640.000 1976 COM2 64 0R0 155 0.5 3.6 54.6 1.0089 0.00 0.0M
482700.000 1976 COM2 64 0R0 108 0.6 3.7 55.0 1.0089 0.00 0.0M
482760.000 1976 COM2 64 0R0 113 0.5 3.9 54.1 1.0089 0.00 0.0M
482820.000 1976 COM2 64 0R0 123 0.6 4.1 54.2 1.0090 0.00 0.0M
482880.000 1976 COM2 64 0R0 108 0.8 4.2 53.6 1.0090 0.00 0.0M
482940.000 1976 COM2 64 0R0 109 1.3 4.2 53.0 1.0090 0.00 0.0M
483000.000 1976 COM2 64 0R0 132 0.8 4.2 52.6 1.0090 0.00 0.0M
483060.000 1976 COM2 64 0R0 128 1.2 4.3 52.9 1.0090 0.00 0.0M
483120.000 1976 COM2 64 0R0 126 0.8 4.5 51.8 1.0090 0.00 0.0M
483180.000 1976 COM2 64 0R0 163 0.4 4.4 52.0 1.0090 0.00 0.0M
483240.000 1976 COM2 64 0R0 142 0.5 4.4 52.7 1.0090 0.00 0.0M
483300.000 1976 COM2 64 0R0 136 0.5 4.4 52.7 1.0090 0.00 0.0M
483360.000 1976 COM2 64 0R0 100 0.3 4.6 52.3 1.0090 0.00 0.0M
483420.000 1976 COM2 64 0R0 183 0.9 4.7 52.2 1.0090 0.00 0.0M
483480.000 1976 COM2 64 0R0 031 0.6 4.8 52.1 1.0090 0.00 0.0M
483540.000 1976 COM2 64 0R0 149 1.2 4.9 51.8 1.0090 0.00 0.0M
483600.000 1976 COM2 64 0R0 093 0.8 4.9 50.8 1.0090 0.00 0.0M
483660.000 1976 COM2 64 0R0 128 0.8 4.8 52.0 1.0090 0.00 0.0M
483720.000 1976 COM2 64 0R0 124 1.0 4.9 51.5 1.0090 0.00 0.0M
483780.000 1976 COM2 64 0R0 118 0.5 4.9 51.6 1.0090 0.00 0.0M
483840.000 1976 COM2 64 0R0 161 0.3 4.9 51.5 1.0090 0.00 0.0M
483900.000 1976 COM2 64 0R0 164 1.9 4.9 50.9 1.0090 0.00 0.0M
483960.000 1976 COM2 64 0R0 144 1.1 4.8 51.3 1.0090 0.00 0.0M
484020.000 1976 COM2 64 0R0 162 0.7 4.7 51.1 1.0091 0.00 0.0M
484080.000 1976 COM2 64 0R0 136 1.0 4.6 51.4 1.0091 0.00 0.0M
484140.000 1976 COM2 64 0R0 092 0.7 4.6 51.0 1.0091 0.00 0.0M
484200.000 1976 COM2 64 0R0 109 0.7 4.7 51.2 1.0091 0.00 0.0M
484260.000 1976 COM2 64 0R0 142 1.5 4.8 51.1 1.0091 0.00 0.0M
484320.000 1976 COM2 64 0R0 097 0.8 4.9 50.8 1.0090 0.00 0.0M
484380.000 1976 COM2 64 0R0 136 0.5 5.0 50.2 1.0090 0.00 0.0M
484440.000 1976 COM2 64 0R0 118 0.5 5.1 49.5 1.0091 0.00 0.0M
484500.000 1976 COM2 64 0R0 144 1.8 5.1 49.1 1.0091 0.00 0.0M
484560.000 1976 COM2 64 0R0 175 0.6 4.9 50.0 1.0091 0.00 0.0M
484620.000 1976 COM2 64 0R0 211 0.6 4.8 50.2 1.0091 0.00 0.0M
484680.000 1976 COM2 64 0R0 119 0.8 4.9 50.7 1.0091 0.00 0.0M
484740.000 1976 COM2 64 0R0 102 1.1 5.0 50.2 1.0091 0.00 0.0M
484800.000 1976 COM2 64 0R0 238 0.4 5.0 50.3 1.0091 0.00 0.0M
484860.000 1976 COM2 64 0R0 197 1.7 5.1 50.4 1.0091 0.00 0.0M
484920.000 1976 COM2 64 0R0 223 0.7 5.3 49.3 1.0091 0.00 0.0M
484980.000 1976 COM2 64 0R0 178 1.5 5.3 49.2 1.0091 0.00 0.0M
485040.000 1976 COM2 64 0R0 101 0.2 5.3 49.7 1.0091 0.00 0.0M
485100.000 1976 COM2 64 0R0 216 0.3 5.3 50.3 1.0091 0.00 0.0M
485160.000 1976 COM2 64 0R0 247 0.6 5.5 50.0 1.0091 0.00 0.0M
485220.000 1976 COM2 64 0R0 172 1.4 5.6 49.2 1.0091 0.00 0.0M
485280.000 1976 COM2 64 0R0 175 0.5 5.7 49.2 1.0091 0.00 0.0M
485340.000 1976 COM2 64 0R0 206 2.0 5.8 47.9 1.0091 0.00 0.0M
485400.000 1976 COM2 64 0R0 200 1.3 5.6 49.7 1.0091 0.00 0.0M
485460.000 1976 COM2 64 0R0 181 1.1 5.4 49.7 1.0090 0.00 0.0M
485520.000 1976 COM2 64 0R0 218 1.0 5.2 48.4 1.0090 0.00 0.0M
485580.000 1976 COM2 64 0R0 189 0.8 5.0 48.7 1.0090 0.00 0.0M
485640.000 1976 COM2 64 0R0 127 1.2 4.9 49.1 1.0090 0.00 0.0M
485700.000 1976 COM2 64 0R0 144 0.5 4.8 50.3 1.0090 0.00 0.0M
485760.000 1976 COM2 64 0R0 211 1.3 5.0 50.2 1.0090 0.00 0.0M
485820.000 1976 COM2 64 0R0 121 0.7 5.2 49.7 1.0090 0.00 0.0M
485880.000 1976 COM2 64 0R0 217 1.4 5.3 50.1 1.0090 0.00 0.0M
485940.000 1976 COM2 64 0R0 204 1.6 5.4 48.3 1.0090 0.00 0.0M
486000.000 1976 COM2 64 0R0 224 1.2 5.4 48.4 1.0090 0.00 0.0M
486060.000 1976 COM2 64 0R0 201 1.9 5.3 49.3 1.0090 0.00 0.0M
486120.000 1976 COM2 64 0R0 216 1.7 5.3 48.9 1.0090 0.00 0.0M
486180.000 1976 COM2 64 0R0 175 1.6 5.2 48.9 1.0090 0.00 0.0M
486240.000 1976 COM2 64 0R0 209 1.6 5.2 49.7 1.0089 0.00 0.0M
486300.000 1976 COM2 64 0R0 165 1.1 5.1 49.8 1.0089 0.00 0.0M
486360.000 1976 COM2 64 0R0 188 1.6 5.3 50.6 1.0089 0.00 0.0M
486420.000 1976 COM2 64 0R0 081 0.5 5.5 50.2 1.0089 0.00 0.0M
486480.000 1976 COM2 64 0R0 228 0.9 5.8 48.6 1.0089 0.00 0.0M
486540.000 1976 COM2 64 0R0 164 1.6 6.1 48.1 1.0089 0.00 0.0M
486600.000 1976 COM2 64 0R0 193 1.5 6.2 47.4 1.0089 0.00 0.0M
486660.000 1976 COM2 64 0R0 203 1.2 6.1 48.8 1.0089 0.00 0.0M
486720.100 1976 COM2 64 0R0 185 2.2 6.1 48.2 1.0089 0.00 0.0M
486780.100 1976 COM2 64 0R0 234 1.5 6.2 46.9 1.0089 0.00 0.0M
486840.000 1976 COM2 64 0R0 133 0.7 6.1 47.0 1.0089 0.00 0.0M
486900.000 1976 COM2 64 0R0 165 0.7 6.0 47.4 1.0089 0.00 0.0M
486960.000 1976 COM2 64 0R0 169 0.7 6.1 48.2 1.0089 0.00 0.0M
487020.000 1976 COM2 64 0R0 236 0.6 6.4 46.0 1.0089 0.00 0.0M
487080.000 1976 COM2 64 0R0 204 1.3 6.5 47.0 1.0089 0.00 0.0M
487140.000 1976 COM2 64 0R0 200 1.2 6.5 47.7 1.0089 0.00 0.0M
487200.000 1976 COM2 64 0R0 267 1.3 6.5 48.0 1.0089 0.00 0.0M
487260.000 1976 COM2 64 0R0 238 1.3 6.6 46.5 1.0089 0.00 0.0M
487320.000 1976 COM2 64 0R0 263 2.5 6.7 45.3 1.0089 0.00 0.0M
487380.000 1976 COM2 64 0R0 242 0.9 6.6 44.6 1.0089 0.00 0.0M
487440.000 1976 COM2 64 0R0 214 0.4 6.5 45.0 1.0089 0.00 0.0M
487500.000 1976 COM2 64 0R0 294 1.3 6.5 45.7 1.0089 0.00 0.0M
487560.100 1976 COM2 64 0R0 284 0.2 6.6 45.3 1.0089 0.00 0.0M
487620.000 1976 COM2 64 0R0 272 1.1 6.8 44.2 1.0089 0.00 0.0M
487680.000 1976 COM2 64 0R0 294 0.9 6.9 43.6 1.0089 0.00 0.0M
487740.000 1976 COM2 64 0R0 214 0.9 6.8 43.4 1.0089 0.00 0.0M
487800.000 1976 COM2 64 0R0 262 0.8 6.8 44.8 1.0089 0.00 0.0M
487860.000 1976 COM2 64 0R0 186 0.9 6.8 44.2 1.0089 0.00 0.0M
487920.000 1976 COM2 64 0R0 170 1.5 6.9 44.4 1.0089 0.00 0.0M
487980.000 1976 COM2 64 0R0 224 0.3 6.9 45.3 1.0089 0.00 0.0M
488040.000 1976 COM2 64 0R0 281 1.2 7.1 44.8 1.0089 0.00 0.0M
488100.000 1976 COM2 64 0R0 253 1.3 7.4 42.6 1.0089 0.00 0.0M
488160.000 1976 COM2 64 0R0 259 1.9 7.4 41.3 1.0089 0.00 0.0M
488220.000 1976 COM2 64 0R0 266 1.2 7.3 42.1 1.0089 0.00 0.0M
488280.000 1976 COM2 64 0R0 189 1.1 7.1 42.8 1.0089 0.00 0.0M
488340.000 1976 COM2 64 0R0 177 0.4 7.1 41.2 1.0089 0.00 0.0M
488400.000 1976 COM2 64 0R0 193 1.5 7.1 43.0 1.0088 0.00 0.0M
488460.000 1976 COM2 64 0R0 240 0.6 7.4 41.7 1.0088 0.00 0.0M
488520.000 1976 COM2 64 0R0 158 0.4 7.5 41.6 1.0088 0.00 0.0M
488580.000 1976 COM2 64 0R0 214 1.9 7.6 40.9 1.0088 0.00 0.0M
488640.000 1976 COM2 64 0R0 249 2.3 7.6 41.3 1.0088 0.00 0.0M
488700.000 1976 COM2 64 0R0 192 1.9 7.6 40.9 1.0088 0.00 0.0M
488760.000 1976 COM2 64 0R0 215 1.3 7.6 40.7 1.0087 0.00 0.0M
488820.000 1976 COM2 64 0R0 238 2.7 7.5 41.0 1.0087 0.00 0.0M
488880.000 1976 COM2 64 0R0 203 2.2 7.5 40.8 1.0087 0.00 0.0M
488940.000 1976 COM2 64 0R0 248 0.4 7.5 41.8 1.0087 0.00 0.0M
489000.000 1976 COM2 64 0R0 352 0.2 7.7 40.6 1.0087 0.00 0.0M
489060.000 1976 COM2 64 0R0 300 0.3 7.8 40.7 1.0087 0.00 0.0M
489120.000 1976 COM2 64 0R0 202 1.8 7.9 40.5 1.0087 0.00 0.0M
489180.000 1976 COM2 64 0R0 265 1.0 7.9 40.4 1.0087 0.00 0.0M
489240.000 1976 COM2 64 0R0 273 1.4 7.9 39.8 1.0087 0.00 0.0M
489300.000 1976 COM2 64 0R0 226 1.6 7.9 40.0 1.0087 0.00 0.0M
489360.000 1976 COM2 64 0R0 205 1.5 7.8 40.1 1.0087 0.00 0.0M
489420.000 1976 COM2 64 0R0 291 1.2 7.7 41.2 1.0086 0.00 0.0M
489480.000 1976 COM2 64 0R0 237 0.8 7.8 40.2 1.0087 0.00 0.0M
489540.000 1976 COM2 64 0R0 263 2.0 7.9 39.5 1.0086 0.00 0.0M
489600.000 1976 COM2 64 0R0 255 1.6 7.9 39.4 1.0086 0.00 0.0M
489660.000 1976 COM2 64 0R0 223 2.3 7.8 40.2 1.0086 0.00 0.0M
489720.000 1976 COM2 64 0R0 226 3.1 7.9 39.5 1.0086 0.00 0.0M
489780.000 1976 COM2 64 0R0 203 3.2 7.9 40.4 1.0086 0.00 0.0M
489840.000 1976 COM2 64 0R0 233 1.6 8.0 39.3 1.0085 0.00 0.0M
489900.000 1976 COM2 64 0R0 219 1.2 8.0 39.5 1.0085 0.00 0.0M
489960.000 1976 COM2 64 0R0 234 1.8 8.0 40.6 1.0085 0.00 0.0M
490020.000 1976 COM2 64 0R0 203 2.0 8.2 38.9 1.0085 0.00 0.0M
490080.000 1976 COM2 64 0R0 123 1.1 8.2 38.7 1.0085 0.00 0.0M
490140.000 1976 COM2 64 0R0 212 4.6 8.2 39.4 1.0085 0.00 0.0M
490200.000 1976 COM2 64 0R0 215 4.0 8.1 38.3 1.0085 0.00 0.0M
490260.000 1976 COM2 64 0R0 203 1.2 7.9 38.9 1.0085 0.00 0.0M
490320.000 1976 COM2 64 0R0 187 3.3 7.8 39.4 1.0085 0.00 0.0M
490380.000 1976 COM2 64 0R0 186 5.3 7.8 39.2 1.0084 0.00 0.0M
490440.000 1976 COM2 64 0R0 189 1.4 7.7 40.0 1.0084 0.00 0.0M
490500.000 1976 COM2 64 0R0 223 2.6 7.9 39.7 1.0084 0.00 0.0M
490560.100 1976 COM2 64 0R0 216 2.4 8.0 38.6 1.0084 0.00 0.0M
490620.000 1976 COM2 64 0R0 296 0.8 8.1 38.8 1.0084 0.00 0.0M
490680.000 1976 COM2 64 0R0 174 3.0 8.1 38.3 1.0084 0.00 0.0M
490740.000 1976 COM2 64 0R0 200 2.9 8.0 38.5 1.0083 0.00 0.0M
490800.000 1976 COM2 64 0R0 181 2.4 7.9 38.8 1.0084 0.00 0.0M
490860.000 1976 COM2 64 0R0 204 3.9 7.9 39.7 1.0084 0.00 0.0M
490920.000 1976 COM2 64 0R0 170 2.4 7.9 39.2 1.0083 0.00 0.0M
490980.000 1976 COM2 64 0R0 186 3.3 7.8 39.6 1.0083 0.00 0.0M
491040.000 1976 COM2 64 0R0 230 2.2 7.9 39.8 1.0083 0.00 0.0M
491100.100 1976 COM2 64 0R0 180 2.6 8.0 39.8 1.0083 0.00 0.0M
491160.000 1976 COM2 64 0R0 208 2.8 8.1 38.8 1.0082 0.00 0.0M
491220.000 1976 COM2 64 0R0 248 2.1 8.1 38.9 1.0082 0.00 0.0M
491280.000 1976 COM2 64 0R0 254 1.3 8.2 39.2 1.0082 0.00 0.0M
491340.000 1976 COM2 64 0R0 254 1.2 8.3 38.8 1.0082 0.00 0.0M
491400.100 1976 COM2 64 0R0 203 1.8 8.3 38.8 1.0081 0.00 0.0M
491460.000 1976 COM2 64 0R0 220 1.0 8.4 37.7 1.0081 0.00 0.0M
491520.000 1976 COM2 64 0R0 195 4.1 8.4 38.4 1.0081 0.00 0.0M
491580.000 1976 COM2 64 0R0 206 2.9 8.5 37.1 1.0081 0.00 0.0M
491640.000 1976 COM2 64 0R0 222 4.2 8.4 37.1 1.0080 0.00 0.0M
491700.000 1976 COM2 64 0R0 181 3.8 8.3 37.7 1.0081 0.00 0.0M
491760.000 1976 COM2 64 0R0 234 1.9 8.3 37.7 1.0081 0.00 0.0M
491820.000 1976 COM2 64 0R0 206 1.7 8.3 37.0 1.0080 0.00 0.0M
491880.000 1976 COM2 64 0R0 238 1.4 8.4 38.0 1.0081 0.00 0.0M
491940.000 1976 COM2 64 0R0 166 0.8 8.6 37.5 1.0080 0.00 0.0M
492000.000 1976 COM2 64 0R0 144 2.6 8.8 36.3 1.0080 0.00 0.0M
492060.000 1976 COM2 64 0R0 188 3.0 8.7 36.9 1.0080 0.00 0.0M
492120.000 1976 COM2 64 0R0 214 1.5 8.7 36.1 1.0080 0.00 0.0M
492180.000 1976 COM2 64 0R0 211 1.1 8.7 36.2 1.0080 0.00 0.0M
492240.100 1976 COM2 64 0R0 226 0.7 8.8 36.0 1.0080 0.00 0.0M
492300.100 1976 COM2 64 0R0 187 0.6 8.9 36.7 1.0080 0.00 0.0M
492360.100 1976 COM2 64 0R0 122 1.5 9.0 35.7 1.0080 0.00 0.0M
492420.100 1976 COM2 64 0R0 177 1.4 8.9 35.1 1.0079 0.00 0.0M
492480.000 1976 COM2 64 0R0 189 1.8 8.8 36.6 1.0080 0.00 0.0M
492540.000 1976 COM2 64 0R0 148 1.4 8.8 35.9 1.0079 0.00 0.0M
492600.000 1976 COM2 64 0R0 246 0.9 8.8 35.3 1.0079 0.00 0.0M
492660.000 1976 COM2 64 0R0 260 1.7 8.9 34.0 1.0079 0.00 0.0M
492720.000 1976 COM2 64 0R0 242 2.0 8.9 33.4 1.0079 0.00 0.0M
492780.000 1976 COM2 64 0R0 247 2.8 8.9 34.0 1.0079 0.00 0.0M
492840.000 1976 COM2 64 0R0 198 3.8 9.0 33.8 1.0079 0.00 0.0M
492900.000 1976 COM2 64 0R0 169 2.8 8.8 33.6 1.0078 0.00 0.0M
492960.000 1976 COM2 64 0R0 215 3.0 8.6 34.3 1.0078 0.00 0.0M
493020.000 1976 COM2 64 0R0 200 3.1 8.5 34.3 1.0079 0.00 0.0M
493080.000 1976 COM2 64 0R0 226 1.2 8.3 34.6 1.0079 0.00 0.0M
493140.000 1976 COM2 64 0R0 240 0.9 8.3 35.1 1.0078 0.00 0.0M
493200.000 1976 COM2 64 0R0 226 1.3 8.3 35.7 1.0078 0.00 0.0M
493260.000 1976 COM2 64 0R0 072 0.5 8.5 35.2 1.0078 0.00 0.0M
493320.000 1976 COM2 64 0R0 248 1.7 8.8 35.4 1.0078 0.00 0.0M
493380.000 1976 COM2 64 0R0 137 0.5 9.0 33.7 1.0078 0.00 0.0M
493440.000 1976 COM2 64 0R0 193 1.0 9.1 34.6 1.0078 0.00 0.0M
493500.000 1976 COM2 64 0R0 244 1.3 9.2 34.4 1.0078 0.00 0.0M
493560.000 1976 COM2 64 0R0 164 1.4 9.3 33.5 1.0078 0.00 0.0M
493620.100 1976 COM2 64 0R0 156 1.9 9.2 34.3 1.0078 0.00 0.0M
493680.000 1976 COM2 64 0R0 159 2.1 9.2 34.3 1.0077 0.00 0.0M
493740.000 1976 COM2 64 0R0 216 0.8 9.2 35.1 1.0077 0.00 0.0M
493800.000 1976 COM2 64 0R0 236 1.9 9.2 34.1 1.0077 0.00 0.0M
493860.000 1976 COM2 64 0R0 270 1.4 9.2 34.8 1.0077 0.00 0.0M
493920.000 1976 COM2 64 0R0 233 3.0 9.3 33.9 1.0077 0.00 0.0M
493980.000 1976 COM2 64 0R0 245 2.8 9.3 32.5 1.0077 0.00 0.0M
494040.000 1976 COM2 64 0R0 238 3.2 9.2 32.2 1.0076 0.00 0.0M
494100.000 1976 COM2 64 0R0 237 3.0 9.2 32.6 1.0076 0.00 0.0M
494160.000 1976 COM2 64 0R0 224 3.1 9.2 32.8 1.0076 0.00 0.0M
494220.000 1976 COM2 64 0R0 196 1.4 9.3 32.7 1.0076 0.00 0.0M
494280.000 1976 COM2 64 0R0 245 2.1 9.3 32.4 1.0077 0.00 0.0M
494340.000 1976 COM2 64 0R0 241 2.8 9.4 32.3 1.0077 0.00 0.0M
494400.000 1976 COM2 64 0R0 209 1.1 9.4 31.8 1.0077 0.00 0.0M
494460.000 1976 COM2 64 0R0 270 0.4 9.4 33.0 1.0076 0.00 0.0M
494520.000 1976 COM2 64 0R0 167 1.9 9.6 32.8 1.0076 0.00 0.0M
494580.000 1976 COM2 64 0R0 230 4.6 9.8 31.6 1.0076 0.00 0.0M
494640.000 1976 COM2 64 0R0 234 2.2 9.7 32.3 1.0076 0.00 0.0M
494700.000 1976 COM2 64 0R0 208 3.0 9.6 33.3 1.0076 0.00 0.0M
494760.000 1976 COM2 64 0R0 195 5.1 9.6 33.5 1.0076 0.00 0.0M
494820.000 1976 COM2 64 0R0 186 2.9 9.4 33.4 1.0076 0.00 0.0M
494880.000 1976 COM2 64 0R0 196 2.3 9.1 33.7 1.0076 0.00 0.0M
494940.000 1976 COM2 64 0R0 206 2.9 9.1 33.7 1.0076 0.00 0.0M
495000.000 1976 COM2 64 0R0 225 2.1 9.0 33.9 1.0076 0.00 0.0M
495060.000 1976 COM2 64 0R0 210 1.3 9.0 33.9 1.0076 0.00 0.0M
495120.000 1976 COM2 64 0R0 235 2.5 9.0 34.4 1.0076 0.00 0.0M
495180.000 1976 COM2 64 0R0 169 0.5 9.0 34.3 1.0076 0.00 0.0M
495240.000 1976 COM2 64 0R0 183 2.9 9.1 34.4 1.0075 0.00 0.0M
495300.000 1976 COM2 64 0R0 180 2.7 9.2 35.2 1.0075 0.00 0.0M
495360.000 1976 COM2 64 0R0 190 1.9 9.3 34.3 1.0075 0.00 0.0M
495420.000 1976 COM2 64 0R0 194 1.2 9.3 34.3 1.0075 0.00 0.0M
495480.000 1976 COM2 64 0R0 183 2.3 9.4 35.4 1.0075 0.00 0.0M
495540.000 1976 COM2 64 0R0 175 4.0 9.6 33.9 1.0075 0.00 0.0M
495600.000 1976 COM2 64 0R0 186 3.3 9.6 33.7 1.0074 0.00 0.0M
495660.000 1976 COM2 64 0R0 191 1.5 9.3 34.2 1.0075 0.00 0.0M
495720.000 1976 COM2 64 0R0 212 1.7 9.2 34.0 1.0075 0.00 0.0M
495780.000 1976 COM2 64 0R0 106 0.4 9.3 34.6 1.0074 0.00 0.0M
495840.000 1976 COM2 64 0R0 058 0.9 9.4 35.0 1.0074 0.00 0.0M
495900.000 1976 COM2 64 0R0 251 1.1 9.6 34.6 1.0074 0.00 0.0M
495960.000 1976 COM2 64 0R0 225 1.7 9.8 34.2 1.0074 0.00 0.0M
496020.000 1976 COM2 64 0R0 195 2.1 9.9 33.6 1.0074 0.00 0.0M
496080.000 1976 COM2 65 0R0 200 2.1 10.0 32.8 1.0073 0.00 0.0M
496140.000 1976 COM2 64 0R0 213 3.8 9.8 33.3 1.0073 0.00 0.0M
496200.000 1976 COM2 64 0R0 242 3.9 9.6 33.8 1.0073 0.00 0.0M
496260.000 1976 COM2 64 0R0 207 0.9 9.4 34.1 1.0072 0.00 0.0M
496320.000 1976 COM2 64 0R0 185 4.0 9.4 34.4 1.0072 0.00 0.0M
496380.000 1976 COM2 64 0R0 158 0.7 9.5 34.1 1.0073 0.00 0.0M
496440.000 1976 COM2 64 0R0 165 3.6 9.5 34.7 1.0072 0.00 0.0M
496500.000 1976 COM2 64 0R0 129 1.2 9.6 34.2 1.0072 0.00 0.0M
496560.000 1976 COM2 64 0R0 167 2.4 9.6 34.7 1.0072 0.00 0.0M
496620.000 1976 COM2 64 0R0 245 1.7 9.8 33.9 1.0072 0.00 0.0M
496680.000 1976 COM2 64 0R0 256 0.4 9.9 33.3 1.0072 0.00 0.0M
496740.000 1976 COM2 65 0R0 238 1.3 10.0 33.7 1.0071 0.00 0.0M
496800.000 1976 COM2 65 0R0 128 1.5 10.2 33.4 1.0071 0.00 0.0M
496860.000 1976 COM2 65 0R0 196 2.4 10.3 34.1 1.0071 0.00 0.0M
496920.000 1976 COM2 65 0R0 164 2.7 10.2 33.5 1.0071 0.00 0.0M
496980.000 1976 COM2 64 0R0 126 1.3 9.9 34.0 1.0071 0.00 0.0M
497040.000 1976 COM2 64 0R0 176 0.8 9.8 35.0 1.0071 0.00 0.0M
497100.000 1976 COM2 64 0R0 162 0.6 9.8 35.1 1.0071 0.00 0.0M
497160.000 1976 COM2 65 0R0 131 1.5 10.1 35.0 1.0071 0.00 0.0M
497220.000 1976 COM2 65 0R0 118 1.5 10.3 34.2 1.0070 0.00 0.0M
497280.000 1976 COM2 65 0R0 163 2.0 10.3 34.3 1.0070 0.00 0.0M
497340.000 1976 COM2 65 0R0 252 1.0 10.3 33.2 1.0070 0.00 0.0M
497400.000 1976 COM2 65 0R0 186 0.8 10.2 34.4 1.0070 0.00 0.0M
497460.000 1976 COM2 65 0R0 199 3.8 10.3 33.2 1.0070 0.00 0.0M
497520.000 1976 COM2 65 0R0 161 4.1 10.0 33.9 1.0069 0.00 0.0M
497580.000 1976 COM2 64 0R0 123 1.3 9.8 34.1 1.0069 0.00 0.0M
497640.000 1976 COM2 64 0R0 122 2.5 9.8 34.2 1.0069 0.00 0.0M
497700.000 1976 COM2 64 0R0 131 2.7 9.8 34.1 1.0069 0.00 0.0M
497760.000 1976 COM2 64 0R0 108 0.7 9.8 33.5 1.0069 0.00 0.0M
497820.000 1976 COM2 64 0R0 098 0.4 9.8 33.6 1.0069 0.00 0.0M
497880.000 1976 COM2 64 0R0 150 2.4 9.8 34.1 1.0069 0.00 0.0M
497940.000 1976 COM2 64 0R0 131 2.8 9.8 33.8 1.0069 0.00 0.0M
498000.000 1976 COM2 64 0R0 148 0.8 9.8 34.5 1.0069 0.00 0.0M
498060.000 1976 COM2 64 0R0 145 1.8 9.8 34.9 1.0068 0.00 0.0M
498120.000 1976 COM2 65 0R0 175 3.4 10.0 33.3 1.0068 0.00 0.0M
498180.000 1976 COM2 65 0R0 166 1.3 10.0 33.9 1.0068 0.00 0.0M
498240.000 1976 COM2 65 0R0 229 1.7 10.0 33.8 1.0068 0.00 0.0M
498300.000 1976 COM2 65 0R0 261 0.5 10.1 34.1 1.0068 0.00 0.0M
498360.000 1976 COM2 65 0R0 222 2.3 10.1 33.4 1.0067 0.00 0.0M
498420.000 1976 COM2 65 0R0 164 1.0 10.0 34.0 1.0067 0.00 0.0M
498480.000 1976 COM2 65 0R0 164 1.9 10.1 34.8 1.0067 0.00 0.0M
498540.000 1976 COM2 65 0R0 137 1.6 10.3 34.1 1.0067 0.00 0.0M
498600.000 1976 COM2 65 0R0 133 2.3 10.4 33.9 1.0067 0.00 0.0M
498660.000 1976 COM2 65 0R0 204 1.7 10.4 33.0 1.0067 0.00 0.0M
498720.000 1976 COM2 65 0R0 194 2.2 10.3 32.9 1.0067 0.00 0.0M
498780.000 1976 COM2 65 0R0 190 1.9 10.1 33.3 1.0067 0.00 0.0M
498840.100 1976 COM2 64 0R0 192 1.0 9.9 33.7 1.0067 0.00 0.0M
498900.000 1976 COM2 64 0R0 154 1.7 9.9 34.5 1.0067 0.00 0.0M
498960.000 1976 COM2 64 0R0 197 1.5 9.9 34.7 1.0067 0.00 0.0M
499020.000 1976 COM2 65 0R0 101 0.6 10.1 34.2 1.0066 0.00 0.0M
499080.000 1976 COM2 65 0R0 171 2.0 10.4 34.3 1.0066 0.00 0.0M
499140.000 1976 COM2 65 0R0 171 4.2 10.5 33.3 1.0066 0.00 0.0M
499200.000 1976 COM2 65 0R0 133 1.9 10.3 32.7 1.0066 0.00 0.0M
499260.000 1976 COM2 65 0R0 139 0.9 10.2 33.6 1.0066 0.00 0.0M
499320.000 1976 COM2 65 0R0 149 2.1 10.3 33.4 1.0065 0.00 0.0M
499380.000 1976 COM2 65 0R0 104 1.8 10.4 33.1 1.0065 0.00 0.0M
499440.000 1976 COM2 65 0R0 118 1.1 10.6 33.1 1.0065 0.00 0.0M
499500.000 1976 COM2 65 0R0 231 0.8 10.7 32.9 1.0065 0.00 0.0M
499560.000 1976 COM2 65 0R0 176 1.8 10.7 32.9 1.0065 0.00 0.0M
499620.000 1976 COM2 65 0R0 184 0.5 10.9 32.9 1.0065 0.00 0.0M
499680.000 1976 COM2 65 0R0 198 1.4 11.0 31.7 1.0065 0.00 0.0M
499740.000 1976 COM2 65 0R0 261 1.9 11.2 30.4 1.0065 0.00 0.0M
499800.000 1976 COM2 65 0R0 253 0.8 11.3 30.1 1.0065 0.00 0.0M
499860.000 1976 COM2 65 0R0 213 1.5 11.2 29.4 1.0065 0.00 0.0M
499920.000 1976 COM2 65 0R0 217 2.1 11.0 31.4 1.0064 0.00 0.0M
499980.000 1976 COM2 65 0R0 111 1.5 10.9 31.0 1.0064 0.00 0.0M
500040.000 1976 COM2 65 0R0 226 2.2 10.8 31.8 1.0064 0.00 0.0M
500100.000 1976 COM2 65 0R0 180 3.6 10.8 31.7 1.0064 0.00 0.0M
500160.000 1976 COM2 65 0R0 088 1.2 10.6 32.3 1.0064 0.00 0.0M
500220.000 1976 COM2 65 0R0 210 2.0 10.5 32.7 1.0063 0.00 0.0M
500280.000 1976 COM2 65 0R0 136 1.2 10.5 32.1 1.0063 0.00 0.0M
500340.000 1976 COM2 65 0R0 162 1.3 10.5 32.8 1.0063 0.00 0.0M
500400.000 1976 COM2 65 0R0 106 0.9 10.7 32.3 1.0063 0.00 0.0M
500460.000 1976 COM2 65 0R0 128 2.7 10.8 32.3 1.0063 0.00 0.0M
500520.000 1976 COM2 65 0R0 123 1.8 10.8 32.1 1.0063 0.00 0.0M
500580.000 1976 COM2 65 0R0 147 1.1 10.8 31.4 1.0063 0.00 0.0M
500640.000 1976 COM2 65 0R0 223 1.6 10.8 32.6 1.0063 0.00 0.0M
500700.000 1976 COM2 65 0R0 184 3.1 10.8 32.3 1.0063 0.00 0.0M
500760.000 1976 COM2 65 0R0 175 2.6 10.8 32.0 1.0062 0.00 0.0M
500820.000 1976 COM2 65 0R0 231 3.2 10.7 31.9 1.0062 0.00 0.0M
500880.000 1976 COM2 65 0R0 184 2.5 10.6 32.2 1.0062 0.00 0.0M
500940.100 1976 COM2 65 0R0 175 2.8 10.5 32.9 1.0062 0.00 0.0M
501000.000 1976 COM2 65 0R0 226 2.2 10.5 32.3 1.0062 0.00 0.0M
501060.000 1976 COM2 65 0R0 197 2.8 10.5 32.2 1.0062 0.00 0.0M
501120.000 1976 COM2 65 0R0 147 2.9 10.5 32.1 1.0062 0.00 0.0M
501180.000 1976 COM2 65 0R0 175 0.7 10.4 32.2 1.0061 0.00 0.0M
501240.000 1976 COM2 65 0R0 174 4.0 10.4 32.9 1.0062 0.00 0.0M
501300.000 1976 COM2 65 0R0 175 3.9 10.5 32.2 1.0062 0.00 0.0M
501360.000 1976 COM2 65 0R0 158 2.3 10.4 32.4 1.0061 0.00 0.0M
501420.000 1976 COM2 65 0R0 150 2.0 10.3 32.4 1.0061 0.00 0.0M
501480.000 1976 COM2 65 0R0 144 3.3 10.3 32.3 1.0061 0.00 0.0M
501540.000 1976 COM2 65 0R0 130 1.7 10.3 33.0 1.0061 0.00 0.0M
501600.000 1976 COM2 65 0R0 135 2.3 10.3 33.4 1.0061 0.00 0.0M
501660.000 1976 COM2 65 0R0 139 1.4 10.4 33.0 1.0061 0.00 0.0M
501720.000 1976 COM2 65 0R0 097 1.1 10.5 33.1 1.0061 0.00 0.0M
501780.000 1976 COM2 65 0R0 101 1.1 10.7 32.8 1.0061 0.00 0.0M
501840.000 1976 COM2 65 0R0 159 3.5 10.8 32.7 1.0061 0.00 0.0M
501900.000 1976 COM2 65 0R0 136 1.8 10.8 32.0 1.0061 0.00 0.0M
501960.000 1976 COM2 65 0R0 169 3.3 10.7 32.5 1.0060 0.00 0.0M
502020.000 1976 COM2 65 0R0 118 2.4 10.5 32.7 1.0060 0.00 0.0M
502080.000 1976 COM2 65 0R0 176 1.7 10.4 33.8 1.0060 0.00 0.0M
502140.000 1976 COM2 65 0R0 177 1.8 10.3 33.7 1.0060 0.00 0.0M
502200.000 1976 COM2 65 0R0 199 3.3 10.4 33.5 1.0060 0.00 0.0M
502260.000 1976 COM2 65 0R0 197 2.8 10.4 32.6 1.0060 0.00 0.0M
502320.000 1976 COM2 65 0R0 147 1.7 10.3 32.7 1.0060 0.00 0.0M
502380.000 1976 COM2 65 0R0 133 2.9 10.3 33.2 1.0059 0.00 0.0M
502440.000 1976 COM2 65 0R0 147 2.3 10.4 33.2 1.0059 0.00 0.0M
502500.000 1976 COM2 65 0R0 132 3.9 10.4 32.8 1.0059 0.00 0.0M
502560.000 1976 COM2 65 0R0 142 1.8 10.5 32.9 1.0059 0.00 0.0M
502620.000 1976 COM2 65 0R0 155 3.3 10.6 33.1 1.0059 0.00 0.0M
502680.000 1976 COM2 65 0R0 150 2.0 10.5 32.2 1.0058 0.00 0.0M
502740.000 1976 COM2 65 0R0 156 1.6 10.5 32.0 1.0059 0.00 0.0M
502800.000 1976 COM2 65 0R0 174 3.9 10.5 32.2 1.0059 0.00 0.0M
502860.000 1976 COM2 65 0R0 134 2.1 10.5 31.6 1.0058 0.00 0.0M
502920.000 1976 COM2 65 0R0 181 2.8 10.3 31.4 1.0058 0.00 0.0M
502980.000 1976 COM2 65 0R0 177 1.4 10.3 31.9 1.0058 0.00 0.0M
503040.000 1976 COM2 65 0R0 150 1.0 10.3 32.6 1.0058 0.00 0.0M
503100.000 1976 COM2 65 0R0 104 0.4 10.6 32.3 1.0058 0.00 0.0M
503160.000 1976 COM2 65 0R0 223 2.8 10.7 31.9 1.0058 0.00 0.0M
503220.000 1976 COM2 65 0R0 218 3.4 10.8 31.1 1.0058 0.00 0.0M
503280.000 1976 COM2 65 0R0 208 3.0 10.6 30.5 1.0058 0.00 0.0M
503340.000 1976 COM2 65 0R0 177 3.5 10.4 31.9 1.0058 0.00 0.0M
503400.000 1976 COM2 65 0R0 165 3.4 10.4 32.0 1.0057 0.00 0.0M
503460.000 1976 COM2 65 0R0 190 2.6 10.3 31.0 1.0058 0.00 0.0M
503520.000 1976 COM2 65 0R0 220 3.2 10.3 31.0 1.0058 0.00 0.0M
503580.000 1976 COM2 65 0R0 309 1.7 10.3 32.0 1.0058 0.00 0.0M
503640.000 1976 COM2 65 0R0 251 2.1 10.4 31.7 1.0057 0.00 0.0M
503700.000 1976 COM2 65 0R0 280 0.8 10.5 31.9 1.0057 0.00 0.0M
503760.000 1976 COM2 65 0R0 219 3.3 10.7 31.4 1.0057 0.00 0.0M
503820.000 1976 COM2 65 0R0 179 0.9 10.7 31.4 1.0057 0.00 0.0M
503880.000 1976 COM2 65 0R0 177 2.3 10.7 31.4 1.0057 0.00 0.0M
503940.000 1976 COM2 65 0R0 179 2.2 10.6 30.6 1.0057 0.00 0.0M
504000.000 1976 COM2 65 0R0 129 1.9 10.5 31.0 1.0057 0.00 0.0M
504060.000 1976 COM2 65 0R0 121 1.6 10.4 31.2 1.0057 0.00 0.0M
504120.000 1976 COM2 65 0R0 122 1.9 10.4 32.0 1.0057 0.00 0.0M
504180.000 1976 COM2 65 0R0 108 1.1 10.4 31.1 1.0057 0.00 0.0M
504240.000 1976 COM2 65 0R0 221 2.8 10.5 32.0 1.0057 0.00 0.0M
504300.000 1976 COM2 65 0R0 187 1.4 10.5 31.1 1.0056 0.00 0.0M
504360.000 1976 COM2 65 0R0 145 1.5 10.5 31.5 1.0057 0.00 0.0M
504420.000 1976 COM2 65 0R0 162 4.1 10.5 31.0 1.0056 0.00 0.0M
504480.000 1976 COM2 65 0R0 171 2.7 10.4 30.9 1.0057 0.00 0.0M
504540.000 1976 COM2 65 0R0 196 2.9 10.3 31.0 1.0056 0.00 0.0M
504600.000 1976 COM2 65 0R0 088 0.7 10.2 31.2 1.0057 0.00 0.0M
504660.000 1976 COM2 65 0R0 157 3.0 10.3 31.3 1.0056 0.00 0.0M
504720.000 1976 COM2 65 0R0 207 3.4 10.4 30.7 1.0056 0.00 0.0M
504780.000 1976 COM2 65 0R0 173 3.1 10.3 30.5 1.0056 0.00 0.0M
504840.000 1976 COM2 65 0R0 194 4.8 10.2 31.6 1.0056 0.00 0.0M
504900.000 1976 COM2 65 0R0 156 3.1 10.2 30.5 1.0056 0.00 0.0M
504960.000 1976 COM2 65 0R0 220 3.2 10.1 31.0 1.0056 0.00 0.0M
505020.000 1976 COM2 65 0R0 180 1.5 10.0 31.1 1.0056 0.00 0.0M
505080.000 1976 COM2 65 0R0 231 1.7 10.0 31.3 1.0056 0.00 0.0M
505140.000 1976 COM2 65 0R0 247 1.7 10.1 31.7 1.0056 0.00 0.0M
505200.000 1976 COM2 65 0R0 194 1.9 10.2 31.5 1.0056 0.00 0.0M
505260.000 1976 COM2 65 0R0 177 2.2 10.3 31.2 1.0056 0.00 0.0M
505320.000 1976 COM2 65 0R0 152 2.7 10.4 31.7 1.0057 0.00 0.0M
505380.000 1976 COM2 65 0R0 164 2.3 10.5 30.2 1.0056 0.00 0.0M
505440.000 1976 COM2 65 0R0 189 2.5 10.4 30.3 1.0056 0.00 0.0M
505500.000 1976 COM2 65 0R0 172 3.1 10.2 30.8 1.0057 0.00 0.0M
505560.000 1976 COM2 65 0R0 109 1.0 10.2 31.3 1.0057 0.00 0.0M
505620.000 1976 COM2 65 0R0 143 1.8 10.3 31.2 1.0057 0.00 0.0M
505680.000 1976 COM2 65 0R0 191 2.6 10.4 30.5 1.0057 0.00 0.0M
505740.000 1976 COM2 65 0R0 153 2.0 10.3 30.4 1.0057 0.00 0.0M
505800.000 1976 COM2 65 0R0 210 3.0 10.3 30.4 1.0057 0.00 0.0M
505860.000 1976 COM2 65 0R0 144 1.0 10.2 30.4 1.0057 0.00 0.0M
505920.000 1976 COM2 65 0R0 158 1.0 10.1 30.8 1.0057 0.00 0.0M
505980.000 1976 COM2 65 0R0 179 4.5 10.1 30.5 1.0057 0.00 0.0M
506040.000 1976 COM2 65 0R0 140 1.7 10.1 30.5 1.0057 0.00 0.0M
506100.000 1976 COM2 65 0R0 214 3.4 10.1 30.8 1.0057 0.00 0.0M
506160.000 1976 COM2 65 0R0 125 0.5 10.0 31.2 1.0057 0.00 0.0M
506220.000 1976 COM2 65 0R0 200 2.5 10.1 31.7 1.0057 0.00 0.0M
506280.000 1976 COM2 65 0R0 301 1.2 10.1 30.4 1.0057 0.00 0.0M
506340.000 1976 COM2 65 0R0 190 3.9 10.2 30.9 1.0057 0.00 0.0M
506400.000 1976 COM2 65 0R0 196 2.6 10.1 30.0 1.0057 0.00 0.0M
506460.000 1976 COM2 65 0R0 200 3.5 10.0 30.4 1.0057 0.00 0.0M
506520.000 1976 COM2 65 0R0 193 3.0 10.0 31.1 1.0057 0.00 0.0M
506580.000 1976 COM2 65 0R0 182 3.4 10.0 31.2 1.0057 0.00 0.0M
506640.000 1976 COM2 65 0R0 245 2.5 10.0 31.0 1.0057 0.00 0.0M
506700.000 1976 COM2 65 0R0 233 2.8 10.0 30.9 1.0057 0.00 0.0M
506760.000 1976 COM2 65 0R0 156 2.3 10.0 30.8 1.0057 0.00 0.0M
506820.000 1976 COM2 65 0R0 179 4.4 10.0 30.5 1.0057 0.00 0.0M
506880.000 1976 COM2 64 0R0 120 2.4 9.9 30.6 1.0057 0.00 0.0M
506940.000 1976 COM2 64 0R0 174 5.9 9.9 30.7 1.0057 0.00 0.0M
507000.000 1976 COM2 64 0R0 174 4.5 9.8 30.3 1.0057 0.00 0.0M
507060.000 1976 COM2 64 0R0 209 3.8 9.7 30.9 1.0057 0.00 0.0M
507120.000 1976 COM2 64 0R0 162 1.0 9.7 31.1 1.0057 0.00 0.0M
507180.000 1976 COM2 64 0R0 141 1.4 9.7 31.0 1.0057 0.00 0.0M
507240.000 1976 COM2 64 0R0 174 3.6 9.8 31.4 1.0057 0.00 0.0M
507300.000 1976 COM2 64 0R0 159 3.6 9.8 31.2 1.0057 0.00 0.0M
507360.000 1976 COM2 64 0R0 136 2.4 9.8 31.3 1.0057 0.00 0.0M
507420.000 1976 COM2 64 0R0 142 3.4 9.8 31.2 1.0057 0.00 0.0M
507480.000 1976 COM2 64 0R0 192 4.3 9.8 31.5 1.0057 0.00 0.0M
507540.000 1976 COM2 64 0R0 152 2.8 9.8 31.3 1.0057 0.00 0.0M
507600.000 1976 COM2 64 0R0 203 3.4 9.8 31.4 1.0057 0.00 0.0M
507660.000 1976 COM2 64 0R0 199 2.7 9.8 31.2 1.0057 0.00 0.0M
507720.000 1976 COM2 64 0R0 162 2.1 9.8 31.5 1.0057 0.00 0.0M
507780.000 1976 COM2 64 0R0 161 2.4 9.8 31.0 1.0057 0.00 0.0M
507840.000 1976 COM2 64 0R0 184 3.6 9.8 31.1 1.0057 0.00 0.0M
507900.000 1976 COM2 64 0R0 193 4.9 9.7 30.9 1.0057 0.00 0.0M
507960.000 1976 COM2 64 0R0 159 3.4 9.7 30.6 1.0057 0.00 0.0M
508020.000 1976 COM2 64 0R0 186 2.2 9.6 31.2 1.0058 0.00 0.0M
508080.000 1976 COM2 64 0R0 174 3.0 9.6 31.3 1.0058 0.00 0.0M
508140.000 1976 COM2 64 0R0 127 1.6 9.7 31.0 1.0058 0.00 0.0M
508200.000 1976 COM2 64 0R0 145 2.0 9.6 31.4 1.0058 0.00 0.0M
508260.000 1976 COM2 64 0R0 137 1.5 9.7 31.1 1.0058 0.00 0.0M
508320.000 1976 COM2 64 0R0 172 4.2 9.7 31.3 1.0058 0.00 0.0M
508380.000 1976 COM2 64 0R0 182 2.4 9.7 31.0 1.0058 0.00 0.0M
508440.000 1976 COM2 64 0R0 185 4.1 9.6 31.8 1.0058 0.00 0.0M
508500.100 1976 COM2 64 0R0 177 0.9 9.6 32.2 1.0058 0.00 0.0M
508560.100 1976 COM2 64 0R0 166 1.3 9.6 31.8 1.0058 0.00 0.0M
508620.100 1976 COM2 64 0R0 196 3.4 9.7 31.5 1.0058 0.00 0.0M
508680.000 1976 COM2 64 0R0 217 5.1 9.7 31.4 1.0058 0.00 0.0M
508740.000 1976 COM2 64 0R0 217 5.5 9.6 31.4 1.0058 0.00 0.0M
508800.000 1976 COM2 64 0R0 213 1.2 9.6 31.0 1.0058 0.00 0.0M
508860.000 1976 COM2 64 0R0 218 3.5 9.6 31.5 1.0058 0.00 0.0M
508920.000 1976 COM2 64 0R0 231 1.7 9.6 30.8 1.0058 0.00 0.0M
508980.000 1976 COM2 64 0R0 172 1.6 9.6 31.4 1.0058 0.00 0.0M
509040.000 1976 COM2 64 0R0 228 2.5 9.6 31.5 1.0058 0.00 0.0M
509100.000 1976 COM2 64 0R0 187 0.8 9.6 31.3 1.0058 0.00 0.0M
509160.000 1976 COM2 64 0R0 234 2.7 9.5 32.6 1.0058 0.00 0.0M
509220.000 1976 COM2 64 0R0 234 1.1 9.5 31.4 1.0058 0.00 0.0M
509280.000 1976 COM2 64 0R0 189 4.5 9.5 31.3 1.0057 0.00 0.0M
509340.000 1976 COM2 64 0R0 197 3.8 9.5 31.2 1.0057 0.00 0.0M
509400.000 1976 COM2 64 0R0 214 2.6 9.4 32.0 1.0057 0.00 0.0M
509460.000 1976 COM2 64 0R0 196 4.1 9.4 31.7 1.0057 0.00 0.0M
509520.000 1976 COM2 64 0R0 190 3.6 9.3 31.7 1.0057 0.00 0.0M
509580.000 1976 COM2 64 0R0 190 3.4 9.3 31.9 1.0057 0.00 0.0M
509640.000 1976 COM2 64 0R0 197 3.4 9.3 31.4 1.0058 0.00 0.0M
509700.000 1976 COM2 64 0R0 199 2.7 9.3 31.3 1.0057 0.00 0.0M
509760.000 1976 COM2 64 0R0 181 2.7 9.2 31.5 1.0058 0.00 0.0M
509820.000 1976 COM2 64 0R0 224 1.3 9.2 32.0 1.0058 0.00 0.0M
509880.000 1976 COM2 64 0R0 156 1.9 9.2 32.2 1.0058 0.00 0.0M
509940.000 1976 COM2 64 0R0 169 2.0 9.2 32.1 1.0058 0.00 0.0M
510000.000 1976 COM2 64 0R0 197 2.1 9.2 32.1 1.0058 0.00 0.0M
510060.000 1976 COM2 64 0R0 169 3.3 9.1 32.5 1.0058 0.00 0.0M
510120.000 1976 COM2 64 0R0 160 2.3 9.1 32.2 1.0058 0.00 0.0M
510180.000 1976 COM2 64 0R0 168 3.7 9.1 32.1 1.0058 0.00 0.0M
510240.000 1976 COM2 64 0R0 158 2.5 9.1 32.4 1.0058 0.00 0.0M
510300.000 1976 COM2 64 0R0 156 2.2 9.1 31.9 1.0058 0.00 0.0M
510360.000 1976 COM2 64 0R0 142 1.7 9.1 32.0 1.0059 0.00 0.0M
510420.000 1976 COM2 64 0R0 158 1.5 9.1 32.6 1.0059 0.00 0.0M
510480.000 1976 COM2 64 0R0 177 2.1 9.1 32.4 1.0059 0.00 0.0M
510540.000 1976 COM2 64 0R0 173 2.8 9.1 32.4 1.0059 0.00 0.0M
510600.000 1976 COM2 64 0R0 149 1.7 9.1 32.2 1.0059 0.00 0.0M
510660.000 1976 COM2 64 0R0 192 2.0 9.0 32.5 1.0059 0.00 0.0M
510720.000 1976 COM2 64 0R0 180 2.3 9.0 32.4 1.0059 0.00 0.0M
510780.000 1976 COM2 64 0R0 177 2.0 9.0 32.5 1.0059 0.00 0.0M
510840.000 1976 COM2 64 0R0 164 2.5 9.0 32.7 1.0059 0.00 0.0M
510900.000 1976 COM2 64 0R0 166 2.2 9.0 32.5 1.0059 0.00 0.0M
510960.100 1976 COM2 64 0R0 170 2.4 9.0 32.6 1.0059 0.00 0.0M
511020.000 1976 COM2 64 0R0 152 2.4 9.0 32.8 1.0059 0.00 0.0M
511080.000 1976 COM2 64 0R0 183 2.4 9.0 32.7 1.0059 0.00 0.0M
511140.000 1976 COM2 64 0R0 158 2.5 9.0 33.0 1.0059 0.00 0.0M
511200.000 1976 COM2 64 0R0 173 2.4 9.0 32.8 1.0059 0.00 0.0M
511260.100 1976 COM2 64 0R0 148 1.3 9.0 33.1 1.0059 0.00 0.0M
511320.100 1976 COM2 64 0R0 160 2.0 9.0 33.0 1.0059 0.00 0.0M
511380.000 1976 COM2 64 0R0 167 3.1 9.0 33.1 1.0059 0.00 0.0M
511440.000 1976 COM2 64 0R0 170 2.4 8.9 33.0 1.0059 0.00 0.0M
511500.000 1976 COM2 64 0R0 177 2.7 8.9 33.1 1.0059 0.00 0.0M
511560.000 1976 COM2 64 0R0 177 2.5 8.9 33.2 1.0059 0.00 0.0M
511620.000 1976 COM2 64 0R0 166 2.6 8.8 33.4 1.0059 0.00 0.0M
511680.000 1976 COM2 64 0R0 173 2.5 8.8 33.5 1.0059 0.00 0.0M
511740.000 1976 COM2 64 0R0 163 2.3 8.8 33.5 1.0059 0.00 0.0M
511800.000 1976 COM2 64 0R0 167 2.9 8.8 33.5 1.0059 0.00 0.0M
511860.000 1976 COM2 64 0R0 180 2.3 8.8 33.7 1.0059 0.00 0.0M
511920.000 1976 COM2 64 0R0 173 2.7 8.8 33.9 1.0059 0.00 0.0M
511980.000 1976 COM2 64 0R0 174 2.6 8.8 33.8 1.0059 0.00 0.0M
512040.000 1976 COM2 64 0R0 169 2.6 8.8 34.0 1.0059 0.00 0.0M
512100.000 1976 COM2 64 0R0 148 1.7 8.8 34.0 1.0058 0.00 0.0M
512160.000 1976 COM2 64 0R0 181 1.1 8.8 34.4 1.0058 0.00 0.0M
512220.000 1976 COM2 64 0R0 156 0.9 8.8 34.2 1.0058 0.00 0.0M
512280.000 1976 COM2 64 0R0 143 1.4 8.8 34.4 1.0058 0.00 0.0M
512340.000 1976 COM2 64 0R0 136 0.5 8.8 34.5 1.0058 0.00 0.0M
512400.000 1976 COM2 64 0R0 127 0.9 8.8 34.4 1.0058 0.00 0.0M
512460.000 1976 COM2 64 0R0 162 2.3 8.7 34.6 1.0058 0.00 0.0M
512520.000 1976 COM2 64 0R0 139 1.9 8.7 34.7 1.0058 0.00 0.0M
512580.100 1976 COM2 64 0R0 157 1.6 8.7 34.7 1.0058 0.00 0.0M
512640.000 1976 COM2 64 0R0 163 2.8 8.7 34.5 1.0058 0.00 0.0M
512700.000 1976 COM2 64 0R0 169 2.6 8.6 34.8 1.0058 0.00 0.0M
512760.000 1976 COM2 64 0R0 177 2.3 8.6 34.8 1.0058 0.00 0.0M
512820.000 1976 COM2 64 0R0 162 2.4 8.6 35.0 1.0058 0.00 0.0M
512880.000 1976 COM2 64 0R0 176 2.2 8.5 35.2 1.0058 0.00 0.0M
512940.000 1976 COM2 64 0R0 173 1.8 8.5 35.2 1.0058 0.00 0.0M
513000.000 1976 COM2 64 0R0 170 2.8 8.5 35.4 1.0058 0.00 0.0M
513060.000 1976 COM2 64 0R0 141 1.6 8.5 35.5 1.0058 0.00 0.0M
513120.000 1976 COM2 64 0R0 180 1.9 8.5 35.3 1.0058 0.00 0.0M
513180.000 1976 COM2 64 0R0 172 2.7 8.5 35.3 1.0058 0.00 0.0M
513240.000 1976 COM2 64 0R0 179 2.3 8.4 35.4 1.0058 0.00 0.0M
513300.000 1976 COM2 64 0R0 178 2.2 8.4 35.6 1.0058 0.00 0.0M
513360.000 1976 COM2 64 0R0 171 2.4 8.3 35.8 1.0059 0.00 0.0M
513420.000 1976 COM2 64 0R0 181 2.5 8.3 36.1 1.0059 0.00 0.0M
513480.000 1976 COM2 64 0R0 170 3.7 8.3 36.5 1.0059 0.00 0.0M
513540.000 1976 COM2 64 0R0 175 3.0 8.2 36.8 1.0059 0.00 0.0M
513600.000 1976 COM2 64 0R0 168 2.5 8.2 36.7 1.0059 0.00 0.0M
513660.000 1976 COM2 64 0R0 178 2.7 8.2 37.1 1.0059 0.00 0.0M
513720.000 1976 COM2 64 0R0 172 2.8 8.1 37.1 1.0059 0.00 0.0M
513780.000 1976 COM2 64 0R0 176 2.9 8.1 37.0 1.0059 0.00 0.0M
513840.000 1976 COM2 64 0R0 170 2.3 8.1 37.2 1.0059 0.00 0.0M
513900.000 1976 COM2 64 0R0 170 2.6 8.1 37.0 1.0059 0.00 0.0M
513960.000 1976 COM2 64 0R0 173 2.4 8.1 37.1 1.0059 0.00 0.0M
514020.000 1976 COM2 64 0R0 176 2.8 8.1 37.2 1.0059 0.00 0.0M
514080.000 1976 COM2 64 0R0 169 2.8 8.1 37.4 1.0059 0.00 0.0M
514140.000 1976 COM2 64 0R0 170 2.4 8.1 37.2 1.0059 0.00 0.0M
514200.000 1976 COM2 64 0R0 145 1.8 8.1 37.2 1.0059 0.00 0.0M
514260.000 1976 COM2 64 0R0 171 2.5 8.1 37.0 1.0059 0.00 0.0M
514320.000 1976 COM2 64 0R0 179 2.1 8.1 37.2 1.0059 0.00 0.0M
514380.000 1976 COM2 64 0R0 174 2.5 8.1 37.0 1.0060 0.00 0.0M
514440.000 1976 COM2 64 0R0 169 2.3 8.1 37.0 1.0060 0.00 0.0M
514500.000 1976 COM2 64 0R0 166 2.9 8.0 37.3 1.0060 0.00 0.0M
514560.000 1976 COM2 64 0R0 177 2.5 8.0 37.5 1.0060 0.00 0.0M
514620.000 1976 COM2 64 0R0 195 2.5 7.9 38.2 1.0060 0.00 0.0M
514680.000 1976 COM2 64 0R0 176 2.2 7.9 38.0 1.0060 0.00 0.0M
514740.000 1976 COM2 64 0R0 173 2.0 7.9 39.0 1.0060 0.00 0.0M
514800.000 1976 COM2 64 0R0 186 2.9 7.9 39.0 1.0060 0.00 0.0M
514860.000 1976 COM2 64 0R0 186 2.3 7.9 39.0 1.0060 0.00 0.0M
514920.000 1976 COM2 64 0R0 189 2.6 8.0 38.9 1.0060 0.00 0.0M
514980.100 1976 COM2 64 0R0 186 2.3 8.0 38.9 1.0060 0.00 0.0M
515040.000 1976 COM2 64 0R0 175 2.6 8.0 39.0 1.0060 0.00 0.0M
515100.000 1976 COM2 64 0R0 182 2.7 8.0 38.8 1.0060 0.00 0.0M
515160.000 1976 COM2 64 0R0 146 1.3 8.0 38.9 1.0060 0.00 0.0M
515220.000 1976 COM2 64 0R0 182 2.8 7.9 38.9 1.0060 0.00 0.0M
515280.000 1976 COM2 64 0R0 201 2.7 7.9 39.0 1.0060 0.00 0.0M
515340.000 1976 COM2 64 0R0 202 2.5 7.9 39.3 1.0060 0.00 0.0M
515400.000 1976 COM2 64 0R0 169 2.9 7.9 39.0 1.0060 0.00 0.0M
515460.000 1976 COM2 64 0R0 180 3.4 7.9 39.0 1.0060 0.00 0.0M
515520.000 1976 COM2 64 0R0 191 3.3 7.9 39.6 1.0060 0.00 0.0M
515580.000 1976 COM2 64 0R0 188 2.3 7.8 39.3 1.0060 0.00 0.0M
515640.000 1976 COM2 64 0R0 170 2.7 7.8 39.6 1.0060 0.00 0.0M
515700.000 1976 COM2 64 0R0 166 3.0 7.8 40.1 1.0060 0.00 0.0M
515760.000 1976 COM2 64 0R0 171 2.3 7.8 39.5 1.0060 0.00 0.0M
515820.000 1976 COM2 64 0R0 172 2.2 7.8 39.4 1.0060 0.00 0.0M
515880.000 1976 COM2 64 0R0 178 2.8 7.8 39.8 1.0060 0.00 0.0M
515940.000 1976 COM2 64 0R0 177 2.4 7.8 39.8 1.0060 0.00 0.0M
516000.000 1976 COM2 64 0R0 186 2.5 7.7 40.2 1.0060 0.00 0.0M
516060.000 1976 COM2 64 0R0 200 1.7 7.7 40.8 1.0060 0.00 0.0M
516120.000 1976 COM2 64 0R0 208 1.7 7.7 40.5 1.0060 0.00 0.0M
516180.000 1976 COM2 64 0R0 106 0.9 7.7 40.3 1.0059 0.00 0.0M
516240.000 1976 COM2 64 0R0 193 2.3 7.7 40.3 1.0059 0.00 0.0M
516300.000 1976 COM2 64 0R0 170 2.3 7.7 40.2 1.0059 0.00 0.0M
516360.000 1976 COM2 64 0R0 186 2.1 7.7 40.1 1.0059 0.00 0.0M
516420.000 1976 COM2 64 0R0 176 2.8 7.7 40.2 1.0059 0.00 0.0M
516480.000 1976 COM2 64 0R0 148 1.5 7.7 39.9 1.0059 0.00 0.0M
516540.000 1976 COM2 64 0R0 171 2.2 7.6 39.8 1.0059 0.00 0.0M
516600.200 1976 COM2 64 0R0 155 1.6 7.6 39.6 1.0059 0.00 0.0M
516660.000 1976 COM2 64 0R0 169 1.6 7.6 39.5 1.0059 0.00 0.0M
516720.000 1976 COM2 64 0R0 147 1.6 7.6 39.6 1.0059 0.00 0.0M
516780.000 1976 COM2 64 0R0 175 2.2 7.6 39.7 1.0059 0.00 0.0M
516840.000 1976 COM2 64 0R0 167 1.8 7.6 39.9 1.0058 0.00 0.0M
516900.000 1976 COM2 64 0R0 171 1.5 7.5 40.2 1.0058 0.00 0.0M
516960.000 1976 COM2 64 0R0 153 1.4 7.5 40.2 1.0058 0.00 0.0M
517020.000 1976 COM2 64 0R0 175 2.0 7.5 40.3 1.0058 0.00 0.0M
517080.100 1976 COM2 64 0R0 180 2.3 7.5 40.5 1.0058 0.00 0.0M
517140.000 1976 COM2 64 0R0 162 2.0 7.5 40.5 1.0058 0.00 0.0M
517200.000 1976 COM2 64 0R0 196 2.5 7.4 40.9 1.0058 0.00 0.0M
517260.000 1976 COM2 64 0R0 191 2.0 7.4 41.5 1.0058 0.00 0.0M
517320.000 1976 COM2 64 0R0 156 2.0 7.4 41.5 1.0058 0.00 0.0M
517380.000 1976 COM2 64 0R0 176 1.9 7.4 41.5 1.0058 0.00 0.0M
517440.000 1976 COM2 64 0R0 175 2.5 7.4 41.6 1.0058 0.00 0.0M
517500.000 1976 COM2 64 0R0 190 2.2 7.3 41.4 1.0058 0.00 0.0M
517560.000 1976 COM2 64 0R0 161 2.0 7.3 41.4 1.0058 0.00 0.0M
517620.000 1976 COM2 64 0R0 201 2.1 7.3 42.2 1.0058 0.00 0.0M
517680.000 1976 COM2 64 0R0 174 2.5 7.3 42.5 1.0058 0.00 0.0M
517740.000 1976 COM2 64 0R0 173 3.0 7.3 42.1 1.0058 0.00 0.0M
517800.000 1976 COM2 64 0R0 159 2.2 7.3 42.3 1.0058 0.00 0.0M
517860.000 1976 COM2 64 0R0 178 2.5 7.2 42.3 1.0058 0.00 0.0M
517920.000 1976 COM2 64 0R0 187 2.1 7.2 42.3 1.0058 0.00 0.0M
517980.000 1976 COM2 64 0R0 163 2.4 7.2 42.6 1.0058 0.00 0.0M
518040.000 1976 COM2 64 0R0 183 2.2 7.2 42.5 1.0058 0.00 0.0M
518100.000 1976 COM2 64 0R0 156 2.1 7.1 42.5 1.0058 0.00 0.0M
518160.000 1976 COM2 64 0R0 187 1.8 7.1 43.0 1.0058 0.00 0.0M
518220.000 1976 COM2 64 0R0 193 2.2 7.1 43.4 1.0058 0.00 0.0M
518280.000 1976 COM2 64 0R0 184 1.7 7.1 43.6 1.0058 0.00 0.0M
518340.000 1976 COM2 64 0R0 188 1.7 7.1 43.3 1.0058 0.00 0.0M
