TO [s] WNc [w] C StringLn ASCIIString
---------------------------------------
172800.000 1967 COM2 65 0R0 027 0.8 20.7 85.2 1.0100 0.00 0.0M
172860.000 1967 COM2 65 0R0 026 1.4 20.6 85.4 1.0101 0.00 0.0M
172920.000 1967 COM2 65 0R0 004 0.8 20.6 85.3 1.0101 0.00 0.0M
172980.000 1967 COM2 65 0R0 018 0.7 20.6 85.4 1.0101 0.00 0.0M
173040.000 1967 COM2 65 0R0 030 1.3 20.6 85.7 1.0101 0.00 0.0M
173100.000 1967 COM2 65 0R0 029 0.5 20.6 85.6 1.0101 0.00 0.0M
173160.000 1967 COM2 65 0R0 018 1.4 20.6 85.6 1.0101 0.00 0.0M
173220.000 1967 COM2 65 0R0 028 1.0 20.6 85.8 1.0101 0.00 0.0M
173280.000 1967 COM2 65 0R0 334 0.6 20.6 85.9 1.0101 0.00 0.0M
173340.000 1967 COM2 65 0R0 033 0.7 20.5 85.8 1.0101 0.00 0.0M
173400.000 1967 COM2 65 0R0 050 1.0 20.5 85.9 1.0101 0.00 0.0M
173460.000 1967 COM2 65 0R0 034 1.5 20.5 86.0 1.0101 0.00 0.0M
173520.000 1967 COM2 65 0R0 356 0.6 20.5 86.1 1.0101 0.00 0.0M
173580.000 1967 COM2 65 0R0 019 0.9 20.5 86.0 1.0102 0.00 0.0M
173640.000 1967 COM2 65 0R0 003 1.0 20.5 86.1 1.0102 0.00 0.0M
173700.100 1967 COM2 65 0R0 057 0.2 20.5 86.2 1.0102 0.00 0.0M
173760.000 1967 COM2 65 0R0 357 1.4 20.5 86.2 1.0101 0.00 0.0M
173820.000 1967 COM2 65 0R0 035 1.1 20.5 86.2 1.0101 0.00 0.0M
173880.000 1967 COM2 65 0R0 006 1.2 20.4 86.3 1.0101 0.00 0.0M
173940.000 1967 COM2 65 0R0 358 0.2 20.4 86.2 1.0101 0.00 0.0M
174000.000 1967 COM2 65 0R0 019 1.3 20.4 86.4 1.0101 0.00 0.0M
174060.000 1967 COM2 65 0R0 014 0.9 20.4 86.2 1.0101 0.00 0.0M
174120.000 1967 COM2 65 0R0 007 0.9 20.4 86.2 1.0101 0.00 0.0M
174180.000 1967 COM2 65 0R0 022 1.0 20.4 86.3 1.0100 0.00 0.0M
174240.000 1967 COM2 65 0R0 023 1.4 20.4 86.2 1.0100 0.00 0.0M
174300.000 1967 COM2 65 0R0 024 2.3 20.4 86.4 1.0100 0.00 0.0M
174360.000 1967 COM2 65 0R0 015 1.7 20.4 86.5 1.0100 0.00 0.0M
174420.000 1967 COM2 65 0R0 034 1.3 20.4 86.5 1.0100 0.00 0.0M
174480.000 1967 COM2 65 0R0 038 1.7 20.4 86.3 1.0100 0.00 0.0M
174540.000 1967 COM2 65 0R0 010 0.9 20.5 86.4 1.0100 0.00 0.0M
174600.000 1967 COM2 65 0R0 002 0.6 20.5 86.1 1.0100 0.00 0.0M
174660.000 1967 COM2 65 0R0 009 0.7 20.5 86.0 1.0100 0.00 0.0M
174720.000 1967 COM2 65 0R0 047 1.0 20.5 86.1 1.0100 0.00 0.0M
174780.000 1967 COM2 65 0R0 000 1.0 20.5 86.1 1.0100 0.00 0.0M
174840.000 1967 COM2 65 0R0 002 0.9 20.5 86.1 1.0100 0.00 0.0M
174900.000 1967 COM2 65 0R0 010 1.3 20.5 86.2 1.0100 0.00 0.0M
174960.000 1967 COM2 65 0R0 000 1.0 20.5 86.1 1.0100 0.00 0.0M
175020.000 1967 COM2 65 0R0 100 0.7 20.5 86.0 1.0100 0.00 0.0M
175080.000 1967 COM2 65 0R0 055 0.7 20.5 86.2 1.0100 0.00 0.0M
175140.000 1967 COM2 65 0R0 036 0.5 20.4 86.1 1.0101 0.00 0.0M
175200.000 1967 COM2 65 0R0 037 1.3 20.4 86.1 1.0101 0.00 0.0M
175260.000 1967 COM2 65 0R0 003 1.7 20.4 86.3 1.0101 0.00 0.0M
175320.000 1967 COM2 65 0R0 014 0.6 20.4 86.2 1.0101 0.00 0.0M
175380.000 1967 COM2 65 0R0 021 0.8 20.4 86.3 1.0101 0.00 0.0M
175440.000 1967 COM2 65 0R0 029 2.0 20.4 86.4 1.0101 0.00 0.0M
175500.000 1967 COM2 65 0R0 008 0.8 20.4 86.1 1.0101 0.00 0.0M
175560.100 1967 COM2 65 0R0 003 0.5 20.4 86.0 1.0101 0.00 0.0M
175620.000 1967 COM2 65 0R0 053 0.4 20.4 86.1 1.0101 0.00 0.0M
175680.100 1967 COM2 65 0R0 034 1.4 20.4 86.2 1.0101 0.00 0.0M
175740.000 1967 COM2 65 0R0 030 0.2 20.4 86.1 1.0101 0.00 0.0M
175800.000 1967 COM2 65 0R0 018 0.8 20.4 86.2 1.0101 0.00 0.0M
175860.000 1967 COM2 65 0R0 029 1.8 20.4 86.3 1.0101 0.00 0.0M
175920.000 1967 COM2 65 0R0 033 1.1 20.4 86.4 1.0101 0.00 0.0M
175980.000 1967 COM2 65 0R0 029 1.3 20.4 86.4 1.0101 0.00 0.0M
176040.000 1967 COM2 65 0R0 035 1.3 20.4 86.5 1.0101 0.00 0.0M
176100.000 1967 COM2 65 0R0 026 1.5 20.4 86.5 1.0101 0.00 0.0M
176160.000 1967 COM2 65 0R0 017 1.2 20.4 86.5 1.0102 0.00 0.0M
176220.000 1967 COM2 65 0R0 342 1.1 20.3 86.5 1.0102 0.00 0.0M
176280.000 1967 COM2 65 0R0 013 1.4 20.3 86.6 1.0102 0.00 0.0M
176340.000 1967 COM2 65 0R0 006 1.2 20.3 86.6 1.0102 0.00 0.0M
176400.000 1967 COM2 65 0R0 024 1.1 20.3 86.6 1.0102 0.00 0.0M
176460.000 1967 COM2 65 0R0 042 0.4 20.3 86.6 1.0103 0.00 0.0M
176520.000 1967 COM2 65 0R0 007 1.4 20.3 86.8 1.0103 0.00 0.0M
176580.000 1967 COM2 65 0R0 001 0.6 20.2 86.7 1.0103 0.00 0.0M
176640.000 1967 COM2 65 0R0 017 1.3 20.2 86.7 1.0103 0.00 0.0M
176700.100 1967 COM2 65 0R0 078 0.8 20.2 86.8 1.0102 0.00 0.0M
176760.000 1967 COM2 65 0R0 097 0.6 20.2 86.8 1.0102 0.00 0.0M
176820.000 1967 COM2 65 0R0 341 0.9 20.2 86.8 1.0102 0.00 0.0M
176880.000 1967 COM2 65 0R0 011 0.5 20.2 86.8 1.0102 0.00 0.0M
176940.000 1967 COM2 65 0R0 047 1.3 20.2 86.8 1.0102 0.00 0.0M
177000.000 1967 COM2 65 0R0 030 0.5 20.2 86.8 1.0101 0.00 0.0M
177060.000 1967 COM2 65 0R0 327 1.3 20.1 86.8 1.0101 0.00 0.0M
177120.000 1967 COM2 65 0R0 356 0.7 20.1 86.8 1.0101 0.00 0.0M
177180.000 1967 COM2 65 0R0 007 0.8 20.1 86.7 1.0100 0.00 0.0M
177240.000 1967 COM2 65 0R0 024 2.2 20.1 86.8 1.0100 0.00 0.0M
177300.000 1967 COM2 65 0R0 357 0.5 20.1 86.8 1.0100 0.00 0.0M
177360.000 1967 COM2 65 0R0 007 0.4 20.1 86.9 1.0100 0.00 0.0M
177420.000 1967 COM2 65 0R0 336 1.8 20.1 86.8 1.0099 0.00 0.0M
177480.000 1967 COM2 65 0R0 000 1.3 20.1 86.8 1.0099 0.00 0.0M
177540.000 1967 COM2 65 0R0 328 1.0 20.0 86.8 1.0099 0.00 0.0M
177600.000 1967 COM2 65 0R0 345 2.4 20.0 86.7 1.0099 0.00 0.0M
177660.000 1967 COM2 65 0R0 048 1.3 20.1 86.7 1.0099 0.00 0.0M
177720.000 1967 COM2 65 0R0 345 1.6 20.1 86.6 1.0099 0.00 0.0M
177780.000 1967 COM2 65 0R0 001 0.8 20.1 86.6 1.0099 0.00 0.0M
177840.000 1967 COM2 65 0R0 023 1.4 20.1 86.4 1.0099 0.00 0.0M
177900.000 1967 COM2 65 0R0 016 0.9 20.1 86.4 1.0099 0.00 0.0M
177960.000 1967 COM2 65 0R0 356 2.0 20.1 86.4 1.0099 0.00 0.0M
178020.000 1967 COM2 65 0R0 315 0.4 20.1 86.3 1.0099 0.00 0.0M
178080.000 1967 COM2 65 0R0 031 1.4 20.1 86.1 1.0099 0.00 0.0M
178140.000 1967 COM2 65 0R0 345 2.1 20.1 86.0 1.0100 0.00 0.0M
178200.000 1967 COM2 65 0R0 002 1.5 20.1 86.0 1.0100 0.00 0.0M
178260.000 1967 COM2 65 0R0 025 2.2 20.1 85.9 1.0100 0.00 0.0M
178320.000 1967 COM2 65 0R0 012 1.1 20.2 85.8 1.0100 0.00 0.0M
178380.000 1967 COM2 65 0R0 030 2.4 20.2 85.8 1.0100 0.00 0.0M
178440.000 1967 COM2 65 0R0 342 1.8 20.2 85.6 1.0100 0.00 0.0M
178500.000 1967 COM2 65 0R0 339 2.3 20.2 85.5 1.0100 0.00 0.0M
178560.000 1967 COM2 65 0R0 022 2.2 20.2 85.5 1.0100 0.00 0.0M
178620.000 1967 COM2 65 0R0 021 2.6 20.2 85.3 1.0100 0.00 0.0M
178680.000 1967 COM2 65 0R0 020 1.5 20.2 85.3 1.0100 0.00 0.0M
178740.000 1967 COM2 65 0R0 035 1.5 20.2 85.3 1.0100 0.00 0.0M
178800.000 1967 COM2 65 0R0 027 1.9 20.2 85.3 1.0100 0.00 0.0M
178860.000 1967 COM2 65 0R0 031 0.3 20.2 85.3 1.0100 0.00 0.0M
178920.000 1967 COM2 65 0R0 338 1.8 20.2 85.1 1.0100 0.00 0.0M
178980.000 1967 COM2 65 0R0 332 1.5 20.2 85.1 1.0100 0.00 0.0M
179040.000 1967 COM2 65 0R0 026 2.0 20.3 85.1 1.0100 0.00 0.0M
179100.000 1967 COM2 65 0R0 001 0.8 20.3 85.1 1.0100 0.00 0.0M
179160.000 1967 COM2 65 0R0 358 1.4 20.3 85.0 1.0100 0.00 0.0M
179220.000 1967 COM2 65 0R0 026 1.9 20.3 85.0 1.0100 0.00 0.0M
179280.000 1967 COM2 65 0R0 026 1.0 20.2 85.1 1.0100 0.00 0.0M
179340.000 1967 COM2 65 0R0 316 0.6 20.2 85.1 1.0100 0.00 0.0M
179400.000 1967 COM2 65 0R0 009 1.6 20.2 85.1 1.0100 0.00 0.0M
179460.000 1967 COM2 65 0R0 001 1.2 20.3 84.9 1.0100 0.00 0.0M
179520.000 1967 COM2 65 0R0 016 2.2 20.3 84.9 1.0100 0.00 0.0M
179580.000 1967 COM2 65 0R0 022 2.8 20.3 84.9 1.0100 0.00 0.0M
179640.000 1967 COM2 65 0R0 022 2.4 20.3 84.8 1.0099 0.00 0.0M
179700.000 1967 COM2 65 0R0 345 1.3 20.3 84.8 1.0099 0.00 0.0M
179760.000 1967 COM2 65 0R0 347 1.0 20.3 84.8 1.0100 0.00 0.0M
179820.000 1967 COM2 65 0R0 017 1.6 20.3 84.7 1.0100 0.00 0.0M
179880.000 1967 COM2 65 0R0 009 2.7 20.3 84.6 1.0100 0.00 0.0M
179940.000 1967 COM2 65 0R0 018 1.5 20.3 84.6 1.0100 0.00 0.0M
180000.000 1967 COM2 65 0R0 012 1.6 20.3 84.7 1.0100 0.00 0.0M
180060.000 1967 COM2 65 0R0 036 2.1 20.3 84.7 1.0100 0.00 0.0M
180120.000 1967 COM2 65 0R0 336 1.6 20.3 84.3 1.0099 0.00 0.0M
180180.000 1967 COM2 65 0R0 026 0.9 20.3 84.4 1.0099 0.00 0.0M
180240.000 1967 COM2 65 0R0 341 1.8 20.3 84.4 1.0099 0.00 0.0M
180300.000 1967 COM2 65 0R0 018 1.6 20.3 84.2 1.0099 0.00 0.0M
180360.000 1967 COM2 65 0R0 006 1.7 20.4 84.1 1.0099 0.00 0.0M
180420.000 1967 COM2 65 0R0 010 2.9 20.4 84.0 1.0099 0.00 0.0M
180480.000 1967 COM2 65 0R0 011 1.4 20.4 84.1 1.0099 0.00 0.0M
180540.000 1967 COM2 65 0R0 343 1.9 20.4 84.0 1.0100 0.00 0.0M
180600.000 1967 COM2 65 0R0 358 2.2 20.4 83.8 1.0100 0.00 0.0M
180660.000 1967 COM2 65 0R0 034 2.3 20.4 83.4 1.0100 0.00 0.0M
180720.000 1967 COM2 65 0R0 349 1.9 20.4 83.6 1.0100 0.00 0.0M
180780.000 1967 COM2 65 0R0 336 2.6 20.4 83.6 1.0099 0.00 0.0M
180840.000 1967 COM2 65 0R0 042 2.3 20.4 83.7 1.0099 0.00 0.0M
180900.000 1967 COM2 65 0R0 010 1.1 20.4 83.6 1.0099 0.00 0.0M
180960.000 1967 COM2 65 0R0 018 1.8 20.4 83.5 1.0099 0.00 0.0M
181020.100 1967 COM2 65 0R0 359 1.4 20.4 83.4 1.0098 0.00 0.0M
181080.000 1967 COM2 65 0R0 029 1.6 20.4 83.4 1.0098 0.00 0.0M
181140.000 1967 COM2 65 0R0 024 2.5 20.4 83.3 1.0098 0.00 0.0M
181200.000 1967 COM2 65 0R0 007 1.8 20.4 83.2 1.0098 0.00 0.0M
181260.000 1967 COM2 65 0R0 073 0.9 20.4 83.2 1.0098 0.00 0.0M
181320.000 1967 COM2 65 0R0 002 1.5 20.4 83.1 1.0098 0.00 0.0M
181380.000 1967 COM2 65 0R0 012 2.1 20.4 83.3 1.0098 0.00 0.0M
181440.000 1967 COM2 65 0R0 013 1.2 20.4 83.2 1.0098 0.00 0.0M
181500.000 1967 COM2 65 0R0 352 1.2 20.4 83.1 1.0098 0.00 0.0M
181560.000 1967 COM2 65 0R0 011 3.0 20.4 83.1 1.0098 0.00 0.0M
181620.000 1967 COM2 65 0R0 345 2.3 20.4 83.1 1.0098 0.00 0.0M
181680.000 1967 COM2 65 0R0 029 3.1 20.4 83.0 1.0099 0.00 0.0M
181740.000 1967 COM2 65 0R0 345 2.0 20.4 83.0 1.0098 0.00 0.0M
181800.000 1967 COM2 65 0R0 039 0.7 20.4 83.1 1.0098 0.00 0.0M
181860.000 1967 COM2 65 0R0 010 1.9 20.4 83.0 1.0097 0.00 0.0M
181920.000 1967 COM2 65 0R0 352 1.4 20.4 83.1 1.0097 0.00 0.0M
181980.000 1967 COM2 65 0R0 013 3.2 20.4 83.0 1.0097 0.00 0.0M
182040.000 1967 COM2 65 0R0 026 3.2 20.4 83.0 1.0097 0.00 0.0M
182100.000 1967 COM2 65 0R0 318 0.9 20.4 83.0 1.0097 0.00 0.0M
182160.000 1967 COM2 65 0R0 007 3.0 20.4 83.0 1.0096 0.00 0.0M
182220.000 1967 COM2 65 0R0 344 3.3 20.5 83.0 1.0096 0.00 0.0M
182280.000 1967 COM2 65 0R0 023 3.2 20.5 82.9 1.0096 0.00 0.0M
182340.000 1967 COM2 65 0R0 342 3.5 20.5 82.6 1.0096 0.00 0.0M
182400.000 1967 COM2 65 0R0 053 2.1 20.5 82.9 1.0096 0.00 0.0M
182460.000 1967 COM2 65 0R0 034 1.9 20.5 82.9 1.0096 0.00 0.0M
182520.000 1967 COM2 65 0R0 011 1.5 20.5 83.0 1.0096 0.00 0.0M
182580.000 1967 COM2 65 0R0 011 1.4 20.5 82.9 1.0096 0.00 0.0M
182640.000 1967 COM2 65 0R0 035 2.3 20.5 83.0 1.0096 0.00 0.0M
182700.000 1967 COM2 65 0R0 035 2.2 20.5 83.0 1.0097 0.00 0.0M
182760.000 1967 COM2 65 0R0 036 2.1 20.5 83.0 1.0097 0.00 0.0M
182820.000 1967 COM2 65 0R0 040 3.1 20.5 82.9 1.0097 0.00 0.0M
182880.000 1967 COM2 65 0R0 054 2.0 20.5 82.9 1.0097 0.00 0.0M
182940.000 1967 COM2 65 0R0 272 0.6 20.5 82.8 1.0096 0.00 0.0M
183000.000 1967 COM2 65 0R0 019 2.3 20.5 82.8 1.0096 0.00 0.0M
183060.000 1967 COM2 65 0R0 011 1.8 20.5 82.9 1.0096 0.00 0.0M
183120.000 1967 COM2 65 0R0 316 1.1 20.5 82.8 1.0096 0.00 0.0M
183180.000 1967 COM2 65 0R0 001 3.2 20.5 82.9 1.0096 0.00 0.0M
183240.000 1967 COM2 65 0R0 313 1.1 20.5 82.9 1.0095 0.00 0.0M
183300.000 1967 COM2 65 0R0 042 2.1 20.5 83.0 1.0095 0.00 0.0M
183360.000 1967 COM2 65 0R0 020 1.5 20.5 82.8 1.0095 0.00 0.0M
183420.000 1967 COM2 65 0R0 050 2.1 20.5 82.9 1.0095 0.00 0.0M
183480.000 1967 COM2 65 0R0 005 2.2 20.5 82.9 1.0095 0.00 0.0M
183540.000 1967 COM2 65 0R0 063 1.7 20.5 82.8 1.0095 0.00 0.0M
183600.000 1967 COM2 65 0R0 019 1.4 20.5 82.8 1.0095 0.00 0.0M
183660.000 1967 COM2 65 0R0 292 0.6 20.5 82.8 1.0095 0.00 0.0M
183720.000 1967 COM2 65 0R0 019 3.9 20.5 82.7 1.0095 0.00 0.0M
183780.000 1967 COM2 65 0R0 000 2.0 20.5 82.8 1.0095 0.00 0.0M
183840.000 1967 COM2 65 0R0 014 3.8 20.5 82.7 1.0095 0.00 0.0M
183900.000 1967 COM2 65 0R0 358 1.2 20.5 82.9 1.0095 0.00 0.0M
183960.000 1967 COM2 65 0R0 034 3.1 20.5 82.9 1.0095 0.00 0.0M
184020.000 1967 COM2 65 0R0 328 1.3 20.5 83.0 1.0095 0.00 0.0M
184080.000 1967 COM2 65 0R0 043 0.4 20.5 83.1 1.0095 0.00 0.0M
184140.000 1967 COM2 65 0R0 071 1.1 20.5 83.2 1.0095 0.00 0.0M
184200.000 1967 COM2 65 0R0 013 1.1 20.5 83.3 1.0095 0.00 0.0M
184260.000 1967 COM2 65 0R0 018 2.5 20.5 83.2 1.0095 0.00 0.0M
184320.000 1967 COM2 65 0R0 008 1.6 20.5 83.4 1.0095 0.00 0.0M
184380.000 1967 COM2 65 0R0 027 3.0 20.5 83.2 1.0095 0.00 0.0M
184440.000 1967 COM2 65 0R0 016 0.8 20.5 83.3 1.0095 0.00 0.0M
184500.000 1967 COM2 65 0R0 007 2.2 20.4 83.3 1.0095 0.00 0.0M
184560.000 1967 COM2 65 0R0 059 0.8 20.4 83.2 1.0095 0.00 0.0M
184620.000 1967 COM2 65 0R0 021 2.2 20.4 83.4 1.0095 0.00 0.0M
184680.000 1967 COM2 65 0R0 028 2.1 20.4 83.3 1.0095 0.00 0.0M
184740.000 1967 COM2 65 0R0 034 1.3 20.4 83.4 1.0094 0.00 0.0M
184800.000 1967 COM2 65 0R0 001 2.3 20.4 83.4 1.0094 0.00 0.0M
184860.000 1967 COM2 65 0R0 019 3.0 20.4 83.3 1.0094 0.00 0.0M
184920.000 1967 COM2 65 0R0 343 2.6 20.4 83.2 1.0094 0.00 0.0M
184980.000 1967 COM2 65 0R0 345 1.8 20.4 83.3 1.0094 0.00 0.0M
185040.000 1967 COM2 65 0R0 004 1.1 20.4 83.2 1.0094 0.00 0.0M
185100.000 1967 COM2 65 0R0 022 1.3 20.4 83.4 1.0094 0.00 0.0M
185160.100 1967 COM2 65 0R0 348 0.8 20.4 83.3 1.0094 0.00 0.0M
185220.000 1967 COM2 65 0R0 016 2.7 20.4 83.2 1.0094 0.00 0.0M
185280.000 1967 COM2 65 0R0 014 2.6 20.4 83.1 1.0094 0.00 0.0M
185340.000 1967 COM2 65 0R0 013 1.9 20.4 83.2 1.0094 0.00 0.0M
185400.000 1967 COM2 65 0R0 051 1.2 20.5 83.1 1.0093 0.00 0.0M
185460.000 1967 COM2 65 0R0 032 0.8 20.5 83.1 1.0094 0.00 0.0M
185520.000 1967 COM2 65 0R0 021 3.4 20.5 83.2 1.0094 0.00 0.0M
185580.000 1967 COM2 65 0R0 072 1.2 20.5 83.1 1.0094 0.00 0.0M
185640.000 1967 COM2 65 0R0 026 2.6 20.5 83.1 1.0094 0.00 0.0M
185700.000 1967 COM2 65 0R0 052 1.2 20.5 83.2 1.0094 0.00 0.0M
185760.000 1967 COM2 65 0R0 010 3.2 20.5 83.0 1.0094 0.00 0.0M
185820.000 1967 COM2 65 0R0 019 1.5 20.5 83.3 1.0094 0.00 0.0M
185880.000 1967 COM2 65 0R0 022 1.6 20.4 83.4 1.0094 0.00 0.0M
185940.000 1967 COM2 65 0R0 026 1.1 20.4 83.4 1.0093 0.00 0.0M
186000.000 1967 COM2 65 0R0 058 2.4 20.4 83.4 1.0093 0.00 0.0M
186060.000 1967 COM2 65 0R0 351 1.4 20.4 83.5 1.0093 0.00 0.0M
186120.000 1967 COM2 65 0R0 009 1.8 20.4 83.4 1.0093 0.00 0.0M
186180.000 1967 COM2 65 0R0 024 2.1 20.4 83.6 1.0093 0.00 0.0M
186240.000 1967 COM2 65 0R0 016 1.7 20.4 83.7 1.0093 0.00 0.0M
186300.000 1967 COM2 65 0R0 004 2.3 20.4 83.8 1.0092 0.00 0.0M
186360.000 1967 COM2 65 0R0 080 1.1 20.4 83.9 1.0092 0.00 0.0M
186420.000 1967 COM2 65 0R0 023 1.0 20.4 84.0 1.0092 0.00 0.0M
186480.000 1967 COM2 65 0R0 025 1.5 20.3 84.0 1.0092 0.00 0.0M
186540.000 1967 COM2 65 0R0 332 0.8 20.4 84.0 1.0092 0.00 0.0M
186600.000 1967 COM2 65 0R0 029 2.8 20.4 84.0 1.0092 0.00 0.0M
186660.000 1967 COM2 65 0R0 014 1.1 20.4 84.0 1.0092 0.00 0.0M
186720.000 1967 COM2 65 0R0 075 2.0 20.4 84.0 1.0092 0.00 0.0M
186780.000 1967 COM2 65 0R0 010 0.6 20.4 83.9 1.0092 0.00 0.0M
186840.000 1967 COM2 65 0R0 009 1.7 20.4 84.0 1.0092 0.00 0.0M
186900.000 1967 COM2 65 0R0 017 1.5 20.4 84.1 1.0092 0.00 0.0M
186960.000 1967 COM2 65 0R0 019 1.0 20.4 84.1 1.0091 0.00 0.0M
187020.000 1967 COM2 65 0R0 089 0.7 20.3 84.0 1.0091 0.00 0.0M
187080.000 1967 COM2 65 0R0 028 2.8 20.3 84.4 1.0091 0.00 0.0M
187140.000 1967 COM2 65 0R0 354 1.5 20.3 84.4 1.0091 0.00 0.0M
187200.000 1967 COM2 65 0R0 003 1.6 20.3 84.4 1.0091 0.00 0.0M
187260.000 1967 COM2 65 0R0 013 2.5 20.3 84.5 1.0091 0.00 0.0M
187320.000 1967 COM2 65 0R0 350 0.8 20.3 84.4 1.0091 0.00 0.0M
187380.000 1967 COM2 65 0R0 019 1.1 20.3 84.7 1.0091 0.00 0.0M
187440.000 1967 COM2 65 0R0 086 0.5 20.3 84.6 1.0091 0.00 0.0M
187500.000 1967 COM2 65 0R0 043 1.4 20.3 84.7 1.0091 0.00 0.0M
187560.000 1967 COM2 65 0R0 028 2.8 20.3 84.8 1.0091 0.00 0.0M
187620.000 1967 COM2 65 0R0 028 1.8 20.3 84.9 1.0091 0.00 0.0M
187680.000 1967 COM2 65 0R0 019 2.9 20.3 84.9 1.0091 0.00 0.0M
187740.000 1967 COM2 65 0R0 023 3.6 20.3 85.1 1.0091 0.00 0.0M
187800.000 1967 COM2 65 0R0 039 1.3 20.3 85.1 1.0091 0.00 0.0M
187860.000 1967 COM2 65 0R0 031 1.8 20.3 85.0 1.0091 0.00 0.0M
187920.000 1967 COM2 65 0R0 334 0.5 20.3 84.8 1.0091 0.00 0.0M
187980.000 1967 COM2 65 0R0 031 2.2 20.3 84.9 1.0091 0.00 0.0M
188040.000 1967 COM2 65 0R0 031 0.3 20.3 85.0 1.0091 0.00 0.0M
188100.000 1967 COM2 65 0R0 004 1.3 20.3 85.0 1.0091 0.00 0.0M
188160.000 1967 COM2 65 0R0 023 0.6 20.3 84.9 1.0090 0.00 0.0M
188220.000 1967 COM2 65 0R0 339 1.3 20.3 84.9 1.0090 0.00 0.0M
188280.000 1967 COM2 65 0R0 017 1.4 20.3 85.0 1.0090 0.00 0.0M
188340.000 1967 COM2 65 0R0 028 2.1 20.3 85.2 1.0090 0.00 0.0M
188400.000 1967 COM2 65 0R0 036 1.5 20.3 85.1 1.0089 0.00 0.0M
188460.000 1967 COM2 65 0R0 015 2.0 20.3 85.1 1.0089 0.00 0.0M
188520.000 1967 COM2 65 0R0 011 1.1 20.3 85.3 1.0089 0.00 0.0M
188580.000 1967 COM2 65 0R0 051 1.7 20.3 85.3 1.0089 0.00 0.0M
188640.000 1967 COM2 65 0R0 348 1.3 20.3 85.3 1.0089 0.00 0.0M
188700.000 1967 COM2 65 0R0 012 2.4 20.3 85.4 1.0089 0.00 0.0M
188760.000 1967 COM2 65 0R0 010 1.6 20.3 85.4 1.0090 0.00 0.0M
188820.000 1967 COM2 65 0R0 012 0.5 20.3 85.4 1.0090 0.00 0.0M
188880.000 1967 COM2 65 0R0 339 2.2 20.3 85.4 1.0089 0.00 0.0M
188940.000 1967 COM2 65 0R0 026 1.4 20.3 85.4 1.0089 0.00 0.0M
189000.000 1967 COM2 65 0R0 334 1.6 20.3 85.4 1.0089 0.00 0.0M
189060.000 1967 COM2 65 0R0 015 1.2 20.3 85.2 1.0089 0.00 0.0M
189120.000 1967 COM2 65 0R0 000 0.9 20.3 85.3 1.0089 0.00 0.0M
189180.000 1967 COM2 65 0R0 346 1.1 20.3 85.3 1.0089 0.00 0.0M
189240.000 1967 COM2 65 0R0 017 2.0 20.3 85.4 1.0089 0.00 0.0M
189300.000 1967 COM2 65 0R0 356 1.2 20.3 85.4 1.0089 0.00 0.0M
189360.000 1967 COM2 65 0R0 346 2.8 20.3 85.4 1.0089 0.00 0.0M
189420.000 1967 COM2 65 0R0 007 1.9 20.3 85.4 1.0089 0.00 0.0M
189480.000 1967 COM2 65 0R0 031 1.1 20.3 85.4 1.0089 0.00 0.0M
189540.000 1967 COM2 65 0R0 358 1.3 20.3 85.4 1.0089 0.00 0.0M
189600.000 1967 COM2 65 0R0 350 2.0 20.3 85.3 1.0089 0.00 0.0M
189660.000 1967 COM2 65 0R0 007 2.0 20.3 85.3 1.0089 0.00 0.0M
189720.000 1967 COM2 65 0R0 037 0.3 20.3 85.2 1.0089 0.00 0.0M
189780.000 1967 COM2 65 0R0 337 3.2 20.3 85.3 1.0089 0.00 0.0M
189840.000 1967 COM2 65 0R0 022 1.9 20.3 85.3 1.0089 0.00 0.0M
189900.000 1967 COM2 65 0R0 033 1.4 20.4 85.3 1.0089 0.00 0.0M
189960.000 1967 COM2 65 0R0 066 0.8 20.4 85.2 1.0089 0.00 0.0M
190020.000 1967 COM2 65 0R0 022 0.7 20.4 85.2 1.0088 0.00 0.0M
190080.000 1967 COM2 65 0R0 347 2.4 20.4 85.1 1.0088 0.00 0.0M
190140.000 1967 COM2 65 0R0 009 0.7 20.4 85.2 1.0088 0.00 0.0M
190200.000 1967 COM2 65 0R0 025 1.0 20.4 85.3 1.0088 0.00 0.0M
190260.000 1967 COM2 65 0R0 012 0.6 20.4 85.2 1.0088 0.00 0.0M
190320.000 1967 COM2 65 0R0 024 1.5 20.4 85.2 1.0088 0.00 0.0M
190380.000 1967 COM2 65 0R0 009 1.6 20.4 85.3 1.0089 0.00 0.0M
190440.000 1967 COM2 65 0R0 002 1.0 20.4 85.4 1.0089 0.00 0.0M
190500.000 1967 COM2 65 0R0 006 0.9 20.4 85.3 1.0088 0.00 0.0M
190560.000 1967 COM2 65 0R0 017 1.4 20.4 85.4 1.0088 0.00 0.0M
190620.000 1967 COM2 65 0R0 303 0.8 20.4 85.4 1.0088 0.00 0.0M
190680.000 1967 COM2 65 0R0 011 1.7 20.4 85.5 1.0088 0.00 0.0M
190740.000 1967 COM2 65 0R0 030 1.1 20.4 85.4 1.0088 0.00 0.0M
190800.000 1967 COM2 65 0R0 036 1.5 20.4 85.5 1.0087 0.00 0.0M
190860.000 1967 COM2 65 0R0 034 2.3 20.4 85.5 1.0087 0.00 0.0M
190920.000 1967 COM2 65 0R0 003 0.9 20.3 85.5 1.0087 0.00 0.0M
190980.000 1967 COM2 65 0R0 023 0.8 20.3 85.6 1.0086 0.00 0.0M
191040.000 1967 COM2 65 0R0 025 2.5 20.3 85.7 1.0086 0.00 0.0M
191100.000 1967 COM2 65 0R0 342 1.6 20.3 85.7 1.0086 0.00 0.0M
191160.000 1967 COM2 65 0R0 356 2.3 20.3 85.8 1.0086 0.00 0.0M
191220.000 1967 COM2 65 0R0 004 2.5 20.3 85.8 1.0086 0.00 0.0M
191280.000 1967 COM2 65 0R0 353 1.4 20.3 85.8 1.0086 0.00 0.0M
191340.000 1967 COM2 65 0R0 030 1.7 20.3 85.9 1.0086 0.00 0.0M
191400.000 1967 COM2 65 0R0 018 2.3 20.3 86.0 1.0086 0.00 0.0M
191460.000 1967 COM2 65 0R0 026 0.5 20.3 86.0 1.0086 0.00 0.0M
191520.000 1967 COM2 65 0R0 016 2.6 20.2 86.0 1.0086 0.00 0.0M
191580.000 1967 COM2 65 0R0 038 1.7 20.3 86.0 1.0086 0.00 0.0M
191640.000 1967 COM2 65 0R0 001 1.5 20.2 86.1 1.0086 0.00 0.0M
191700.000 1967 COM2 65 0R0 022 3.3 20.2 86.2 1.0086 0.00 0.0M
191760.000 1967 COM2 65 0R0 354 0.3 20.2 86.1 1.0086 0.00 0.0M
191820.000 1967 COM2 65 0R0 029 2.1 20.3 86.0 1.0086 0.00 0.0M
191880.000 1967 COM2 65 0R0 027 1.2 20.3 86.1 1.0086 0.00 0.0M
191940.000 1967 COM2 65 0R0 029 1.6 20.3 86.2 1.0086 0.00 0.0M
192000.000 1967 COM2 65 0R0 010 1.3 20.3 86.2 1.0086 0.00 0.0M
192060.000 1967 COM2 65 0R0 034 2.1 20.3 86.1 1.0086 0.00 0.0M
192120.000 1967 COM2 65 0R0 090 0.7 20.3 86.1 1.0086 0.00 0.0M
192180.000 1967 COM2 65 0R0 023 1.2 20.3 86.1 1.0086 0.00 0.0M
192240.000 1967 COM2 65 0R0 034 1.6 20.3 86.1 1.0085 0.00 0.0M
192300.000 1967 COM2 65 0R0 052 0.7 20.3 86.2 1.0085 0.00 0.0M
192360.000 1967 COM2 65 0R0 001 1.3 20.3 86.1 1.0085 0.00 0.0M
192420.000 1967 COM2 65 0R0 020 4.2 20.3 86.1 1.0084 0.00 0.0M
192480.000 1967 COM2 65 0R0 352 1.9 20.3 86.1 1.0084 0.00 0.0M
192540.000 1967 COM2 65 0R0 013 1.5 20.3 86.1 1.0084 0.00 0.0M
192600.000 1967 COM2 65 0R0 342 1.7 20.3 86.1 1.0083 0.00 0.0M
192660.000 1967 COM2 65 0R0 055 1.0 20.3 86.1 1.0083 0.00 0.0M
192720.000 1967 COM2 65 0R0 006 1.0 20.3 86.1 1.0083 0.00 0.0M
192780.000 1967 COM2 65 0R0 015 0.7 20.3 86.1 1.0083 0.00 0.0M
192840.000 1967 COM2 65 0R0 016 2.0 20.3 86.1 1.0083 0.00 0.0M
192900.000 1967 COM2 65 0R0 015 2.1 20.3 86.1 1.0083 0.00 0.0M
192960.000 1967 COM2 65 0R0 016 1.6 20.3 86.1 1.0083 0.00 0.0M
193020.000 1967 COM2 65 0R0 350 1.9 20.3 86.1 1.0084 0.00 0.0M
193080.000 1967 COM2 65 0R0 065 0.7 20.4 85.9 1.0084 0.00 0.0M
193140.000 1967 COM2 65 0R0 332 3.0 20.4 85.8 1.0084 0.00 0.0M
193200.000 1967 COM2 65 0R0 040 1.3 20.4 85.9 1.0084 0.00 0.0M
193260.000 1967 COM2 65 0R0 359 1.7 20.4 85.9 1.0084 0.00 0.0M
193320.000 1967 COM2 65 0R0 033 0.6 20.4 85.9 1.0084 0.00 0.0M
193380.000 1967 COM2 65 0R0 010 1.8 20.4 85.9 1.0085 0.00 0.0M
193440.000 1967 COM2 65 0R0 038 1.3 20.4 85.8 1.0085 0.00 0.0M
193500.000 1967 COM2 65 0R0 012 1.3 20.4 85.8 1.0085 0.00 0.0M
193560.000 1967 COM2 65 0R0 340 1.2 20.4 85.7 1.0085 0.00 0.0M
193620.000 1967 COM2 65 0R0 012 2.5 20.4 85.8 1.0084 0.00 0.0M
193680.000 1967 COM2 65 0R0 020 2.3 20.4 85.8 1.0084 0.00 0.0M
193740.000 1967 COM2 65 0R0 036 1.8 20.4 85.8 1.0084 0.00 0.0M
193800.000 1967 COM2 65 0R0 078 0.3 20.4 85.8 1.0084 0.00 0.0M
193860.000 1967 COM2 65 0R0 002 0.8 20.4 85.7 1.0084 0.00 0.0M
193920.000 1967 COM2 65 0R0 028 2.2 20.4 85.8 1.0084 0.00 0.0M
193980.000 1967 COM2 65 0R0 347 1.8 20.4 85.7 1.0083 0.00 0.0M
194040.000 1967 COM2 65 0R0 022 3.3 20.4 85.8 1.0083 0.00 0.0M
194100.000 1967 COM2 65 0R0 026 1.2 20.4 85.8 1.0083 0.00 0.0M
194160.000 1967 COM2 65 0R0 020 2.3 20.4 85.8 1.0083 0.00 0.0M
194220.000 1967 COM2 65 0R0 028 2.4 20.4 85.8 1.0083 0.00 0.0M
194280.000 1967 COM2 65 0R0 341 1.4 20.5 85.8 1.0083 0.00 0.0M
194340.000 1967 COM2 65 0R0 018 2.3 20.4 85.8 1.0082 0.00 0.0M
194400.000 1967 COM2 65 0R0 044 2.3 20.4 85.8 1.0082 0.00 0.0M
194460.000 1967 COM2 65 0R0 022 0.9 20.5 85.6 1.0082 0.00 0.0M
194520.000 1967 COM2 65 0R0 001 1.1 20.5 85.7 1.0082 0.00 0.0M
194580.000 1967 COM2 65 0R0 356 1.4 20.5 85.7 1.0082 0.00 0.0M
194640.000 1967 COM2 65 0R0 048 1.3 20.5 85.8 1.0082 0.00 0.0M
194700.000 1967 COM2 65 0R0 010 1.4 20.5 85.8 1.0082 0.00 0.0M
194760.000 1967 COM2 65 0R0 033 1.2 20.5 85.8 1.0082 0.00 0.0M
194820.000 1967 COM2 65 0R0 017 2.0 20.5 85.9 1.0082 0.00 0.0M
194880.000 1967 COM2 65 0R0 023 2.3 20.5 85.9 1.0082 0.00 0.0M
194940.000 1967 COM2 65 0R0 042 2.0 20.5 86.0 1.0081 0.00 0.0M
195000.000 1967 COM2 65 0R0 009 1.1 20.5 85.9 1.0081 0.00 0.0M
195060.000 1967 COM2 65 0R0 026 2.4 20.5 86.0 1.0081 0.00 0.0M
195120.000 1967 COM2 65 0R0 340 0.4 20.5 85.9 1.0082 0.00 0.0M
195180.000 1967 COM2 65 0R0 015 1.3 20.5 85.9 1.0082 0.00 0.0M
195240.000 1967 COM2 65 0R0 359 0.9 20.5 85.9 1.0082 0.00 0.0M
195300.000 1967 COM2 65 0R0 045 2.2 20.5 85.9 1.0081 0.00 0.0M
195360.000 1967 COM2 65 0R0 025 0.8 20.5 85.9 1.0081 0.00 0.0M
195420.000 1967 COM2 65 0R0 358 1.5 20.5 85.9 1.0081 0.00 0.0M
195480.000 1967 COM2 65 0R0 035 1.8 20.5 86.0 1.0081 0.00 0.0M
195540.000 1967 COM2 65 0R0 017 1.4 20.5 85.9 1.0080 0.00 0.0M
195600.000 1967 COM2 65 0R0 027 2.0 20.5 85.9 1.0080 0.00 0.0M
195660.000 1967 COM2 65 0R0 350 1.2 20.5 85.9 1.0080 0.00 0.0M
195720.000 1967 COM2 65 0R0 032 2.1 20.5 85.9 1.0080 0.00 0.0M
195780.000 1967 COM2 65 0R0 000 2.0 20.5 86.0 1.0080 0.00 0.0M
195840.000 1967 COM2 65 0R0 023 2.6 20.5 86.0 1.0080 0.00 0.0M
195900.000 1967 COM2 65 0R0 325 0.7 20.5 85.9 1.0080 0.00 0.0M
195960.000 1967 COM2 65 0R0 137 0.3 20.5 85.9 1.0080 0.00 0.0M
196020.000 1967 COM2 65 0R0 331 0.8 20.5 85.8 1.0080 0.00 0.0M
196080.000 1967 COM2 65 0R0 028 0.9 20.5 85.9 1.0080 0.00 0.0M
196140.000 1967 COM2 65 0R0 031 1.0 20.5 85.9 1.0080 0.00 0.0M
196200.000 1967 COM2 65 0R0 018 2.7 20.5 85.8 1.0080 0.00 0.0M
196260.000 1967 COM2 65 0R0 027 3.0 20.5 85.9 1.0079 0.00 0.0M
196320.000 1967 COM2 65 0R0 346 1.1 20.5 85.9 1.0079 0.00 0.0M
196380.000 1967 COM2 65 0R0 020 1.7 20.5 85.8 1.0079 0.00 0.0M
196440.000 1967 COM2 65 0R0 027 1.6 20.5 85.9 1.0079 0.00 0.0M
196500.000 1967 COM2 65 0R0 038 2.0 20.5 85.9 1.0079 0.00 0.0M
196560.000 1967 COM2 65 0R0 096 1.5 20.5 85.8 1.0079 0.00 0.0M
196620.000 1967 COM2 65 0R0 018 1.6 20.5 85.9 1.0079 0.00 0.0M
196680.000 1967 COM2 65 0R0 353 1.3 20.5 85.9 1.0079 0.00 0.0M
196740.000 1967 COM2 65 0R0 020 1.9 20.5 85.9 1.0079 0.00 0.0M
196800.000 1967 COM2 65 0R0 025 1.7 20.5 85.9 1.0079 0.00 0.0M
196860.000 1967 COM2 65 0R0 035 1.6 20.5 85.9 1.0079 0.00 0.0M
196920.000 1967 COM2 65 0R0 052 2.0 20.5 86.0 1.0078 0.00 0.0M
196980.000 1967 COM2 65 0R0 032 2.6 20.5 86.0 1.0078 0.00 0.0M
197040.000 1967 COM2 65 0R0 077 0.9 20.5 85.9 1.0079 0.00 0.0M
197100.000 1967 COM2 65 0R0 298 0.4 20.5 85.9 1.0079 0.00 0.0M
197160.000 1967 COM2 65 0R0 035 2.5 20.5 85.9 1.0079 0.00 0.0M
197220.000 1967 COM2 65 0R0 350 0.4 20.5 85.8 1.0078 0.00 0.0M
197280.000 1967 COM2 65 0R0 013 1.7 20.5 85.9 1.0078 0.00 0.0M
197340.000 1967 COM2 65 0R0 023 1.2 20.5 85.9 1.0078 0.00 0.0M
197400.000 1967 COM2 65 0R0 334 2.5 20.5 85.8 1.0078 0.00 0.0M
197460.000 1967 COM2 65 0R0 018 1.8 20.5 85.9 1.0079 0.00 0.0M
197520.000 1967 COM2 65 0R0 009 1.5 20.5 85.9 1.0079 0.00 0.0M
197580.000 1967 COM2 65 0R0 015 1.9 20.5 85.9 1.0079 0.00 0.0M
197640.000 1967 COM2 65 0R0 018 1.1 20.6 85.9 1.0079 0.00 0.0M
197700.000 1967 COM2 65 0R0 333 3.0 20.5 85.9 1.0079 0.00 0.0M
197760.000 1967 COM2 65 0R0 004 2.6 20.5 86.0 1.0079 0.00 0.0M
197820.000 1967 COM2 65 0R0 323 1.5 20.5 86.0 1.0079 0.00 0.0M
197880.000 1967 COM2 65 0R0 343 1.5 20.5 86.0 1.0079 0.00 0.0M
197940.000 1967 COM2 65 0R0 283 1.1 20.5 85.8 1.0079 0.00 0.0M
198000.000 1967 COM2 65 0R0 051 1.2 20.5 86.0 1.0079 0.00 0.0M
198060.000 1967 COM2 65 0R0 025 1.8 20.5 86.0 1.0079 0.00 0.0M
198120.000 1967 COM2 65 0R0 135 0.6 20.5 85.7 1.0079 0.00 0.0M
198180.000 1967 COM2 65 0R0 019 1.2 20.5 85.9 1.0079 0.00 0.0M
198240.000 1967 COM2 65 0R0 352 2.4 20.5 86.0 1.0079 0.00 0.0M
198300.000 1967 COM2 65 0R0 345 0.9 20.5 86.0 1.0079 0.00 0.0M
198360.000 1967 COM2 65 0R0 344 1.2 20.5 86.0 1.0078 0.00 0.0M
198420.000 1967 COM2 65 0R0 339 2.6 20.5 86.1 1.0078 0.00 0.0M
198480.000 1967 COM2 65 0R0 357 1.9 20.5 86.1 1.0078 0.00 0.0M
198540.000 1967 COM2 65 0R0 324 0.7 20.5 86.1 1.0078 0.00 0.0M
198600.000 1967 COM2 65 0R0 016 1.9 20.5 86.1 1.0078 0.00 0.0M
198660.000 1967 COM2 65 0R0 039 1.1 20.5 86.1 1.0078 0.00 0.0M
198720.000 1967 COM2 65 0R0 336 2.6 20.5 86.1 1.0078 0.00 0.0M
198780.000 1967 COM2 65 0R0 002 2.4 20.5 86.1 1.0078 0.00 0.0M
198840.000 1967 COM2 65 0R0 050 1.2 20.5 86.2 1.0078 0.00 0.0M
198900.000 1967 COM2 65 0R0 022 3.3 20.5 86.3 1.0078 0.00 0.0M
198960.000 1967 COM2 65 0R0 356 1.0 20.5 86.3 1.0078 0.00 0.0M
199020.000 1967 COM2 65 0R0 034 2.1 20.5 86.3 1.0078 0.00 0.0M
199080.000 1967 COM2 65 0R0 020 1.6 20.5 86.2 1.0078 0.00 0.0M
199140.000 1967 COM2 65 0R0 033 1.8 20.5 86.4 1.0078 0.00 0.0M
199200.000 1967 COM2 65 0R0 015 2.1 20.5 86.4 1.0078 0.00 0.0M
199260.000 1967 COM2 65 0R0 011 2.2 20.5 86.4 1.0078 0.00 0.0M
199320.000 1967 COM2 65 0R0 011 0.8 20.5 86.4 1.0078 0.00 0.0M
199380.000 1967 COM2 65 0R0 348 0.5 20.5 86.4 1.0078 0.00 0.0M
199440.000 1967 COM2 65 0R0 026 1.9 20.5 86.4 1.0078 0.00 0.0M
199500.000 1967 COM2 65 0R0 031 3.6 20.5 86.5 1.0078 0.00 0.0M
199560.000 1967 COM2 65 0R0 030 1.1 20.5 86.3 1.0078 0.00 0.0M
199620.000 1967 COM2 65 0R0 357 1.9 20.5 86.5 1.0078 0.00 0.0M
199680.000 1967 COM2 65 0R0 357 1.3 20.5 86.6 1.0078 0.00 0.0M
199740.000 1967 COM2 65 0R0 026 2.1 20.5 86.5 1.0078 0.00 0.0M
199800.000 1967 COM2 65 0R0 012 1.4 20.5 86.5 1.0078 0.00 0.0M
199860.000 1967 COM2 65 0R0 024 2.0 20.5 86.7 1.0078 0.00 0.0M
199920.000 1967 COM2 65 0R0 349 0.8 20.5 86.7 1.0078 0.00 0.0M
199980.000 1967 COM2 65 0R0 043 1.9 20.5 86.7 1.0078 0.00 0.0M
200040.000 1967 COM2 65 0R0 023 0.9 20.5 86.8 1.0078 0.00 0.0M
200100.000 1967 COM2 65 0R0 022 1.3 20.5 86.8 1.0078 0.00 0.0M
200160.000 1967 COM2 65 0R0 357 2.4 20.5 86.8 1.0078 0.00 0.0M
200220.000 1967 COM2 65 0R0 032 0.8 20.5 86.9 1.0078 0.00 0.0M
200280.000 1967 COM2 65 0R0 045 0.7 20.5 87.0 1.0078 0.00 0.0M
200340.000 1967 COM2 65 0R0 005 0.9 20.5 87.0 1.0078 0.00 0.0M
200400.000 1967 COM2 65 0R0 016 1.2 20.5 87.0 1.0078 0.00 0.0M
200460.000 1967 COM2 65 0R0 026 1.6 20.5 87.1 1.0078 0.00 0.0M
200520.000 1967 COM2 65 0R0 018 2.9 20.5 87.1 1.0077 0.00 0.0M
200580.000 1967 COM2 65 0R0 011 2.6 20.5 87.2 1.0077 0.00 0.0M
200640.000 1967 COM2 65 0R0 030 1.4 20.5 87.3 1.0077 0.00 0.0M
200700.000 1967 COM2 65 0R0 342 1.8 20.5 87.3 1.0077 0.00 0.0M
200760.000 1967 COM2 65 0R0 026 2.3 20.5 87.3 1.0077 0.00 0.0M
200820.000 1967 COM2 65 0R0 345 2.5 20.5 87.3 1.0076 0.00 0.0M
200880.000 1967 COM2 65 0R0 061 1.4 20.4 87.3 1.0076 0.00 0.0M
200940.000 1967 COM2 65 0R0 354 2.6 20.4 87.4 1.0075 0.00 0.0M
201000.000 1967 COM2 65 0R0 070 0.8 20.5 87.4 1.0075 0.00 0.0M
201060.000 1967 COM2 65 0R0 008 1.4 20.5 87.4 1.0075 0.00 0.0M
201120.000 1967 COM2 65 0R0 013 2.1 20.4 87.4 1.0075 0.00 0.0M
201180.000 1967 COM2 65 0R0 023 3.1 20.4 87.5 1.0075 0.00 0.0M
201240.000 1967 COM2 65 0R0 034 2.8 20.4 87.3 1.0075 0.00 0.0M
201300.000 1967 COM2 65 0R0 044 2.7 20.5 87.4 1.0075 0.00 0.0M
201360.000 1967 COM2 65 0R0 355 2.7 20.4 87.3 1.0075 0.00 0.0M
201420.000 1967 COM2 65 0R0 344 0.7 20.4 87.5 1.0075 0.00 0.0M
201480.000 1967 COM2 65 0R0 037 3.0 20.4 87.4 1.0075 0.00 0.0M
201540.000 1967 COM2 65 0R0 002 2.7 20.4 87.2 1.0075 0.00 0.0M
201600.000 1967 COM2 65 0R0 344 2.3 20.4 87.5 1.0074 0.00 0.0M
201660.000 1967 COM2 65 0R0 014 2.5 20.4 87.4 1.0074 0.00 0.0M
201720.000 1967 COM2 65 0R0 019 3.3 20.4 87.6 1.0074 0.00 0.0M
201780.000 1967 COM2 65 0R0 028 3.2 20.4 87.5 1.0074 0.00 0.0M
201840.000 1967 COM2 65 0R0 025 1.2 20.4 87.6 1.0074 0.00 0.0M
201900.000 1967 COM2 65 0R0 012 2.1 20.4 87.5 1.0074 0.00 0.0M
201960.000 1967 COM2 65 0R0 348 1.9 20.4 87.5 1.0074 0.00 0.0M
202020.000 1967 COM2 65 0R0 036 3.7 20.4 87.7 1.0074 0.00 0.0M
202080.000 1967 COM2 65 0R0 346 2.2 20.4 87.7 1.0074 0.00 0.0M
202140.000 1967 COM2 65 0R0 013 3.0 20.4 87.8 1.0074 0.00 0.0M
202200.000 1967 COM2 65 0R0 023 3.8 20.4 87.8 1.0074 0.00 0.0M
202260.000 1967 COM2 65 0R0 343 2.0 20.4 87.7 1.0074 0.00 0.0M
202320.000 1967 COM2 65 0R0 026 1.7 20.4 87.8 1.0074 0.00 0.0M
202380.100 1967 COM2 65 0R0 027 2.3 20.4 87.8 1.0074 0.00 0.0M
202440.100 1967 COM2 65 0R0 011 3.1 20.4 87.8 1.0074 0.00 0.0M
202500.000 1967 COM2 65 0R0 019 3.9 20.4 87.7 1.0074 0.00 0.0M
202560.000 1967 COM2 65 0R0 008 2.1 20.4 87.8 1.0074 0.00 0.0M
202620.000 1967 COM2 65 0R0 025 0.8 20.4 87.8 1.0074 0.00 0.0M
202680.000 1967 COM2 65 0R0 050 1.4 20.4 87.7 1.0074 0.00 0.0M
202740.000 1967 COM2 65 0R0 039 2.2 20.4 87.8 1.0074 0.00 0.0M
202800.000 1967 COM2 65 0R0 024 2.7 20.4 87.8 1.0074 0.00 0.0M
202860.000 1967 COM2 65 0R0 014 3.2 20.4 87.7 1.0074 0.00 0.0M
202920.000 1967 COM2 65 0R0 016 2.8 20.4 87.7 1.0074 0.00 0.0M
202980.000 1967 COM2 65 0R0 337 2.2 20.4 87.4 1.0074 0.00 0.0M
203040.000 1967 COM2 65 0R0 031 3.2 20.4 87.7 1.0074 0.00 0.0M
203100.000 1967 COM2 65 0R0 051 3.3 20.4 87.7 1.0073 0.00 0.0M
203160.000 1967 COM2 65 0R0 011 2.2 20.4 87.8 1.0073 0.00 0.0M
203220.000 1967 COM2 65 0R0 329 1.2 20.4 87.7 1.0074 0.00 0.0M
203280.000 1967 COM2 65 0R0 351 2.6 20.4 87.6 1.0074 0.00 0.0M
203340.000 1967 COM2 65 0R0 347 1.7 20.4 87.7 1.0074 0.00 0.0M
203400.000 1967 COM2 65 0R0 014 1.2 20.4 87.7 1.0074 0.00 0.0M
203460.000 1967 COM2 65 0R0 348 1.2 20.5 87.5 1.0074 0.00 0.0M
203520.000 1967 COM2 65 0R0 344 2.8 20.5 87.5 1.0074 0.00 0.0M
203580.000 1967 COM2 65 0R0 337 1.3 20.5 87.6 1.0074 0.00 0.0M
203640.000 1967 COM2 65 0R0 030 3.4 20.5 87.5 1.0074 0.00 0.0M
203700.000 1967 COM2 65 0R0 006 2.3 20.5 87.6 1.0074 0.00 0.0M
203760.000 1967 COM2 65 0R0 002 2.6 20.5 87.6 1.0074 0.00 0.0M
203820.000 1967 COM2 65 0R0 009 1.8 20.5 87.7 1.0074 0.00 0.0M
203880.000 1967 COM2 65 0R0 031 3.0 20.5 87.7 1.0074 0.00 0.0M
203940.000 1967 COM2 65 0R0 037 0.8 20.5 87.6 1.0074 0.00 0.0M
204000.000 1967 COM2 65 0R0 024 6.3 20.5 87.1 1.0074 0.00 0.0M
204060.000 1967 COM2 65 0R0 008 2.9 20.5 87.2 1.0074 0.00 0.0M
204120.000 1967 COM2 65 0R0 348 2.1 20.5 87.4 1.0074 0.00 0.0M
204180.000 1967 COM2 65 0R0 026 1.9 20.5 87.5 1.0074 0.00 0.0M
204240.000 1967 COM2 65 0R0 353 1.5 20.5 87.6 1.0074 0.00 0.0M
204300.000 1967 COM2 65 0R0 342 1.7 20.5 87.6 1.0074 0.00 0.0M
204360.000 1967 COM2 65 0R0 001 2.2 20.5 87.5 1.0074 0.00 0.0M
204420.000 1967 COM2 65 0R0 342 2.9 20.5 87.5 1.0074 0.00 0.0M
204480.000 1967 COM2 65 0R0 058 1.4 20.5 87.7 1.0073 0.00 0.0M
204540.000 1967 COM2 65 0R0 024 2.4 20.5 87.7 1.0073 0.00 0.0M
204600.000 1967 COM2 65 0R0 025 3.6 20.5 87.5 1.0073 0.00 0.0M
204660.000 1967 COM2 65 0R0 067 1.9 20.5 87.6 1.0073 0.00 0.0M
204720.000 1967 COM2 65 0R0 000 2.1 20.5 87.6 1.0073 0.00 0.0M
204780.000 1967 COM2 65 0R0 355 1.5 20.5 87.6 1.0073 0.00 0.0M
204840.000 1967 COM2 65 0R0 028 3.0 20.5 87.6 1.0073 0.00 0.0M
204900.000 1967 COM2 65 0R0 347 1.9 20.5 87.6 1.0073 0.00 0.0M
204960.000 1967 COM2 65 0R0 003 3.2 20.5 87.4 1.0073 0.00 0.0M
205020.000 1967 COM2 65 0R0 349 1.0 20.5 87.0 1.0073 0.00 0.0M
205080.000 1967 COM2 65 0R0 352 3.0 20.5 87.4 1.0073 0.00 0.0M
205140.000 1967 COM2 65 0R0 043 2.3 20.5 87.4 1.0073 0.00 0.0M
205200.000 1967 COM2 65 0R0 019 1.7 20.5 87.4 1.0073 0.00 0.0M
205260.000 1967 COM2 65 0R0 010 1.3 20.5 87.5 1.0073 0.00 0.0M
205320.000 1967 COM2 65 0R0 018 2.0 20.5 87.6 1.0073 0.00 0.0M
205380.000 1967 COM2 65 0R0 349 1.1 20.5 87.3 1.0073 0.00 0.0M
205440.000 1967 COM2 65 0R0 274 0.6 20.5 87.6 1.0073 0.00 0.0M
205500.000 1967 COM2 65 0R0 018 4.4 20.5 87.3 1.0072 0.00 0.0M
205560.000 1967 COM2 65 0R0 000 3.4 20.5 87.4 1.0072 0.00 0.0M
205620.000 1967 COM2 65 0R0 036 2.0 20.5 87.4 1.0072 0.00 0.0M
205680.000 1967 COM2 65 0R0 342 1.9 20.5 87.5 1.0072 0.00 0.0M
205740.000 1967 COM2 65 0R0 025 3.2 20.5 87.5 1.0072 0.00 0.0M
205800.000 1967 COM2 65 0R0 021 1.6 20.5 87.3 1.0072 0.00 0.0M
205860.000 1967 COM2 65 0R0 004 3.1 20.5 87.1 1.0071 0.00 0.0M
205920.000 1967 COM2 65 0R0 035 2.1 20.5 87.4 1.0071 0.00 0.0M
205980.000 1967 COM2 65 0R0 004 1.8 20.5 87.5 1.0071 0.00 0.0M
206040.000 1967 COM2 65 0R0 346 2.9 20.5 87.5 1.0071 0.00 0.0M
206100.000 1967 COM2 65 0R0 042 2.6 20.4 87.4 1.0071 0.00 0.0M
206160.000 1967 COM2 65 0R0 081 1.1 20.4 87.5 1.0071 0.00 0.0M
206220.000 1967 COM2 65 0R0 051 1.8 20.4 87.5 1.0072 0.00 0.0M
206280.000 1967 COM2 65 0R0 005 1.4 20.5 87.5 1.0072 0.00 0.0M
206340.000 1967 COM2 65 0R0 337 1.7 20.5 87.4 1.0072 0.00 0.0M
206400.000 1967 COM2 65 0R0 018 1.3 20.5 87.6 1.0072 0.00 0.0M
206460.000 1967 COM2 65 0R0 354 2.2 20.5 87.4 1.0072 0.00 0.0M
206520.000 1967 COM2 65 0R0 352 1.1 20.5 87.6 1.0072 0.00 0.0M
206580.000 1967 COM2 65 0R0 019 2.6 20.5 87.4 1.0072 0.00 0.0M
206640.000 1967 COM2 65 0R0 001 1.6 20.5 87.6 1.0072 0.00 0.0M
206700.000 1967 COM2 65 0R0 016 2.5 20.5 87.4 1.0072 0.00 0.0M
206760.000 1967 COM2 65 0R0 032 2.9 20.4 87.5 1.0072 0.00 0.0M
206820.000 1967 COM2 65 0R0 050 2.0 20.4 87.6 1.0072 0.00 0.0M
206880.000 1967 COM2 65 0R0 063 1.2 20.4 87.5 1.0072 0.00 0.0M
206940.000 1967 COM2 65 0R0 353 1.4 20.4 87.2 1.0072 0.00 0.0M
207000.000 1967 COM2 65 0R0 359 4.1 20.4 87.3 1.0072 0.00 0.0M
207060.000 1967 COM2 65 0R0 023 4.1 20.4 87.4 1.0072 0.00 0.0M
207120.000 1967 COM2 65 0R0 006 2.6 20.4 87.5 1.0071 0.00 0.0M
207180.000 1967 COM2 65 0R0 021 3.3 20.5 87.5 1.0071 0.00 0.0M
207240.000 1967 COM2 65 0R0 352 1.3 20.4 87.5 1.0071 0.00 0.0M
207300.000 1967 COM2 65 0R0 354 1.5 20.4 87.2 1.0071 0.00 0.0M
207360.000 1967 COM2 65 0R0 020 0.5 20.4 87.5 1.0071 0.00 0.0M
207420.000 1967 COM2 65 0R0 009 2.3 20.4 87.3 1.0071 0.00 0.0M
207480.000 1967 COM2 65 0R0 024 3.1 20.4 87.4 1.0071 0.00 0.0M
207540.000 1967 COM2 65 0R0 015 4.1 20.4 87.2 1.0071 0.00 0.0M
207600.000 1967 COM2 65 0R0 016 3.8 20.4 87.4 1.0071 0.00 0.0M
207660.000 1967 COM2 65 0R0 045 0.7 20.4 87.6 1.0070 0.00 0.0M
207720.000 1967 COM2 65 0R0 005 2.0 20.4 87.6 1.0071 0.00 0.0M
207780.000 1967 COM2 65 0R0 358 1.9 20.4 87.7 1.0071 0.00 0.0M
207840.000 1967 COM2 65 0R0 024 2.6 20.4 87.6 1.0070 0.00 0.0M
207900.000 1967 COM2 65 0R0 031 0.9 20.4 87.7 1.0071 0.00 0.0M
207960.000 1967 COM2 65 0R0 056 1.4 20.4 87.6 1.0070 0.00 0.0M
208020.000 1967 COM2 65 0R0 033 1.6 20.4 87.7 1.0071 0.00 0.0M
208080.000 1967 COM2 65 0R0 024 3.2 20.4 87.6 1.0071 0.00 0.0M
208140.000 1967 COM2 65 0R0 013 2.0 20.4 87.8 1.0071 0.00 0.0M
208200.000 1967 COM2 65 0R0 359 1.1 20.4 87.7 1.0071 0.00 0.0M
208260.000 1967 COM2 65 0R0 006 1.6 20.4 87.8 1.0071 0.00 0.0M
208320.000 1967 COM2 65 0R0 060 2.2 20.4 87.8 1.0071 0.00 0.0M
208380.000 1967 COM2 65 0R0 349 3.4 20.4 87.6 1.0071 0.00 0.0M
208440.000 1967 COM2 65 0R0 358 1.3 20.4 87.7 1.0071 0.00 0.0M
208500.000 1967 COM2 65 0R0 011 1.0 20.4 87.9 1.0071 0.00 0.0M
208560.000 1967 COM2 65 0R0 025 4.5 20.4 87.9 1.0071 0.00 0.0M
208620.000 1967 COM2 65 0R0 003 2.0 20.4 87.7 1.0071 0.00 0.0M
208680.000 1967 COM2 65 0R0 332 2.6 20.4 87.8 1.0071 0.00 0.0M
208740.000 1967 COM2 65 0R0 016 4.1 20.4 87.7 1.0071 0.00 0.0M
208800.000 1967 COM2 65 0R0 015 3.6 20.4 87.8 1.0071 0.00 0.0M
208860.000 1967 COM2 65 0R0 352 2.9 20.4 87.7 1.0071 0.00 0.0M
208920.000 1967 COM2 65 0R0 027 3.7 20.4 87.8 1.0071 0.00 0.0M
208980.000 1967 COM2 65 0R0 338 0.8 20.4 87.8 1.0070 0.00 0.0M
209040.000 1967 COM2 65 0R0 032 2.8 20.4 87.6 1.0070 0.00 0.0M
209100.000 1967 COM2 65 0R0 029 2.8 20.4 87.7 1.0070 0.00 0.0M
209160.100 1967 COM2 65 0R0 016 2.7 20.4 87.7 1.0069 0.00 0.0M
209220.000 1967 COM2 65 0R0 024 3.1 20.4 87.8 1.0070 0.00 0.0M
209280.000 1967 COM2 65 0R0 345 3.2 20.4 87.5 1.0070 0.00 0.0M
209340.000 1967 COM2 65 0R0 025 4.2 20.4 87.4 1.0070 0.00 0.0M
209400.000 1967 COM2 65 0R0 011 2.3 20.4 87.7 1.0070 0.00 0.0M
209460.000 1967 COM2 65 0R0 038 2.5 20.4 87.8 1.0070 0.00 0.0M
209520.000 1967 COM2 65 0R0 034 1.7 20.4 87.8 1.0071 0.00 0.0M
209580.000 1967 COM2 65 0R0 020 0.6 20.4 87.8 1.0071 0.00 0.0M
209640.000 1967 COM2 65 0R0 022 3.7 20.4 87.6 1.0071 0.00 0.0M
209700.000 1967 COM2 65 0R0 326 1.1 20.4 87.8 1.0071 0.00 0.0M
209760.000 1967 COM2 65 0R0 006 0.8 20.4 87.8 1.0071 0.00 0.0M
209820.000 1967 COM2 65 0R0 014 1.2 20.4 87.6 1.0071 0.00 0.0M
209880.000 1967 COM2 65 0R0 024 3.3 20.4 87.7 1.0071 0.00 0.0M
209940.000 1967 COM2 65 0R0 036 2.7 20.4 87.7 1.0071 0.00 0.0M
210000.000 1967 COM2 65 0R0 020 5.8 20.4 87.5 1.0070 0.00 0.0M
210060.000 1967 COM2 65 0R0 352 1.9 20.4 87.4 1.0070 0.00 0.0M
210120.000 1967 COM2 65 0R0 045 1.2 20.4 87.3 1.0070 0.00 0.0M
210180.000 1967 COM2 65 0R0 068 2.6 20.4 87.5 1.0070 0.00 0.0M
210240.000 1967 COM2 65 0R0 052 1.9 20.4 87.4 1.0070 0.00 0.0M
210300.000 1967 COM2 65 0R0 041 1.7 20.4 87.4 1.0070 0.00 0.0M
210360.000 1967 COM2 65 0R0 027 3.5 20.4 87.5 1.0070 0.00 0.0M
210420.000 1967 COM2 65 0R0 038 2.4 20.4 87.4 1.0071 0.00 0.0M
210480.000 1967 COM2 65 0R0 035 2.3 20.4 87.4 1.0071 0.00 0.0M
210540.000 1967 COM2 65 0R0 344 1.8 20.4 87.5 1.0071 0.00 0.0M
210600.000 1967 COM2 65 0R0 098 0.5 20.4 87.4 1.0071 0.00 0.0M
210660.000 1967 COM2 65 0R0 332 0.4 20.4 87.3 1.0071 0.00 0.0M
210720.000 1967 COM2 65 0R0 014 3.1 20.4 87.3 1.0071 0.00 0.0M
210780.000 1967 COM2 65 0R0 034 3.9 20.4 87.2 1.0071 0.00 0.0M
210840.000 1967 COM2 65 0R0 091 2.1 20.4 87.2 1.0070 0.00 0.0M
210900.000 1967 COM2 65 0R0 015 5.4 20.4 87.0 1.0070 0.00 0.0M
210960.000 1967 COM2 65 0R0 041 2.6 20.4 87.1 1.0070 0.00 0.0M
211020.000 1967 COM2 65 0R0 048 3.8 20.4 87.1 1.0070 0.00 0.0M
211080.000 1967 COM2 65 0R0 014 2.9 20.4 87.0 1.0070 0.00 0.0M
211140.000 1967 COM2 65 0R0 014 3.1 20.4 86.9 1.0070 0.00 0.0M
211200.000 1967 COM2 65 0R0 046 2.1 20.4 87.1 1.0071 0.00 0.0M
211260.000 1967 COM2 65 0R0 007 1.0 20.4 87.1 1.0071 0.00 0.0M
211320.000 1967 COM2 65 0R0 016 3.8 20.4 87.2 1.0071 0.00 0.0M
211380.000 1967 COM2 65 0R0 028 1.2 20.4 87.3 1.0070 0.00 0.0M
211440.000 1967 COM2 65 0R0 006 2.6 20.4 87.2 1.0070 0.00 0.0M
211500.000 1967 COM2 65 0R0 328 1.3 20.4 87.1 1.0070 0.00 0.0M
211560.000 1967 COM2 65 0R0 056 1.7 20.4 87.2 1.0070 0.00 0.0M
211620.000 1967 COM2 65 0R0 106 1.1 20.4 87.1 1.0070 0.00 0.0M
211680.000 1967 COM2 65 0R0 029 1.9 20.4 87.1 1.0070 0.00 0.0M
211740.000 1967 COM2 65 0R0 350 3.0 20.4 87.0 1.0070 0.00 0.0M
211800.000 1967 COM2 65 0R0 056 1.3 20.4 87.1 1.0071 0.00 0.0M
211860.000 1967 COM2 65 0R0 005 2.4 20.4 86.9 1.0071 0.00 0.0M
211920.000 1967 COM2 65 0R0 026 3.0 20.4 87.0 1.0071 0.00 0.0M
211980.000 1967 COM2 65 0R0 024 4.0 20.4 87.0 1.0071 0.00 0.0M
212040.000 1967 COM2 65 0R0 024 3.3 20.4 86.9 1.0071 0.00 0.0M
212100.000 1967 COM2 65 0R0 014 3.1 20.4 86.8 1.0071 0.00 0.0M
212160.000 1967 COM2 65 0R0 337 0.5 20.4 87.0 1.0071 0.00 0.0M
212220.000 1967 COM2 65 0R0 341 2.0 20.4 87.0 1.0071 0.00 0.0M
212280.000 1967 COM2 65 0R0 048 1.5 20.4 86.9 1.0071 0.00 0.0M
212340.000 1967 COM2 65 0R0 009 3.5 20.4 86.3 1.0071 0.00 0.0M
212400.000 1967 COM2 65 0R0 035 3.5 20.4 86.6 1.0071 0.00 0.0M
212460.000 1967 COM2 65 0R0 025 3.6 20.4 86.5 1.0071 0.00 0.0M
212520.000 1967 COM2 65 0R0 027 1.2 20.4 86.7 1.0071 0.00 0.0M
212580.000 1967 COM2 65 0R0 343 1.2 20.4 86.7 1.0071 0.00 0.0M
212640.000 1967 COM2 65 0R0 010 3.0 20.4 86.5 1.0071 0.00 0.0M
212700.000 1967 COM2 65 0R0 026 4.6 20.4 86.1 1.0071 0.00 0.0M
212760.000 1967 COM2 65 0R0 022 3.8 20.4 86.5 1.0071 0.00 0.0M
212820.000 1967 COM2 65 0R0 008 3.1 20.4 86.6 1.0071 0.00 0.0M
212880.000 1967 COM2 65 0R0 015 0.8 20.4 86.6 1.0071 0.00 0.0M
212940.000 1967 COM2 65 0R0 028 3.2 20.4 86.5 1.0071 0.00 0.0M
213000.000 1967 COM2 65 0R0 334 1.6 20.4 86.6 1.0071 0.00 0.0M
213060.000 1967 COM2 65 0R0 038 3.6 20.4 86.4 1.0071 0.00 0.0M
213120.000 1967 COM2 65 0R0 023 3.8 20.4 86.5 1.0071 0.00 0.0M
213180.000 1967 COM2 65 0R0 030 2.9 20.4 86.6 1.0071 0.00 0.0M
213240.000 1967 COM2 65 0R0 068 1.7 20.4 86.5 1.0071 0.00 0.0M
213300.000 1967 COM2 65 0R0 031 3.1 20.4 86.4 1.0071 0.00 0.0M
213360.000 1967 COM2 65 0R0 017 2.9 20.4 86.4 1.0072 0.00 0.0M
213420.000 1967 COM2 65 0R0 354 3.5 20.4 86.0 1.0072 0.00 0.0M
213480.000 1967 COM2 65 0R0 010 0.9 20.4 86.3 1.0072 0.00 0.0M
213540.000 1967 COM2 65 0R0 019 1.5 20.4 86.4 1.0073 0.00 0.0M
213600.000 1967 COM2 65 0R0 015 1.4 20.5 86.4 1.0073 0.00 0.0M
213660.000 1967 COM2 65 0R0 016 2.8 20.5 86.3 1.0073 0.00 0.0M
213720.000 1967 COM2 65 0R0 040 2.3 20.5 86.2 1.0073 0.00 0.0M
213780.000 1967 COM2 65 0R0 024 5.4 20.5 86.3 1.0073 0.00 0.0M
213840.000 1967 COM2 65 0R0 026 1.1 20.4 86.4 1.0073 0.00 0.0M
213900.000 1967 COM2 65 0R0 352 2.5 20.4 86.4 1.0073 0.00 0.0M
213960.000 1967 COM2 65 0R0 095 1.1 20.4 86.3 1.0073 0.00 0.0M
214020.000 1967 COM2 65 0R0 044 3.0 20.5 86.3 1.0073 0.00 0.0M
214080.000 1967 COM2 65 0R0 015 2.0 20.5 86.2 1.0073 0.00 0.0M
214140.000 1967 COM2 65 0R0 070 2.3 20.5 86.1 1.0073 0.00 0.0M
214200.000 1967 COM2 65 0R0 349 2.6 20.5 86.1 1.0073 0.00 0.0M
214260.000 1967 COM2 65 0R0 005 3.1 20.5 85.9 1.0073 0.00 0.0M
214320.000 1967 COM2 65 0R0 030 4.6 20.5 86.1 1.0073 0.00 0.0M
214380.000 1967 COM2 65 0R0 015 2.8 20.5 86.2 1.0073 0.00 0.0M
214440.000 1967 COM2 65 0R0 336 1.5 20.5 86.2 1.0073 0.00 0.0M
214500.000 1967 COM2 65 0R0 025 4.3 20.5 86.1 1.0073 0.00 0.0M
214560.000 1967 COM2 65 0R0 008 3.8 20.5 86.0 1.0072 0.00 0.0M
214620.000 1967 COM2 65 0R0 344 3.0 20.5 85.7 1.0072 0.00 0.0M
214680.000 1967 COM2 65 0R0 009 1.0 20.5 85.6 1.0072 0.00 0.0M
214740.000 1967 COM2 65 0R0 022 3.6 20.5 85.9 1.0072 0.00 0.0M
214800.000 1967 COM2 65 0R0 014 2.7 20.5 86.0 1.0072 0.00 0.0M
214860.000 1967 COM2 65 0R0 044 2.7 20.5 86.0 1.0072 0.00 0.0M
214920.000 1967 COM2 65 0R0 032 1.9 20.5 86.0 1.0072 0.00 0.0M
214980.000 1967 COM2 65 0R0 015 0.7 20.5 86.0 1.0071 0.00 0.0M
215040.000 1967 COM2 65 0R0 019 2.3 20.5 85.9 1.0071 0.00 0.0M
215100.000 1967 COM2 65 0R0 017 4.6 20.5 85.7 1.0071 0.00 0.0M
215160.000 1967 COM2 65 0R0 022 2.5 20.5 85.7 1.0071 0.00 0.0M
215220.000 1967 COM2 65 0R0 019 1.5 20.5 85.7 1.0071 0.00 0.0M
215280.000 1967 COM2 65 0R0 013 3.5 20.5 85.4 1.0071 0.00 0.0M
215340.000 1967 COM2 65 0R0 001 2.2 20.5 85.3 1.0071 0.00 0.0M
215400.000 1967 COM2 65 0R0 348 2.6 20.5 85.3 1.0071 0.00 0.0M
215460.000 1967 COM2 65 0R0 339 2.8 20.5 85.6 1.0071 0.00 0.0M
215520.000 1967 COM2 65 0R0 012 1.1 20.5 85.7 1.0071 0.00 0.0M
215580.000 1967 COM2 65 0R0 020 4.2 20.5 85.5 1.0071 0.00 0.0M
215640.000 1967 COM2 65 0R0 352 4.0 20.5 85.4 1.0070 0.00 0.0M
215700.000 1967 COM2 65 0R0 355 2.8 20.5 85.4 1.0071 0.00 0.0M
215760.000 1967 COM2 65 0R0 078 1.0 20.5 85.5 1.0071 0.00 0.0M
215820.000 1967 COM2 65 0R0 354 3.3 20.5 85.3 1.0071 0.00 0.0M
215880.000 1967 COM2 65 0R0 357 2.2 20.5 85.5 1.0071 0.00 0.0M
215940.000 1967 COM2 65 0R0 335 2.2 20.6 85.5 1.0071 0.00 0.0M
216000.100 1967 COM2 65 0R0 023 3.1 20.6 85.5 1.0071 0.00 0.0M
216060.000 1967 COM2 65 0R0 342 3.9 20.5 85.5 1.0071 0.00 0.0M
216120.000 1967 COM2 65 0R0 015 3.7 20.5 85.0 1.0071 0.00 0.0M
216180.000 1967 COM2 65 0R0 347 3.8 20.5 85.4 1.0070 0.00 0.0M
216240.000 1967 COM2 65 0R0 350 1.4 20.5 85.4 1.0070 0.00 0.0M
216300.000 1967 COM2 65 0R0 003 2.7 20.5 85.2 1.0070 0.00 0.0M
216360.100 1967 COM2 65 0R0 351 3.1 20.5 85.2 1.0070 0.00 0.0M
216420.000 1967 COM2 65 0R0 035 1.1 20.5 85.3 1.0070 0.00 0.0M
216480.000 1967 COM2 65 0R0 357 2.7 20.5 84.9 1.0070 0.00 0.0M
216540.000 1967 COM2 65 0R0 017 3.3 20.5 85.0 1.0070 0.00 0.0M
216600.000 1967 COM2 65 0R0 001 3.1 20.5 84.9 1.0069 0.00 0.0M
216660.000 1967 COM2 65 0R0 346 1.1 20.5 84.9 1.0069 0.00 0.0M
216720.000 1967 COM2 65 0R0 031 4.4 20.6 84.8 1.0069 0.00 0.0M
216780.000 1967 COM2 65 0R0 031 4.2 20.6 84.8 1.0069 0.00 0.0M
216840.000 1967 COM2 65 0R0 004 0.9 20.6 84.7 1.0069 0.00 0.0M
216900.000 1967 COM2 65 0R0 337 1.5 20.6 85.0 1.0069 0.00 0.0M
216960.000 1967 COM2 65 0R0 260 0.8 20.6 85.0 1.0069 0.00 0.0M
217020.000 1967 COM2 65 0R0 002 3.1 20.6 84.9 1.0070 0.00 0.0M
217080.000 1967 COM2 65 0R0 039 2.4 20.6 84.9 1.0069 0.00 0.0M
217140.000 1967 COM2 65 0R0 041 0.9 20.6 84.9 1.0070 0.00 0.0M
217200.000 1967 COM2 65 0R0 355 1.4 20.6 85.0 1.0070 0.00 0.0M
217260.000 1967 COM2 65 0R0 004 3.1 20.6 84.8 1.0070 0.00 0.0M
217320.000 1967 COM2 65 0R0 352 3.1 20.6 84.5 1.0070 0.00 0.0M
217380.000 1967 COM2 65 0R0 356 3.3 20.6 84.1 1.0070 0.00 0.0M
217440.000 1967 COM2 65 0R0 353 2.3 20.6 84.4 1.0070 0.00 0.0M
217500.000 1967 COM2 65 0R0 061 0.4 20.6 84.6 1.0070 0.00 0.0M
217560.000 1967 COM2 65 0R0 062 0.8 20.6 84.6 1.0070 0.00 0.0M
217620.000 1967 COM2 65 0R0 028 3.0 20.6 84.6 1.0071 0.00 0.0M
217680.000 1967 COM2 65 0R0 028 2.3 20.6 84.7 1.0071 0.00 0.0M
217740.000 1967 COM2 65 0R0 017 5.4 20.6 84.3 1.0071 0.00 0.0M
217800.000 1967 COM2 65 0R0 030 3.4 20.6 84.1 1.0071 0.00 0.0M
217860.000 1967 COM2 65 0R0 337 1.2 20.6 84.3 1.0071 0.00 0.0M
217920.000 1967 COM2 65 0R0 079 2.2 20.6 84.4 1.0071 0.00 0.0M
217980.000 1967 COM2 65 0R0 031 3.0 20.6 84.3 1.0071 0.00 0.0M
218040.000 1967 COM2 65 0R0 033 1.5 20.6 84.4 1.0071 0.00 0.0M
218100.000 1967 COM2 65 0R0 344 3.3 20.6 84.3 1.0071 0.00 0.0M
218160.000 1967 COM2 65 0R0 349 3.0 20.7 84.3 1.0071 0.00 0.0M
218220.100 1967 COM2 65 0R0 021 4.3 20.7 83.8 1.0071 0.00 0.0M
218280.000 1967 COM2 65 0R0 024 3.6 20.7 83.8 1.0071 0.00 0.0M
218340.000 1967 COM2 65 0R0 040 2.6 20.7 83.9 1.0071 0.00 0.0M
218400.000 1967 COM2 65 0R0 027 3.5 20.7 83.9 1.0071 0.00 0.0M
218460.000 1967 COM2 65 0R0 024 1.9 20.7 84.0 1.0071 0.00 0.0M
218520.000 1967 COM2 65 0R0 016 0.8 20.7 84.2 1.0071 0.00 0.0M
218580.000 1967 COM2 65 0R0 021 2.5 20.7 83.9 1.0071 0.00 0.0M
218640.000 1967 COM2 65 0R0 009 4.9 20.7 83.7 1.0071 0.00 0.0M
218700.000 1967 COM2 65 0R0 021 4.4 20.7 83.5 1.0071 0.00 0.0M
218760.000 1967 COM2 65 0R0 008 1.7 20.7 83.8 1.0071 0.00 0.0M
218820.000 1967 COM2 65 0R0 358 3.6 20.7 83.7 1.0071 0.00 0.0M
218880.000 1967 COM2 65 0R0 027 2.5 20.7 83.9 1.0071 0.00 0.0M
218940.000 1967 COM2 65 0R0 347 1.7 20.7 83.7 1.0071 0.00 0.0M
219000.000 1967 COM2 65 0R0 072 0.9 20.7 83.7 1.0071 0.00 0.0M
219060.000 1967 COM2 65 0R0 354 3.7 20.7 83.3 1.0071 0.00 0.0M
219120.000 1967 COM2 65 0R0 016 2.4 20.7 83.6 1.0071 0.00 0.0M
219180.000 1967 COM2 65 0R0 024 1.1 20.7 83.5 1.0071 0.00 0.0M
219240.000 1967 COM2 65 0R0 342 3.2 20.7 83.1 1.0071 0.00 0.0M
219300.000 1967 COM2 65 0R0 040 2.6 20.7 83.2 1.0070 0.00 0.0M
219360.000 1967 COM2 65 0R0 012 2.8 20.8 83.3 1.0071 0.00 0.0M
219420.000 1967 COM2 65 0R0 010 2.9 20.8 82.7 1.0070 0.00 0.0M
219480.000 1967 COM2 65 0R0 063 1.5 20.8 82.9 1.0070 0.00 0.0M
219540.000 1967 COM2 65 0R0 015 3.4 20.8 82.6 1.0070 0.00 0.0M
219600.000 1967 COM2 65 0R0 014 2.6 20.8 82.3 1.0070 0.00 0.0M
219660.000 1967 COM2 65 0R0 003 3.0 20.8 82.1 1.0070 0.00 0.0M
219720.000 1967 COM2 65 0R0 008 2.6 20.9 82.5 1.0069 0.00 0.0M
219780.000 1967 COM2 65 0R0 016 3.0 20.9 82.2 1.0069 0.00 0.0M
219840.000 1967 COM2 65 0R0 359 1.9 20.9 82.1 1.0069 0.00 0.0M
219900.100 1967 COM2 65 0R0 026 4.2 20.9 82.3 1.0069 0.00 0.0M
219960.000 1967 COM2 65 0R0 027 1.5 20.9 82.3 1.0069 0.00 0.0M
220020.000 1967 COM2 65 0R0 342 2.4 20.9 82.3 1.0070 0.00 0.0M
220080.000 1967 COM2 65 0R0 019 0.9 20.9 82.3 1.0070 0.00 0.0M
220140.000 1967 COM2 65 0R0 353 2.1 21.0 81.9 1.0070 0.00 0.0M
220200.000 1967 COM2 65 0R0 080 1.1 21.0 82.1 1.0070 0.00 0.0M
220260.000 1967 COM2 65 0R0 002 1.2 21.0 82.0 1.0069 0.00 0.0M
220320.000 1967 COM2 65 0R0 343 3.4 21.0 81.9 1.0069 0.00 0.0M
220380.000 1967 COM2 65 0R0 055 2.9 21.0 82.2 1.0070 0.00 0.0M
220440.000 1967 COM2 65 0R0 357 0.9 21.0 82.2 1.0070 0.00 0.0M
220500.000 1967 COM2 65 0R0 018 4.1 21.0 81.6 1.0070 0.00 0.0M
220560.000 1967 COM2 65 0R0 007 1.2 21.0 81.9 1.0070 0.00 0.0M
220620.000 1967 COM2 65 0R0 337 2.6 21.0 81.8 1.0070 0.00 0.0M
220680.000 1967 COM2 65 0R0 009 2.7 21.0 81.6 1.0070 0.00 0.0M
220740.000 1967 COM2 65 0R0 015 2.8 21.0 82.1 1.0070 0.00 0.0M
220800.000 1967 COM2 65 0R0 048 1.2 21.0 82.1 1.0070 0.00 0.0M
220860.000 1967 COM2 65 0R0 012 1.4 21.1 81.9 1.0070 0.00 0.0M
220920.000 1967 COM2 65 0R0 019 2.2 21.1 81.1 1.0070 0.00 0.0M
220980.000 1967 COM2 65 0R0 339 2.5 21.1 81.3 1.0070 0.00 0.0M
221040.000 1967 COM2 65 0R0 036 2.8 21.1 81.5 1.0070 0.00 0.0M
221100.000 1967 COM2 65 0R0 041 1.3 21.2 81.5 1.0070 0.00 0.0M
221160.000 1967 COM2 65 0R0 339 2.5 21.2 81.6 1.0070 0.00 0.0M
221220.000 1967 COM2 65 0R0 330 1.3 21.2 81.2 1.0070 0.00 0.0M
221280.000 1967 COM2 65 0R0 037 3.2 21.2 81.1 1.0071 0.00 0.0M
221340.000 1967 COM2 65 0R0 086 1.7 21.2 81.3 1.0071 0.00 0.0M
221400.000 1967 COM2 65 0R0 024 2.3 21.2 81.2 1.0071 0.00 0.0M
221460.000 1967 COM2 65 0R0 013 2.4 21.2 80.7 1.0071 0.00 0.0M
221520.000 1967 COM2 65 0R0 024 1.4 21.2 81.1 1.0071 0.00 0.0M
221580.000 1967 COM2 65 0R0 026 6.4 21.2 80.4 1.0071 0.00 0.0M
221640.000 1967 COM2 65 0R0 039 2.1 21.3 80.8 1.0071 0.00 0.0M
221700.000 1967 COM2 65 0R0 343 1.7 21.3 80.9 1.0072 0.00 0.0M
221760.000 1967 COM2 65 0R0 023 2.4 21.3 80.8 1.0072 0.00 0.0M
221820.000 1967 COM2 65 0R0 036 2.7 21.3 80.6 1.0072 0.00 0.0M
221880.000 1967 COM2 65 0R0 017 3.9 21.3 80.1 1.0071 0.00 0.0M
221940.000 1967 COM2 65 0R0 021 4.1 21.3 79.8 1.0072 0.00 0.0M
222000.000 1967 COM2 65 0R0 042 4.3 21.4 80.5 1.0072 0.00 0.0M
222060.000 1967 COM2 65 0R0 012 1.9 21.4 80.1 1.0072 0.00 0.0M
222120.000 1967 COM2 65 0R0 351 0.9 21.4 80.5 1.0072 0.00 0.0M
222180.000 1967 COM2 65 0R0 026 0.9 21.4 80.4 1.0072 0.00 0.0M
222240.000 1967 COM2 65 0R0 025 1.8 21.4 80.4 1.0072 0.00 0.0M
222300.000 1967 COM2 65 0R0 340 1.3 21.4 80.0 1.0072 0.00 0.0M
222360.000 1967 COM2 65 0R0 345 3.7 21.4 79.9 1.0072 0.00 0.0M
222420.000 1967 COM2 65 0R0 038 1.3 21.4 80.5 1.0072 0.00 0.0M
222480.000 1967 COM2 65 0R0 012 3.2 21.4 80.0 1.0071 0.00 0.0M
222540.000 1967 COM2 65 0R0 030 3.5 21.5 80.0 1.0071 0.00 0.0M
222600.000 1967 COM2 65 0R0 021 3.3 21.5 80.0 1.0071 0.00 0.0M
222660.000 1967 COM2 65 0R0 048 1.6 21.5 80.1 1.0071 0.00 0.0M
222720.000 1967 COM2 65 0R0 020 3.6 21.5 80.0 1.0071 0.00 0.0M
222780.000 1967 COM2 65 0R0 023 4.3 21.5 79.4 1.0071 0.00 0.0M
222840.000 1967 COM2 65 0R0 056 1.3 21.5 79.9 1.0071 0.00 0.0M
222900.000 1967 COM2 65 0R0 337 1.0 21.6 79.8 1.0071 0.00 0.0M
222960.000 1967 COM2 65 0R0 353 2.8 21.6 79.6 1.0070 0.00 0.0M
223020.000 1967 COM2 65 0R0 026 2.4 21.6 79.2 1.0070 0.00 0.0M
223080.000 1967 COM2 65 0R0 037 3.8 21.7 78.8 1.0070 0.00 0.0M
223140.000 1967 COM2 65 0R0 006 1.3 21.7 78.9 1.0070 0.00 0.0M
223200.000 1967 COM2 65 0R0 043 2.8 21.7 78.9 1.0070 0.00 0.0M
223260.000 1967 COM2 65 0R0 353 1.2 21.7 79.0 1.0070 0.00 0.0M
223320.000 1967 COM2 65 0R0 345 2.1 21.8 78.7 1.0070 0.00 0.0M
223380.000 1967 COM2 65 0R0 048 2.1 21.8 79.0 1.0069 0.00 0.0M
223440.000 1967 COM2 65 0R0 015 3.8 21.8 77.9 1.0069 0.00 0.0M
223500.000 1967 COM2 65 0R0 349 2.2 21.8 78.0 1.0069 0.00 0.0M
223560.000 1967 COM2 65 0R0 346 1.4 21.8 78.4 1.0069 0.00 0.0M
223620.000 1967 COM2 65 0R0 022 3.1 21.9 78.3 1.0069 0.00 0.0M
223680.000 1967 COM2 65 0R0 023 4.5 21.9 78.3 1.0069 0.00 0.0M
223740.000 1967 COM2 65 0R0 019 2.1 21.9 78.3 1.0069 0.00 0.0M
223800.000 1967 COM2 65 0R0 346 4.7 22.0 77.6 1.0069 0.00 0.0M
223860.000 1967 COM2 65 0R0 011 1.6 22.0 77.8 1.0069 0.00 0.0M
223920.000 1967 COM2 65 0R0 288 0.9 22.0 77.7 1.0068 0.00 0.0M
223980.000 1967 COM2 65 0R0 351 3.7 22.1 77.3 1.0068 0.00 0.0M
224040.000 1967 COM2 65 0R0 358 2.6 22.1 76.9 1.0068 0.00 0.0M
224100.000 1967 COM2 65 0R0 038 3.0 22.1 77.2 1.0067 0.00 0.0M
224160.000 1967 COM2 65 0R0 043 1.6 22.1 76.8 1.0067 0.00 0.0M
224220.000 1967 COM2 65 0R0 027 2.7 22.1 76.7 1.0067 0.00 0.0M
224280.000 1967 COM2 65 0R0 013 2.5 22.2 76.2 1.0067 0.00 0.0M
224340.000 1967 COM2 65 0R0 032 3.8 22.2 76.8 1.0067 0.00 0.0M
224400.000 1967 COM2 65 0R0 072 1.3 22.2 77.0 1.0066 0.00 0.0M
224460.000 1967 COM2 65 0R0 034 1.4 22.3 76.7 1.0066 0.00 0.0M
224520.000 1967 COM2 65 0R0 036 1.6 22.3 76.5 1.0066 0.00 0.0M
224580.000 1967 COM2 65 0R0 015 2.0 22.4 75.6 1.0065 0.00 0.0M
224640.000 1967 COM2 65 0R0 286 1.2 22.4 75.6 1.0065 0.00 0.0M
224700.000 1967 COM2 65 0R0 005 2.1 22.4 74.8 1.0065 0.00 0.0M
224760.000 1967 COM2 65 0R0 008 1.7 22.5 75.4 1.0065 0.00 0.0M
224820.000 1967 COM2 65 0R0 356 2.5 22.5 75.1 1.0064 0.00 0.0M
224880.000 1967 COM2 65 0R0 016 3.6 22.6 74.6 1.0065 0.00 0.0M
224940.000 1967 COM2 65 0R0 031 3.2 22.6 74.7 1.0064 0.00 0.0M
225000.000 1967 COM2 65 0R0 028 2.3 22.7 74.6 1.0064 0.00 0.0M
225060.000 1967 COM2 65 0R0 075 1.0 22.7 74.2 1.0065 0.00 0.0M
225120.000 1967 COM2 65 0R0 012 2.6 22.8 73.6 1.0064 0.00 0.0M
225180.000 1967 COM2 65 0R0 004 3.3 22.8 73.4 1.0064 0.00 0.0M
225240.000 1967 COM2 65 0R0 356 3.4 22.9 72.6 1.0065 0.00 0.0M
225300.000 1967 COM2 65 0R0 032 3.5 22.9 73.0 1.0064 0.00 0.0M
225360.000 1967 COM2 65 0R0 058 4.6 22.9 72.8 1.0064 0.00 0.0M
225420.000 1967 COM2 65 0R0 042 2.0 22.9 72.6 1.0065 0.00 0.0M
225480.000 1967 COM2 65 0R0 346 2.6 23.0 71.9 1.0065 0.00 0.0M
225540.000 1967 COM2 65 0R0 027 1.5 23.0 72.0 1.0065 0.00 0.0M
225600.000 1967 COM2 65 0R0 034 6.0 23.1 72.1 1.0065 0.00 0.0M
225660.000 1967 COM2 65 0R0 357 2.5 23.2 71.2 1.0065 0.00 0.0M
225720.000 1967 COM2 65 0R0 005 4.2 23.3 70.4 1.0065 0.00 0.0M
225780.000 1967 COM2 65 0R0 015 4.0 23.3 70.3 1.0065 0.00 0.0M
225840.000 1967 COM2 65 0R0 036 2.0 23.4 70.9 1.0065 0.00 0.0M
225900.000 1967 COM2 65 0R0 030 2.4 23.5 70.6 1.0064 0.00 0.0M
225960.000 1967 COM2 65 0R0 339 3.4 23.6 69.9 1.0065 0.00 0.0M
226020.000 1967 COM2 65 0R0 017 4.7 23.7 69.4 1.0065 0.00 0.0M
226080.000 1967 COM2 65 0R0 020 4.1 23.7 69.9 1.0066 0.00 0.0M
226140.000 1967 COM2 65 0R0 357 1.5 23.7 69.9 1.0066 0.00 0.0M
226200.000 1967 COM2 65 0R0 008 4.4 23.8 68.0 1.0066 0.00 0.0M
226260.000 1967 COM2 65 0R0 087 1.9 23.8 67.9 1.0066 0.00 0.0M
226320.000 1967 COM2 65 0R0 015 6.6 23.9 67.2 1.0066 0.00 0.0M
226380.000 1967 COM2 65 0R0 012 5.4 23.8 67.4 1.0066 0.00 0.0M
226440.000 1967 COM2 65 0R0 023 7.4 23.8 66.6 1.0066 0.00 0.0M
226500.000 1967 COM2 65 0R0 064 3.3 23.8 67.0 1.0066 0.00 0.0M
226560.000 1967 COM2 65 0R0 034 5.8 23.9 67.2 1.0066 0.00 0.0M
226620.000 1967 COM2 65 0R0 026 3.2 23.9 66.7 1.0066 0.00 0.0M
226680.000 1967 COM2 65 0R0 084 1.4 23.9 67.1 1.0066 0.00 0.0M
226740.000 1967 COM2 65 0R0 014 2.9 24.0 67.0 1.0065 0.00 0.0M
226800.000 1967 COM2 65 0R0 030 1.3 24.0 67.5 1.0065 0.00 0.0M
226860.000 1967 COM2 65 0R0 340 2.7 24.1 67.0 1.0065 0.00 0.0M
226920.000 1967 COM2 65 0R0 018 5.9 24.1 66.3 1.0065 0.00 0.0M
226980.000 1967 COM2 65 0R0 356 2.6 24.1 66.3 1.0065 0.00 0.0M
227040.000 1967 COM2 65 0R0 024 1.9 24.0 66.1 1.0065 0.00 0.0M
227100.100 1967 COM2 65 0R0 029 3.8 23.9 66.5 1.0065 0.00 0.0M
227160.000 1967 COM2 65 0R0 015 5.4 23.9 66.9 1.0065 0.00 0.0M
227220.000 1967 COM2 65 0R0 002 3.9 23.8 66.2 1.0065 0.00 0.0M
227280.000 1967 COM2 65 0R0 006 3.3 23.8 67.1 1.0065 0.00 0.0M
227340.000 1967 COM2 65 0R0 046 4.3 23.7 67.8 1.0064 0.00 0.0M
227400.000 1967 COM2 65 0R0 028 5.5 23.7 67.8 1.0065 0.00 0.0M
227460.000 1967 COM2 65 0R0 025 3.2 23.7 67.4 1.0065 0.00 0.0M
227520.000 1967 COM2 65 0R0 038 7.2 23.7 67.8 1.0065 0.00 0.0M
227580.000 1967 COM2 65 0R0 029 4.7 23.7 68.1 1.0065 0.00 0.0M
227640.000 1967 COM2 65 0R0 028 2.3 23.7 68.0 1.0064 0.00 0.0M
227700.000 1967 COM2 65 0R0 031 2.8 23.8 67.4 1.0064 0.00 0.0M
227760.000 1967 COM2 65 0R0 023 4.5 23.8 67.8 1.0064 0.00 0.0M
227820.000 1967 COM2 65 0R0 044 3.8 23.9 67.3 1.0064 0.00 0.0M
227880.000 1967 COM2 65 0R0 054 3.4 24.0 67.1 1.0063 0.00 0.0M
227940.000 1967 COM2 65 0R0 353 2.1 24.1 66.1 1.0063 0.00 0.0M
228000.100 1967 COM2 65 0R0 348 4.8 24.2 65.4 1.0064 0.00 0.0M
228060.000 1967 COM2 65 0R0 024 4.2 24.2 65.8 1.0064 0.00 0.0M
228120.000 1967 COM2 65 0R0 051 4.5 24.2 66.0 1.0064 0.00 0.0M
228180.000 1967 COM2 65 0R0 000 4.1 24.2 65.4 1.0064 0.00 0.0M
228240.000 1967 COM2 65 0R0 026 4.8 24.1 65.5 1.0063 0.00 0.0M
228300.000 1967 COM2 65 0R0 051 4.6 24.1 65.7 1.0064 0.00 0.0M
228360.000 1967 COM2 65 0R0 351 2.4 24.0 65.6 1.0064 0.00 0.0M
228420.000 1967 COM2 65 0R0 044 2.4 24.0 66.0 1.0063 0.00 0.0M
228480.000 1967 COM2 65 0R0 015 3.3 24.0 66.3 1.0063 0.00 0.0M
228540.000 1967 COM2 65 0R0 018 5.3 24.0 66.1 1.0063 0.00 0.0M
228600.000 1967 COM2 65 0R0 008 3.0 23.9 66.5 1.0063 0.00 0.0M
228660.000 1967 COM2 65 0R0 019 6.1 23.9 66.4 1.0063 0.00 0.0M
228720.000 1967 COM2 65 0R0 018 3.2 23.9 66.4 1.0063 0.00 0.0M
228780.000 1967 COM2 65 0R0 029 4.7 23.8 67.2 1.0064 0.00 0.0M
228840.000 1967 COM2 65 0R0 023 2.1 23.9 67.2 1.0064 0.00 0.0M
228900.000 1967 COM2 65 0R0 074 0.7 23.9 66.8 1.0064 0.00 0.0M
228960.100 1967 COM2 65 0R0 084 1.1 24.0 66.7 1.0063 0.00 0.0M
229020.000 1967 COM2 65 0R0 015 3.7 24.0 65.8 1.0063 0.00 0.0M
229080.000 1967 COM2 65 0R0 058 1.4 23.9 66.6 1.0063 0.00 0.0M
229140.100 1967 COM2 65 0R0 035 4.4 23.9 66.6 1.0063 0.00 0.0M
229200.000 1967 COM2 65 0R0 014 6.2 23.9 66.4 1.0063 0.00 0.0M
229260.100 1967 COM2 65 0R0 018 3.7 23.9 66.8 1.0063 0.00 0.0M
229320.100 1967 COM2 65 0R0 330 2.3 23.8 67.0 1.0063 0.00 0.0M
229380.000 1967 COM2 65 0R0 026 5.5 23.8 66.9 1.0063 0.00 0.0M
229440.000 1967 COM2 65 0R0 337 1.6 23.8 67.0 1.0062 0.00 0.0M
229500.000 1967 COM2 65 0R0 017 3.1 23.8 67.3 1.0063 0.00 0.0M
229560.000 1967 COM2 65 0R0 007 3.2 23.9 66.8 1.0063 0.00 0.0M
229620.000 1967 COM2 65 0R0 349 4.2 23.9 66.8 1.0062 0.00 0.0M
229680.000 1967 COM2 65 0R0 027 6.7 23.9 66.9 1.0062 0.00 0.0M
229740.000 1967 COM2 65 0R0 018 2.0 23.9 67.3 1.0062 0.00 0.0M
229800.000 1967 COM2 65 0R0 005 1.4 23.9 67.2 1.0062 0.00 0.0M
229860.000 1967 COM2 65 0R0 023 3.4 23.9 67.4 1.0063 0.00 0.0M
229920.000 1967 COM2 65 0R0 017 2.5 23.9 67.5 1.0063 0.00 0.0M
229980.000 1967 COM2 65 0R0 032 4.3 23.9 67.3 1.0062 0.00 0.0M
230040.000 1967 COM2 65 0R0 051 0.9 23.9 67.6 1.0062 0.00 0.0M
230100.000 1967 COM2 65 0R0 034 3.8 23.9 67.6 1.0062 0.00 0.0M
230160.000 1967 COM2 65 0R0 020 4.2 23.9 67.5 1.0062 0.00 0.0M
230220.000 1967 COM2 65 0R0 019 3.5 23.9 67.9 1.0062 0.00 0.0M
230280.000 1967 COM2 65 0R0 036 2.1 23.9 68.0 1.0062 0.00 0.0M
230340.000 1967 COM2 65 0R0 041 3.0 23.9 67.6 1.0062 0.00 0.0M
230400.000 1967 COM2 65 0R0 005 3.1 23.8 67.8 1.0061 0.00 0.0M
230460.000 1967 COM2 65 0R0 033 1.4 23.9 67.9 1.0061 0.00 0.0M
230520.000 1967 COM2 65 0R0 040 2.8 23.9 68.0 1.0061 0.00 0.0M
230580.100 1967 COM2 65 0R0 030 4.3 23.9 68.0 1.0060 0.00 0.0M
230640.000 1967 COM2 65 0R0 048 4.1 23.9 67.9 1.0060 0.00 0.0M
230700.100 1967 COM2 65 0R0 049 3.0 23.9 67.6 1.0060 0.00 0.0M
230760.000 1967 COM2 65 0R0 008 4.4 23.9 67.2 1.0059 0.00 0.0M
230820.000 1967 COM2 65 0R0 017 6.4 24.0 67.2 1.0059 0.00 0.0M
230880.000 1967 COM2 65 0R0 035 3.9 24.0 67.0 1.0059 0.00 0.0M
230940.000 1967 COM2 65 0R0 031 1.8 24.1 67.1 1.0059 0.00 0.0M
231000.000 1967 COM2 65 0R0 014 2.9 24.2 66.6 1.0059 0.00 0.0M
231060.000 1967 COM2 65 0R0 087 2.0 24.3 66.6 1.0059 0.00 0.0M
231120.000 1967 COM2 65 0R0 028 3.5 24.4 66.4 1.0059 0.00 0.0M
231180.000 1967 COM2 65 0R0 003 2.9 24.4 66.3 1.0059 0.00 0.0M
231240.000 1967 COM2 65 0R0 025 4.0 24.4 65.9 1.0059 0.00 0.0M
231300.000 1967 COM2 65 0R0 029 5.0 24.5 65.7 1.0059 0.00 0.0M
231360.000 1967 COM2 65 0R0 029 4.9 24.5 65.1 1.0058 0.00 0.0M
231420.000 1967 COM2 65 0R0 003 3.2 24.4 64.8 1.0059 0.00 0.0M
231480.000 1967 COM2 65 0R0 047 3.0 24.3 64.8 1.0058 0.00 0.0M
231540.000 1967 COM2 65 0R0 010 3.7 24.2 65.2 1.0059 0.00 0.0M
231600.000 1967 COM2 65 0R0 022 2.0 24.2 65.1 1.0059 0.00 0.0M
231660.000 1967 COM2 65 0R0 019 2.6 24.2 65.6 1.0059 0.00 0.0M
231720.000 1967 COM2 65 0R0 021 5.1 24.2 65.8 1.0058 0.00 0.0M
231780.000 1967 COM2 65 0R0 050 2.0 24.2 65.5 1.0058 0.00 0.0M
231840.000 1967 COM2 65 0R0 027 3.4 24.2 65.8 1.0058 0.00 0.0M
231900.000 1967 COM2 65 0R0 026 3.0 24.3 65.5 1.0058 0.00 0.0M
231960.000 1967 COM2 65 0R0 021 2.1 24.3 65.7 1.0058 0.00 0.0M
232020.000 1967 COM2 65 0R0 033 4.9 24.3 65.8 1.0058 0.00 0.0M
232080.000 1967 COM2 65 0R0 025 3.0 24.3 65.7 1.0058 0.00 0.0M
232140.000 1967 COM2 65 0R0 030 4.8 24.3 65.6 1.0059 0.00 0.0M
232200.000 1967 COM2 65 0R0 036 3.2 24.4 65.6 1.0058 0.00 0.0M
232260.000 1967 COM2 65 0R0 037 4.3 24.4 65.4 1.0058 0.00 0.0M
232320.000 1967 COM2 65 0R0 028 5.6 24.4 64.7 1.0057 0.00 0.0M
232380.000 1967 COM2 65 0R0 032 4.2 24.4 64.7 1.0058 0.00 0.0M
232440.000 1967 COM2 65 0R0 025 3.3 24.4 64.8 1.0058 0.00 0.0M
232500.000 1967 COM2 65 0R0 026 1.3 24.4 64.6 1.0058 0.00 0.0M
232560.000 1967 COM2 65 0R0 037 1.1 24.4 65.0 1.0058 0.00 0.0M
232620.000 1967 COM2 65 0R0 081 4.3 24.5 65.1 1.0058 0.00 0.0M
232680.000 1967 COM2 65 0R0 061 2.5 24.5 64.5 1.0058 0.00 0.0M
232740.000 1967 COM2 65 0R0 060 4.2 24.4 64.5 1.0057 0.00 0.0M
232800.000 1967 COM2 65 0R0 062 4.4 24.3 65.1 1.0057 0.00 0.0M
232860.000 1967 COM2 65 0R0 067 2.3 24.3 64.3 1.0057 0.00 0.0M
232920.000 1967 COM2 65 0R0 009 2.6 24.2 65.2 1.0057 0.00 0.0M
232980.000 1967 COM2 65 0R0 062 1.6 24.3 64.8 1.0057 0.00 0.0M
233040.000 1967 COM2 65 0R0 015 3.7 24.3 65.3 1.0057 0.00 0.0M
233100.000 1967 COM2 65 0R0 034 4.7 24.3 65.3 1.0057 0.00 0.0M
233160.000 1967 COM2 65 0R0 034 6.6 24.3 64.5 1.0057 0.00 0.0M
233220.000 1967 COM2 65 0R0 035 2.6 24.3 64.7 1.0056 0.00 0.0M
233280.000 1967 COM2 65 0R0 350 1.5 24.3 64.7 1.0057 0.00 0.0M
233340.100 1967 COM2 65 0R0 079 2.9 24.3 64.7 1.0057 0.00 0.0M
233400.000 1967 COM2 65 0R0 004 2.3 24.4 64.4 1.0057 0.00 0.0M
233460.000 1967 COM2 65 0R0 006 1.7 24.4 64.4 1.0057 0.00 0.0M
233520.000 1967 COM2 65 0R0 034 3.5 24.4 64.4 1.0056 0.00 0.0M
233580.000 1967 COM2 65 0R0 358 3.2 24.4 64.2 1.0056 0.00 0.0M
233640.000 1967 COM2 65 0R0 325 2.1 24.4 64.2 1.0055 0.00 0.0M
233700.000 1967 COM2 65 0R0 034 2.3 24.4 64.1 1.0055 0.00 0.0M
233760.000 1967 COM2 65 0R0 044 2.5 24.4 64.5 1.0055 0.00 0.0M
233820.000 1967 COM2 65 0R0 062 1.5 24.4 64.6 1.0055 0.00 0.0M
233880.000 1967 COM2 65 0R0 015 2.4 24.4 64.6 1.0055 0.00 0.0M
233940.000 1967 COM2 65 0R0 019 1.8 24.4 64.3 1.0055 0.00 0.0M
234000.000 1967 COM2 65 0R0 006 2.8 24.4 64.4 1.0055 0.00 0.0M
234060.000 1967 COM2 65 0R0 357 2.3 24.4 64.4 1.0054 0.00 0.0M
234120.000 1967 COM2 65 0R0 021 1.3 24.4 64.6 1.0054 0.00 0.0M
234180.000 1967 COM2 65 0R0 032 4.7 24.4 64.4 1.0054 0.00 0.0M
234240.000 1967 COM2 65 0R0 046 2.1 24.4 64.8 1.0054 0.00 0.0M
234300.000 1967 COM2 65 0R0 014 4.3 24.4 64.1 1.0053 0.00 0.0M
234360.000 1967 COM2 65 0R0 025 4.3 24.4 64.3 1.0053 0.00 0.0M
234420.000 1967 COM2 65 0R0 015 4.4 24.5 63.5 1.0052 0.00 0.0M
234480.000 1967 COM2 65 0R0 013 3.2 24.6 63.6 1.0052 0.00 0.0M
234540.000 1967 COM2 65 0R0 338 5.0 24.7 62.8 1.0052 0.00 0.0M
234600.000 1967 COM2 65 0R0 034 5.2 24.8 63.0 1.0051 0.00 0.0M
234660.000 1967 COM2 65 0R0 335 1.6 24.8 62.7 1.0052 0.00 0.0M
234720.000 1967 COM2 65 0R0 035 5.1 24.8 62.5 1.0052 0.00 0.0M
234780.100 1967 COM2 65 0R0 029 2.8 24.8 62.6 1.0052 0.00 0.0M
234840.000 1967 COM2 65 0R0 019 3.9 24.8 61.9 1.0052 0.00 0.0M
234900.000 1967 COM2 65 0R0 353 1.6 24.8 62.1 1.0051 0.00 0.0M
234960.000 1967 COM2 65 0R0 041 2.5 24.8 62.1 1.0051 0.00 0.0M
235020.000 1967 COM2 65 0R0 025 4.7 24.8 62.2 1.0051 0.00 0.0M
235080.000 1967 COM2 65 0R0 076 1.3 24.8 62.1 1.0051 0.00 0.0M
235140.000 1967 COM2 65 0R0 015 2.4 24.8 61.8 1.0051 0.00 0.0M
235200.000 1967 COM2 65 0R0 028 5.1 24.8 62.0 1.0051 0.00 0.0M
235260.000 1967 COM2 65 0R0 035 2.5 24.8 61.6 1.0051 0.00 0.0M
235320.000 1967 COM2 65 0R0 039 4.5 24.7 62.1 1.0051 0.00 0.0M
235380.000 1967 COM2 65 0R0 028 2.5 24.7 62.1 1.0051 0.00 0.0M
235440.100 1967 COM2 65 0R0 011 5.3 24.7 62.0 1.0051 0.00 0.0M
235500.000 1967 COM2 65 0R0 018 3.0 24.7 61.9 1.0051 0.00 0.0M
235560.000 1967 COM2 65 0R0 024 7.9 24.7 61.2 1.0049 0.00 0.0M
235620.000 1967 COM2 65 0R0 026 6.6 24.7 60.1 1.0050 0.00 0.0M
235680.000 1967 COM2 65 0R0 037 4.4 24.7 60.3 1.0050 0.00 0.0M
235740.000 1967 COM2 65 0R0 022 7.8 24.8 60.7 1.0050 0.00 0.0M
235800.000 1967 COM2 65 0R0 014 5.6 24.8 59.9 1.0049 0.00 0.0M
235860.000 1967 COM2 65 0R0 034 3.9 24.8 60.4 1.0049 0.00 0.0M
235920.000 1967 COM2 65 0R0 040 3.9 24.8 60.3 1.0049 0.00 0.0M
235980.000 1967 COM2 65 0R0 029 0.9 24.9 60.5 1.0049 0.00 0.0M
236040.000 1967 COM2 65 0R0 035 3.1 24.9 60.4 1.0049 0.00 0.0M
236100.000 1967 COM2 65 0R0 038 1.6 25.0 60.5 1.0049 0.00 0.0M
236160.000 1967 COM2 65 0R0 035 4.6 25.0 59.7 1.0048 0.00 0.0M
236220.000 1967 COM2 65 0R0 018 5.8 24.9 60.1 1.0049 0.00 0.0M
236280.000 1967 COM2 65 0R0 008 2.5 24.9 60.6 1.0049 0.00 0.0M
236340.000 1967 COM2 65 0R0 035 2.8 24.8 60.8 1.0048 0.00 0.0M
236400.000 1967 COM2 65 0R0 066 4.5 24.8 60.9 1.0047 0.00 0.0M
236460.000 1967 COM2 65 0R0 019 5.6 24.8 61.1 1.0048 0.00 0.0M
236520.000 1967 COM2 65 0R0 005 2.2 24.8 61.3 1.0048 0.00 0.0M
236580.000 1967 COM2 65 0R0 025 3.6 24.8 61.7 1.0048 0.00 0.0M
236640.000 1967 COM2 65 0R0 019 4.4 24.8 61.5 1.0048 0.00 0.0M
236700.000 1967 COM2 65 0R0 013 2.9 24.8 61.2 1.0048 0.00 0.0M
236760.000 1967 COM2 65 0R0 338 4.1 24.8 61.0 1.0047 0.00 0.0M
236820.000 1967 COM2 65 0R0 023 2.9 24.8 61.2 1.0048 0.00 0.0M
236880.000 1967 COM2 65 0R0 014 4.1 24.7 61.1 1.0048 0.00 0.0M
236940.000 1967 COM2 65 0R0 016 0.9 24.7 61.2 1.0048 0.00 0.0M
237000.000 1967 COM2 65 0R0 015 2.0 24.7 61.7 1.0048 0.00 0.0M
237060.000 1967 COM2 65 0R0 016 3.6 24.7 60.9 1.0047 0.00 0.0M
237120.000 1967 COM2 65 0R0 025 4.7 24.6 61.2 1.0047 0.00 0.0M
237180.000 1967 COM2 65 0R0 022 3.6 24.5 61.6 1.0047 0.00 0.0M
237240.000 1967 COM2 65 0R0 030 3.8 24.5 60.9 1.0046 0.00 0.0M
237300.000 1967 COM2 65 0R0 034 4.5 24.5 61.5 1.0046 0.00 0.0M
237360.000 1967 COM2 65 0R0 012 2.4 24.5 61.6 1.0046 0.00 0.0M
237420.000 1967 COM2 65 0R0 039 7.2 24.5 61.5 1.0046 0.00 0.0M
237480.000 1967 COM2 65 0R0 056 3.5 24.5 61.5 1.0046 0.00 0.0M
237540.000 1967 COM2 65 0R0 023 4.5 24.5 61.6 1.0046 0.00 0.0M
237600.000 1967 COM2 65 0R0 016 7.3 24.5 60.6 1.0046 0.00 0.0M
237660.000 1967 COM2 65 0R0 056 1.6 24.4 61.2 1.0046 0.00 0.0M
237720.000 1967 COM2 65 0R0 058 4.1 24.4 61.1 1.0046 0.00 0.0M
237780.000 1967 COM2 65 0R0 055 4.8 24.4 61.4 1.0046 0.00 0.0M
237840.000 1967 COM2 65 0R0 044 2.7 24.4 61.4 1.0045 0.00 0.0M
237900.000 1967 COM2 65 0R0 028 5.0 24.4 61.6 1.0046 0.00 0.0M
237960.100 1967 COM2 65 0R0 025 5.7 24.4 61.2 1.0046 0.00 0.0M
238020.000 1967 COM2 65 0R0 015 2.7 24.3 61.7 1.0046 0.00 0.0M
238080.000 1967 COM2 65 0R0 056 4.7 24.3 61.6 1.0045 0.00 0.0M
238140.000 1967 COM2 65 0R0 039 4.5 24.3 61.5 1.0046 0.00 0.0M
238200.000 1967 COM2 65 0R0 359 2.2 24.3 61.5 1.0045 0.00 0.0M
238260.000 1967 COM2 65 0R0 022 4.5 24.3 61.5 1.0045 0.00 0.0M
238320.000 1967 COM2 65 0R0 016 3.8 24.3 61.8 1.0045 0.00 0.0M
238380.000 1967 COM2 65 0R0 025 6.3 24.4 61.8 1.0045 0.00 0.0M
238440.000 1967 COM2 65 0R0 028 5.6 24.3 61.8 1.0045 0.00 0.0M
238500.000 1967 COM2 65 0R0 024 6.1 24.3 61.4 1.0044 0.00 0.0M
238560.000 1967 COM2 65 0R0 013 3.7 24.3 61.6 1.0045 0.00 0.0M
238620.000 1967 COM2 65 0R0 019 5.5 24.3 61.6 1.0045 0.00 0.0M
238680.000 1967 COM2 65 0R0 023 4.4 24.3 61.3 1.0045 0.00 0.0M
238740.000 1967 COM2 65 0R0 057 2.5 24.3 61.5 1.0044 0.00 0.0M
238800.000 1967 COM2 65 0R0 028 6.5 24.3 61.7 1.0044 0.00 0.0M
238860.000 1967 COM2 65 0R0 026 3.4 24.4 61.7 1.0044 0.00 0.0M
238920.000 1967 COM2 65 0R0 024 1.7 24.4 61.9 1.0044 0.00 0.0M
238980.000 1967 COM2 65 0R0 041 4.7 24.4 61.5 1.0044 0.00 0.0M
239040.000 1967 COM2 65 0R0 033 4.4 24.4 61.8 1.0044 0.00 0.0M
239100.000 1967 COM2 65 0R0 021 4.2 24.4 61.6 1.0044 0.00 0.0M
239160.000 1967 COM2 65 0R0 033 4.9 24.4 61.4 1.0043 0.00 0.0M
239220.000 1967 COM2 65 0R0 034 3.6 24.4 61.5 1.0043 0.00 0.0M
239280.000 1967 COM2 65 0R0 014 4.1 24.5 61.5 1.0043 0.00 0.0M
239340.000 1967 COM2 65 0R0 014 6.1 24.5 60.4 1.0042 0.00 0.0M
239400.000 1967 COM2 65 0R0 038 4.7 24.6 60.7 1.0043 0.00 0.0M
239460.000 1967 COM2 65 0R0 034 1.4 24.6 60.6 1.0043 0.00 0.0M
239520.000 1967 COM2 65 0R0 034 2.7 24.7 60.6 1.0042 0.00 0.0M
239580.000 1967 COM2 65 0R0 037 3.9 24.7 60.2 1.0042 0.00 0.0M
239640.000 1967 COM2 65 0R0 021 2.0 24.8 60.1 1.0042 0.00 0.0M
239700.000 1967 COM2 65 0R0 037 3.1 24.8 60.0 1.0042 0.00 0.0M
239760.000 1967 COM2 65 0R0 348 1.2 24.9 60.0 1.0042 0.00 0.0M
239820.000 1967 COM2 65 0R0 018 2.8 24.9 59.9 1.0042 0.00 0.0M
239880.000 1967 COM2 65 0R0 051 1.3 25.0 59.8 1.0042 0.00 0.0M
239940.000 1967 COM2 65 0R0 013 2.0 25.0 58.9 1.0042 0.00 0.0M
240000.000 1967 COM2 65 0R0 026 3.1 25.0 59.2 1.0041 0.00 0.0M
240060.000 1967 COM2 65 0R0 029 4.6 24.9 59.6 1.0041 0.00 0.0M
240120.000 1967 COM2 65 0R0 030 5.5 24.9 59.5 1.0041 0.00 0.0M
240180.000 1967 COM2 65 0R0 005 2.7 24.8 59.3 1.0041 0.00 0.0M
240240.000 1967 COM2 65 0R0 004 4.0 24.8 59.6 1.0041 0.00 0.0M
240300.000 1967 COM2 65 0R0 012 6.0 24.8 59.1 1.0041 0.00 0.0M
240360.000 1967 COM2 65 0R0 338 2.1 24.8 59.3 1.0041 0.00 0.0M
240420.000 1967 COM2 65 0R0 023 5.2 24.8 59.1 1.0041 0.00 0.0M
240480.000 1967 COM2 65 0R0 046 2.5 24.8 59.4 1.0041 0.00 0.0M
240540.000 1967 COM2 65 0R0 079 3.3 24.8 59.5 1.0041 0.00 0.0M
240600.000 1967 COM2 65 0R0 009 3.9 24.8 59.6 1.0041 0.00 0.0M
240660.000 1967 COM2 65 0R0 035 6.0 24.8 59.7 1.0041 0.00 0.0M
240720.000 1967 COM2 65 0R0 072 1.5 24.8 59.6 1.0040 0.00 0.0M
240780.000 1967 COM2 65 0R0 028 2.4 24.7 59.9 1.0040 0.00 0.0M
240840.000 1967 COM2 65 0R0 055 1.9 24.7 60.2 1.0040 0.00 0.0M
240900.000 1967 COM2 65 0R0 348 1.5 24.7 60.3 1.0040 0.00 0.0M
240960.000 1967 COM2 65 0R0 031 1.9 24.7 60.6 1.0040 0.00 0.0M
241020.000 1967 COM2 65 0R0 019 7.7 24.8 59.9 1.0040 0.00 0.0M
241080.000 1967 COM2 65 0R0 022 2.1 24.8 59.8 1.0040 0.00 0.0M
241140.000 1967 COM2 65 0R0 038 4.0 24.7 59.7 1.0039 0.00 0.0M
241200.000 1967 COM2 65 0R0 024 3.4 24.7 59.8 1.0040 0.00 0.0M
241260.000 1967 COM2 65 0R0 023 3.8 24.8 59.8 1.0040 0.00 0.0M
241320.000 1967 COM2 65 0R0 005 2.1 24.8 60.1 1.0040 0.00 0.0M
241380.000 1967 COM2 65 0R0 067 1.6 24.8 59.6 1.0040 0.00 0.0M
241440.000 1967 COM2 65 0R0 026 3.4 24.8 59.7 1.0040 0.00 0.0M
241500.000 1967 COM2 65 0R0 345 4.9 24.7 59.7 1.0040 0.00 0.0M
241560.000 1967 COM2 65 0R0 016 4.9 24.7 60.2 1.0040 0.00 0.0M
241620.000 1967 COM2 65 0R0 030 5.0 24.6 60.3 1.0040 0.00 0.0M
241680.000 1967 COM2 65 0R0 050 5.6 24.6 60.4 1.0040 0.00 0.0M
241740.000 1967 COM2 65 0R0 009 2.5 24.6 59.9 1.0040 0.00 0.0M
241800.000 1967 COM2 65 0R0 015 3.9 24.6 59.9 1.0039 0.00 0.0M
241860.000 1967 COM2 65 0R0 040 3.1 24.6 60.4 1.0039 0.00 0.0M
241920.000 1967 COM2 65 0R0 001 2.7 24.6 60.3 1.0039 0.00 0.0M
241980.000 1967 COM2 65 0R0 022 1.8 24.6 60.6 1.0039 0.00 0.0M
242040.000 1967 COM2 65 0R0 303 1.2 24.7 60.8 1.0039 0.00 0.0M
242100.000 1967 COM2 65 0R0 023 4.5 24.7 59.6 1.0038 0.00 0.0M
242160.100 1967 COM2 65 0R0 003 3.8 24.7 59.9 1.0038 0.00 0.0M
242220.000 1967 COM2 65 0R0 029 2.9 24.7 60.1 1.0038 0.00 0.0M
242280.000 1967 COM2 1 0
242340.100 1967 COM2 65 0R0 014 2.8 24.7 60.3 1.0038 0.00 0.0M
242400.000 1967 COM2 65 0R0 023 3.2 24.7 60.4 1.0038 0.00 0.0M
242460.100 1967 COM2 65 0R0 019 1.3 24.7 60.2 1.0038 0.00 0.0M
242520.100 1967 COM2 65 0R0 019 3.2 24.7 60.5 1.0038 0.00 0.0M
242580.000 1967 COM2 65 0R0 062 1.4 24.8 60.5 1.0038 0.00 0.0M
242640.000 1967 COM2 65 0R0 004 1.2 24.8 60.0 1.0038 0.00 0.0M
242700.000 1967 COM2 65 0R0 006 0.4 24.9 59.9 1.0038 0.00 0.0M
242760.000 1967 COM2 65 0R0 071 4.2 24.9 59.7 1.0038 0.00 0.0M
242820.000 1967 COM2 65 0R0 007 0.5 24.9 59.7 1.0037 0.00 0.0M
242880.000 1967 COM2 65 0R0 040 2.8 24.9 59.8 1.0037 0.00 0.0M
242940.000 1967 COM2 65 0R0 357 2.9 24.9 59.5 1.0037 0.00 0.0M
243000.000 1967 COM2 65 0R0 009 2.1 24.8 59.6 1.0037 0.00 0.0M
243060.000 1967 COM2 65 0R0 344 4.5 24.8 59.7 1.0037 0.00 0.0M
243120.000 1967 COM2 65 0R0 034 2.6 24.8 59.2 1.0036 0.00 0.0M
243180.100 1967 COM2 65 0R0 004 1.4 24.7 59.5 1.0036 0.00 0.0M
243240.000 1967 COM2 65 0R0 024 2.2 24.7 59.7 1.0036 0.00 0.0M
243300.100 1967 COM2 65 0R0 021 4.6 24.7 60.1 1.0036 0.00 0.0M
243360.000 1967 COM2 65 0R0 007 2.7 24.7 60.0 1.0036 0.00 0.0M
243420.000 1967 COM2 65 0R0 024 4.1 24.7 60.0 1.0036 0.00 0.0M
243480.000 1967 COM2 65 0R0 038 4.2 24.6 60.5 1.0037 0.00 0.0M
243540.000 1967 COM2 65 0R0 352 0.6 24.6 60.8 1.0036 0.00 0.0M
243600.000 1967 COM2 65 0R0 348 0.7 24.6 61.0 1.0036 0.00 0.0M
243660.000 1967 COM2 65 0R0 346 1.9 24.6 61.0 1.0036 0.00 0.0M
243720.100 1967 COM2 65 0R0 033 4.3 24.6 60.9 1.0036 0.01 0.0M
243780.000 1967 COM2 65 0R0 018 2.0 24.6 61.9 1.0036 0.00 0.0M
243840.000 1967 COM2 65 0R0 000 0.9 24.6 62.9 1.0036 0.00 0.0M
243900.000 1967 COM2 65 0R0 023 3.6 24.5 62.7 1.0036 0.00 0.0M
243960.000 1967 COM2 65 0R0 009 0.8 24.5 62.7 1.0036 0.00 0.0M
244020.000 1967 COM2 65 0R0 023 3.5 24.4 62.6 1.0036 0.00 0.0M
244080.000 1967 COM2 65 0R0 350 2.3 24.4 62.9 1.0035 0.00 0.0M
244140.000 1967 COM2 65 0R0 047 2.9 24.3 62.7 1.0035 0.00 0.0M
244200.000 1967 COM2 65 0R0 027 1.9 24.4 62.7 1.0035 0.00 0.0M
244260.000 1967 COM2 65 0R0 336 1.5 24.4 63.5 1.0035 0.00 0.0M
244320.000 1967 COM2 65 0R0 033 4.8 24.4 62.6 1.0034 0.00 0.0M
244380.000 1967 COM2 65 0R0 024 3.6 24.4 62.3 1.0034 0.00 0.0M
244440.000 1967 COM2 65 0R0 027 2.1 24.4 62.3 1.0034 0.00 0.0M
244500.000 1967 COM2 65 0R0 014 4.6 24.4 62.8 1.0034 0.00 0.0M
244560.000 1967 COM2 65 0R0 029 2.8 24.4 62.3 1.0034 0.00 0.0M
244620.000 1967 COM2 65 0R0 350 1.9 24.4 62.4 1.0034 0.00 0.0M
244680.000 1967 COM2 65 0R0 048 2.4 24.5 62.4 1.0034 0.00 0.0M
244740.000 1967 COM2 65 0R0 344 4.1 24.5 62.5 1.0034 0.00 0.0M
244800.000 1967 COM2 65 0R0 356 1.9 24.5 62.0 1.0034 0.00 0.0M
244860.000 1967 COM2 65 0R0 029 1.3 24.5 62.0 1.0034 0.00 0.0M
244920.000 1967 COM2 65 0R0 343 1.0 24.5 62.3 1.0034 0.00 0.0M
244980.000 1967 COM2 65 0R0 023 3.4 24.5 62.4 1.0035 0.00 0.0M
245040.000 1967 COM2 65 0R0 030 1.7 24.6 62.0 1.0034 0.00 0.0M
245100.000 1967 COM2 65 0R0 010 2.1 24.6 62.0 1.0034 0.00 0.0M
245160.000 1967 COM2 65 0R0 024 3.9 24.6 62.0 1.0034 0.00 0.0M
245220.000 1967 COM2 65 0R0 044 1.9 24.6 61.7 1.0035 0.00 0.0M
245280.000 1967 COM2 65 0R0 064 1.4 24.6 62.2 1.0035 0.00 0.0M
245340.000 1967 COM2 65 0R0 024 3.1 24.6 62.0 1.0035 0.00 0.0M
245400.000 1967 COM2 65 0R0 052 0.9 24.6 61.8 1.0035 0.00 0.0M
245460.000 1967 COM2 65 0R0 022 0.8 24.6 62.3 1.0035 0.00 0.0M
245520.000 1967 COM2 65 0R0 029 2.7 24.6 62.3 1.0035 0.00 0.0M
245580.000 1967 COM2 65 0R0 080 1.5 24.6 62.3 1.0035 0.00 0.0M
245640.000 1967 COM2 65 0R0 013 2.0 24.6 62.0 1.0035 0.00 0.0M
245700.000 1967 COM2 65 0R0 020 2.7 24.6 62.1 1.0035 0.00 0.0M
245760.000 1967 COM2 65 0R0 033 3.7 24.5 61.8 1.0034 0.00 0.0M
245820.000 1967 COM2 65 0R0 351 2.1 24.5 61.6 1.0034 0.00 0.0M
245880.000 1967 COM2 65 0R0 345 3.8 24.5 62.0 1.0034 0.00 0.0M
245940.000 1967 COM2 65 0R0 335 0.4 24.5 61.4 1.0034 0.00 0.0M
246000.000 1967 COM2 65 0R0 023 4.3 24.5 61.6 1.0034 0.00 0.0M
246060.000 1967 COM2 65 0R0 002 4.5 24.5 61.3 1.0034 0.00 0.0M
246120.000 1967 COM2 65 0R0 333 1.4 24.4 61.4 1.0034 0.00 0.0M
246180.000 1967 COM2 65 0R0 008 2.6 24.4 62.2 1.0034 0.00 0.0M
246240.000 1967 COM2 65 0R0 007 1.0 24.4 61.8 1.0034 0.00 0.0M
246300.000 1967 COM2 65 0R0 028 2.2 24.4 62.1 1.0034 0.00 0.0M
246360.000 1967 COM2 65 0R0 067 4.7 24.4 61.9 1.0033 0.00 0.0M
246420.000 1967 COM2 65 0R0 026 3.2 24.4 61.6 1.0033 0.00 0.0M
246480.000 1967 COM2 65 0R0 039 3.7 24.4 61.9 1.0033 0.00 0.0M
246540.000 1967 COM2 65 0R0 041 3.6 24.4 61.9 1.0033 0.00 0.0M
246600.000 1967 COM2 65 0R0 031 0.7 24.4 61.9 1.0033 0.00 0.0M
246660.000 1967 COM2 65 0R0 031 3.7 24.4 61.8 1.0033 0.00 0.0M
246720.000 1967 COM2 65 0R0 013 1.2 24.4 62.0 1.0033 0.00 0.0M
246780.000 1967 COM2 65 0R0 017 2.7 24.4 62.4 1.0033 0.00 0.0M
246840.000 1967 COM2 65 0R0 107 2.5 24.4 62.1 1.0033 0.00 0.0M
246900.000 1967 COM2 65 0R0 029 2.4 24.4 62.1 1.0033 0.00 0.0M
246960.000 1967 COM2 65 0R0 354 3.8 24.4 61.9 1.0032 0.00 0.0M
247020.000 1967 COM2 65 0R0 026 5.9 24.4 61.8 1.0032 0.00 0.0M
247080.000 1967 COM2 65 0R0 038 3.6 24.4 62.0 1.0032 0.00 0.0M
247140.000 1967 COM2 65 0R0 354 3.6 24.4 61.6 1.0032 0.00 0.0M
247200.000 1967 COM2 65 0R0 025 1.9 24.4 61.7 1.0032 0.00 0.0M
247260.000 1967 COM2 65 0R0 350 1.2 24.4 62.0 1.0032 0.00 0.0M
247320.000 1967 COM2 65 0R0 359 1.6 24.4 62.1 1.0032 0.00 0.0M
247380.000 1967 COM2 65 0R0 025 3.5 24.4 62.0 1.0032 0.00 0.0M
247440.000 1967 COM2 65 0R0 358 2.1 24.4 61.9 1.0032 0.00 0.0M
247500.000 1967 COM2 65 0R0 003 4.1 24.4 61.9 1.0032 0.00 0.0M
247560.000 1967 COM2 65 0R0 021 2.3 24.4 61.9 1.0032 0.00 0.0M
247620.000 1967 COM2 65 0R0 015 3.7 24.4 61.9 1.0032 0.00 0.0M
247680.000 1967 COM2 65 0R0 030 3.7 24.4 61.9 1.0032 0.00 0.0M
247740.000 1967 COM2 65 0R0 347 5.2 24.3 61.4 1.0032 0.00 0.0M
247800.000 1967 COM2 65 0R0 001 2.4 24.3 61.5 1.0032 0.00 0.0M
247860.000 1967 COM2 65 0R0 011 1.7 24.4 61.8 1.0033 0.03 0.0M
247920.000 1967 COM2 65 0R0 003 3.2 24.3 63.8 1.0033 0.00 0.0M
247980.000 1967 COM2 65 0R0 036 1.2 24.3 63.8 1.0032 0.00 0.0M
248040.000 1967 COM2 65 0R0 023 3.6 24.2 64.9 1.0032 0.00 0.0M
248100.000 1967 COM2 65 0R0 017 4.9 24.1 64.3 1.0033 0.00 0.0M
248160.000 1967 COM2 65 0R0 029 4.2 24.0 65.0 1.0033 0.00 0.0M
248220.000 1967 COM2 65 0R0 018 3.7 24.0 63.4 1.0032 0.00 0.0M
248280.000 1967 COM2 65 0R0 016 6.2 24.0 63.5 1.0032 0.00 0.0M
248340.000 1967 COM2 65 0R0 027 5.7 24.0 62.6 1.0033 0.00 0.0M
248400.000 1967 COM2 65 0R0 347 1.6 24.0 63.5 1.0033 0.00 0.0M
248460.000 1967 COM2 65 0R0 034 5.6 24.0 63.5 1.0033 0.00 0.0M
248520.000 1967 COM2 65 0R0 022 6.8 24.0 63.5 1.0033 0.00 0.0M
248580.000 1967 COM2 65 0R0 013 3.3 24.0 63.0 1.0033 0.00 0.0M
248640.000 1967 COM2 65 0R0 039 4.6 24.0 63.5 1.0034 0.00 0.0M
248700.000 1967 COM2 65 0R0 033 2.8 24.0 63.1 1.0034 0.00 0.0M
248760.000 1967 COM2 65 0R0 048 4.3 24.0 63.3 1.0034 0.00 0.0M
248820.000 1967 COM2 65 0R0 006 2.9 24.0 63.8 1.0034 0.00 0.0M
248880.000 1967 COM2 65 0R0 019 4.5 23.9 64.0 1.0034 0.00 0.0M
248940.000 1967 COM2 65 0R0 021 2.3 23.9 64.4 1.0034 0.00 0.0M
249000.000 1967 COM2 65 0R0 016 3.3 23.8 65.0 1.0035 0.00 0.0M
249060.000 1967 COM2 65 0R0 050 3.5 23.7 65.3 1.0034 0.00 0.0M
249120.000 1967 COM2 65 0R0 061 1.9 23.6 65.4 1.0034 0.00 0.0M
249180.000 1967 COM2 65 0R0 010 0.7 23.6 65.8 1.0034 0.00 0.0M
249240.000 1967 COM2 65 0R0 038 4.6 23.5 66.1 1.0034 0.00 0.0M
249300.000 1967 COM2 65 0R0 026 5.4 23.5 66.1 1.0034 0.00 0.0M
249360.000 1967 COM2 65 0R0 034 4.7 23.4 66.1 1.0034 0.00 0.0M
249420.000 1967 COM2 65 0R0 054 5.1 23.3 66.7 1.0034 0.00 0.0M
249480.000 1967 COM2 65 0R0 026 4.7 23.3 66.7 1.0034 0.00 0.0M
249540.000 1967 COM2 65 0R0 020 3.7 23.2 66.9 1.0034 0.00 0.0M
249600.000 1967 COM2 65 0R0 003 1.7 23.2 67.2 1.0034 0.00 0.0M
249660.000 1967 COM2 65 0R0 015 2.7 23.1 67.6 1.0035 0.00 0.0M
249720.000 1967 COM2 65 0R0 346 1.6 23.1 67.4 1.0034 0.00 0.0M
249780.000 1967 COM2 65 0R0 353 2.0 23.1 67.7 1.0035 0.00 0.0M
249840.000 1967 COM2 65 0R0 084 1.2 23.1 67.5 1.0034 0.00 0.0M
249900.000 1967 COM2 65 0R0 007 2.2 23.2 67.4 1.0034 0.00 0.0M
249960.000 1967 COM2 65 0R0 016 2.0 23.2 67.4 1.0035 0.00 0.0M
250020.000 1967 COM2 65 0R0 000 1.6 23.2 67.3 1.0035 0.00 0.0M
250080.000 1967 COM2 65 0R0 012 4.4 23.2 67.4 1.0035 0.00 0.0M
250140.000 1967 COM2 65 0R0 029 3.8 23.2 66.7 1.0035 0.00 0.0M
250200.000 1967 COM2 65 0R0 359 1.7 23.3 66.9 1.0035 0.00 0.0M
250260.000 1967 COM2 65 0R0 021 3.8 23.3 67.0 1.0035 0.00 0.0M
250320.000 1967 COM2 65 0R0 049 1.5 23.3 67.0 1.0036 0.00 0.0M
250380.000 1967 COM2 65 0R0 045 2.2 23.3 66.9 1.0036 0.00 0.0M
250440.000 1967 COM2 65 0R0 026 1.3 23.3 66.8 1.0036 0.00 0.0M
250500.000 1967 COM2 65 0R0 050 0.8 23.3 67.0 1.0036 0.00 0.0M
250560.000 1967 COM2 65 0R0 070 2.5 23.3 66.9 1.0036 0.00 0.0M
250620.000 1967 COM2 65 0R0 051 1.6 23.3 66.7 1.0036 0.00 0.0M
250680.000 1967 COM2 65 0R0 040 2.6 23.3 66.5 1.0035 0.00 0.0M
250740.000 1967 COM2 65 0R0 036 2.7 23.3 66.7 1.0035 0.00 0.0M
250800.000 1967 COM2 65 0R0 030 4.5 23.3 66.8 1.0035 0.00 0.0M
250860.000 1967 COM2 65 0R0 339 2.0 23.4 66.1 1.0035 0.00 0.0M
250920.000 1967 COM2 65 0R0 027 2.1 23.4 66.1 1.0036 0.00 0.0M
250980.000 1967 COM2 65 0R0 052 1.6 23.4 66.3 1.0036 0.00 0.0M
251040.000 1967 COM2 65 0R0 354 1.2 23.4 66.2 1.0035 0.00 0.0M
251100.000 1967 COM2 65 0R0 024 3.4 23.4 66.5 1.0036 0.00 0.0M
251160.000 1967 COM2 65 0R0 019 2.9 23.4 66.7 1.0036 0.00 0.0M
251220.000 1967 COM2 65 0R0 024 4.1 23.4 66.9 1.0036 0.00 0.0M
251280.000 1967 COM2 65 0R0 334 1.3 23.4 67.3 1.0037 0.00 0.0M
251340.000 1967 COM2 65 0R0 001 2.4 23.3 67.7 1.0036 0.00 0.0M
251400.000 1967 COM2 65 0R0 024 3.8 23.2 67.9 1.0036 0.00 0.0M
251460.000 1967 COM2 65 0R0 041 3.8 23.1 68.4 1.0037 0.01 0.0M
251520.000 1967 COM2 65 0R0 037 4.0 23.1 69.4 1.0037 0.02 0.0M
251580.000 1967 COM2 65 0R0 011 2.0 22.9 70.4 1.0037 0.01 0.0M
251640.000 1967 COM2 65 0R0 045 1.9 22.8 71.4 1.0036 0.00 0.0M
251700.000 1967 COM2 65 0R0 337 3.4 22.7 72.4 1.0036 0.01 0.0M
251760.000 1967 COM2 65 0R0 006 2.7 22.6 73.4 1.0036 0.03 0.0M
251820.000 1967 COM2 65 0R0 030 3.3 22.4 74.2 1.0036 0.02 0.0M
251880.000 1967 COM2 65 0R0 037 4.2 22.3 75.5 1.0036 0.03 0.0M
251940.000 1967 COM2 65 0R0 005 1.3 22.2 75.0 1.0035 0.01 0.0M
252000.000 1967 COM2 65 0R0 028 0.6 22.1 76.5 1.0035 0.00 0.0M
252060.000 1967 COM2 65 0R0 020 0.8 22.0 77.8 1.0035 0.00 0.0M
252120.000 1967 COM2 65 0R0 358 2.4 21.9 77.8 1.0034 0.00 0.0M
252180.000 1967 COM2 65 0R0 348 2.7 21.8 77.8 1.0034 0.00 0.0M
252240.000 1967 COM2 65 0R0 343 1.3 21.7 77.4 1.0033 0.00 0.0M
252300.000 1967 COM2 65 0R0 321 0.8 21.7 78.6 1.0033 0.00 0.0M
252360.000 1967 COM2 65 0R0 028 1.1 21.7 79.6 1.0033 0.00 0.0M
252420.000 1967 COM2 65 0R0 303 0.5 21.6 79.5 1.0033 0.00 0.0M
252480.000 1967 COM2 65 0R0 003 1.5 21.6 80.0 1.0033 0.00 0.0M
252540.000 1967 COM2 65 0R0 067 0.7 21.5 80.3 1.0032 0.00 0.0M
252600.000 1967 COM2 65 0R0 350 1.4 21.5 80.5 1.0032 0.00 0.0M
252660.000 1967 COM2 65 0R0 039 2.6 21.5 80.1 1.0032 0.00 0.0M
252720.000 1967 COM2 65 0R0 359 0.5 21.5 80.0 1.0032 0.00 0.0M
252780.000 1967 COM2 65 0R0 097 0.9 21.5 80.7 1.0032 0.00 0.0M
252840.000 1967 COM2 65 0R0 055 1.2 21.5 80.5 1.0032 0.00 0.0M
252900.000 1967 COM2 65 0R0 023 2.4 21.5 79.4 1.0031 0.00 0.0M
252960.000 1967 COM2 65 0R0 306 0.9 21.5 79.3 1.0031 0.00 0.0M
253020.000 1967 COM2 65 0R0 031 1.1 21.6 80.1 1.0031 0.00 0.0M
253080.000 1967 COM2 65 0R0 018 2.2 21.6 80.8 1.0031 0.00 0.0M
253140.000 1967 COM2 65 0R0 019 2.6 21.6 80.0 1.0031 0.00 0.0M
253200.000 1967 COM2 65 0R0 331 1.8 21.5 80.0 1.0031 0.00 0.0M
253260.000 1967 COM2 65 0R0 023 1.1 21.6 79.6 1.0031 0.00 0.0M
253320.000 1967 COM2 65 0R0 030 3.8 21.6 79.7 1.0031 0.00 0.0M
253380.000 1967 COM2 65 0R0 018 1.4 21.6 78.5 1.0031 0.00 0.0M
253440.000 1967 COM2 65 0R0 026 2.2 21.7 79.0 1.0031 0.00 0.0M
253500.000 1967 COM2 65 0R0 004 2.4 21.7 79.0 1.0031 0.00 0.0M
253560.000 1967 COM2 65 0R0 003 1.9 21.7 78.6 1.0031 0.00 0.0M
253620.000 1967 COM2 65 0R0 012 2.0 21.7 78.4 1.0031 0.00 0.0M
253680.000 1967 COM2 65 0R0 012 1.7 21.7 78.6 1.0030 0.00 0.0M
253740.000 1967 COM2 65 0R0 345 3.1 21.7 78.8 1.0030 0.00 0.0M
253800.000 1967 COM2 65 0R0 031 2.8 21.8 78.6 1.0030 0.00 0.0M
253860.000 1967 COM2 65 0R0 048 1.4 21.8 78.1 1.0030 0.00 0.0M
253920.000 1967 COM2 65 0R0 018 3.4 21.8 78.1 1.0029 0.00 0.0M
253980.000 1967 COM2 65 0R0 347 1.3 21.8 77.2 1.0029 0.00 0.0M
254040.000 1967 COM2 65 0R0 023 5.8 21.9 77.3 1.0029 0.00 0.0M
254100.000 1967 COM2 65 0R0 036 2.5 21.9 75.4 1.0029 0.00 0.0M
254160.000 1967 COM2 65 0R0 330 1.7 22.0 76.3 1.0029 0.00 0.0M
254220.000 1967 COM2 65 0R0 332 0.8 22.1 75.7 1.0029 0.00 0.0M
254280.000 1967 COM2 65 0R0 045 2.6 22.1 76.3 1.0029 0.00 0.0M
254340.000 1967 COM2 65 0R0 359 1.8 22.1 76.3 1.0030 0.00 0.0M
254400.000 1967 COM2 65 0R0 029 1.6 22.1 76.5 1.0030 0.00 0.0M
254460.000 1967 COM2 65 0R0 022 3.8 22.0 76.4 1.0030 0.00 0.0M
254520.000 1967 COM2 65 0R0 338 2.5 22.0 76.2 1.0029 0.00 0.0M
254580.000 1967 COM2 65 0R0 340 2.1 22.0 75.7 1.0029 0.00 0.0M
254640.000 1967 COM2 65 0R0 345 5.6 22.0 76.2 1.0029 0.00 0.0M
254700.000 1967 COM2 65 0R0 002 3.4 22.0 73.7 1.0028 0.00 0.0M
254760.000 1967 COM2 65 0R0 339 4.3 22.1 74.1 1.0029 0.00 0.0M
254820.000 1967 COM2 65 0R0 335 3.9 22.2 74.1 1.0029 0.00 0.0M
254880.000 1967 COM2 65 0R0 009 3.4 22.2 74.0 1.0029 0.00 0.0M
254940.000 1967 COM2 65 0R0 338 3.3 22.3 73.8 1.0029 0.00 0.0M
255000.000 1967 COM2 65 0R0 011 2.6 22.3 73.9 1.0029 0.00 0.0M
255060.000 1967 COM2 65 0R0 031 3.0 22.3 73.9 1.0030 0.00 0.0M
255120.000 1967 COM2 65 0R0 000 1.3 22.3 74.0 1.0030 0.00 0.0M
255180.000 1967 COM2 65 0R0 015 1.4 22.3 74.0 1.0030 0.00 0.0M
255240.000 1967 COM2 65 0R0 009 1.7 22.3 74.2 1.0030 0.00 0.0M
255300.000 1967 COM2 65 0R0 348 3.4 22.3 74.1 1.0030 0.00 0.0M
255360.000 1967 COM2 65 0R0 029 4.6 22.3 73.5 1.0030 0.00 0.0M
255420.000 1967 COM2 65 0R0 352 3.5 22.3 73.5 1.0030 0.00 0.0M
255480.000 1967 COM2 65 0R0 349 2.5 22.3 73.2 1.0029 0.00 0.0M
255540.000 1967 COM2 65 0R0 027 5.0 22.3 74.1 1.0029 0.00 0.0M
255600.100 1967 COM2 65 0R0 021 2.0 22.3 73.9 1.0029 0.00 0.0M
255660.100 1967 COM2 65 0R0 022 4.4 22.3 74.3 1.0029 0.00 0.0M
255720.000 1967 COM2 65 0R0 346 3.4 22.3 73.4 1.0029 0.00 0.0M
255780.000 1967 COM2 65 0R0 351 3.8 22.3 72.8 1.0029 0.00 0.0M
255840.000 1967 COM2 65 0R0 014 3.8 22.3 73.1 1.0029 0.00 0.0M
255900.000 1967 COM2 65 0R0 015 3.6 22.3 72.9 1.0029 0.00 0.0M
255960.000 1967 COM2 65 0R0 331 2.5 22.3 72.9 1.0029 0.00 0.0M
256020.000 1967 COM2 65 0R0 011 2.4 22.3 72.9 1.0029 0.00 0.0M
256080.000 1967 COM2 65 0R0 008 3.6 22.3 72.8 1.0029 0.00 0.0M
256140.000 1967 COM2 65 0R0 002 3.8 22.3 72.1 1.0030 0.00 0.0M
256200.000 1967 COM2 65 0R0 350 2.1 22.3 71.6 1.0029 0.00 0.0M
256260.000 1967 COM2 65 0R0 320 1.4 22.3 73.1 1.0030 0.00 0.0M
256320.000 1967 COM2 65 0R0 010 2.1 22.3 72.9 1.0030 0.00 0.0M
256380.000 1967 COM2 65 0R0 035 3.6 22.3 72.6 1.0029 0.00 0.0M
256440.000 1967 COM2 65 0R0 051 2.8 22.3 72.2 1.0029 0.00 0.0M
256500.000 1967 COM2 65 0R0 033 3.6 22.4 71.8 1.0029 0.00 0.0M
256560.000 1967 COM2 65 0R0 002 2.8 22.4 71.5 1.0030 0.00 0.0M
256620.000 1967 COM2 65 0R0 003 3.2 22.4 71.0 1.0029 0.00 0.0M
256680.000 1967 COM2 65 0R0 354 2.9 22.5 70.4 1.0029 0.00 0.0M
256740.000 1967 COM2 65 0R0 014 3.0 22.5 69.8 1.0029 0.00 0.0M
256800.000 1967 COM2 65 0R0 018 3.1 22.5 70.7 1.0029 0.00 0.0M
256860.000 1967 COM2 65 0R0 335 3.8 22.5 70.4 1.0029 0.00 0.0M
256920.000 1967 COM2 65 0R0 029 2.5 22.5 70.1 1.0030 0.00 0.0M
256980.000 1967 COM2 65 0R0 001 1.7 22.5 70.3 1.0030 0.00 0.0M
257040.000 1967 COM2 65 0R0 350 1.6 22.5 70.4 1.0030 0.00 0.0M
257100.000 1967 COM2 65 0R0 297 1.3 22.5 70.0 1.0030 0.00 0.0M
257160.000 1967 COM2 65 0R0 020 3.7 22.6 70.5 1.0030 0.00 0.0M
257220.000 1967 COM2 65 0R0 056 3.8 22.6 69.7 1.0030 0.00 0.0M
257280.000 1967 COM2 65 0R0 012 2.5 22.6 70.1 1.0030 0.00 0.0M
257340.000 1967 COM2 65 0R0 353 3.9 22.6 69.9 1.0031 0.00 0.0M
257400.000 1967 COM2 65 0R0 023 0.9 22.6 69.6 1.0031 0.00 0.0M
257460.000 1967 COM2 65 0R0 013 3.9 22.5 71.1 1.0031 0.00 0.0M
257520.000 1967 COM2 65 0R0 006 2.3 22.4 70.8 1.0031 0.00 0.0M
257580.000 1967 COM2 65 0R0 356 3.4 22.3 71.9 1.0032 0.00 0.0M
257640.000 1967 COM2 65 0R0 090 3.7 22.2 72.2 1.0031 0.00 0.0M
257700.000 1967 COM2 65 0R0 035 2.2 22.1 73.0 1.0031 0.00 0.0M
257760.000 1967 COM2 65 0R0 341 5.0 22.0 73.5 1.0031 0.00 0.0M
257820.000 1967 COM2 65 0R0 010 1.4 21.9 72.9 1.0031 0.00 0.0M
257880.000 1967 COM2 65 0R0 346 1.8 21.9 73.8 1.0031 0.00 0.0M
257940.000 1967 COM2 65 0R0 325 1.1 21.8 74.5 1.0030 0.00 0.0M
258000.000 1967 COM2 65 0R0 337 1.8 21.7 74.0 1.0030 0.00 0.0M
258060.000 1967 COM2 65 0R0 008 5.3 21.7 75.1 1.0030 0.00 0.0M
258120.000 1967 COM2 65 0R0 036 3.6 21.6 73.6 1.0029 0.00 0.0M
258180.000 1967 COM2 65 0R0 352 1.2 21.7 74.7 1.0029 0.00 0.0M
258240.000 1967 COM2 65 0R0 012 4.8 21.7 74.1 1.0029 0.00 0.0M
258300.000 1967 COM2 65 0R0 021 4.0 21.8 73.3 1.0029 0.00 0.0M
258360.000 1967 COM2 65 0R0 020 4.1 21.8 73.4 1.0029 0.00 0.0M
258420.000 1967 COM2 65 0R0 002 2.5 21.9 72.7 1.0029 0.00 0.0M
258480.000 1967 COM2 65 0R0 046 2.8 21.9 72.9 1.0029 0.00 0.0M
258540.000 1967 COM2 65 0R0 017 1.5 22.0 72.5 1.0029 0.00 0.0M
258600.000 1967 COM2 65 0R0 038 3.9 22.0 72.0 1.0029 0.00 0.0M
258660.000 1967 COM2 65 0R0 351 4.0 22.1 71.9 1.0030 0.00 0.0M
258720.000 1967 COM2 65 0R0 020 3.0 22.1 71.6 1.0029 0.00 0.0M
258780.000 1967 COM2 65 0R0 003 2.0 22.2 71.4 1.0030 0.00 0.0M
258840.000 1967 COM2 65 0R0 009 3.8 22.2 71.3 1.0030 0.00 0.0M
258900.000 1967 COM2 65 0R0 012 2.8 22.2 70.9 1.0029 0.00 0.0M
258960.000 1967 COM2 65 0R0 348 3.3 22.2 71.3 1.0030 0.00 0.0M
259020.000 1967 COM2 65 0R0 020 4.9 22.3 70.7 1.0030 0.00 0.0M
259080.000 1967 COM2 65 0R0 031 2.9 22.3 70.3 1.0030 0.00 0.0M
259140.000 1967 COM2 65 0R0 008 2.3 22.3 70.7 1.0030 0.00 0.0M
