TO [s] WNc [w] C StringLn ASCIIString
---------------------------------------
259200.000 1966 COM2 65 0R0 081 0.1 22.7 57.3 1.0052 0.00 0.0M
259260.000 1966 COM2 65 0R0 135 0.7 22.7 58.2 1.0052 0.00 0.0M
259320.000 1966 COM2 65 0R0 119 0.5 22.6 59.4 1.0052 0.00 0.0M
259380.100 1966 COM2 65 0R0 177 0.1 22.5 60.2 1.0052 0.00 0.0M
259440.000 1966 COM2 65 0R0 115 0.2 22.4 60.5 1.0052 0.00 0.0M
259500.000 1966 COM2 65 0R0 104 0.8 22.3 61.1 1.0051 0.00 0.0M
259560.000 1966 COM2 65 0R0 130 0.9 22.2 61.9 1.0051 0.00 0.0M
259620.000 1966 COM2 65 0R0 150 0.9 22.0 61.7 1.0051 0.00 0.0M
259680.000 1966 COM2 65 0R0 081 0.3 21.8 61.6 1.0051 0.00 0.0M
259740.000 1966 COM2 65 0R0 058 0.3 21.7 61.8 1.0051 0.00 0.0M
259800.000 1966 COM2 65 0R0 125 0.2 21.7 62.0 1.0051 0.00 0.0M
259860.000 1966 COM2 65 0R0 188 0.5 21.7 62.6 1.0051 0.00 0.0M
259920.000 1966 COM2 65 0R0 190 0.6 21.7 61.8 1.0051 0.00 0.0M
259980.000 1966 COM2 65 0R0 117 0.3 21.7 61.9 1.0051 0.00 0.0M
260040.000 1966 COM2 65 0R0 135 0.3 21.7 62.9 1.0051 0.00 0.0M
260100.000 1966 COM2 65 0R0 141 0.3 21.7 63.2 1.0051 0.00 0.0M
260160.000 1966 COM2 65 0R0 157 0.3 21.7 62.7 1.0051 0.00 0.0M
260220.000 1966 COM2 65 0R0 143 0.2 21.7 62.7 1.0051 0.00 0.0M
260280.000 1966 COM2 65 0R0 124 0.3 21.7 63.0 1.0051 0.00 0.0M
260340.000 1966 COM2 65 0R0 252 0.1 21.7 62.9 1.0051 0.00 0.0M
260400.000 1966 COM2 65 0R0 200 0.8 21.7 62.6 1.0051 0.00 0.0M
260460.000 1966 COM2 65 0R0 214 0.4 21.7 62.5 1.0051 0.00 0.0M
260520.000 1966 COM2 65 0R0 204 0.7 21.7 62.5 1.0051 0.00 0.0M
260580.000 1966 COM2 65 0R0 217 0.9 21.7 62.6 1.0051 0.00 0.0M
260640.000 1966 COM2 65 0R0 227 0.7 21.7 61.8 1.0051 0.00 0.0M
260700.000 1966 COM2 65 0R0 234 1.3 21.7 62.3 1.0051 0.00 0.0M
260760.000 1966 COM2 65 0R0 219 1.6 21.8 62.3 1.0052 0.00 0.0M
260820.000 1966 COM2 65 0R0 213 1.7 21.8 60.6 1.0052 0.00 0.0M
260880.000 1966 COM2 65 0R0 218 1.4 21.8 60.2 1.0052 0.00 0.0M
260940.000 1966 COM2 65 0R0 219 1.3 21.8 61.5 1.0052 0.00 0.0M
261000.000 1966 COM2 65 0R0 199 1.6 21.8 61.3 1.0052 0.00 0.0M
261060.000 1966 COM2 65 0R0 220 1.2 21.8 61.7 1.0052 0.00 0.0M
261120.000 1966 COM2 65 0R0 208 1.5 21.8 61.7 1.0053 0.00 0.0M
261180.000 1966 COM2 65 0R0 179 1.4 21.8 61.7 1.0053 0.00 0.0M
261240.000 1966 COM2 65 0R0 160 1.8 21.8 60.9 1.0053 0.00 0.0M
261300.000 1966 COM2 65 0R0 221 1.1 21.8 60.8 1.0053 0.00 0.0M
261360.000 1966 COM2 65 0R0 186 1.6 21.8 62.6 1.0053 0.00 0.0M
261420.000 1966 COM2 65 0R0 216 1.7 21.8 63.1 1.0053 0.00 0.0M
261480.000 1966 COM2 65 0R0 219 1.3 21.8 63.6 1.0052 0.00 0.0M
261540.000 1966 COM2 65 0R0 206 1.7 21.8 63.6 1.0052 0.00 0.0M
261600.000 1966 COM2 65 0R0 210 2.0 21.8 63.0 1.0052 0.00 0.0M
261660.000 1966 COM2 65 0R0 231 2.0 21.9 61.6 1.0052 0.00 0.0M
261720.000 1966 COM2 65 0R0 185 1.6 22.0 60.8 1.0052 0.00 0.0M
261780.000 1966 COM2 65 0R0 216 1.5 22.0 60.2 1.0052 0.00 0.0M
261840.000 1966 COM2 65 0R0 226 1.5 22.1 60.3 1.0052 0.00 0.0M
261900.000 1966 COM2 65 0R0 247 1.0 22.1 60.0 1.0052 0.00 0.0M
261960.000 1966 COM2 65 0R0 229 1.4 22.1 60.0 1.0052 0.00 0.0M
262020.000 1966 COM2 65 0R0 225 1.6 22.0 59.7 1.0053 0.00 0.0M
262080.000 1966 COM2 65 0R0 242 1.5 22.0 60.1 1.0052 0.00 0.0M
262140.000 1966 COM2 65 0R0 222 1.3 22.0 60.1 1.0052 0.00 0.0M
262200.000 1966 COM2 65 0R0 238 1.4 21.9 59.5 1.0052 0.00 0.0M
262260.000 1966 COM2 65 0R0 227 1.3 21.9 59.3 1.0052 0.00 0.0M
262320.000 1966 COM2 65 0R0 232 1.1 21.9 59.3 1.0052 0.00 0.0M
262380.000 1966 COM2 65 0R0 212 1.5 21.9 58.9 1.0052 0.00 0.0M
262440.000 1966 COM2 65 0R0 223 1.5 21.9 57.9 1.0052 0.00 0.0M
262500.000 1966 COM2 65 0R0 193 1.4 21.9 58.1 1.0052 0.00 0.0M
262560.000 1966 COM2 65 0R0 222 1.5 22.0 58.6 1.0052 0.00 0.0M
262620.000 1966 COM2 65 0R0 194 1.1 22.0 59.2 1.0053 0.00 0.0M
262680.000 1966 COM2 65 0R0 200 1.0 21.9 60.1 1.0053 0.00 0.0M
262740.000 1966 COM2 65 0R0 176 0.5 21.9 60.7 1.0053 0.00 0.0M
262800.000 1966 COM2 65 0R0 231 0.4 21.8 61.8 1.0053 0.00 0.0M
262860.000 1966 COM2 65 0R0 213 0.8 21.8 61.6 1.0053 0.00 0.0M
262920.000 1966 COM2 65 0R0 198 1.8 21.7 61.6 1.0053 0.00 0.0M
262980.000 1966 COM2 65 0R0 222 1.4 21.6 61.9 1.0053 0.00 0.0M
263040.000 1966 COM2 65 0R0 208 1.7 21.6 62.1 1.0053 0.00 0.0M
263100.000 1966 COM2 65 0R0 208 1.6 21.6 62.0 1.0053 0.00 0.0M
263160.000 1966 COM2 65 0R0 222 1.5 21.6 62.0 1.0053 0.00 0.0M
263220.000 1966 COM2 65 0R0 224 1.7 21.6 62.3 1.0053 0.00 0.0M
263280.000 1966 COM2 65 0R0 235 1.4 21.6 62.7 1.0053 0.00 0.0M
263340.000 1966 COM2 65 0R0 238 1.2 21.5 62.2 1.0053 0.00 0.0M
263400.000 1966 COM2 65 0R0 228 1.3 21.5 62.6 1.0054 0.00 0.0M
263460.000 1966 COM2 65 0R0 241 1.3 21.4 62.6 1.0054 0.00 0.0M
263520.100 1966 COM2 65 0R0 280 0.8 21.4 62.6 1.0054 0.00 0.0M
263580.000 1966 COM2 65 0R0 256 0.7 21.4 63.1 1.0053 0.00 0.0M
263640.000 1966 COM2 65 0R0 228 0.3 21.4 62.7 1.0053 0.00 0.0M
263700.000 1966 COM2 65 0R0 203 1.1 21.3 62.7 1.0054 0.00 0.0M
263760.000 1966 COM2 65 0R0 220 0.9 21.3 62.2 1.0054 0.00 0.0M
263820.000 1966 COM2 65 0R0 236 1.5 21.3 62.4 1.0054 0.00 0.0M
263880.000 1966 COM2 65 0R0 234 1.4 21.3 61.9 1.0054 0.00 0.0M
263940.000 1966 COM2 65 0R0 255 1.4 21.3 61.6 1.0054 0.00 0.0M
264000.000 1966 COM2 65 0R0 232 1.1 21.4 61.0 1.0054 0.00 0.0M
264060.000 1966 COM2 65 0R0 227 1.0 21.4 60.9 1.0054 0.00 0.0M
264120.000 1966 COM2 65 0R0 215 0.8 21.4 60.6 1.0054 0.00 0.0M
264180.000 1966 COM2 65 0R0 233 1.2 21.4 59.2 1.0053 0.00 0.0M
264240.000 1966 COM2 65 0R0 235 1.1 21.4 60.6 1.0053 0.00 0.0M
264300.000 1966 COM2 65 0R0 208 0.4 21.4 60.3 1.0053 0.00 0.0M
264360.000 1966 COM2 65 0R0 214 0.5 21.4 61.8 1.0053 0.00 0.0M
264420.000 1966 COM2 65 0R0 216 1.1 21.4 61.0 1.0053 0.00 0.0M
264480.000 1966 COM2 65 0R0 219 1.2 21.3 60.5 1.0053 0.00 0.0M
264540.000 1966 COM2 65 0R0 222 1.1 21.3 60.4 1.0053 0.00 0.0M
264600.000 1966 COM2 65 0R0 223 1.1 21.3 60.4 1.0053 0.00 0.0M
264660.000 1966 COM2 65 0R0 218 0.9 21.3 60.4 1.0053 0.00 0.0M
264720.000 1966 COM2 65 0R0 201 1.0 21.3 60.7 1.0053 0.00 0.0M
264780.000 1966 COM2 65 0R0 233 0.8 21.3 60.5 1.0053 0.00 0.0M
264840.000 1966 COM2 65 0R0 216 0.9 21.3 60.3 1.0053 0.00 0.0M
264900.000 1966 COM2 65 0R0 290 0.4 21.3 61.2 1.0053 0.00 0.0M
264960.000 1966 COM2 65 0R0 213 1.4 21.3 61.8 1.0053 0.00 0.0M
265020.000 1966 COM2 65 0R0 231 0.8 21.3 61.0 1.0052 0.00 0.0M
265080.000 1966 COM2 65 0R0 217 1.2 21.2 61.3 1.0052 0.00 0.0M
265140.000 1966 COM2 65 0R0 224 1.1 21.2 61.4 1.0052 0.00 0.0M
265200.000 1966 COM2 65 0R0 175 1.1 21.1 61.6 1.0052 0.00 0.0M
265260.000 1966 COM2 65 0R0 214 1.0 21.1 61.7 1.0052 0.00 0.0M
265320.000 1966 COM2 65 0R0 178 0.7 21.1 62.1 1.0052 0.00 0.0M
265380.000 1966 COM2 65 0R0 218 0.7 21.1 63.1 1.0051 0.00 0.0M
265440.000 1966 COM2 65 0R0 152 0.8 21.0 62.5 1.0051 0.00 0.0M
265500.000 1966 COM2 65 0R0 230 1.0 21.0 63.3 1.0051 0.00 0.0M
265560.000 1966 COM2 65 0R0 227 0.7 21.0 62.8 1.0051 0.00 0.0M
265620.000 1966 COM2 65 0R0 212 1.0 21.0 62.9 1.0050 0.00 0.0M
265680.000 1966 COM2 65 0R0 261 0.9 21.0 62.9 1.0050 0.00 0.0M
265740.000 1966 COM2 65 0R0 228 0.6 20.9 63.1 1.0050 0.00 0.0M
265800.000 1966 COM2 65 0R0 249 1.0 20.9 63.3 1.0050 0.00 0.0M
265860.000 1966 COM2 65 0R0 234 0.6 20.9 63.3 1.0050 0.00 0.0M
265920.000 1966 COM2 65 0R0 245 1.1 20.8 63.6 1.0050 0.00 0.0M
265980.000 1966 COM2 65 0R0 234 1.2 20.8 63.4 1.0050 0.00 0.0M
266040.000 1966 COM2 65 0R0 275 0.3 20.8 63.6 1.0050 0.00 0.0M
266100.000 1966 COM2 65 0R0 281 0.8 20.8 63.8 1.0050 0.00 0.0M
266160.000 1966 COM2 65 0R0 200 0.7 20.8 63.8 1.0050 0.00 0.0M
266220.000 1966 COM2 65 0R0 247 1.1 20.8 64.0 1.0050 0.00 0.0M
266280.000 1966 COM2 65 0R0 231 0.9 20.8 64.1 1.0050 0.00 0.0M
266340.000 1966 COM2 65 0R0 255 2.3 20.7 64.3 1.0050 0.00 0.0M
266400.000 1966 COM2 65 0R0 247 1.6 20.7 64.1 1.0050 0.00 0.0M
266460.000 1966 COM2 65 0R0 262 0.9 20.7 64.1 1.0050 0.00 0.0M
266520.000 1966 COM2 65 0R0 242 1.3 20.7 64.1 1.0050 0.00 0.0M
266580.000 1966 COM2 65 0R0 249 1.4 20.7 64.1 1.0049 0.00 0.0M
266640.000 1966 COM2 65 0R0 235 1.2 20.7 64.1 1.0049 0.00 0.0M
266700.000 1966 COM2 65 0R0 238 1.3 20.6 64.1 1.0049 0.00 0.0M
266760.000 1966 COM2 65 0R0 232 1.6 20.6 64.2 1.0049 0.00 0.0M
266820.000 1966 COM2 65 0R0 238 2.1 20.6 64.0 1.0049 0.00 0.0M
266880.000 1966 COM2 65 0R0 222 2.1 20.6 64.3 1.0049 0.00 0.0M
266940.000 1966 COM2 65 0R0 232 1.5 20.6 64.6 1.0049 0.00 0.0M
267000.000 1966 COM2 65 0R0 255 1.8 20.5 64.5 1.0049 0.00 0.0M
267060.000 1966 COM2 65 0R0 252 1.4 20.5 64.5 1.0049 0.00 0.0M
267120.000 1966 COM2 65 0R0 240 1.8 20.5 64.6 1.0049 0.00 0.0M
267180.000 1966 COM2 65 0R0 236 1.9 20.4 64.6 1.0049 0.00 0.0M
267240.000 1966 COM2 65 0R0 237 1.1 20.4 64.7 1.0049 0.00 0.0M
267300.000 1966 COM2 65 0R0 236 1.2 20.4 65.0 1.0049 0.00 0.0M
267360.000 1966 COM2 65 0R0 237 2.2 20.4 64.9 1.0049 0.00 0.0M
267420.000 1966 COM2 65 0R0 237 1.9 20.3 65.3 1.0049 0.00 0.0M
267480.000 1966 COM2 65 0R0 241 2.0 20.3 65.3 1.0049 0.00 0.0M
267540.000 1966 COM2 65 0R0 228 1.3 20.3 65.2 1.0049 0.00 0.0M
267600.000 1966 COM2 65 0R0 248 1.8 20.3 65.5 1.0048 0.00 0.0M
267660.000 1966 COM2 65 0R0 227 2.4 20.2 65.4 1.0048 0.00 0.0M
267720.100 1966 COM2 65 0R0 233 2.1 20.2 65.6 1.0048 0.00 0.0M
267780.000 1966 COM2 65 0R0 209 1.7 20.2 65.8 1.0049 0.00 0.0M
267840.000 1966 COM2 65 0R0 249 1.7 20.1 66.0 1.0049 0.00 0.0M
267900.000 1966 COM2 65 0R0 218 2.0 20.1 66.0 1.0049 0.00 0.0M
267960.000 1966 COM2 65 0R0 250 1.2 20.1 66.0 1.0049 0.00 0.0M
268020.100 1966 COM2 65 0R0 271 1.7 20.1 66.4 1.0049 0.00 0.0M
268080.000 1966 COM2 65 0R0 254 1.0 20.0 66.4 1.0049 0.00 0.0M
268140.000 1966 COM2 65 0R0 204 0.9 20.0 66.5 1.0049 0.00 0.0M
268200.000 1966 COM2 65 0R0 224 1.3 20.0 66.8 1.0050 0.00 0.0M
268260.000 1966 COM2 65 0R0 213 1.7 20.0 66.8 1.0050 0.00 0.0M
268320.000 1966 COM2 65 0R0 206 0.9 19.9 67.0 1.0050 0.00 0.0M
268380.000 1966 COM2 65 0R0 239 1.7 19.9 67.3 1.0050 0.00 0.0M
268440.000 1966 COM2 65 0R0 232 1.3 19.9 67.3 1.0050 0.00 0.0M
268500.000 1966 COM2 65 0R0 221 1.3 19.8 67.6 1.0050 0.00 0.0M
268560.000 1966 COM2 65 0R0 234 1.9 19.8 67.9 1.0050 0.00 0.0M
268620.000 1966 COM2 65 0R0 224 2.0 19.8 68.0 1.0050 0.00 0.0M
268680.000 1966 COM2 65 0R0 236 1.8 19.8 68.1 1.0050 0.00 0.0M
268740.000 1966 COM2 65 0R0 242 1.9 19.7 68.3 1.0050 0.00 0.0M
268800.000 1966 COM2 65 0R0 233 1.9 19.7 68.5 1.0050 0.00 0.0M
268860.000 1966 COM2 65 0R0 220 1.4 19.7 68.6 1.0050 0.00 0.0M
268920.000 1966 COM2 65 0R0 233 1.1 19.7 68.8 1.0050 0.00 0.0M
268980.000 1966 COM2 65 0R0 277 0.5 19.6 68.9 1.0050 0.00 0.0M
269040.000 1966 COM2 65 0R0 239 0.3 19.6 69.0 1.0050 0.00 0.0M
269100.000 1966 COM2 65 0R0 228 1.3 19.6 69.2 1.0050 0.00 0.0M
269160.000 1966 COM2 65 0R0 209 1.3 19.6 69.2 1.0050 0.00 0.0M
269220.000 1966 COM2 65 0R0 238 1.1 19.5 69.4 1.0050 0.00 0.0M
269280.000 1966 COM2 65 0R0 226 1.4 19.5 69.5 1.0050 0.00 0.0M
269340.000 1966 COM2 65 0R0 260 0.9 19.5 69.7 1.0050 0.00 0.0M
269400.000 1966 COM2 65 0R0 255 0.8 19.4 70.0 1.0050 0.00 0.0M
269460.000 1966 COM2 65 0R0 269 1.1 19.4 69.9 1.0050 0.00 0.0M
269520.000 1966 COM2 65 0R0 256 0.7 19.4 69.8 1.0049 0.00 0.0M
269580.000 1966 COM2 65 0R0 230 1.6 19.4 69.8 1.0049 0.00 0.0M
269640.000 1966 COM2 65 0R0 222 1.0 19.4 69.9 1.0049 0.00 0.0M
269700.000 1966 COM2 65 0R0 247 1.5 19.3 70.0 1.0049 0.00 0.0M
269760.000 1966 COM2 65 0R0 229 1.3 19.3 70.1 1.0049 0.00 0.0M
269820.000 1966 COM2 65 0R0 222 0.9 19.3 70.2 1.0049 0.00 0.0M
269880.000 1966 COM2 65 0R0 258 0.9 19.3 70.1 1.0049 0.00 0.0M
269940.000 1966 COM2 65 0R0 249 0.6 19.3 70.0 1.0048 0.00 0.0M
270000.000 1966 COM2 65 0R0 241 1.0 19.3 70.2 1.0048 0.00 0.0M
270060.000 1966 COM2 65 0R0 248 1.6 19.3 70.3 1.0048 0.00 0.0M
270120.000 1966 COM2 65 0R0 264 1.2 19.3 70.2 1.0048 0.00 0.0M
270180.000 1966 COM2 65 0R0 310 0.4 19.2 70.3 1.0048 0.00 0.0M
270240.000 1966 COM2 65 0R0 216 1.3 19.2 70.3 1.0048 0.00 0.0M
270300.000 1966 COM2 65 0R0 238 1.4 19.2 70.4 1.0048 0.00 0.0M
270360.100 1966 COM2 65 0R0 229 1.4 19.2 70.5 1.0048 0.00 0.0M
270420.000 1966 COM2 65 0R0 304 0.4 19.2 70.7 1.0048 0.00 0.0M
270480.000 1966 COM2 65 0R0 228 1.0 19.2 70.7 1.0048 0.00 0.0M
270540.000 1966 COM2 65 0R0 245 0.5 19.1 70.8 1.0048 0.00 0.0M
270600.000 1966 COM2 65 0R0 251 1.4 19.1 71.3 1.0048 0.00 0.0M
270660.000 1966 COM2 65 0R0 245 1.3 19.1 71.1 1.0049 0.00 0.0M
270720.000 1966 COM2 65 0R0 254 1.6 19.1 71.1 1.0049 0.00 0.0M
270780.000 1966 COM2 65 0R0 237 1.5 19.1 71.1 1.0049 0.00 0.0M
270840.000 1966 COM2 65 0R0 245 1.1 19.1 71.1 1.0049 0.00 0.0M
270900.000 1966 COM2 65 0R0 241 1.6 19.1 71.3 1.0048 0.00 0.0M
270960.000 1966 COM2 65 0R0 232 1.8 19.1 71.2 1.0048 0.00 0.0M
271020.000 1966 COM2 65 0R0 225 0.5 19.1 71.2 1.0048 0.00 0.0M
271080.000 1966 COM2 65 0R0 207 1.4 19.1 71.4 1.0048 0.00 0.0M
271140.000 1966 COM2 65 0R0 246 2.0 19.1 71.5 1.0048 0.00 0.0M
271200.000 1966 COM2 65 0R0 245 1.0 19.0 71.6 1.0048 0.00 0.0M
271260.000 1966 COM2 65 0R0 232 0.8 19.0 71.8 1.0048 0.00 0.0M
271320.000 1966 COM2 65 0R0 247 1.6 19.0 71.8 1.0047 0.00 0.0M
271380.000 1966 COM2 65 0R0 244 0.8 18.9 72.1 1.0047 0.00 0.0M
271440.000 1966 COM2 65 0R0 225 2.1 18.9 72.2 1.0047 0.00 0.0M
271500.000 1966 COM2 65 0R0 223 2.0 18.9 72.3 1.0047 0.00 0.0M
271560.000 1966 COM2 65 0R0 227 2.0 18.9 72.5 1.0048 0.00 0.0M
271620.000 1966 COM2 65 0R0 236 1.4 18.9 72.5 1.0048 0.00 0.0M
271680.000 1966 COM2 65 0R0 236 1.9 18.8 72.7 1.0048 0.00 0.0M
271740.000 1966 COM2 65 0R0 231 0.6 18.8 72.8 1.0048 0.00 0.0M
271800.000 1966 COM2 65 0R0 222 1.9 18.8 72.9 1.0048 0.00 0.0M
271860.000 1966 COM2 65 0R0 235 1.3 18.8 73.0 1.0048 0.00 0.0M
271920.000 1966 COM2 65 0R0 227 2.6 18.8 73.1 1.0048 0.00 0.0M
271980.000 1966 COM2 65 0R0 228 0.7 18.7 73.5 1.0048 0.00 0.0M
272040.000 1966 COM2 65 0R0 244 1.7 18.7 73.7 1.0048 0.00 0.0M
272100.000 1966 COM2 65 0R0 285 1.7 18.7 73.7 1.0047 0.00 0.0M
272160.000 1966 COM2 65 0R0 252 0.9 18.6 73.7 1.0047 0.00 0.0M
272220.000 1966 COM2 65 0R0 233 2.3 18.6 73.7 1.0047 0.00 0.0M
272280.000 1966 COM2 65 0R0 257 1.8 18.6 73.5 1.0047 0.00 0.0M
272340.000 1966 COM2 65 0R0 244 2.7 18.6 73.3 1.0047 0.00 0.0M
272400.000 1966 COM2 65 0R0 235 1.5 18.6 72.9 1.0047 0.00 0.0M
272460.000 1966 COM2 65 0R0 239 2.4 18.6 73.1 1.0047 0.00 0.0M
272520.000 1966 COM2 65 0R0 240 1.3 18.6 72.7 1.0047 0.00 0.0M
272580.000 1966 COM2 65 0R0 274 1.0 18.6 72.9 1.0047 0.00 0.0M
272640.000 1966 COM2 65 0R0 243 2.5 18.7 72.9 1.0047 0.00 0.0M
272700.000 1966 COM2 65 0R0 251 2.3 18.7 72.7 1.0047 0.00 0.0M
272760.000 1966 COM2 65 0R0 247 2.5 18.7 72.5 1.0048 0.00 0.0M
272820.000 1966 COM2 65 0R0 252 1.1 18.7 72.6 1.0048 0.00 0.0M
272880.000 1966 COM2 65 0R0 240 1.9 18.7 72.8 1.0048 0.00 0.0M
272940.000 1966 COM2 65 0R0 237 1.5 18.7 72.8 1.0048 0.00 0.0M
273000.000 1966 COM2 65 0R0 250 1.0 18.6 72.8 1.0048 0.00 0.0M
273060.000 1966 COM2 65 0R0 232 2.0 18.6 72.8 1.0048 0.00 0.0M
273120.000 1966 COM2 65 0R0 227 0.9 18.6 72.8 1.0048 0.00 0.0M
273180.000 1966 COM2 65 0R0 225 2.2 18.6 72.3 1.0048 0.00 0.0M
273240.000 1966 COM2 65 0R0 225 2.2 18.6 72.7 1.0048 0.00 0.0M
273300.000 1966 COM2 65 0R0 243 1.7 18.6 72.5 1.0048 0.00 0.0M
273360.000 1966 COM2 65 0R0 206 0.8 18.6 72.7 1.0048 0.00 0.0M
273420.000 1966 COM2 65 0R0 263 1.4 18.6 73.0 1.0047 0.00 0.0M
273480.000 1966 COM2 65 0R0 238 2.0 18.6 72.9 1.0048 0.00 0.0M
273540.000 1966 COM2 65 0R0 253 1.0 18.6 72.7 1.0048 0.00 0.0M
273600.000 1966 COM2 65 0R0 245 1.5 18.5 73.0 1.0048 0.00 0.0M
273660.000 1966 COM2 65 0R0 244 1.4 18.5 72.8 1.0048 0.00 0.0M
273720.000 1966 COM2 65 0R0 252 1.7 18.5 72.7 1.0048 0.00 0.0M
273780.000 1966 COM2 65 0R0 240 2.2 18.5 72.6 1.0048 0.00 0.0M
273840.000 1966 COM2 65 0R0 268 0.8 18.5 72.6 1.0048 0.00 0.0M
273900.000 1966 COM2 65 0R0 246 2.1 18.5 72.5 1.0048 0.00 0.0M
273960.000 1966 COM2 65 0R0 229 1.7 18.5 72.5 1.0048 0.00 0.0M
274020.100 1966 COM2 65 0R0 252 1.5 18.5 72.5 1.0048 0.00 0.0M
274080.000 1966 COM2 65 0R0 292 0.5 18.5 72.6 1.0048 0.00 0.0M
274140.000 1966 COM2 65 0R0 207 1.2 18.5 72.6 1.0048 0.00 0.0M
274200.000 1966 COM2 65 0R0 278 0.9 18.5 72.4 1.0048 0.00 0.0M
274260.000 1966 COM2 65 0R0 263 1.7 18.5 72.6 1.0049 0.00 0.0M
274320.000 1966 COM2 65 0R0 273 1.8 18.5 72.6 1.0049 0.00 0.0M
274380.000 1966 COM2 65 0R0 227 1.5 18.5 72.5 1.0049 0.00 0.0M
274440.000 1966 COM2 65 0R0 260 1.4 18.5 72.6 1.0049 0.00 0.0M
274500.000 1966 COM2 65 0R0 238 2.2 18.5 72.5 1.0049 0.00 0.0M
274560.000 1966 COM2 65 0R0 208 0.8 18.5 72.7 1.0049 0.00 0.0M
274620.000 1966 COM2 65 0R0 269 1.0 18.4 72.9 1.0049 0.00 0.0M
274680.000 1966 COM2 65 0R0 267 0.7 18.4 72.6 1.0048 0.00 0.0M
274740.000 1966 COM2 65 0R0 276 1.4 18.4 72.7 1.0048 0.00 0.0M
274800.000 1966 COM2 65 0R0 240 1.8 18.4 72.7 1.0048 0.00 0.0M
274860.000 1966 COM2 65 0R0 240 0.9 18.4 72.5 1.0048 0.00 0.0M
274920.000 1966 COM2 65 0R0 235 1.4 18.4 72.6 1.0048 0.00 0.0M
274980.000 1966 COM2 65 0R0 238 1.6 18.4 72.9 1.0048 0.00 0.0M
275040.000 1966 COM2 65 0R0 193 1.7 18.4 72.9 1.0048 0.00 0.0M
275100.000 1966 COM2 65 0R0 237 1.7 18.4 72.9 1.0048 0.00 0.0M
275160.000 1966 COM2 65 0R0 259 1.7 18.3 72.9 1.0048 0.00 0.0M
275220.000 1966 COM2 65 0R0 232 1.4 18.3 73.0 1.0048 0.00 0.0M
275280.000 1966 COM2 65 0R0 238 1.7 18.3 73.1 1.0048 0.00 0.0M
275340.000 1966 COM2 65 0R0 257 0.8 18.3 73.3 1.0048 0.00 0.0M
275400.000 1966 COM2 65 0R0 257 1.4 18.3 73.2 1.0048 0.00 0.0M
275460.000 1966 COM2 65 0R0 265 1.2 18.3 73.2 1.0048 0.00 0.0M
275520.000 1966 COM2 65 0R0 243 1.2 18.3 73.2 1.0048 0.00 0.0M
275580.000 1966 COM2 65 0R0 270 1.4 18.3 73.5 1.0048 0.00 0.0M
275640.000 1966 COM2 65 0R0 253 0.4 18.3 73.5 1.0048 0.00 0.0M
275700.000 1966 COM2 65 0R0 270 1.1 18.2 73.6 1.0048 0.00 0.0M
275760.000 1966 COM2 65 0R0 244 0.4 18.2 73.9 1.0048 0.00 0.0M
275820.000 1966 COM2 65 0R0 279 0.7 18.2 74.1 1.0048 0.00 0.0M
275880.000 1966 COM2 65 0R0 229 0.5 18.2 74.1 1.0048 0.00 0.0M
275940.000 1966 COM2 65 0R0 256 0.5 18.2 74.2 1.0048 0.00 0.0M
276000.000 1966 COM2 65 0R0 263 1.2 18.1 74.3 1.0049 0.00 0.0M
276060.000 1966 COM2 65 0R0 263 0.5 18.1 74.6 1.0048 0.00 0.0M
276120.000 1966 COM2 65 0R0 267 0.9 18.1 74.7 1.0048 0.00 0.0M
276180.000 1966 COM2 65 0R0 237 1.0 18.1 74.9 1.0048 0.00 0.0M
276240.000 1966 COM2 65 0R0 249 1.4 18.0 75.0 1.0048 0.00 0.0M
276300.000 1966 COM2 65 0R0 194 0.4 18.0 75.2 1.0048 0.00 0.0M
276360.000 1966 COM2 65 0R0 271 1.9 18.0 75.2 1.0048 0.00 0.0M
276420.000 1966 COM2 65 0R0 202 0.5 18.0 75.5 1.0048 0.00 0.0M
276480.000 1966 COM2 65 0R0 227 0.5 18.0 75.5 1.0048 0.00 0.0M
276540.000 1966 COM2 65 0R0 252 0.3 17.9 75.7 1.0048 0.00 0.0M
276600.000 1966 COM2 65 0R0 089 0.2 17.9 75.8 1.0048 0.00 0.0M
276660.000 1966 COM2 65 0R0 261 1.2 17.9 75.8 1.0047 0.00 0.0M
276720.000 1966 COM2 65 0R0 255 1.4 17.9 76.2 1.0047 0.00 0.0M
276780.000 1966 COM2 65 0R0 264 0.4 17.8 76.4 1.0047 0.00 0.0M
276840.000 1966 COM2 65 0R0 254 1.0 17.8 76.4 1.0047 0.00 0.0M
276900.000 1966 COM2 65 0R0 293 0.3 17.8 76.6 1.0047 0.00 0.0M
276960.000 1966 COM2 65 0R0 261 0.5 17.7 76.8 1.0047 0.00 0.0M
277020.000 1966 COM2 65 0R0 250 0.8 17.7 76.6 1.0047 0.00 0.0M
277080.000 1966 COM2 65 0R0 264 0.5 17.7 76.8 1.0047 0.00 0.0M
277140.000 1966 COM2 65 0R0 255 0.9 17.7 76.9 1.0047 0.00 0.0M
277200.000 1966 COM2 65 0R0 253 0.6 17.7 77.0 1.0047 0.00 0.0M
277260.000 1966 COM2 65 0R0 264 1.2 17.7 77.0 1.0047 0.00 0.0M
277320.000 1966 COM2 65 0R0 253 0.3 17.6 77.3 1.0047 0.00 0.0M
277380.000 1966 COM2 65 0R0 241 0.8 17.6 77.2 1.0047 0.00 0.0M
277440.000 1966 COM2 65 0R0 221 0.3 17.6 77.3 1.0047 0.00 0.0M
277500.000 1966 COM2 65 0R0 189 0.4 17.6 77.4 1.0047 0.00 0.0M
277560.000 1966 COM2 65 0R0 226 1.0 17.6 77.6 1.0047 0.00 0.0M
277620.000 1966 COM2 65 0R0 230 1.5 17.6 77.4 1.0047 0.00 0.0M
277680.000 1966 COM2 65 0R0 233 1.4 17.6 77.3 1.0047 0.00 0.0M
277740.000 1966 COM2 65 0R0 240 0.5 17.6 77.4 1.0047 0.00 0.0M
277800.000 1966 COM2 65 0R0 251 0.4 17.6 77.4 1.0046 0.00 0.0M
277860.000 1966 COM2 65 0R0 236 1.3 17.6 77.5 1.0047 0.00 0.0M
277920.000 1966 COM2 65 0R0 256 1.2 17.5 77.5 1.0047 0.00 0.0M
277980.000 1966 COM2 65 0R0 312 0.3 17.5 77.4 1.0047 0.00 0.0M
278040.000 1966 COM2 65 0R0 249 1.7 17.5 77.6 1.0047 0.00 0.0M
278100.000 1966 COM2 65 0R0 234 0.9 17.5 77.5 1.0047 0.00 0.0M
278160.000 1966 COM2 65 0R0 236 0.9 17.5 77.5 1.0047 0.00 0.0M
278220.000 1966 COM2 65 0R0 279 0.5 17.5 77.6 1.0047 0.00 0.0M
278280.000 1966 COM2 65 0R0 244 0.5 17.5 77.7 1.0047 0.00 0.0M
278340.000 1966 COM2 65 0R0 224 1.2 17.5 77.6 1.0047 0.00 0.0M
278400.000 1966 COM2 65 0R0 237 1.2 17.5 77.6 1.0047 0.00 0.0M
278460.000 1966 COM2 65 0R0 248 0.4 17.5 77.4 1.0047 0.00 0.0M
278520.000 1966 COM2 65 0R0 213 0.8 17.5 77.8 1.0047 0.00 0.0M
278580.000 1966 COM2 65 0R0 225 1.1 17.5 77.8 1.0047 0.00 0.0M
278640.000 1966 COM2 65 0R0 241 0.3 17.4 77.8 1.0047 0.00 0.0M
278700.000 1966 COM2 65 0R0 222 0.5 17.4 78.0 1.0047 0.00 0.0M
278760.000 1966 COM2 65 0R0 255 0.5 17.4 78.0 1.0047 0.00 0.0M
278820.000 1966 COM2 65 0R0 219 0.7 17.4 78.0 1.0047 0.00 0.0M
278880.000 1966 COM2 65 0R0 259 0.9 17.4 78.0 1.0047 0.00 0.0M
278940.000 1966 COM2 65 0R0 246 0.8 17.3 78.0 1.0047 0.00 0.0M
279000.000 1966 COM2 65 0R0 235 0.9 17.4 78.0 1.0047 0.00 0.0M
279060.000 1966 COM2 65 0R0 257 0.5 17.3 78.1 1.0047 0.00 0.0M
279120.000 1966 COM2 65 0R0 257 0.4 17.3 78.3 1.0047 0.00 0.0M
279180.000 1966 COM2 65 0R0 287 1.0 17.3 78.3 1.0048 0.00 0.0M
279240.000 1966 COM2 65 0R0 261 1.0 17.3 78.3 1.0048 0.00 0.0M
279300.000 1966 COM2 65 0R0 255 0.3 17.3 78.3 1.0048 0.00 0.0M
279360.000 1966 COM2 65 0R0 255 1.3 17.3 78.3 1.0048 0.00 0.0M
279420.000 1966 COM2 65 0R0 248 2.0 17.3 78.2 1.0048 0.00 0.0M
279480.000 1966 COM2 65 0R0 248 0.7 17.3 78.1 1.0048 0.00 0.0M
279540.000 1966 COM2 65 0R0 286 0.8 17.3 78.3 1.0048 0.00 0.0M
279600.000 1966 COM2 65 0R0 260 1.3 17.3 78.2 1.0048 0.00 0.0M
279660.000 1966 COM2 65 0R0 234 1.6 17.3 78.4 1.0048 0.00 0.0M
279720.000 1966 COM2 65 0R0 230 1.3 17.3 78.1 1.0048 0.00 0.0M
279780.000 1966 COM2 65 0R0 241 1.6 17.2 78.2 1.0048 0.00 0.0M
279840.000 1966 COM2 65 0R0 281 0.8 17.2 78.2 1.0048 0.00 0.0M
279900.000 1966 COM2 65 0R0 286 0.8 17.2 78.2 1.0048 0.00 0.0M
279960.000 1966 COM2 65 0R0 261 0.9 17.2 78.3 1.0048 0.00 0.0M
280020.000 1966 COM2 65 0R0 268 0.7 17.2 78.5 1.0048 0.00 0.0M
280080.000 1966 COM2 65 0R0 244 1.3 17.2 78.4 1.0048 0.00 0.0M
280140.000 1966 COM2 65 0R0 257 0.5 17.2 78.2 1.0048 0.00 0.0M
280200.000 1966 COM2 65 0R0 250 1.1 17.2 78.3 1.0048 0.00 0.0M
280260.000 1966 COM2 65 0R0 249 1.1 17.2 78.3 1.0047 0.00 0.0M
280320.000 1966 COM2 65 0R0 244 0.6 17.2 78.3 1.0048 0.00 0.0M
280380.000 1966 COM2 65 0R0 245 1.2 17.2 78.2 1.0048 0.00 0.0M
280440.000 1966 COM2 65 0R0 241 1.9 17.2 78.4 1.0048 0.00 0.0M
280500.000 1966 COM2 65 0R0 239 1.1 17.2 78.3 1.0048 0.00 0.0M
280560.000 1966 COM2 65 0R0 254 0.3 17.2 78.4 1.0048 0.00 0.0M
280620.000 1966 COM2 65 0R0 232 0.3 17.2 78.4 1.0048 0.00 0.0M
280680.000 1966 COM2 65 0R0 250 0.4 17.2 78.5 1.0048 0.00 0.0M
280740.000 1966 COM2 65 0R0 281 0.6 17.2 78.4 1.0048 0.00 0.0M
280800.000 1966 COM2 65 0R0 233 1.0 17.2 78.8 1.0048 0.00 0.0M
280860.000 1966 COM2 65 0R0 278 0.9 17.1 78.7 1.0048 0.00 0.0M
280920.000 1966 COM2 65 0R0 268 1.5 17.1 78.6 1.0048 0.00 0.0M
280980.000 1966 COM2 65 0R0 296 0.9 17.1 78.5 1.0048 0.00 0.0M
281040.000 1966 COM2 65 0R0 222 0.8 17.1 78.5 1.0048 0.00 0.0M
281100.000 1966 COM2 65 0R0 268 0.6 17.1 78.4 1.0048 0.00 0.0M
281160.100 1966 COM2 65 0R0 289 0.4 17.1 78.5 1.0048 0.00 0.0M
281220.000 1966 COM2 65 0R0 292 0.3 17.1 78.4 1.0048 0.00 0.0M
281280.000 1966 COM2 65 0R0 143 0.2 17.1 78.3 1.0048 0.00 0.0M
281340.000 1966 COM2 65 0R0 034 0.1 17.1 78.3 1.0048 0.00 0.0M
281400.000 1966 COM2 65 0R0 087 0.4 17.1 78.1 1.0048 0.00 0.0M
281460.000 1966 COM2 65 0R0 094 0.2 17.1 78.4 1.0048 0.00 0.0M
281520.000 1966 COM2 65 0R0 213 0.3 17.1 78.3 1.0048 0.00 0.0M
281580.000 1966 COM2 65 0R0 234 0.2 17.1 78.3 1.0048 0.00 0.0M
281640.000 1966 COM2 65 0R0 126 0.2 17.1 78.1 1.0048 0.00 0.0M
281700.000 1966 COM2 65 0R0 121 0.3 17.1 78.3 1.0048 0.00 0.0M
281760.000 1966 COM2 65 0R0 189 0.7 17.1 78.4 1.0048 0.00 0.0M
281820.000 1966 COM2 65 0R0 198 0.5 17.1 78.9 1.0048 0.00 0.0M
281880.000 1966 COM2 65 0R0 213 0.9 17.0 78.8 1.0048 0.00 0.0M
281940.000 1966 COM2 65 0R0 221 1.0 17.0 78.7 1.0048 0.00 0.0M
282000.000 1966 COM2 65 0R0 162 0.7 17.0 78.6 1.0048 0.00 0.0M
282060.000 1966 COM2 65 0R0 199 0.6 17.0 78.8 1.0048 0.00 0.0M
282120.000 1966 COM2 65 0R0 195 0.6 17.0 78.9 1.0048 0.00 0.0M
282180.000 1966 COM2 65 0R0 203 1.1 17.0 78.9 1.0048 0.00 0.0M
282240.000 1966 COM2 65 0R0 231 0.5 17.0 79.1 1.0048 0.00 0.0M
282300.000 1966 COM2 65 0R0 224 0.9 17.0 79.2 1.0048 0.00 0.0M
282360.100 1966 COM2 65 0R0 263 0.5 17.0 79.1 1.0048 0.00 0.0M
282420.000 1966 COM2 65 0R0 259 1.0 16.9 79.1 1.0048 0.00 0.0M
282480.000 1966 COM2 65 0R0 240 1.3 16.9 79.1 1.0048 0.00 0.0M
282540.000 1966 COM2 65 0R0 247 0.7 16.9 79.1 1.0048 0.00 0.0M
282600.000 1966 COM2 65 0R0 248 1.2 16.9 79.1 1.0048 0.00 0.0M
282660.000 1966 COM2 65 0R0 241 1.6 16.9 79.1 1.0048 0.00 0.0M
282720.000 1966 COM2 65 0R0 263 1.1 16.9 79.0 1.0048 0.00 0.0M
282780.000 1966 COM2 65 0R0 231 1.1 16.9 79.0 1.0048 0.00 0.0M
282840.000 1966 COM2 65 0R0 287 1.1 16.9 79.1 1.0048 0.00 0.0M
282900.000 1966 COM2 65 0R0 242 0.7 16.9 79.0 1.0048 0.00 0.0M
282960.000 1966 COM2 65 0R0 240 1.5 16.9 79.1 1.0048 0.00 0.0M
283020.000 1966 COM2 65 0R0 269 0.6 16.8 79.1 1.0047 0.00 0.0M
283080.000 1966 COM2 65 0R0 262 1.3 16.8 79.2 1.0047 0.00 0.0M
283140.000 1966 COM2 65 0R0 264 1.5 16.8 79.2 1.0047 0.00 0.0M
283200.000 1966 COM2 65 0R0 268 0.9 16.8 79.2 1.0047 0.00 0.0M
283260.000 1966 COM2 65 0R0 240 0.9 16.8 79.3 1.0047 0.00 0.0M
283320.000 1966 COM2 65 0R0 283 1.6 16.8 79.0 1.0047 0.00 0.0M
283380.000 1966 COM2 65 0R0 278 1.4 16.8 78.9 1.0047 0.00 0.0M
283440.000 1966 COM2 65 0R0 283 1.8 16.8 78.9 1.0047 0.00 0.0M
283500.000 1966 COM2 65 0R0 255 1.8 16.8 78.8 1.0047 0.00 0.0M
283560.000 1966 COM2 65 0R0 237 0.4 16.8 78.7 1.0047 0.00 0.0M
283620.000 1966 COM2 65 0R0 265 1.2 16.8 78.9 1.0047 0.00 0.0M
283680.000 1966 COM2 65 0R0 262 0.2 16.8 78.8 1.0047 0.00 0.0M
283740.000 1966 COM2 65 0R0 333 0.4 16.8 78.9 1.0047 0.00 0.0M
283800.000 1966 COM2 65 0R0 240 0.8 16.8 78.9 1.0047 0.00 0.0M
283860.000 1966 COM2 65 0R0 275 0.1 16.8 78.9 1.0047 0.00 0.0M
283920.000 1966 COM2 65 0R0 278 1.3 16.8 78.9 1.0046 0.00 0.0M
283980.000 1966 COM2 65 0R0 275 1.2 16.8 78.9 1.0046 0.00 0.0M
284040.000 1966 COM2 65 0R0 251 1.2 16.8 79.0 1.0046 0.00 0.0M
284100.000 1966 COM2 65 0R0 251 1.0 16.8 79.0 1.0046 0.00 0.0M
284160.100 1966 COM2 65 0R0 281 1.1 16.8 79.1 1.0046 0.00 0.0M
284220.000 1966 COM2 65 0R0 292 0.3 16.8 79.1 1.0046 0.00 0.0M
284280.000 1966 COM2 65 0R0 220 0.7 16.8 79.2 1.0046 0.00 0.0M
284340.000 1966 COM2 65 0R0 273 1.1 16.8 79.2 1.0046 0.00 0.0M
284400.000 1966 COM2 65 0R0 218 0.8 16.8 79.3 1.0045 0.00 0.0M
284460.000 1966 COM2 65 0R0 204 0.4 16.8 79.3 1.0045 0.00 0.0M
284520.000 1966 COM2 65 0R0 229 0.4 16.8 79.4 1.0045 0.00 0.0M
284580.000 1966 COM2 65 0R0 211 0.4 16.8 79.4 1.0045 0.00 0.0M
284640.000 1966 COM2 65 0R0 187 0.3 16.8 79.4 1.0045 0.00 0.0M
284700.000 1966 COM2 65 0R0 221 0.4 16.8 79.3 1.0045 0.00 0.0M
284760.000 1966 COM2 65 0R0 152 0.2 16.8 79.3 1.0045 0.00 0.0M
284820.000 1966 COM2 65 0R0 236 0.8 16.7 79.3 1.0045 0.00 0.0M
284880.000 1966 COM2 65 0R0 271 0.2 16.7 79.2 1.0045 0.00 0.0M
284940.000 1966 COM2 65 0R0 280 0.3 16.7 79.1 1.0045 0.00 0.0M
285000.000 1966 COM2 65 0R0 147 0.3 16.7 79.1 1.0045 0.00 0.0M
285060.000 1966 COM2 65 0R0 197 0.5 16.7 79.3 1.0045 0.00 0.0M
285120.000 1966 COM2 65 0R0 203 0.8 16.7 79.4 1.0044 0.00 0.0M
285180.000 1966 COM2 65 0R0 227 0.7 16.7 79.6 1.0044 0.00 0.0M
285240.000 1966 COM2 65 0R0 218 0.7 16.6 79.7 1.0044 0.00 0.0M
285300.000 1966 COM2 65 0R0 212 0.6 16.6 79.9 1.0044 0.00 0.0M
285360.000 1966 COM2 65 0R0 198 0.7 16.6 80.0 1.0044 0.00 0.0M
285420.000 1966 COM2 65 0R0 202 0.9 16.6 80.0 1.0044 0.00 0.0M
285480.000 1966 COM2 65 0R0 196 1.0 16.5 80.0 1.0044 0.00 0.0M
285540.000 1966 COM2 65 0R0 199 0.7 16.5 80.1 1.0044 0.00 0.0M
285600.000 1966 COM2 65 0R0 208 0.9 16.4 80.4 1.0044 0.00 0.0M
285660.000 1966 COM2 65 0R0 216 0.8 16.4 80.6 1.0043 0.00 0.0M
285720.000 1966 COM2 65 0R0 192 0.7 16.4 80.7 1.0044 0.00 0.0M
285780.000 1966 COM2 65 0R0 192 1.0 16.4 80.7 1.0043 0.00 0.0M
285840.000 1966 COM2 65 0R0 204 0.9 16.3 80.7 1.0043 0.00 0.0M
285900.000 1966 COM2 65 0R0 195 1.0 16.3 80.8 1.0043 0.00 0.0M
285960.000 1966 COM2 65 0R0 193 1.4 16.3 81.0 1.0043 0.00 0.0M
286020.000 1966 COM2 65 0R0 205 1.2 16.2 81.3 1.0043 0.00 0.0M
286080.000 1966 COM2 65 0R0 177 1.3 16.1 81.7 1.0043 0.00 0.0M
286140.000 1966 COM2 65 0R0 192 0.9 16.0 82.0 1.0043 0.00 0.0M
286200.000 1966 COM2 65 0R0 196 1.0 16.0 82.2 1.0043 0.00 0.0M
286260.000 1966 COM2 65 0R0 216 1.0 15.9 82.4 1.0043 0.00 0.0M
286320.000 1966 COM2 65 0R0 213 1.3 15.9 82.7 1.0043 0.00 0.0M
286380.000 1966 COM2 65 0R0 218 1.1 15.8 83.4 1.0043 0.00 0.0M
286440.000 1966 COM2 65 0R0 194 0.7 15.8 83.8 1.0043 0.00 0.0M
286500.000 1966 COM2 65 0R0 207 0.7 15.8 83.6 1.0043 0.00 0.0M
286560.000 1966 COM2 65 0R0 186 0.7 15.8 83.4 1.0043 0.00 0.0M
286620.000 1966 COM2 65 0R0 202 0.4 15.8 83.1 1.0043 0.00 0.0M
286680.000 1966 COM2 65 0R0 170 0.3 15.8 83.0 1.0043 0.00 0.0M
286740.000 1966 COM2 65 0R0 139 0.2 15.9 83.0 1.0043 0.00 0.0M
286800.000 1966 COM2 65 0R0 221 0.4 15.9 82.8 1.0044 0.00 0.0M
286860.000 1966 COM2 65 0R0 195 0.2 16.0 82.7 1.0044 0.00 0.0M
286920.000 1966 COM2 65 0R0 213 0.5 16.0 82.5 1.0044 0.00 0.0M
286980.000 1966 COM2 65 0R0 237 0.1 16.0 82.6 1.0044 0.00 0.0M
287040.000 1966 COM2 65 0R0 213 0.8 16.0 82.4 1.0043 0.00 0.0M
287100.000 1966 COM2 65 0R0 240 0.3 16.0 82.4 1.0043 0.00 0.0M
287160.000 1966 COM2 65 0R0 190 0.8 16.1 82.2 1.0044 0.00 0.0M
287220.000 1966 COM2 65 0R0 182 0.4 16.1 82.1 1.0044 0.00 0.0M
287280.000 1966 COM2 65 0R0 218 0.6 16.1 82.0 1.0044 0.00 0.0M
287340.000 1966 COM2 65 0R0 184 0.3 16.1 82.0 1.0044 0.00 0.0M
287400.000 1966 COM2 65 0R0 148 0.4 16.1 81.9 1.0044 0.00 0.0M
287460.000 1966 COM2 65 0R0 195 1.0 16.1 81.8 1.0044 0.00 0.0M
287520.000 1966 COM2 65 0R0 193 1.0 16.1 81.7 1.0044 0.00 0.0M
287580.000 1966 COM2 65 0R0 193 1.2 16.2 81.7 1.0044 0.00 0.0M
287640.000 1966 COM2 65 0R0 197 1.2 16.1 81.9 1.0044 0.00 0.0M
287700.000 1966 COM2 65 0R0 214 1.2 16.1 82.2 1.0044 0.00 0.0M
287760.000 1966 COM2 65 0R0 213 1.2 16.0 82.7 1.0044 0.00 0.0M
287820.000 1966 COM2 65 0R0 223 1.3 16.0 82.9 1.0044 0.00 0.0M
287880.000 1966 COM2 65 0R0 228 0.6 16.0 83.1 1.0044 0.00 0.0M
287940.000 1966 COM2 65 0R0 169 0.2 16.0 82.9 1.0044 0.00 0.0M
288000.000 1966 COM2 65 0R0 182 0.1 16.0 82.6 1.0044 0.00 0.0M
288060.000 1966 COM2 65 0R0 180 0.4 16.0 82.5 1.0044 0.00 0.0M
288120.000 1966 COM2 65 0R0 241 0.3 16.0 82.3 1.0043 0.00 0.0M
288180.000 1966 COM2 65 0R0 223 0.5 16.1 82.2 1.0043 0.00 0.0M
288240.000 1966 COM2 65 0R0 189 0.4 16.1 82.2 1.0044 0.00 0.0M
288300.000 1966 COM2 65 0R0 270 0.4 16.1 82.2 1.0044 0.00 0.0M
288360.000 1966 COM2 65 0R0 232 0.5 16.1 81.8 1.0044 0.00 0.0M
288420.000 1966 COM2 65 0R0 232 0.5 16.1 82.0 1.0043 0.00 0.0M
288480.000 1966 COM2 65 0R0 235 0.4 16.2 82.0 1.0043 0.00 0.0M
288540.000 1966 COM2 65 0R0 235 0.4 16.2 81.9 1.0044 0.00 0.0M
288600.000 1966 COM2 65 0R0 193 0.7 16.2 81.7 1.0043 0.00 0.0M
288660.000 1966 COM2 65 0R0 207 0.9 16.2 81.6 1.0043 0.00 0.0M
288720.000 1966 COM2 65 0R0 263 0.6 16.2 81.3 1.0043 0.00 0.0M
288780.000 1966 COM2 65 0R0 211 1.0 16.2 81.4 1.0044 0.00 0.0M
288840.000 1966 COM2 65 0R0 214 0.9 16.2 81.5 1.0044 0.00 0.0M
288900.000 1966 COM2 65 0R0 213 1.1 16.2 81.5 1.0044 0.00 0.0M
288960.000 1966 COM2 65 0R0 225 1.2 16.2 81.5 1.0044 0.00 0.0M
289020.000 1966 COM2 65 0R0 195 1.4 16.3 81.4 1.0044 0.00 0.0M
289080.000 1966 COM2 65 0R0 213 1.3 16.3 81.4 1.0044 0.00 0.0M
289140.000 1966 COM2 65 0R0 199 1.5 16.2 81.7 1.0044 0.00 0.0M
289200.000 1966 COM2 65 0R0 207 1.3 16.2 82.1 1.0044 0.00 0.0M
289260.000 1966 COM2 65 0R0 205 1.3 16.1 82.1 1.0044 0.00 0.0M
289320.000 1966 COM2 65 0R0 227 1.5 16.0 82.0 1.0044 0.00 0.0M
289380.000 1966 COM2 65 0R0 222 1.2 16.0 82.7 1.0044 0.00 0.0M
289440.000 1966 COM2 65 0R0 220 1.2 16.0 82.7 1.0044 0.00 0.0M
289500.000 1966 COM2 65 0R0 139 1.0 16.0 82.5 1.0044 0.00 0.0M
289560.000 1966 COM2 65 0R0 282 0.4 16.0 82.0 1.0044 0.00 0.0M
289620.000 1966 COM2 65 0R0 209 0.6 16.0 82.1 1.0044 0.00 0.0M
289680.000 1966 COM2 65 0R0 241 0.6 16.0 82.1 1.0044 0.00 0.0M
289740.000 1966 COM2 65 0R0 236 0.8 16.0 82.2 1.0044 0.00 0.0M
289800.000 1966 COM2 65 0R0 253 0.8 16.0 82.3 1.0044 0.00 0.0M
289860.000 1966 COM2 65 0R0 245 0.9 16.0 82.5 1.0044 0.00 0.0M
289920.000 1966 COM2 65 0R0 228 0.6 16.0 82.3 1.0044 0.00 0.0M
289980.000 1966 COM2 65 0R0 240 0.4 16.0 82.2 1.0044 0.00 0.0M
290040.000 1966 COM2 65 0R0 228 0.5 16.1 81.9 1.0044 0.00 0.0M
290100.000 1966 COM2 65 0R0 227 0.4 16.1 81.9 1.0044 0.00 0.0M
290160.000 1966 COM2 65 0R0 256 0.4 16.2 81.7 1.0045 0.00 0.0M
290220.000 1966 COM2 65 0R0 241 0.5 16.2 81.8 1.0045 0.00 0.0M
290280.000 1966 COM2 65 0R0 294 0.4 16.2 81.8 1.0045 0.00 0.0M
290340.000 1966 COM2 65 0R0 255 0.5 16.2 81.7 1.0045 0.00 0.0M
290400.000 1966 COM2 65 0R0 228 0.3 16.2 81.7 1.0045 0.00 0.0M
290460.000 1966 COM2 65 0R0 268 0.3 16.3 81.5 1.0045 0.00 0.0M
290520.000 1966 COM2 65 0R0 245 0.3 16.3 81.4 1.0045 0.00 0.0M
290580.000 1966 COM2 65 0R0 237 0.5 16.3 81.2 1.0045 0.00 0.0M
290640.000 1966 COM2 65 0R0 138 0.2 16.3 81.0 1.0044 0.00 0.0M
290700.000 1966 COM2 65 0R0 180 0.2 16.3 80.9 1.0045 0.00 0.0M
290760.000 1966 COM2 65 0R0 302 0.3 16.3 80.7 1.0044 0.00 0.0M
290820.000 1966 COM2 65 0R0 086 0.2 16.4 80.6 1.0045 0.00 0.0M
290880.000 1966 COM2 65 0R0 103 0.2 16.4 80.7 1.0045 0.00 0.0M
290940.000 1966 COM2 65 0R0 043 0.1 16.4 80.8 1.0045 0.00 0.0M
291000.000 1966 COM2 65 0R0 058 0.2 16.3 81.0 1.0045 0.00 0.0M
291060.000 1966 COM2 65 0R0 042 0.2 16.3 81.0 1.0045 0.00 0.0M
291120.000 1966 COM2 65 0R0 330 0.2 16.3 81.1 1.0045 0.00 0.0M
291180.000 1966 COM2 65 0R0 040 0.1 16.3 81.3 1.0045 0.00 0.0M
291240.000 1966 COM2 65 0R0 212 0.2 16.2 81.4 1.0045 0.00 0.0M
291300.000 1966 COM2 65 0R0 147 0.1 16.2 81.7 1.0046 0.00 0.0M
291360.000 1966 COM2 65 0R0 211 0.1 16.1 81.7 1.0046 0.00 0.0M
291420.000 1966 COM2 65 0R0 214 0.4 16.1 81.6 1.0046 0.00 0.0M
291480.000 1966 COM2 65 0R0 124 0.1 16.1 81.8 1.0046 0.00 0.0M
291540.000 1966 COM2 65 0R0 121 0.2 16.1 81.8 1.0046 0.00 0.0M
291600.000 1966 COM2 65 0R0 160 0.2 16.1 81.7 1.0046 0.00 0.0M
291660.000 1966 COM2 65 0R0 080 0.2 16.1 81.6 1.0046 0.00 0.0M
291720.000 1966 COM2 65 0R0 246 0.3 16.1 81.4 1.0046 0.00 0.0M
291780.000 1966 COM2 65 0R0 134 0.5 16.1 81.4 1.0047 0.00 0.0M
291840.000 1966 COM2 65 0R0 169 0.3 16.2 81.4 1.0047 0.00 0.0M
291900.000 1966 COM2 65 0R0 089 0.2 16.2 81.4 1.0047 0.00 0.0M
291960.000 1966 COM2 65 0R0 003 0.1 16.2 81.3 1.0047 0.00 0.0M
292020.000 1966 COM2 65 0R0 312 0.2 16.1 81.0 1.0047 0.00 0.0M
292080.000 1966 COM2 65 0R0 249 0.1 16.1 81.0 1.0047 0.00 0.0M
292140.000 1966 COM2 65 0R0 351 0.1 16.1 81.3 1.0047 0.00 0.0M
292200.000 1966 COM2 65 0R0 306 0.2 16.1 81.4 1.0048 0.00 0.0M
292260.000 1966 COM2 65 0R0 208 0.5 16.1 81.5 1.0048 0.00 0.0M
292320.000 1966 COM2 65 0R0 206 0.3 16.1 81.6 1.0048 0.00 0.0M
292380.000 1966 COM2 65 0R0 177 0.5 16.1 81.7 1.0049 0.00 0.0M
292440.000 1966 COM2 65 0R0 224 0.6 16.1 81.8 1.0049 0.00 0.0M
292500.000 1966 COM2 65 0R0 225 0.6 16.1 81.9 1.0049 0.00 0.0M
292560.000 1966 COM2 65 0R0 256 0.3 16.1 82.0 1.0049 0.00 0.0M
292620.000 1966 COM2 65 0R0 249 0.5 16.1 82.0 1.0049 0.00 0.0M
292680.000 1966 COM2 65 0R0 251 0.7 16.1 82.0 1.0049 0.00 0.0M
292740.000 1966 COM2 65 0R0 252 0.8 16.1 82.3 1.0049 0.00 0.0M
292800.000 1966 COM2 65 0R0 266 0.7 16.1 82.5 1.0049 0.00 0.0M
292860.000 1966 COM2 65 0R0 248 0.7 16.1 82.6 1.0049 0.00 0.0M
292920.000 1966 COM2 65 0R0 254 0.8 16.1 82.6 1.0049 0.00 0.0M
292980.000 1966 COM2 65 0R0 258 0.3 16.1 82.4 1.0049 0.00 0.0M
293040.000 1966 COM2 65 0R0 238 0.6 16.1 82.2 1.0049 0.00 0.0M
293100.000 1966 COM2 65 0R0 239 1.1 16.2 82.0 1.0049 0.00 0.0M
293160.000 1966 COM2 65 0R0 240 0.9 16.2 82.0 1.0049 0.00 0.0M
293220.000 1966 COM2 65 0R0 200 0.8 16.2 81.9 1.0050 0.00 0.0M
293280.100 1966 COM2 65 0R0 222 0.8 16.2 81.9 1.0050 0.00 0.0M
293340.000 1966 COM2 65 0R0 214 0.7 16.2 81.7 1.0050 0.00 0.0M
293400.000 1966 COM2 65 0R0 181 0.2 16.2 81.5 1.0050 0.00 0.0M
293460.000 1966 COM2 65 0R0 206 0.7 16.2 81.6 1.0050 0.00 0.0M
293520.000 1966 COM2 65 0R0 235 0.9 16.2 81.5 1.0050 0.00 0.0M
293580.000 1966 COM2 65 0R0 232 1.0 16.3 81.5 1.0050 0.00 0.0M
293640.000 1966 COM2 65 0R0 217 0.9 16.2 81.5 1.0050 0.00 0.0M
293700.000 1966 COM2 65 0R0 243 0.9 16.3 81.3 1.0050 0.00 0.0M
293760.000 1966 COM2 65 0R0 251 0.5 16.3 81.2 1.0050 0.00 0.0M
293820.000 1966 COM2 65 0R0 255 1.3 16.3 81.2 1.0050 0.00 0.0M
293880.000 1966 COM2 65 0R0 242 0.4 16.3 81.1 1.0050 0.00 0.0M
293940.000 1966 COM2 65 0R0 252 1.2 16.3 81.0 1.0050 0.00 0.0M
294000.000 1966 COM2 65 0R0 243 1.2 16.3 81.1 1.0050 0.00 0.0M
294060.000 1966 COM2 65 0R0 257 0.8 16.3 81.0 1.0050 0.00 0.0M
294120.000 1966 COM2 65 0R0 257 0.5 16.3 81.0 1.0050 0.00 0.0M
294180.000 1966 COM2 65 0R0 239 0.6 16.3 81.0 1.0050 0.00 0.0M
294240.000 1966 COM2 65 0R0 245 0.8 16.3 81.0 1.0050 0.00 0.0M
294300.000 1966 COM2 65 0R0 246 0.6 16.3 81.0 1.0051 0.00 0.0M
294360.000 1966 COM2 65 0R0 289 0.2 16.3 80.9 1.0051 0.00 0.0M
294420.000 1966 COM2 65 0R0 234 1.0 16.3 80.9 1.0051 0.00 0.0M
294480.000 1966 COM2 65 0R0 263 0.8 16.3 80.8 1.0051 0.00 0.0M
294540.000 1966 COM2 65 0R0 238 1.6 16.4 80.8 1.0051 0.00 0.0M
294600.000 1966 COM2 65 0R0 263 1.0 16.4 80.7 1.0050 0.00 0.0M
294660.000 1966 COM2 65 0R0 263 0.6 16.4 80.7 1.0050 0.00 0.0M
294720.000 1966 COM2 65 0R0 247 1.1 16.3 80.6 1.0050 0.00 0.0M
294780.000 1966 COM2 65 0R0 280 1.6 16.3 80.6 1.0050 0.00 0.0M
294840.000 1966 COM2 65 0R0 227 1.7 16.3 80.9 1.0050 0.00 0.0M
294900.000 1966 COM2 65 0R0 254 0.6 16.3 80.9 1.0050 0.00 0.0M
294960.000 1966 COM2 65 0R0 258 0.4 16.3 80.9 1.0050 0.00 0.0M
295020.000 1966 COM2 65 0R0 233 0.6 16.3 80.9 1.0050 0.00 0.0M
295080.000 1966 COM2 65 0R0 247 1.0 16.3 81.0 1.0050 0.00 0.0M
295140.000 1966 COM2 65 0R0 243 0.8 16.3 81.0 1.0050 0.00 0.0M
295200.000 1966 COM2 65 0R0 236 1.0 16.3 81.0 1.0050 0.00 0.0M
295260.000 1966 COM2 65 0R0 260 0.7 16.3 81.0 1.0050 0.00 0.0M
295320.000 1966 COM2 65 0R0 265 1.1 16.3 81.0 1.0049 0.00 0.0M
295380.100 1966 COM2 65 0R0 269 1.3 16.3 81.0 1.0049 0.00 0.0M
295440.000 1966 COM2 65 0R0 244 1.4 16.3 81.1 1.0049 0.00 0.0M
295500.000 1966 COM2 65 0R0 247 1.5 16.3 80.9 1.0050 0.00 0.0M
295560.000 1966 COM2 65 0R0 249 0.9 16.3 81.0 1.0050 0.00 0.0M
295620.000 1966 COM2 65 0R0 256 1.1 16.4 80.9 1.0050 0.00 0.0M
295680.000 1966 COM2 65 0R0 245 0.4 16.4 81.0 1.0050 0.00 0.0M
295740.000 1966 COM2 65 0R0 292 0.7 16.4 80.9 1.0050 0.00 0.0M
295800.000 1966 COM2 65 0R0 268 0.7 16.4 81.1 1.0050 0.00 0.0M
295860.000 1966 COM2 65 0R0 282 1.6 16.4 81.1 1.0050 0.00 0.0M
295920.000 1966 COM2 65 0R0 284 0.9 16.4 81.1 1.0050 0.00 0.0M
295980.000 1966 COM2 65 0R0 276 0.9 16.4 80.9 1.0050 0.00 0.0M
296040.000 1966 COM2 65 0R0 274 0.9 16.3 80.9 1.0050 0.00 0.0M
296100.000 1966 COM2 65 0R0 281 1.2 16.3 81.0 1.0050 0.00 0.0M
296160.000 1966 COM2 65 0R0 265 1.1 16.3 81.1 1.0050 0.00 0.0M
296220.000 1966 COM2 65 0R0 249 0.4 16.3 81.0 1.0050 0.00 0.0M
296280.000 1966 COM2 65 0R0 248 1.0 16.3 81.0 1.0050 0.00 0.0M
296340.100 1966 COM2 65 0R0 272 0.7 16.3 81.0 1.0050 0.00 0.0M
296400.000 1966 COM2 65 0R0 298 0.7 16.3 81.0 1.0050 0.00 0.0M
296460.000 1966 COM2 65 0R0 265 1.0 16.3 81.0 1.0050 0.00 0.0M
296520.000 1966 COM2 65 0R0 306 0.3 16.3 81.0 1.0050 0.00 0.0M
296580.000 1966 COM2 65 0R0 255 0.7 16.3 81.0 1.0050 0.00 0.0M
296640.000 1966 COM2 65 0R0 225 1.0 16.3 81.0 1.0050 0.00 0.0M
296700.000 1966 COM2 65 0R0 269 0.5 16.3 81.1 1.0050 0.00 0.0M
296760.000 1966 COM2 65 0R0 215 0.8 16.3 81.0 1.0050 0.00 0.0M
296820.000 1966 COM2 65 0R0 218 0.7 16.3 81.0 1.0050 0.00 0.0M
296880.000 1966 COM2 65 0R0 229 0.6 16.3 80.6 1.0050 0.00 0.0M
296940.100 1966 COM2 65 0R0 217 1.1 16.3 80.8 1.0050 0.00 0.0M
297000.000 1966 COM2 65 0R0 263 0.5 16.3 80.8 1.0050 0.00 0.0M
297060.000 1966 COM2 65 0R0 228 0.9 16.4 80.5 1.0050 0.00 0.0M
297120.000 1966 COM2 65 0R0 236 0.7 16.4 80.5 1.0050 0.00 0.0M
297180.000 1966 COM2 65 0R0 205 0.2 16.4 80.5 1.0051 0.00 0.0M
297240.000 1966 COM2 65 0R0 241 0.7 16.4 80.5 1.0051 0.00 0.0M
297300.000 1966 COM2 65 0R0 262 0.7 16.4 80.4 1.0051 0.00 0.0M
297360.000 1966 COM2 65 0R0 262 0.7 16.4 80.3 1.0051 0.00 0.0M
297420.000 1966 COM2 65 0R0 234 0.5 16.4 79.9 1.0051 0.00 0.0M
297480.000 1966 COM2 65 0R0 198 0.4 16.4 80.0 1.0051 0.00 0.0M
297540.000 1966 COM2 65 0R0 221 0.7 16.4 80.2 1.0051 0.00 0.0M
297600.000 1966 COM2 65 0R0 168 0.4 16.4 80.2 1.0051 0.00 0.0M
297660.000 1966 COM2 65 0R0 126 0.3 16.4 80.4 1.0051 0.00 0.0M
297720.000 1966 COM2 65 0R0 136 0.2 16.4 80.1 1.0051 0.00 0.0M
297780.000 1966 COM2 65 0R0 212 0.5 16.4 80.1 1.0051 0.00 0.0M
297840.000 1966 COM2 65 0R0 291 0.2 16.4 80.3 1.0051 0.00 0.0M
297900.000 1966 COM2 65 0R0 271 0.3 16.3 80.4 1.0051 0.00 0.0M
297960.000 1966 COM2 65 0R0 207 0.3 16.4 80.3 1.0051 0.00 0.0M
298020.000 1966 COM2 65 0R0 200 0.3 16.3 80.3 1.0051 0.00 0.0M
298080.000 1966 COM2 65 0R0 226 0.6 16.3 80.3 1.0051 0.00 0.0M
298140.000 1966 COM2 65 0R0 259 0.6 16.4 80.3 1.0051 0.00 0.0M
298200.000 1966 COM2 65 0R0 275 0.4 16.4 80.4 1.0052 0.00 0.0M
298260.000 1966 COM2 65 0R0 224 0.8 16.4 80.4 1.0052 0.00 0.0M
298320.000 1966 COM2 65 0R0 245 0.9 16.4 80.4 1.0052 0.00 0.0M
298380.000 1966 COM2 65 0R0 236 0.3 16.4 80.2 1.0052 0.00 0.0M
298440.000 1966 COM2 65 0R0 272 0.4 16.4 80.2 1.0052 0.00 0.0M
298500.000 1966 COM2 65 0R0 262 0.9 16.4 80.2 1.0053 0.00 0.0M
298560.000 1966 COM2 65 0R0 241 0.8 16.4 80.2 1.0053 0.00 0.0M
298620.000 1966 COM2 65 0R0 259 0.6 16.4 80.1 1.0053 0.00 0.0M
298680.000 1966 COM2 65 0R0 257 1.1 16.4 80.1 1.0053 0.00 0.0M
298740.000 1966 COM2 65 0R0 279 0.4 16.4 79.8 1.0052 0.00 0.0M
298800.000 1966 COM2 65 0R0 320 0.5 16.4 79.8 1.0052 0.00 0.0M
298860.000 1966 COM2 65 0R0 257 0.9 16.4 79.8 1.0052 0.00 0.0M
298920.000 1966 COM2 65 0R0 317 0.4 16.4 79.7 1.0052 0.00 0.0M
298980.000 1966 COM2 65 0R0 274 0.5 16.4 79.8 1.0052 0.00 0.0M
299040.000 1966 COM2 65 0R0 270 1.4 16.4 79.1 1.0052 0.00 0.0M
299100.000 1966 COM2 65 0R0 238 0.7 16.4 79.2 1.0052 0.00 0.0M
299160.000 1966 COM2 65 0R0 252 1.1 16.4 78.8 1.0052 0.00 0.0M
299220.000 1966 COM2 65 0R0 230 0.9 16.4 79.4 1.0052 0.00 0.0M
299280.000 1966 COM2 65 0R0 226 0.6 16.4 79.6 1.0052 0.00 0.0M
299340.000 1966 COM2 65 0R0 205 0.4 16.4 79.7 1.0052 0.00 0.0M
299400.000 1966 COM2 65 0R0 239 1.0 16.5 79.6 1.0052 0.00 0.0M
299460.000 1966 COM2 65 0R0 233 0.6 16.5 79.2 1.0052 0.00 0.0M
299520.000 1966 COM2 65 0R0 230 1.2 16.5 78.7 1.0052 0.00 0.0M
299580.000 1966 COM2 65 0R0 230 0.7 16.5 78.7 1.0052 0.00 0.0M
299640.000 1966 COM2 65 0R0 253 0.5 16.5 78.9 1.0052 0.00 0.0M
299700.000 1966 COM2 65 0R0 209 0.3 16.5 78.8 1.0052 0.00 0.0M
299760.000 1966 COM2 65 0R0 268 1.0 16.5 78.9 1.0052 0.00 0.0M
299820.000 1966 COM2 65 0R0 237 1.0 16.5 78.6 1.0052 0.00 0.0M
299880.000 1966 COM2 65 0R0 180 0.7 16.5 78.8 1.0052 0.00 0.0M
299940.000 1966 COM2 65 0R0 214 0.3 16.5 78.8 1.0053 0.00 0.0M
300000.000 1966 COM2 65 0R0 219 1.1 16.5 78.7 1.0053 0.00 0.0M
300060.000 1966 COM2 65 0R0 217 1.2 16.5 79.1 1.0053 0.00 0.0M
300120.000 1966 COM2 65 0R0 209 1.5 16.5 79.0 1.0053 0.00 0.0M
300180.000 1966 COM2 65 0R0 220 1.0 16.5 79.1 1.0053 0.00 0.0M
300240.000 1966 COM2 65 0R0 211 0.9 16.5 79.2 1.0053 0.00 0.0M
300300.000 1966 COM2 65 0R0 242 0.5 16.5 79.4 1.0053 0.00 0.0M
300360.200 1966 COM2 65 0R0 227 0.6 16.5 79.5 1.0053 0.00 0.0M
300420.200 1966 COM2 65 0R0 295 0.4 16.5 79.3 1.0053 0.00 0.0M
300480.200 1966 COM2 65 0R0 228 0.9 16.5 78.7 1.0053 0.00 0.0M
300540.000 1966 COM2 65 0R0 242 1.2 16.6 77.8 1.0053 0.00 0.0M
300600.000 1966 COM2 65 0R0 216 0.6 16.6 77.8 1.0053 0.00 0.0M
300660.000 1966 COM2 65 0R0 239 2.1 16.7 77.6 1.0053 0.00 0.0M
300720.000 1966 COM2 65 0R0 234 2.2 16.7 76.9 1.0053 0.00 0.0M
300780.000 1966 COM2 65 0R0 282 1.0 16.7 77.5 1.0053 0.00 0.0M
300840.000 1966 COM2 65 0R0 245 1.2 16.7 76.9 1.0054 0.00 0.0M
300900.000 1966 COM2 65 0R0 276 0.5 16.8 77.5 1.0054 0.00 0.0M
300960.000 1966 COM2 65 0R0 241 0.6 16.8 77.6 1.0054 0.00 0.0M
301020.000 1966 COM2 65 0R0 244 0.9 16.9 77.7 1.0053 0.00 0.0M
301080.000 1966 COM2 65 0R0 253 0.5 16.9 77.0 1.0053 0.00 0.0M
301140.000 1966 COM2 65 0R0 276 1.4 17.0 77.1 1.0053 0.00 0.0M
301200.000 1966 COM2 65 0R0 241 0.4 17.0 76.3 1.0053 0.00 0.0M
301260.000 1966 COM2 65 0R0 233 0.2 17.1 76.5 1.0053 0.00 0.0M
301320.000 1966 COM2 65 0R0 243 0.8 17.2 75.7 1.0053 0.00 0.0M
301380.000 1966 COM2 65 0R0 303 0.7 17.2 75.6 1.0053 0.00 0.0M
301440.000 1966 COM2 65 0R0 249 0.8 17.3 74.6 1.0053 0.00 0.0M
301500.000 1966 COM2 65 0R0 245 0.9 17.3 74.9 1.0053 0.00 0.0M
301560.000 1966 COM2 65 0R0 221 1.1 17.4 73.8 1.0053 0.00 0.0M
301620.000 1966 COM2 65 0R0 257 1.3 17.4 73.4 1.0053 0.00 0.0M
301680.000 1966 COM2 65 0R0 255 1.4 17.5 72.6 1.0053 0.00 0.0M
301740.000 1966 COM2 65 0R0 242 1.7 17.5 72.5 1.0053 0.00 0.0M
301800.000 1966 COM2 65 0R0 273 0.7 17.5 72.4 1.0053 0.00 0.0M
301860.000 1966 COM2 65 0R0 236 0.3 17.6 72.8 1.0054 0.00 0.0M
301920.000 1966 COM2 65 0R0 243 1.6 17.7 73.3 1.0054 0.00 0.0M
301980.000 1966 COM2 65 0R0 192 1.4 17.8 73.2 1.0054 0.00 0.0M
302040.000 1966 COM2 65 0R0 206 1.5 17.8 72.7 1.0054 0.00 0.0M
302100.000 1966 COM2 65 0R0 186 0.3 17.8 73.0 1.0054 0.00 0.0M
302160.000 1966 COM2 65 0R0 196 1.5 17.9 73.3 1.0054 0.00 0.0M
302220.000 1966 COM2 65 0R0 198 1.9 17.9 72.7 1.0054 0.00 0.0M
302280.000 1966 COM2 65 0R0 184 1.2 17.9 72.6 1.0054 0.00 0.0M
302340.000 1966 COM2 65 0R0 193 1.0 17.9 73.2 1.0054 0.00 0.0M
302400.000 1966 COM2 65 0R0 195 1.1 17.8 73.5 1.0054 0.00 0.0M
302460.000 1966 COM2 65 0R0 234 0.9 17.9 73.2 1.0054 0.00 0.0M
302520.000 1966 COM2 65 0R0 252 0.7 18.0 72.7 1.0053 0.00 0.0M
302580.000 1966 COM2 65 0R0 227 0.3 18.0 71.8 1.0054 0.00 0.0M
302640.000 1966 COM2 65 0R0 141 0.2 18.1 70.5 1.0053 0.00 0.0M
302700.000 1966 COM2 65 0R0 282 0.4 18.2 71.2 1.0053 0.00 0.0M
302760.000 1966 COM2 65 0R0 263 1.3 18.3 71.3 1.0053 0.00 0.0M
302820.000 1966 COM2 65 0R0 231 0.9 18.4 70.3 1.0053 0.00 0.0M
302880.000 1966 COM2 65 0R0 209 0.5 18.4 69.2 1.0053 0.00 0.0M
302940.000 1966 COM2 65 0R0 221 1.0 18.5 69.1 1.0053 0.00 0.0M
303000.000 1966 COM2 65 0R0 276 0.5 18.5 68.7 1.0053 0.00 0.0M
303060.000 1966 COM2 65 0R0 219 0.4 18.6 68.9 1.0053 0.00 0.0M
303120.000 1966 COM2 65 0R0 313 0.2 18.7 68.6 1.0053 0.00 0.0M
303180.000 1966 COM2 65 0R0 210 0.8 18.7 68.7 1.0053 0.00 0.0M
303240.000 1966 COM2 65 0R0 257 1.3 18.8 68.7 1.0053 0.00 0.0M
303300.000 1966 COM2 65 0R0 254 1.4 19.0 66.2 1.0053 0.00 0.0M
303360.000 1966 COM2 65 0R0 251 1.9 19.0 64.7 1.0053 0.00 0.0M
303420.000 1966 COM2 65 0R0 286 0.9 19.0 65.1 1.0053 0.00 0.0M
303480.000 1966 COM2 65 0R0 198 1.5 19.1 65.6 1.0053 0.00 0.0M
303540.000 1966 COM2 65 0R0 081 0.3 19.1 66.0 1.0053 0.00 0.0M
303600.000 1966 COM2 65 0R0 222 1.4 19.2 65.8 1.0053 0.00 0.0M
303660.000 1966 COM2 65 0R0 192 1.2 19.2 64.6 1.0053 0.00 0.0M
303720.000 1966 COM2 65 0R0 213 0.3 19.2 65.5 1.0053 0.00 0.0M
303780.000 1966 COM2 65 0R0 195 1.1 19.2 65.4 1.0053 0.00 0.0M
303840.000 1966 COM2 65 0R0 194 0.9 19.3 64.4 1.0053 0.00 0.0M
303900.000 1966 COM2 65 0R0 196 0.8 19.3 64.3 1.0053 0.00 0.0M
303960.000 1966 COM2 65 0R0 185 0.4 19.4 64.5 1.0053 0.00 0.0M
304020.000 1966 COM2 65 0R0 250 0.3 19.4 64.4 1.0053 0.00 0.0M
304080.000 1966 COM2 65 0R0 155 0.4 19.5 64.1 1.0053 0.00 0.0M
304140.000 1966 COM2 65 0R0 229 0.1 19.6 63.4 1.0053 0.00 0.0M
304200.000 1966 COM2 65 0R0 135 0.2 19.8 63.1 1.0053 0.00 0.0M
304260.000 1966 COM2 65 0R0 146 0.3 19.9 62.3 1.0052 0.00 0.0M
304320.000 1966 COM2 65 0R0 205 1.0 20.1 61.6 1.0052 0.00 0.0M
304380.000 1966 COM2 65 0R0 151 0.5 20.2 60.9 1.0052 0.00 0.0M
304440.000 1966 COM2 65 0R0 177 1.0 20.3 60.5 1.0053 0.00 0.0M
304500.000 1966 COM2 65 0R0 185 1.4 20.4 60.0 1.0053 0.00 0.0M
304560.000 1966 COM2 65 0R0 178 0.4 20.4 60.0 1.0053 0.00 0.0M
304620.000 1966 COM2 65 0R0 192 1.8 20.4 60.0 1.0053 0.00 0.0M
304680.000 1966 COM2 65 0R0 359 0.4 20.5 59.5 1.0053 0.00 0.0M
304740.000 1966 COM2 65 0R0 230 0.3 20.5 59.6 1.0052 0.00 0.0M
304800.000 1966 COM2 65 0R0 259 0.3 20.6 59.5 1.0052 0.00 0.0M
304860.000 1966 COM2 65 0R0 188 0.4 20.7 59.3 1.0052 0.00 0.0M
304920.000 1966 COM2 65 0R0 124 0.2 20.8 58.9 1.0052 0.00 0.0M
304980.000 1966 COM2 65 0R0 131 0.2 20.9 58.6 1.0052 0.00 0.0M
305040.000 1966 COM2 65 0R0 184 1.6 21.0 58.1 1.0052 0.00 0.0M
305100.000 1966 COM2 65 0R0 213 1.1 21.0 57.9 1.0052 0.00 0.0M
305160.000 1966 COM2 65 0R0 177 0.8 21.0 58.1 1.0052 0.00 0.0M
305220.000 1966 COM2 65 0R0 139 0.6 21.0 58.6 1.0052 0.00 0.0M
305280.000 1966 COM2 65 0R0 193 1.1 21.0 58.6 1.0052 0.00 0.0M
305340.000 1966 COM2 65 0R0 188 0.7 21.0 57.8 1.0052 0.00 0.0M
305400.000 1966 COM2 65 0R0 179 0.4 20.9 57.8 1.0052 0.00 0.0M
305460.000 1966 COM2 65 0R0 237 0.4 20.9 58.9 1.0052 0.00 0.0M
305520.000 1966 COM2 65 0R0 315 0.4 21.0 58.6 1.0052 0.00 0.0M
305580.000 1966 COM2 65 0R0 223 0.3 21.1 56.2 1.0052 0.00 0.0M
305640.000 1966 COM2 65 0R0 119 0.3 21.3 57.3 1.0052 0.00 0.0M
305700.000 1966 COM2 65 0R0 088 0.3 21.4 57.1 1.0052 0.00 0.0M
305760.000 1966 COM2 65 0R0 332 0.2 21.5 55.0 1.0052 0.00 0.0M
305820.000 1966 COM2 65 0R0 235 0.3 21.6 54.2 1.0051 0.00 0.0M
305880.000 1966 COM2 65 0R0 166 0.3 21.8 54.8 1.0051 0.00 0.0M
305940.000 1966 COM2 65 0R0 276 0.3 21.9 55.1 1.0051 0.00 0.0M
306000.000 1966 COM2 65 0R0 160 1.0 22.1 53.9 1.0051 0.00 0.0M
306060.000 1966 COM2 65 0R0 211 0.5 22.3 54.3 1.0051 0.00 0.0M
306120.000 1966 COM2 65 0R0 187 1.5 22.4 53.9 1.0051 0.00 0.0M
306180.000 1966 COM2 65 0R0 244 0.4 22.5 53.6 1.0051 0.00 0.0M
306240.000 1966 COM2 65 0R0 194 0.9 22.5 53.5 1.0051 0.00 0.0M
306300.000 1966 COM2 65 0R0 227 0.9 22.5 53.5 1.0051 0.00 0.0M
306360.000 1966 COM2 65 0R0 124 0.9 22.6 52.9 1.0051 0.00 0.0M
306420.000 1966 COM2 65 0R0 221 1.6 22.6 52.0 1.0051 0.00 0.0M
306480.000 1966 COM2 65 0R0 221 1.5 22.5 52.2 1.0051 0.00 0.0M
306540.000 1966 COM2 65 0R0 245 0.6 22.3 52.6 1.0051 0.00 0.0M
306600.000 1966 COM2 65 0R0 184 1.6 22.2 52.9 1.0051 0.00 0.0M
306660.000 1966 COM2 65 0R0 154 0.8 22.1 52.7 1.0051 0.00 0.0M
306720.000 1966 COM2 65 0R0 203 1.9 22.0 53.1 1.0051 0.00 0.0M
306780.000 1966 COM2 65 0R0 236 0.9 22.0 52.6 1.0051 0.00 0.0M
306840.000 1966 COM2 65 0R0 204 0.6 22.1 51.9 1.0052 0.00 0.0M
306900.000 1966 COM2 65 0R0 220 1.2 22.2 52.2 1.0052 0.00 0.0M
306960.000 1966 COM2 65 0R0 221 0.8 22.3 52.1 1.0052 0.00 0.0M
307020.000 1966 COM2 65 0R0 140 0.2 22.3 51.4 1.0052 0.00 0.0M
307080.000 1966 COM2 65 0R0 183 0.6 22.3 52.1 1.0052 0.00 0.0M
307140.000 1966 COM2 65 0R0 247 1.7 22.4 52.4 1.0052 0.00 0.0M
307200.000 1966 COM2 65 0R0 230 1.6 22.5 52.5 1.0052 0.00 0.0M
307260.000 1966 COM2 65 0R0 258 0.5 22.6 52.2 1.0052 0.00 0.0M
307320.000 1966 COM2 65 0R0 169 0.8 22.6 51.1 1.0052 0.00 0.0M
307380.000 1966 COM2 65 0R0 306 0.9 22.7 52.1 1.0052 0.00 0.0M
307440.000 1966 COM2 65 0R0 266 0.4 22.8 51.8 1.0052 0.00 0.0M
307500.000 1966 COM2 65 0R0 237 0.3 22.9 51.8 1.0052 0.00 0.0M
307560.000 1966 COM2 65 0R0 291 1.4 23.0 51.7 1.0052 0.00 0.0M
307620.000 1966 COM2 65 0R0 211 0.5 23.0 51.0 1.0052 0.00 0.0M
307680.000 1966 COM2 65 0R0 239 2.4 23.0 51.6 1.0052 0.00 0.0M
307740.000 1966 COM2 65 0R0 286 0.6 23.1 50.1 1.0052 0.00 0.0M
307800.000 1966 COM2 65 0R0 207 0.5 23.0 50.1 1.0052 0.00 0.0M
307860.000 1966 COM2 65 0R0 197 0.6 23.0 50.5 1.0051 0.00 0.0M
307920.000 1966 COM2 65 0R0 259 1.4 23.0 48.5 1.0051 0.00 0.0M
307980.100 1966 COM2 65 0R0 262 0.7 23.0 49.7 1.0051 0.00 0.0M
308040.000 1966 COM2 65 0R0 292 1.7 23.1 50.1 1.0052 0.00 0.0M
308100.100 1966 COM2 65 0R0 277 2.3 23.1 46.9 1.0051 0.00 0.0M
308160.000 1966 COM2 65 0R0 330 0.3 23.0 47.7 1.0051 0.00 0.0M
308220.100 1966 COM2 65 0R0 233 0.7 22.9 49.4 1.0051 0.00 0.0M
308280.000 1966 COM2 65 0R0 320 1.1 22.9 49.5 1.0051 0.00 0.0M
308340.000 1966 COM2 65 0R0 282 2.3 22.9 48.9 1.0051 0.00 0.0M
308400.000 1966 COM2 65 0R0 274 2.3 22.8 48.2 1.0051 0.00 0.0M
308460.100 1966 COM2 65 0R0 274 1.4 22.8 47.8 1.0051 0.00 0.0M
308520.100 1966 COM2 65 0R0 279 2.3 22.7 47.6 1.0051 0.00 0.0M
308580.100 1966 COM2 65 0R0 294 1.6 22.6 45.7 1.0051 0.00 0.0M
308640.100 1966 COM2 65 0R0 280 2.3 22.6 46.5 1.0051 0.00 0.0M
308700.100 1966 COM2 65 0R0 239 1.4 22.6 44.0 1.0051 0.00 0.0M
308760.100 1966 COM2 65 0R0 237 1.5 22.6 46.1 1.0051 0.00 0.0M
308820.100 1966 COM2 65 0R0 291 0.6 22.7 46.7 1.0051 0.00 0.0M
308880.100 1966 COM2 65 0R0 243 0.7 22.8 45.5 1.0051 0.00 0.0M
308940.100 1966 COM2 65 0R0 251 1.7 23.0 46.6 1.0051 0.00 0.0M
309000.100 1966 COM2 65 0R0 235 1.8 23.1 44.6 1.0051 0.00 0.0M
309060.100 1966 COM2 65 0R0 246 1.7 23.2 41.8 1.0051 0.00 0.0M
309120.100 1966 COM2 65 0R0 229 0.8 23.2 43.0 1.0051 0.00 0.0M
309180.100 1966 COM2 65 0R0 288 0.9 23.2 42.1 1.0051 0.00 0.0M
309240.100 1966 COM2 65 0R0 243 0.4 23.3 42.2 1.0051 0.00 0.0M
309300.100 1966 COM2 65 0R0 258 1.7 23.4 42.7 1.0051 0.00 0.0M
309360.100 1966 COM2 65 0R0 286 1.4 23.4 42.5 1.0051 0.00 0.0M
309420.100 1966 COM2 65 0R0 294 1.5 23.4 40.7 1.0051 0.00 0.0M
309480.100 1966 COM2 65 0R0 290 1.0 23.3 40.2 1.0050 0.00 0.0M
309540.100 1966 COM2 65 0R0 268 2.1 23.3 41.2 1.0050 0.00 0.0M
309600.100 1966 COM2 65 0R0 239 0.6 23.4 39.4 1.0050 0.00 0.0M
309660.100 1966 COM2 65 0R0 293 2.5 23.4 39.1 1.0050 0.00 0.0M
309720.100 1966 COM2 65 0R0 280 1.7 23.4 39.3 1.0050 0.00 0.0M
309780.100 1966 COM2 65 0R0 258 1.4 23.3 39.8 1.0050 0.00 0.0M
309840.100 1966 COM2 65 0R0 276 2.3 23.4 39.9 1.0050 0.00 0.0M
309900.100 1966 COM2 65 0R0 250 2.5 23.4 40.5 1.0050 0.00 0.0M
309960.100 1966 COM2 65 0R0 204 0.8 23.5 41.7 1.0050 0.00 0.0M
310020.100 1966 COM2 65 0R0 281 0.6 23.6 42.1 1.0050 0.00 0.0M
310080.100 1966 COM2 65 0R0 249 1.1 23.6 42.0 1.0050 0.00 0.0M
310140.100 1966 COM2 65 0R0 230 1.9 23.7 43.2 1.0050 0.00 0.0M
310200.100 1966 COM2 65 0R0 262 0.5 23.8 43.7 1.0050 0.00 0.0M
310260.000 1966 COM2 65 0R0 271 1.1 23.9 43.5 1.0050 0.00 0.0M
310320.100 1966 COM2 65 0R0 262 1.4 24.0 44.1 1.0050 0.00 0.0M
310380.100 1966 COM2 65 0R0 138 0.6 24.0 44.5 1.0050 0.00 0.0M
310440.100 1966 COM2 65 0R0 287 1.9 23.9 44.8 1.0050 0.00 0.0M
310500.100 1966 COM2 65 0R0 229 0.9 23.9 45.5 1.0050 0.00 0.0M
310560.100 1966 COM2 65 0R0 263 2.0 23.9 45.5 1.0050 0.00 0.0M
310620.100 1966 COM2 65 0R0 290 1.2 24.0 46.3 1.0050 0.00 0.0M
310680.100 1966 COM2 65 0R0 275 1.9 24.1 46.3 1.0050 0.00 0.0M
310740.100 1966 COM2 65 0R0 270 1.9 24.0 46.8 1.0050 0.00 0.0M
310800.000 1966 COM2 65 0R0 238 0.9 24.0 47.4 1.0049 0.00 0.0M
310860.000 1966 COM2 65 0R0 171 0.3 23.9 47.1 1.0049 0.00 0.0M
310920.100 1966 COM2 65 0R0 249 0.4 24.0 47.2 1.0049 0.00 0.0M
310980.000 1966 COM2 65 0R0 237 1.2 24.2 46.7 1.0049 0.00 0.0M
311040.100 1966 COM2 65 0R0 271 1.0 24.2 46.8 1.0049 0.00 0.0M
311100.000 1966 COM2 65 0R0 171 1.0 24.2 46.9 1.0049 0.00 0.0M
311160.100 1966 COM2 65 0R0 288 1.3 24.3 47.1 1.0049 0.00 0.0M
311220.000 1966 COM2 65 0R0 198 0.5 24.5 46.7 1.0049 0.00 0.0M
311280.000 1966 COM2 65 0R0 257 0.3 24.6 46.8 1.0049 0.00 0.0M
311340.100 1966 COM2 65 0R0 060 0.9 24.6 46.9 1.0049 0.00 0.0M
311400.000 1966 COM2 65 0R0 309 0.4 24.8 46.9 1.0049 0.00 0.0M
311460.000 1966 COM2 65 0R0 303 0.9 24.9 46.8 1.0049 0.00 0.0M
311520.000 1966 COM2 65 0R0 058 0.5 25.0 46.3 1.0049 0.00 0.0M
311580.000 1966 COM2 65 0R0 045 0.7 25.0 46.3 1.0049 0.00 0.0M
311640.100 1966 COM2 65 0R0 019 0.2 25.0 46.4 1.0049 0.00 0.0M
311700.000 1966 COM2 65 0R0 204 0.6 25.0 47.3 1.0048 0.00 0.0M
311760.000 1966 COM2 65 0R0 146 0.3 25.0 47.3 1.0048 0.00 0.0M
311820.100 1966 COM2 65 0R0 207 0.5 25.1 47.2 1.0048 0.00 0.0M
311880.100 1966 COM2 65 0R0 173 2.0 25.3 47.8 1.0048 0.00 0.0M
311940.100 1966 COM2 65 0R0 167 2.0 25.4 46.6 1.0049 0.00 0.0M
312000.100 1966 COM2 65 0R0 189 2.5 25.3 47.0 1.0049 0.00 0.0M
312060.100 1966 COM2 65 0R0 235 0.7 24.9 47.5 1.0048 0.00 0.0M
312120.000 1966 COM2 65 0R0 139 1.4 24.5 49.0 1.0048 0.00 0.0M
312180.000 1966 COM2 65 0R0 220 1.1 24.4 49.3 1.0048 0.00 0.0M
312240.000 1966 COM2 65 0R0 239 1.2 24.3 50.2 1.0048 0.00 0.0M
312300.100 1966 COM2 65 0R0 301 0.5 24.3 50.3 1.0048 0.00 0.0M
312360.000 1966 COM2 65 0R0 097 1.6 24.4 50.4 1.0048 0.00 0.0M
312420.000 1966 COM2 65 0R0 124 1.3 24.7 49.9 1.0048 0.00 0.0M
312480.000 1966 COM2 65 0R0 203 2.5 24.9 50.0 1.0047 0.00 0.0M
312540.000 1966 COM2 65 0R0 225 0.7 25.1 50.4 1.0047 0.00 0.0M
312600.000 1966 COM2 65 0R0 134 1.5 25.0 50.7 1.0047 0.00 0.0M
312660.000 1966 COM2 65 0R0 179 3.8 25.1 50.3 1.0047 0.00 0.0M
312720.000 1966 COM2 65 0R0 173 1.7 25.2 50.9 1.0047 0.00 0.0M
312780.000 1966 COM2 65 0R0 218 3.0 25.1 51.3 1.0047 0.00 0.0M
312840.000 1966 COM2 65 0R0 145 0.4 24.9 51.6 1.0047 0.00 0.0M
312900.000 1966 COM2 65 0R0 190 1.8 24.6 52.5 1.0047 0.00 0.0M
312960.000 1966 COM2 65 0R0 102 0.8 24.7 52.6 1.0047 0.00 0.0M
313020.000 1966 COM2 65 0R0 126 1.2 24.9 52.2 1.0047 0.00 0.0M
313080.000 1966 COM2 65 0R0 208 1.3 25.2 51.9 1.0047 0.00 0.0M
313140.000 1966 COM2 65 0R0 219 1.5 25.4 51.6 1.0047 0.00 0.0M
313200.000 1966 COM2 65 0R0 264 0.6 25.5 52.1 1.0047 0.00 0.0M
313260.000 1966 COM2 65 0R0 241 2.3 25.5 52.2 1.0047 0.00 0.0M
313320.000 1966 COM2 65 0R0 262 1.6 25.6 52.7 1.0047 0.00 0.0M
313380.000 1966 COM2 65 0R0 260 1.4 25.6 52.6 1.0048 0.00 0.0M
313440.000 1966 COM2 65 0R0 278 0.9 25.5 51.8 1.0048 0.00 0.0M
313500.000 1966 COM2 65 0R0 124 1.4 25.3 51.7 1.0048 0.00 0.0M
313560.000 1966 COM2 65 0R0 114 0.8 25.3 51.6 1.0047 0.00 0.0M
313620.000 1966 COM2 65 0R0 239 1.6 25.5 51.0 1.0047 0.00 0.0M
313680.200 1966 COM2 65 0R0 251 1.7 25.8 50.2 1.0047 0.00 0.0M
313740.000 1966 COM2 65 0R0 258 2.1 25.9 49.6 1.0047 0.00 0.0M
313800.000 1966 COM2 65 0R0 230 0.7 25.9 49.5 1.0047 0.00 0.0M
313860.100 1966 COM2 65 0R0 224 1.2 25.7 50.0 1.0047 0.00 0.0M
313920.000 1966 COM2 65 0R0 130 0.7 25.4 51.1 1.0047 0.00 0.0M
313980.000 1966 COM2 65 0R0 140 0.5 25.2 51.1 1.0047 0.00 0.0M
314040.000 1966 COM2 65 0R0 153 1.6 25.4 50.9 1.0047 0.00 0.0M
314100.000 1966 COM2 65 0R0 088 0.9 25.7 50.8 1.0047 0.00 0.0M
314160.000 1966 COM2 65 0R0 169 3.9 25.7 50.9 1.0047 0.00 0.0M
314220.000 1966 COM2 65 0R0 138 1.5 25.7 50.7 1.0047 0.00 0.0M
314280.000 1966 COM2 65 0R0 117 1.1 25.5 51.6 1.0046 0.00 0.0M
314340.000 1966 COM2 65 0R0 227 2.8 25.4 52.1 1.0046 0.00 0.0M
314400.000 1966 COM2 65 0R0 230 2.3 25.4 52.1 1.0046 0.00 0.0M
314460.000 1966 COM2 65 0R0 220 1.9 25.4 51.8 1.0046 0.00 0.0M
314520.000 1966 COM2 65 0R0 244 2.2 25.4 52.0 1.0046 0.00 0.0M
314580.000 1966 COM2 65 0R0 201 3.9 25.2 52.5 1.0047 0.00 0.0M
314640.000 1966 COM2 65 0R0 207 3.6 25.2 52.8 1.0047 0.00 0.0M
314700.000 1966 COM2 65 0R0 209 1.7 25.2 52.8 1.0047 0.00 0.0M
314760.000 1966 COM2 65 0R0 247 1.8 25.1 52.1 1.0047 0.00 0.0M
314820.000 1966 COM2 65 0R0 225 3.2 25.1 52.7 1.0047 0.00 0.0M
314880.000 1966 COM2 65 0R0 182 1.6 25.2 52.0 1.0047 0.00 0.0M
314940.000 1966 COM2 65 0R0 190 1.5 25.2 52.7 1.0047 0.00 0.0M
315000.000 1966 COM2 65 0R0 146 2.4 25.2 52.5 1.0047 0.00 0.0M
315060.000 1966 COM2 65 0R0 137 4.1 25.3 51.9 1.0047 0.00 0.0M
315120.000 1966 COM2 65 0R0 126 1.9 25.3 51.5 1.0047 0.00 0.0M
315180.000 1966 COM2 65 0R0 198 3.7 25.1 51.6 1.0047 0.00 0.0M
315240.000 1966 COM2 65 0R0 205 4.1 25.1 52.7 1.0047 0.00 0.0M
315300.000 1966 COM2 65 0R0 084 0.6 25.0 52.4 1.0046 0.00 0.0M
315360.000 1966 COM2 65 0R0 228 2.4 24.9 53.2 1.0047 0.00 0.0M
315420.000 1966 COM2 65 0R0 246 3.2 25.0 53.3 1.0046 0.00 0.0M
315480.000 1966 COM2 65 0R0 240 2.8 25.1 52.5 1.0046 0.00 0.0M
315540.000 1966 COM2 65 0R0 247 2.6 25.1 51.9 1.0046 0.00 0.0M
315600.000 1966 COM2 65 0R0 237 2.0 24.9 53.2 1.0046 0.00 0.0M
315660.000 1966 COM2 65 0R0 224 0.8 24.9 53.1 1.0046 0.00 0.0M
315720.000 1966 COM2 65 0R0 263 2.5 24.9 52.8 1.0046 0.00 0.0M
315780.000 1966 COM2 65 0R0 240 3.7 24.9 53.3 1.0046 0.00 0.0M
315840.000 1966 COM2 65 0R0 233 4.3 24.9 53.5 1.0046 0.00 0.0M
315900.000 1966 COM2 65 0R0 228 5.0 24.9 53.0 1.0045 0.00 0.0M
315960.000 1966 COM2 65 0R0 245 1.8 24.9 53.0 1.0045 0.00 0.0M
316020.000 1966 COM2 65 0R0 232 3.9 24.8 53.2 1.0046 0.00 0.0M
316080.000 1966 COM2 65 0R0 230 3.2 24.8 53.2 1.0046 0.00 0.0M
316140.000 1966 COM2 65 0R0 241 1.4 24.8 53.3 1.0046 0.00 0.0M
316200.000 1966 COM2 65 0R0 228 2.3 24.8 53.5 1.0046 0.00 0.0M
316260.000 1966 COM2 65 0R0 242 1.1 24.8 53.5 1.0046 0.00 0.0M
316320.000 1966 COM2 65 0R0 229 2.7 24.9 53.5 1.0046 0.00 0.0M
316380.000 1966 COM2 65 0R0 221 2.2 25.0 53.2 1.0046 0.00 0.0M
316440.000 1966 COM2 65 0R0 202 3.8 25.0 53.5 1.0046 0.00 0.0M
316500.000 1966 COM2 65 0R0 188 1.2 24.8 54.6 1.0046 0.00 0.0M
316560.000 1966 COM2 65 0R0 157 1.4 24.7 54.9 1.0046 0.00 0.0M
316620.000 1966 COM2 65 0R0 284 2.5 24.8 54.8 1.0046 0.00 0.0M
316680.000 1966 COM2 65 0R0 240 1.4 25.0 54.0 1.0046 0.00 0.0M
316740.000 1966 COM2 65 0R0 240 3.7 25.1 53.7 1.0046 0.00 0.0M
316800.000 1966 COM2 65 0R0 205 2.3 25.2 52.9 1.0046 0.00 0.0M
316860.000 1966 COM2 65 0R0 261 2.0 25.2 52.9 1.0046 0.00 0.0M
316920.000 1966 COM2 65 0R0 232 3.8 25.2 51.9 1.0046 0.00 0.0M
316980.000 1966 COM2 65 0R0 230 2.5 25.2 51.8 1.0046 0.00 0.0M
317040.000 1966 COM2 65 0R0 185 2.4 25.2 52.2 1.0046 0.00 0.0M
317100.000 1966 COM2 65 0R0 255 1.7 25.1 52.0 1.0046 0.00 0.0M
317160.000 1966 COM2 65 0R0 213 4.0 25.0 52.2 1.0047 0.00 0.0M
317220.000 1966 COM2 65 0R0 218 2.7 25.0 52.0 1.0047 0.00 0.0M
317280.000 1966 COM2 65 0R0 231 5.1 24.9 52.8 1.0047 0.00 0.0M
317340.000 1966 COM2 65 0R0 219 4.2 24.9 52.4 1.0046 0.00 0.0M
317400.000 1966 COM2 65 0R0 134 0.7 24.9 52.3 1.0047 0.00 0.0M
317460.000 1966 COM2 65 0R0 208 5.5 24.8 53.2 1.0047 0.00 0.0M
317520.000 1966 COM2 65 0R0 241 2.5 24.8 53.1 1.0046 0.00 0.0M
317580.000 1966 COM2 65 0R0 227 1.4 24.8 53.4 1.0046 0.00 0.0M
317640.000 1966 COM2 65 0R0 289 1.3 24.7 53.3 1.0046 0.00 0.0M
317700.000 1966 COM2 65 0R0 253 1.3 24.8 52.8 1.0046 0.00 0.0M
317760.000 1966 COM2 65 0R0 243 0.8 24.9 52.4 1.0045 0.00 0.0M
317820.000 1966 COM2 65 0R0 258 1.1 25.0 52.2 1.0045 0.00 0.0M
317880.000 1966 COM2 65 0R0 186 0.6 25.1 52.2 1.0045 0.00 0.0M
317940.000 1966 COM2 65 0R0 215 3.8 25.1 52.4 1.0044 0.00 0.0M
318000.000 1966 COM2 65 0R0 174 3.2 25.1 52.2 1.0044 0.00 0.0M
318060.000 1966 COM2 65 0R0 207 2.6 24.9 52.9 1.0044 0.00 0.0M
318120.000 1966 COM2 65 0R0 264 1.3 24.7 53.2 1.0044 0.00 0.0M
318180.000 1966 COM2 65 0R0 214 2.5 24.7 53.8 1.0044 0.00 0.0M
318240.000 1966 COM2 65 0R0 265 1.0 24.7 54.0 1.0044 0.00 0.0M
318300.000 1966 COM2 65 0R0 252 1.4 24.7 54.5 1.0044 0.00 0.0M
318360.000 1966 COM2 65 0R0 278 1.5 24.7 53.8 1.0044 0.00 0.0M
318420.000 1966 COM2 65 0R0 275 1.1 24.8 54.2 1.0044 0.00 0.0M
318480.100 1966 COM2 65 0R0 227 1.4 25.0 54.1 1.0044 0.00 0.0M
318540.000 1966 COM2 65 0R0 255 1.6 25.1 53.9 1.0044 0.00 0.0M
318600.000 1966 COM2 65 0R0 237 1.7 25.3 53.4 1.0044 0.00 0.0M
318660.000 1966 COM2 65 0R0 233 1.3 25.5 52.4 1.0044 0.00 0.0M
318720.000 1966 COM2 65 0R0 296 0.3 25.6 52.0 1.0043 0.00 0.0M
318780.000 1966 COM2 65 0R0 198 1.0 25.6 52.4 1.0043 0.00 0.0M
318840.000 1966 COM2 65 0R0 217 1.9 25.8 52.1 1.0043 0.00 0.0M
318900.000 1966 COM2 65 0R0 226 2.1 26.1 51.6 1.0043 0.00 0.0M
318960.000 1966 COM2 65 0R0 215 1.8 26.1 50.9 1.0044 0.00 0.0M
319020.000 1966 COM2 65 0R0 161 2.2 25.9 51.9 1.0044 0.00 0.0M
319080.000 1966 COM2 65 0R0 167 2.9 26.0 51.8 1.0044 0.00 0.0M
319140.000 1966 COM2 65 0R0 137 0.3 26.1 51.6 1.0044 0.00 0.0M
319200.000 1966 COM2 65 0R0 185 0.4 25.8 52.2 1.0044 0.00 0.0M
319260.000 1966 COM2 65 0R0 208 2.1 25.8 52.9 1.0044 0.00 0.0M
319320.000 1966 COM2 65 0R0 196 2.2 25.9 52.2 1.0044 0.00 0.0M
319380.000 1966 COM2 65 0R0 187 2.1 25.9 52.1 1.0044 0.00 0.0M
319440.000 1966 COM2 65 0R0 160 0.8 25.8 52.6 1.0044 0.00 0.0M
319500.000 1966 COM2 65 0R0 227 2.0 25.7 53.1 1.0044 0.00 0.0M
319560.000 1966 COM2 65 0R0 204 2.4 25.7 53.0 1.0044 0.00 0.0M
319620.000 1966 COM2 65 0R0 229 1.9 25.6 53.2 1.0044 0.00 0.0M
319680.000 1966 COM2 65 0R0 200 1.9 25.5 53.5 1.0044 0.00 0.0M
319740.000 1966 COM2 65 0R0 223 0.6 25.4 53.8 1.0045 0.00 0.0M
319800.000 1966 COM2 65 0R0 210 4.1 25.3 54.4 1.0045 0.00 0.0M
319860.000 1966 COM2 65 0R0 217 3.9 25.3 54.7 1.0044 0.00 0.0M
319920.000 1966 COM2 65 0R0 213 4.0 25.1 54.6 1.0044 0.00 0.0M
319980.000 1966 COM2 65 0R0 220 3.7 25.0 54.7 1.0045 0.00 0.0M
320040.000 1966 COM2 65 0R0 179 4.8 25.0 56.1 1.0045 0.00 0.0M
320100.000 1966 COM2 65 0R0 222 2.9 24.9 55.7 1.0045 0.00 0.0M
320160.100 1966 COM2 65 0R0 257 0.8 24.7 55.9 1.0044 0.00 0.0M
320220.000 1966 COM2 65 0R0 232 2.4 24.7 56.4 1.0044 0.00 0.0M
320280.000 1966 COM2 65 0R0 253 0.7 24.7 56.4 1.0044 0.00 0.0M
320340.000 1966 COM2 65 0R0 252 2.4 24.8 56.2 1.0044 0.00 0.0M
320400.000 1966 COM2 65 0R0 234 3.8 24.9 55.8 1.0044 0.00 0.0M
320460.000 1966 COM2 65 0R0 251 3.1 24.9 55.2 1.0044 0.00 0.0M
320520.000 1966 COM2 65 0R0 224 2.7 24.9 55.5 1.0044 0.00 0.0M
320580.000 1966 COM2 65 0R0 236 1.8 24.8 55.9 1.0044 0.00 0.0M
320640.000 1966 COM2 65 0R0 161 1.3 24.8 56.8 1.0044 0.00 0.0M
320700.000 1966 COM2 65 0R0 192 2.7 24.7 56.8 1.0044 0.00 0.0M
320760.000 1966 COM2 65 0R0 253 2.7 24.7 57.0 1.0044 0.00 0.0M
320820.000 1966 COM2 65 0R0 242 2.3 24.7 57.0 1.0044 0.00 0.0M
320880.000 1966 COM2 65 0R0 235 3.6 24.7 57.2 1.0044 0.00 0.0M
320940.000 1966 COM2 65 0R0 235 3.4 24.7 57.1 1.0044 0.00 0.0M
321000.000 1966 COM2 65 0R0 228 2.6 24.8 56.7 1.0044 0.00 0.0M
321060.000 1966 COM2 65 0R0 254 1.2 24.7 57.0 1.0044 0.00 0.0M
321120.000 1966 COM2 65 0R0 206 1.2 24.7 57.3 1.0043 0.00 0.0M
321180.000 1966 COM2 65 0R0 238 1.9 24.7 57.3 1.0043 0.00 0.0M
321240.000 1966 COM2 65 0R0 174 0.6 24.7 56.8 1.0042 0.00 0.0M
321300.000 1966 COM2 65 0R0 242 0.9 24.7 57.1 1.0042 0.00 0.0M
321360.000 1966 COM2 65 0R0 254 0.8 24.7 57.5 1.0042 0.00 0.0M
321420.000 1966 COM2 65 0R0 245 2.6 24.7 57.4 1.0043 0.00 0.0M
321480.100 1966 COM2 65 0R0 257 3.3 24.7 57.3 1.0043 0.00 0.0M
321540.000 1966 COM2 65 0R0 250 2.2 24.7 57.5 1.0043 0.00 0.0M
321600.000 1966 COM2 65 0R0 229 1.3 24.6 57.6 1.0043 0.00 0.0M
321660.000 1966 COM2 65 0R0 253 1.1 24.6 57.8 1.0043 0.00 0.0M
321720.000 1966 COM2 65 0R0 253 1.7 24.5 58.0 1.0043 0.00 0.0M
321780.000 1966 COM2 65 0R0 229 1.9 24.4 57.8 1.0043 0.00 0.0M
321840.000 1966 COM2 65 0R0 239 1.1 24.4 57.7 1.0043 0.00 0.0M
321900.100 1966 COM2 65 0R0 249 2.8 24.3 58.1 1.0043 0.01 0.0M
321960.000 1966 COM2 65 0R0 277 1.2 24.3 58.4 1.0043 0.00 0.0M
322020.100 1966 COM2 65 0R0 282 1.3 24.2 59.1 1.0042 0.00 0.0M
322080.100 1966 COM2 65 0R0 257 1.0 24.2 58.7 1.0042 0.00 0.0M
322140.100 1966 COM2 65 0R0 233 3.4 24.2 58.8 1.0042 0.00 0.0M
322200.100 1966 COM2 65 0R0 265 4.5 24.1 58.8 1.0042 0.00 0.0M
322260.100 1966 COM2 65 0R0 250 4.7 24.1 59.0 1.0042 0.01 0.0M
322320.100 1966 COM2 65 0R0 250 2.0 24.0 60.0 1.0042 0.00 0.0M
322380.000 1966 COM2 65 0R0 242 2.3 23.9 60.4 1.0042 0.00 0.0M
322440.100 1966 COM2 65 0R0 311 1.3 23.9 61.4 1.0042 0.00 0.0M
322500.100 1966 COM2 65 0R0 297 3.1 23.8 62.3 1.0042 0.00 0.0M
322560.100 1966 COM2 65 0R0 273 1.9 23.8 61.7 1.0042 0.00 0.0M
322620.000 1966 COM2 65 0R0 265 4.2 23.7 62.9 1.0042 0.09 0.0M
322680.100 1966 COM2 65 0R0 305 3.6 23.6 63.6 1.0043 0.10 0.0M
322740.100 1966 COM2 65 0R0 220 2.3 23.4 66.2 1.0043 0.03 0.0M
322800.100 1966 COM2 65 0R0 242 3.0 23.1 69.0 1.0044 0.08 0.0M
322860.100 1966 COM2 65 0R0 299 4.2 22.8 70.1 1.0044 0.07 0.0M
322920.100 1966 COM2 65 0R0 247 4.1 22.5 72.4 1.0044 0.10 0.0M
322980.100 1966 COM2 65 0R0 282 3.5 22.2 73.9 1.0044 0.01 0.0M
323040.100 1966 COM2 65 0R0 287 4.4 21.9 75.4 1.0044 0.01 0.0M
323100.000 1966 COM2 65 0R0 252 4.7 21.6 77.5 1.0044 0.00 0.0M
323160.100 1966 COM2 65 0R0 270 3.2 21.4 78.7 1.0043 0.00 0.0M
323220.100 1966 COM2 65 0R0 266 2.6 21.1 79.3 1.0043 0.00 0.0M
323280.100 1966 COM2 65 0R0 283 2.6 21.0 81.3 1.0043 0.00 0.0M
323340.100 1966 COM2 65 0R0 276 2.1 20.8 81.6 1.0043 0.02 0.0M
323400.000 1966 COM2 65 0R0 274 4.9 20.7 82.6 1.0043 0.06 0.0M
323460.000 1966 COM2 65 0R0 298 2.9 20.6 82.3 1.0043 0.05 0.0M
323520.000 1966 COM2 65 0R0 227 1.3 20.5 84.0 1.0043 0.03 0.0M
323580.100 1966 COM2 65 0R0 282 5.3 20.4 84.8 1.0043 0.03 0.0M
323640.000 1966 COM2 65 0R0 281 4.5 20.3 84.6 1.0042 0.06 0.0M
323700.000 1966 COM2 65 0R0 289 1.7 20.2 85.3 1.0042 0.05 0.0M
323760.100 1966 COM2 65 0R0 293 2.5 20.2 86.4 1.0042 0.07 0.0M
323820.000 1966 COM2 65 0R0 270 2.8 20.1 86.9 1.0042 0.06 0.0M
323880.100 1966 COM2 65 0R0 290 3.7 20.1 87.4 1.0042 0.07 0.0M
323940.100 1966 COM2 65 0R0 293 4.3 20.0 87.4 1.0041 0.02 0.0M
324000.100 1966 COM2 65 0R0 282 4.3 19.9 86.6 1.0041 0.02 0.0M
324060.100 1966 COM2 65 0R0 273 3.0 19.9 88.5 1.0041 0.05 0.0M
324120.000 1966 COM2 65 0R0 269 1.7 19.9 88.5 1.0041 0.02 0.0M
324180.100 1966 COM2 65 0R0 261 2.1 19.9 89.1 1.0041 0.01 0.0M
324240.000 1966 COM2 65 0R0 287 3.0 19.9 87.8 1.0041 0.00 0.0M
324300.000 1966 COM2 65 0R0 284 3.5 19.8 87.5 1.0041 0.00 0.0M
324360.000 1966 COM2 65 0R0 297 1.8 19.8 87.6 1.0041 0.00 0.0M
324420.000 1966 COM2 65 0R0 303 3.4 19.8 88.8 1.0041 0.00 0.0M
324480.000 1966 COM2 65 0R0 275 3.8 19.8 88.5 1.0040 0.00 0.0M
324540.000 1966 COM2 65 0R0 260 1.9 19.8 88.5 1.0040 0.00 0.0M
324600.000 1966 COM2 65 0R0 291 2.0 19.8 88.6 1.0041 0.00 0.0M
324660.000 1966 COM2 65 0R0 279 4.2 19.8 88.6 1.0041 0.00 0.0M
324720.100 1966 COM2 65 0R0 215 0.5 19.8 87.6 1.0041 0.01 0.0M
324780.100 1966 COM2 65 0R0 285 2.1 19.8 88.8 1.0041 0.05 0.0M
324840.000 1966 COM2 65 0R0 294 2.8 19.8 88.5 1.0041 0.02 0.0M
324900.000 1966 COM2 65 0R0 279 2.9 19.8 87.4 1.0040 0.00 0.0M
324960.000 1966 COM2 65 0R0 261 2.0 19.8 88.8 1.0040 0.00 0.0M
325020.000 1966 COM2 65 0R0 278 3.0 19.8 88.8 1.0040 0.00 0.0M
325080.000 1966 COM2 65 0R0 277 2.3 19.8 87.9 1.0040 0.00 0.0M
325140.000 1966 COM2 65 0R0 057 0.3 19.7 88.3 1.0040 0.00 0.0M
325200.000 1966 COM2 65 0R0 038 0.4 19.8 90.2 1.0040 0.00 0.0M
325260.000 1966 COM2 65 0R0 311 0.9 19.9 90.1 1.0039 0.00 0.0M
325320.000 1966 COM2 65 0R0 285 1.2 19.9 90.4 1.0039 0.00 0.0M
325380.000 1966 COM2 65 0R0 291 0.9 20.0 89.8 1.0039 0.00 0.0M
325440.000 1966 COM2 65 0R0 292 0.6 20.0 89.6 1.0039 0.00 0.0M
325500.000 1966 COM2 65 0R0 325 0.9 20.0 89.2 1.0039 0.00 0.0M
325560.000 1966 COM2 65 0R0 243 1.2 20.0 87.9 1.0039 0.00 0.0M
325620.000 1966 COM2 65 0R0 239 0.7 20.0 88.3 1.0039 0.00 0.0M
325680.000 1966 COM2 65 0R0 284 1.1 20.0 89.0 1.0038 0.00 0.0M
325740.000 1966 COM2 65 0R0 278 1.0 20.0 88.7 1.0038 0.00 0.0M
325800.000 1966 COM2 65 0R0 266 1.7 20.0 87.7 1.0038 0.00 0.0M
325860.000 1966 COM2 65 0R0 247 1.1 20.0 87.6 1.0038 0.00 0.0M
325920.100 1966 COM2 65 0R0 226 0.4 20.0 88.3 1.0038 0.00 0.0M
325980.000 1966 COM2 65 0R0 034 0.4 20.1 88.6 1.0038 0.00 0.0M
326040.000 1966 COM2 65 0R0 261 0.9 20.2 88.9 1.0038 0.00 0.0M
326100.000 1966 COM2 65 0R0 262 0.5 20.3 88.7 1.0038 0.00 0.0M
326160.000 1966 COM2 65 0R0 286 1.7 20.3 89.4 1.0038 0.00 0.0M
326220.000 1966 COM2 65 0R0 319 0.2 20.4 87.8 1.0038 0.00 0.0M
326280.000 1966 COM2 65 0R0 172 0.2 20.4 87.2 1.0038 0.00 0.0M
326340.000 1966 COM2 65 0R0 270 0.3 20.4 87.7 1.0038 0.00 0.0M
326400.000 1966 COM2 65 0R0 121 0.3 20.4 88.4 1.0038 0.00 0.0M
326460.000 1966 COM2 65 0R0 156 0.2 20.5 87.4 1.0038 0.00 0.0M
326520.000 1966 COM2 65 0R0 292 0.9 20.6 88.4 1.0038 0.00 0.0M
326580.000 1966 COM2 65 0R0 330 0.5 20.6 86.7 1.0038 0.00 0.0M
326640.000 1966 COM2 65 0R0 327 0.4 20.6 86.1 1.0038 0.00 0.0M
326700.000 1966 COM2 65 0R0 239 1.0 20.6 85.9 1.0038 0.00 0.0M
326760.000 1966 COM2 65 0R0 249 1.2 20.6 85.0 1.0037 0.00 0.0M
326820.000 1966 COM2 65 0R0 234 1.4 20.6 85.7 1.0037 0.00 0.0M
326880.000 1966 COM2 65 0R0 256 1.4 20.6 85.8 1.0037 0.00 0.0M
326940.000 1966 COM2 65 0R0 292 1.1 20.5 86.2 1.0037 0.00 0.0M
327000.000 1966 COM2 65 0R0 276 0.9 20.5 86.1 1.0037 0.00 0.0M
327060.000 1966 COM2 65 0R0 272 0.6 20.5 87.0 1.0037 0.00 0.0M
327120.000 1966 COM2 65 0R0 236 0.5 20.6 86.3 1.0037 0.00 0.0M
327180.000 1966 COM2 65 0R0 295 0.7 20.6 86.7 1.0037 0.00 0.0M
327240.000 1966 COM2 65 0R0 314 0.5 20.6 86.9 1.0036 0.00 0.0M
327300.000 1966 COM2 65 0R0 260 0.6 20.6 86.9 1.0036 0.00 0.0M
327360.000 1966 COM2 65 0R0 253 0.8 20.7 87.3 1.0036 0.00 0.0M
327420.000 1966 COM2 65 0R0 235 0.7 20.7 86.9 1.0036 0.00 0.0M
327480.000 1966 COM2 65 0R0 187 0.7 20.7 87.4 1.0036 0.00 0.0M
327540.000 1966 COM2 65 0R0 209 0.5 20.7 86.4 1.0036 0.00 0.0M
327600.000 1966 COM2 65 0R0 187 0.8 20.7 85.0 1.0036 0.00 0.0M
327660.000 1966 COM2 65 0R0 015 0.3 20.7 85.5 1.0035 0.00 0.0M
327720.000 1966 COM2 65 0R0 294 0.8 20.8 87.2 1.0035 0.00 0.0M
327780.000 1966 COM2 65 0R0 258 0.6 20.9 86.8 1.0035 0.00 0.0M
327840.000 1966 COM2 65 0R0 252 0.7 20.9 85.3 1.0035 0.00 0.0M
327900.000 1966 COM2 65 0R0 252 1.1 20.9 84.6 1.0035 0.00 0.0M
327960.000 1966 COM2 65 0R0 181 0.3 20.8 84.9 1.0035 0.00 0.0M
328020.000 1966 COM2 65 0R0 247 0.9 20.8 84.5 1.0035 0.00 0.0M
328080.000 1966 COM2 65 0R0 240 1.0 20.8 85.7 1.0034 0.00 0.0M
328140.000 1966 COM2 65 0R0 226 0.8 20.8 85.2 1.0034 0.00 0.0M
328200.000 1966 COM2 65 0R0 218 0.8 20.8 85.4 1.0034 0.00 0.0M
328260.000 1966 COM2 65 0R0 158 1.2 20.8 85.4 1.0034 0.00 0.0M
328320.000 1966 COM2 65 0R0 145 0.6 20.8 85.5 1.0034 0.00 0.0M
328380.000 1966 COM2 65 0R0 133 0.2 20.8 86.1 1.0034 0.00 0.0M
328440.000 1966 COM2 65 0R0 323 0.1 20.9 86.8 1.0033 0.00 0.0M
328500.000 1966 COM2 65 0R0 013 0.3 21.0 86.1 1.0033 0.00 0.0M
328560.000 1966 COM2 65 0R0 012 0.2 21.1 86.1 1.0033 0.00 0.0M
328620.000 1966 COM2 65 0R0 346 0.2 21.2 85.5 1.0033 0.00 0.0M
328680.000 1966 COM2 65 0R0 266 0.3 21.3 85.9 1.0033 0.00 0.0M
328740.000 1966 COM2 65 0R0 122 0.6 21.4 85.4 1.0033 0.00 0.0M
328800.000 1966 COM2 65 0R0 188 0.8 21.5 84.0 1.0033 0.00 0.0M
328860.000 1966 COM2 65 0R0 192 1.4 21.6 84.5 1.0033 0.00 0.0M
328920.000 1966 COM2 65 0R0 153 1.0 21.6 83.5 1.0033 0.00 0.0M
328980.000 1966 COM2 65 0R0 170 1.2 21.6 83.7 1.0033 0.00 0.0M
329040.000 1966 COM2 65 0R0 168 0.6 21.6 82.7 1.0033 0.00 0.0M
329100.000 1966 COM2 65 0R0 144 1.5 21.6 83.3 1.0032 0.00 0.0M
329160.000 1966 COM2 65 0R0 136 1.5 21.6 83.8 1.0032 0.00 0.0M
329220.000 1966 COM2 65 0R0 112 0.6 21.6 82.9 1.0032 0.00 0.0M
329280.000 1966 COM2 65 0R0 124 1.1 21.6 83.6 1.0032 0.00 0.0M
329340.000 1966 COM2 65 0R0 148 1.6 21.6 83.5 1.0032 0.00 0.0M
329400.000 1966 COM2 65 0R0 248 0.4 21.7 83.5 1.0032 0.00 0.0M
329460.000 1966 COM2 65 0R0 168 0.6 21.7 83.0 1.0032 0.00 0.0M
329520.000 1966 COM2 65 0R0 137 0.8 21.7 83.1 1.0032 0.00 0.0M
329580.000 1966 COM2 65 0R0 129 1.1 21.8 82.9 1.0032 0.00 0.0M
329640.000 1966 COM2 65 0R0 166 0.6 21.8 82.5 1.0032 0.00 0.0M
329700.100 1966 COM2 65 0R0 136 1.3 21.7 82.6 1.0032 0.00 0.0M
329760.000 1966 COM2 65 0R0 127 1.3 21.7 83.3 1.0032 0.00 0.0M
329820.000 1966 COM2 65 0R0 176 0.3 21.7 82.9 1.0031 0.00 0.0M
329880.000 1966 COM2 65 0R0 165 0.2 21.7 83.2 1.0031 0.00 0.0M
329940.000 1966 COM2 65 0R0 109 0.6 21.7 83.6 1.0031 0.00 0.0M
330000.000 1966 COM2 65 0R0 186 0.2 21.7 83.6 1.0031 0.00 0.0M
330060.000 1966 COM2 65 0R0 094 0.4 21.8 83.5 1.0031 0.00 0.0M
330120.000 1966 COM2 65 0R0 270 0.5 21.8 83.7 1.0031 0.00 0.0M
330180.000 1966 COM2 65 0R0 154 2.1 21.9 83.7 1.0031 0.00 0.0M
330240.000 1966 COM2 65 0R0 094 1.0 22.0 82.3 1.0032 0.00 0.0M
330300.000 1966 COM2 65 0R0 118 1.1 21.9 82.7 1.0032 0.00 0.0M
330360.000 1966 COM2 65 0R0 198 0.9 21.9 82.8 1.0032 0.00 0.0M
330420.000 1966 COM2 65 0R0 164 2.0 21.8 83.0 1.0032 0.00 0.0M
330480.000 1966 COM2 65 0R0 164 2.0 21.7 83.0 1.0032 0.00 0.0M
330540.000 1966 COM2 65 0R0 171 1.7 21.6 83.9 1.0032 0.00 0.0M
330600.000 1966 COM2 65 0R0 133 1.8 21.5 83.5 1.0031 0.00 0.0M
330660.000 1966 COM2 65 0R0 140 2.1 21.5 84.6 1.0031 0.00 0.0M
330720.000 1966 COM2 65 0R0 122 1.1 21.5 84.0 1.0031 0.00 0.0M
330780.000 1966 COM2 65 0R0 150 2.1 21.6 83.5 1.0031 0.00 0.0M
330840.000 1966 COM2 65 0R0 126 1.1 21.7 83.2 1.0031 0.00 0.0M
330900.000 1966 COM2 65 0R0 162 1.8 21.7 83.1 1.0031 0.00 0.0M
330960.000 1966 COM2 65 0R0 147 1.5 21.7 83.2 1.0031 0.00 0.0M
331020.000 1966 COM2 65 0R0 141 2.3 21.8 82.8 1.0031 0.00 0.0M
331080.000 1966 COM2 65 0R0 134 1.6 21.9 82.8 1.0031 0.00 0.0M
331140.000 1966 COM2 65 0R0 144 1.5 21.9 83.1 1.0031 0.00 0.0M
331200.000 1966 COM2 65 0R0 125 1.7 21.8 83.2 1.0031 0.00 0.0M
331260.000 1966 COM2 65 0R0 222 1.8 21.8 83.2 1.0031 0.00 0.0M
331320.000 1966 COM2 65 0R0 167 2.3 21.8 82.4 1.0032 0.00 0.0M
331380.000 1966 COM2 65 0R0 118 1.0 21.8 83.0 1.0032 0.00 0.0M
331440.000 1966 COM2 65 0R0 123 1.5 21.8 82.5 1.0032 0.00 0.0M
331500.000 1966 COM2 65 0R0 196 1.5 21.8 83.2 1.0032 0.00 0.0M
331560.000 1966 COM2 65 0R0 132 1.6 21.8 83.3 1.0032 0.00 0.0M
331620.000 1966 COM2 65 0R0 142 1.7 21.7 83.6 1.0032 0.00 0.0M
331680.000 1966 COM2 65 0R0 127 1.2 21.8 83.4 1.0031 0.00 0.0M
331740.000 1966 COM2 65 0R0 134 1.1 21.8 83.0 1.0031 0.00 0.0M
331800.000 1966 COM2 65 0R0 148 2.3 21.8 83.1 1.0031 0.00 0.0M
331860.000 1966 COM2 65 0R0 157 2.5 21.8 83.5 1.0031 0.00 0.0M
331920.000 1966 COM2 65 0R0 201 2.5 21.8 83.6 1.0031 0.00 0.0M
331980.000 1966 COM2 65 0R0 208 1.6 21.8 84.0 1.0031 0.00 0.0M
332040.000 1966 COM2 65 0R0 179 1.2 21.8 84.0 1.0031 0.00 0.0M
332100.000 1966 COM2 65 0R0 168 0.9 21.8 84.5 1.0031 0.00 0.0M
332160.000 1966 COM2 65 0R0 223 1.7 21.9 83.9 1.0031 0.00 0.0M
332220.000 1966 COM2 65 0R0 180 2.1 21.9 83.5 1.0031 0.00 0.0M
332280.000 1966 COM2 65 0R0 124 0.9 21.9 83.5 1.0030 0.00 0.0M
332340.000 1966 COM2 65 0R0 155 1.6 21.9 84.1 1.0030 0.00 0.0M
332400.000 1966 COM2 65 0R0 175 3.0 21.9 83.8 1.0030 0.00 0.0M
332460.000 1966 COM2 65 0R0 172 2.3 21.9 83.6 1.0030 0.00 0.0M
332520.000 1966 COM2 65 0R0 179 1.6 21.8 83.8 1.0030 0.00 0.0M
332580.000 1966 COM2 65 0R0 199 2.4 21.7 84.1 1.0030 0.00 0.0M
332640.000 1966 COM2 65 0R0 194 1.6 21.7 84.4 1.0030 0.00 0.0M
332700.000 1966 COM2 65 0R0 147 2.6 21.7 84.7 1.0029 0.00 0.0M
332760.000 1966 COM2 65 0R0 134 1.3 21.6 84.9 1.0029 0.00 0.0M
332820.000 1966 COM2 65 0R0 153 2.8 21.7 84.8 1.0029 0.00 0.0M
332880.000 1966 COM2 65 0R0 154 1.9 21.8 84.2 1.0029 0.00 0.0M
332940.000 1966 COM2 65 0R0 160 2.4 21.9 84.1 1.0029 0.00 0.0M
333000.000 1966 COM2 65 0R0 139 1.1 21.9 84.1 1.0029 0.00 0.0M
333060.000 1966 COM2 65 0R0 167 0.8 21.9 83.8 1.0029 0.00 0.0M
333120.000 1966 COM2 65 0R0 120 1.2 21.9 83.8 1.0029 0.00 0.0M
333180.000 1966 COM2 65 0R0 152 2.2 22.1 83.4 1.0029 0.00 0.0M
333240.000 1966 COM2 65 0R0 204 1.9 22.2 83.0 1.0029 0.00 0.0M
333300.000 1966 COM2 65 0R0 189 1.5 22.2 83.6 1.0029 0.00 0.0M
333360.000 1966 COM2 65 0R0 138 1.8 22.2 83.2 1.0028 0.00 0.0M
333420.000 1966 COM2 65 0R0 145 1.7 22.2 83.5 1.0028 0.00 0.0M
333480.000 1966 COM2 65 0R0 123 1.9 22.3 82.2 1.0028 0.00 0.0M
333540.000 1966 COM2 65 0R0 186 3.5 22.3 82.3 1.0028 0.00 0.0M
333600.000 1966 COM2 65 0R0 097 1.4 22.3 82.0 1.0028 0.00 0.0M
333660.000 1966 COM2 65 0R0 113 2.4 22.2 83.0 1.0028 0.00 0.0M
333720.000 1966 COM2 65 0R0 136 1.7 22.1 83.4 1.0027 0.00 0.0M
333780.000 1966 COM2 65 0R0 175 1.9 22.2 83.0 1.0027 0.00 0.0M
333840.000 1966 COM2 65 0R0 159 3.0 22.2 82.3 1.0027 0.00 0.0M
333900.000 1966 COM2 65 0R0 163 2.8 22.2 82.4 1.0027 0.00 0.0M
333960.000 1966 COM2 65 0R0 158 3.0 22.2 83.0 1.0027 0.00 0.0M
334020.000 1966 COM2 65 0R0 111 0.9 22.1 83.1 1.0027 0.00 0.0M
334080.000 1966 COM2 65 0R0 163 3.6 22.1 83.0 1.0026 0.00 0.0M
334140.000 1966 COM2 65 0R0 170 0.9 22.1 83.0 1.0026 0.00 0.0M
334200.000 1966 COM2 65 0R0 151 0.8 22.1 83.3 1.0026 0.00 0.0M
334260.000 1966 COM2 65 0R0 111 1.1 22.2 83.1 1.0026 0.00 0.0M
334320.000 1966 COM2 65 0R0 139 2.9 22.2 83.0 1.0026 0.00 0.0M
334380.000 1966 COM2 65 0R0 161 2.9 22.3 82.4 1.0026 0.00 0.0M
334440.000 1966 COM2 65 0R0 131 2.3 22.3 82.4 1.0026 0.00 0.0M
334500.000 1966 COM2 65 0R0 101 1.3 22.3 82.6 1.0026 0.00 0.0M
334560.000 1966 COM2 65 0R0 115 0.8 22.3 82.9 1.0026 0.00 0.0M
334620.000 1966 COM2 65 0R0 142 0.6 22.3 83.0 1.0026 0.00 0.0M
334680.000 1966 COM2 65 0R0 124 1.9 22.4 83.1 1.0026 0.00 0.0M
334740.000 1966 COM2 65 0R0 149 2.9 22.4 82.6 1.0026 0.00 0.0M
334800.100 1966 COM2 65 0R0 184 2.9 22.4 82.6 1.0026 0.00 0.0M
334860.000 1966 COM2 65 0R0 116 3.0 22.4 82.6 1.0026 0.00 0.0M
334920.000 1966 COM2 65 0R0 156 2.7 22.3 83.1 1.0026 0.00 0.0M
334980.100 1966 COM2 65 0R0 163 2.7 22.2 83.3 1.0026 0.00 0.0M
335040.000 1966 COM2 65 0R0 168 3.0 22.2 83.5 1.0026 0.00 0.0M
335100.000 1966 COM2 65 0R0 190 2.2 22.2 84.2 1.0026 0.00 0.0M
335160.100 1966 COM2 65 0R0 183 3.0 22.2 84.5 1.0026 0.00 0.0M
335220.100 1966 COM2 65 0R0 161 1.7 22.2 84.3 1.0026 0.00 0.0M
335280.100 1966 COM2 65 0R0 148 2.1 22.1 84.5 1.0026 0.00 0.0M
335340.100 1966 COM2 65 0R0 102 1.1 22.1 84.8 1.0026 0.00 0.0M
335400.100 1966 COM2 65 0R0 172 2.2 22.1 84.9 1.0026 0.00 0.0M
335460.100 1966 COM2 65 0R0 121 0.4 22.2 84.6 1.0026 0.00 0.0M
335520.100 1966 COM2 65 0R0 105 1.6 22.2 84.4 1.0026 0.00 0.0M
335580.100 1966 COM2 65 0R0 184 3.3 22.3 83.8 1.0027 0.00 0.0M
335640.100 1966 COM2 65 0R0 144 1.9 22.4 83.6 1.0027 0.00 0.0M
335700.100 1966 COM2 65 0R0 172 3.2 22.3 83.4 1.0027 0.00 0.0M
335760.100 1966 COM2 65 0R0 146 3.0 22.4 83.5 1.0027 0.00 0.0M
335820.100 1966 COM2 65 0R0 151 1.5 22.4 83.5 1.0027 0.00 0.0M
335880.100 1966 COM2 65 0R0 160 3.2 22.4 83.5 1.0027 0.00 0.0M
335940.100 1966 COM2 65 0R0 174 1.4 22.4 83.8 1.0028 0.00 0.0M
336000.100 1966 COM2 65 0R0 105 1.2 22.3 83.9 1.0028 0.00 0.0M
336060.100 1966 COM2 65 0R0 214 0.7 22.3 84.3 1.0028 0.00 0.0M
336120.100 1966 COM2 65 0R0 109 0.5 22.3 84.3 1.0028 0.00 0.0M
336180.100 1966 COM2 65 0R0 162 3.0 22.4 84.2 1.0028 0.00 0.0M
336240.100 1966 COM2 65 0R0 179 2.5 22.5 83.6 1.0028 0.00 0.0M
336300.100 1966 COM2 65 0R0 174 1.3 22.4 84.5 1.0028 0.00 0.0M
336360.100 1966 COM2 65 0R0 148 0.8 22.3 84.6 1.0028 0.00 0.0M
336420.100 1966 COM2 65 0R0 160 1.7 22.3 84.3 1.0029 0.00 0.0M
336480.100 1966 COM2 65 0R0 164 3.0 22.3 84.3 1.0029 0.00 0.0M
336540.100 1966 COM2 65 0R0 119 1.0 22.3 84.4 1.0028 0.00 0.0M
336600.100 1966 COM2 65 0R0 137 0.8 22.4 83.8 1.0029 0.00 0.0M
336660.100 1966 COM2 65 0R0 160 2.0 22.4 83.6 1.0029 0.00 0.0M
336720.100 1966 COM2 65 0R0 168 3.3 22.4 83.7 1.0028 0.00 0.0M
336780.100 1966 COM2 65 0R0 161 3.1 22.4 84.0 1.0028 0.00 0.0M
336840.100 1966 COM2 65 0R0 119 2.8 22.4 83.9 1.0028 0.00 0.0M
336900.100 1966 COM2 65 0R0 165 4.3 22.3 84.4 1.0028 0.00 0.0M
336960.100 1966 COM2 65 0R0 109 2.2 22.3 84.6 1.0028 0.00 0.0M
337020.100 1966 COM2 65 0R0 125 2.6 22.3 84.6 1.0028 0.00 0.0M
337080.000 1966 COM2 65 0R0 139 1.7 22.3 84.3 1.0028 0.00 0.0M
337140.000 1966 COM2 65 0R0 158 3.0 22.3 84.2 1.0028 0.00 0.0M
337200.100 1966 COM2 65 0R0 201 3.6 22.4 84.2 1.0028 0.00 0.0M
337260.100 1966 COM2 65 0R0 157 4.3 22.4 83.8 1.0028 0.00 0.0M
337320.000 1966 COM2 65 0R0 154 1.8 22.3 84.3 1.0028 0.00 0.0M
337380.100 1966 COM2 65 0R0 148 4.5 22.3 84.8 1.0028 0.00 0.0M
337440.100 1966 COM2 65 0R0 138 1.8 22.3 84.5 1.0028 0.00 0.0M
337500.100 1966 COM2 65 0R0 130 2.1 22.3 84.4 1.0028 0.00 0.0M
337560.000 1966 COM2 65 0R0 134 1.2 22.3 84.7 1.0028 0.00 0.0M
337620.100 1966 COM2 65 0R0 118 2.1 22.3 84.4 1.0028 0.00 0.0M
337680.100 1966 COM2 65 0R0 169 2.9 22.3 84.6 1.0028 0.00 0.0M
337740.000 1966 COM2 65 0R0 162 2.3 22.3 84.6 1.0029 0.00 0.0M
337800.000 1966 COM2 65 0R0 153 2.4 22.3 84.4 1.0029 0.00 0.0M
337860.000 1966 COM2 65 0R0 160 1.6 22.3 84.4 1.0029 0.00 0.0M
337920.000 1966 COM2 65 0R0 098 1.4 22.3 84.7 1.0029 0.00 0.0M
337980.000 1966 COM2 65 0R0 136 2.0 22.3 84.4 1.0028 0.00 0.0M
338040.000 1966 COM2 65 0R0 146 2.9 22.4 84.5 1.0028 0.00 0.0M
338100.000 1966 COM2 65 0R0 158 1.7 22.4 84.2 1.0028 0.00 0.0M
338160.000 1966 COM2 65 0R0 114 2.6 22.4 84.1 1.0028 0.00 0.0M
338220.000 1966 COM2 65 0R0 133 3.6 22.4 83.9 1.0028 0.00 0.0M
338280.000 1966 COM2 65 0R0 162 1.9 22.4 84.1 1.0028 0.00 0.0M
338340.000 1966 COM2 65 0R0 110 1.3 22.5 83.9 1.0028 0.00 0.0M
338400.000 1966 COM2 65 0R0 161 2.0 22.5 83.5 1.0028 0.00 0.0M
338460.000 1966 COM2 65 0R0 132 3.3 22.5 83.6 1.0028 0.00 0.0M
338520.000 1966 COM2 65 0R0 161 2.7 22.5 83.8 1.0027 0.00 0.0M
338580.000 1966 COM2 65 0R0 147 2.4 22.4 83.9 1.0027 0.00 0.0M
338640.000 1966 COM2 65 0R0 189 3.3 22.4 84.1 1.0027 0.00 0.0M
338700.000 1966 COM2 65 0R0 153 3.1 22.4 84.3 1.0027 0.00 0.0M
338760.000 1966 COM2 65 0R0 155 2.8 22.3 84.6 1.0027 0.00 0.0M
338820.000 1966 COM2 65 0R0 157 3.4 22.3 84.6 1.0027 0.00 0.0M
338880.000 1966 COM2 65 0R0 111 2.3 22.3 84.7 1.0027 0.00 0.0M
338940.000 1966 COM2 65 0R0 145 2.7 22.3 85.0 1.0027 0.00 0.0M
339000.000 1966 COM2 65 0R0 147 2.9 22.3 84.9 1.0027 0.00 0.0M
339060.000 1966 COM2 65 0R0 153 3.6 22.3 85.1 1.0027 0.00 0.0M
339120.000 1966 COM2 65 0R0 173 2.1 22.3 85.1 1.0027 0.00 0.0M
339180.000 1966 COM2 65 0R0 204 2.3 22.2 85.1 1.0027 0.00 0.0M
339240.000 1966 COM2 65 0R0 145 1.4 22.2 85.6 1.0027 0.00 0.0M
339300.000 1966 COM2 65 0R0 161 1.4 22.2 85.2 1.0027 0.00 0.0M
339360.000 1966 COM2 65 0R0 204 1.9 22.2 85.2 1.0027 0.00 0.0M
339420.000 1966 COM2 65 0R0 145 0.4 22.2 85.4 1.0027 0.00 0.0M
339480.000 1966 COM2 65 0R0 158 2.5 22.2 85.0 1.0028 0.00 0.0M
339540.000 1966 COM2 65 0R0 128 1.0 22.3 85.2 1.0028 0.00 0.0M
339600.000 1966 COM2 65 0R0 149 2.2 22.3 84.7 1.0028 0.00 0.0M
339660.000 1966 COM2 65 0R0 151 0.8 22.3 85.3 1.0028 0.00 0.0M
339720.000 1966 COM2 65 0R0 110 1.6 22.3 85.0 1.0028 0.00 0.0M
339780.100 1966 COM2 65 0R0 155 2.1 22.3 85.2 1.0028 0.00 0.0M
339840.000 1966 COM2 65 0R0 184 1.0 22.3 85.1 1.0028 0.00 0.0M
339900.000 1966 COM2 65 0R0 123 1.5 22.3 85.2 1.0028 0.00 0.0M
339960.000 1966 COM2 65 0R0 170 2.7 22.3 85.3 1.0028 0.00 0.0M
340020.000 1966 COM2 65 0R0 184 2.0 22.3 85.8 1.0028 0.00 0.0M
340080.000 1966 COM2 65 0R0 145 1.2 22.3 86.1 1.0028 0.00 0.0M
340140.000 1966 COM2 65 0R0 146 0.4 22.2 86.2 1.0028 0.00 0.0M
340200.000 1966 COM2 65 0R0 175 1.3 22.2 86.3 1.0028 0.00 0.0M
340260.000 1966 COM2 65 0R0 211 2.1 22.2 86.3 1.0028 0.00 0.0M
340320.000 1966 COM2 65 0R0 175 1.7 22.2 86.4 1.0028 0.00 0.0M
340380.000 1966 COM2 65 0R0 099 1.5 22.2 86.7 1.0028 0.00 0.0M
340440.000 1966 COM2 65 0R0 126 0.6 22.1 86.6 1.0028 0.00 0.0M
340500.000 1966 COM2 65 0R0 134 0.4 22.1 86.7 1.0028 0.00 0.0M
340560.000 1966 COM2 65 0R0 142 0.3 22.1 86.7 1.0028 0.00 0.0M
340620.000 1966 COM2 65 0R0 152 2.0 22.1 86.4 1.0028 0.00 0.0M
340680.000 1966 COM2 65 0R0 139 1.9 22.1 86.6 1.0028 0.00 0.0M
340740.000 1966 COM2 65 0R0 128 1.0 22.1 86.6 1.0028 0.00 0.0M
340800.000 1966 COM2 65 0R0 117 0.6 22.1 86.3 1.0028 0.00 0.0M
340860.000 1966 COM2 65 0R0 197 0.8 22.1 86.1 1.0027 0.00 0.0M
340920.000 1966 COM2 65 0R0 135 1.1 22.1 86.2 1.0027 0.00 0.0M
340980.000 1966 COM2 65 0R0 144 1.5 22.1 86.7 1.0027 0.00 0.0M
341040.000 1966 COM2 65 0R0 151 1.2 22.1 86.7 1.0027 0.00 0.0M
341100.000 1966 COM2 65 0R0 114 1.0 22.1 86.6 1.0027 0.00 0.0M
341160.000 1966 COM2 65 0R0 135 1.0 22.1 86.3 1.0026 0.00 0.0M
341220.000 1966 COM2 65 0R0 162 2.7 22.1 86.5 1.0026 0.00 0.0M
341280.000 1966 COM2 65 0R0 142 2.3 22.1 87.0 1.0026 0.00 0.0M
341340.000 1966 COM2 65 0R0 145 1.7 22.0 87.1 1.0026 0.00 0.0M
341400.000 1966 COM2 65 0R0 113 1.9 22.0 87.3 1.0026 0.00 0.0M
341460.000 1966 COM2 65 0R0 155 0.8 22.0 87.5 1.0026 0.00 0.0M
341520.000 1966 COM2 65 0R0 161 2.7 22.0 87.7 1.0026 0.00 0.0M
341580.000 1966 COM2 65 0R0 200 2.6 22.0 87.9 1.0026 0.00 0.0M
341640.000 1966 COM2 65 0R0 140 1.1 21.9 88.2 1.0026 0.00 0.0M
341700.000 1966 COM2 65 0R0 183 3.1 21.9 88.4 1.0026 0.00 0.0M
341760.000 1966 COM2 65 0R0 197 2.1 21.8 88.5 1.0026 0.00 0.0M
341820.000 1966 COM2 65 0R0 130 1.8 21.8 88.7 1.0026 0.00 0.0M
341880.000 1966 COM2 65 0R0 108 0.8 21.8 88.7 1.0026 0.00 0.0M
341940.000 1966 COM2 65 0R0 144 1.5 21.8 88.8 1.0026 0.00 0.0M
342000.000 1966 COM2 65 0R0 136 1.8 21.8 88.6 1.0026 0.00 0.0M
342060.000 1966 COM2 65 0R0 164 2.6 21.8 88.2 1.0026 0.00 0.0M
342120.000 1966 COM2 65 0R0 124 1.8 21.8 88.6 1.0027 0.00 0.0M
342180.000 1966 COM2 65 0R0 162 1.7 21.8 88.7 1.0027 0.00 0.0M
342240.000 1966 COM2 65 0R0 143 1.8 21.8 88.5 1.0027 0.00 0.0M
342300.000 1966 COM2 65 0R0 146 1.9 21.8 88.6 1.0027 0.00 0.0M
342360.000 1966 COM2 65 0R0 185 2.3 21.8 88.6 1.0027 0.00 0.0M
342420.000 1966 COM2 65 0R0 124 1.6 21.8 88.5 1.0027 0.00 0.0M
342480.000 1966 COM2 65 0R0 132 2.7 21.8 88.7 1.0027 0.00 0.0M
342540.000 1966 COM2 65 0R0 165 3.2 21.8 88.9 1.0027 0.00 0.0M
342600.000 1966 COM2 65 0R0 126 0.7 21.8 88.9 1.0027 0.00 0.0M
342660.000 1966 COM2 65 0R0 098 0.5 21.8 88.8 1.0028 0.00 0.0M
342720.000 1966 COM2 65 0R0 155 2.2 21.8 88.7 1.0028 0.00 0.0M
342780.000 1966 COM2 65 0R0 159 1.6 21.8 88.7 1.0028 0.00 0.0M
342840.000 1966 COM2 65 0R0 163 2.1 21.8 88.8 1.0028 0.00 0.0M
342900.000 1966 COM2 65 0R0 139 1.1 21.8 88.8 1.0028 0.00 0.0M
342960.000 1966 COM2 65 0R0 159 1.3 21.8 88.6 1.0028 0.00 0.0M
343020.000 1966 COM2 65 0R0 127 1.0 21.8 88.6 1.0028 0.00 0.0M
343080.000 1966 COM2 65 0R0 174 1.3 21.8 88.7 1.0028 0.00 0.0M
343140.000 1966 COM2 65 0R0 137 1.5 21.9 88.3 1.0028 0.00 0.0M
343200.000 1966 COM2 65 0R0 166 2.3 21.9 88.0 1.0028 0.00 0.0M
343260.000 1966 COM2 65 0R0 104 1.0 21.9 88.5 1.0027 0.00 0.0M
343320.000 1966 COM2 65 0R0 126 1.4 21.9 88.6 1.0027 0.00 0.0M
343380.000 1966 COM2 65 0R0 129 1.4 21.9 88.4 1.0027 0.00 0.0M
343440.000 1966 COM2 65 0R0 133 0.8 21.9 88.1 1.0027 0.00 0.0M
343500.000 1966 COM2 65 0R0 149 1.0 21.9 88.4 1.0027 0.00 0.0M
343560.000 1966 COM2 65 0R0 137 1.6 21.9 88.4 1.0027 0.00 0.0M
343620.000 1966 COM2 65 0R0 129 1.0 21.9 88.9 1.0027 0.00 0.0M
343680.000 1966 COM2 65 0R0 115 1.5 21.9 88.8 1.0027 0.00 0.0M
343740.000 1966 COM2 65 0R0 111 1.9 21.9 89.0 1.0027 0.00 0.0M
343800.000 1966 COM2 65 0R0 127 1.3 21.9 88.8 1.0027 0.00 0.0M
343860.000 1966 COM2 65 0R0 134 1.7 21.9 89.0 1.0027 0.00 0.0M
343920.000 1966 COM2 65 0R0 117 1.5 21.8 89.2 1.0027 0.00 0.0M
343980.000 1966 COM2 65 0R0 112 2.1 21.8 88.8 1.0027 0.00 0.0M
344040.000 1966 COM2 65 0R0 093 0.6 21.8 88.6 1.0027 0.00 0.0M
344100.000 1966 COM2 65 0R0 149 1.6 21.8 88.6 1.0027 0.00 0.0M
344160.000 1966 COM2 65 0R0 150 2.6 21.8 88.9 1.0026 0.00 0.0M
344220.000 1966 COM2 65 0R0 154 0.4 21.8 89.1 1.0026 0.00 0.0M
344280.000 1966 COM2 65 0R0 151 1.4 21.8 89.1 1.0026 0.00 0.0M
344340.000 1966 COM2 65 0R0 117 2.1 21.8 88.9 1.0026 0.00 0.0M
344400.000 1966 COM2 65 0R0 132 2.2 21.8 89.2 1.0026 0.00 0.0M
344460.000 1966 COM2 65 0R0 110 1.4 21.8 89.1 1.0026 0.00 0.0M
344520.000 1966 COM2 65 0R0 123 2.2 21.8 89.0 1.0026 0.00 0.0M
344580.000 1966 COM2 65 0R0 104 1.9 21.8 88.9 1.0026 0.00 0.0M
344640.000 1966 COM2 65 0R0 122 1.7 21.7 89.0 1.0026 0.00 0.0M
344700.000 1966 COM2 65 0R0 138 1.2 21.7 89.0 1.0026 0.00 0.0M
344760.000 1966 COM2 65 0R0 117 1.4 21.7 88.9 1.0026 0.00 0.0M
344820.000 1966 COM2 65 0R0 126 1.0 21.7 89.1 1.0026 0.00 0.0M
344880.000 1966 COM2 65 0R0 124 1.2 21.7 88.9 1.0026 0.00 0.0M
344940.000 1966 COM2 65 0R0 142 0.5 21.7 89.0 1.0027 0.00 0.0M
345000.000 1966 COM2 65 0R0 137 1.5 21.7 88.8 1.0027 0.00 0.0M
345060.000 1966 COM2 65 0R0 184 0.5 21.7 88.9 1.0027 0.00 0.0M
345120.000 1966 COM2 65 0R0 142 1.2 21.7 88.5 1.0027 0.00 0.0M
345180.000 1966 COM2 65 0R0 165 0.8 21.7 88.8 1.0028 0.00 0.0M
345240.000 1966 COM2 65 0R0 163 1.2 21.7 88.8 1.0027 0.00 0.0M
345300.000 1966 COM2 65 0R0 106 2.0 21.6 88.7 1.0028 0.00 0.0M
345360.000 1966 COM2 65 0R0 173 0.3 21.6 89.0 1.0028 0.00 0.0M
345420.000 1966 COM2 65 0R0 123 1.2 21.6 89.1 1.0027 0.00 0.0M
345480.000 1966 COM2 65 0R0 109 1.4 21.6 89.0 1.0027 0.00 0.0M
345540.000 1966 COM2 65 0R0 102 1.5 21.6 88.8 1.0027 0.00 0.0M
