TO [s] WNc [w] C StringLn ASCIIString
---------------------------------------
86400.000 1972 COM2 65 0R0 150 1.2 18.1 49.8 1.0190 0.00 0.0M
86460.000 1972 COM2 65 0R0 144 3.2 18.0 50.1 1.0190 0.00 0.0M
86520.000 1972 COM2 65 0R0 129 1.4 18.0 49.4 1.0190 0.00 0.0M
86580.000 1972 COM2 65 0R0 157 1.5 18.0 49.9 1.0190 0.00 0.0M
86640.000 1972 COM2 65 0R0 145 0.7 18.0 50.0 1.0190 0.00 0.0M
86700.000 1972 COM2 65 0R0 132 1.5 18.0 49.7 1.0190 0.00 0.0M
86760.000 1972 COM2 65 0R0 106 1.6 18.0 50.0 1.0189 0.00 0.0M
86820.000 1972 COM2 65 0R0 125 2.9 18.0 49.7 1.0189 0.00 0.0M
86880.000 1972 COM2 65 0R0 118 2.4 18.0 49.6 1.0189 0.00 0.0M
86940.000 1972 COM2 65 0R0 109 0.8 17.9 49.5 1.0189 0.00 0.0M
87000.000 1972 COM2 65 0R0 116 2.2 17.9 49.9 1.0189 0.00 0.0M
87060.000 1972 COM2 65 0R0 111 1.2 17.9 49.9 1.0189 0.00 0.0M
87120.000 1972 COM2 65 0R0 119 1.1 17.9 50.0 1.0189 0.00 0.0M
87180.000 1972 COM2 65 0R0 129 1.7 17.9 50.1 1.0189 0.00 0.0M
87240.000 1972 COM2 65 0R0 102 1.2 17.8 50.2 1.0188 0.00 0.0M
87300.000 1972 COM2 65 0R0 129 1.1 17.8 50.3 1.0188 0.00 0.0M
87360.000 1972 COM2 65 0R0 103 2.0 17.8 50.3 1.0188 0.00 0.0M
87420.000 1972 COM2 65 0R0 114 1.0 17.9 50.4 1.0188 0.00 0.0M
87480.000 1972 COM2 65 0R0 139 0.5 17.8 50.5 1.0188 0.00 0.0M
87540.000 1972 COM2 65 0R0 127 1.1 17.8 50.8 1.0188 0.00 0.0M
87600.000 1972 COM2 65 0R0 121 1.2 17.8 50.9 1.0189 0.00 0.0M
87660.000 1972 COM2 65 0R0 088 1.6 17.8 51.0 1.0189 0.00 0.0M
87720.000 1972 COM2 65 0R0 160 0.3 17.8 51.2 1.0189 0.00 0.0M
87780.000 1972 COM2 65 0R0 181 0.3 17.7 51.5 1.0189 0.00 0.0M
87840.000 1972 COM2 65 0R0 112 1.7 17.7 51.7 1.0189 0.00 0.0M
87900.000 1972 COM2 65 0R0 135 1.3 17.7 51.7 1.0189 0.00 0.0M
87960.100 1972 COM2 65 0R0 110 1.1 17.7 51.7 1.0189 0.00 0.0M
88020.000 1972 COM2 65 0R0 107 1.5 17.6 51.9 1.0189 0.00 0.0M
88080.000 1972 COM2 65 0R0 149 0.7 17.6 52.0 1.0189 0.00 0.0M
88140.000 1972 COM2 65 0R0 100 1.7 17.6 52.2 1.0189 0.00 0.0M
88200.000 1972 COM2 65 0R0 119 1.3 17.6 52.2 1.0189 0.00 0.0M
88260.000 1972 COM2 65 0R0 124 2.1 17.6 52.5 1.0189 0.00 0.0M
88320.000 1972 COM2 65 0R0 094 1.3 17.5 52.6 1.0189 0.00 0.0M
88380.000 1972 COM2 65 0R0 083 1.2 17.5 52.8 1.0189 0.00 0.0M
88440.000 1972 COM2 65 0R0 093 1.7 17.5 53.0 1.0189 0.00 0.0M
88500.000 1972 COM2 65 0R0 115 1.2 17.5 53.1 1.0189 0.00 0.0M
88560.000 1972 COM2 65 0R0 146 0.7 17.5 53.2 1.0190 0.00 0.0M
88620.000 1972 COM2 65 0R0 125 2.3 17.5 53.4 1.0190 0.00 0.0M
88680.000 1972 COM2 65 0R0 114 1.2 17.4 53.4 1.0190 0.00 0.0M
88740.000 1972 COM2 65 0R0 099 1.6 17.4 53.6 1.0190 0.00 0.0M
88800.000 1972 COM2 65 0R0 158 0.4 17.4 53.7 1.0190 0.00 0.0M
88860.000 1972 COM2 65 0R0 108 1.3 17.3 54.0 1.0190 0.00 0.0M
88920.000 1972 COM2 65 0R0 117 1.8 17.3 54.1 1.0191 0.00 0.0M
88980.000 1972 COM2 65 0R0 123 1.7 17.3 54.2 1.0191 0.00 0.0M
89040.000 1972 COM2 65 0R0 112 2.3 17.2 54.4 1.0191 0.00 0.0M
89100.000 1972 COM2 65 0R0 136 2.0 17.2 54.4 1.0191 0.00 0.0M
89160.000 1972 COM2 65 0R0 118 1.2 17.1 54.8 1.0191 0.00 0.0M
89220.000 1972 COM2 65 0R0 152 0.8 17.1 54.8 1.0191 0.00 0.0M
89280.000 1972 COM2 65 0R0 118 1.5 17.1 54.9 1.0191 0.00 0.0M
89340.000 1972 COM2 65 0R0 181 0.9 17.1 55.1 1.0191 0.00 0.0M
89400.000 1972 COM2 65 0R0 094 1.5 17.0 55.3 1.0191 0.00 0.0M
89460.000 1972 COM2 65 0R0 127 1.2 17.0 55.3 1.0191 0.00 0.0M
89520.100 1972 COM2 65 0R0 125 1.0 17.0 55.5 1.0191 0.00 0.0M
89580.000 1972 COM2 65 0R0 082 1.1 16.9 55.6 1.0191 0.00 0.0M
89640.000 1972 COM2 65 0R0 116 1.2 16.9 55.7 1.0191 0.00 0.0M
89700.000 1972 COM2 65 0R0 109 1.7 16.9 56.1 1.0192 0.00 0.0M
89760.000 1972 COM2 65 0R0 081 1.2 16.9 56.1 1.0192 0.00 0.0M
89820.100 1972 COM2 65 0R0 098 2.2 16.8 56.3 1.0192 0.00 0.0M
89880.000 1972 COM2 65 0R0 107 2.3 16.8 56.6 1.0192 0.00 0.0M
89940.000 1972 COM2 65 0R0 137 1.0 16.8 56.7 1.0192 0.00 0.0M
90000.000 1972 COM2 65 0R0 113 2.2 16.8 56.9 1.0192 0.00 0.0M
90060.000 1972 COM2 65 0R0 130 1.3 16.8 56.8 1.0192 0.00 0.0M
90120.000 1972 COM2 65 0R0 139 0.4 16.8 56.8 1.0193 0.00 0.0M
90180.000 1972 COM2 65 0R0 092 0.4 16.8 56.9 1.0193 0.00 0.0M
90240.000 1972 COM2 65 0R0 063 0.2 16.8 56.9 1.0193 0.00 0.0M
90300.000 1972 COM2 65 0R0 112 0.9 16.8 57.0 1.0193 0.00 0.0M
90360.000 1972 COM2 65 0R0 112 1.0 16.8 57.0 1.0193 0.00 0.0M
90420.000 1972 COM2 65 0R0 139 0.8 16.8 57.2 1.0193 0.00 0.0M
90480.000 1972 COM2 65 0R0 175 0.3 16.8 57.3 1.0193 0.00 0.0M
90540.000 1972 COM2 65 0R0 131 1.4 16.7 57.5 1.0193 0.00 0.0M
90600.000 1972 COM2 65 0R0 114 1.6 16.7 57.6 1.0193 0.00 0.0M
90660.000 1972 COM2 65 0R0 117 1.5 16.7 58.0 1.0193 0.00 0.0M
90720.000 1972 COM2 65 0R0 090 1.2 16.7 58.6 1.0193 0.00 0.0M
90780.000 1972 COM2 65 0R0 119 2.5 16.6 58.4 1.0193 0.00 0.0M
90840.000 1972 COM2 65 0R0 128 2.3 16.6 58.7 1.0193 0.00 0.0M
90900.000 1972 COM2 65 0R0 109 2.7 16.6 58.9 1.0193 0.00 0.0M
90960.000 1972 COM2 65 0R0 106 1.3 16.6 59.1 1.0193 0.00 0.0M
91020.000 1972 COM2 65 0R0 118 1.3 16.6 59.6 1.0193 0.00 0.0M
91080.100 1972 COM2 65 0R0 144 2.1 16.5 59.7 1.0194 0.00 0.0M
91140.000 1972 COM2 65 0R0 097 2.0 16.5 59.6 1.0194 0.00 0.0M
91200.000 1972 COM2 65 0R0 126 2.4 16.5 59.9 1.0194 0.00 0.0M
91260.000 1972 COM2 65 0R0 125 1.0 16.5 60.5 1.0195 0.00 0.0M
91320.000 1972 COM2 65 0R0 105 1.6 16.5 60.3 1.0195 0.00 0.0M
91380.000 1972 COM2 65 0R0 116 1.3 16.5 60.5 1.0195 0.00 0.0M
91440.000 1972 COM2 65 0R0 120 0.5 16.5 60.3 1.0195 0.00 0.0M
91500.000 1972 COM2 65 0R0 093 0.6 16.5 60.3 1.0195 0.00 0.0M
91560.000 1972 COM2 65 0R0 121 2.3 16.5 60.5 1.0195 0.00 0.0M
91620.000 1972 COM2 65 0R0 121 1.6 16.5 60.9 1.0195 0.00 0.0M
91680.000 1972 COM2 65 0R0 107 0.9 16.4 61.4 1.0195 0.00 0.0M
91740.000 1972 COM2 65 0R0 126 1.4 16.4 61.3 1.0195 0.00 0.0M
91800.000 1972 COM2 65 0R0 115 1.2 16.3 61.8 1.0195 0.00 0.0M
91860.000 1972 COM2 65 0R0 134 1.6 16.3 62.2 1.0195 0.00 0.0M
91920.000 1972 COM2 65 0R0 133 3.0 16.3 62.3 1.0195 0.00 0.0M
91980.000 1972 COM2 65 0R0 131 2.3 16.3 63.2 1.0195 0.00 0.0M
92040.000 1972 COM2 65 0R0 122 1.8 16.2 62.9 1.0196 0.00 0.0M
92100.000 1972 COM2 65 0R0 122 0.9 16.2 62.7 1.0196 0.00 0.0M
92160.000 1972 COM2 65 0R0 117 1.3 16.2 62.7 1.0196 0.00 0.0M
92220.000 1972 COM2 65 0R0 122 1.0 16.2 62.8 1.0196 0.00 0.0M
92280.000 1972 COM2 65 0R0 131 1.1 16.2 63.0 1.0196 0.00 0.0M
92340.000 1972 COM2 65 0R0 136 1.2 16.1 63.0 1.0195 0.00 0.0M
92400.000 1972 COM2 65 0R0 106 1.9 16.1 63.8 1.0195 0.00 0.0M
92460.000 1972 COM2 65 0R0 097 0.9 16.1 64.1 1.0195 0.00 0.0M
92520.000 1972 COM2 65 0R0 129 0.8 16.1 63.7 1.0195 0.00 0.0M
92580.100 1972 COM2 65 0R0 125 1.5 16.1 64.1 1.0195 0.00 0.0M
92640.000 1972 COM2 65 0R0 131 0.8 16.1 64.7 1.0195 0.00 0.0M
92700.000 1972 COM2 65 0R0 128 2.3 16.1 64.8 1.0195 0.00 0.0M
92760.000 1972 COM2 65 0R0 120 1.7 16.0 65.5 1.0195 0.00 0.0M
92820.000 1972 COM2 65 0R0 101 0.8 16.0 65.2 1.0195 0.00 0.0M
92880.000 1972 COM2 65 0R0 098 1.2 16.0 65.0 1.0195 0.00 0.0M
92940.000 1972 COM2 65 0R0 132 2.1 16.0 65.2 1.0195 0.00 0.0M
93000.000 1972 COM2 65 0R0 122 1.4 16.0 66.1 1.0195 0.00 0.0M
93060.000 1972 COM2 65 0R0 135 1.1 15.9 66.3 1.0195 0.00 0.0M
93120.000 1972 COM2 65 0R0 105 1.2 15.9 66.5 1.0195 0.00 0.0M
93180.000 1972 COM2 65 0R0 124 2.1 15.9 67.1 1.0195 0.00 0.0M
93240.000 1972 COM2 65 0R0 132 2.1 15.8 68.1 1.0195 0.00 0.0M
93300.000 1972 COM2 65 0R0 123 2.0 15.8 68.8 1.0195 0.00 0.0M
93360.000 1972 COM2 65 0R0 128 1.8 15.8 69.0 1.0195 0.00 0.0M
93420.000 1972 COM2 65 0R0 141 1.5 15.8 68.4 1.0195 0.00 0.0M
93480.000 1972 COM2 65 0R0 124 0.5 15.8 68.5 1.0195 0.00 0.0M
93540.000 1972 COM2 65 0R0 120 1.7 15.8 68.2 1.0196 0.00 0.0M
93600.000 1972 COM2 65 0R0 117 0.9 15.8 68.6 1.0196 0.00 0.0M
93660.100 1972 COM2 65 0R0 131 1.2 15.8 69.1 1.0196 0.00 0.0M
93720.000 1972 COM2 65 0R0 134 0.4 15.8 69.4 1.0196 0.00 0.0M
93780.000 1972 COM2 65 0R0 141 0.4 15.7 69.3 1.0196 0.00 0.0M
93840.000 1972 COM2 65 0R0 154 0.6 15.7 68.4 1.0197 0.00 0.0M
93900.000 1972 COM2 65 0R0 118 0.7 15.8 69.0 1.0197 0.00 0.0M
93960.000 1972 COM2 65 0R0 145 0.8 15.8 69.2 1.0197 0.00 0.0M
94020.000 1972 COM2 65 0R0 128 1.1 15.8 70.2 1.0197 0.00 0.0M
94080.000 1972 COM2 65 0R0 142 1.0 15.8 70.3 1.0198 0.00 0.0M
94140.000 1972 COM2 65 0R0 127 0.9 15.8 70.5 1.0198 0.00 0.0M
94200.000 1972 COM2 65 0R0 150 1.3 15.8 71.0 1.0198 0.00 0.0M
94260.000 1972 COM2 65 0R0 144 1.3 15.8 71.7 1.0198 0.00 0.0M
94320.000 1972 COM2 65 0R0 127 1.2 15.8 71.0 1.0198 0.00 0.0M
94380.000 1972 COM2 65 0R0 126 1.4 15.8 71.4 1.0198 0.00 0.0M
94440.000 1972 COM2 65 0R0 149 1.6 15.8 72.0 1.0198 0.00 0.0M
94500.000 1972 COM2 65 0R0 141 0.9 15.8 72.2 1.0198 0.00 0.0M
94560.000 1972 COM2 65 0R0 137 0.3 15.7 71.5 1.0198 0.00 0.0M
94620.000 1972 COM2 65 0R0 149 1.3 15.7 73.0 1.0198 0.00 0.0M
94680.000 1972 COM2 65 0R0 159 1.4 15.7 72.8 1.0198 0.00 0.0M
94740.000 1972 COM2 65 0R0 144 2.1 15.7 73.0 1.0198 0.00 0.0M
94800.000 1972 COM2 65 0R0 157 0.5 15.7 73.6 1.0198 0.00 0.0M
94860.000 1972 COM2 65 0R0 136 1.3 15.6 73.4 1.0198 0.00 0.0M
94920.000 1972 COM2 65 0R0 147 1.0 15.6 73.7 1.0198 0.00 0.0M
94980.000 1972 COM2 65 0R0 110 0.8 15.6 74.0 1.0198 0.00 0.0M
95040.000 1972 COM2 65 0R0 117 0.4 15.6 74.4 1.0198 0.00 0.0M
95100.000 1972 COM2 65 0R0 152 1.5 15.6 73.8 1.0198 0.00 0.0M
95160.000 1972 COM2 65 0R0 133 1.3 15.6 74.4 1.0198 0.00 0.0M
95220.000 1972 COM2 65 0R0 156 0.8 15.7 74.4 1.0197 0.00 0.0M
95280.000 1972 COM2 65 0R0 126 1.2 15.6 73.7 1.0197 0.00 0.0M
95340.000 1972 COM2 65 0R0 087 0.3 15.6 77.0 1.0197 0.00 0.0M
95400.000 1972 COM2 65 0R0 135 0.7 15.6 75.1 1.0197 0.00 0.0M
95460.000 1972 COM2 65 0R0 104 0.9 15.6 74.0 1.0196 0.00 0.0M
95520.000 1972 COM2 65 0R0 123 0.6 15.6 73.9 1.0197 0.00 0.0M
95580.000 1972 COM2 65 0R0 137 0.6 15.6 74.3 1.0196 0.00 0.0M
95640.000 1972 COM2 65 0R0 118 1.1 15.6 74.5 1.0196 0.00 0.0M
95700.000 1972 COM2 65 0R0 126 0.8 15.6 74.2 1.0196 0.00 0.0M
95760.000 1972 COM2 65 0R0 146 0.3 15.6 75.0 1.0196 0.00 0.0M
95820.000 1972 COM2 65 0R0 122 2.1 15.6 74.8 1.0196 0.00 0.0M
95880.000 1972 COM2 65 0R0 126 0.8 15.6 76.1 1.0196 0.00 0.0M
95940.000 1972 COM2 65 0R0 119 0.5 15.6 75.4 1.0196 0.00 0.0M
96000.000 1972 COM2 65 0R0 108 0.9 15.6 75.9 1.0196 0.00 0.0M
96060.000 1972 COM2 65 0R0 120 2.0 15.5 75.5 1.0196 0.00 0.0M
96120.000 1972 COM2 65 0R0 093 0.5 15.5 77.1 1.0195 0.00 0.0M
96180.000 1972 COM2 65 0R0 142 0.4 15.5 76.4 1.0195 0.00 0.0M
96240.000 1972 COM2 65 0R0 110 0.9 15.5 76.3 1.0195 0.00 0.0M
96300.000 1972 COM2 65 0R0 119 0.9 15.5 75.5 1.0195 0.00 0.0M
96360.000 1972 COM2 65 0R0 136 1.7 15.5 75.6 1.0194 0.00 0.0M
96420.000 1972 COM2 65 0R0 113 1.0 15.5 75.7 1.0194 0.00 0.0M
96480.000 1972 COM2 65 0R0 122 1.9 15.4 76.7 1.0194 0.00 0.0M
96540.000 1972 COM2 65 0R0 128 1.8 15.4 78.8 1.0194 0.00 0.0M
96600.000 1972 COM2 65 0R0 116 2.1 15.4 78.2 1.0194 0.00 0.0M
96660.000 1972 COM2 65 0R0 125 1.4 15.4 77.7 1.0194 0.00 0.0M
96720.000 1972 COM2 65 0R0 138 0.4 15.4 77.2 1.0194 0.00 0.0M
96780.000 1972 COM2 65 0R0 127 1.4 15.3 76.8 1.0194 0.00 0.0M
96840.000 1972 COM2 65 0R0 125 1.2 15.3 76.7 1.0194 0.00 0.0M
96900.000 1972 COM2 65 0R0 115 1.0 15.3 78.1 1.0194 0.00 0.0M
96960.000 1972 COM2 65 0R0 116 0.9 15.3 77.9 1.0194 0.00 0.0M
97020.000 1972 COM2 65 0R0 132 0.9 15.3 77.2 1.0194 0.00 0.0M
97080.000 1972 COM2 65 0R0 126 0.7 15.3 76.7 1.0194 0.00 0.0M
97140.000 1972 COM2 65 0R0 141 0.8 15.3 76.3 1.0194 0.00 0.0M
97200.000 1972 COM2 65 0R0 142 0.9 15.3 76.2 1.0194 0.00 0.0M
97260.000 1972 COM2 65 0R0 114 0.8 15.3 76.4 1.0194 0.00 0.0M
97320.000 1972 COM2 65 0R0 155 1.2 15.3 76.7 1.0194 0.00 0.0M
97380.000 1972 COM2 65 0R0 159 2.3 15.3 76.8 1.0194 0.00 0.0M
97440.000 1972 COM2 65 0R0 137 1.9 15.3 77.9 1.0193 0.00 0.0M
97500.000 1972 COM2 65 0R0 168 1.3 15.3 78.2 1.0194 0.00 0.0M
97560.000 1972 COM2 65 0R0 174 1.8 15.3 77.7 1.0194 0.00 0.0M
97620.000 1972 COM2 65 0R0 161 1.5 15.2 78.2 1.0194 0.00 0.0M
97680.000 1972 COM2 65 0R0 186 1.3 15.2 78.1 1.0194 0.00 0.0M
97740.100 1972 COM2 65 0R0 156 1.5 15.1 78.4 1.0194 0.00 0.0M
97800.000 1972 COM2 65 0R0 163 2.0 15.1 79.0 1.0194 0.00 0.0M
97860.000 1972 COM2 65 0R0 163 0.9 15.1 79.5 1.0194 0.00 0.0M
97920.000 1972 COM2 65 0R0 170 1.2 15.1 79.3 1.0194 0.00 0.0M
97980.000 1972 COM2 65 0R0 175 1.4 15.1 79.7 1.0194 0.00 0.0M
98040.000 1972 COM2 65 0R0 185 1.5 15.1 80.2 1.0194 0.00 0.0M
98100.000 1972 COM2 65 0R0 183 1.5 15.2 80.4 1.0194 0.00 0.0M
98160.100 1972 COM2 65 0R0 153 1.2 15.1 80.6 1.0194 0.00 0.0M
98220.000 1972 COM2 65 0R0 139 1.0 15.1 80.2 1.0194 0.00 0.0M
98280.000 1972 COM2 65 0R0 155 1.3 15.2 80.5 1.0194 0.00 0.0M
98340.000 1972 COM2 65 0R0 169 0.9 15.3 80.0 1.0194 0.00 0.0M
98400.000 1972 COM2 65 0R0 214 0.2 15.3 80.0 1.0194 0.00 0.0M
98460.000 1972 COM2 65 0R0 055 0.4 15.3 79.6 1.0194 0.00 0.0M
98520.000 1972 COM2 65 0R0 132 1.0 15.4 79.3 1.0194 0.00 0.0M
98580.000 1972 COM2 65 0R0 185 0.2 15.4 79.4 1.0194 0.00 0.0M
98640.000 1972 COM2 65 0R0 116 0.3 15.4 79.2 1.0194 0.00 0.0M
98700.000 1972 COM2 65 0R0 178 0.3 15.5 78.9 1.0194 0.00 0.0M
98760.000 1972 COM2 65 0R0 127 0.1 15.5 78.9 1.0194 0.00 0.0M
98820.000 1972 COM2 65 0R0 057 0.3 15.6 78.9 1.0194 0.00 0.0M
98880.000 1972 COM2 65 0R0 146 0.2 15.6 78.9 1.0194 0.00 0.0M
98940.000 1972 COM2 65 0R0 105 0.3 15.6 78.7 1.0194 0.00 0.0M
99000.000 1972 COM2 65 0R0 107 0.6 15.7 78.6 1.0194 0.00 0.0M
99060.000 1972 COM2 65 0R0 149 0.2 15.7 78.9 1.0194 0.00 0.0M
99120.000 1972 COM2 65 0R0 130 0.1 15.7 78.9 1.0194 0.00 0.0M
99180.000 1972 COM2 65 0R0 128 0.6 15.7 78.8 1.0194 0.00 0.0M
99240.000 1972 COM2 65 0R0 236 0.4 15.8 78.5 1.0194 0.00 0.0M
99300.000 1972 COM2 65 0R0 042 0.2 15.8 79.2 1.0194 0.00 0.0M
99360.000 1972 COM2 65 0R0 123 0.7 15.8 79.1 1.0193 0.00 0.0M
99420.000 1972 COM2 65 0R0 099 0.2 15.8 78.8 1.0194 0.00 0.0M
99480.000 1972 COM2 65 0R0 115 0.5 15.8 78.7 1.0193 0.00 0.0M
99540.000 1972 COM2 65 0R0 069 0.6 15.8 78.7 1.0194 0.00 0.0M
99600.000 1972 COM2 65 0R0 217 0.7 15.8 79.1 1.0194 0.00 0.0M
99660.000 1972 COM2 65 0R0 123 1.5 15.8 78.6 1.0194 0.00 0.0M
99720.000 1972 COM2 65 0R0 143 1.7 15.8 79.4 1.0194 0.00 0.0M
99780.000 1972 COM2 65 0R0 146 1.3 15.8 80.2 1.0194 0.00 0.0M
99840.000 1972 COM2 65 0R0 126 0.5 15.7 80.7 1.0194 0.00 0.0M
99900.000 1972 COM2 65 0R0 249 0.2 15.6 79.7 1.0194 0.00 0.0M
99960.000 1972 COM2 65 0R0 336 0.3 15.6 79.1 1.0194 0.00 0.0M
100020.000 1972 COM2 65 0R0 015 0.2 15.6 79.2 1.0194 0.00 0.0M
100080.000 1972 COM2 65 0R0 094 1.4 15.7 79.6 1.0193 0.00 0.0M
100140.000 1972 COM2 65 0R0 193 0.5 15.7 79.0 1.0194 0.00 0.0M
100200.000 1972 COM2 65 0R0 176 1.0 15.7 77.5 1.0193 0.00 0.0M
100260.000 1972 COM2 65 0R0 127 2.1 15.7 80.3 1.0193 0.00 0.0M
100320.000 1972 COM2 65 0R0 139 0.5 15.7 80.7 1.0193 0.00 0.0M
100380.000 1972 COM2 65 0R0 104 0.4 15.7 78.3 1.0193 0.00 0.0M
100440.000 1972 COM2 65 0R0 087 0.1 15.8 77.8 1.0193 0.00 0.0M
100500.000 1972 COM2 65 0R0 004 0.6 15.8 77.2 1.0193 0.00 0.0M
100560.000 1972 COM2 65 0R0 120 0.3 15.8 79.0 1.0193 0.00 0.0M
100620.000 1972 COM2 65 0R0 105 1.4 15.9 79.2 1.0193 0.00 0.0M
100680.000 1972 COM2 65 0R0 129 0.5 15.8 79.7 1.0193 0.00 0.0M
100740.000 1972 COM2 65 0R0 159 0.4 15.8 79.2 1.0193 0.00 0.0M
100800.000 1972 COM2 65 0R0 250 0.3 15.8 78.8 1.0194 0.00 0.0M
100860.000 1972 COM2 65 0R0 183 1.1 15.8 78.0 1.0194 0.00 0.0M
100920.000 1972 COM2 65 0R0 186 0.5 15.8 77.9 1.0194 0.00 0.0M
100980.000 1972 COM2 65 0R0 078 0.3 15.8 78.1 1.0193 0.00 0.0M
101040.000 1972 COM2 65 0R0 112 0.5 15.8 77.8 1.0193 0.00 0.0M
101100.000 1972 COM2 65 0R0 110 0.1 15.8 77.9 1.0193 0.00 0.0M
101160.000 1972 COM2 65 0R0 121 0.5 15.8 77.5 1.0193 0.00 0.0M
101220.000 1972 COM2 65 0R0 203 0.7 15.8 77.8 1.0193 0.00 0.0M
101280.000 1972 COM2 65 0R0 204 0.4 15.8 77.9 1.0193 0.00 0.0M
101340.000 1972 COM2 65 0R0 127 0.3 15.8 77.6 1.0193 0.00 0.0M
101400.000 1972 COM2 65 0R0 169 0.7 15.8 76.9 1.0193 0.00 0.0M
101460.000 1972 COM2 65 0R0 115 0.2 15.8 79.5 1.0193 0.00 0.0M
101520.000 1972 COM2 65 0R0 031 0.2 15.8 78.5 1.0193 0.00 0.0M
101580.000 1972 COM2 65 0R0 089 0.3 15.9 78.7 1.0193 0.00 0.0M
101640.000 1972 COM2 65 0R0 134 0.1 15.9 78.2 1.0193 0.00 0.0M
101700.000 1972 COM2 65 0R0 087 0.5 15.9 77.7 1.0193 0.00 0.0M
101760.000 1972 COM2 65 0R0 158 0.5 15.9 77.6 1.0193 0.00 0.0M
101820.000 1972 COM2 65 0R0 125 0.3 15.9 77.9 1.0193 0.00 0.0M
101880.000 1972 COM2 65 0R0 035 0.4 15.9 78.0 1.0193 0.00 0.0M
101940.000 1972 COM2 65 0R0 323 0.3 15.9 77.9 1.0192 0.00 0.0M
102000.000 1972 COM2 65 0R0 109 0.1 16.0 77.6 1.0192 0.00 0.0M
102060.000 1972 COM2 65 0R0 120 0.3 16.0 77.8 1.0192 0.00 0.0M
102120.000 1972 COM2 65 0R0 179 0.9 16.0 77.6 1.0192 0.00 0.0M
102180.000 1972 COM2 65 0R0 114 0.4 16.0 78.6 1.0192 0.00 0.0M
102240.000 1972 COM2 65 0R0 212 0.3 16.0 78.9 1.0192 0.00 0.0M
102300.000 1972 COM2 65 0R0 167 0.3 16.0 78.6 1.0192 0.00 0.0M
102360.000 1972 COM2 65 0R0 134 0.2 16.1 78.1 1.0192 0.00 0.0M
102420.000 1972 COM2 65 0R0 015 0.2 16.1 78.0 1.0192 0.00 0.0M
102480.100 1972 COM2 65 0R0 048 0.3 16.1 78.0 1.0192 0.00 0.0M
102540.000 1972 COM2 65 0R0 213 0.2 16.1 77.9 1.0192 0.00 0.0M
102600.000 1972 COM2 65 0R0 197 0.5 16.1 78.1 1.0192 0.00 0.0M
102660.000 1972 COM2 65 0R0 164 0.2 16.1 78.4 1.0192 0.00 0.0M
102720.000 1972 COM2 65 0R0 160 1.2 16.0 78.6 1.0191 0.00 0.0M
102780.000 1972 COM2 65 0R0 192 1.0 16.0 79.5 1.0191 0.00 0.0M
102840.000 1972 COM2 65 0R0 168 0.2 16.0 79.7 1.0191 0.00 0.0M
102900.000 1972 COM2 65 0R0 066 0.3 16.0 78.9 1.0191 0.00 0.0M
102960.000 1972 COM2 65 0R0 175 0.7 16.0 78.8 1.0191 0.00 0.0M
103020.000 1972 COM2 65 0R0 140 0.7 16.0 79.5 1.0191 0.00 0.0M
103080.000 1972 COM2 65 0R0 140 1.0 16.0 79.7 1.0191 0.00 0.0M
103140.000 1972 COM2 65 0R0 160 1.8 16.0 80.0 1.0191 0.00 0.0M
103200.000 1972 COM2 65 0R0 154 1.0 16.0 80.7 1.0191 0.00 0.0M
103260.000 1972 COM2 65 0R0 175 1.4 16.0 80.6 1.0191 0.00 0.0M
103320.000 1972 COM2 65 0R0 123 0.6 16.0 80.7 1.0191 0.00 0.0M
103380.000 1972 COM2 65 0R0 215 0.3 16.0 80.3 1.0190 0.00 0.0M
103440.000 1972 COM2 65 0R0 202 0.5 16.0 79.9 1.0190 0.00 0.0M
103500.000 1972 COM2 65 0R0 085 0.1 16.0 79.5 1.0190 0.00 0.0M
103560.000 1972 COM2 65 0R0 010 0.1 16.0 79.1 1.0190 0.00 0.0M
103620.000 1972 COM2 65 0R0 076 0.2 16.0 79.0 1.0190 0.00 0.0M
103680.000 1972 COM2 65 0R0 073 0.1 16.0 79.6 1.0190 0.00 0.0M
103740.000 1972 COM2 65 0R0 136 0.7 16.0 79.1 1.0190 0.00 0.0M
103800.000 1972 COM2 65 0R0 096 1.1 16.0 78.5 1.0190 0.00 0.0M
103860.000 1972 COM2 65 0R0 077 0.5 16.0 80.1 1.0190 0.00 0.0M
103920.000 1972 COM2 65 0R0 194 0.6 15.9 79.5 1.0190 0.00 0.0M
103980.000 1972 COM2 65 0R0 105 0.7 15.9 78.9 1.0189 0.00 0.0M
104040.000 1972 COM2 65 0R0 144 0.6 15.9 79.2 1.0189 0.00 0.0M
104100.000 1972 COM2 65 0R0 125 0.4 15.9 79.0 1.0189 0.00 0.0M
104160.000 1972 COM2 65 0R0 078 0.3 15.9 78.5 1.0189 0.00 0.0M
104220.000 1972 COM2 65 0R0 094 0.2 15.9 78.9 1.0189 0.00 0.0M
104280.000 1972 COM2 65 0R0 156 0.4 15.8 78.8 1.0189 0.00 0.0M
104340.000 1972 COM2 65 0R0 101 0.5 15.8 78.0 1.0189 0.00 0.0M
104400.000 1972 COM2 65 0R0 151 0.9 15.8 78.0 1.0189 0.00 0.0M
104460.000 1972 COM2 65 0R0 125 0.5 15.8 80.8 1.0189 0.00 0.0M
104520.000 1972 COM2 65 0R0 125 0.4 15.8 78.4 1.0188 0.00 0.0M
104580.000 1972 COM2 65 0R0 099 0.5 15.7 78.4 1.0188 0.00 0.0M
104640.000 1972 COM2 65 0R0 095 0.9 15.7 78.1 1.0188 0.00 0.0M
104700.000 1972 COM2 65 0R0 132 1.0 15.7 78.9 1.0188 0.00 0.0M
104760.000 1972 COM2 65 0R0 156 0.4 15.7 80.3 1.0188 0.00 0.0M
104820.000 1972 COM2 65 0R0 114 0.3 15.6 79.1 1.0188 0.00 0.0M
104880.000 1972 COM2 65 0R0 118 0.4 15.7 79.4 1.0187 0.00 0.0M
104940.000 1972 COM2 65 0R0 100 0.3 15.6 77.5 1.0187 0.00 0.0M
105000.000 1972 COM2 65 0R0 056 0.4 15.6 77.4 1.0187 0.00 0.0M
105060.000 1972 COM2 65 0R0 090 0.4 15.6 78.5 1.0187 0.00 0.0M
105120.000 1972 COM2 65 0R0 078 1.0 15.6 79.0 1.0187 0.00 0.0M
105180.000 1972 COM2 65 0R0 116 0.9 15.6 79.9 1.0187 0.00 0.0M
105240.000 1972 COM2 65 0R0 090 0.9 15.6 80.6 1.0187 0.00 0.0M
105300.000 1972 COM2 65 0R0 075 1.3 15.5 80.2 1.0187 0.00 0.0M
105360.000 1972 COM2 65 0R0 067 1.5 15.5 80.5 1.0186 0.00 0.0M
105420.000 1972 COM2 65 0R0 072 1.1 15.5 80.9 1.0186 0.00 0.0M
105480.000 1972 COM2 65 0R0 070 1.3 15.5 81.6 1.0186 0.00 0.0M
105540.000 1972 COM2 65 0R0 069 1.2 15.4 81.2 1.0186 0.00 0.0M
105600.000 1972 COM2 65 0R0 041 0.7 15.4 81.3 1.0186 0.00 0.0M
105660.000 1972 COM2 65 0R0 078 0.9 15.3 80.9 1.0186 0.00 0.0M
105720.000 1972 COM2 65 0R0 067 1.3 15.3 81.3 1.0186 0.00 0.0M
105780.000 1972 COM2 65 0R0 076 1.4 15.3 81.3 1.0185 0.00 0.0M
105840.000 1972 COM2 65 0R0 078 1.2 15.2 81.7 1.0185 0.00 0.0M
105900.000 1972 COM2 65 0R0 069 1.5 15.2 82.1 1.0185 0.00 0.0M
105960.000 1972 COM2 65 0R0 057 1.8 15.2 82.1 1.0185 0.00 0.0M
106020.000 1972 COM2 65 0R0 063 0.9 15.2 82.7 1.0185 0.00 0.0M
106080.100 1972 COM2 65 0R0 102 0.5 15.1 82.5 1.0185 0.00 0.0M
106140.000 1972 COM2 65 0R0 076 1.5 15.0 82.5 1.0185 0.00 0.0M
106200.000 1972 COM2 65 0R0 058 0.6 15.0 82.8 1.0185 0.00 0.0M
106260.000 1972 COM2 65 0R0 002 0.4 15.0 82.9 1.0185 0.00 0.0M
106320.000 1972 COM2 65 0R0 022 1.3 14.9 82.8 1.0184 0.00 0.0M
106380.000 1972 COM2 65 0R0 035 0.9 14.9 82.9 1.0184 0.00 0.0M
106440.000 1972 COM2 65 0R0 034 1.4 14.8 83.0 1.0184 0.00 0.0M
106500.100 1972 COM2 65 0R0 044 1.3 14.8 83.2 1.0184 0.00 0.0M
106560.000 1972 COM2 65 0R0 065 1.4 14.8 83.6 1.0184 0.00 0.0M
106620.000 1972 COM2 65 0R0 043 1.2 14.8 84.0 1.0184 0.00 0.0M
106680.000 1972 COM2 65 0R0 142 0.1 14.8 84.0 1.0184 0.00 0.0M
106740.000 1972 COM2 65 0R0 056 1.8 14.8 84.4 1.0184 0.00 0.0M
106800.000 1972 COM2 65 0R0 058 1.5 14.8 85.4 1.0184 0.00 0.0M
106860.000 1972 COM2 65 0R0 032 1.7 14.8 85.5 1.0184 0.00 0.0M
106920.000 1972 COM2 65 0R0 060 0.9 14.9 85.0 1.0183 0.00 0.0M
106980.000 1972 COM2 65 0R0 075 1.7 14.8 85.0 1.0183 0.00 0.0M
107040.000 1972 COM2 65 0R0 066 0.5 14.8 84.7 1.0183 0.00 0.0M
107100.000 1972 COM2 65 0R0 065 1.8 14.8 84.9 1.0183 0.00 0.0M
107160.000 1972 COM2 65 0R0 069 2.0 14.8 85.7 1.0183 0.00 0.0M
107220.000 1972 COM2 65 0R0 055 1.3 14.7 85.3 1.0183 0.00 0.0M
107280.000 1972 COM2 65 0R0 070 1.9 14.6 85.4 1.0183 0.00 0.0M
107340.000 1972 COM2 65 0R0 055 1.6 14.6 85.6 1.0183 0.00 0.0M
107400.000 1972 COM2 65 0R0 080 2.1 14.6 85.6 1.0183 0.00 0.0M
107460.000 1972 COM2 65 0R0 077 2.3 14.5 85.6 1.0183 0.00 0.0M
107520.000 1972 COM2 65 0R0 070 2.2 14.5 86.0 1.0183 0.00 0.0M
107580.000 1972 COM2 65 0R0 056 2.1 14.5 86.1 1.0183 0.00 0.0M
107640.000 1972 COM2 65 0R0 067 1.8 14.5 86.4 1.0183 0.00 0.0M
107700.000 1972 COM2 65 0R0 071 1.2 14.4 86.6 1.0183 0.00 0.0M
107760.000 1972 COM2 65 0R0 057 1.2 14.4 86.4 1.0183 0.00 0.0M
107820.000 1972 COM2 65 0R0 091 0.7 14.4 86.4 1.0183 0.00 0.0M
107880.000 1972 COM2 65 0R0 088 1.1 14.4 86.4 1.0183 0.00 0.0M
107940.000 1972 COM2 65 0R0 035 0.7 14.4 86.2 1.0183 0.00 0.0M
108000.000 1972 COM2 65 0R0 048 1.6 14.4 85.9 1.0183 0.00 0.0M
108060.000 1972 COM2 65 0R0 061 2.2 14.4 85.9 1.0183 0.00 0.0M
108120.000 1972 COM2 65 0R0 083 1.8 14.4 86.8 1.0183 0.00 0.0M
108180.000 1972 COM2 65 0R0 060 2.0 14.4 86.2 1.0183 0.00 0.0M
108240.000 1972 COM2 65 0R0 071 1.7 14.4 87.2 1.0183 0.00 0.0M
108300.000 1972 COM2 65 0R0 079 2.1 14.4 86.9 1.0183 0.00 0.0M
108360.000 1972 COM2 65 0R0 063 1.9 14.3 87.4 1.0183 0.00 0.0M
108420.000 1972 COM2 65 0R0 066 1.4 14.3 87.4 1.0183 0.00 0.0M
108480.000 1972 COM2 65 0R0 037 1.9 14.3 86.8 1.0183 0.00 0.0M
108540.000 1972 COM2 65 0R0 067 2.2 14.3 87.1 1.0182 0.00 0.0M
108600.000 1972 COM2 65 0R0 087 1.3 14.3 87.5 1.0182 0.00 0.0M
108660.000 1972 COM2 65 0R0 099 1.8 14.3 88.3 1.0182 0.00 0.0M
108720.000 1972 COM2 65 0R0 049 2.1 14.3 87.7 1.0182 0.00 0.0M
108780.000 1972 COM2 65 0R0 037 1.1 14.3 87.7 1.0182 0.00 0.0M
108840.000 1972 COM2 65 0R0 081 2.3 14.3 87.2 1.0182 0.00 0.0M
108900.000 1972 COM2 65 0R0 071 1.7 14.3 87.4 1.0182 0.00 0.0M
108960.000 1972 COM2 65 0R0 070 1.2 14.3 87.8 1.0182 0.00 0.0M
109020.000 1972 COM2 65 0R0 086 1.3 14.4 88.2 1.0181 0.00 0.0M
109080.000 1972 COM2 65 0R0 048 1.4 14.4 87.2 1.0181 0.00 0.0M
109140.000 1972 COM2 65 0R0 088 1.1 14.3 87.1 1.0181 0.00 0.0M
109200.000 1972 COM2 65 0R0 067 1.1 14.3 86.9 1.0181 0.00 0.0M
109260.000 1972 COM2 65 0R0 085 0.8 14.3 86.5 1.0181 0.00 0.0M
109320.000 1972 COM2 65 0R0 100 0.7 14.3 86.7 1.0181 0.00 0.0M
109380.000 1972 COM2 65 0R0 088 0.9 14.4 86.7 1.0181 0.00 0.0M
109440.000 1972 COM2 65 0R0 118 1.2 14.4 86.7 1.0181 0.00 0.0M
109500.000 1972 COM2 65 0R0 120 1.0 14.4 86.8 1.0181 0.00 0.0M
109560.000 1972 COM2 65 0R0 082 1.0 14.4 86.8 1.0181 0.00 0.0M
109620.000 1972 COM2 65 0R0 087 1.5 14.5 86.6 1.0181 0.00 0.0M
109680.000 1972 COM2 65 0R0 066 1.1 14.5 86.4 1.0181 0.00 0.0M
109740.000 1972 COM2 65 0R0 070 0.6 14.5 85.9 1.0181 0.00 0.0M
109800.000 1972 COM2 65 0R0 077 1.2 14.4 86.2 1.0180 0.00 0.0M
109860.000 1972 COM2 65 0R0 037 0.8 14.4 86.3 1.0180 0.00 0.0M
109920.000 1972 COM2 65 0R0 070 1.4 14.4 86.4 1.0180 0.00 0.0M
109980.000 1972 COM2 65 0R0 077 1.2 14.4 86.6 1.0180 0.00 0.0M
110040.000 1972 COM2 65 0R0 079 1.5 14.4 86.7 1.0179 0.00 0.0M
110100.000 1972 COM2 65 0R0 078 1.1 14.4 86.8 1.0179 0.00 0.0M
110160.000 1972 COM2 65 0R0 064 1.7 14.4 86.8 1.0179 0.00 0.0M
110220.000 1972 COM2 65 0R0 090 0.3 14.4 87.0 1.0179 0.00 0.0M
110280.000 1972 COM2 65 0R0 090 0.7 14.3 87.1 1.0179 0.00 0.0M
110340.000 1972 COM2 65 0R0 092 0.4 14.3 87.3 1.0179 0.00 0.0M
110400.000 1972 COM2 65 0R0 091 1.4 14.4 87.4 1.0179 0.00 0.0M
110460.000 1972 COM2 65 0R0 077 0.8 14.4 87.7 1.0179 0.00 0.0M
110520.000 1972 COM2 65 0R0 051 1.0 14.4 87.6 1.0179 0.00 0.0M
110580.000 1972 COM2 65 0R0 095 0.5 14.4 87.3 1.0179 0.00 0.0M
110640.000 1972 COM2 65 0R0 141 0.5 14.5 87.4 1.0179 0.00 0.0M
110700.000 1972 COM2 65 0R0 060 0.3 14.5 87.4 1.0179 0.00 0.0M
110760.000 1972 COM2 65 0R0 063 1.2 14.5 87.8 1.0179 0.00 0.0M
110820.000 1972 COM2 65 0R0 063 1.1 14.5 87.2 1.0178 0.00 0.0M
110880.000 1972 COM2 65 0R0 054 0.8 14.5 87.4 1.0178 0.00 0.0M
110940.000 1972 COM2 65 0R0 039 0.4 14.5 87.5 1.0178 0.00 0.0M
111000.000 1972 COM2 65 0R0 053 1.3 14.5 87.5 1.0178 0.00 0.0M
111060.000 1972 COM2 65 0R0 047 0.5 14.5 87.9 1.0178 0.00 0.0M
111120.000 1972 COM2 65 0R0 067 1.1 14.5 87.9 1.0178 0.00 0.0M
111180.000 1972 COM2 65 0R0 073 0.9 14.5 87.7 1.0178 0.00 0.0M
111240.000 1972 COM2 65 0R0 069 0.3 14.5 87.9 1.0178 0.00 0.0M
111300.000 1972 COM2 65 0R0 060 0.6 14.5 88.1 1.0178 0.00 0.0M
111360.000 1972 COM2 65 0R0 029 0.5 14.5 88.2 1.0178 0.00 0.0M
111420.000 1972 COM2 65 0R0 043 1.1 14.4 88.3 1.0178 0.00 0.0M
111480.000 1972 COM2 65 0R0 052 1.0 14.4 88.7 1.0178 0.00 0.0M
111540.000 1972 COM2 65 0R0 079 1.8 14.4 88.6 1.0178 0.00 0.0M
111600.000 1972 COM2 65 0R0 024 1.2 14.4 88.7 1.0178 0.00 0.0M
111660.000 1972 COM2 65 0R0 046 0.7 14.3 88.9 1.0177 0.00 0.0M
111720.000 1972 COM2 65 0R0 070 0.9 14.3 89.2 1.0177 0.00 0.0M
111780.000 1972 COM2 65 0R0 085 0.9 14.3 89.4 1.0177 0.00 0.0M
111840.000 1972 COM2 65 0R0 178 0.5 14.3 89.3 1.0178 0.00 0.0M
111900.000 1972 COM2 65 0R0 067 0.8 14.3 89.5 1.0177 0.00 0.0M
111960.000 1972 COM2 65 0R0 334 0.4 14.4 89.7 1.0177 0.00 0.0M
112020.000 1972 COM2 65 0R0 003 0.6 14.4 89.6 1.0177 0.00 0.0M
112080.000 1972 COM2 65 0R0 073 0.4 14.4 89.4 1.0177 0.00 0.0M
112140.000 1972 COM2 65 0R0 064 0.5 14.4 89.8 1.0177 0.00 0.0M
112200.000 1972 COM2 65 0R0 097 0.8 14.4 89.6 1.0177 0.00 0.0M
112260.000 1972 COM2 65 0R0 038 0.6 14.4 89.5 1.0177 0.00 0.0M
112320.000 1972 COM2 65 0R0 357 0.3 14.4 89.8 1.0177 0.00 0.0M
112380.000 1972 COM2 65 0R0 028 0.3 14.5 89.9 1.0177 0.00 0.0M
112440.000 1972 COM2 65 0R0 080 0.2 14.5 89.7 1.0177 0.00 0.0M
112500.000 1972 COM2 65 0R0 088 0.4 14.5 89.6 1.0177 0.00 0.0M
112560.000 1972 COM2 65 0R0 102 0.2 14.5 89.6 1.0177 0.00 0.0M
112620.000 1972 COM2 65 0R0 182 0.2 14.5 89.5 1.0177 0.00 0.0M
112680.000 1972 COM2 65 0R0 184 0.1 14.5 89.6 1.0177 0.00 0.0M
112740.000 1972 COM2 65 0R0 187 0.6 14.5 89.6 1.0177 0.00 0.0M
112800.000 1972 COM2 65 0R0 034 0.1 14.5 89.5 1.0178 0.00 0.0M
112860.000 1972 COM2 65 0R0 193 0.3 14.5 89.3 1.0178 0.00 0.0M
112920.000 1972 COM2 65 0R0 063 0.2 14.6 89.2 1.0178 0.00 0.0M
112980.000 1972 COM2 65 0R0 358 0.2 14.6 89.2 1.0178 0.00 0.0M
113040.000 1972 COM2 65 0R0 008 0.2 14.6 89.0 1.0178 0.00 0.0M
113100.000 1972 COM2 65 0R0 038 0.3 14.6 89.0 1.0178 0.00 0.0M
113160.000 1972 COM2 65 0R0 346 0.2 14.6 89.1 1.0178 0.00 0.0M
113220.000 1972 COM2 65 0R0 061 0.2 14.6 89.1 1.0178 0.00 0.0M
113280.000 1972 COM2 65 0R0 331 0.3 14.6 89.3 1.0178 0.00 0.0M
113340.000 1972 COM2 65 0R0 316 0.2 14.6 89.4 1.0178 0.00 0.0M
113400.000 1972 COM2 65 0R0 043 0.4 14.6 89.6 1.0178 0.00 0.0M
113460.000 1972 COM2 65 0R0 028 0.2 14.6 89.8 1.0177 0.00 0.0M
113520.000 1972 COM2 65 0R0 080 0.3 14.6 89.8 1.0177 0.00 0.0M
113580.000 1972 COM2 65 0R0 323 0.3 14.7 89.9 1.0177 0.00 0.0M
113640.000 1972 COM2 65 0R0 284 0.2 14.7 89.9 1.0177 0.00 0.0M
113700.000 1972 COM2 65 0R0 063 0.2 14.7 89.8 1.0177 0.00 0.0M
113760.000 1972 COM2 65 0R0 029 0.1 14.7 89.8 1.0177 0.00 0.0M
113820.000 1972 COM2 65 0R0 016 0.3 14.7 89.8 1.0177 0.00 0.0M
113880.000 1972 COM2 65 0R0 134 0.1 14.7 89.8 1.0177 0.00 0.0M
113940.000 1972 COM2 65 0R0 312 0.2 14.7 89.8 1.0177 0.00 0.0M
114000.000 1972 COM2 65 0R0 186 0.2 14.7 89.9 1.0177 0.00 0.0M
114060.000 1972 COM2 65 0R0 036 0.2 14.8 89.8 1.0177 0.00 0.0M
114120.000 1972 COM2 65 0R0 235 0.3 14.8 89.8 1.0177 0.00 0.0M
114180.000 1972 COM2 65 0R0 354 0.2 14.8 89.7 1.0177 0.00 0.0M
114240.000 1972 COM2 65 0R0 336 0.1 14.9 89.7 1.0177 0.00 0.0M
114300.000 1972 COM2 65 0R0 330 0.3 14.9 89.4 1.0177 0.00 0.0M
114360.000 1972 COM2 65 0R0 321 0.2 14.9 89.2 1.0177 0.00 0.0M
114420.000 1972 COM2 65 0R0 006 0.4 15.0 89.1 1.0177 0.00 0.0M
114480.000 1972 COM2 65 0R0 102 0.1 15.0 88.9 1.0177 0.00 0.0M
114540.000 1972 COM2 65 0R0 046 0.4 15.0 88.7 1.0176 0.00 0.0M
114600.000 1972 COM2 65 0R0 348 0.2 15.0 88.7 1.0176 0.00 0.0M
114660.000 1972 COM2 65 0R0 040 1.1 14.9 88.8 1.0176 0.00 0.0M
114720.000 1972 COM2 65 0R0 073 0.7 14.9 89.0 1.0175 0.00 0.0M
114780.000 1972 COM2 65 0R0 285 0.2 14.9 89.2 1.0175 0.00 0.0M
114840.000 1972 COM2 65 0R0 029 0.6 14.9 89.2 1.0175 0.00 0.0M
114900.000 1972 COM2 65 0R0 041 0.8 15.0 89.0 1.0175 0.00 0.0M
114960.000 1972 COM2 65 0R0 045 0.5 14.9 88.7 1.0175 0.00 0.0M
115020.000 1972 COM2 65 0R0 051 0.4 14.9 88.8 1.0175 0.00 0.0M
115080.000 1972 COM2 65 0R0 030 0.6 14.9 88.9 1.0175 0.00 0.0M
115140.000 1972 COM2 65 0R0 026 0.8 14.9 88.7 1.0175 0.00 0.0M
115200.000 1972 COM2 65 0R0 023 1.0 14.9 88.8 1.0175 0.00 0.0M
115260.000 1972 COM2 65 0R0 038 0.7 14.9 88.9 1.0175 0.00 0.0M
115320.000 1972 COM2 65 0R0 040 1.1 14.9 89.1 1.0175 0.00 0.0M
115380.000 1972 COM2 65 0R0 065 0.6 14.9 89.1 1.0175 0.00 0.0M
115440.000 1972 COM2 65 0R0 033 1.2 14.9 89.3 1.0175 0.00 0.0M
115500.000 1972 COM2 65 0R0 291 0.6 15.0 89.4 1.0176 0.00 0.0M
115560.000 1972 COM2 65 0R0 062 0.4 15.0 89.2 1.0175 0.00 0.0M
115620.000 1972 COM2 65 0R0 042 0.6 14.9 89.1 1.0176 0.00 0.0M
115680.000 1972 COM2 65 0R0 065 0.4 14.9 89.2 1.0176 0.00 0.0M
115740.100 1972 COM2 65 0R0 029 0.9 14.9 89.2 1.0176 0.00 0.0M
115800.100 1972 COM2 65 0R0 024 0.9 14.9 88.9 1.0176 0.00 0.0M
115860.000 1972 COM2 65 0R0 345 0.3 14.9 88.7 1.0176 0.00 0.0M
115920.000 1972 COM2 65 0R0 033 0.8 14.9 88.4 1.0176 0.00 0.0M
115980.000 1972 COM2 65 0R0 039 0.6 14.8 88.1 1.0176 0.00 0.0M
116040.000 1972 COM2 65 0R0 042 0.9 14.8 88.0 1.0176 0.00 0.0M
116100.000 1972 COM2 65 0R0 322 0.1 14.8 88.0 1.0176 0.00 0.0M
116160.000 1972 COM2 65 0R0 074 0.4 14.8 88.2 1.0176 0.00 0.0M
116220.000 1972 COM2 65 0R0 028 0.9 14.8 87.9 1.0176 0.00 0.0M
116280.000 1972 COM2 65 0R0 030 0.9 14.8 87.8 1.0176 0.00 0.0M
116340.000 1972 COM2 65 0R0 010 0.4 14.8 87.8 1.0176 0.00 0.0M
116400.000 1972 COM2 65 0R0 039 0.2 14.8 87.7 1.0176 0.00 0.0M
116460.000 1972 COM2 65 0R0 022 1.2 14.8 87.4 1.0176 0.00 0.0M
116520.000 1972 COM2 65 0R0 343 0.6 14.7 87.4 1.0176 0.00 0.0M
116580.000 1972 COM2 65 0R0 004 0.6 14.7 87.7 1.0176 0.00 0.0M
116640.000 1972 COM2 65 0R0 015 0.2 14.7 87.6 1.0176 0.00 0.0M
116700.000 1972 COM2 65 0R0 027 0.7 14.7 88.6 1.0176 0.00 0.0M
116760.000 1972 COM2 65 0R0 035 1.0 14.8 88.8 1.0176 0.00 0.0M
116820.000 1972 COM2 65 0R0 026 0.7 14.8 88.2 1.0176 0.00 0.0M
116880.000 1972 COM2 65 0R0 055 0.5 14.8 87.8 1.0176 0.00 0.0M
116940.000 1972 COM2 65 0R0 029 1.1 14.8 87.8 1.0176 0.00 0.0M
117000.000 1972 COM2 65 0R0 022 0.6 14.8 87.7 1.0176 0.00 0.0M
117060.000 1972 COM2 65 0R0 030 0.7 14.7 87.9 1.0176 0.00 0.0M
117120.000 1972 COM2 65 0R0 030 1.0 14.7 88.4 1.0175 0.00 0.0M
117180.000 1972 COM2 65 0R0 030 0.8 14.7 88.5 1.0175 0.00 0.0M
117240.000 1972 COM2 65 0R0 092 0.3 14.7 88.5 1.0175 0.00 0.0M
117300.000 1972 COM2 65 0R0 027 1.0 14.8 88.5 1.0175 0.00 0.0M
117360.000 1972 COM2 65 0R0 042 1.2 14.8 88.7 1.0175 0.00 0.0M
117420.000 1972 COM2 65 0R0 033 0.6 14.7 88.5 1.0175 0.00 0.0M
117480.000 1972 COM2 65 0R0 048 1.7 14.7 88.8 1.0175 0.00 0.0M
117540.000 1972 COM2 65 0R0 038 1.9 14.8 89.0 1.0175 0.00 0.0M
117600.000 1972 COM2 65 0R0 035 1.1 14.8 88.9 1.0175 0.00 0.0M
117660.000 1972 COM2 65 0R0 059 0.9 14.8 88.7 1.0175 0.00 0.0M
117720.000 1972 COM2 65 0R0 000 0.4 14.8 89.0 1.0175 0.00 0.0M
117780.000 1972 COM2 65 0R0 039 0.1 14.8 89.1 1.0175 0.00 0.0M
117840.000 1972 COM2 65 0R0 002 0.3 14.8 89.3 1.0175 0.00 0.0M
117900.000 1972 COM2 65 0R0 041 0.9 14.9 89.4 1.0175 0.00 0.0M
117960.000 1972 COM2 65 0R0 083 0.6 14.9 89.5 1.0174 0.00 0.0M
118020.000 1972 COM2 65 0R0 041 1.1 15.0 89.6 1.0174 0.00 0.0M
118080.000 1972 COM2 65 0R0 074 1.3 15.0 89.5 1.0174 0.00 0.0M
118140.000 1972 COM2 65 0R0 078 1.5 15.0 90.0 1.0174 0.00 0.0M
118200.000 1972 COM2 65 0R0 059 1.1 15.1 90.3 1.0174 0.00 0.0M
118260.000 1972 COM2 65 0R0 052 1.3 15.1 90.4 1.0173 0.00 0.0M
118320.000 1972 COM2 65 0R0 082 0.6 15.1 89.9 1.0173 0.00 0.0M
118380.000 1972 COM2 65 0R0 137 0.3 15.1 89.8 1.0173 0.00 0.0M
118440.000 1972 COM2 65 0R0 004 0.8 15.0 89.9 1.0173 0.00 0.0M
118500.000 1972 COM2 65 0R0 038 1.8 15.0 90.1 1.0174 0.00 0.0M
118560.000 1972 COM2 65 0R0 038 1.1 15.0 90.0 1.0174 0.00 0.0M
118620.000 1972 COM2 65 0R0 061 1.2 15.0 90.0 1.0174 0.00 0.0M
118680.000 1972 COM2 65 0R0 031 0.7 15.0 90.3 1.0174 0.00 0.0M
118740.000 1972 COM2 65 0R0 039 1.2 15.0 90.5 1.0174 0.00 0.0M
118800.000 1972 COM2 65 0R0 022 1.9 15.0 90.5 1.0174 0.00 0.0M
118860.000 1972 COM2 65 0R0 036 1.4 15.0 90.6 1.0174 0.00 0.0M
118920.000 1972 COM2 65 0R0 042 1.8 15.0 90.6 1.0174 0.00 0.0M
118980.000 1972 COM2 65 0R0 086 1.3 15.0 90.7 1.0174 0.00 0.0M
119040.000 1972 COM2 65 0R0 099 0.6 15.0 90.9 1.0174 0.00 0.0M
119100.000 1972 COM2 65 0R0 123 0.7 15.0 91.0 1.0173 0.00 0.0M
119160.000 1972 COM2 65 0R0 127 0.5 15.0 91.1 1.0174 0.00 0.0M
119220.000 1972 COM2 65 0R0 093 1.1 15.0 91.0 1.0174 0.00 0.0M
119280.000 1972 COM2 65 0R0 023 0.2 15.0 91.0 1.0174 0.00 0.0M
119340.000 1972 COM2 65 0R0 056 0.8 15.0 91.0 1.0174 0.00 0.0M
119400.000 1972 COM2 65 0R0 074 0.2 15.0 90.9 1.0174 0.00 0.0M
119460.000 1972 COM2 65 0R0 058 1.1 15.0 90.8 1.0174 0.00 0.0M
119520.000 1972 COM2 65 0R0 337 0.6 15.0 90.8 1.0174 0.00 0.0M
119580.000 1972 COM2 65 0R0 052 1.0 15.0 90.9 1.0174 0.00 0.0M
119640.000 1972 COM2 65 0R0 025 2.1 15.0 90.8 1.0174 0.00 0.0M
119700.000 1972 COM2 65 0R0 030 1.9 15.0 91.0 1.0174 0.00 0.0M
119760.000 1972 COM2 65 0R0 031 0.9 15.0 91.1 1.0174 0.00 0.0M
119820.000 1972 COM2 65 0R0 018 1.5 14.9 91.2 1.0174 0.00 0.0M
119880.000 1972 COM2 65 0R0 011 1.0 14.9 91.4 1.0174 0.00 0.0M
119940.000 1972 COM2 65 0R0 232 0.3 14.9 91.7 1.0174 0.00 0.0M
120000.000 1972 COM2 65 0R0 225 0.2 15.0 91.8 1.0174 0.00 0.0M
120060.000 1972 COM2 65 0R0 114 0.3 15.0 92.0 1.0174 0.00 0.0M
120120.000 1972 COM2 65 0R0 136 0.9 15.0 92.0 1.0174 0.00 0.0M
120180.000 1972 COM2 65 0R0 087 0.3 15.1 92.1 1.0174 0.00 0.0M
120240.000 1972 COM2 65 0R0 039 0.8 15.1 92.0 1.0174 0.00 0.0M
120300.000 1972 COM2 65 0R0 078 1.0 15.1 92.0 1.0173 0.00 0.0M
120360.000 1972 COM2 65 0R0 080 1.8 15.1 91.9 1.0173 0.00 0.0M
120420.000 1972 COM2 65 0R0 079 0.7 15.1 91.8 1.0173 0.00 0.0M
120480.000 1972 COM2 65 0R0 022 1.0 15.0 91.9 1.0173 0.00 0.0M
120540.000 1972 COM2 65 0R0 013 0.2 15.0 91.9 1.0173 0.00 0.0M
120600.000 1972 COM2 65 0R0 011 1.3 15.0 91.8 1.0173 0.00 0.0M
120660.000 1972 COM2 65 0R0 016 0.6 15.0 91.8 1.0173 0.00 0.0M
120720.000 1972 COM2 65 0R0 019 1.3 15.0 91.9 1.0173 0.00 0.0M
120780.000 1972 COM2 65 0R0 093 0.4 15.0 91.9 1.0173 0.00 0.0M
120840.000 1972 COM2 65 0R0 016 1.0 15.0 92.0 1.0173 0.00 0.0M
120900.000 1972 COM2 65 0R0 029 0.5 15.0 92.0 1.0173 0.00 0.0M
120960.000 1972 COM2 65 0R0 012 0.5 15.0 92.0 1.0173 0.00 0.0M
121020.000 1972 COM2 65 0R0 348 0.5 15.0 92.1 1.0172 0.00 0.0M
121080.000 1972 COM2 65 0R0 075 0.7 15.0 92.1 1.0172 0.00 0.0M
121140.000 1972 COM2 65 0R0 022 2.0 15.0 92.1 1.0172 0.00 0.0M
121200.000 1972 COM2 65 0R0 013 1.4 15.0 92.1 1.0172 0.00 0.0M
121260.000 1972 COM2 65 0R0 040 2.2 14.9 92.1 1.0172 0.00 0.0M
121320.000 1972 COM2 65 0R0 053 0.4 14.9 92.1 1.0172 0.00 0.0M
121380.000 1972 COM2 65 0R0 051 1.1 14.9 92.2 1.0172 0.00 0.0M
121440.000 1972 COM2 65 0R0 015 1.2 14.9 92.2 1.0171 0.00 0.0M
121500.000 1972 COM2 65 0R0 347 0.5 14.9 92.2 1.0171 0.00 0.0M
121560.000 1972 COM2 65 0R0 146 0.5 14.9 92.2 1.0171 0.00 0.0M
121620.000 1972 COM2 65 0R0 091 0.3 14.9 92.3 1.0172 0.00 0.0M
121680.000 1972 COM2 65 0R0 043 0.4 14.9 92.4 1.0172 0.00 0.0M
121740.000 1972 COM2 65 0R0 071 1.0 15.0 92.4 1.0172 0.00 0.0M
121800.000 1972 COM2 65 0R0 046 1.5 15.0 92.4 1.0172 0.00 0.0M
121860.000 1972 COM2 65 0R0 019 0.9 15.0 92.5 1.0172 0.00 0.0M
121920.000 1972 COM2 65 0R0 352 0.4 15.0 92.4 1.0172 0.00 0.0M
121980.000 1972 COM2 65 0R0 044 0.9 15.0 92.5 1.0172 0.00 0.0M
122040.000 1972 COM2 65 0R0 064 0.8 15.0 92.4 1.0172 0.00 0.0M
122100.000 1972 COM2 65 0R0 074 1.1 15.0 92.4 1.0172 0.00 0.0M
122160.000 1972 COM2 65 0R0 061 0.4 15.0 92.5 1.0172 0.00 0.0M
122220.000 1972 COM2 65 0R0 057 0.9 15.0 92.5 1.0172 0.00 0.0M
122280.000 1972 COM2 65 0R0 175 0.4 15.0 92.4 1.0172 0.00 0.0M
122340.000 1972 COM2 65 0R0 068 0.8 15.0 92.4 1.0171 0.00 0.0M
122400.000 1972 COM2 65 0R0 348 0.5 15.0 92.5 1.0171 0.00 0.0M
122460.000 1972 COM2 65 0R0 282 0.2 15.0 92.6 1.0171 0.00 0.0M
122520.000 1972 COM2 65 0R0 076 1.7 15.0 92.6 1.0170 0.00 0.0M
122580.000 1972 COM2 65 0R0 058 0.8 15.1 92.7 1.0170 0.00 0.0M
122640.000 1972 COM2 65 0R0 068 0.5 15.0 92.5 1.0170 0.00 0.0M
122700.000 1972 COM2 65 0R0 100 0.8 15.0 92.5 1.0171 0.00 0.0M
122760.000 1972 COM2 65 0R0 069 0.8 15.0 92.5 1.0171 0.00 0.0M
122820.000 1972 COM2 65 0R0 081 0.3 15.0 92.5 1.0171 0.00 0.0M
122880.000 1972 COM2 65 0R0 048 1.1 15.0 92.6 1.0171 0.00 0.0M
122940.000 1972 COM2 65 0R0 060 0.4 15.1 92.6 1.0171 0.00 0.0M
123000.000 1972 COM2 65 0R0 068 0.7 15.1 92.6 1.0171 0.00 0.0M
123060.000 1972 COM2 65 0R0 069 0.6 15.1 92.6 1.0171 0.00 0.0M
123120.000 1972 COM2 65 0R0 061 0.3 15.1 92.5 1.0171 0.00 0.0M
123180.000 1972 COM2 65 0R0 084 0.2 15.0 92.5 1.0171 0.00 0.0M
123240.000 1972 COM2 65 0R0 188 0.1 15.0 92.5 1.0171 0.00 0.0M
123300.000 1972 COM2 65 0R0 077 0.2 15.1 92.6 1.0171 0.00 0.0M
123360.000 1972 COM2 65 0R0 032 0.2 15.1 92.6 1.0171 0.00 0.0M
123420.000 1972 COM2 65 0R0 051 1.2 15.1 92.6 1.0171 0.00 0.0M
123480.000 1972 COM2 65 0R0 035 0.7 15.1 92.6 1.0171 0.00 0.0M
123540.000 1972 COM2 65 0R0 077 0.4 15.0 92.4 1.0171 0.00 0.0M
123600.000 1972 COM2 65 0R0 323 0.2 15.0 92.5 1.0171 0.00 0.0M
123660.000 1972 COM2 65 0R0 345 0.1 15.0 92.5 1.0171 0.00 0.0M
123720.000 1972 COM2 65 0R0 066 0.6 15.0 92.5 1.0172 0.00 0.0M
123780.000 1972 COM2 65 0R0 009 0.4 15.0 92.5 1.0171 0.00 0.0M
123840.000 1972 COM2 65 0R0 083 1.0 15.0 92.5 1.0171 0.00 0.0M
123900.000 1972 COM2 65 0R0 026 0.5 15.0 92.5 1.0171 0.00 0.0M
123960.000 1972 COM2 65 0R0 336 0.3 15.0 92.5 1.0171 0.00 0.0M
124020.000 1972 COM2 65 0R0 061 0.3 15.0 92.5 1.0171 0.00 0.0M
124080.000 1972 COM2 65 0R0 332 0.5 15.0 92.5 1.0172 0.00 0.0M
124140.000 1972 COM2 65 0R0 044 0.3 15.0 92.6 1.0172 0.00 0.0M
124200.000 1972 COM2 65 0R0 027 1.1 15.0 92.6 1.0171 0.00 0.0M
124260.000 1972 COM2 65 0R0 019 1.1 15.0 92.5 1.0171 0.00 0.0M
124320.000 1972 COM2 65 0R0 035 1.2 15.0 92.5 1.0171 0.00 0.0M
124380.000 1972 COM2 65 0R0 019 1.1 15.0 92.5 1.0171 0.00 0.0M
124440.000 1972 COM2 65 0R0 052 1.0 15.0 92.5 1.0171 0.00 0.0M
124500.000 1972 COM2 65 0R0 358 0.7 15.0 92.5 1.0171 0.00 0.0M
124560.000 1972 COM2 65 0R0 336 0.4 15.0 92.6 1.0171 0.00 0.0M
124620.000 1972 COM2 65 0R0 028 0.7 15.0 92.6 1.0171 0.00 0.0M
124680.000 1972 COM2 65 0R0 046 0.8 15.0 92.6 1.0171 0.00 0.0M
124740.000 1972 COM2 65 0R0 335 0.1 15.0 92.6 1.0171 0.00 0.0M
124800.000 1972 COM2 65 0R0 264 0.1 15.0 92.6 1.0171 0.00 0.0M
124860.000 1972 COM2 65 0R0 071 0.2 15.1 92.6 1.0171 0.00 0.0M
124920.000 1972 COM2 65 0R0 082 0.8 15.1 92.6 1.0170 0.00 0.0M
124980.000 1972 COM2 65 0R0 064 0.6 15.1 92.7 1.0170 0.00 0.0M
125040.200 1972 COM2 65 0R0 039 1.1 15.1 92.7 1.0170 0.00 0.0M
125100.000 1972 COM2 65 0R0 012 0.5 15.1 92.6 1.0170 0.00 0.0M
125160.000 1972 COM2 65 0R0 034 0.5 15.1 92.6 1.0170 0.00 0.0M
125220.000 1972 COM2 65 0R0 147 0.3 15.1 92.7 1.0170 0.00 0.0M
125280.000 1972 COM2 65 0R0 022 0.7 15.1 92.7 1.0170 0.00 0.0M
125340.000 1972 COM2 65 0R0 059 0.8 15.1 92.7 1.0170 0.00 0.0M
125400.000 1972 COM2 65 0R0 008 0.9 15.1 92.7 1.0169 0.00 0.0M
125460.000 1972 COM2 65 0R0 027 0.7 15.1 92.6 1.0170 0.00 0.0M
125520.000 1972 COM2 65 0R0 118 0.1 15.1 92.6 1.0170 0.00 0.0M
125580.000 1972 COM2 65 0R0 120 0.5 15.1 92.6 1.0170 0.00 0.0M
125640.000 1972 COM2 65 0R0 090 1.0 15.1 92.7 1.0170 0.00 0.0M
125700.000 1972 COM2 65 0R0 048 1.3 15.2 92.8 1.0170 0.00 0.0M
125760.000 1972 COM2 65 0R0 028 1.4 15.2 92.8 1.0170 0.00 0.0M
125820.000 1972 COM2 65 0R0 334 0.3 15.2 92.7 1.0169 0.00 0.0M
125880.000 1972 COM2 65 0R0 012 0.2 15.2 92.7 1.0169 0.00 0.0M
125940.000 1972 COM2 65 0R0 069 1.1 15.2 92.7 1.0169 0.00 0.0M
126000.000 1972 COM2 65 0R0 145 0.6 15.2 92.7 1.0169 0.00 0.0M
126060.000 1972 COM2 65 0R0 042 0.8 15.2 92.7 1.0169 0.00 0.0M
126120.000 1972 COM2 65 0R0 035 0.5 15.2 92.6 1.0169 0.00 0.0M
126180.000 1972 COM2 65 0R0 048 0.2 15.2 92.5 1.0169 0.00 0.0M
126240.000 1972 COM2 65 0R0 065 1.1 15.2 92.5 1.0169 0.00 0.0M
126300.000 1972 COM2 65 0R0 191 0.1 15.2 92.5 1.0169 0.00 0.0M
126360.000 1972 COM2 65 0R0 349 0.1 15.2 92.6 1.0169 0.00 0.0M
126420.000 1972 COM2 65 0R0 052 0.6 15.2 92.6 1.0169 0.00 0.0M
126480.000 1972 COM2 65 0R0 087 0.8 15.2 92.6 1.0169 0.00 0.0M
126540.000 1972 COM2 65 0R0 076 1.0 15.2 92.6 1.0169 0.00 0.0M
126600.000 1972 COM2 65 0R0 045 0.5 15.2 92.6 1.0169 0.00 0.0M
126660.000 1972 COM2 65 0R0 096 1.4 15.2 92.6 1.0169 0.00 0.0M
126720.000 1972 COM2 65 0R0 092 0.5 15.2 92.5 1.0169 0.00 0.0M
126780.000 1972 COM2 65 0R0 125 0.3 15.2 92.4 1.0169 0.00 0.0M
126840.000 1972 COM2 65 0R0 085 0.8 15.2 92.4 1.0169 0.00 0.0M
126900.000 1972 COM2 65 0R0 092 0.6 15.2 92.4 1.0169 0.00 0.0M
126960.000 1972 COM2 65 0R0 043 0.7 15.3 92.4 1.0169 0.00 0.0M
127020.000 1972 COM2 65 0R0 011 0.8 15.3 92.4 1.0168 0.00 0.0M
127080.000 1972 COM2 65 0R0 022 0.7 15.3 92.3 1.0168 0.00 0.0M
127140.000 1972 COM2 65 0R0 022 0.3 15.2 92.2 1.0169 0.00 0.0M
127200.000 1972 COM2 65 0R0 057 0.5 15.2 92.2 1.0168 0.00 0.0M
127260.000 1972 COM2 65 0R0 029 0.8 15.2 92.1 1.0168 0.00 0.0M
127320.000 1972 COM2 65 0R0 073 0.6 15.2 92.1 1.0168 0.00 0.0M
127380.000 1972 COM2 65 0R0 016 1.3 15.2 92.1 1.0168 0.00 0.0M
127440.000 1972 COM2 65 0R0 020 1.0 15.2 92.1 1.0169 0.00 0.0M
127500.000 1972 COM2 65 0R0 010 0.2 15.2 92.0 1.0169 0.00 0.0M
127560.000 1972 COM2 65 0R0 153 0.3 15.1 92.0 1.0169 0.00 0.0M
127620.000 1972 COM2 65 0R0 085 0.3 15.1 92.0 1.0169 0.00 0.0M
127680.000 1972 COM2 65 0R0 096 0.2 15.1 92.1 1.0169 0.00 0.0M
127740.000 1972 COM2 65 0R0 058 0.7 15.2 92.2 1.0169 0.00 0.0M
127800.000 1972 COM2 65 0R0 052 0.5 15.2 92.2 1.0169 0.00 0.0M
127860.000 1972 COM2 65 0R0 078 0.8 15.2 92.2 1.0169 0.00 0.0M
127920.000 1972 COM2 65 0R0 346 0.1 15.2 92.2 1.0169 0.00 0.0M
127980.000 1972 COM2 65 0R0 331 0.3 15.2 92.2 1.0169 0.00 0.0M
128040.000 1972 COM2 65 0R0 051 0.2 15.2 92.2 1.0169 0.00 0.0M
128100.000 1972 COM2 65 0R0 010 0.2 15.2 92.3 1.0169 0.00 0.0M
128160.000 1972 COM2 65 0R0 184 0.2 15.2 92.4 1.0169 0.00 0.0M
128220.000 1972 COM2 65 0R0 221 0.2 15.2 92.4 1.0169 0.00 0.0M
128280.000 1972 COM2 65 0R0 180 0.1 15.3 92.4 1.0169 0.00 0.0M
128340.000 1972 COM2 65 0R0 075 0.2 15.3 92.5 1.0169 0.00 0.0M
128400.000 1972 COM2 65 0R0 053 0.8 15.3 92.5 1.0169 0.00 0.0M
128460.000 1972 COM2 65 0R0 024 0.8 15.3 92.5 1.0169 0.00 0.0M
128520.000 1972 COM2 65 0R0 334 0.3 15.3 92.4 1.0168 0.00 0.0M
128580.000 1972 COM2 65 0R0 067 0.7 15.3 92.3 1.0168 0.00 0.0M
128640.000 1972 COM2 65 0R0 064 0.7 15.3 92.3 1.0168 0.00 0.0M
128700.000 1972 COM2 65 0R0 057 0.1 15.3 92.2 1.0168 0.00 0.0M
128760.000 1972 COM2 65 0R0 062 0.6 15.3 92.2 1.0168 0.00 0.0M
128820.000 1972 COM2 65 0R0 049 1.0 15.3 92.2 1.0168 0.00 0.0M
128880.000 1972 COM2 65 0R0 088 0.7 15.3 92.2 1.0168 0.00 0.0M
128940.000 1972 COM2 65 0R0 082 0.6 15.3 92.2 1.0168 0.00 0.0M
129000.000 1972 COM2 65 0R0 125 0.6 15.3 92.2 1.0168 0.00 0.0M
129060.000 1972 COM2 65 0R0 048 0.4 15.4 92.2 1.0168 0.00 0.0M
129120.000 1972 COM2 65 0R0 054 0.8 15.4 92.2 1.0168 0.00 0.0M
129180.000 1972 COM2 65 0R0 013 0.6 15.4 92.1 1.0168 0.00 0.0M
129240.000 1972 COM2 65 0R0 052 1.2 15.4 92.0 1.0168 0.00 0.0M
129300.000 1972 COM2 65 0R0 014 1.0 15.3 91.9 1.0168 0.00 0.0M
129360.000 1972 COM2 65 0R0 017 0.4 15.3 91.8 1.0168 0.00 0.0M
129420.000 1972 COM2 65 0R0 264 0.3 15.3 91.9 1.0168 0.00 0.0M
129480.000 1972 COM2 65 0R0 010 0.8 15.3 91.9 1.0169 0.00 0.0M
129540.000 1972 COM2 65 0R0 046 1.0 15.3 91.9 1.0169 0.00 0.0M
129600.000 1972 COM2 65 0R0 070 1.2 15.3 91.8 1.0169 0.00 0.0M
129660.000 1972 COM2 65 0R0 089 1.6 15.3 91.9 1.0169 0.00 0.0M
129720.000 1972 COM2 65 0R0 017 1.0 15.4 92.2 1.0169 0.00 0.0M
129780.000 1972 COM2 65 0R0 071 1.0 15.4 92.3 1.0168 0.00 0.0M
129840.000 1972 COM2 65 0R0 019 0.5 15.4 92.2 1.0168 0.00 0.0M
129900.000 1972 COM2 65 0R0 096 0.8 15.4 92.1 1.0168 0.00 0.0M
129960.000 1972 COM2 65 0R0 047 0.5 15.5 92.2 1.0168 0.00 0.0M
130020.000 1972 COM2 65 0R0 042 0.8 15.5 92.2 1.0168 0.00 0.0M
130080.000 1972 COM2 65 0R0 036 0.9 15.5 92.2 1.0168 0.00 0.0M
130140.000 1972 COM2 65 0R0 089 1.6 15.5 92.1 1.0167 0.00 0.0M
130200.000 1972 COM2 65 0R0 071 1.5 15.5 92.0 1.0168 0.00 0.0M
130260.000 1972 COM2 65 0R0 054 1.0 15.5 91.8 1.0168 0.00 0.0M
130320.000 1972 COM2 65 0R0 089 0.3 15.5 91.6 1.0168 0.00 0.0M
130380.000 1972 COM2 65 0R0 060 1.0 15.5 91.5 1.0168 0.00 0.0M
130440.000 1972 COM2 65 0R0 056 1.3 15.4 91.5 1.0168 0.00 0.0M
130500.000 1972 COM2 65 0R0 072 1.2 15.4 91.6 1.0168 0.00 0.0M
130560.000 1972 COM2 65 0R0 107 0.6 15.4 91.6 1.0168 0.00 0.0M
130620.000 1972 COM2 65 0R0 070 0.9 15.4 91.8 1.0168 0.00 0.0M
130680.000 1972 COM2 65 0R0 006 0.4 15.5 92.0 1.0168 0.00 0.0M
130740.000 1972 COM2 65 0R0 057 1.0 15.6 92.1 1.0168 0.00 0.0M
130800.000 1972 COM2 65 0R0 143 0.6 15.6 92.1 1.0168 0.00 0.0M
130860.000 1972 COM2 65 0R0 095 0.3 15.7 92.2 1.0168 0.00 0.0M
130920.000 1972 COM2 65 0R0 051 1.0 15.7 92.1 1.0169 0.00 0.0M
130980.000 1972 COM2 65 0R0 197 0.6 15.7 92.0 1.0169 0.00 0.0M
131040.000 1972 COM2 65 0R0 233 0.4 15.7 91.9 1.0168 0.00 0.0M
131100.000 1972 COM2 65 0R0 146 0.2 15.8 91.9 1.0169 0.00 0.0M
131160.000 1972 COM2 65 0R0 129 0.3 15.8 91.9 1.0169 0.00 0.0M
131220.000 1972 COM2 65 0R0 140 1.1 15.8 91.7 1.0169 0.00 0.0M
131280.000 1972 COM2 65 0R0 165 0.2 15.9 91.6 1.0169 0.00 0.0M
131340.000 1972 COM2 65 0R0 200 0.4 15.9 91.5 1.0169 0.00 0.0M
131400.000 1972 COM2 65 0R0 093 0.3 15.9 91.5 1.0169 0.00 0.0M
131460.000 1972 COM2 65 0R0 142 0.6 16.0 91.5 1.0169 0.00 0.0M
131520.000 1972 COM2 65 0R0 173 0.6 16.1 91.4 1.0169 0.00 0.0M
131580.000 1972 COM2 65 0R0 124 1.4 16.1 91.2 1.0169 0.00 0.0M
131640.000 1972 COM2 65 0R0 099 1.9 16.1 90.9 1.0169 0.00 0.0M
131700.000 1972 COM2 65 0R0 155 0.5 16.1 90.7 1.0169 0.00 0.0M
131760.000 1972 COM2 65 0R0 128 0.5 16.1 90.8 1.0169 0.00 0.0M
131820.000 1972 COM2 65 0R0 150 0.7 16.2 90.7 1.0169 0.00 0.0M
131880.000 1972 COM2 65 0R0 167 0.3 16.2 90.5 1.0168 0.00 0.0M
131940.000 1972 COM2 65 0R0 134 0.6 16.2 90.4 1.0168 0.00 0.0M
132000.000 1972 COM2 65 0R0 007 0.4 16.2 90.2 1.0169 0.00 0.0M
132060.000 1972 COM2 65 0R0 143 1.2 16.2 90.1 1.0169 0.00 0.0M
132120.000 1972 COM2 65 0R0 124 1.3 16.3 89.9 1.0169 0.00 0.0M
132180.000 1972 COM2 65 0R0 114 1.0 16.3 89.9 1.0169 0.00 0.0M
132240.000 1972 COM2 65 0R0 112 0.9 16.3 89.9 1.0169 0.00 0.0M
132300.000 1972 COM2 65 0R0 129 0.5 16.3 89.8 1.0168 0.00 0.0M
132360.000 1972 COM2 65 0R0 105 0.8 16.3 89.6 1.0168 0.00 0.0M
132420.000 1972 COM2 65 0R0 175 0.5 16.3 89.6 1.0168 0.00 0.0M
132480.000 1972 COM2 65 0R0 102 0.4 16.3 89.4 1.0168 0.00 0.0M
132540.000 1972 COM2 65 0R0 116 1.4 16.3 89.5 1.0168 0.00 0.0M
132600.000 1972 COM2 65 0R0 081 1.5 16.4 89.3 1.0168 0.00 0.0M
132660.000 1972 COM2 65 0R0 119 1.2 16.4 89.1 1.0169 0.00 0.0M
132720.000 1972 COM2 65 0R0 124 0.2 16.4 89.2 1.0169 0.00 0.0M
132780.000 1972 COM2 65 0R0 098 1.2 16.4 89.2 1.0169 0.00 0.0M
132840.000 1972 COM2 65 0R0 141 0.5 16.5 88.7 1.0169 0.00 0.0M
132900.000 1972 COM2 65 0R0 108 1.4 16.4 88.7 1.0169 0.00 0.0M
132960.000 1972 COM2 65 0R0 110 1.2 16.4 88.8 1.0168 0.00 0.0M
133020.000 1972 COM2 65 0R0 086 1.2 16.4 88.8 1.0169 0.00 0.0M
133080.000 1972 COM2 65 0R0 090 1.7 16.4 88.5 1.0168 0.00 0.0M
133140.000 1972 COM2 65 0R0 090 1.0 16.4 88.8 1.0168 0.00 0.0M
133200.000 1972 COM2 65 0R0 109 0.9 16.4 89.1 1.0168 0.00 0.0M
133260.000 1972 COM2 65 0R0 106 1.1 16.4 89.2 1.0168 0.00 0.0M
133320.000 1972 COM2 65 0R0 119 1.1 16.4 89.4 1.0168 0.00 0.0M
133380.000 1972 COM2 65 0R0 135 1.1 16.4 89.3 1.0168 0.00 0.0M
133440.000 1972 COM2 65 0R0 092 0.9 16.4 89.1 1.0167 0.00 0.0M
133500.000 1972 COM2 65 0R0 091 1.1 16.4 89.4 1.0167 0.00 0.0M
133560.000 1972 COM2 65 0R0 077 1.2 16.4 89.5 1.0167 0.00 0.0M
133620.000 1972 COM2 65 0R0 109 1.0 16.4 89.1 1.0167 0.00 0.0M
133680.000 1972 COM2 65 0R0 174 0.5 16.4 89.2 1.0167 0.00 0.0M
133740.000 1972 COM2 65 0R0 154 0.6 16.4 89.3 1.0167 0.00 0.0M
133800.000 1972 COM2 65 0R0 077 1.1 16.5 89.3 1.0167 0.00 0.0M
133860.000 1972 COM2 65 0R0 089 1.2 16.5 89.3 1.0167 0.00 0.0M
133920.000 1972 COM2 65 0R0 088 1.1 16.5 88.8 1.0167 0.00 0.0M
133980.000 1972 COM2 65 0R0 109 1.6 16.5 88.8 1.0166 0.00 0.0M
134040.000 1972 COM2 65 0R0 097 0.5 16.5 89.0 1.0166 0.00 0.0M
134100.000 1972 COM2 65 0R0 112 0.8 16.5 89.1 1.0166 0.00 0.0M
134160.000 1972 COM2 65 0R0 121 1.5 16.5 89.0 1.0166 0.00 0.0M
134220.000 1972 COM2 65 0R0 093 1.0 16.5 89.2 1.0166 0.00 0.0M
134280.000 1972 COM2 65 0R0 077 1.0 16.5 89.1 1.0166 0.00 0.0M
134340.000 1972 COM2 65 0R0 153 0.3 16.5 89.2 1.0166 0.00 0.0M
134400.000 1972 COM2 65 0R0 081 1.5 16.6 89.1 1.0166 0.00 0.0M
134460.000 1972 COM2 65 0R0 084 1.3 16.6 88.9 1.0166 0.00 0.0M
134520.000 1972 COM2 65 0R0 080 0.2 16.6 88.6 1.0165 0.00 0.0M
134580.000 1972 COM2 65 0R0 110 0.3 16.6 88.9 1.0166 0.00 0.0M
134640.000 1972 COM2 65 0R0 096 1.1 16.6 89.0 1.0166 0.00 0.0M
134700.000 1972 COM2 65 0R0 147 0.9 16.7 88.8 1.0166 0.00 0.0M
134760.000 1972 COM2 65 0R0 128 1.5 16.7 88.6 1.0166 0.00 0.0M
134820.000 1972 COM2 65 0R0 111 0.6 16.8 88.5 1.0166 0.00 0.0M
134880.000 1972 COM2 65 0R0 094 1.3 16.8 88.3 1.0166 0.00 0.0M
134940.000 1972 COM2 65 0R0 183 0.7 16.9 88.2 1.0165 0.00 0.0M
135000.000 1972 COM2 65 0R0 118 1.9 16.9 87.8 1.0165 0.00 0.0M
135060.000 1972 COM2 65 0R0 105 0.5 16.9 87.8 1.0165 0.00 0.0M
135120.000 1972 COM2 65 0R0 122 2.0 16.9 87.8 1.0165 0.00 0.0M
135180.000 1972 COM2 65 0R0 172 1.1 17.0 87.6 1.0165 0.00 0.0M
135240.000 1972 COM2 65 0R0 115 1.4 17.0 87.8 1.0165 0.00 0.0M
135300.000 1972 COM2 65 0R0 102 1.5 17.0 87.8 1.0165 0.00 0.0M
135360.000 1972 COM2 65 0R0 116 1.4 17.0 87.7 1.0165 0.00 0.0M
135420.000 1972 COM2 65 0R0 133 1.3 17.0 87.8 1.0165 0.00 0.0M
135480.100 1972 COM2 65 0R0 163 0.6 17.0 87.9 1.0165 0.00 0.0M
135540.000 1972 COM2 65 0R0 107 0.6 17.0 88.0 1.0165 0.00 0.0M
135600.000 1972 COM2 65 0R0 120 1.5 17.1 87.7 1.0165 0.00 0.0M
135660.000 1972 COM2 65 0R0 146 1.6 17.1 87.5 1.0165 0.00 0.0M
135720.000 1972 COM2 65 0R0 140 1.4 17.1 87.6 1.0165 0.00 0.0M
135780.000 1972 COM2 65 0R0 150 0.8 17.1 87.9 1.0165 0.00 0.0M
135840.000 1972 COM2 65 0R0 087 2.1 17.1 88.1 1.0164 0.00 0.0M
135900.000 1972 COM2 65 0R0 104 1.8 17.2 87.6 1.0164 0.00 0.0M
135960.000 1972 COM2 65 0R0 241 0.4 17.2 87.4 1.0164 0.00 0.0M
136020.100 1972 COM2 65 0R0 110 0.5 17.2 87.7 1.0164 0.00 0.0M
136080.000 1972 COM2 65 0R0 118 2.0 17.3 87.6 1.0164 0.00 0.0M
136140.000 1972 COM2 65 0R0 107 1.0 17.4 86.8 1.0164 0.00 0.0M
136200.100 1972 COM2 65 0R0 089 1.9 17.4 86.8 1.0164 0.00 0.0M
136260.000 1972 COM2 65 0R0 138 0.6 17.4 86.6 1.0164 0.00 0.0M
136320.100 1972 COM2 65 0R0 121 0.4 17.4 86.8 1.0164 0.00 0.0M
136380.000 1972 COM2 65 0R0 089 0.7 17.5 86.8 1.0163 0.00 0.0M
136440.000 1972 COM2 65 0R0 133 0.9 17.5 86.3 1.0164 0.00 0.0M
136500.000 1972 COM2 65 0R0 013 0.5 17.7 85.8 1.0164 0.00 0.0M
136560.000 1972 COM2 65 0R0 103 0.9 17.7 85.7 1.0163 0.00 0.0M
136620.000 1972 COM2 65 0R0 173 0.2 17.8 85.5 1.0163 0.00 0.0M
136680.000 1972 COM2 65 0R0 084 3.0 17.9 85.1 1.0163 0.00 0.0M
136740.000 1972 COM2 65 0R0 091 2.8 18.0 84.7 1.0163 0.00 0.0M
136800.000 1972 COM2 65 0R0 120 0.6 17.9 85.2 1.0163 0.00 0.0M
136860.000 1972 COM2 65 0R0 265 0.3 17.8 85.8 1.0163 0.00 0.0M
136920.000 1972 COM2 65 0R0 260 0.2 17.8 85.8 1.0163 0.00 0.0M
136980.000 1972 COM2 65 0R0 199 0.5 17.8 85.5 1.0163 0.00 0.0M
137040.000 1972 COM2 65 0R0 139 0.4 17.9 85.2 1.0163 0.00 0.0M
137100.000 1972 COM2 65 0R0 065 0.2 18.0 84.5 1.0163 0.00 0.0M
137160.000 1972 COM2 65 0R0 028 0.5 18.2 84.1 1.0163 0.00 0.0M
137220.000 1972 COM2 65 0R0 113 0.6 18.3 83.7 1.0163 0.00 0.0M
137280.000 1972 COM2 65 0R0 085 0.8 18.4 83.2 1.0163 0.00 0.0M
137340.000 1972 COM2 65 0R0 091 2.3 18.4 83.0 1.0162 0.00 0.0M
137400.000 1972 COM2 65 0R0 135 1.0 18.5 83.0 1.0162 0.00 0.0M
137460.000 1972 COM2 65 0R0 256 0.2 18.4 83.2 1.0162 0.00 0.0M
137520.000 1972 COM2 65 0R0 096 0.5 18.4 83.3 1.0161 0.00 0.0M
137580.000 1972 COM2 65 0R0 098 1.8 18.5 83.1 1.0161 0.00 0.0M
137640.000 1972 COM2 65 0R0 061 0.6 18.5 82.8 1.0161 0.00 0.0M
137700.000 1972 COM2 65 0R0 096 0.8 18.6 83.0 1.0160 0.00 0.0M
137760.000 1972 COM2 65 0R0 130 1.5 18.6 82.8 1.0160 0.00 0.0M
137820.000 1972 COM2 65 0R0 300 0.2 18.7 82.2 1.0160 0.00 0.0M
137880.000 1972 COM2 65 0R0 110 2.0 18.8 82.2 1.0160 0.00 0.0M
137940.000 1972 COM2 65 0R0 103 2.2 18.9 81.6 1.0160 0.00 0.0M
138000.000 1972 COM2 65 0R0 103 1.8 18.9 81.4 1.0160 0.00 0.0M
138060.000 1972 COM2 65 0R0 095 1.5 18.9 81.5 1.0160 0.00 0.0M
138120.000 1972 COM2 65 0R0 086 0.9 18.9 81.8 1.0160 0.00 0.0M
138180.000 1972 COM2 65 0R0 140 0.5 18.9 81.9 1.0160 0.00 0.0M
138240.000 1972 COM2 65 0R0 127 0.7 18.9 81.6 1.0160 0.00 0.0M
138300.000 1972 COM2 65 0R0 144 2.0 19.0 80.9 1.0159 0.00 0.0M
138360.000 1972 COM2 65 0R0 120 1.6 19.1 80.5 1.0159 0.00 0.0M
138420.000 1972 COM2 65 0R0 035 0.5 19.2 80.3 1.0159 0.00 0.0M
138480.000 1972 COM2 65 0R0 093 0.6 19.2 79.9 1.0159 0.00 0.0M
138540.000 1972 COM2 65 0R0 098 2.1 19.3 79.7 1.0159 0.00 0.0M
138600.000 1972 COM2 65 0R0 328 0.3 19.4 79.3 1.0158 0.00 0.0M
138660.000 1972 COM2 65 0R0 095 0.9 19.5 79.3 1.0158 0.00 0.0M
138720.000 1972 COM2 65 0R0 067 0.5 19.5 78.8 1.0158 0.00 0.0M
138780.000 1972 COM2 65 0R0 116 1.5 19.6 78.4 1.0158 0.00 0.0M
138840.000 1972 COM2 65 0R0 136 2.5 19.8 78.0 1.0158 0.00 0.0M
138900.000 1972 COM2 65 0R0 118 0.7 19.9 77.6 1.0158 0.00 0.0M
138960.000 1972 COM2 65 0R0 158 0.8 20.0 77.4 1.0157 0.00 0.0M
139020.000 1972 COM2 65 0R0 117 1.8 20.1 77.2 1.0157 0.00 0.0M
139080.000 1972 COM2 65 0R0 142 0.9 20.1 77.2 1.0157 0.00 0.0M
139140.000 1972 COM2 65 0R0 150 1.3 20.2 76.5 1.0157 0.00 0.0M
139200.000 1972 COM2 65 0R0 130 1.6 20.3 76.4 1.0157 0.00 0.0M
139260.000 1972 COM2 65 0R0 173 2.4 20.4 75.6 1.0157 0.00 0.0M
139320.000 1972 COM2 65 0R0 132 2.1 20.4 75.1 1.0157 0.00 0.0M
139380.000 1972 COM2 65 0R0 139 0.8 20.5 74.9 1.0156 0.00 0.0M
139440.000 1972 COM2 65 0R0 143 2.2 20.5 74.7 1.0156 0.00 0.0M
139500.000 1972 COM2 65 0R0 107 1.8 20.5 74.1 1.0157 0.00 0.0M
139560.000 1972 COM2 65 0R0 116 3.3 20.6 74.1 1.0156 0.00 0.0M
139620.200 1972 COM2 65 0R0 137 2.6 20.6 73.9 1.0156 0.00 0.0M
139680.000 1972 COM2 65 0R0 118 3.1 20.6 73.6 1.0156 0.00 0.0M
139740.000 1972 COM2 65 0R0 087 2.3 20.6 73.8 1.0156 0.00 0.0M
139800.000 1972 COM2 65 0R0 171 1.2 20.6 73.6 1.0156 0.00 0.0M
139860.000 1972 COM2 65 0R0 170 2.5 20.7 73.6 1.0156 0.00 0.0M
139920.000 1972 COM2 65 0R0 149 2.7 20.8 73.5 1.0155 0.00 0.0M
139980.000 1972 COM2 65 0R0 149 1.5 20.9 72.9 1.0155 0.00 0.0M
140040.000 1972 COM2 65 0R0 111 1.7 21.0 72.1 1.0155 0.00 0.0M
140100.000 1972 COM2 65 0R0 126 1.1 21.1 71.5 1.0155 0.00 0.0M
140160.000 1972 COM2 65 0R0 110 1.7 21.2 71.2 1.0155 0.00 0.0M
140220.000 1972 COM2 65 0R0 175 2.0 21.3 71.1 1.0155 0.00 0.0M
140280.000 1972 COM2 65 0R0 162 3.8 21.4 70.4 1.0155 0.00 0.0M
140340.000 1972 COM2 65 0R0 157 1.9 21.4 69.9 1.0155 0.00 0.0M
140400.000 1972 COM2 65 0R0 119 1.3 21.3 70.6 1.0154 0.00 0.0M
140460.000 1972 COM2 65 0R0 165 2.8 21.3 70.4 1.0155 0.00 0.0M
140520.000 1972 COM2 65 0R0 165 0.8 21.3 70.5 1.0155 0.00 0.0M
140580.000 1972 COM2 65 0R0 132 3.2 21.3 70.4 1.0155 0.00 0.0M
140640.000 1972 COM2 65 0R0 152 3.0 21.4 69.8 1.0155 0.00 0.0M
140700.000 1972 COM2 65 0R0 136 3.8 21.4 69.8 1.0155 0.00 0.0M
140760.000 1972 COM2 65 0R0 141 1.4 21.5 69.4 1.0154 0.00 0.0M
140820.000 1972 COM2 65 0R0 169 2.3 21.5 69.3 1.0154 0.00 0.0M
140880.000 1972 COM2 65 0R0 251 0.4 21.5 69.6 1.0154 0.00 0.0M
140940.000 1972 COM2 65 0R0 152 1.6 21.6 69.2 1.0154 0.00 0.0M
141000.100 1972 COM2 65 0R0 131 0.5 21.7 69.4 1.0153 0.00 0.0M
141060.000 1972 COM2 65 0R0 150 0.7 21.8 68.4 1.0153 0.00 0.0M
141120.000 1972 COM2 65 0R0 163 2.7 21.9 67.1 1.0153 0.00 0.0M
141180.000 1972 COM2 65 0R0 164 1.5 22.0 67.5 1.0153 0.00 0.0M
141240.000 1972 COM2 65 0R0 165 1.7 22.1 67.7 1.0153 0.00 0.0M
141300.000 1972 COM2 65 0R0 121 2.3 22.2 66.2 1.0152 0.00 0.0M
141360.000 1972 COM2 65 0R0 153 2.8 22.3 65.1 1.0152 0.00 0.0M
141420.000 1972 COM2 65 0R0 144 4.3 22.3 65.3 1.0152 0.00 0.0M
141480.000 1972 COM2 65 0R0 169 2.9 22.2 65.6 1.0151 0.00 0.0M
141540.000 1972 COM2 65 0R0 171 4.4 22.2 66.0 1.0151 0.00 0.0M
141600.000 1972 COM2 65 0R0 215 1.2 22.2 66.1 1.0151 0.00 0.0M
141660.000 1972 COM2 65 0R0 161 2.9 22.1 66.1 1.0152 0.00 0.0M
141720.000 1972 COM2 65 0R0 116 3.4 22.1 65.8 1.0152 0.00 0.0M
141780.000 1972 COM2 65 0R0 107 0.8 22.1 66.0 1.0151 0.00 0.0M
141840.000 1972 COM2 65 0R0 159 0.8 22.2 65.8 1.0151 0.00 0.0M
141900.000 1972 COM2 65 0R0 167 4.2 22.2 65.2 1.0151 0.00 0.0M
141960.000 1972 COM2 65 0R0 154 4.2 22.3 65.8 1.0151 0.00 0.0M
142020.000 1972 COM2 65 0R0 135 2.8 22.3 65.3 1.0151 0.00 0.0M
142080.000 1972 COM2 65 0R0 169 4.6 22.2 65.9 1.0151 0.00 0.0M
142140.000 1972 COM2 65 0R0 121 1.3 22.2 65.9 1.0151 0.00 0.0M
142200.000 1972 COM2 65 0R0 105 1.4 22.1 66.2 1.0151 0.00 0.0M
142260.000 1972 COM2 65 0R0 117 4.5 22.2 66.1 1.0150 0.00 0.0M
142320.000 1972 COM2 65 0R0 162 3.6 22.2 65.7 1.0150 0.00 0.0M
142380.000 1972 COM2 65 0R0 182 1.4 22.3 65.7 1.0150 0.00 0.0M
142440.000 1972 COM2 65 0R0 116 2.9 22.3 65.7 1.0150 0.00 0.0M
142500.000 1972 COM2 65 0R0 120 2.5 22.4 65.7 1.0150 0.00 0.0M
142560.000 1972 COM2 65 0R0 099 2.8 22.4 64.4 1.0150 0.00 0.0M
142620.000 1972 COM2 65 0R0 131 5.2 22.5 64.4 1.0150 0.00 0.0M
142680.000 1972 COM2 65 0R0 140 3.3 22.5 63.9 1.0150 0.00 0.0M
142740.000 1972 COM2 65 0R0 186 1.0 22.5 64.2 1.0149 0.00 0.0M
142800.000 1972 COM2 65 0R0 183 5.6 22.5 64.4 1.0149 0.00 0.0M
142860.000 1972 COM2 65 0R0 136 1.4 22.5 64.6 1.0148 0.00 0.0M
142920.000 1972 COM2 65 0R0 180 6.7 22.5 64.9 1.0149 0.00 0.0M
142980.000 1972 COM2 65 0R0 152 6.5 22.5 64.5 1.0147 0.00 0.0M
143040.000 1972 COM2 65 0R0 092 3.1 22.5 64.9 1.0148 0.00 0.0M
143100.000 1972 COM2 65 0R0 128 1.5 22.5 64.8 1.0148 0.00 0.0M
143160.000 1972 COM2 65 0R0 141 2.5 22.5 64.6 1.0148 0.00 0.0M
143220.000 1972 COM2 65 0R0 101 1.3 22.5 64.7 1.0148 0.00 0.0M
143280.000 1972 COM2 65 0R0 107 3.3 22.6 64.5 1.0148 0.00 0.0M
143340.000 1972 COM2 65 0R0 100 2.8 22.6 64.2 1.0148 0.00 0.0M
143400.000 1972 COM2 65 0R0 132 2.5 22.6 64.1 1.0148 0.00 0.0M
143460.000 1972 COM2 65 0R0 113 1.9 22.6 64.0 1.0147 0.00 0.0M
143520.000 1972 COM2 65 0R0 125 3.2 22.6 64.1 1.0147 0.00 0.0M
143580.000 1972 COM2 65 0R0 101 4.8 22.6 63.5 1.0147 0.00 0.0M
143640.000 1972 COM2 65 0R0 116 3.3 22.5 64.0 1.0147 0.00 0.0M
143700.000 1972 COM2 65 0R0 122 4.1 22.5 64.3 1.0147 0.00 0.0M
143760.000 1972 COM2 65 0R0 134 2.8 22.5 64.6 1.0147 0.00 0.0M
143820.000 1972 COM2 65 0R0 124 4.6 22.5 64.9 1.0147 0.00 0.0M
143880.000 1972 COM2 65 0R0 114 3.2 22.5 64.8 1.0147 0.00 0.0M
143940.000 1972 COM2 65 0R0 151 2.9 22.5 64.7 1.0147 0.00 0.0M
144000.000 1972 COM2 65 0R0 103 3.9 22.5 64.9 1.0147 0.00 0.0M
144060.000 1972 COM2 65 0R0 128 4.3 22.5 65.1 1.0146 0.00 0.0M
144120.000 1972 COM2 65 0R0 138 0.7 22.5 65.4 1.0146 0.00 0.0M
144180.000 1972 COM2 65 0R0 117 2.4 22.5 65.5 1.0146 0.00 0.0M
144240.000 1972 COM2 65 0R0 157 6.4 22.5 65.1 1.0146 0.00 0.0M
144300.000 1972 COM2 65 0R0 140 4.7 22.6 65.6 1.0144 0.00 0.0M
144360.000 1972 COM2 65 0R0 165 2.2 22.5 65.7 1.0145 0.00 0.0M
144420.000 1972 COM2 65 0R0 160 3.5 22.5 65.7 1.0146 0.00 0.0M
144480.000 1972 COM2 65 0R0 112 2.5 22.6 65.5 1.0145 0.00 0.0M
144540.000 1972 COM2 65 0R0 126 4.2 22.5 65.7 1.0145 0.00 0.0M
144600.000 1972 COM2 65 0R0 154 2.4 22.5 65.8 1.0145 0.00 0.0M
144660.000 1972 COM2 65 0R0 156 3.3 22.5 65.3 1.0145 0.00 0.0M
144720.000 1972 COM2 65 0R0 153 4.3 22.5 65.6 1.0145 0.00 0.0M
144780.000 1972 COM2 65 0R0 119 5.0 22.5 65.5 1.0144 0.00 0.0M
144840.000 1972 COM2 65 0R0 143 2.9 22.5 65.6 1.0144 0.00 0.0M
144900.000 1972 COM2 65 0R0 131 3.9 22.4 65.8 1.0144 0.00 0.0M
144960.000 1972 COM2 65 0R0 124 4.9 22.4 66.0 1.0144 0.00 0.0M
145020.000 1972 COM2 65 0R0 107 3.2 22.4 66.2 1.0143 0.00 0.0M
145080.000 1972 COM2 65 0R0 089 3.5 22.3 66.4 1.0144 0.00 0.0M
145140.000 1972 COM2 65 0R0 143 2.8 22.3 66.5 1.0144 0.00 0.0M
145200.000 1972 COM2 65 0R0 112 5.2 22.4 66.4 1.0143 0.00 0.0M
145260.000 1972 COM2 65 0R0 108 2.9 22.4 66.5 1.0143 0.00 0.0M
145320.000 1972 COM2 65 0R0 131 2.7 22.4 66.3 1.0143 0.00 0.0M
145380.000 1972 COM2 65 0R0 112 1.7 22.4 66.5 1.0143 0.00 0.0M
145440.000 1972 COM2 65 0R0 115 1.1 22.4 66.7 1.0143 0.00 0.0M
145500.000 1972 COM2 65 0R0 125 1.9 22.4 66.4 1.0143 0.00 0.0M
145560.000 1972 COM2 65 0R0 112 3.8 22.5 66.5 1.0143 0.00 0.0M
145620.000 1972 COM2 65 0R0 114 3.9 22.5 65.8 1.0142 0.00 0.0M
145680.000 1972 COM2 65 0R0 103 2.4 22.5 66.0 1.0142 0.00 0.0M
145740.000 1972 COM2 65 0R0 122 4.3 22.5 66.2 1.0142 0.00 0.0M
145800.000 1972 COM2 65 0R0 155 2.2 22.5 65.8 1.0141 0.00 0.0M
145860.000 1972 COM2 65 0R0 127 3.2 22.5 65.5 1.0141 0.00 0.0M
145920.000 1972 COM2 65 0R0 123 1.7 22.5 65.5 1.0142 0.00 0.0M
145980.000 1972 COM2 65 0R0 122 1.8 22.5 65.7 1.0141 0.00 0.0M
146040.000 1972 COM2 65 0R0 113 4.7 22.5 65.9 1.0141 0.00 0.0M
146100.000 1972 COM2 65 0R0 142 4.9 22.5 65.8 1.0141 0.00 0.0M
146160.000 1972 COM2 65 0R0 154 3.3 22.5 65.6 1.0140 0.00 0.0M
146220.000 1972 COM2 65 0R0 163 2.6 22.6 65.8 1.0140 0.00 0.0M
146280.000 1972 COM2 65 0R0 139 2.0 22.6 65.8 1.0141 0.00 0.0M
146340.000 1972 COM2 65 0R0 128 4.5 22.6 65.8 1.0140 0.00 0.0M
146400.000 1972 COM2 65 0R0 173 3.3 22.7 65.5 1.0140 0.00 0.0M
146460.000 1972 COM2 65 0R0 137 4.7 22.7 65.9 1.0140 0.00 0.0M
146520.000 1972 COM2 65 0R0 135 4.3 22.8 65.8 1.0139 0.00 0.0M
146580.000 1972 COM2 65 0R0 124 2.6 22.8 65.6 1.0139 0.00 0.0M
146640.000 1972 COM2 65 0R0 125 4.0 22.8 64.6 1.0139 0.00 0.0M
146700.000 1972 COM2 65 0R0 103 1.3 22.9 64.8 1.0139 0.00 0.0M
146760.000 1972 COM2 65 0R0 113 4.5 22.8 64.8 1.0139 0.00 0.0M
146820.000 1972 COM2 65 0R0 125 2.0 22.8 64.7 1.0138 0.00 0.0M
146880.000 1972 COM2 65 0R0 106 4.0 22.8 64.6 1.0138 0.00 0.0M
146940.000 1972 COM2 65 0R0 135 2.5 22.8 64.9 1.0139 0.00 0.0M
147000.000 1972 COM2 65 0R0 106 1.7 22.7 64.8 1.0138 0.00 0.0M
147060.000 1972 COM2 65 0R0 137 3.0 22.6 65.2 1.0138 0.00 0.0M
147120.000 1972 COM2 65 0R0 127 1.9 22.6 65.2 1.0138 0.00 0.0M
147180.000 1972 COM2 65 0R0 130 4.8 22.6 65.2 1.0138 0.00 0.0M
147240.000 1972 COM2 65 0R0 159 2.6 22.7 64.8 1.0137 0.00 0.0M
147300.000 1972 COM2 65 0R0 121 4.5 22.7 65.0 1.0137 0.00 0.0M
147360.000 1972 COM2 65 0R0 103 2.0 22.7 64.1 1.0137 0.00 0.0M
147420.000 1972 COM2 65 0R0 131 2.2 22.7 64.3 1.0137 0.00 0.0M
147480.000 1972 COM2 65 0R0 125 3.1 22.7 64.5 1.0137 0.00 0.0M
147540.000 1972 COM2 65 0R0 172 3.4 22.7 64.8 1.0137 0.00 0.0M
147600.000 1972 COM2 65 0R0 148 2.9 22.8 64.9 1.0136 0.00 0.0M
147660.000 1972 COM2 65 0R0 193 0.9 22.8 64.2 1.0136 0.00 0.0M
147720.000 1972 COM2 65 0R0 134 4.0 22.8 64.4 1.0136 0.00 0.0M
147780.000 1972 COM2 65 0R0 152 4.5 22.8 63.8 1.0135 0.00 0.0M
147840.000 1972 COM2 65 0R0 126 2.3 22.8 63.6 1.0135 0.00 0.0M
147900.000 1972 COM2 65 0R0 151 4.3 22.8 63.4 1.0135 0.00 0.0M
147960.000 1972 COM2 65 0R0 136 4.9 22.8 63.5 1.0135 0.00 0.0M
148020.000 1972 COM2 65 0R0 145 4.2 22.8 63.0 1.0135 0.00 0.0M
148080.000 1972 COM2 65 0R0 119 2.8 22.8 63.1 1.0134 0.00 0.0M
148140.000 1972 COM2 65 0R0 150 3.4 22.9 62.7 1.0135 0.00 0.0M
148200.000 1972 COM2 65 0R0 132 2.8 22.9 63.1 1.0135 0.00 0.0M
148260.000 1972 COM2 65 0R0 112 1.8 22.9 62.9 1.0135 0.00 0.0M
148320.000 1972 COM2 65 0R0 095 2.7 22.9 63.0 1.0134 0.00 0.0M
148380.000 1972 COM2 65 0R0 109 1.2 22.9 63.3 1.0134 0.00 0.0M
148440.000 1972 COM2 65 0R0 120 1.5 22.9 63.4 1.0133 0.00 0.0M
148500.000 1972 COM2 65 0R0 136 2.8 22.9 63.2 1.0133 0.00 0.0M
148560.000 1972 COM2 65 0R0 094 1.4 22.9 63.2 1.0133 0.00 0.0M
148620.000 1972 COM2 65 0R0 084 1.8 22.9 63.1 1.0133 0.00 0.0M
148680.000 1972 COM2 65 0R0 125 5.6 22.9 63.3 1.0133 0.00 0.0M
148740.000 1972 COM2 65 0R0 123 4.4 22.9 63.3 1.0133 0.00 0.0M
148800.000 1972 COM2 65 0R0 116 2.6 22.9 63.3 1.0133 0.00 0.0M
148860.000 1972 COM2 65 0R0 139 3.8 22.8 63.3 1.0133 0.00 0.0M
148920.000 1972 COM2 65 0R0 119 3.8 22.9 63.4 1.0133 0.00 0.0M
148980.000 1972 COM2 65 0R0 157 3.4 22.9 63.3 1.0133 0.00 0.0M
149040.000 1972 COM2 65 0R0 094 2.8 22.9 63.6 1.0133 0.00 0.0M
149100.000 1972 COM2 65 0R0 134 3.1 22.9 63.3 1.0133 0.00 0.0M
149160.000 1972 COM2 65 0R0 132 2.7 22.9 63.4 1.0132 0.00 0.0M
149220.000 1972 COM2 65 0R0 176 4.9 22.9 63.5 1.0132 0.00 0.0M
149280.100 1972 COM2 65 0R0 103 2.7 22.9 63.7 1.0131 0.00 0.0M
149340.000 1972 COM2 65 0R0 146 3.4 22.8 64.0 1.0132 0.00 0.0M
149400.000 1972 COM2 65 0R0 125 1.7 22.8 64.3 1.0132 0.00 0.0M
149460.100 1972 COM2 65 0R0 115 4.1 22.8 64.4 1.0132 0.00 0.0M
149520.100 1972 COM2 65 0R0 142 2.0 22.8 64.5 1.0131 0.00 0.0M
149580.000 1972 COM2 65 0R0 131 3.4 22.7 64.5 1.0131 0.00 0.0M
149640.000 1972 COM2 65 0R0 152 3.7 22.7 64.4 1.0131 0.00 0.0M
149700.000 1972 COM2 65 0R0 121 2.8 22.7 64.8 1.0130 0.00 0.0M
149760.000 1972 COM2 65 0R0 111 2.8 22.7 64.8 1.0131 0.00 0.0M
149820.000 1972 COM2 65 0R0 118 2.7 22.7 64.9 1.0130 0.00 0.0M
149880.000 1972 COM2 65 0R0 112 5.5 22.7 64.8 1.0130 0.00 0.0M
149940.000 1972 COM2 65 0R0 136 4.0 22.7 64.8 1.0129 0.00 0.0M
150000.000 1972 COM2 65 0R0 087 2.6 22.6 64.9 1.0130 0.00 0.0M
150060.000 1972 COM2 65 0R0 144 3.2 22.6 64.8 1.0130 0.00 0.0M
150120.000 1972 COM2 65 0R0 129 4.8 22.6 65.2 1.0130 0.00 0.0M
150180.000 1972 COM2 65 0R0 100 1.9 22.6 65.0 1.0129 0.00 0.0M
150240.000 1972 COM2 65 0R0 118 0.9 22.6 65.0 1.0130 0.00 0.0M
150300.000 1972 COM2 65 0R0 106 4.8 22.6 65.0 1.0130 0.00 0.0M
150360.000 1972 COM2 65 0R0 100 3.4 22.6 64.8 1.0129 0.00 0.0M
150420.000 1972 COM2 65 0R0 147 2.8 22.6 64.9 1.0129 0.00 0.0M
150480.000 1972 COM2 65 0R0 121 3.5 22.6 65.0 1.0129 0.00 0.0M
150540.000 1972 COM2 65 0R0 135 1.0 22.6 65.0 1.0129 0.00 0.0M
150600.000 1972 COM2 65 0R0 126 3.0 22.6 65.0 1.0129 0.00 0.0M
150660.000 1972 COM2 65 0R0 117 5.8 22.6 65.1 1.0128 0.00 0.0M
150720.000 1972 COM2 65 0R0 128 6.6 22.6 64.9 1.0128 0.00 0.0M
150780.000 1972 COM2 65 0R0 148 2.6 22.6 65.0 1.0128 0.00 0.0M
150840.000 1972 COM2 65 0R0 119 4.7 22.5 65.1 1.0128 0.00 0.0M
150900.000 1972 COM2 65 0R0 133 5.7 22.6 65.2 1.0128 0.00 0.0M
150960.000 1972 COM2 65 0R0 138 3.2 22.5 65.4 1.0129 0.00 0.0M
151020.000 1972 COM2 65 0R0 139 1.8 22.5 65.8 1.0129 0.00 0.0M
151080.000 1972 COM2 65 0R0 121 3.0 22.5 65.7 1.0128 0.00 0.0M
151140.000 1972 COM2 65 0R0 134 1.4 22.5 65.7 1.0128 0.00 0.0M
151200.000 1972 COM2 65 0R0 099 3.8 22.5 65.5 1.0128 0.00 0.0M
151260.000 1972 COM2 65 0R0 149 3.2 22.6 65.7 1.0128 0.00 0.0M
151320.000 1972 COM2 65 0R0 085 1.3 22.6 65.7 1.0128 0.00 0.0M
151380.000 1972 COM2 65 0R0 140 1.6 22.6 65.4 1.0128 0.00 0.0M
151440.000 1972 COM2 65 0R0 122 3.7 22.6 65.5 1.0127 0.00 0.0M
151500.000 1972 COM2 65 0R0 110 3.9 22.6 65.6 1.0127 0.00 0.0M
151560.000 1972 COM2 65 0R0 131 4.5 22.6 65.6 1.0127 0.00 0.0M
151620.000 1972 COM2 65 0R0 140 5.5 22.7 65.6 1.0127 0.00 0.0M
151680.000 1972 COM2 65 0R0 107 3.4 22.7 65.5 1.0126 0.00 0.0M
151740.000 1972 COM2 65 0R0 115 3.2 22.6 65.7 1.0126 0.00 0.0M
151800.000 1972 COM2 65 0R0 141 4.4 22.7 65.3 1.0124 0.00 0.0M
151860.000 1972 COM2 65 0R0 123 7.8 22.7 65.0 1.0125 0.00 0.0M
151920.000 1972 COM2 65 0R0 104 4.7 22.8 64.4 1.0125 0.00 0.0M
151980.000 1972 COM2 65 0R0 123 3.9 22.8 63.7 1.0124 0.00 0.0M
152040.000 1972 COM2 65 0R0 138 3.3 22.8 63.9 1.0123 0.00 0.0M
152100.000 1972 COM2 65 0R0 143 4.0 22.8 63.7 1.0124 0.00 0.0M
152160.000 1972 COM2 65 0R0 140 1.8 22.8 63.8 1.0123 0.00 0.0M
152220.000 1972 COM2 65 0R0 089 3.1 22.8 63.3 1.0123 0.00 0.0M
152280.000 1972 COM2 65 0R0 096 2.6 22.8 62.9 1.0123 0.00 0.0M
152340.000 1972 COM2 65 0R0 139 3.1 22.8 62.6 1.0123 0.00 0.0M
152400.000 1972 COM2 65 0R0 148 1.5 22.8 62.5 1.0122 0.00 0.0M
152460.000 1972 COM2 65 0R0 105 3.8 22.8 62.2 1.0122 0.00 0.0M
152520.000 1972 COM2 65 0R0 137 5.6 22.9 61.7 1.0122 0.00 0.0M
152580.000 1972 COM2 65 0R0 153 4.7 22.8 62.0 1.0122 0.00 0.0M
152640.000 1972 COM2 65 0R0 120 6.0 22.8 61.9 1.0121 0.00 0.0M
152700.000 1972 COM2 65 0R0 081 0.9 22.8 62.0 1.0120 0.00 0.0M
152760.000 1972 COM2 65 0R0 127 5.3 22.8 62.0 1.0121 0.00 0.0M
152820.000 1972 COM2 65 0R0 102 4.3 22.8 62.0 1.0121 0.00 0.0M
152880.000 1972 COM2 65 0R0 113 4.4 22.8 61.9 1.0121 0.00 0.0M
152940.000 1972 COM2 65 0R0 132 6.3 22.8 61.9 1.0121 0.00 0.0M
153000.000 1972 COM2 65 0R0 153 2.2 22.8 62.0 1.0121 0.00 0.0M
153060.000 1972 COM2 65 0R0 114 3.7 22.8 62.1 1.0120 0.00 0.0M
153120.000 1972 COM2 65 0R0 193 6.2 22.8 62.3 1.0120 0.00 0.0M
153180.000 1972 COM2 65 0R0 088 2.0 22.8 62.1 1.0120 0.00 0.0M
153240.000 1972 COM2 65 0R0 175 4.0 22.8 62.3 1.0120 0.00 0.0M
153300.000 1972 COM2 65 0R0 161 1.7 22.9 62.2 1.0120 0.00 0.0M
153360.000 1972 COM2 65 0R0 149 2.3 22.9 62.1 1.0119 0.00 0.0M
153420.000 1972 COM2 65 0R0 172 1.0 22.9 62.3 1.0119 0.00 0.0M
153480.000 1972 COM2 65 0R0 085 1.6 22.9 62.0 1.0119 0.00 0.0M
153540.000 1972 COM2 65 0R0 136 1.1 23.0 62.0 1.0119 0.00 0.0M
153600.000 1972 COM2 65 0R0 152 1.4 23.0 62.1 1.0119 0.00 0.0M
153660.000 1972 COM2 65 0R0 096 2.3 23.1 61.4 1.0119 0.00 0.0M
153720.000 1972 COM2 65 0R0 092 4.4 23.2 61.0 1.0118 0.00 0.0M
153780.000 1972 COM2 65 0R0 126 4.6 23.2 61.2 1.0118 0.00 0.0M
153840.000 1972 COM2 65 0R0 140 1.6 23.2 60.4 1.0117 0.00 0.0M
153900.000 1972 COM2 65 0R0 148 2.9 23.2 60.7 1.0118 0.00 0.0M
153960.000 1972 COM2 65 0R0 112 1.8 23.2 60.4 1.0118 0.00 0.0M
154020.000 1972 COM2 65 0R0 111 7.3 23.2 60.4 1.0118 0.00 0.0M
154080.000 1972 COM2 65 0R0 123 5.5 23.2 60.0 1.0117 0.00 0.0M
154140.000 1972 COM2 65 0R0 126 3.4 23.2 60.4 1.0116 0.00 0.0M
154200.000 1972 COM2 65 0R0 148 3.7 23.2 60.3 1.0117 0.00 0.0M
154260.000 1972 COM2 65 0R0 143 4.4 23.2 60.3 1.0115 0.00 0.0M
154320.000 1972 COM2 65 0R0 161 2.9 23.1 60.5 1.0115 0.00 0.0M
154380.000 1972 COM2 65 0R0 124 3.2 23.1 60.3 1.0116 0.00 0.0M
154440.000 1972 COM2 65 0R0 126 1.3 23.1 60.6 1.0115 0.00 0.0M
154500.000 1972 COM2 65 0R0 138 1.1 23.1 60.8 1.0117 0.00 0.0M
154560.000 1972 COM2 65 0R0 149 2.2 23.1 60.8 1.0117 0.00 0.0M
154620.000 1972 COM2 65 0R0 114 4.4 23.1 60.9 1.0116 0.00 0.0M
154680.000 1972 COM2 65 0R0 129 4.2 23.1 60.9 1.0116 0.00 0.0M
154740.000 1972 COM2 65 0R0 126 4.7 23.2 60.7 1.0116 0.00 0.0M
154800.000 1972 COM2 65 0R0 144 3.9 23.2 60.5 1.0116 0.00 0.0M
154860.000 1972 COM2 65 0R0 099 2.8 23.2 60.7 1.0116 0.00 0.0M
154920.000 1972 COM2 65 0R0 159 0.9 23.1 60.6 1.0115 0.00 0.0M
154980.000 1972 COM2 65 0R0 121 5.9 23.1 60.7 1.0115 0.00 0.0M
155040.000 1972 COM2 65 0R0 102 4.1 23.1 60.5 1.0115 0.00 0.0M
155100.000 1972 COM2 65 0R0 083 0.9 23.1 60.6 1.0115 0.00 0.0M
155160.000 1972 COM2 65 0R0 120 4.1 23.1 60.9 1.0115 0.00 0.0M
155220.000 1972 COM2 65 0R0 120 3.8 23.1 61.2 1.0115 0.00 0.0M
155280.000 1972 COM2 65 0R0 134 3.2 23.1 61.5 1.0115 0.00 0.0M
155340.000 1972 COM2 65 0R0 105 2.1 23.1 61.5 1.0115 0.00 0.0M
155400.000 1972 COM2 65 0R0 116 1.5 23.1 61.3 1.0115 0.00 0.0M
155460.000 1972 COM2 65 0R0 094 4.7 23.1 61.5 1.0115 0.00 0.0M
155520.000 1972 COM2 65 0R0 131 4.7 23.1 61.3 1.0114 0.00 0.0M
155580.000 1972 COM2 65 0R0 114 4.8 23.1 61.4 1.0114 0.00 0.0M
155640.000 1972 COM2 65 0R0 126 6.8 23.0 61.5 1.0114 0.00 0.0M
155700.000 1972 COM2 65 0R0 115 3.2 23.0 61.6 1.0113 0.00 0.0M
155760.000 1972 COM2 65 0R0 070 2.0 23.0 61.6 1.0113 0.00 0.0M
155820.000 1972 COM2 65 0R0 121 2.2 23.0 61.7 1.0114 0.00 0.0M
155880.000 1972 COM2 65 0R0 123 2.8 23.0 61.7 1.0114 0.00 0.0M
155940.000 1972 COM2 65 0R0 125 3.8 23.0 61.9 1.0113 0.00 0.0M
156000.000 1972 COM2 65 0R0 113 3.0 23.0 61.8 1.0113 0.00 0.0M
156060.000 1972 COM2 65 0R0 113 0.9 23.0 61.9 1.0113 0.00 0.0M
156120.000 1972 COM2 65 0R0 133 5.3 23.0 62.1 1.0113 0.00 0.0M
156180.000 1972 COM2 65 0R0 171 4.2 23.0 61.9 1.0112 0.00 0.0M
156240.000 1972 COM2 65 0R0 122 2.2 23.0 62.1 1.0113 0.00 0.0M
156300.000 1972 COM2 65 0R0 195 2.0 23.0 62.1 1.0112 0.00 0.0M
156360.000 1972 COM2 65 0R0 174 4.6 23.0 62.1 1.0112 0.00 0.0M
156420.000 1972 COM2 65 0R0 135 3.9 23.0 62.2 1.0112 0.00 0.0M
156480.000 1972 COM2 65 0R0 099 5.2 23.0 62.2 1.0112 0.00 0.0M
156540.000 1972 COM2 65 0R0 157 5.7 23.0 62.4 1.0110 0.00 0.0M
156600.000 1972 COM2 65 0R0 113 0.8 23.0 62.4 1.0111 0.00 0.0M
156660.000 1972 COM2 65 0R0 134 5.4 23.0 62.4 1.0112 0.00 0.0M
156720.000 1972 COM2 65 0R0 228 3.8 23.0 62.3 1.0112 0.00 0.0M
156780.000 1972 COM2 65 0R0 084 4.1 23.0 62.4 1.0112 0.00 0.0M
156840.000 1972 COM2 65 0R0 119 4.3 23.0 62.1 1.0112 0.00 0.0M
156900.000 1972 COM2 65 0R0 109 1.8 23.0 62.1 1.0112 0.00 0.0M
156960.000 1972 COM2 65 0R0 107 6.1 23.0 61.9 1.0112 0.00 0.0M
157020.000 1972 COM2 65 0R0 142 2.2 23.0 61.9 1.0112 0.00 0.0M
157080.000 1972 COM2 65 0R0 095 4.4 23.0 61.9 1.0112 0.00 0.0M
157140.000 1972 COM2 65 0R0 139 5.2 23.0 61.8 1.0111 0.00 0.0M
157200.000 1972 COM2 65 0R0 134 3.5 23.0 61.9 1.0111 0.00 0.0M
157260.000 1972 COM2 65 0R0 143 4.2 23.0 62.1 1.0111 0.00 0.0M
157320.000 1972 COM2 65 0R0 058 0.7 23.0 62.2 1.0111 0.00 0.0M
157380.000 1972 COM2 65 0R0 117 6.2 23.0 62.2 1.0112 0.00 0.0M
157440.000 1972 COM2 65 0R0 174 8.1 23.0 62.1 1.0112 0.00 0.0M
157500.000 1972 COM2 65 0R0 127 2.7 23.0 62.5 1.0112 0.00 0.0M
157560.000 1972 COM2 65 0R0 106 2.9 22.9 62.5 1.0112 0.00 0.0M
157620.000 1972 COM2 65 0R0 159 4.5 22.9 62.7 1.0112 0.00 0.0M
157680.000 1972 COM2 65 0R0 126 3.7 22.9 63.0 1.0112 0.00 0.0M
157740.000 1972 COM2 65 0R0 113 0.7 22.9 62.9 1.0112 0.00 0.0M
157800.000 1972 COM2 65 0R0 135 4.1 22.9 63.0 1.0112 0.00 0.0M
157860.000 1972 COM2 65 0R0 125 4.7 22.9 63.2 1.0111 0.00 0.0M
157920.000 1972 COM2 65 0R0 127 4.8 22.9 63.2 1.0111 0.00 0.0M
157980.000 1972 COM2 65 0R0 133 5.0 22.9 63.2 1.0111 0.00 0.0M
158040.000 1972 COM2 65 0R0 101 2.9 22.9 63.3 1.0111 0.00 0.0M
158100.000 1972 COM2 65 0R0 099 2.0 22.9 63.5 1.0111 0.00 0.0M
158160.000 1972 COM2 65 0R0 116 1.7 22.9 63.4 1.0111 0.00 0.0M
158220.000 1972 COM2 65 0R0 128 2.2 22.9 63.6 1.0111 0.00 0.0M
158280.000 1972 COM2 65 0R0 164 3.5 22.9 63.5 1.0112 0.00 0.0M
158340.000 1972 COM2 65 0R0 107 3.6 22.9 63.7 1.0112 0.00 0.0M
158400.000 1972 COM2 65 0R0 119 1.2 22.9 63.9 1.0111 0.00 0.0M
158460.000 1972 COM2 65 0R0 118 4.7 22.9 64.2 1.0112 0.00 0.0M
158520.000 1972 COM2 65 0R0 153 5.1 22.8 64.1 1.0111 0.00 0.0M
158580.000 1972 COM2 65 0R0 113 4.9 22.8 64.3 1.0110 0.00 0.0M
158640.000 1972 COM2 65 0R0 124 4.9 22.8 64.2 1.0110 0.00 0.0M
158700.000 1972 COM2 65 0R0 132 5.4 22.8 64.4 1.0111 0.00 0.0M
158760.000 1972 COM2 65 0R0 132 5.5 22.8 64.4 1.0111 0.00 0.0M
158820.000 1972 COM2 65 0R0 121 4.2 22.8 64.7 1.0111 0.00 0.0M
158880.000 1972 COM2 65 0R0 058 1.8 22.8 64.9 1.0111 0.00 0.0M
158940.000 1972 COM2 65 0R0 130 1.5 22.7 65.1 1.0110 0.00 0.0M
159000.000 1972 COM2 65 0R0 133 6.0 22.7 65.0 1.0110 0.00 0.0M
159060.000 1972 COM2 65 0R0 139 1.9 22.8 65.2 1.0110 0.00 0.0M
159120.000 1972 COM2 65 0R0 093 0.8 22.8 65.3 1.0109 0.00 0.0M
159180.000 1972 COM2 65 0R0 116 1.3 22.8 65.1 1.0110 0.00 0.0M
159240.000 1972 COM2 65 0R0 158 2.0 22.8 65.3 1.0110 0.00 0.0M
159300.000 1972 COM2 65 0R0 083 3.1 22.8 65.4 1.0109 0.00 0.0M
159360.000 1972 COM2 65 0R0 139 0.9 22.8 65.4 1.0109 0.00 0.0M
159420.000 1972 COM2 65 0R0 125 4.4 22.8 65.5 1.0109 0.00 0.0M
159480.000 1972 COM2 65 0R0 102 2.9 22.8 65.6 1.0109 0.00 0.0M
159540.000 1972 COM2 65 0R0 084 2.8 22.8 65.6 1.0109 0.00 0.0M
159600.000 1972 COM2 65 0R0 118 1.6 22.7 65.6 1.0109 0.00 0.0M
159660.000 1972 COM2 65 0R0 136 3.5 22.7 65.6 1.0110 0.00 0.0M
159720.100 1972 COM2 65 0R0 140 3.5 22.7 65.7 1.0109 0.00 0.0M
159780.000 1972 COM2 65 0R0 115 4.3 22.7 65.3 1.0109 0.00 0.0M
159840.000 1972 COM2 65 0R0 126 0.5 22.7 65.2 1.0109 0.00 0.0M
159900.000 1972 COM2 65 0R0 104 3.2 22.7 65.4 1.0109 0.00 0.0M
159960.000 1972 COM2 65 0R0 107 3.9 22.7 65.6 1.0109 0.00 0.0M
160020.000 1972 COM2 65 0R0 048 1.0 22.6 65.9 1.0109 0.00 0.0M
160080.000 1972 COM2 65 0R0 118 4.1 22.6 66.1 1.0108 0.00 0.0M
160140.000 1972 COM2 65 0R0 117 1.8 22.6 66.5 1.0108 0.00 0.0M
160200.000 1972 COM2 65 0R0 128 3.1 22.6 66.5 1.0108 0.00 0.0M
160260.000 1972 COM2 65 0R0 104 3.7 22.6 66.5 1.0108 0.00 0.0M
160320.000 1972 COM2 65 0R0 101 3.5 22.6 66.4 1.0107 0.00 0.0M
160380.000 1972 COM2 65 0R0 119 4.3 22.6 66.4 1.0107 0.00 0.0M
160440.000 1972 COM2 65 0R0 122 6.9 22.6 66.1 1.0107 0.00 0.0M
160500.000 1972 COM2 65 0R0 164 4.9 22.6 65.5 1.0107 0.00 0.0M
160560.000 1972 COM2 65 0R0 168 3.6 22.6 65.5 1.0107 0.00 0.0M
160620.000 1972 COM2 65 0R0 158 1.4 22.6 65.2 1.0107 0.00 0.0M
160680.000 1972 COM2 65 0R0 177 1.8 22.6 65.3 1.0108 0.00 0.0M
160740.000 1972 COM2 65 0R0 127 3.4 22.6 65.3 1.0107 0.00 0.0M
160800.000 1972 COM2 65 0R0 090 0.9 22.6 65.4 1.0107 0.00 0.0M
160860.000 1972 COM2 65 0R0 136 2.2 22.6 65.1 1.0107 0.00 0.0M
160920.000 1972 COM2 65 0R0 109 3.2 22.6 65.4 1.0107 0.00 0.0M
160980.000 1972 COM2 65 0R0 180 4.4 22.6 65.5 1.0107 0.00 0.0M
161040.000 1972 COM2 65 0R0 075 1.4 22.6 65.6 1.0107 0.00 0.0M
161100.000 1972 COM2 65 0R0 136 3.4 22.5 65.4 1.0107 0.00 0.0M
161160.000 1972 COM2 65 0R0 123 1.1 22.5 65.4 1.0107 0.00 0.0M
161220.000 1972 COM2 65 0R0 162 4.2 22.5 65.5 1.0107 0.00 0.0M
161280.000 1972 COM2 65 0R0 136 3.9 22.5 65.5 1.0107 0.00 0.0M
161340.000 1972 COM2 65 0R0 115 3.3 22.5 65.6 1.0106 0.00 0.0M
161400.000 1972 COM2 65 0R0 111 4.3 22.5 65.7 1.0106 0.00 0.0M
161460.000 1972 COM2 65 0R0 122 2.9 22.5 65.9 1.0107 0.00 0.0M
161520.000 1972 COM2 65 0R0 139 2.5 22.4 66.0 1.0107 0.00 0.0M
161580.000 1972 COM2 65 0R0 131 4.8 22.4 66.2 1.0106 0.00 0.0M
161640.000 1972 COM2 65 0R0 097 5.4 22.4 66.2 1.0105 0.00 0.0M
161700.000 1972 COM2 65 0R0 134 4.4 22.4 66.5 1.0105 0.00 0.0M
161760.000 1972 COM2 65 0R0 093 3.0 22.4 66.7 1.0105 0.00 0.0M
161820.000 1972 COM2 65 0R0 109 4.4 22.4 66.6 1.0106 0.00 0.0M
161880.000 1972 COM2 65 0R0 164 3.5 22.4 66.8 1.0105 0.00 0.0M
161940.000 1972 COM2 65 0R0 145 2.0 22.3 67.1 1.0105 0.00 0.0M
162000.000 1972 COM2 65 0R0 132 4.6 22.3 67.2 1.0106 0.00 0.0M
162060.000 1972 COM2 65 0R0 164 3.5 22.3 67.2 1.0105 0.00 0.0M
162120.000 1972 COM2 65 0R0 135 3.2 22.3 67.3 1.0105 0.00 0.0M
162180.000 1972 COM2 65 0R0 119 4.5 22.3 67.3 1.0105 0.00 0.0M
162240.000 1972 COM2 65 0R0 128 3.4 22.3 67.3 1.0104 0.00 0.0M
162300.000 1972 COM2 65 0R0 131 1.5 22.3 67.4 1.0104 0.00 0.0M
162360.000 1972 COM2 65 0R0 106 2.5 22.3 67.3 1.0104 0.00 0.0M
162420.000 1972 COM2 65 0R0 123 3.4 22.3 67.5 1.0103 0.00 0.0M
162480.000 1972 COM2 65 0R0 172 0.7 22.3 67.7 1.0103 0.00 0.0M
162540.100 1972 COM2 65 0R0 131 1.2 22.2 67.7 1.0104 0.00 0.0M
162600.000 1972 COM2 65 0R0 100 3.6 22.2 67.7 1.0104 0.00 0.0M
162660.000 1972 COM2 65 0R0 130 2.5 22.2 67.9 1.0103 0.00 0.0M
162720.100 1972 COM2 65 0R0 108 2.8 22.2 68.1 1.0103 0.00 0.0M
162780.000 1972 COM2 65 0R0 138 3.8 22.2 68.2 1.0102 0.00 0.0M
162840.000 1972 COM2 65 0R0 131 4.2 22.2 68.4 1.0102 0.00 0.0M
162900.000 1972 COM2 65 0R0 109 4.8 22.2 68.4 1.0102 0.00 0.0M
162960.000 1972 COM2 65 0R0 129 3.7 22.2 68.6 1.0102 0.00 0.0M
163020.000 1972 COM2 65 0R0 099 6.4 22.2 68.6 1.0101 0.00 0.0M
163080.000 1972 COM2 65 0R0 096 3.4 22.1 68.9 1.0102 0.00 0.0M
163140.000 1972 COM2 65 0R0 114 4.7 22.1 68.8 1.0102 0.00 0.0M
163200.000 1972 COM2 65 0R0 126 8.9 22.1 69.1 1.0101 0.00 0.0M
163260.000 1972 COM2 65 0R0 102 4.9 22.1 69.1 1.0101 0.00 0.0M
163320.000 1972 COM2 65 0R0 105 3.4 22.1 69.2 1.0100 0.00 0.0M
163380.000 1972 COM2 65 0R0 110 5.6 22.1 69.2 1.0102 0.00 0.0M
163440.000 1972 COM2 65 0R0 093 3.7 22.0 69.4 1.0100 0.00 0.0M
163500.000 1972 COM2 65 0R0 122 1.2 22.0 69.6 1.0101 0.00 0.0M
163560.000 1972 COM2 65 0R0 099 2.7 22.0 69.7 1.0101 0.00 0.0M
163620.000 1972 COM2 65 0R0 119 2.6 22.0 69.5 1.0101 0.00 0.0M
163680.000 1972 COM2 65 0R0 117 2.6 22.0 69.6 1.0100 0.00 0.0M
163740.000 1972 COM2 65 0R0 141 4.2 22.0 69.6 1.0100 0.00 0.0M
163800.000 1972 COM2 65 0R0 116 1.8 22.0 69.9 1.0100 0.00 0.0M
163860.000 1972 COM2 65 0R0 106 3.1 22.0 69.6 1.0100 0.00 0.0M
163920.000 1972 COM2 65 0R0 117 2.5 22.0 69.9 1.0100 0.00 0.0M
163980.000 1972 COM2 65 0R0 144 3.5 21.9 69.9 1.0100 0.00 0.0M
164040.000 1972 COM2 65 0R0 133 0.6 21.9 70.2 1.0100 0.00 0.0M
164100.000 1972 COM2 65 0R0 116 3.0 21.9 69.9 1.0100 0.00 0.0M
164160.000 1972 COM2 65 0R0 128 2.2 21.9 70.3 1.0100 0.00 0.0M
164220.000 1972 COM2 65 0R0 141 3.1 21.9 70.5 1.0101 0.00 0.0M
164280.000 1972 COM2 65 0R0 117 2.2 21.9 70.4 1.0101 0.00 0.0M
164340.000 1972 COM2 65 0R0 117 3.3 21.9 70.6 1.0100 0.00 0.0M
164400.000 1972 COM2 65 0R0 145 1.4 21.9 70.7 1.0100 0.00 0.0M
164460.000 1972 COM2 65 0R0 109 4.4 21.8 70.8 1.0100 0.00 0.0M
164520.000 1972 COM2 65 0R0 116 1.5 21.8 71.1 1.0100 0.00 0.0M
164580.000 1972 COM2 65 0R0 110 4.1 21.8 70.9 1.0100 0.00 0.0M
164640.000 1972 COM2 65 0R0 123 2.4 21.8 71.2 1.0099 0.00 0.0M
164700.000 1972 COM2 65 0R0 100 4.2 21.8 71.0 1.0100 0.00 0.0M
164760.000 1972 COM2 65 0R0 081 3.3 21.7 71.7 1.0100 0.00 0.0M
164820.000 1972 COM2 65 0R0 109 4.1 21.7 71.3 1.0100 0.00 0.0M
164880.000 1972 COM2 65 0R0 162 0.8 21.7 71.8 1.0100 0.00 0.0M
164940.000 1972 COM2 65 0R0 097 2.2 21.7 71.3 1.0100 0.00 0.0M
165000.000 1972 COM2 65 0R0 126 3.0 21.7 71.6 1.0101 0.00 0.0M
165060.000 1972 COM2 65 0R0 103 2.7 21.7 71.9 1.0101 0.00 0.0M
165120.000 1972 COM2 65 0R0 142 4.5 21.7 71.8 1.0101 0.00 0.0M
165180.000 1972 COM2 65 0R0 103 3.1 21.7 72.3 1.0100 0.00 0.0M
165240.000 1972 COM2 65 0R0 124 2.5 21.6 72.5 1.0101 0.00 0.0M
165300.000 1972 COM2 65 0R0 119 2.1 21.6 72.4 1.0101 0.00 0.0M
165360.000 1972 COM2 65 0R0 142 1.7 21.6 72.6 1.0100 0.00 0.0M
165420.000 1972 COM2 65 0R0 129 1.6 21.6 72.8 1.0100 0.00 0.0M
165480.000 1972 COM2 65 0R0 118 1.4 21.6 72.8 1.0100 0.00 0.0M
165540.000 1972 COM2 65 0R0 109 2.5 21.6 72.9 1.0100 0.00 0.0M
165600.000 1972 COM2 65 0R0 106 1.2 21.5 73.1 1.0100 0.00 0.0M
165660.000 1972 COM2 65 0R0 164 1.8 21.5 73.4 1.0100 0.00 0.0M
165720.000 1972 COM2 65 0R0 143 4.1 21.5 73.2 1.0100 0.00 0.0M
165780.000 1972 COM2 65 0R0 128 2.1 21.5 73.5 1.0099 0.00 0.0M
165840.000 1972 COM2 65 0R0 131 4.0 21.5 73.4 1.0099 0.00 0.0M
165900.000 1972 COM2 65 0R0 133 3.6 21.4 73.6 1.0099 0.00 0.0M
165960.000 1972 COM2 65 0R0 143 1.7 21.4 73.7 1.0099 0.00 0.0M
166020.000 1972 COM2 65 0R0 119 2.7 21.4 73.8 1.0099 0.00 0.0M
166080.000 1972 COM2 65 0R0 099 3.1 21.4 73.7 1.0099 0.00 0.0M
166140.000 1972 COM2 65 0R0 101 4.0 21.4 73.8 1.0099 0.00 0.0M
166200.000 1972 COM2 65 0R0 127 2.4 21.4 74.0 1.0099 0.00 0.0M
166260.000 1972 COM2 65 0R0 103 2.0 21.4 74.1 1.0098 0.00 0.0M
166320.000 1972 COM2 65 0R0 148 2.2 21.4 74.1 1.0098 0.00 0.0M
166380.000 1972 COM2 65 0R0 099 1.9 21.3 74.2 1.0098 0.00 0.0M
166440.000 1972 COM2 65 0R0 090 3.2 21.3 74.2 1.0098 0.00 0.0M
166500.000 1972 COM2 65 0R0 121 4.9 21.3 74.1 1.0097 0.00 0.0M
166560.000 1972 COM2 65 0R0 087 3.4 21.3 74.7 1.0097 0.00 0.0M
166620.000 1972 COM2 65 0R0 104 2.9 21.3 74.6 1.0097 0.00 0.0M
166680.000 1972 COM2 65 0R0 112 2.4 21.2 74.6 1.0097 0.00 0.0M
166740.000 1972 COM2 65 0R0 110 3.8 21.2 74.6 1.0097 0.00 0.0M
166800.000 1972 COM2 65 0R0 097 3.0 21.2 74.9 1.0097 0.00 0.0M
166860.000 1972 COM2 65 0R0 077 1.8 21.2 74.9 1.0096 0.00 0.0M
166920.000 1972 COM2 65 0R0 116 4.3 21.2 74.9 1.0096 0.00 0.0M
166980.000 1972 COM2 65 0R0 115 2.9 21.2 75.2 1.0096 0.00 0.0M
167040.000 1972 COM2 65 0R0 150 1.9 21.1 75.1 1.0096 0.00 0.0M
167100.000 1972 COM2 65 0R0 093 2.3 21.1 75.2 1.0096 0.00 0.0M
167160.000 1972 COM2 65 0R0 109 2.9 21.1 75.4 1.0096 0.00 0.0M
167220.000 1972 COM2 65 0R0 106 4.7 21.1 75.6 1.0095 0.00 0.0M
167280.000 1972 COM2 65 0R0 109 1.6 21.0 75.7 1.0094 0.00 0.0M
167340.000 1972 COM2 65 0R0 109 3.3 21.0 75.9 1.0095 0.00 0.0M
167400.000 1972 COM2 65 0R0 077 4.1 21.0 75.8 1.0095 0.00 0.0M
167460.000 1972 COM2 65 0R0 131 3.0 20.9 76.0 1.0095 0.00 0.0M
167520.000 1972 COM2 65 0R0 078 4.4 20.9 76.0 1.0094 0.00 0.0M
167580.000 1972 COM2 65 0R0 109 0.9 20.9 75.9 1.0094 0.00 0.0M
167640.000 1972 COM2 65 0R0 110 4.0 20.9 76.0 1.0094 0.00 0.0M
167700.000 1972 COM2 65 0R0 118 3.6 20.9 76.4 1.0095 0.00 0.0M
167760.000 1972 COM2 65 0R0 120 1.1 20.8 76.4 1.0095 0.00 0.0M
167820.000 1972 COM2 65 0R0 147 1.2 20.8 76.0 1.0095 0.00 0.0M
167880.000 1972 COM2 65 0R0 109 3.9 20.8 76.3 1.0095 0.00 0.0M
167940.000 1972 COM2 65 0R0 118 3.4 20.8 76.5 1.0095 0.00 0.0M
168000.000 1972 COM2 65 0R0 123 5.8 20.8 76.7 1.0095 0.00 0.0M
168060.000 1972 COM2 65 0R0 099 4.1 20.8 76.7 1.0094 0.00 0.0M
168120.000 1972 COM2 65 0R0 115 4.5 20.7 76.6 1.0094 0.00 0.0M
168180.000 1972 COM2 65 0R0 154 3.3 20.7 76.9 1.0094 0.00 0.0M
168240.000 1972 COM2 65 0R0 126 1.7 20.7 76.8 1.0094 0.00 0.0M
168300.000 1972 COM2 65 0R0 139 2.1 20.7 76.7 1.0094 0.00 0.0M
168360.000 1972 COM2 65 0R0 117 2.5 20.7 76.9 1.0094 0.00 0.0M
168420.000 1972 COM2 65 0R0 115 6.0 20.7 77.0 1.0094 0.00 0.0M
168480.000 1972 COM2 65 0R0 104 4.2 20.7 77.4 1.0094 0.00 0.0M
168540.000 1972 COM2 65 0R0 120 2.8 20.7 77.3 1.0094 0.00 0.0M
168600.000 1972 COM2 65 0R0 084 3.2 20.6 77.2 1.0094 0.00 0.0M
168660.000 1972 COM2 65 0R0 148 1.7 20.6 77.4 1.0093 0.00 0.0M
168720.000 1972 COM2 65 0R0 117 4.1 20.6 77.3 1.0093 0.00 0.0M
168780.000 1972 COM2 65 0R0 135 4.6 20.6 77.5 1.0094 0.00 0.0M
168840.000 1972 COM2 65 0R0 106 2.9 20.6 77.7 1.0093 0.00 0.0M
168900.000 1972 COM2 65 0R0 122 6.3 20.6 77.6 1.0094 0.00 0.0M
168960.000 1972 COM2 65 0R0 107 2.6 20.6 77.9 1.0094 0.00 0.0M
169020.000 1972 COM2 65 0R0 129 3.8 20.6 77.8 1.0094 0.00 0.0M
169080.000 1972 COM2 65 0R0 125 2.5 20.6 78.0 1.0094 0.00 0.0M
169140.000 1972 COM2 65 0R0 098 4.0 20.5 77.8 1.0095 0.00 0.0M
169200.000 1972 COM2 65 0R0 148 4.1 20.5 78.1 1.0094 0.00 0.0M
169260.000 1972 COM2 65 0R0 156 1.7 20.5 78.1 1.0094 0.00 0.0M
169320.000 1972 COM2 65 0R0 153 3.8 20.5 78.2 1.0094 0.00 0.0M
169380.000 1972 COM2 65 0R0 089 1.9 20.5 78.2 1.0094 0.00 0.0M
169440.000 1972 COM2 65 0R0 099 2.4 20.5 78.1 1.0094 0.00 0.0M
169500.000 1972 COM2 65 0R0 126 2.8 20.5 78.0 1.0094 0.00 0.0M
169560.000 1972 COM2 65 0R0 150 2.7 20.5 78.3 1.0094 0.00 0.0M
169620.000 1972 COM2 65 0R0 119 1.8 20.5 78.2 1.0094 0.00 0.0M
169680.000 1972 COM2 65 0R0 154 1.9 20.5 78.4 1.0094 0.00 0.0M
169740.000 1972 COM2 65 0R0 143 2.3 20.5 78.3 1.0093 0.00 0.0M
169800.000 1972 COM2 65 0R0 128 6.6 20.5 78.5 1.0093 0.00 0.0M
169860.000 1972 COM2 65 0R0 144 2.9 20.5 78.6 1.0093 0.00 0.0M
169920.000 1972 COM2 65 0R0 122 3.1 20.5 78.7 1.0093 0.00 0.0M
169980.000 1972 COM2 65 0R0 120 3.7 20.5 78.6 1.0092 0.00 0.0M
170040.000 1972 COM2 65 0R0 121 2.4 20.5 78.8 1.0092 0.00 0.0M
170100.000 1972 COM2 65 0R0 098 1.9 20.5 78.7 1.0092 0.00 0.0M
170160.000 1972 COM2 65 0R0 101 2.8 20.5 78.8 1.0091 0.00 0.0M
170220.000 1972 COM2 65 0R0 138 1.7 20.5 78.8 1.0091 0.00 0.0M
170280.000 1972 COM2 65 0R0 127 4.1 20.5 79.1 1.0091 0.00 0.0M
170340.000 1972 COM2 65 0R0 120 6.1 20.5 79.1 1.0091 0.00 0.0M
170400.000 1972 COM2 65 0R0 159 2.0 20.4 79.1 1.0091 0.00 0.0M
170460.000 1972 COM2 65 0R0 117 3.8 20.4 79.2 1.0091 0.00 0.0M
170520.000 1972 COM2 65 0R0 143 1.8 20.4 79.3 1.0091 0.00 0.0M
170580.000 1972 COM2 65 0R0 101 1.5 20.4 79.2 1.0091 0.00 0.0M
170640.100 1972 COM2 65 0R0 135 3.8 20.4 79.3 1.0092 0.00 0.0M
170700.000 1972 COM2 65 0R0 121 3.3 20.4 79.3 1.0092 0.00 0.0M
170760.000 1972 COM2 65 0R0 103 4.9 20.4 79.5 1.0091 0.00 0.0M
170820.000 1972 COM2 65 0R0 119 4.5 20.4 79.6 1.0091 0.00 0.0M
170880.000 1972 COM2 65 0R0 125 4.7 20.4 79.6 1.0091 0.00 0.0M
170940.000 1972 COM2 65 0R0 095 6.2 20.4 79.6 1.0090 0.00 0.0M
171000.000 1972 COM2 65 0R0 130 5.3 20.4 80.0 1.0090 0.00 0.0M
171060.000 1972 COM2 65 0R0 128 3.5 20.4 79.8 1.0090 0.00 0.0M
171120.000 1972 COM2 65 0R0 102 3.1 20.4 79.9 1.0090 0.00 0.0M
171180.000 1972 COM2 65 0R0 124 3.2 20.4 79.8 1.0091 0.00 0.0M
171240.000 1972 COM2 65 0R0 116 3.8 20.4 79.7 1.0090 0.00 0.0M
171300.000 1972 COM2 65 0R0 128 6.2 20.4 79.9 1.0090 0.00 0.0M
171360.000 1972 COM2 65 0R0 080 3.0 20.4 80.0 1.0090 0.00 0.0M
171420.000 1972 COM2 65 0R0 125 3.9 20.4 79.7 1.0090 0.00 0.0M
171480.000 1972 COM2 65 0R0 107 2.5 20.4 80.1 1.0090 0.00 0.0M
171540.000 1972 COM2 65 0R0 120 3.5 20.4 79.7 1.0090 0.00 0.0M
171600.000 1972 COM2 65 0R0 140 2.8 20.3 80.2 1.0090 0.00 0.0M
171660.000 1972 COM2 65 0R0 124 4.3 20.3 80.1 1.0089 0.00 0.0M
171720.000 1972 COM2 65 0R0 133 5.6 20.3 80.3 1.0089 0.00 0.0M
171780.000 1972 COM2 65 0R0 120 4.0 20.3 80.4 1.0088 0.00 0.0M
171840.000 1972 COM2 65 0R0 121 4.3 20.3 80.3 1.0089 0.00 0.0M
171900.000 1972 COM2 65 0R0 128 3.2 20.3 80.4 1.0089 0.00 0.0M
171960.000 1972 COM2 65 0R0 082 1.9 20.3 80.4 1.0088 0.00 0.0M
172020.000 1972 COM2 65 0R0 131 2.3 20.3 80.4 1.0088 0.00 0.0M
172080.000 1972 COM2 65 0R0 175 1.9 20.3 80.5 1.0088 0.00 0.0M
172140.000 1972 COM2 65 0R0 113 4.5 20.3 80.1 1.0088 0.00 0.0M
172200.000 1972 COM2 65 0R0 104 1.1 20.3 80.6 1.0088 0.00 0.0M
172260.000 1972 COM2 65 0R0 115 2.7 20.3 80.4 1.0088 0.00 0.0M
172320.000 1972 COM2 65 0R0 124 2.5 20.3 80.4 1.0088 0.00 0.0M
172380.000 1972 COM2 65 0R0 089 2.6 20.3 80.5 1.0088 0.00 0.0M
172440.000 1972 COM2 65 0R0 108 4.2 20.3 80.4 1.0087 0.00 0.0M
172500.000 1972 COM2 65 0R0 119 5.6 20.3 80.5 1.0086 0.00 0.0M
172560.000 1972 COM2 65 0R0 109 2.9 20.3 80.7 1.0087 0.00 0.0M
172620.000 1972 COM2 65 0R0 127 2.6 20.3 80.5 1.0087 0.00 0.0M
172680.000 1972 COM2 65 0R0 112 3.2 20.3 80.5 1.0086 0.00 0.0M
172740.000 1972 COM2 65 0R0 081 3.3 20.3 80.4 1.0086 0.00 0.0M
