TO [s] WNc [w] C StringLn ASCIIString
---------------------------------------
86400.000 1973 COM2 65 0R0 031 2.2 17.0 92.8 0.9811 0.08 0.0M
86460.000 1973 COM2 65 0R0 063 2.3 17.1 92.8 0.9810 0.05 0.0M
86520.000 1973 COM2 65 0R0 008 1.7 17.1 92.9 0.9809 0.06 0.0M
86580.000 1973 COM2 65 0R0 048 3.3 17.2 92.8 0.9809 0.06 0.0M
86640.000 1973 COM2 65 0R0 023 2.9 17.2 92.7 0.9807 0.04 0.0M
86700.000 1973 COM2 65 0R0 012 2.0 17.2 92.7 0.9806 0.05 0.0M
86760.000 1973 COM2 65 0R0 045 2.8 17.2 92.7 0.9806 0.02 0.0M
86820.000 1973 COM2 65 0R0 015 3.6 17.2 92.6 0.9805 0.07 0.0M
86880.000 1973 COM2 65 0R0 037 3.7 17.3 92.6 0.9805 0.08 0.0M
86940.000 1973 COM2 65 0R0 010 3.2 17.3 92.6 0.9804 0.07 0.0M
87000.000 1973 COM2 65 0R0 047 4.4 17.3 92.6 0.9803 0.06 0.0M
87060.000 1973 COM2 65 0R0 023 3.1 17.3 92.6 0.9803 0.05 0.0M
87120.000 1973 COM2 65 0R0 061 3.7 17.3 92.5 0.9802 0.07 0.0M
87180.000 1973 COM2 65 0R0 035 4.0 17.3 92.5 0.9802 0.05 0.0M
87240.000 1973 COM2 65 0R0 014 2.2 17.3 92.5 0.9802 0.05 0.0M
87300.000 1973 COM2 65 0R0 032 5.2 17.3 92.5 0.9800 0.06 0.0M
87360.000 1973 COM2 65 0R0 023 2.9 17.3 92.5 0.9799 0.06 0.0M
87420.000 1973 COM2 65 0R0 043 3.4 17.3 92.5 0.9799 0.06 0.0M
87480.000 1973 COM2 65 0R0 023 2.8 17.4 92.5 0.9799 0.06 0.0M
87540.000 1973 COM2 65 0R0 032 4.4 17.4 92.4 0.9799 0.04 0.0M
87600.000 1973 COM2 65 0R0 354 4.0 17.4 92.4 0.9799 0.03 0.0M
87660.000 1973 COM2 65 0R0 009 5.7 17.4 92.4 0.9798 0.08 0.0M
87720.000 1973 COM2 65 0R0 029 2.2 17.4 92.3 0.9798 0.06 0.0M
87780.000 1973 COM2 65 0R0 054 3.1 17.4 92.3 0.9798 0.07 0.0M
87840.000 1973 COM2 65 0R0 047 3.0 17.4 92.3 0.9797 0.04 0.0M
87900.000 1973 COM2 65 0R0 060 6.4 17.4 92.3 0.9797 0.07 0.0M
87960.000 1973 COM2 65 0R0 025 5.5 17.4 92.3 0.9796 0.09 0.0M
88020.000 1973 COM2 65 0R0 016 3.3 17.5 92.1 0.9795 0.09 0.0M
88080.000 1973 COM2 65 0R0 046 3.0 17.5 92.1 0.9795 0.05 0.0M
88140.000 1973 COM2 65 0R0 082 3.3 17.5 92.0 0.9794 0.06 0.0M
88200.000 1973 COM2 65 0R0 021 1.0 17.5 92.0 0.9793 0.05 0.0M
88260.000 1973 COM2 65 0R0 048 2.4 17.5 92.0 0.9791 0.10 0.0M
88320.000 1973 COM2 65 0R0 043 4.1 17.5 91.9 0.9791 0.11 0.0M
88380.000 1973 COM2 65 0R0 029 2.2 17.5 91.8 0.9789 0.12 0.0M
88440.000 1973 COM2 65 0R0 091 2.5 17.5 91.7 0.9788 0.17 0.0M
88500.000 1973 COM2 65 0R0 070 5.9 17.5 91.6 0.9788 0.11 0.0M
88560.000 1973 COM2 65 0R0 044 3.2 17.4 91.6 0.9788 0.07 0.0M
88620.000 1973 COM2 65 0R0 060 1.8 17.5 91.6 0.9787 0.09 0.0M
88680.000 1973 COM2 65 0R0 068 5.3 17.5 91.5 0.9786 0.11 0.0M
88740.000 1973 COM2 65 0R0 056 3.8 17.5 91.5 0.9787 0.06 0.0M
88800.000 1973 COM2 65 0R0 352 0.6 17.5 91.5 0.9787 0.02 0.0M
88860.000 1973 COM2 65 0R0 039 3.1 17.5 91.6 0.9787 0.03 0.0M
88920.000 1973 COM2 65 0R0 074 2.0 17.5 91.6 0.9787 0.01 0.0M
88980.000 1973 COM2 65 0R0 052 4.2 17.5 91.6 0.9788 0.04 0.0M
89040.000 1973 COM2 65 0R0 047 3.6 17.5 91.5 0.9787 0.07 0.0M
89100.000 1973 COM2 65 0R0 064 3.1 17.5 91.5 0.9787 0.07 0.0M
89160.000 1973 COM2 65 0R0 329 0.8 17.5 91.5 0.9787 0.05 0.0M
89220.000 1973 COM2 65 0R0 052 1.6 17.5 91.5 0.9786 0.08 0.0M
89280.000 1973 COM2 65 0R0 076 2.5 17.5 91.5 0.9786 0.12 0.0M
89340.000 1973 COM2 65 0R0 033 2.8 17.5 91.5 0.9787 0.06 0.0M
89400.000 1973 COM2 65 0R0 041 0.9 17.5 91.5 0.9786 0.07 0.0M
89460.000 1973 COM2 65 0R0 043 2.7 17.5 91.5 0.9787 0.07 0.0M
89520.000 1973 COM2 65 0R0 091 2.7 17.5 91.5 0.9787 0.04 0.0M
89580.000 1973 COM2 65 0R0 085 1.1 17.5 91.5 0.9787 0.04 0.0M
89640.000 1973 COM2 65 0R0 340 0.4 17.5 91.5 0.9787 0.01 0.0M
89700.000 1973 COM2 65 0R0 051 2.8 17.5 91.4 0.9787 0.08 0.0M
89760.000 1973 COM2 65 0R0 071 3.4 17.5 91.4 0.9786 0.13 0.0M
89820.000 1973 COM2 65 0R0 074 2.5 17.5 91.4 0.9785 0.07 0.0M
89880.000 1973 COM2 65 0R0 083 2.1 17.5 91.4 0.9785 0.17 0.0M
89940.000 1973 COM2 65 0R0 036 1.1 17.5 91.4 0.9785 0.13 0.0M
90000.100 1973 COM2 65 0R0 067 2.6 17.5 91.5 0.9785 0.14 0.0M
90060.000 1973 COM2 65 0R0 089 1.5 17.5 91.5 0.9785 0.21 0.0M
90120.000 1973 COM2 65 0R0 094 1.3 17.5 91.6 0.9785 0.24 0.0M
90180.000 1973 COM2 65 0R0 030 0.8 17.5 91.6 0.9785 0.26 0.0M
90240.000 1973 COM2 65 0R0 081 1.5 17.4 91.6 0.9784 0.31 0.0M
90300.000 1973 COM2 65 0R0 065 3.4 17.4 91.5 0.9783 0.32 0.0M
90360.000 1973 COM2 65 0R0 026 3.8 17.4 91.4 0.9783 0.36 0.0M
90420.000 1973 COM2 65 0R0 355 2.0 17.4 91.4 0.9782 0.26 0.0M
90480.000 1973 COM2 65 0R0 049 3.0 17.4 91.5 0.9782 0.26 0.0M
90540.000 1973 COM2 65 0R0 042 2.5 17.4 91.4 0.9782 0.19 0.0M
90600.000 1973 COM2 65 0R0 056 3.1 17.4 91.5 0.9782 0.18 0.0M
90660.000 1973 COM2 65 0R0 040 4.0 17.3 91.6 0.9781 0.18 0.0M
90720.000 1973 COM2 65 0R0 022 2.9 17.3 91.7 0.9781 0.17 0.0M
90780.000 1973 COM2 65 0R0 036 3.7 17.3 91.7 0.9780 0.17 0.0M
90840.000 1973 COM2 65 0R0 053 2.1 17.3 91.7 0.9779 0.11 0.0M
90900.000 1973 COM2 65 0R0 030 3.4 17.3 91.7 0.9779 0.10 0.0M
90960.000 1973 COM2 65 0R0 049 4.5 17.3 91.7 0.9779 0.11 0.0M
91020.000 1973 COM2 65 0R0 078 0.8 17.3 91.8 0.9778 0.07 0.0M
91080.000 1973 COM2 65 0R0 054 3.2 17.3 91.8 0.9777 0.13 0.0M
91140.000 1973 COM2 65 0R0 037 2.7 17.2 91.8 0.9775 0.16 0.0M
91200.000 1973 COM2 65 0R0 021 3.7 17.2 91.8 0.9775 0.15 0.0M
91260.000 1973 COM2 65 0R0 024 4.6 17.2 91.8 0.9774 0.18 0.0M
91320.000 1973 COM2 65 0R0 026 2.6 17.2 91.8 0.9773 0.15 0.0M
91380.000 1973 COM2 65 0R0 012 1.4 17.2 91.9 0.9771 0.11 0.0M
91440.000 1973 COM2 65 0R0 055 3.4 17.2 91.9 0.9770 0.07 0.0M
91500.000 1973 COM2 65 0R0 039 2.8 17.2 91.9 0.9769 0.06 0.0M
91560.000 1973 COM2 65 0R0 000 1.2 17.2 91.9 0.9767 0.08 0.0M
91620.000 1973 COM2 65 0R0 013 1.5 17.1 92.0 0.9766 0.07 0.0M
91680.000 1973 COM2 65 0R0 030 3.0 17.1 91.9 0.9765 0.06 0.0M
91740.000 1973 COM2 65 0R0 036 1.7 17.1 91.8 0.9764 0.03 0.0M
91800.000 1973 COM2 65 0R0 019 4.8 17.1 91.9 0.9763 0.03 0.0M
91860.000 1973 COM2 65 0R0 024 2.9 17.0 91.8 0.9762 0.01 0.0M
91920.000 1973 COM2 65 0R0 020 3.3 17.0 91.8 0.9762 0.01 0.0M
91980.000 1973 COM2 65 0R0 045 2.5 17.0 91.8 0.9762 0.03 0.0M
92040.000 1973 COM2 65 0R0 015 2.4 17.0 91.7 0.9761 0.03 0.0M
92100.000 1973 COM2 65 0R0 011 1.1 17.0 91.6 0.9760 0.02 0.0M
92160.000 1973 COM2 65 0R0 020 4.4 17.0 91.5 0.9758 0.01 0.0M
92220.000 1973 COM2 65 0R0 335 1.6 16.9 91.4 0.9758 0.00 0.0M
92280.000 1973 COM2 65 0R0 347 3.0 16.9 91.5 0.9757 0.00 0.0M
92340.000 1973 COM2 65 0R0 354 1.7 16.9 91.5 0.9757 0.00 0.0M
92400.000 1973 COM2 65 0R0 039 2.1 16.9 91.5 0.9756 0.01 0.0M
92460.000 1973 COM2 65 0R0 040 2.5 16.9 91.5 0.9755 0.00 0.0M
92520.000 1973 COM2 65 0R0 006 3.3 16.9 91.6 0.9754 0.00 0.0M
92580.000 1973 COM2 65 0R0 340 2.9 16.9 91.5 0.9753 0.01 0.0M
92640.000 1973 COM2 65 0R0 005 2.4 16.9 91.5 0.9753 0.00 0.0M
92700.000 1973 COM2 65 0R0 047 3.8 16.9 91.5 0.9753 0.02 0.0M
92760.000 1973 COM2 65 0R0 027 4.0 16.9 91.5 0.9752 0.03 0.0M
92820.000 1973 COM2 65 0R0 035 3.3 16.9 91.5 0.9752 0.08 0.0M
92880.000 1973 COM2 65 0R0 020 1.5 16.9 91.4 0.9751 0.05 0.0M
92940.000 1973 COM2 65 0R0 020 3.3 16.8 91.3 0.9750 0.02 0.0M
93000.000 1973 COM2 65 0R0 025 3.6 16.8 91.1 0.9749 0.01 0.0M
93060.000 1973 COM2 65 0R0 008 1.9 16.8 91.0 0.9749 0.01 0.0M
93120.000 1973 COM2 65 0R0 336 2.5 16.8 91.0 0.9747 0.01 0.0M
93180.000 1973 COM2 65 0R0 339 5.6 16.8 91.0 0.9746 0.01 0.0M
93240.000 1973 COM2 65 0R0 022 3.1 16.8 90.8 0.9745 0.02 0.0M
93300.000 1973 COM2 65 0R0 354 2.9 16.8 90.9 0.9745 0.03 0.0M
93360.000 1973 COM2 65 0R0 010 4.9 16.7 90.9 0.9745 0.07 0.0M
93420.000 1973 COM2 65 0R0 350 2.6 16.7 90.7 0.9744 0.15 0.0M
93480.000 1973 COM2 65 0R0 337 2.0 16.7 90.5 0.9744 0.09 0.0M
93540.000 1973 COM2 65 0R0 020 3.7 16.7 90.7 0.9743 0.06 0.0M
93600.000 1973 COM2 65 0R0 004 3.5 16.7 90.6 0.9743 0.03 0.0M
93660.000 1973 COM2 65 0R0 358 2.8 16.7 90.7 0.9743 0.01 0.0M
93720.000 1973 COM2 65 0R0 005 3.3 16.7 90.6 0.9742 0.01 0.0M
93780.000 1973 COM2 65 0R0 005 1.3 16.7 90.6 0.9741 0.00 0.0M
93840.000 1973 COM2 65 0R0 019 5.3 16.7 90.5 0.9741 0.00 0.0M
93900.000 1973 COM2 65 0R0 029 4.2 16.7 90.3 0.9741 0.00 0.0M
93960.000 1973 COM2 65 0R0 019 3.0 16.7 90.4 0.9740 0.00 0.0M
94020.000 1973 COM2 65 0R0 343 3.4 16.7 90.2 0.9739 0.00 0.0M
94080.000 1973 COM2 65 0R0 354 2.1 16.7 90.1 0.9739 0.00 0.0M
94140.000 1973 COM2 65 0R0 329 0.7 16.7 90.3 0.9738 0.00 0.0M
94200.000 1973 COM2 65 0R0 001 4.1 16.7 90.2 0.9737 0.00 0.0M
94260.000 1973 COM2 65 0R0 357 3.0 16.7 90.0 0.9736 0.00 0.0M
94320.000 1973 COM2 65 0R0 017 4.4 16.6 89.8 0.9736 0.00 0.0M
94380.000 1973 COM2 65 0R0 352 2.8 16.6 89.7 0.9735 0.00 0.0M
94440.000 1973 COM2 65 0R0 349 5.3 16.6 89.5 0.9734 0.00 0.0M
94500.000 1973 COM2 65 0R0 012 1.4 16.6 89.4 0.9734 0.00 0.0M
94560.000 1973 COM2 65 0R0 345 3.5 16.6 89.6 0.9734 0.02 0.0M
94620.000 1973 COM2 65 0R0 014 0.4 16.6 89.6 0.9734 0.01 0.0M
94680.000 1973 COM2 65 0R0 351 3.2 16.6 89.8 0.9735 0.03 0.0M
94740.000 1973 COM2 65 0R0 331 3.5 16.6 89.9 0.9736 0.02 0.0M
94800.000 1973 COM2 65 0R0 303 1.7 16.7 89.9 0.9737 0.01 0.0M
94860.000 1973 COM2 65 0R0 243 1.6 16.7 90.0 0.9738 0.00 0.0M
94920.000 1973 COM2 65 0R0 251 1.8 16.7 90.1 0.9741 0.01 0.0M
94980.000 1973 COM2 65 0R0 240 2.1 16.7 90.2 0.9743 0.00 0.0M
95040.000 1973 COM2 65 0R0 244 4.7 16.7 90.3 0.9744 0.00 0.0M
95100.000 1973 COM2 65 0R0 224 4.5 16.7 90.4 0.9744 0.00 0.0M
95160.000 1973 COM2 65 0R0 243 8.2 16.6 90.2 0.9743 0.00 0.0M
95220.000 1973 COM2 65 0R0 243 5.8 16.6 90.3 0.9744 0.00 0.0M
95280.000 1973 COM2 65 0R0 245 4.0 16.6 90.4 0.9745 0.00 0.0M
95340.000 1973 COM2 65 0R0 227 4.8 16.6 90.6 0.9746 0.00 0.0M
95400.000 1973 COM2 65 0R0 251 3.1 16.6 90.6 0.9746 0.00 0.0M
95460.000 1973 COM2 65 0R0 265 2.8 16.6 90.7 0.9746 0.00 0.0M
95520.000 1973 COM2 65 0R0 248 4.2 16.6 90.6 0.9748 0.00 0.0M
95580.000 1973 COM2 65 0R0 260 3.9 16.5 90.6 0.9748 0.00 0.0M
95640.000 1973 COM2 65 0R0 237 4.3 16.5 90.5 0.9749 0.00 0.0M
95700.000 1973 COM2 65 0R0 225 5.5 16.4 89.7 0.9749 0.00 0.0M
95760.000 1973 COM2 65 0R0 245 7.6 16.2 89.0 0.9746 0.00 0.0M
95820.000 1973 COM2 65 0R0 248 3.6 16.0 89.0 0.9749 0.01 0.0M
95880.000 1973 COM2 65 0R0 245 8.3 15.9 89.3 0.9750 0.05 0.0M
95940.000 1973 COM2 65 0R0 266 3.5 15.9 89.5 0.9755 0.07 0.0M
96000.000 1973 COM2 65 0R0 235 5.9 15.8 89.6 0.9754 0.07 0.0M
96060.000 1973 COM2 65 0R0 236 3.6 15.7 89.7 0.9756 0.05 0.0M
96120.000 1973 COM2 65 0R0 237 6.1 15.7 89.9 0.9758 0.05 0.0M
96180.000 1973 COM2 65 0R0 264 5.6 15.6 90.1 0.9757 0.05 0.0M
96240.000 1973 COM2 65 0R0 241 5.0 15.6 90.3 0.9759 0.04 0.0M
96300.000 1973 COM2 65 0R0 215 4.2 15.5 89.8 0.9759 0.08 0.0M
96360.000 1973 COM2 65 0R0 232 3.1 15.4 89.7 0.9759 0.12 0.0M
96420.000 1973 COM2 66 0R0 243 10.1 15.3 89.6 0.9759 0.09 0.0M
96480.000 1973 COM2 65 0R0 257 3.1 15.3 89.9 0.9761 0.07 0.0M
96540.000 1973 COM2 65 0R0 219 1.9 15.2 90.2 0.9760 0.05 0.0M
96600.000 1973 COM2 65 0R0 225 4.2 15.2 90.2 0.9760 0.08 0.0M
96660.000 1973 COM2 65 0R0 243 2.7 15.2 90.0 0.9760 0.12 0.0M
96720.000 1973 COM2 65 0R0 272 5.2 15.1 89.8 0.9760 0.16 0.0M
96780.000 1973 COM2 65 0R0 257 8.2 15.1 89.7 0.9760 0.16 0.0M
96840.000 1973 COM2 65 0R0 297 6.6 15.1 89.6 0.9761 0.15 0.0M
96900.000 1973 COM2 65 0R0 271 3.5 15.1 89.8 0.9760 0.07 0.0M
96960.000 1973 COM2 65 0R0 256 4.5 15.1 89.7 0.9763 0.04 0.0M
97020.000 1973 COM2 65 0R0 269 2.3 15.1 89.6 0.9763 0.03 0.0M
97080.000 1973 COM2 65 0R0 264 5.8 15.1 89.7 0.9763 0.02 0.0M
97140.000 1973 COM2 65 0R0 247 4.7 15.1 89.5 0.9763 0.02 0.0M
97200.000 1973 COM2 65 0R0 260 5.4 15.1 89.5 0.9764 0.01 0.0M
97260.000 1973 COM2 65 0R0 245 3.3 15.2 89.7 0.9765 0.00 0.0M
97320.000 1973 COM2 65 0R0 262 3.4 15.2 89.5 0.9764 0.01 0.0M
97380.000 1973 COM2 65 0R0 229 1.2 15.2 89.7 0.9762 0.01 0.0M
97440.000 1973 COM2 65 0R0 301 5.9 15.2 89.8 0.9761 0.02 0.0M
97500.100 1973 COM2 65 0R0 270 4.2 15.2 89.5 0.9759 0.02 0.0M
97560.000 1973 COM2 65 0R0 333 2.2 15.1 89.4 0.9758 0.04 0.0M
97620.000 1973 COM2 65 0R0 296 2.8 15.1 89.4 0.9757 0.03 0.0M
97680.000 1973 COM2 65 0R0 276 3.2 15.1 89.3 0.9755 0.05 0.0M
97740.000 1973 COM2 65 0R0 301 5.3 15.1 89.2 0.9753 0.03 0.0M
97800.000 1973 COM2 65 0R0 290 2.6 15.1 89.1 0.9752 0.05 0.0M
97860.000 1973 COM2 65 0R0 284 3.6 15.1 89.3 0.9751 0.04 0.0M
97920.000 1973 COM2 65 0R0 290 1.5 15.1 89.3 0.9749 0.04 0.0M
97980.000 1973 COM2 65 0R0 276 4.8 15.1 89.5 0.9748 0.04 0.0M
98040.000 1973 COM2 65 0R0 295 1.5 15.1 89.5 0.9747 0.02 0.0M
98100.000 1973 COM2 65 0R0 298 6.4 15.1 89.5 0.9746 0.03 0.0M
98160.000 1973 COM2 65 0R0 288 5.5 15.0 88.9 0.9744 0.01 0.0M
98220.000 1973 COM2 65 0R0 296 3.8 15.0 89.1 0.9742 0.00 0.0M
98280.000 1973 COM2 65 0R0 253 1.4 15.0 88.8 0.9739 0.02 0.0M
98340.000 1973 COM2 65 0R0 290 4.6 15.0 89.1 0.9736 0.02 0.0M
98400.000 1973 COM2 65 0R0 286 7.3 15.0 89.4 0.9734 0.02 0.0M
98460.000 1973 COM2 65 0R0 293 1.4 15.0 89.3 0.9734 0.01 0.0M
98520.000 1973 COM2 65 0R0 277 4.9 15.0 89.2 0.9731 0.02 0.0M
98580.000 1973 COM2 65 0R0 321 4.5 15.0 88.9 0.9732 0.01 0.0M
98640.000 1973 COM2 65 0R0 290 5.8 14.9 88.9 0.9729 0.01 0.0M
98700.000 1973 COM2 65 0R0 232 1.5 14.9 89.0 0.9725 0.00 0.0M
98760.000 1973 COM2 65 0R0 306 6.8 14.9 89.0 0.9725 0.00 0.0M
98820.000 1973 COM2 65 0R0 305 3.4 14.9 89.0 0.9724 0.00 0.0M
98880.000 1973 COM2 65 0R0 213 1.0 14.9 89.0 0.9724 0.00 0.0M
98940.000 1973 COM2 65 0R0 351 3.6 14.8 89.0 0.9724 0.00 0.0M
99000.000 1973 COM2 65 0R0 313 5.6 14.8 89.3 0.9723 0.00 0.0M
99060.000 1973 COM2 65 0R0 312 4.7 14.8 88.8 0.9721 0.00 0.0M
99120.000 1973 COM2 65 0R0 109 1.3 14.8 89.1 0.9721 0.00 0.0M
99180.000 1973 COM2 65 0R0 309 2.4 14.8 89.3 0.9723 0.00 0.0M
99240.000 1973 COM2 65 0R0 248 1.9 14.8 88.9 0.9722 0.00 0.0M
99300.100 1973 COM2 65 0R0 298 5.3 14.8 88.8 0.9720 0.00 0.0M
99360.000 1973 COM2 65 0R0 284 8.9 14.8 88.3 0.9718 0.00 0.0M
99420.000 1973 COM2 65 0R0 292 2.3 14.8 88.3 0.9719 0.00 0.0M
99480.000 1973 COM2 65 0R0 350 2.0 14.8 88.4 0.9720 0.00 0.0M
99540.000 1973 COM2 65 0R0 286 3.8 14.8 88.7 0.9720 0.00 0.0M
99600.000 1973 COM2 65 0R0 251 1.0 14.8 88.5 0.9720 0.00 0.0M
99660.000 1973 COM2 65 0R0 318 1.7 14.8 88.5 0.9719 0.00 0.0M
99720.000 1973 COM2 65 0R0 348 2.7 14.8 88.3 0.9719 0.00 0.0M
99780.000 1973 COM2 65 0R0 313 3.4 14.8 88.5 0.9719 0.00 0.0M
99840.100 1973 COM2 65 0R0 286 4.9 14.8 88.4 0.9719 0.00 0.0M
99900.000 1973 COM2 65 0R0 294 7.1 14.8 87.7 0.9717 0.00 0.0M
99960.000 1973 COM2 65 0R0 282 2.5 14.8 87.8 0.9717 0.00 0.0M
100020.000 1973 COM2 65 0R0 334 3.0 14.9 87.4 0.9717 0.00 0.0M
100080.100 1973 COM2 65 0R0 321 1.5 14.9 87.6 0.9716 0.00 0.0M
100140.100 1973 COM2 65 0R0 299 3.3 14.9 87.1 0.9716 0.00 0.0M
100200.100 1973 COM2 65 0R0 354 2.7 14.9 87.4 0.9717 0.00 0.0M
100260.000 1973 COM2 65 0R0 289 2.9 14.9 87.0 0.9718 0.00 0.0M
100320.000 1973 COM2 65 0R0 329 4.0 14.9 87.0 0.9719 0.00 0.0M
100380.000 1973 COM2 65 0R0 310 3.5 14.9 86.6 0.9720 0.00 0.0M
100440.000 1973 COM2 65 0R0 299 1.3 15.0 87.2 0.9720 0.00 0.0M
100500.000 1973 COM2 65 0R0 337 2.4 15.0 87.0 0.9721 0.00 0.0M
100560.000 1973 COM2 65 0R0 221 0.6 15.0 87.1 0.9722 0.00 0.0M
100620.000 1973 COM2 65 0R0 292 6.1 15.0 87.0 0.9722 0.00 0.0M
100680.000 1973 COM2 65 0R0 002 0.4 15.0 87.0 0.9722 0.00 0.0M
100740.000 1973 COM2 65 0R0 263 3.0 15.0 86.9 0.9722 0.00 0.0M
100800.000 1973 COM2 65 0R0 237 1.8 15.0 86.8 0.9724 0.00 0.0M
100860.000 1973 COM2 65 0R0 342 0.9 14.9 87.1 0.9724 0.00 0.0M
100920.000 1973 COM2 65 0R0 273 3.1 15.0 87.0 0.9723 0.00 0.0M
100980.000 1973 COM2 65 0R0 284 2.0 15.0 86.7 0.9723 0.00 0.0M
101040.000 1973 COM2 65 0R0 267 2.0 15.0 86.8 0.9723 0.00 0.0M
101100.000 1973 COM2 65 0R0 321 5.0 15.0 86.0 0.9722 0.00 0.0M
101160.000 1973 COM2 65 0R0 324 6.2 15.1 85.8 0.9721 0.00 0.0M
101220.000 1973 COM2 65 0R0 003 2.9 15.1 84.6 0.9720 0.00 0.0M
101280.000 1973 COM2 65 0R0 009 3.6 15.2 85.0 0.9720 0.00 0.0M
101340.000 1973 COM2 65 0R0 336 2.7 15.3 84.9 0.9720 0.00 0.0M
101400.000 1973 COM2 65 0R0 011 3.2 15.3 84.4 0.9720 0.00 0.0M
101460.000 1973 COM2 65 0R0 340 2.3 15.3 84.6 0.9721 0.00 0.0M
101520.000 1973 COM2 65 0R0 260 1.3 15.3 84.3 0.9720 0.00 0.0M
101580.000 1973 COM2 65 0R0 018 0.9 15.3 84.3 0.9719 0.00 0.0M
101640.000 1973 COM2 65 0R0 357 1.2 15.3 84.6 0.9720 0.00 0.0M
101700.000 1973 COM2 65 0R0 281 3.4 15.3 85.0 0.9720 0.00 0.0M
101760.000 1973 COM2 65 0R0 264 0.8 15.2 85.3 0.9721 0.00 0.0M
101820.000 1973 COM2 65 0R0 334 1.9 15.2 85.2 0.9722 0.00 0.0M
101880.000 1973 COM2 65 0R0 010 1.0 15.2 85.2 0.9721 0.00 0.0M
101940.000 1973 COM2 65 0R0 250 1.3 15.2 85.1 0.9721 0.00 0.0M
102000.100 1973 COM2 65 0R0 345 0.5 15.2 84.9 0.9722 0.00 0.0M
102060.000 1973 COM2 65 0R0 267 0.6 15.2 85.1 0.9722 0.00 0.0M
102120.000 1973 COM2 65 0R0 298 0.3 15.2 85.1 0.9721 0.00 0.0M
102180.000 1973 COM2 65 0R0 353 2.5 15.2 84.8 0.9721 0.00 0.0M
102240.000 1973 COM2 65 0R0 004 1.6 15.2 84.8 0.9720 0.00 0.0M
102300.100 1973 COM2 65 0R0 343 2.0 15.2 84.9 0.9721 0.00 0.0M
102360.000 1973 COM2 65 0R0 154 0.6 15.2 84.7 0.9721 0.00 0.0M
102420.000 1973 COM2 65 0R0 014 1.1 15.2 84.7 0.9721 0.00 0.0M
102480.000 1973 COM2 65 0R0 048 1.5 15.2 84.3 0.9722 0.00 0.0M
102540.000 1973 COM2 65 0R0 245 0.6 15.2 84.3 0.9723 0.00 0.0M
102600.000 1973 COM2 65 0R0 170 0.3 15.3 84.4 0.9724 0.00 0.0M
102660.100 1973 COM2 65 0R0 182 0.2 15.3 84.8 0.9725 0.00 0.0M
102720.000 1973 COM2 65 0R0 303 1.9 15.3 84.5 0.9725 0.00 0.0M
102780.000 1973 COM2 65 0R0 194 0.8 15.3 84.5 0.9725 0.00 0.0M
102840.000 1973 COM2 65 0R0 221 0.6 15.2 84.9 0.9727 0.00 0.0M
102900.000 1973 COM2 65 0R0 143 1.2 15.2 84.8 0.9728 0.00 0.0M
102960.000 1973 COM2 65 0R0 088 0.7 15.2 84.8 0.9728 0.00 0.0M
103020.000 1973 COM2 65 0R0 155 1.0 15.2 84.9 0.9729 0.00 0.0M
103080.000 1973 COM2 65 0R0 157 1.8 15.2 85.1 0.9730 0.00 0.0M
103140.000 1973 COM2 65 0R0 187 0.8 15.2 85.5 0.9730 0.00 0.0M
103200.000 1973 COM2 65 0R0 208 0.8 15.2 85.6 0.9731 0.00 0.0M
103260.000 1973 COM2 65 0R0 221 1.2 15.1 85.6 0.9731 0.00 0.0M
103320.000 1973 COM2 65 0R0 281 1.2 15.1 85.9 0.9732 0.00 0.0M
103380.000 1973 COM2 65 0R0 187 0.4 15.1 86.3 0.9732 0.00 0.0M
103440.000 1973 COM2 65 0R0 271 1.3 15.1 86.3 0.9733 0.00 0.0M
103500.000 1973 COM2 65 0R0 275 0.8 15.0 86.5 0.9734 0.00 0.0M
103560.000 1973 COM2 65 0R0 184 1.9 15.0 86.4 0.9736 0.00 0.0M
103620.000 1973 COM2 65 0R0 172 3.3 15.0 86.6 0.9738 0.00 0.0M
103680.000 1973 COM2 65 0R0 153 3.2 15.0 86.6 0.9739 0.00 0.0M
103740.000 1973 COM2 65 0R0 123 1.5 15.0 86.6 0.9740 0.00 0.0M
103800.000 1973 COM2 65 0R0 212 3.6 14.9 86.9 0.9740 0.00 0.0M
103860.000 1973 COM2 65 0R0 196 1.6 14.9 86.9 0.9740 0.00 0.0M
103920.000 1973 COM2 65 0R0 232 2.7 14.9 87.4 0.9739 0.00 0.0M
103980.000 1973 COM2 65 0R0 232 0.9 14.9 87.2 0.9740 0.00 0.0M
104040.000 1973 COM2 65 0R0 188 1.9 14.9 86.9 0.9741 0.00 0.0M
104100.000 1973 COM2 65 0R0 184 3.5 14.9 86.7 0.9742 0.00 0.0M
104160.000 1973 COM2 65 0R0 211 4.3 14.9 86.9 0.9744 0.00 0.0M
104220.000 1973 COM2 65 0R0 195 4.6 14.9 87.0 0.9745 0.00 0.0M
104280.000 1973 COM2 65 0R0 162 2.3 14.9 87.9 0.9745 0.00 0.0M
104340.000 1973 COM2 65 0R0 178 1.9 14.9 88.4 0.9744 0.00 0.0M
104400.000 1973 COM2 65 0R0 222 2.8 14.9 88.2 0.9744 0.00 0.0M
104460.000 1973 COM2 65 0R0 210 4.2 14.9 87.7 0.9744 0.00 0.0M
104520.000 1973 COM2 65 0R0 228 3.3 14.8 87.3 0.9745 0.00 0.0M
104580.000 1973 COM2 65 0R0 164 4.5 14.8 87.4 0.9745 0.00 0.0M
104640.000 1973 COM2 65 0R0 217 2.3 14.9 87.8 0.9746 0.00 0.0M
104700.000 1973 COM2 65 0R0 230 2.1 14.9 87.5 0.9745 0.00 0.0M
104760.000 1973 COM2 65 0R0 269 2.9 14.9 87.1 0.9745 0.00 0.0M
104820.000 1973 COM2 65 0R0 238 3.0 14.9 87.1 0.9745 0.00 0.0M
104880.000 1973 COM2 65 0R0 195 3.7 14.9 87.1 0.9746 0.00 0.0M
104940.000 1973 COM2 65 0R0 208 4.8 14.8 86.9 0.9746 0.00 0.0M
105000.000 1973 COM2 65 0R0 244 1.1 14.9 87.1 0.9746 0.00 0.0M
105060.000 1973 COM2 65 0R0 221 4.9 14.9 87.1 0.9746 0.00 0.0M
105120.000 1973 COM2 65 0R0 199 1.6 14.9 87.2 0.9746 0.00 0.0M
105180.000 1973 COM2 65 0R0 221 2.3 14.9 87.5 0.9747 0.00 0.0M
105240.000 1973 COM2 65 0R0 200 3.2 14.9 87.4 0.9747 0.00 0.0M
105300.000 1973 COM2 65 0R0 207 3.2 14.9 87.4 0.9747 0.00 0.0M
105360.000 1973 COM2 65 0R0 259 1.2 14.9 87.6 0.9746 0.00 0.0M
105420.000 1973 COM2 65 0R0 224 1.6 14.9 87.7 0.9747 0.00 0.0M
105480.000 1973 COM2 65 0R0 248 1.4 14.8 87.6 0.9746 0.00 0.0M
105540.000 1973 COM2 65 0R0 259 3.6 14.8 86.8 0.9746 0.00 0.0M
105600.000 1973 COM2 65 0R0 242 1.6 14.7 85.9 0.9745 0.00 0.0M
105660.000 1973 COM2 65 0R0 250 1.6 14.6 85.8 0.9744 0.00 0.0M
105720.000 1973 COM2 65 0R0 267 0.9 14.6 85.4 0.9743 0.00 0.0M
105780.000 1973 COM2 65 0R0 262 3.3 14.5 85.3 0.9743 0.00 0.0M
105840.000 1973 COM2 65 0R0 291 2.8 14.4 83.9 0.9742 0.00 0.0M
105900.100 1973 COM2 65 0R0 271 1.8 14.3 84.5 0.9742 0.00 0.0M
105960.000 1973 COM2 65 0R0 287 1.8 14.2 84.7 0.9742 0.00 0.0M
106020.000 1973 COM2 65 0R0 256 1.2 14.2 85.1 0.9742 0.00 0.0M
106080.000 1973 COM2 65 0R0 252 1.0 14.2 85.8 0.9743 0.00 0.0M
106140.000 1973 COM2 65 0R0 238 1.9 14.1 84.5 0.9743 0.00 0.0M
106200.100 1973 COM2 65 0R0 254 1.6 14.1 85.5 0.9743 0.00 0.0M
106260.000 1973 COM2 65 0R0 262 1.1 14.0 85.7 0.9743 0.00 0.0M
106320.000 1973 COM2 65 0R0 273 0.9 14.0 85.2 0.9744 0.00 0.0M
106380.000 1973 COM2 65 0R0 247 2.7 13.9 85.4 0.9743 0.00 0.0M
106440.000 1973 COM2 65 0R0 249 1.3 13.9 85.6 0.9744 0.00 0.0M
106500.000 1973 COM2 65 0R0 266 2.2 13.9 85.6 0.9744 0.00 0.0M
106560.000 1973 COM2 65 0R0 291 1.8 13.8 85.0 0.9744 0.00 0.0M
106620.000 1973 COM2 65 0R0 281 2.8 13.7 85.2 0.9744 0.00 0.0M
106680.000 1973 COM2 65 0R0 259 2.1 13.7 85.1 0.9745 0.00 0.0M
106740.000 1973 COM2 65 0R0 253 3.6 13.6 85.1 0.9744 0.00 0.0M
106800.000 1973 COM2 65 0R0 276 2.2 13.6 85.8 0.9745 0.00 0.0M
106860.000 1973 COM2 65 0R0 293 2.2 13.5 85.7 0.9744 0.00 0.0M
106920.000 1973 COM2 65 0R0 306 1.7 13.5 85.3 0.9744 0.00 0.0M
106980.000 1973 COM2 65 0R0 292 4.6 13.4 84.9 0.9744 0.00 0.0M
107040.000 1973 COM2 65 0R0 294 1.0 13.3 85.4 0.9744 0.00 0.0M
107100.000 1973 COM2 65 0R0 307 1.7 13.3 85.5 0.9744 0.00 0.0M
107160.000 1973 COM2 65 0R0 269 2.9 13.3 85.4 0.9744 0.00 0.0M
107220.000 1973 COM2 65 0R0 236 2.8 13.2 85.5 0.9745 0.00 0.0M
107280.000 1973 COM2 65 0R0 279 3.1 13.2 86.1 0.9746 0.00 0.0M
107340.000 1973 COM2 65 0R0 268 1.4 13.2 86.1 0.9746 0.00 0.0M
107400.000 1973 COM2 65 0R0 243 1.6 13.1 85.2 0.9746 0.00 0.0M
107460.000 1973 COM2 65 0R0 252 1.6 13.1 86.4 0.9747 0.00 0.0M
107520.000 1973 COM2 65 0R0 278 1.8 13.0 85.6 0.9747 0.00 0.0M
107580.000 1973 COM2 65 0R0 286 4.0 13.0 85.8 0.9747 0.00 0.0M
107640.000 1973 COM2 65 0R0 290 0.9 13.0 86.2 0.9747 0.00 0.0M
107700.000 1973 COM2 65 0R0 254 3.5 12.9 85.6 0.9747 0.00 0.0M
107760.000 1973 COM2 65 0R0 281 3.2 12.9 85.5 0.9747 0.00 0.0M
107820.000 1973 COM2 65 0R0 286 5.6 12.8 86.0 0.9747 0.00 0.0M
107880.000 1973 COM2 65 0R0 271 2.0 12.7 86.5 0.9747 0.00 0.0M
107940.000 1973 COM2 65 0R0 278 4.2 12.7 86.3 0.9747 0.00 0.0M
108000.000 1973 COM2 65 0R0 282 1.9 12.6 86.4 0.9747 0.00 0.0M
108060.000 1973 COM2 65 0R0 294 5.4 12.5 87.1 0.9746 0.00 0.0M
108120.000 1973 COM2 65 0R0 199 1.7 12.5 86.9 0.9746 0.00 0.0M
108180.000 1973 COM2 65 0R0 297 2.9 12.4 86.2 0.9745 0.00 0.0M
108240.000 1973 COM2 65 0R0 299 3.3 12.3 86.5 0.9746 0.00 0.0M
108300.000 1973 COM2 65 0R0 278 4.0 12.3 87.2 0.9745 0.00 0.0M
108360.000 1973 COM2 65 0R0 275 3.7 12.2 87.2 0.9745 0.00 0.0M
108420.000 1973 COM2 65 0R0 268 3.2 12.2 87.5 0.9746 0.00 0.0M
108480.000 1973 COM2 65 0R0 285 3.7 12.1 88.1 0.9746 0.00 0.0M
108540.000 1973 COM2 65 0R0 264 5.5 12.1 87.9 0.9745 0.00 0.0M
108600.000 1973 COM2 65 0R0 280 4.4 12.1 87.9 0.9745 0.00 0.0M
108660.000 1973 COM2 65 0R0 258 2.9 12.0 87.9 0.9746 0.00 0.0M
108720.000 1973 COM2 65 0R0 318 2.7 12.0 88.4 0.9746 0.00 0.0M
108780.000 1973 COM2 65 0R0 332 2.6 12.0 87.6 0.9746 0.00 0.0M
108840.000 1973 COM2 65 0R0 266 3.5 11.9 87.6 0.9746 0.00 0.0M
108900.000 1973 COM2 65 0R0 281 3.2 11.9 87.9 0.9746 0.00 0.0M
108960.000 1973 COM2 65 0R0 265 2.9 11.8 87.5 0.9747 0.00 0.0M
109020.000 1973 COM2 65 0R0 262 3.3 11.8 88.0 0.9746 0.00 0.0M
109080.000 1973 COM2 65 0R0 291 2.1 11.8 88.4 0.9746 0.00 0.0M
109140.000 1973 COM2 65 0R0 294 4.1 11.7 88.0 0.9746 0.00 0.0M
109200.000 1973 COM2 65 0R0 294 1.0 11.7 88.1 0.9746 0.00 0.0M
109260.000 1973 COM2 65 0R0 290 2.2 11.7 88.3 0.9746 0.00 0.0M
109320.000 1973 COM2 65 0R0 306 2.5 11.6 88.6 0.9747 0.00 0.0M
109380.000 1973 COM2 65 0R0 307 3.3 11.6 88.4 0.9747 0.00 0.0M
109440.000 1973 COM2 65 0R0 291 4.1 11.6 88.0 0.9747 0.00 0.0M
109500.000 1973 COM2 65 0R0 298 2.5 11.6 88.1 0.9747 0.00 0.0M
109560.000 1973 COM2 65 0R0 291 1.7 11.5 87.1 0.9747 0.00 0.0M
109620.000 1973 COM2 65 0R0 311 1.8 11.4 87.1 0.9746 0.00 0.0M
109680.000 1973 COM2 65 0R0 276 4.0 11.4 88.2 0.9746 0.00 0.0M
109740.000 1973 COM2 65 0R0 271 1.8 11.4 87.8 0.9746 0.00 0.0M
109800.000 1973 COM2 65 0R0 281 0.5 11.4 87.7 0.9746 0.00 0.0M
109860.000 1973 COM2 65 0R0 276 1.6 11.4 88.1 0.9745 0.00 0.0M
109920.000 1973 COM2 65 0R0 290 3.6 11.4 86.9 0.9745 0.00 0.0M
109980.000 1973 COM2 65 0R0 268 2.1 11.3 87.1 0.9745 0.00 0.0M
110040.000 1973 COM2 65 0R0 304 2.7 11.3 86.6 0.9746 0.00 0.0M
110100.000 1973 COM2 65 0R0 294 4.2 11.3 86.9 0.9746 0.00 0.0M
110160.000 1973 COM2 65 0R0 303 1.0 11.3 86.9 0.9746 0.00 0.0M
110220.000 1973 COM2 65 0R0 295 6.4 11.3 86.3 0.9747 0.00 0.0M
110280.000 1973 COM2 65 0R0 260 1.7 11.3 85.6 0.9746 0.00 0.0M
110340.000 1973 COM2 65 0R0 149 1.1 11.3 86.4 0.9747 0.00 0.0M
110400.000 1973 COM2 65 0R0 270 1.8 11.3 86.1 0.9747 0.00 0.0M
110460.000 1973 COM2 65 0R0 292 2.9 11.3 85.1 0.9747 0.00 0.0M
110520.000 1973 COM2 65 0R0 282 3.9 11.3 84.1 0.9746 0.00 0.0M
110580.000 1973 COM2 65 0R0 283 2.2 11.2 83.3 0.9747 0.00 0.0M
110640.000 1973 COM2 65 0R0 293 4.6 11.2 83.6 0.9747 0.00 0.0M
110700.000 1973 COM2 65 0R0 282 2.5 11.2 83.9 0.9747 0.00 0.0M
110760.000 1973 COM2 65 0R0 227 2.8 11.2 84.7 0.9747 0.00 0.0M
110820.000 1973 COM2 65 0R0 277 5.2 11.2 84.3 0.9747 0.00 0.0M
110880.000 1973 COM2 65 0R0 286 3.1 11.2 83.7 0.9747 0.00 0.0M
110940.000 1973 COM2 65 0R0 173 1.4 11.2 84.1 0.9748 0.00 0.0M
111000.000 1973 COM2 65 0R0 288 5.1 11.2 82.4 0.9748 0.00 0.0M
111060.000 1973 COM2 65 0R0 284 1.6 11.2 84.4 0.9749 0.00 0.0M
111120.000 1973 COM2 65 0R0 213 0.7 11.2 84.5 0.9750 0.00 0.0M
111180.000 1973 COM2 65 0R0 301 1.6 11.2 83.7 0.9750 0.00 0.0M
111240.000 1973 COM2 65 0R0 242 1.4 11.2 82.8 0.9751 0.00 0.0M
111300.000 1973 COM2 65 0R0 249 3.3 11.2 83.3 0.9752 0.00 0.0M
111360.000 1973 COM2 65 0R0 248 1.7 11.2 84.4 0.9753 0.00 0.0M
111420.000 1973 COM2 65 0R0 236 4.9 11.2 84.3 0.9753 0.00 0.0M
111480.000 1973 COM2 65 0R0 268 3.0 11.1 83.9 0.9753 0.00 0.0M
111540.000 1973 COM2 65 0R0 256 4.0 11.1 84.6 0.9753 0.00 0.0M
111600.000 1973 COM2 65 0R0 279 0.9 11.0 84.7 0.9752 0.00 0.0M
111660.000 1973 COM2 65 0R0 271 1.7 11.0 85.0 0.9752 0.00 0.0M
111720.000 1973 COM2 65 0R0 270 3.0 10.9 84.6 0.9751 0.01 0.0M
111780.000 1973 COM2 65 0R0 293 3.1 10.9 84.2 0.9751 0.00 0.0M
111840.000 1973 COM2 65 0R0 272 3.4 10.8 84.2 0.9751 0.00 0.0M
111900.000 1973 COM2 65 0R0 268 0.4 10.7 85.8 0.9751 0.00 0.0M
111960.000 1973 COM2 65 0R0 281 3.1 10.7 85.9 0.9750 0.00 0.0M
112020.000 1973 COM2 65 0R0 272 1.3 10.6 85.4 0.9750 0.00 0.0M
112080.000 1973 COM2 65 0R0 273 3.0 10.5 85.2 0.9751 0.00 0.0M
112140.000 1973 COM2 65 0R0 268 3.1 10.5 86.1 0.9751 0.00 0.0M
112200.000 1973 COM2 65 0R0 275 2.9 10.5 86.8 0.9751 0.00 0.0M
112260.000 1973 COM2 65 0R0 242 2.5 10.4 86.9 0.9752 0.00 0.0M
112320.000 1973 COM2 65 0R0 284 5.7 10.4 86.6 0.9752 0.00 0.0M
112380.000 1973 COM2 65 0R0 292 2.6 10.3 86.7 0.9753 0.00 0.0M
112440.000 1973 COM2 65 0R0 280 4.7 10.3 87.4 0.9753 0.02 0.0M
112500.000 1973 COM2 65 0R0 307 3.3 10.3 86.4 0.9753 0.02 0.0M
112560.000 1973 COM2 65 0R0 257 2.1 10.2 87.2 0.9754 0.02 0.0M
112620.000 1973 COM2 65 0R0 224 2.1 10.2 87.3 0.9754 0.08 0.0M
112680.000 1973 COM2 65 0R0 295 1.9 10.2 87.1 0.9754 0.08 0.0M
112740.000 1973 COM2 65 0R0 305 2.5 10.2 87.2 0.9754 0.08 0.0M
112800.000 1973 COM2 65 0R0 254 1.0 10.2 87.7 0.9753 0.06 0.0M
112860.000 1973 COM2 65 0R0 259 1.3 10.1 87.3 0.9753 0.08 0.0M
112920.000 1973 COM2 65 0R0 308 5.5 10.1 87.5 0.9753 0.06 0.0M
112980.000 1973 COM2 65 0R0 295 1.7 10.1 87.5 0.9753 0.07 0.0M
113040.000 1973 COM2 65 0R0 255 2.3 10.1 87.7 0.9753 0.11 0.0M
113100.000 1973 COM2 65 0R0 351 2.3 10.1 88.2 0.9753 0.09 0.0M
113160.000 1973 COM2 65 0R0 285 2.5 10.1 88.6 0.9753 0.07 0.0M
113220.000 1973 COM2 65 0R0 287 4.2 10.1 88.1 0.9753 0.06 0.0M
113280.100 1973 COM2 65 0R0 314 4.2 10.0 87.3 0.9753 0.03 0.0M
113340.000 1973 COM2 65 0R0 269 4.0 10.0 88.4 0.9754 0.01 0.0M
113400.000 1973 COM2 64 0R0 280 0.9 9.9 88.3 0.9754 0.01 0.0M
113460.000 1973 COM2 64 0R0 250 1.2 9.9 88.4 0.9754 0.00 0.0M
113520.000 1973 COM2 64 0R0 281 1.7 9.9 88.8 0.9754 0.00 0.0M
113580.000 1973 COM2 64 0R0 282 0.6 9.9 88.4 0.9754 0.00 0.0M
113640.000 1973 COM2 64 0R0 312 4.2 9.9 88.6 0.9755 0.01 0.0M
113700.000 1973 COM2 64 0R0 296 2.9 9.9 88.5 0.9755 0.01 0.0M
113760.000 1973 COM2 64 0R0 301 1.4 9.8 88.5 0.9756 0.02 0.0M
113820.000 1973 COM2 64 0R0 284 4.7 9.8 88.4 0.9756 0.02 0.0M
113880.000 1973 COM2 64 0R0 269 2.4 9.8 88.1 0.9756 0.00 0.0M
113940.000 1973 COM2 64 0R0 226 1.5 9.8 88.9 0.9756 0.00 0.0M
114000.000 1973 COM2 64 0R0 216 1.1 9.9 88.9 0.9757 0.00 0.0M
114060.000 1973 COM2 64 0R0 279 3.6 9.9 87.9 0.9757 0.00 0.0M
114120.000 1973 COM2 64 0R0 278 6.4 9.8 87.8 0.9756 0.00 0.0M
114180.000 1973 COM2 64 0R0 230 2.8 9.8 87.8 0.9756 0.00 0.0M
114240.000 1973 COM2 64 0R0 269 1.5 9.8 87.6 0.9757 0.00 0.0M
114300.100 1973 COM2 64 0R0 219 1.1 9.8 88.0 0.9757 0.00 0.0M
114360.000 1973 COM2 64 0R0 301 2.7 9.8 88.2 0.9757 0.00 0.0M
114420.000 1973 COM2 64 0R0 270 2.3 9.8 88.2 0.9758 0.00 0.0M
114480.000 1973 COM2 64 0R0 282 2.0 9.8 87.3 0.9758 0.00 0.0M
114540.000 1973 COM2 64 0R0 276 1.6 9.8 87.6 0.9758 0.00 0.0M
114600.100 1973 COM2 64 0R0 287 1.4 9.8 88.2 0.9758 0.00 0.0M
114660.100 1973 COM2 64 0R0 331 1.9 9.8 88.5 0.9758 0.00 0.0M
114720.100 1973 COM2 64 0R0 304 2.6 9.8 87.9 0.9760 0.00 0.0M
114780.100 1973 COM2 64 0R0 298 2.5 9.8 87.3 0.9759 0.00 0.0M
114840.100 1973 COM2 64 0R0 291 2.7 9.8 88.2 0.9759 0.00 0.0M
114900.000 1973 COM2 64 0R0 256 3.6 9.8 87.6 0.9758 0.00 0.0M
114960.000 1973 COM2 64 0R0 249 1.3 9.8 87.9 0.9758 0.00 0.0M
115020.000 1973 COM2 64 0R0 229 1.7 9.8 87.8 0.9759 0.00 0.0M
115080.000 1973 COM2 64 0R0 281 6.3 9.8 87.8 0.9758 0.00 0.0M
115140.000 1973 COM2 64 0R0 284 4.9 9.7 87.5 0.9758 0.00 0.0M
115200.000 1973 COM2 64 0R0 267 2.6 9.7 87.9 0.9759 0.00 0.0M
115260.000 1973 COM2 64 0R0 237 1.5 9.7 88.0 0.9759 0.00 0.0M
115320.000 1973 COM2 64 0R0 285 5.5 9.7 87.6 0.9759 0.00 0.0M
115380.000 1973 COM2 64 0R0 258 4.5 9.7 87.6 0.9760 0.00 0.0M
115440.000 1973 COM2 64 0R0 226 1.6 9.7 87.5 0.9761 0.00 0.0M
115500.000 1973 COM2 64 0R0 221 0.8 9.6 87.7 0.9762 0.00 0.0M
115560.000 1973 COM2 64 0R0 248 1.8 9.6 87.8 0.9761 0.00 0.0M
115620.000 1973 COM2 64 0R0 260 3.3 9.6 87.9 0.9762 0.00 0.0M
115680.000 1973 COM2 64 0R0 267 1.5 9.6 87.9 0.9763 0.00 0.0M
115740.000 1973 COM2 64 0R0 244 1.6 9.6 88.0 0.9763 0.00 0.0M
115800.000 1973 COM2 64 0R0 284 2.1 9.6 88.5 0.9763 0.00 0.0M
115860.000 1973 COM2 64 0R0 275 4.1 9.7 88.6 0.9763 0.00 0.0M
115920.000 1973 COM2 64 0R0 270 3.7 9.6 88.1 0.9764 0.00 0.0M
115980.000 1973 COM2 64 0R0 278 3.9 9.6 88.3 0.9764 0.00 0.0M
116040.000 1973 COM2 64 0R0 236 1.6 9.6 88.1 0.9764 0.00 0.0M
116100.000 1973 COM2 64 0R0 264 2.8 9.6 88.5 0.9764 0.00 0.0M
116160.000 1973 COM2 64 0R0 291 2.6 9.6 88.3 0.9764 0.00 0.0M
116220.000 1973 COM2 64 0R0 267 4.2 9.6 87.7 0.9764 0.00 0.0M
116280.000 1973 COM2 64 0R0 271 4.2 9.6 87.9 0.9763 0.00 0.0M
116340.000 1973 COM2 64 0R0 315 2.5 9.6 87.6 0.9764 0.00 0.0M
116400.000 1973 COM2 64 0R0 286 6.3 9.6 87.7 0.9764 0.00 0.0M
116460.000 1973 COM2 64 0R0 270 2.4 9.6 87.8 0.9765 0.00 0.0M
116520.000 1973 COM2 64 0R0 311 3.5 9.6 87.5 0.9764 0.00 0.0M
116580.000 1973 COM2 64 0R0 291 3.7 9.5 87.5 0.9764 0.00 0.0M
116640.000 1973 COM2 64 0R0 307 4.3 9.5 87.0 0.9764 0.01 0.0M
116700.000 1973 COM2 64 0R0 078 0.7 9.5 87.7 0.9764 0.00 0.0M
116760.000 1973 COM2 64 0R0 273 4.4 9.5 87.7 0.9764 0.00 0.0M
116820.000 1973 COM2 64 0R0 224 1.0 9.5 88.0 0.9765 0.00 0.0M
116880.000 1973 COM2 64 0R0 256 1.5 9.5 88.1 0.9765 0.00 0.0M
116940.000 1973 COM2 64 0R0 291 5.2 9.5 87.7 0.9764 0.00 0.0M
117000.000 1973 COM2 64 0R0 257 1.5 9.5 87.7 0.9766 0.00 0.0M
117060.000 1973 COM2 64 0R0 293 5.7 9.4 87.9 0.9766 0.00 0.0M
117120.000 1973 COM2 64 0R0 270 3.7 9.4 87.8 0.9767 0.00 0.0M
117180.000 1973 COM2 64 0R0 228 1.8 9.4 87.9 0.9768 0.00 0.0M
117240.000 1973 COM2 64 0R0 103 1.1 9.4 88.0 0.9769 0.00 0.0M
117300.000 1973 COM2 64 0R0 289 5.0 9.4 88.1 0.9770 0.00 0.0M
117360.000 1973 COM2 64 0R0 253 2.0 9.4 88.3 0.9770 0.00 0.0M
117420.000 1973 COM2 64 0R0 274 1.3 9.4 87.9 0.9771 0.00 0.0M
117480.000 1973 COM2 64 0R0 274 0.9 9.4 88.0 0.9772 0.00 0.0M
117540.000 1973 COM2 64 0R0 270 3.2 9.4 87.8 0.9772 0.00 0.0M
117600.000 1973 COM2 64 0R0 288 2.5 9.4 87.7 0.9772 0.00 0.0M
117660.000 1973 COM2 64 0R0 230 1.6 9.4 87.2 0.9774 0.00 0.0M
117720.000 1973 COM2 64 0R0 283 5.5 9.4 87.1 0.9774 0.00 0.0M
117780.000 1973 COM2 64 0R0 258 4.4 9.4 87.0 0.9774 0.00 0.0M
117840.000 1973 COM2 64 0R0 288 4.6 9.3 86.8 0.9775 0.00 0.0M
117900.000 1973 COM2 64 0R0 251 7.5 9.3 86.6 0.9775 0.00 0.0M
117960.000 1973 COM2 64 0R0 257 1.8 9.3 86.7 0.9776 0.00 0.0M
118020.000 1973 COM2 64 0R0 248 4.8 9.3 86.9 0.9776 0.00 0.0M
118080.000 1973 COM2 64 0R0 259 3.1 9.3 87.2 0.9777 0.00 0.0M
118140.000 1973 COM2 64 0R0 287 2.1 9.3 87.4 0.9777 0.00 0.0M
118200.000 1973 COM2 64 0R0 234 2.2 9.3 87.5 0.9778 0.00 0.0M
118260.000 1973 COM2 64 0R0 280 1.8 9.3 87.7 0.9778 0.00 0.0M
118320.000 1973 COM2 64 0R0 251 1.3 9.4 87.7 0.9778 0.00 0.0M
118380.000 1973 COM2 64 0R0 225 2.2 9.3 87.2 0.9778 0.00 0.0M
118440.000 1973 COM2 64 0R0 250 1.0 9.3 87.6 0.9779 0.00 0.0M
118500.000 1973 COM2 64 0R0 282 3.1 9.3 87.4 0.9779 0.00 0.0M
118560.000 1973 COM2 64 0R0 299 2.5 9.3 87.4 0.9779 0.00 0.0M
118620.000 1973 COM2 64 0R0 291 4.9 9.3 87.1 0.9779 0.00 0.0M
118680.000 1973 COM2 64 0R0 246 3.3 9.3 87.1 0.9779 0.00 0.0M
118740.000 1973 COM2 64 0R0 298 3.5 9.2 87.0 0.9779 0.00 0.0M
118800.000 1973 COM2 64 0R0 219 2.7 9.3 86.9 0.9779 0.00 0.0M
118860.000 1973 COM2 64 0R0 304 6.0 9.3 87.3 0.9779 0.00 0.0M
118920.000 1973 COM2 64 0R0 233 1.8 9.2 87.0 0.9780 0.00 0.0M
118980.000 1973 COM2 64 0R0 297 2.1 9.2 87.5 0.9780 0.00 0.0M
119040.000 1973 COM2 64 0R0 286 2.5 9.3 87.5 0.9779 0.00 0.0M
119100.000 1973 COM2 64 0R0 196 1.5 9.3 87.9 0.9780 0.00 0.0M
119160.000 1973 COM2 64 0R0 281 2.6 9.3 87.3 0.9781 0.00 0.0M
119220.000 1973 COM2 64 0R0 298 0.8 9.3 87.4 0.9781 0.00 0.0M
119280.000 1973 COM2 64 0R0 290 1.3 9.3 87.2 0.9781 0.00 0.0M
119340.000 1973 COM2 64 0R0 258 2.9 9.3 87.3 0.9782 0.00 0.0M
119400.000 1973 COM2 64 0R0 274 3.9 9.3 87.6 0.9783 0.00 0.0M
119460.000 1973 COM2 64 0R0 266 2.9 9.3 87.8 0.9783 0.00 0.0M
119520.000 1973 COM2 64 0R0 265 1.5 9.3 88.4 0.9783 0.00 0.0M
119580.000 1973 COM2 64 0R0 320 1.4 9.3 88.6 0.9784 0.00 0.0M
119640.000 1973 COM2 64 0R0 308 2.2 9.3 88.3 0.9784 0.00 0.0M
119700.000 1973 COM2 64 0R0 306 3.6 9.2 88.1 0.9784 0.00 0.0M
119760.000 1973 COM2 64 0R0 271 2.0 9.2 88.5 0.9785 0.00 0.0M
119820.000 1973 COM2 64 0R0 207 1.2 9.2 88.3 0.9785 0.00 0.0M
119880.000 1973 COM2 64 0R0 282 4.5 9.2 88.3 0.9785 0.00 0.0M
119940.000 1973 COM2 64 0R0 240 2.6 9.1 88.0 0.9786 0.00 0.0M
120000.000 1973 COM2 64 0R0 237 2.5 9.0 88.0 0.9786 0.00 0.0M
120060.000 1973 COM2 64 0R0 242 3.0 9.0 87.3 0.9786 0.00 0.0M
120120.000 1973 COM2 64 0R0 280 1.4 8.9 87.9 0.9787 0.00 0.0M
120180.000 1973 COM2 64 0R0 293 5.6 8.9 87.7 0.9788 0.00 0.0M
120240.000 1973 COM2 64 0R0 263 5.7 8.9 88.0 0.9788 0.00 0.0M
120300.000 1973 COM2 64 0R0 272 6.2 8.9 88.0 0.9789 0.00 0.0M
120360.000 1973 COM2 64 0R0 296 2.7 8.9 87.8 0.9788 0.00 0.0M
120420.000 1973 COM2 64 0R0 247 3.8 8.8 87.8 0.9790 0.00 0.0M
120480.000 1973 COM2 64 0R0 257 8.2 8.8 87.6 0.9790 0.00 0.0M
120540.000 1973 COM2 64 0R0 239 2.4 8.8 87.3 0.9790 0.00 0.0M
120600.000 1973 COM2 64 0R0 224 1.7 8.7 87.6 0.9791 0.00 0.0M
120660.000 1973 COM2 64 0R0 240 1.2 8.7 87.4 0.9791 0.00 0.0M
120720.000 1973 COM2 64 0R0 287 4.3 8.7 87.4 0.9792 0.00 0.0M
120780.000 1973 COM2 64 0R0 251 6.9 8.7 87.5 0.9792 0.00 0.0M
120840.000 1973 COM2 64 0R0 263 8.0 8.7 87.1 0.9792 0.00 0.0M
120900.000 1973 COM2 64 0R0 233 3.1 8.6 86.9 0.9793 0.00 0.0M
120960.000 1973 COM2 64 0R0 228 1.0 8.6 86.9 0.9794 0.00 0.0M
121020.000 1973 COM2 64 0R0 257 2.2 8.6 87.0 0.9794 0.00 0.0M
121080.000 1973 COM2 64 0R0 162 1.7 8.6 87.2 0.9794 0.00 0.0M
121140.000 1973 COM2 64 0R0 281 4.9 8.6 86.9 0.9793 0.00 0.0M
121200.000 1973 COM2 64 0R0 313 1.1 8.6 87.3 0.9795 0.00 0.0M
121260.000 1973 COM2 64 0R0 298 3.4 8.6 86.8 0.9795 0.01 0.0M
121320.000 1973 COM2 64 0R0 263 3.3 8.5 87.1 0.9796 0.03 0.0M
121380.000 1973 COM2 64 0R0 241 3.0 8.5 86.5 0.9795 0.07 0.0M
121440.000 1973 COM2 64 0R0 217 1.5 8.5 87.4 0.9796 0.03 0.0M
121500.000 1973 COM2 64 0R0 263 1.3 8.5 87.6 0.9797 0.02 0.0M
121560.000 1973 COM2 64 0R0 244 2.1 8.5 87.9 0.9798 0.03 0.0M
121620.000 1973 COM2 64 0R0 259 6.0 8.4 87.8 0.9798 0.02 0.0M
121680.000 1973 COM2 64 0R0 270 2.6 8.4 87.4 0.9798 0.02 0.0M
121740.000 1973 COM2 64 0R0 320 2.5 8.4 87.5 0.9798 0.00 0.0M
121800.000 1973 COM2 64 0R0 308 2.9 8.3 87.6 0.9798 0.02 0.0M
121860.000 1973 COM2 64 0R0 202 3.4 8.3 88.2 0.9799 0.01 0.0M
121920.000 1973 COM2 64 0R0 336 2.5 8.3 88.3 0.9800 0.02 0.0M
121980.000 1973 COM2 64 0R0 282 2.1 8.3 88.0 0.9800 0.02 0.0M
122040.000 1973 COM2 64 0R0 295 4.2 8.3 87.7 0.9800 0.05 0.0M
122100.000 1973 COM2 64 0R0 338 1.1 8.3 87.9 0.9800 0.02 0.0M
122160.000 1973 COM2 64 0R0 300 5.3 8.3 87.9 0.9801 0.01 0.0M
122220.000 1973 COM2 64 0R0 246 4.7 8.3 88.1 0.9801 0.01 0.0M
122280.000 1973 COM2 64 0R0 293 3.0 8.3 87.4 0.9801 0.02 0.0M
122340.000 1973 COM2 64 0R0 258 3.0 8.2 87.4 0.9802 0.04 0.0M
122400.000 1973 COM2 64 0R0 253 2.3 8.2 87.6 0.9803 0.03 0.0M
122460.000 1973 COM2 64 0R0 282 4.8 8.2 87.6 0.9803 0.02 0.0M
122520.000 1973 COM2 64 0R0 269 3.6 8.2 87.0 0.9803 0.03 0.0M
122580.000 1973 COM2 64 0R0 248 2.2 8.1 87.2 0.9804 0.02 0.0M
122640.000 1973 COM2 64 0R0 223 1.8 8.1 87.7 0.9804 0.03 0.0M
122700.000 1973 COM2 64 0R0 275 3.9 8.1 87.2 0.9804 0.04 0.0M
122760.000 1973 COM2 64 0R0 224 2.4 8.1 87.2 0.9804 0.03 0.0M
122820.000 1973 COM2 64 0R0 193 1.6 8.1 87.2 0.9805 0.03 0.0M
122880.000 1973 COM2 64 0R0 230 1.6 8.1 87.6 0.9806 0.02 0.0M
122940.000 1973 COM2 64 0R0 225 1.6 8.1 87.9 0.9807 0.04 0.0M
123000.000 1973 COM2 64 0R0 231 3.8 8.0 87.3 0.9806 0.03 0.0M
123060.000 1973 COM2 64 0R0 292 1.2 8.0 87.7 0.9807 0.02 0.0M
123120.000 1973 COM2 64 0R0 279 4.9 8.0 86.7 0.9808 0.02 0.0M
123180.000 1973 COM2 64 0R0 253 3.9 7.9 87.0 0.9807 0.01 0.0M
123240.000 1973 COM2 64 0R0 232 3.9 7.9 87.4 0.9809 0.00 0.0M
123300.000 1973 COM2 64 0R0 276 5.8 7.9 86.8 0.9809 0.01 0.0M
123360.000 1973 COM2 64 0R0 229 2.9 7.9 86.7 0.9809 0.00 0.0M
123420.000 1973 COM2 64 0R0 300 1.6 7.9 86.8 0.9809 0.04 0.0M
123480.000 1973 COM2 64 0R0 241 2.1 7.8 86.3 0.9809 0.00 0.0M
123540.000 1973 COM2 64 0R0 270 5.4 7.8 87.0 0.9810 0.01 0.0M
123600.000 1973 COM2 64 0R0 279 7.8 7.9 85.8 0.9808 0.00 0.0M
123660.000 1973 COM2 64 0R0 262 2.2 7.8 84.9 0.9811 0.01 0.0M
123720.000 1973 COM2 64 0R0 285 4.2 7.8 84.1 0.9810 0.00 0.0M
123780.000 1973 COM2 64 0R0 261 7.3 7.8 84.6 0.9810 0.01 0.0M
123840.000 1973 COM2 64 0R0 285 2.4 7.8 84.5 0.9812 0.00 0.0M
123900.000 1973 COM2 64 0R0 231 5.9 7.8 84.8 0.9812 0.00 0.0M
123960.000 1973 COM2 64 0R0 265 3.9 7.8 83.9 0.9812 0.00 0.0M
124020.000 1973 COM2 64 0R0 307 1.6 7.8 84.4 0.9813 0.01 0.0M
124080.000 1973 COM2 64 0R0 288 2.3 7.8 84.6 0.9813 0.01 0.0M
124140.000 1973 COM2 64 0R0 237 3.2 7.7 84.2 0.9813 0.00 0.0M
124200.000 1973 COM2 64 0R0 205 2.2 7.7 83.8 0.9815 0.01 0.0M
124260.000 1973 COM2 64 0R0 244 3.5 7.7 84.5 0.9813 0.00 0.0M
124320.000 1973 COM2 64 0R0 227 3.5 7.7 84.7 0.9815 0.01 0.0M
124380.000 1973 COM2 64 0R0 272 4.8 7.7 84.5 0.9816 0.00 0.0M
124440.000 1973 COM2 64 0R0 265 6.2 7.6 84.3 0.9816 0.01 0.0M
124500.000 1973 COM2 64 0R0 243 5.0 7.6 83.2 0.9815 0.01 0.0M
124560.000 1973 COM2 64 0R0 232 5.1 7.6 83.2 0.9816 0.00 0.0M
124620.000 1973 COM2 64 0R0 261 6.1 7.5 83.0 0.9818 0.01 0.0M
124680.000 1973 COM2 64 0R0 244 3.1 7.5 82.2 0.9817 0.02 0.0M
124740.000 1973 COM2 64 0R0 256 2.0 7.5 83.3 0.9818 0.01 0.0M
124800.000 1973 COM2 64 0R0 244 5.6 7.4 82.7 0.9820 0.01 0.0M
124860.000 1973 COM2 64 0R0 251 2.8 7.4 83.2 0.9820 0.01 0.0M
124920.000 1973 COM2 64 0R0 278 3.0 7.4 82.0 0.9819 0.03 0.0M
124980.000 1973 COM2 64 0R0 295 2.5 7.3 81.5 0.9820 0.04 0.0M
125040.000 1973 COM2 64 0R0 244 2.9 7.3 82.5 0.9820 0.03 0.0M
125100.000 1973 COM2 64 0R0 175 2.1 7.3 82.5 0.9821 0.04 0.0M
125160.000 1973 COM2 64 0R0 209 3.6 7.3 82.5 0.9821 0.11 0.0M
125220.100 1973 COM2 64 0R0 265 5.9 7.3 82.2 0.9822 0.12 0.0M
125280.000 1973 COM2 64 0R0 279 9.2 7.2 81.2 0.9822 0.29 0.0M
125340.000 1973 COM2 64 0R0 251 2.9 7.1 83.9 0.9823 0.13 0.0M
125400.000 1973 COM2 64 0R0 288 6.2 7.1 83.9 0.9823 0.10 0.0M
125460.000 1973 COM2 64 0R0 282 4.6 7.0 84.2 0.9823 0.13 0.0M
125520.000 1973 COM2 64 0R0 275 2.2 6.9 84.3 0.9825 0.08 0.0M
125580.000 1973 COM2 64 0R0 264 2.7 6.9 84.8 0.9825 0.13 0.0M
125640.000 1973 COM2 64 0R0 273 3.9 6.9 83.9 0.9825 0.07 0.0M
125700.000 1973 COM2 64 0R0 301 5.3 6.8 83.4 0.9825 0.06 0.0M
125760.000 1973 COM2 64 0R0 329 2.3 6.8 83.7 0.9826 0.05 0.0M
125820.000 1973 COM2 64 0R0 195 3.2 6.8 83.1 0.9824 0.09 0.0M
125880.000 1973 COM2 64 0R0 277 7.5 6.8 82.8 0.9826 0.11 0.0M
125940.000 1973 COM2 64 0R0 298 7.2 6.8 82.5 0.9825 0.06 0.0M
126000.000 1973 COM2 64 0R0 264 2.4 6.8 82.9 0.9828 0.04 0.0M
126060.000 1973 COM2 64 0R0 269 9.2 6.8 81.2 0.9825 0.06 0.0M
126120.000 1973 COM2 64 0R0 241 3.0 6.8 82.7 0.9828 0.06 0.0M
126180.000 1973 COM2 64 0R0 261 4.7 6.8 82.3 0.9829 0.04 0.0M
126240.000 1973 COM2 64 0R0 240 3.7 6.8 82.2 0.9829 0.04 0.0M
126300.100 1973 COM2 64 0R0 275 5.9 6.8 83.1 0.9830 0.02 0.0M
126360.000 1973 COM2 64 0R0 283 4.4 6.8 82.3 0.9830 0.00 0.0M
126420.000 1973 COM2 64 0R0 292 5.9 6.7 81.9 0.9830 0.00 0.0M
126480.000 1973 COM2 64 0R0 283 4.9 6.8 82.6 0.9832 0.00 0.0M
126540.000 1973 COM2 64 0R0 254 2.1 6.8 82.6 0.9832 0.00 0.0M
126600.000 1973 COM2 64 0R0 220 4.5 6.8 82.1 0.9832 0.00 0.0M
126660.000 1973 COM2 64 0R0 232 4.2 6.8 82.0 0.9831 0.00 0.0M
126720.000 1973 COM2 64 0R0 245 2.3 6.8 80.7 0.9833 0.00 0.0M
126780.000 1973 COM2 64 0R0 275 2.9 6.8 80.4 0.9833 0.00 0.0M
126840.000 1973 COM2 64 0R0 222 2.5 6.9 80.6 0.9834 0.00 0.0M
126900.000 1973 COM2 64 0R0 303 3.3 6.9 79.7 0.9834 0.00 0.0M
126960.000 1973 COM2 64 0R0 272 2.4 6.9 81.1 0.9836 0.00 0.0M
127020.000 1973 COM2 64 0R0 227 3.6 6.9 79.9 0.9835 0.00 0.0M
127080.000 1973 COM2 64 0R0 249 2.6 6.9 80.2 0.9836 0.00 0.0M
127140.000 1973 COM2 64 0R0 231 3.9 6.9 80.1 0.9836 0.00 0.0M
127200.000 1973 COM2 64 0R0 184 1.7 6.9 80.1 0.9838 0.00 0.0M
127260.000 1973 COM2 64 0R0 190 1.1 6.9 80.6 0.9837 0.00 0.0M
127320.000 1973 COM2 64 0R0 232 1.1 6.9 80.3 0.9838 0.00 0.0M
127380.000 1973 COM2 64 0R0 290 5.0 6.9 80.8 0.9839 0.00 0.0M
127440.000 1973 COM2 64 0R0 258 3.4 6.9 80.5 0.9838 0.00 0.0M
127500.000 1973 COM2 64 0R0 274 4.2 6.9 79.9 0.9840 0.00 0.0M
127560.000 1973 COM2 64 0R0 271 5.0 7.0 79.0 0.9839 0.00 0.0M
127620.000 1973 COM2 64 0R0 287 3.6 6.9 78.8 0.9839 0.00 0.0M
127680.000 1973 COM2 64 0R0 296 5.1 7.0 79.5 0.9840 0.00 0.0M
127740.000 1973 COM2 64 0R0 296 2.7 7.0 78.5 0.9841 0.00 0.0M
127800.000 1973 COM2 64 0R0 277 7.3 7.0 78.8 0.9840 0.00 0.0M
127860.000 1973 COM2 64 0R0 235 1.9 7.0 77.7 0.9841 0.00 0.0M
127920.000 1973 COM2 64 0R0 299 1.9 7.0 78.5 0.9841 0.00 0.0M
127980.000 1973 COM2 64 0R0 264 3.2 7.0 77.8 0.9841 0.00 0.0M
128040.000 1973 COM2 64 0R0 262 4.1 7.0 78.6 0.9842 0.00 0.0M
128100.000 1973 COM2 64 0R0 248 2.0 7.1 78.4 0.9843 0.00 0.0M
128160.000 1973 COM2 64 0R0 286 5.6 7.1 77.6 0.9842 0.00 0.0M
128220.000 1973 COM2 64 0R0 268 4.4 7.1 78.3 0.9843 0.00 0.0M
128280.000 1973 COM2 64 0R0 278 4.3 7.1 77.2 0.9844 0.00 0.0M
128340.000 1973 COM2 64 0R0 239 3.0 7.1 76.5 0.9843 0.00 0.0M
128400.000 1973 COM2 64 0R0 238 1.9 7.1 77.4 0.9844 0.00 0.0M
128460.000 1973 COM2 64 0R0 271 6.3 7.1 76.9 0.9844 0.00 0.0M
128520.000 1973 COM2 64 0R0 243 1.6 7.2 76.8 0.9845 0.00 0.0M
128580.000 1973 COM2 64 0R0 240 3.6 7.2 76.8 0.9845 0.00 0.0M
128640.000 1973 COM2 64 0R0 247 3.9 7.2 76.4 0.9845 0.00 0.0M
128700.000 1973 COM2 64 0R0 268 3.7 7.3 76.9 0.9846 0.00 0.0M
128760.000 1973 COM2 64 0R0 277 4.7 7.3 76.8 0.9846 0.00 0.0M
128820.000 1973 COM2 64 0R0 285 4.9 7.3 75.8 0.9847 0.00 0.0M
128880.000 1973 COM2 64 0R0 334 3.4 7.3 76.9 0.9847 0.00 0.0M
128940.000 1973 COM2 64 0R0 260 5.8 7.3 76.5 0.9848 0.00 0.0M
129000.000 1973 COM2 64 0R0 261 3.0 7.3 76.9 0.9847 0.00 0.0M
129060.000 1973 COM2 64 0R0 250 4.9 7.3 76.9 0.9850 0.00 0.0M
129120.000 1973 COM2 64 0R0 271 5.0 7.3 76.4 0.9847 0.00 0.0M
129180.000 1973 COM2 64 0R0 290 4.6 7.3 76.5 0.9850 0.00 0.0M
129240.000 1973 COM2 64 0R0 205 1.6 7.3 77.5 0.9850 0.00 0.0M
129300.000 1973 COM2 64 0R0 218 2.3 7.3 77.0 0.9851 0.00 0.0M
129360.000 1973 COM2 64 0R0 294 3.0 7.4 77.1 0.9852 0.00 0.0M
129420.000 1973 COM2 64 0R0 212 2.0 7.3 76.6 0.9852 0.00 0.0M
129480.000 1973 COM2 64 0R0 246 3.4 7.4 76.7 0.9852 0.00 0.0M
129540.000 1973 COM2 64 0R0 207 1.8 7.4 77.3 0.9852 0.00 0.0M
129600.000 1973 COM2 64 0R0 236 4.0 7.4 76.8 0.9853 0.00 0.0M
129660.000 1973 COM2 64 0R0 268 1.6 7.4 76.4 0.9854 0.00 0.0M
129720.000 1973 COM2 64 0R0 273 3.8 7.4 76.2 0.9854 0.00 0.0M
129780.100 1973 COM2 64 0R0 247 4.9 7.4 76.6 0.9854 0.00 0.0M
129840.000 1973 COM2 64 0R0 262 4.8 7.4 76.7 0.9855 0.00 0.0M
129900.000 1973 COM2 64 0R0 266 4.4 7.4 76.3 0.9855 0.00 0.0M
129960.000 1973 COM2 64 0R0 272 3.7 7.5 76.7 0.9856 0.00 0.0M
130020.000 1973 COM2 64 0R0 285 5.4 7.5 77.1 0.9857 0.00 0.0M
130080.000 1973 COM2 64 0R0 259 1.7 7.5 76.9 0.9857 0.00 0.0M
130140.000 1973 COM2 64 0R0 290 3.7 7.5 77.1 0.9857 0.00 0.0M
130200.000 1973 COM2 64 0R0 245 3.4 7.5 77.1 0.9857 0.00 0.0M
130260.000 1973 COM2 64 0R0 258 2.3 7.6 76.5 0.9857 0.00 0.0M
130320.000 1973 COM2 64 0R0 308 3.5 7.6 75.3 0.9858 0.00 0.0M
130380.000 1973 COM2 64 0R0 262 2.4 7.6 76.6 0.9859 0.00 0.0M
130440.000 1973 COM2 64 0R0 243 4.1 7.6 76.4 0.9859 0.00 0.0M
130500.000 1973 COM2 64 0R0 292 2.2 7.6 76.3 0.9860 0.00 0.0M
130560.000 1973 COM2 64 0R0 273 2.4 7.7 76.1 0.9860 0.00 0.0M
130620.000 1973 COM2 64 0R0 247 4.2 7.7 76.7 0.9861 0.00 0.0M
130680.000 1973 COM2 64 0R0 222 3.0 7.7 75.6 0.9860 0.00 0.0M
130740.000 1973 COM2 64 0R0 255 4.7 7.7 75.1 0.9859 0.00 0.0M
130800.000 1973 COM2 64 0R0 240 4.4 7.7 76.2 0.9861 0.00 0.0M
130860.000 1973 COM2 64 0R0 272 3.1 7.8 76.2 0.9861 0.00 0.0M
130920.000 1973 COM2 64 0R0 228 3.2 7.8 75.9 0.9861 0.00 0.0M
130980.000 1973 COM2 64 0R0 296 3.6 7.8 75.5 0.9862 0.00 0.0M
131040.000 1973 COM2 64 0R0 211 1.3 7.8 75.5 0.9863 0.00 0.0M
131100.000 1973 COM2 64 0R0 179 0.9 7.9 75.2 0.9863 0.00 0.0M
131160.000 1973 COM2 64 0R0 244 3.8 7.9 75.4 0.9863 0.00 0.0M
131220.000 1973 COM2 64 0R0 252 2.0 7.9 76.4 0.9863 0.00 0.0M
131280.000 1973 COM2 64 0R0 229 3.2 7.9 76.1 0.9864 0.00 0.0M
131340.000 1973 COM2 64 0R0 232 3.0 7.9 76.4 0.9864 0.00 0.0M
131400.000 1973 COM2 64 0R0 242 3.5 7.9 75.5 0.9864 0.00 0.0M
131460.000 1973 COM2 64 0R0 237 2.7 8.0 75.7 0.9865 0.00 0.0M
131520.000 1973 COM2 64 0R0 252 3.2 8.0 75.8 0.9866 0.00 0.0M
131580.000 1973 COM2 64 0R0 254 2.9 8.0 75.5 0.9864 0.00 0.0M
131640.000 1973 COM2 64 0R0 318 1.9 8.0 76.1 0.9866 0.00 0.0M
131700.000 1973 COM2 64 0R0 236 0.9 8.0 76.2 0.9866 0.00 0.0M
131760.000 1973 COM2 64 0R0 238 2.7 8.0 76.0 0.9866 0.00 0.0M
131820.000 1973 COM2 64 0R0 244 2.8 8.1 76.5 0.9867 0.00 0.0M
131880.000 1973 COM2 64 0R0 246 4.6 8.1 76.0 0.9866 0.00 0.0M
131940.000 1973 COM2 64 0R0 276 4.6 8.1 76.6 0.9867 0.00 0.0M
132000.000 1973 COM2 64 0R0 251 4.1 8.1 75.9 0.9868 0.00 0.0M
132060.000 1973 COM2 64 0R0 263 4.2 8.1 75.9 0.9868 0.00 0.0M
132120.000 1973 COM2 64 0R0 279 4.0 8.1 75.4 0.9869 0.00 0.0M
132180.000 1973 COM2 64 0R0 250 5.4 8.1 75.5 0.9868 0.00 0.0M
132240.000 1973 COM2 64 0R0 240 1.6 8.1 75.5 0.9869 0.00 0.0M
132300.000 1973 COM2 64 0R0 279 3.6 8.1 75.5 0.9869 0.00 0.0M
132360.000 1973 COM2 64 0R0 237 4.8 8.1 75.5 0.9870 0.00 0.0M
132420.000 1973 COM2 64 0R0 257 6.7 8.2 76.1 0.9869 0.00 0.0M
132480.000 1973 COM2 64 0R0 237 3.3 8.2 74.8 0.9870 0.00 0.0M
132540.000 1973 COM2 64 0R0 232 2.8 8.2 75.0 0.9869 0.00 0.0M
132600.000 1973 COM2 64 0R0 298 4.1 8.2 74.3 0.9870 0.00 0.0M
132660.000 1973 COM2 64 0R0 231 3.8 8.2 76.0 0.9870 0.00 0.0M
132720.000 1973 COM2 64 0R0 282 4.1 8.3 74.1 0.9870 0.00 0.0M
132780.000 1973 COM2 64 0R0 278 1.1 8.3 75.2 0.9871 0.00 0.0M
132840.000 1973 COM2 64 0R0 242 2.8 8.3 74.9 0.9872 0.00 0.0M
132900.000 1973 COM2 64 0R0 234 3.2 8.4 74.1 0.9871 0.00 0.0M
132960.000 1973 COM2 64 0R0 258 2.8 8.4 74.4 0.9872 0.00 0.0M
133020.000 1973 COM2 64 0R0 275 2.0 8.4 74.2 0.9872 0.00 0.0M
133080.000 1973 COM2 64 0R0 291 3.3 8.5 73.8 0.9873 0.00 0.0M
133140.000 1973 COM2 64 0R0 241 3.8 8.5 73.1 0.9873 0.00 0.0M
133200.000 1973 COM2 64 0R0 282 5.1 8.5 72.4 0.9873 0.00 0.0M
133260.000 1973 COM2 64 0R0 291 3.9 8.6 72.6 0.9874 0.00 0.0M
133320.000 1973 COM2 64 0R0 250 4.4 8.6 72.8 0.9874 0.00 0.0M
133380.000 1973 COM2 64 0R0 237 2.0 8.6 72.8 0.9875 0.00 0.0M
133440.000 1973 COM2 64 0R0 245 3.3 8.7 73.1 0.9875 0.00 0.0M
133500.000 1973 COM2 64 0R0 256 4.3 8.7 72.2 0.9875 0.00 0.0M
133560.000 1973 COM2 64 0R0 283 3.3 8.7 72.2 0.9876 0.00 0.0M
133620.000 1973 COM2 64 0R0 187 2.4 8.7 71.6 0.9877 0.00 0.0M
133680.000 1973 COM2 64 0R0 282 4.6 8.8 71.2 0.9876 0.00 0.0M
133740.000 1973 COM2 64 0R0 253 3.4 8.8 70.9 0.9877 0.00 0.0M
133800.000 1973 COM2 64 0R0 252 5.2 8.9 71.0 0.9877 0.00 0.0M
133860.000 1973 COM2 64 0R0 242 2.7 8.9 69.8 0.9877 0.00 0.0M
133920.000 1973 COM2 64 0R0 260 2.7 8.9 69.4 0.9878 0.00 0.0M
133980.000 1973 COM2 64 0R0 246 3.4 8.9 70.1 0.9878 0.00 0.0M
134040.000 1973 COM2 64 0R0 250 1.8 9.0 69.4 0.9879 0.00 0.0M
134100.000 1973 COM2 64 0R0 229 1.9 9.0 69.7 0.9879 0.00 0.0M
134160.000 1973 COM2 64 0R0 246 7.1 9.0 68.8 0.9879 0.00 0.0M
134220.000 1973 COM2 64 0R0 287 2.9 9.1 68.9 0.9880 0.00 0.0M
134280.000 1973 COM2 64 0R0 312 3.2 9.1 69.2 0.9880 0.00 0.0M
134340.000 1973 COM2 64 0R0 219 1.4 9.1 68.1 0.9879 0.00 0.0M
134400.000 1973 COM2 64 0R0 252 3.6 9.2 67.8 0.9880 0.00 0.0M
134460.000 1973 COM2 64 0R0 275 3.4 9.2 67.8 0.9880 0.00 0.0M
134520.100 1973 COM2 64 0R0 250 3.9 9.3 67.6 0.9881 0.00 0.0M
134580.000 1973 COM2 64 0R0 247 4.1 9.3 67.5 0.9881 0.00 0.0M
134640.100 1973 COM2 64 0R0 277 4.1 9.3 66.7 0.9880 0.00 0.0M
134700.100 1973 COM2 64 0R0 232 3.3 9.3 66.7 0.9881 0.00 0.0M
134760.100 1973 COM2 64 0R0 236 5.7 9.3 66.2 0.9880 0.00 0.0M
134820.100 1973 COM2 64 0R0 295 2.9 9.3 65.6 0.9880 0.00 0.0M
134880.100 1973 COM2 64 0R0 255 3.5 9.4 65.7 0.9881 0.00 0.0M
134940.100 1973 COM2 64 0R0 292 5.0 9.4 66.4 0.9881 0.00 0.0M
135000.100 1973 COM2 64 0R0 205 3.1 9.4 66.5 0.9881 0.00 0.0M
135060.100 1973 COM2 64 0R0 269 5.0 9.4 66.2 0.9882 0.00 0.0M
135120.100 1973 COM2 64 0R0 236 4.1 9.4 66.2 0.9882 0.00 0.0M
135180.100 1973 COM2 64 0R0 262 2.2 9.4 65.5 0.9883 0.00 0.0M
135240.100 1973 COM2 64 0R0 272 4.8 9.4 65.5 0.9883 0.00 0.0M
135300.100 1973 COM2 64 0R0 269 2.4 9.5 66.5 0.9883 0.00 0.0M
135360.100 1973 COM2 64 0R0 267 4.3 9.5 65.2 0.9884 0.00 0.0M
135420.100 1973 COM2 64 0R0 298 7.4 9.5 64.7 0.9884 0.00 0.0M
135480.100 1973 COM2 64 0R0 252 4.4 9.5 63.3 0.9883 0.00 0.0M
135540.000 1973 COM2 64 0R0 242 5.4 9.5 64.6 0.9884 0.00 0.0M
135600.000 1973 COM2 64 0R0 264 3.3 9.6 63.5 0.9884 0.00 0.0M
135660.000 1973 COM2 64 0R0 286 3.6 9.6 63.2 0.9884 0.00 0.0M
135720.000 1973 COM2 64 0R0 249 3.5 9.6 63.5 0.9885 0.00 0.0M
135780.000 1973 COM2 64 0R0 301 3.6 9.6 63.5 0.9885 0.00 0.0M
135840.000 1973 COM2 64 0R0 269 2.4 9.6 64.4 0.9885 0.00 0.0M
135900.000 1973 COM2 64 0R0 252 4.5 9.6 64.1 0.9886 0.00 0.0M
135960.000 1973 COM2 64 0R0 216 1.7 9.6 64.7 0.9886 0.00 0.0M
136020.000 1973 COM2 64 0R0 271 2.5 9.7 64.2 0.9887 0.00 0.0M
136080.000 1973 COM2 64 0R0 324 0.8 9.7 64.7 0.9887 0.00 0.0M
136140.000 1973 COM2 64 0R0 293 3.6 9.7 63.0 0.9888 0.00 0.0M
136200.000 1973 COM2 64 0R0 258 3.1 9.7 64.0 0.9888 0.00 0.0M
136260.000 1973 COM2 64 0R0 269 4.4 9.7 63.1 0.9889 0.00 0.0M
136320.000 1973 COM2 64 0R0 271 4.2 9.7 62.7 0.9888 0.00 0.0M
136380.000 1973 COM2 64 0R0 253 5.0 9.8 62.2 0.9889 0.00 0.0M
136440.000 1973 COM2 64 0R0 275 8.6 9.8 62.0 0.9888 0.00 0.0M
136500.000 1973 COM2 64 0R0 260 5.9 9.8 62.7 0.9888 0.00 0.0M
136560.000 1973 COM2 64 0R0 300 3.5 9.8 63.3 0.9889 0.00 0.0M
136620.000 1973 COM2 64 0R0 281 5.5 9.8 62.2 0.9888 0.00 0.0M
136680.000 1973 COM2 64 0R0 167 1.4 9.9 63.0 0.9890 0.00 0.0M
136740.000 1973 COM2 64 0R0 286 8.9 9.9 61.8 0.9890 0.00 0.0M
136800.000 1973 COM2 64 0R0 278 7.1 9.9 60.9 0.9890 0.00 0.0M
136860.000 1973 COM2 65 0R0 275 6.4 10.0 61.1 0.9891 0.00 0.0M
136920.100 1973 COM2 65 0R0 295 2.4 10.0 60.6 0.9890 0.00 0.0M
136980.000 1973 COM2 65 0R0 276 3.8 10.0 61.2 0.9892 0.00 0.0M
137040.000 1973 COM2 65 0R0 299 6.6 10.0 60.3 0.9892 0.00 0.0M
137100.000 1973 COM2 65 0R0 266 8.1 10.1 60.7 0.9891 0.00 0.0M
137160.000 1973 COM2 65 0R0 254 3.2 10.1 60.7 0.9893 0.00 0.0M
137220.000 1973 COM2 65 0R0 271 7.3 10.2 60.2 0.9891 0.00 0.0M
137280.000 1973 COM2 65 0R0 276 2.2 10.2 60.4 0.9893 0.00 0.0M
137340.100 1973 COM2 65 0R0 322 1.5 10.4 60.6 0.9894 0.00 0.0M
137400.000 1973 COM2 66 0R0 285 10.0 10.4 58.8 0.9892 0.00 0.0M
137460.100 1973 COM2 65 0R0 245 1.6 10.4 60.1 0.9894 0.00 0.0M
137520.000 1973 COM2 65 0R0 279 5.8 10.5 59.0 0.9894 0.00 0.0M
137580.000 1973 COM2 65 0R0 261 4.2 10.5 58.8 0.9895 0.00 0.0M
137640.000 1973 COM2 65 0R0 227 4.2 10.5 59.2 0.9896 0.00 0.0M
137700.000 1973 COM2 65 0R0 288 1.4 10.6 58.5 0.9896 0.00 0.0M
137760.000 1973 COM2 65 0R0 218 1.8 10.6 59.7 0.9897 0.00 0.0M
137820.000 1973 COM2 65 0R0 230 4.7 10.7 59.4 0.9898 0.00 0.0M
137880.100 1973 COM2 65 0R0 283 3.7 10.7 58.9 0.9898 0.00 0.0M
137940.000 1973 COM2 65 0R0 260 3.6 10.8 57.8 0.9898 0.00 0.0M
138000.000 1973 COM2 65 0R0 227 2.4 10.8 59.1 0.9900 0.00 0.0M
138060.000 1973 COM2 65 0R0 256 5.6 10.9 57.4 0.9901 0.00 0.0M
138120.000 1973 COM2 65 0R0 278 4.5 10.9 57.0 0.9899 0.00 0.0M
138180.000 1973 COM2 65 0R0 261 4.4 10.9 57.9 0.9901 0.00 0.0M
138240.000 1973 COM2 65 0R0 269 4.5 10.9 55.7 0.9902 0.00 0.0M
138300.000 1973 COM2 65 0R0 228 2.2 10.9 56.7 0.9902 0.00 0.0M
138360.000 1973 COM2 65 0R0 296 4.3 10.9 55.8 0.9901 0.00 0.0M
138420.000 1973 COM2 65 0R0 284 8.1 10.9 56.4 0.9900 0.00 0.0M
138480.000 1973 COM2 65 0R0 302 2.7 10.9 57.7 0.9903 0.00 0.0M
138540.000 1973 COM2 65 0R0 274 2.5 10.9 57.5 0.9903 0.00 0.0M
138600.000 1973 COM2 65 0R0 278 9.1 10.9 56.9 0.9901 0.00 0.0M
138660.000 1973 COM2 65 0R0 286 7.0 10.9 56.8 0.9903 0.00 0.0M
138720.000 1973 COM2 65 0R0 242 4.9 11.0 57.1 0.9902 0.00 0.0M
138780.000 1973 COM2 65 0R0 228 3.9 11.0 56.6 0.9903 0.00 0.0M
138840.000 1973 COM2 65 0R0 207 2.2 11.0 56.5 0.9903 0.00 0.0M
138900.000 1973 COM2 65 0R0 309 3.6 11.0 56.5 0.9902 0.00 0.0M
138960.000 1973 COM2 65 0R0 252 7.8 11.0 56.8 0.9903 0.00 0.0M
139020.000 1973 COM2 65 0R0 208 2.1 11.0 57.3 0.9903 0.00 0.0M
139080.000 1973 COM2 65 0R0 234 4.0 11.0 57.5 0.9903 0.00 0.0M
139140.000 1973 COM2 65 0R0 264 5.6 11.0 57.3 0.9903 0.00 0.0M
139200.000 1973 COM2 65 0R0 232 3.0 11.1 57.2 0.9904 0.00 0.0M
139260.000 1973 COM2 65 0R0 247 5.3 11.1 57.9 0.9905 0.00 0.0M
139320.000 1973 COM2 65 0R0 243 0.6 11.1 57.2 0.9906 0.00 0.0M
139380.000 1973 COM2 65 0R0 271 5.8 11.1 55.9 0.9906 0.00 0.0M
139440.000 1973 COM2 65 0R0 267 5.7 11.1 57.1 0.9906 0.00 0.0M
139500.000 1973 COM2 65 0R0 244 2.8 11.1 56.9 0.9907 0.00 0.0M
139560.000 1973 COM2 65 0R0 251 3.7 11.2 57.7 0.9908 0.00 0.0M
139620.000 1973 COM2 65 0R0 264 2.7 11.3 56.9 0.9910 0.00 0.0M
139680.000 1973 COM2 65 0R0 271 2.5 11.3 57.4 0.9910 0.00 0.0M
139740.000 1973 COM2 65 0R0 281 4.9 11.3 55.9 0.9909 0.00 0.0M
139800.000 1973 COM2 65 0R0 265 7.8 11.3 56.4 0.9910 0.00 0.0M
139860.000 1973 COM2 65 0R0 286 4.6 11.3 56.6 0.9912 0.00 0.0M
139920.000 1973 COM2 65 0R0 295 5.5 11.2 56.1 0.9912 0.00 0.0M
139980.000 1973 COM2 65 0R0 260 7.0 11.2 55.8 0.9912 0.00 0.0M
140040.000 1973 COM2 65 0R0 245 1.3 11.1 56.6 0.9912 0.00 0.0M
140100.000 1973 COM2 65 0R0 274 2.5 11.1 56.5 0.9912 0.00 0.0M
140160.000 1973 COM2 65 0R0 236 2.5 11.1 57.0 0.9913 0.00 0.0M
140220.000 1973 COM2 65 0R0 258 7.9 11.1 56.8 0.9910 0.00 0.0M
140280.000 1973 COM2 65 0R0 183 2.4 11.1 57.1 0.9913 0.00 0.0M
140340.000 1973 COM2 65 0R0 275 6.3 11.1 56.6 0.9913 0.00 0.0M
140400.000 1973 COM2 65 0R0 283 5.7 11.1 55.8 0.9916 0.00 0.0M
140460.000 1973 COM2 65 0R0 210 3.4 11.1 57.0 0.9916 0.00 0.0M
140520.000 1973 COM2 65 0R0 283 1.5 11.1 56.8 0.9917 0.00 0.0M
140580.000 1973 COM2 65 0R0 241 1.1 11.2 57.7 0.9918 0.00 0.0M
140640.000 1973 COM2 65 0R0 305 3.0 11.2 57.3 0.9918 0.00 0.0M
140700.000 1973 COM2 65 0R0 259 3.7 11.3 56.0 0.9918 0.00 0.0M
140760.000 1973 COM2 65 0R0 266 3.2 11.2 56.3 0.9918 0.00 0.0M
140820.000 1973 COM2 65 0R0 259 3.0 11.2 55.2 0.9919 0.00 0.0M
140880.000 1973 COM2 65 0R0 288 6.7 11.1 55.6 0.9918 0.00 0.0M
140940.000 1973 COM2 65 0R0 248 2.3 11.1 55.9 0.9920 0.00 0.0M
141000.000 1973 COM2 65 0R0 239 3.6 11.1 55.8 0.9920 0.00 0.0M
141060.000 1973 COM2 65 0R0 268 2.6 11.1 56.6 0.9921 0.00 0.0M
141120.000 1973 COM2 65 0R0 249 5.3 11.1 54.8 0.9918 0.00 0.0M
141180.000 1973 COM2 65 0R0 290 4.5 11.1 54.9 0.9918 0.00 0.0M
141240.000 1973 COM2 65 0R0 260 3.9 11.0 55.3 0.9921 0.00 0.0M
141300.000 1973 COM2 65 0R0 264 8.2 11.0 55.2 0.9921 0.00 0.0M
141360.000 1973 COM2 65 0R0 265 4.9 11.0 55.4 0.9921 0.00 0.0M
141420.000 1973 COM2 65 0R0 244 5.1 11.0 54.6 0.9922 0.00 0.0M
141480.000 1973 COM2 65 0R0 235 2.8 10.9 54.4 0.9920 0.00 0.0M
141540.000 1973 COM2 65 0R0 280 4.3 10.9 54.4 0.9924 0.00 0.0M
141600.000 1973 COM2 65 0R0 290 6.9 10.9 54.8 0.9924 0.00 0.0M
141660.000 1973 COM2 65 0R0 290 7.4 10.8 54.6 0.9924 0.00 0.0M
141720.000 1973 COM2 65 0R0 308 4.8 10.8 53.7 0.9924 0.00 0.0M
141780.000 1973 COM2 65 0R0 228 3.6 10.7 54.9 0.9924 0.00 0.0M
141840.000 1973 COM2 65 0R0 272 1.8 10.7 53.4 0.9923 0.00 0.0M
141900.000 1973 COM2 65 0R0 242 1.7 10.7 53.8 0.9924 0.00 0.0M
141960.000 1973 COM2 65 0R0 288 2.3 10.8 53.7 0.9925 0.00 0.0M
142020.000 1973 COM2 65 0R0 326 2.0 10.8 54.8 0.9926 0.00 0.0M
142080.000 1973 COM2 65 0R0 260 5.0 10.8 53.3 0.9924 0.00 0.0M
142140.000 1973 COM2 65 0R0 270 2.2 10.8 54.7 0.9926 0.00 0.0M
142200.000 1973 COM2 65 0R0 267 5.5 10.9 54.8 0.9925 0.00 0.0M
142260.000 1973 COM2 65 0R0 239 3.8 11.0 54.0 0.9927 0.00 0.0M
142320.000 1973 COM2 65 0R0 239 4.7 11.0 54.5 0.9926 0.00 0.0M
142380.000 1973 COM2 65 0R0 278 5.3 11.1 53.8 0.9927 0.00 0.0M
142440.000 1973 COM2 65 0R0 281 5.8 11.1 53.0 0.9926 0.00 0.0M
142500.000 1973 COM2 65 0R0 284 4.3 11.1 52.0 0.9925 0.00 0.0M
142560.000 1973 COM2 65 0R0 257 4.3 11.1 53.5 0.9926 0.01 0.0M
142620.000 1973 COM2 65 0R0 281 8.3 11.1 51.3 0.9925 0.00 0.0M
142680.000 1973 COM2 65 0R0 263 6.9 11.1 51.2 0.9927 0.00 0.0M
142740.000 1973 COM2 66 0R0 280 13.5 11.2 50.2 0.9926 0.00 0.0M
142800.000 1973 COM2 66 0R0 287 10.7 11.1 50.3 0.9926 0.00 0.0M
142860.000 1973 COM2 65 0R0 255 4.6 11.1 50.3 0.9928 0.00 0.0M
142920.000 1973 COM2 65 0R0 273 7.1 11.0 50.6 0.9927 0.00 0.0M
142980.000 1973 COM2 65 0R0 305 5.7 11.0 51.1 0.9929 0.00 0.0M
143040.000 1973 COM2 65 0R0 281 2.2 11.0 50.8 0.9930 0.00 0.0M
143100.000 1973 COM2 65 0R0 309 6.5 11.1 50.7 0.9931 0.00 0.0M
143160.000 1973 COM2 65 0R0 280 4.4 11.2 49.6 0.9930 0.00 0.0M
143220.000 1973 COM2 65 0R0 278 7.9 11.2 49.9 0.9930 0.00 0.0M
143280.000 1973 COM2 65 0R0 186 5.5 11.2 50.3 0.9929 0.00 0.0M
143340.000 1973 COM2 65 0R0 269 1.8 11.2 49.7 0.9931 0.00 0.0M
143400.000 1973 COM2 65 0R0 285 6.7 11.3 49.7 0.9931 0.00 0.0M
143460.000 1973 COM2 65 0R0 290 6.9 11.3 49.3 0.9931 0.00 0.0M
143520.000 1973 COM2 65 0R0 262 6.1 11.3 49.4 0.9930 0.00 0.0M
143580.000 1973 COM2 65 0R0 256 5.8 11.3 49.8 0.9931 0.00 0.0M
143640.000 1973 COM2 65 0R0 260 4.1 11.3 49.0 0.9932 0.00 0.0M
143700.000 1973 COM2 65 0R0 227 2.9 11.3 48.7 0.9933 0.00 0.0M
143760.000 1973 COM2 65 0R0 269 7.2 11.3 49.0 0.9933 0.00 0.0M
143820.000 1973 COM2 65 0R0 240 6.0 11.4 48.6 0.9932 0.00 0.0M
143880.000 1973 COM2 65 0R0 312 2.4 11.3 48.8 0.9933 0.00 0.0M
143940.000 1973 COM2 65 0R0 295 7.8 11.3 47.9 0.9933 0.00 0.0M
144000.000 1973 COM2 65 0R0 287 1.9 11.3 49.0 0.9933 0.00 0.0M
144060.000 1973 COM2 65 0R0 271 6.5 11.3 48.3 0.9932 0.00 0.0M
144120.000 1973 COM2 65 0R0 298 5.5 11.4 48.3 0.9933 0.00 0.0M
144180.000 1973 COM2 65 0R0 259 1.2 11.4 49.0 0.9933 0.00 0.0M
144240.000 1973 COM2 65 0R0 263 6.5 11.6 48.5 0.9934 0.00 0.0M
144300.000 1973 COM2 65 0R0 269 2.1 11.6 49.0 0.9934 0.00 0.0M
144360.000 1973 COM2 65 0R0 272 3.8 11.7 47.5 0.9934 0.00 0.0M
144420.000 1973 COM2 65 0R0 285 8.6 11.7 47.3 0.9932 0.00 0.0M
144480.000 1973 COM2 65 0R0 277 6.1 11.6 47.1 0.9932 0.00 0.0M
144540.000 1973 COM2 65 0R0 302 2.0 11.6 48.2 0.9934 0.00 0.0M
144600.000 1973 COM2 65 0R0 284 4.4 11.6 47.0 0.9935 0.00 0.0M
144660.000 1973 COM2 65 0R0 267 3.4 11.6 47.4 0.9934 0.00 0.0M
144720.000 1973 COM2 65 0R0 277 7.2 11.6 47.7 0.9933 0.00 0.0M
144780.000 1973 COM2 65 0R0 245 5.3 11.6 47.3 0.9934 0.00 0.0M
144840.000 1973 COM2 65 0R0 325 3.2 11.7 47.7 0.9934 0.00 0.0M
144900.000 1973 COM2 66 0R0 300 10.8 11.7 48.0 0.9935 0.00 0.0M
144960.000 1973 COM2 65 0R0 260 1.0 11.7 46.7 0.9935 0.00 0.0M
145020.000 1973 COM2 65 0R0 298 3.1 11.6 46.8 0.9935 0.00 0.0M
145080.000 1973 COM2 65 0R0 249 4.2 11.6 46.5 0.9934 0.00 0.0M
145140.000 1973 COM2 65 0R0 236 1.3 11.7 46.9 0.9935 0.00 0.0M
145200.000 1973 COM2 65 0R0 297 0.5 11.8 47.6 0.9935 0.00 0.0M
145260.000 1973 COM2 65 0R0 289 6.0 11.9 47.0 0.9935 0.00 0.0M
145320.000 1973 COM2 65 0R0 302 5.5 11.9 46.4 0.9934 0.00 0.0M
145380.000 1973 COM2 65 0R0 257 6.5 11.9 46.6 0.9934 0.00 0.0M
145440.000 1973 COM2 65 0R0 284 3.6 11.9 47.2 0.9932 0.00 0.0M
145500.000 1973 COM2 65 0R0 260 2.9 11.9 46.8 0.9934 0.00 0.0M
145560.000 1973 COM2 65 0R0 285 6.9 11.9 46.7 0.9934 0.00 0.0M
145620.000 1973 COM2 65 0R0 271 3.7 11.9 45.6 0.9934 0.00 0.0M
145680.000 1973 COM2 65 0R0 250 5.6 11.9 47.1 0.9934 0.00 0.0M
145740.000 1973 COM2 65 0R0 289 5.7 11.9 46.2 0.9934 0.00 0.0M
145800.000 1973 COM2 65 0R0 165 1.3 11.9 47.5 0.9934 0.00 0.0M
145860.000 1973 COM2 66 0R0 300 10.1 12.0 47.1 0.9935 0.00 0.0M
145920.000 1973 COM2 65 0R0 278 6.1 12.0 46.2 0.9933 0.00 0.0M
145980.000 1973 COM2 65 0R0 302 4.3 12.0 46.2 0.9934 0.00 0.0M
146040.000 1973 COM2 65 0R0 261 3.5 12.1 45.8 0.9934 0.00 0.0M
146100.000 1973 COM2 65 0R0 311 4.0 12.2 45.4 0.9934 0.00 0.0M
146160.000 1973 COM2 65 0R0 282 2.1 12.2 46.8 0.9934 0.00 0.0M
146220.000 1973 COM2 65 0R0 268 3.4 12.2 45.7 0.9935 0.00 0.0M
146280.000 1973 COM2 65 0R0 302 2.6 12.2 44.3 0.9935 0.00 0.0M
146340.000 1973 COM2 65 0R0 294 9.5 12.2 44.7 0.9932 0.00 0.0M
146400.000 1973 COM2 65 0R0 323 2.9 12.1 44.8 0.9935 0.00 0.0M
146460.000 1973 COM2 66 0R0 275 11.3 12.2 44.5 0.9935 0.00 0.0M
146520.000 1973 COM2 65 0R0 313 4.9 12.1 44.4 0.9935 0.00 0.0M
146580.000 1973 COM2 65 0R0 257 4.2 12.1 44.5 0.9934 0.00 0.0M
146640.000 1973 COM2 65 0R0 242 8.5 12.1 45.8 0.9934 0.00 0.0M
146700.000 1973 COM2 65 0R0 291 5.2 12.2 45.1 0.9936 0.00 0.0M
146760.000 1973 COM2 65 0R0 264 3.9 12.2 45.7 0.9935 0.00 0.0M
146820.000 1973 COM2 65 0R0 279 3.9 12.3 45.6 0.9936 0.00 0.0M
146880.000 1973 COM2 65 0R0 250 3.6 12.3 45.3 0.9935 0.00 0.0M
146940.000 1973 COM2 65 0R0 252 2.9 12.4 45.1 0.9935 0.00 0.0M
147000.000 1973 COM2 65 0R0 227 3.6 12.4 45.0 0.9936 0.00 0.0M
147060.000 1973 COM2 65 0R0 250 2.9 12.5 44.4 0.9936 0.00 0.0M
147120.000 1973 COM2 65 0R0 300 1.6 12.5 44.8 0.9937 0.00 0.0M
147180.000 1973 COM2 65 0R0 281 2.7 12.6 44.8 0.9937 0.00 0.0M
147240.000 1973 COM2 65 0R0 271 5.9 12.6 43.6 0.9937 0.00 0.0M
147300.000 1973 COM2 65 0R0 276 5.8 12.6 44.0 0.9935 0.00 0.0M
147360.000 1973 COM2 65 0R0 233 3.6 12.6 44.0 0.9937 0.00 0.0M
147420.000 1973 COM2 65 0R0 262 5.5 12.5 43.8 0.9938 0.00 0.0M
147480.000 1973 COM2 65 0R0 257 9.2 12.5 42.7 0.9938 0.00 0.0M
147540.000 1973 COM2 65 0R0 263 5.6 12.4 43.2 0.9938 0.00 0.0M
147600.000 1973 COM2 65 0R0 252 4.1 12.5 43.1 0.9937 0.00 0.0M
147660.000 1973 COM2 65 0R0 260 5.6 12.5 43.1 0.9938 0.00 0.0M
147720.000 1973 COM2 65 0R0 263 4.8 12.5 42.6 0.9940 0.00 0.0M
147780.000 1973 COM2 65 0R0 302 7.6 12.4 42.8 0.9938 0.00 0.0M
147840.000 1973 COM2 65 0R0 302 5.9 12.4 42.9 0.9942 0.00 0.0M
147900.000 1973 COM2 65 0R0 281 5.7 12.4 42.9 0.9941 0.00 0.0M
147960.000 1973 COM2 65 0R0 269 6.1 12.3 43.5 0.9941 0.00 0.0M
148020.000 1973 COM2 65 0R0 290 6.9 12.3 43.2 0.9940 0.00 0.0M
148080.000 1973 COM2 65 0R0 247 2.5 12.3 43.0 0.9941 0.00 0.0M
148140.000 1973 COM2 65 0R0 270 3.5 12.3 43.7 0.9942 0.00 0.0M
148200.000 1973 COM2 65 0R0 308 1.4 12.3 44.4 0.9942 0.00 0.0M
148260.000 1973 COM2 65 0R0 240 3.4 12.4 45.2 0.9942 0.00 0.0M
148320.000 1973 COM2 65 0R0 209 3.3 12.6 44.2 0.9942 0.00 0.0M
148380.000 1973 COM2 65 0R0 267 8.2 12.7 42.9 0.9939 0.00 0.0M
148440.000 1973 COM2 65 0R0 245 2.9 12.8 42.7 0.9942 0.00 0.0M
148500.000 1973 COM2 65 0R0 270 3.3 12.7 43.4 0.9943 0.00 0.0M
148560.000 1973 COM2 65 0R0 251 3.1 12.8 43.2 0.9944 0.00 0.0M
148620.000 1973 COM2 66 0R0 235 10.3 12.9 41.7 0.9943 0.00 0.0M
148680.000 1973 COM2 65 0R0 280 8.8 12.9 42.4 0.9943 0.00 0.0M
148740.000 1973 COM2 65 0R0 256 7.4 12.7 42.1 0.9943 0.00 0.0M
148800.000 1973 COM2 65 0R0 336 6.2 12.7 42.0 0.9942 0.00 0.0M
148860.000 1973 COM2 65 0R0 232 5.4 12.7 43.2 0.9946 0.00 0.0M
148920.000 1973 COM2 65 0R0 192 1.6 12.8 43.1 0.9946 0.00 0.0M
148980.000 1973 COM2 65 0R0 308 1.6 12.9 43.2 0.9947 0.00 0.0M
149040.000 1973 COM2 65 0R0 267 6.8 13.0 41.9 0.9947 0.00 0.0M
149100.000 1973 COM2 65 0R0 298 3.6 13.1 41.4 0.9948 0.00 0.0M
149160.000 1973 COM2 65 0R0 228 6.0 13.0 41.3 0.9948 0.00 0.0M
149220.000 1973 COM2 65 0R0 243 5.8 13.0 42.3 0.9947 0.00 0.0M
149280.000 1973 COM2 65 0R0 242 7.9 13.0 42.0 0.9947 0.00 0.0M
149340.000 1973 COM2 65 0R0 207 3.4 13.1 41.8 0.9947 0.00 0.0M
149400.000 1973 COM2 65 0R0 249 4.8 13.1 41.4 0.9948 0.00 0.0M
149460.000 1973 COM2 65 0R0 285 3.8 13.2 41.4 0.9948 0.00 0.0M
149520.000 1973 COM2 65 0R0 254 3.4 13.1 41.5 0.9949 0.00 0.0M
149580.000 1973 COM2 65 0R0 290 2.6 13.1 41.5 0.9949 0.00 0.0M
149640.000 1973 COM2 65 0R0 279 3.1 13.1 41.8 0.9950 0.00 0.0M
149700.000 1973 COM2 65 0R0 268 2.4 13.1 41.2 0.9951 0.00 0.0M
149760.000 1973 COM2 65 0R0 263 4.8 13.2 41.0 0.9950 0.00 0.0M
149820.000 1973 COM2 65 0R0 264 4.0 13.2 41.6 0.9950 0.00 0.0M
149880.000 1973 COM2 65 0R0 254 2.7 13.2 41.1 0.9951 0.00 0.0M
149940.000 1973 COM2 65 0R0 341 1.6 13.2 40.8 0.9951 0.00 0.0M
150000.000 1973 COM2 65 0R0 262 6.3 13.1 41.3 0.9953 0.00 0.0M
150060.000 1973 COM2 65 0R0 253 5.8 13.0 41.3 0.9951 0.00 0.0M
150120.000 1973 COM2 65 0R0 268 5.2 12.9 42.0 0.9951 0.00 0.0M
150180.000 1973 COM2 65 0R0 257 3.3 12.9 42.2 0.9952 0.00 0.0M
150240.000 1973 COM2 65 0R0 298 3.6 13.0 41.3 0.9952 0.00 0.0M
150300.000 1973 COM2 65 0R0 274 3.7 13.1 41.1 0.9952 0.00 0.0M
150360.000 1973 COM2 65 0R0 266 6.6 13.1 40.6 0.9952 0.00 0.0M
150420.000 1973 COM2 65 0R0 275 3.9 12.9 40.7 0.9952 0.00 0.0M
150480.000 1973 COM2 65 0R0 220 2.5 12.8 40.9 0.9952 0.00 0.0M
150540.000 1973 COM2 65 0R0 204 1.8 12.8 41.4 0.9954 0.00 0.0M
150600.000 1973 COM2 65 0R0 295 1.2 12.9 41.3 0.9955 0.00 0.0M
150660.000 1973 COM2 65 0R0 263 7.9 12.9 41.3 0.9954 0.00 0.0M
150720.000 1973 COM2 65 0R0 271 6.0 13.0 40.7 0.9953 0.00 0.0M
150780.000 1973 COM2 65 0R0 215 2.8 12.9 41.0 0.9954 0.00 0.0M
150840.000 1973 COM2 65 0R0 282 8.2 12.9 41.2 0.9954 0.00 0.0M
150900.000 1973 COM2 65 0R0 293 4.8 12.8 41.9 0.9954 0.00 0.0M
150960.000 1973 COM2 65 0R0 271 7.4 12.7 41.9 0.9953 0.00 0.0M
151020.000 1973 COM2 65 0R0 285 4.2 12.7 42.1 0.9954 0.00 0.0M
151080.000 1973 COM2 65 0R0 222 5.8 12.8 41.8 0.9954 0.00 0.0M
151140.000 1973 COM2 65 0R0 186 3.3 12.9 42.9 0.9955 0.00 0.0M
151200.000 1973 COM2 65 0R0 249 5.8 13.1 41.9 0.9953 0.00 0.0M
151260.000 1973 COM2 65 0R0 268 4.7 13.1 41.9 0.9953 0.00 0.0M
151320.000 1973 COM2 65 0R0 287 2.8 13.1 41.5 0.9955 0.00 0.0M
151380.000 1973 COM2 65 0R0 281 2.1 13.0 41.5 0.9955 0.00 0.0M
151440.000 1973 COM2 65 0R0 301 5.2 12.8 42.1 0.9955 0.00 0.0M
151500.000 1973 COM2 65 0R0 252 4.3 12.7 42.2 0.9955 0.00 0.0M
151560.000 1973 COM2 65 0R0 302 5.6 12.6 42.5 0.9955 0.00 0.0M
151620.000 1973 COM2 65 0R0 280 4.6 12.4 43.6 0.9957 0.00 0.0M
151680.000 1973 COM2 65 0R0 275 4.0 12.3 43.8 0.9956 0.00 0.0M
151740.000 1973 COM2 65 0R0 295 6.1 12.3 43.9 0.9956 0.00 0.0M
151800.000 1973 COM2 65 0R0 202 3.4 12.2 43.8 0.9955 0.00 0.0M
151860.000 1973 COM2 65 0R0 278 3.0 12.1 44.4 0.9957 0.00 0.0M
151920.000 1973 COM2 65 0R0 283 6.1 12.0 43.9 0.9957 0.00 0.0M
151980.000 1973 COM2 65 0R0 297 4.9 11.9 43.5 0.9959 0.00 0.0M
152040.000 1973 COM2 65 0R0 252 5.5 11.9 44.2 0.9957 0.00 0.0M
152100.000 1973 COM2 65 0R0 285 6.7 11.9 44.5 0.9960 0.00 0.0M
152160.000 1973 COM2 65 0R0 266 3.0 11.9 44.6 0.9960 0.00 0.0M
152220.000 1973 COM2 65 0R0 274 5.3 11.9 44.6 0.9960 0.00 0.0M
152280.000 1973 COM2 65 0R0 275 5.6 12.0 45.1 0.9961 0.00 0.0M
152340.000 1973 COM2 65 0R0 301 2.7 12.0 43.9 0.9962 0.00 0.0M
152400.000 1973 COM2 65 0R0 262 4.2 12.1 45.1 0.9961 0.00 0.0M
152460.000 1973 COM2 65 0R0 278 6.3 12.3 44.4 0.9962 0.00 0.0M
152520.000 1973 COM2 65 0R0 296 5.1 12.4 43.9 0.9962 0.00 0.0M
152580.000 1973 COM2 65 0R0 270 7.5 12.3 43.5 0.9961 0.00 0.0M
152640.000 1973 COM2 65 0R0 249 4.4 12.2 44.4 0.9962 0.00 0.0M
152700.000 1973 COM2 65 0R0 282 4.4 12.2 44.4 0.9961 0.00 0.0M
152760.000 1973 COM2 65 0R0 279 5.1 12.2 44.9 0.9961 0.00 0.0M
152820.000 1973 COM2 65 0R0 239 2.1 12.2 43.8 0.9961 0.00 0.0M
152880.100 1973 COM2 65 0R0 272 1.9 12.2 44.8 0.9962 0.00 0.0M
152940.000 1973 COM2 65 0R0 294 3.8 12.2 45.1 0.9963 0.00 0.0M
153000.000 1973 COM2 65 0R0 273 2.7 12.3 43.7 0.9962 0.00 0.0M
153060.000 1973 COM2 65 0R0 319 5.5 12.3 43.5 0.9961 0.00 0.0M
153120.000 1973 COM2 65 0R0 301 1.7 12.3 43.7 0.9961 0.00 0.0M
153180.000 1973 COM2 65 0R0 217 2.2 12.3 43.5 0.9962 0.00 0.0M
153240.000 1973 COM2 65 0R0 253 5.7 12.3 43.1 0.9962 0.00 0.0M
153300.000 1973 COM2 65 0R0 294 3.5 12.2 43.3 0.9962 0.00 0.0M
153360.000 1973 COM2 65 0R0 289 4.1 12.2 43.3 0.9962 0.00 0.0M
153420.000 1973 COM2 65 0R0 288 5.6 12.2 43.5 0.9962 0.00 0.0M
153480.000 1973 COM2 65 0R0 251 3.2 12.2 44.0 0.9961 0.00 0.0M
153540.000 1973 COM2 65 0R0 265 7.4 12.2 42.4 0.9962 0.00 0.0M
153600.000 1973 COM2 65 0R0 257 6.3 12.1 42.8 0.9961 0.00 0.0M
153660.000 1973 COM2 65 0R0 227 4.5 12.1 43.3 0.9961 0.00 0.0M
153720.000 1973 COM2 65 0R0 265 5.9 12.2 42.8 0.9961 0.00 0.0M
153780.000 1973 COM2 65 0R0 283 4.5 12.2 42.8 0.9963 0.00 0.0M
153840.000 1973 COM2 65 0R0 289 3.9 12.2 43.6 0.9962 0.00 0.0M
153900.000 1973 COM2 65 0R0 244 2.5 12.2 43.6 0.9963 0.00 0.0M
153960.000 1973 COM2 65 0R0 227 3.0 12.3 43.8 0.9963 0.00 0.0M
154020.000 1973 COM2 65 0R0 278 4.4 12.3 42.1 0.9963 0.00 0.0M
154080.000 1973 COM2 65 0R0 278 2.4 12.2 42.9 0.9963 0.00 0.0M
154140.000 1973 COM2 65 0R0 292 4.3 12.2 42.4 0.9963 0.00 0.0M
154200.000 1973 COM2 65 0R0 258 7.1 12.2 42.8 0.9963 0.00 0.0M
154260.000 1973 COM2 65 0R0 294 3.1 12.1 43.1 0.9964 0.00 0.0M
154320.100 1973 COM2 65 0R0 219 2.6 12.0 43.3 0.9964 0.00 0.0M
154380.100 1973 COM2 65 0R0 228 3.6 12.1 42.9 0.9966 0.00 0.0M
154440.100 1973 COM2 65 0R0 267 4.0 12.1 42.9 0.9966 0.00 0.0M
154500.000 1973 COM2 65 0R0 272 3.0 12.2 42.6 0.9967 0.00 0.0M
154560.000 1973 COM2 65 0R0 263 6.9 12.3 42.2 0.9966 0.00 0.0M
154620.000 1973 COM2 65 0R0 308 1.9 12.3 42.7 0.9970 0.00 0.0M
154680.000 1973 COM2 65 0R0 211 3.2 12.3 42.3 0.9969 0.00 0.0M
154740.000 1973 COM2 65 0R0 311 7.8 12.2 42.3 0.9966 0.00 0.0M
154800.000 1973 COM2 65 0R0 271 3.5 12.2 43.5 0.9969 0.00 0.0M
154860.000 1973 COM2 65 0R0 293 2.3 12.2 42.3 0.9968 0.00 0.0M
154920.000 1973 COM2 65 0R0 286 2.5 12.3 42.5 0.9967 0.00 0.0M
154980.000 1973 COM2 65 0R0 249 4.1 12.3 42.3 0.9966 0.00 0.0M
155040.000 1973 COM2 65 0R0 257 4.0 12.4 42.2 0.9966 0.00 0.0M
155100.000 1973 COM2 65 0R0 244 5.5 12.3 42.9 0.9966 0.00 0.0M
155160.000 1973 COM2 65 0R0 258 2.1 12.3 42.0 0.9966 0.00 0.0M
155220.000 1973 COM2 65 0R0 252 5.2 12.3 42.1 0.9966 0.00 0.0M
155280.000 1973 COM2 65 0R0 256 3.5 12.3 41.7 0.9964 0.00 0.0M
155340.000 1973 COM2 65 0R0 248 3.7 12.3 42.1 0.9966 0.00 0.0M
155400.000 1973 COM2 65 0R0 249 2.5 12.3 42.6 0.9967 0.00 0.0M
155460.000 1973 COM2 65 0R0 265 5.1 12.4 42.1 0.9967 0.00 0.0M
155520.000 1973 COM2 65 0R0 284 5.3 12.3 42.5 0.9967 0.00 0.0M
155580.000 1973 COM2 65 0R0 249 2.7 12.3 42.7 0.9966 0.00 0.0M
155640.000 1973 COM2 65 0R0 268 3.9 12.3 42.7 0.9966 0.00 0.0M
155700.000 1973 COM2 65 0R0 177 0.7 12.4 42.7 0.9965 0.00 0.0M
155760.000 1973 COM2 65 0R0 267 4.8 12.4 42.7 0.9966 0.00 0.0M
155820.000 1973 COM2 65 0R0 267 5.1 12.4 42.7 0.9966 0.00 0.0M
155880.000 1973 COM2 65 0R0 278 6.9 12.4 42.6 0.9967 0.00 0.0M
155940.000 1973 COM2 65 0R0 208 4.2 12.4 43.3 0.9966 0.00 0.0M
156000.000 1973 COM2 65 0R0 242 5.9 12.4 42.5 0.9965 0.00 0.0M
156060.000 1973 COM2 65 0R0 211 2.4 12.4 42.1 0.9966 0.00 0.0M
156120.000 1973 COM2 65 0R0 233 1.9 12.4 42.2 0.9966 0.00 0.0M
156180.000 1973 COM2 65 0R0 249 1.2 12.5 43.1 0.9966 0.00 0.0M
156240.000 1973 COM2 65 0R0 273 5.4 12.6 42.2 0.9965 0.00 0.0M
156300.000 1973 COM2 65 0R0 307 3.0 12.6 42.0 0.9965 0.00 0.0M
156360.000 1973 COM2 65 0R0 251 2.9 12.6 42.5 0.9966 0.00 0.0M
156420.000 1973 COM2 65 0R0 256 6.6 12.6 41.9 0.9966 0.00 0.0M
156480.000 1973 COM2 65 0R0 242 2.4 12.6 42.1 0.9966 0.00 0.0M
156540.000 1973 COM2 65 0R0 290 6.0 12.6 41.6 0.9968 0.00 0.0M
156600.000 1973 COM2 65 0R0 287 4.2 12.6 41.7 0.9968 0.00 0.0M
156660.000 1973 COM2 65 0R0 249 2.6 12.6 41.7 0.9968 0.00 0.0M
156720.000 1973 COM2 65 0R0 270 4.0 12.6 41.6 0.9968 0.00 0.0M
156780.000 1973 COM2 65 0R0 283 6.8 12.6 41.8 0.9968 0.00 0.0M
156840.000 1973 COM2 65 0R0 285 4.4 12.6 41.8 0.9968 0.00 0.0M
156900.000 1973 COM2 65 0R0 259 4.1 12.6 41.7 0.9971 0.00 0.0M
156960.000 1973 COM2 65 0R0 241 7.7 12.6 41.7 0.9970 0.00 0.0M
157020.000 1973 COM2 65 0R0 260 5.9 12.6 42.1 0.9969 0.00 0.0M
157080.000 1973 COM2 65 0R0 253 4.3 12.6 41.7 0.9970 0.00 0.0M
157140.000 1973 COM2 65 0R0 258 5.4 12.6 41.6 0.9971 0.00 0.0M
157200.000 1973 COM2 65 0R0 276 3.8 12.6 40.9 0.9972 0.00 0.0M
157260.000 1973 COM2 65 0R0 277 4.2 12.6 41.7 0.9971 0.00 0.0M
157320.000 1973 COM2 65 0R0 284 3.3 12.6 41.5 0.9971 0.00 0.0M
157380.000 1973 COM2 65 0R0 264 3.3 12.6 41.6 0.9971 0.00 0.0M
157440.000 1973 COM2 65 0R0 293 3.6 12.6 41.1 0.9971 0.00 0.0M
157500.000 1973 COM2 65 0R0 292 1.3 12.6 41.8 0.9972 0.00 0.0M
157560.000 1973 COM2 65 0R0 263 4.1 12.7 41.7 0.9971 0.00 0.0M
157620.000 1973 COM2 65 0R0 270 1.1 12.7 41.5 0.9971 0.00 0.0M
157680.000 1973 COM2 65 0R0 277 4.0 12.8 40.6 0.9972 0.00 0.0M
157740.000 1973 COM2 65 0R0 242 1.8 12.7 41.2 0.9972 0.00 0.0M
157800.000 1973 COM2 65 0R0 289 4.2 12.7 41.1 0.9972 0.00 0.0M
157860.000 1973 COM2 65 0R0 281 3.5 12.7 41.4 0.9972 0.00 0.0M
157920.000 1973 COM2 65 0R0 266 3.3 12.6 41.5 0.9973 0.00 0.0M
157980.000 1973 COM2 65 0R0 294 2.1 12.7 40.9 0.9973 0.00 0.0M
158040.000 1973 COM2 65 0R0 273 5.0 12.7 40.8 0.9972 0.00 0.0M
158100.000 1973 COM2 65 0R0 236 3.5 12.7 41.4 0.9972 0.00 0.0M
158160.100 1973 COM2 65 0R0 265 1.5 12.7 41.6 0.9973 0.00 0.0M
158220.000 1973 COM2 65 0R0 208 2.3 12.7 42.1 0.9971 0.00 0.0M
158280.000 1973 COM2 65 0R0 261 3.5 12.8 41.8 0.9971 0.00 0.0M
158340.000 1973 COM2 65 0R0 223 0.7 12.9 42.3 0.9972 0.00 0.0M
158400.000 1973 COM2 65 0R0 242 2.8 13.0 41.8 0.9972 0.00 0.0M
158460.000 1973 COM2 65 0R0 248 3.4 13.0 41.5 0.9971 0.00 0.0M
158520.000 1973 COM2 65 0R0 254 4.3 13.0 40.3 0.9971 0.00 0.0M
158580.000 1973 COM2 65 0R0 299 3.0 13.0 40.3 0.9971 0.00 0.0M
158640.000 1973 COM2 65 0R0 278 3.2 12.9 40.9 0.9971 0.00 0.0M
158700.000 1973 COM2 65 0R0 269 4.3 12.9 40.4 0.9971 0.00 0.0M
158760.100 1973 COM2 65 0R0 252 3.5 12.9 40.5 0.9972 0.00 0.0M
158820.000 1973 COM2 65 0R0 253 3.4 12.9 40.7 0.9971 0.00 0.0M
158880.000 1973 COM2 65 0R0 251 3.2 12.8 40.8 0.9972 0.00 0.0M
158940.000 1973 COM2 65 0R0 233 2.5 12.8 40.2 0.9972 0.00 0.0M
159000.000 1973 COM2 65 0R0 254 2.2 12.8 40.7 0.9972 0.00 0.0M
159060.000 1973 COM2 65 0R0 278 2.5 12.8 41.1 0.9972 0.00 0.0M
159120.000 1973 COM2 65 0R0 255 5.3 12.9 41.1 0.9973 0.00 0.0M
159180.000 1973 COM2 65 0R0 242 4.7 12.9 41.0 0.9973 0.00 0.0M
159240.000 1973 COM2 65 0R0 251 3.3 12.9 40.9 0.9973 0.00 0.0M
159300.000 1973 COM2 65 0R0 285 3.3 12.9 40.5 0.9973 0.00 0.0M
159360.000 1973 COM2 65 0R0 233 2.4 12.9 40.6 0.9975 0.00 0.0M
159420.000 1973 COM2 65 0R0 285 2.1 12.8 41.0 0.9976 0.00 0.0M
159480.000 1973 COM2 65 0R0 257 2.5 12.9 40.6 0.9976 0.00 0.0M
159540.000 1973 COM2 65 0R0 282 4.5 12.9 40.2 0.9977 0.00 0.0M
159600.000 1973 COM2 65 0R0 240 4.7 12.9 40.2 0.9977 0.00 0.0M
159660.000 1973 COM2 65 0R0 257 2.1 12.8 40.2 0.9977 0.00 0.0M
159720.000 1973 COM2 65 0R0 254 2.5 12.8 40.4 0.9978 0.00 0.0M
159780.000 1973 COM2 65 0R0 293 3.4 12.8 40.4 0.9978 0.00 0.0M
159840.000 1973 COM2 65 0R0 248 3.6 12.9 40.6 0.9978 0.00 0.0M
159900.000 1973 COM2 65 0R0 249 6.0 12.9 40.2 0.9977 0.00 0.0M
159960.000 1973 COM2 65 0R0 237 3.1 12.9 40.5 0.9977 0.00 0.0M
160020.000 1973 COM2 65 0R0 251 1.7 12.8 40.1 0.9978 0.00 0.0M
160080.000 1973 COM2 65 0R0 240 2.1 12.8 41.0 0.9978 0.00 0.0M
160140.000 1973 COM2 65 0R0 245 3.1 12.9 40.5 0.9978 0.00 0.0M
160200.000 1973 COM2 65 0R0 267 3.9 12.9 40.3 0.9978 0.00 0.0M
160260.000 1973 COM2 65 0R0 201 0.6 12.9 40.6 0.9978 0.00 0.0M
160320.000 1973 COM2 65 0R0 256 3.0 12.9 40.7 0.9979 0.00 0.0M
160380.000 1973 COM2 65 0R0 262 1.9 13.0 40.8 0.9979 0.00 0.0M
160440.000 1973 COM2 65 0R0 253 5.7 13.0 40.3 0.9979 0.00 0.0M
160500.000 1973 COM2 65 0R0 237 3.9 13.0 40.1 0.9978 0.00 0.0M
160560.000 1973 COM2 65 0R0 271 3.5 12.9 40.7 0.9979 0.00 0.0M
160620.000 1973 COM2 65 0R0 321 2.8 12.9 40.0 0.9979 0.00 0.0M
160680.000 1973 COM2 65 0R0 321 1.4 12.9 41.1 0.9981 0.00 0.0M
160740.000 1973 COM2 65 0R0 277 3.8 12.9 40.6 0.9980 0.00 0.0M
160800.000 1973 COM2 65 0R0 251 6.1 12.9 40.5 0.9980 0.00 0.0M
160860.000 1973 COM2 65 0R0 250 4.0 12.9 40.4 0.9980 0.00 0.0M
160920.000 1973 COM2 65 0R0 255 3.2 12.8 40.9 0.9979 0.00 0.0M
160980.000 1973 COM2 65 0R0 271 5.0 12.8 41.2 0.9980 0.00 0.0M
161040.000 1973 COM2 65 0R0 256 3.3 12.8 41.0 0.9978 0.00 0.0M
161100.000 1973 COM2 65 0R0 252 2.4 12.7 41.4 0.9979 0.00 0.0M
161160.000 1973 COM2 65 0R0 195 4.0 12.7 41.4 0.9979 0.00 0.0M
161220.000 1973 COM2 65 0R0 221 5.3 12.7 41.5 0.9978 0.00 0.0M
161280.000 1973 COM2 65 0R0 206 2.5 12.8 41.7 0.9979 0.00 0.0M
161340.000 1973 COM2 65 0R0 255 5.1 12.8 41.4 0.9980 0.00 0.0M
161400.000 1973 COM2 65 0R0 263 2.5 12.8 41.1 0.9980 0.00 0.0M
161460.000 1973 COM2 65 0R0 205 5.3 12.8 41.1 0.9979 0.00 0.0M
161520.000 1973 COM2 65 0R0 261 4.2 12.7 42.0 0.9980 0.00 0.0M
161580.000 1973 COM2 65 0R0 252 4.0 12.7 42.2 0.9982 0.00 0.0M
161640.000 1973 COM2 65 0R0 238 4.7 12.7 41.9 0.9982 0.00 0.0M
161700.000 1973 COM2 65 0R0 226 6.5 12.7 41.9 0.9981 0.00 0.0M
161760.000 1973 COM2 65 0R0 272 3.1 12.7 42.0 0.9982 0.00 0.0M
161820.000 1973 COM2 65 0R0 229 4.9 12.7 42.1 0.9983 0.00 0.0M
161880.000 1973 COM2 65 0R0 226 2.1 12.7 42.0 0.9983 0.00 0.0M
161940.000 1973 COM2 65 0R0 233 3.3 12.7 42.3 0.9983 0.00 0.0M
162000.000 1973 COM2 65 0R0 236 1.4 12.7 42.1 0.9983 0.00 0.0M
162060.000 1973 COM2 65 0R0 323 2.6 12.7 41.6 0.9983 0.00 0.0M
162120.000 1973 COM2 65 0R0 228 1.9 12.7 41.7 0.9983 0.00 0.0M
162180.000 1973 COM2 65 0R0 271 7.8 12.7 42.0 0.9983 0.00 0.0M
162240.000 1973 COM2 65 0R0 239 4.1 12.7 42.0 0.9983 0.00 0.0M
162300.000 1973 COM2 65 0R0 310 2.9 12.6 41.8 0.9983 0.00 0.0M
162360.000 1973 COM2 65 0R0 173 1.1 12.6 42.2 0.9983 0.00 0.0M
162420.000 1973 COM2 65 0R0 247 2.8 12.6 42.1 0.9983 0.00 0.0M
162480.000 1973 COM2 65 0R0 249 2.3 12.6 42.6 0.9983 0.00 0.0M
162540.000 1973 COM2 65 0R0 296 3.4 12.6 42.2 0.9983 0.00 0.0M
162600.000 1973 COM2 65 0R0 271 2.1 12.6 42.7 0.9984 0.00 0.0M
162660.000 1973 COM2 65 0R0 276 3.6 12.6 42.7 0.9984 0.00 0.0M
162720.000 1973 COM2 65 0R0 253 4.4 12.6 42.4 0.9983 0.00 0.0M
162780.000 1973 COM2 65 0R0 248 4.2 12.6 42.6 0.9984 0.00 0.0M
162840.000 1973 COM2 65 0R0 259 7.3 12.6 42.3 0.9985 0.00 0.0M
162900.000 1973 COM2 65 0R0 228 5.6 12.5 42.2 0.9984 0.00 0.0M
162960.000 1973 COM2 65 0R0 244 3.5 12.5 42.3 0.9985 0.00 0.0M
163020.000 1973 COM2 65 0R0 244 4.1 12.5 42.4 0.9986 0.00 0.0M
163080.000 1973 COM2 65 0R0 228 6.0 12.5 42.3 0.9986 0.00 0.0M
163140.000 1973 COM2 65 0R0 220 3.6 12.5 42.6 0.9986 0.00 0.0M
163200.000 1973 COM2 65 0R0 254 2.0 12.5 42.8 0.9987 0.00 0.0M
163260.000 1973 COM2 65 0R0 249 4.4 12.5 42.2 0.9987 0.00 0.0M
163320.000 1973 COM2 65 0R0 275 1.9 12.4 42.9 0.9988 0.00 0.0M
163380.000 1973 COM2 65 0R0 289 4.2 12.5 42.4 0.9987 0.00 0.0M
163440.100 1973 COM2 65 0R0 227 1.6 12.5 42.6 0.9987 0.00 0.0M
163500.000 1973 COM2 65 0R0 243 4.2 12.5 42.3 0.9986 0.00 0.0M
163560.000 1973 COM2 65 0R0 238 2.9 12.5 42.3 0.9986 0.00 0.0M
163620.000 1973 COM2 65 0R0 231 0.9 12.5 42.5 0.9986 0.00 0.0M
163680.000 1973 COM2 65 0R0 274 1.3 12.5 42.4 0.9986 0.00 0.0M
163740.000 1973 COM2 65 0R0 277 3.0 12.5 42.3 0.9985 0.00 0.0M
163800.000 1973 COM2 65 0R0 236 1.7 12.4 42.2 0.9985 0.00 0.0M
163860.000 1973 COM2 65 0R0 248 2.3 12.4 42.7 0.9985 0.00 0.0M
163920.000 1973 COM2 65 0R0 244 1.5 12.4 42.9 0.9985 0.00 0.0M
163980.000 1973 COM2 65 0R0 215 2.9 12.3 42.9 0.9985 0.00 0.0M
164040.000 1973 COM2 65 0R0 287 1.3 12.3 43.8 0.9986 0.00 0.0M
164100.000 1973 COM2 65 0R0 273 2.2 12.3 43.1 0.9987 0.00 0.0M
164160.000 1973 COM2 65 0R0 254 1.9 12.3 42.9 0.9986 0.00 0.0M
164220.000 1973 COM2 65 0R0 232 3.3 12.3 43.7 0.9987 0.00 0.0M
164280.000 1973 COM2 65 0R0 309 2.5 12.3 42.9 0.9986 0.00 0.0M
164340.000 1973 COM2 65 0R0 250 1.9 12.3 42.1 0.9985 0.00 0.0M
164400.000 1973 COM2 65 0R0 239 2.2 12.3 43.0 0.9986 0.00 0.0M
164460.000 1973 COM2 65 0R0 245 3.1 12.3 43.0 0.9986 0.00 0.0M
164520.000 1973 COM2 65 0R0 261 1.7 12.3 43.1 0.9986 0.00 0.0M
164580.000 1973 COM2 65 0R0 256 3.8 12.3 43.2 0.9987 0.00 0.0M
164640.000 1973 COM2 65 0R0 253 3.3 12.3 42.7 0.9986 0.00 0.0M
164700.000 1973 COM2 65 0R0 233 4.3 12.2 42.9 0.9986 0.00 0.0M
164760.000 1973 COM2 65 0R0 256 1.3 12.2 43.2 0.9986 0.00 0.0M
164820.000 1973 COM2 65 0R0 251 2.7 12.2 42.8 0.9986 0.00 0.0M
164880.000 1973 COM2 65 0R0 238 0.7 12.2 43.4 0.9986 0.00 0.0M
164940.000 1973 COM2 65 0R0 252 2.5 12.1 43.8 0.9986 0.00 0.0M
165000.000 1973 COM2 65 0R0 240 1.2 12.1 43.9 0.9985 0.00 0.0M
165060.000 1973 COM2 65 0R0 203 1.5 12.1 43.7 0.9985 0.00 0.0M
165120.000 1973 COM2 65 0R0 217 2.7 12.1 43.3 0.9985 0.00 0.0M
165180.000 1973 COM2 65 0R0 222 3.1 12.1 43.4 0.9986 0.00 0.0M
165240.000 1973 COM2 65 0R0 235 1.0 12.0 43.6 0.9986 0.00 0.0M
165300.000 1973 COM2 65 0R0 227 3.3 12.0 44.0 0.9986 0.00 0.0M
165360.000 1973 COM2 65 0R0 225 2.6 12.0 43.6 0.9986 0.00 0.0M
165420.000 1973 COM2 65 0R0 275 1.0 12.0 45.0 0.9987 0.00 0.0M
165480.000 1973 COM2 65 0R0 251 2.3 11.9 44.3 0.9987 0.00 0.0M
165540.000 1973 COM2 65 0R0 236 1.3 11.9 44.7 0.9987 0.00 0.0M
165600.000 1973 COM2 65 0R0 212 4.0 11.9 45.5 0.9987 0.00 0.0M
165660.000 1973 COM2 65 0R0 201 4.1 11.9 44.3 0.9987 0.00 0.0M
165720.000 1973 COM2 65 0R0 202 2.9 11.8 45.1 0.9989 0.00 0.0M
165780.000 1973 COM2 65 0R0 244 2.6 11.8 45.1 0.9989 0.00 0.0M
165840.000 1973 COM2 65 0R0 230 1.8 11.8 45.0 0.9989 0.00 0.0M
165900.000 1973 COM2 65 0R0 262 2.6 11.8 45.7 0.9990 0.00 0.0M
165960.000 1973 COM2 65 0R0 234 4.3 11.8 45.0 0.9989 0.00 0.0M
166020.000 1973 COM2 65 0R0 217 2.6 11.8 45.1 0.9990 0.00 0.0M
166080.000 1973 COM2 65 0R0 260 1.9 11.7 46.1 0.9990 0.00 0.0M
166140.000 1973 COM2 65 0R0 271 1.1 11.7 45.5 0.9990 0.00 0.0M
166200.000 1973 COM2 65 0R0 260 2.0 11.7 45.2 0.9990 0.00 0.0M
166260.000 1973 COM2 65 0R0 226 3.3 11.7 45.3 0.9989 0.00 0.0M
166320.000 1973 COM2 65 0R0 243 3.6 11.7 45.4 0.9989 0.00 0.0M
166380.000 1973 COM2 65 0R0 211 3.6 11.6 45.6 0.9989 0.00 0.0M
166440.000 1973 COM2 65 0R0 240 4.4 11.6 45.7 0.9989 0.00 0.0M
166500.000 1973 COM2 65 0R0 296 1.0 11.6 46.0 0.9990 0.00 0.0M
166560.000 1973 COM2 65 0R0 243 2.1 11.6 45.6 0.9989 0.00 0.0M
166620.000 1973 COM2 65 0R0 233 2.8 11.6 45.6 0.9989 0.00 0.0M
166680.000 1973 COM2 65 0R0 205 3.4 11.5 45.3 0.9989 0.00 0.0M
166740.000 1973 COM2 65 0R0 223 2.7 11.5 45.3 0.9989 0.00 0.0M
166800.000 1973 COM2 65 0R0 224 2.2 11.5 45.8 0.9989 0.00 0.0M
166860.000 1973 COM2 65 0R0 215 3.8 11.5 46.1 0.9990 0.00 0.0M
166920.000 1973 COM2 65 0R0 205 2.3 11.5 46.3 0.9991 0.00 0.0M
166980.000 1973 COM2 65 0R0 225 2.5 11.4 46.4 0.9992 0.00 0.0M
167040.000 1973 COM2 65 0R0 227 2.3 11.4 47.1 0.9992 0.00 0.0M
167100.000 1973 COM2 65 0R0 228 2.7 11.4 46.8 0.9992 0.00 0.0M
167160.000 1973 COM2 65 0R0 266 2.5 11.4 46.5 0.9993 0.00 0.0M
167220.000 1973 COM2 65 0R0 220 0.6 11.4 47.3 0.9993 0.00 0.0M
167280.000 1973 COM2 65 0R0 244 4.2 11.4 46.3 0.9993 0.00 0.0M
167340.000 1973 COM2 65 0R0 253 1.1 11.4 47.1 0.9993 0.00 0.0M
167400.000 1973 COM2 65 0R0 239 3.4 11.4 46.2 0.9993 0.00 0.0M
167460.000 1973 COM2 65 0R0 252 2.1 11.3 46.9 0.9993 0.00 0.0M
167520.000 1973 COM2 65 0R0 218 0.6 11.3 45.9 0.9993 0.00 0.0M
167580.000 1973 COM2 65 0R0 225 1.0 11.3 47.6 0.9993 0.00 0.0M
167640.000 1973 COM2 65 0R0 171 2.7 11.3 46.4 0.9992 0.00 0.0M
167700.000 1973 COM2 65 0R0 204 2.6 11.2 47.2 0.9993 0.00 0.0M
167760.000 1973 COM2 65 0R0 283 1.3 11.2 46.9 0.9993 0.00 0.0M
167820.000 1973 COM2 65 0R0 176 2.5 11.2 47.1 0.9993 0.00 0.0M
167880.000 1973 COM2 65 0R0 209 3.3 11.2 46.6 0.9993 0.00 0.0M
167940.000 1973 COM2 65 0R0 262 1.7 11.1 48.3 0.9994 0.00 0.0M
168000.000 1973 COM2 65 0R0 195 2.9 11.1 46.7 0.9994 0.00 0.0M
168060.000 1973 COM2 65 0R0 223 1.6 11.1 47.9 0.9993 0.00 0.0M
168120.000 1973 COM2 65 0R0 226 3.0 11.1 46.8 0.9993 0.00 0.0M
168180.000 1973 COM2 65 0R0 261 0.9 11.1 47.9 0.9994 0.00 0.0M
168240.000 1973 COM2 65 0R0 213 1.6 11.1 47.5 0.9994 0.00 0.0M
168300.000 1973 COM2 65 0R0 232 1.2 11.1 47.6 0.9994 0.00 0.0M
168360.000 1973 COM2 65 0R0 185 2.9 11.1 47.1 0.9994 0.00 0.0M
168420.000 1973 COM2 65 0R0 267 1.5 11.1 47.2 0.9994 0.00 0.0M
168480.000 1973 COM2 65 0R0 202 3.3 11.1 47.0 0.9994 0.00 0.0M
168540.000 1973 COM2 65 0R0 222 1.2 11.1 47.0 0.9994 0.00 0.0M
168600.000 1973 COM2 65 0R0 220 2.7 11.1 45.7 0.9994 0.00 0.0M
168660.000 1973 COM2 65 0R0 212 3.3 11.1 46.4 0.9995 0.00 0.0M
168720.000 1973 COM2 65 0R0 263 2.9 11.1 46.3 0.9996 0.00 0.0M
168780.000 1973 COM2 65 0R0 215 2.5 11.1 46.1 0.9996 0.00 0.0M
168840.000 1973 COM2 65 0R0 217 3.1 11.1 46.1 0.9996 0.00 0.0M
168900.000 1973 COM2 65 0R0 200 3.1 11.0 46.4 0.9997 0.00 0.0M
168960.000 1973 COM2 65 0R0 233 3.3 11.0 46.5 0.9998 0.00 0.0M
169020.000 1973 COM2 65 0R0 239 2.2 11.0 46.3 0.9998 0.00 0.0M
169080.000 1973 COM2 65 0R0 218 3.7 11.0 46.6 0.9998 0.00 0.0M
169140.000 1973 COM2 65 0R0 177 3.4 11.0 46.2 0.9998 0.00 0.0M
169200.000 1973 COM2 65 0R0 205 4.1 11.0 46.3 0.9998 0.00 0.0M
169260.000 1973 COM2 65 0R0 191 2.5 10.9 46.6 0.9998 0.00 0.0M
169320.000 1973 COM2 65 0R0 226 4.1 10.9 46.8 0.9998 0.00 0.0M
169380.000 1973 COM2 65 0R0 224 2.9 11.0 45.9 0.9999 0.00 0.0M
169440.000 1973 COM2 65 0R0 255 1.4 11.0 46.4 0.9999 0.00 0.0M
169500.000 1973 COM2 65 0R0 205 4.2 10.9 46.5 0.9999 0.00 0.0M
169560.000 1973 COM2 65 0R0 234 2.8 10.9 46.1 0.9999 0.00 0.0M
169620.000 1973 COM2 65 0R0 221 3.1 10.9 46.6 1.0000 0.00 0.0M
169680.000 1973 COM2 65 0R0 212 2.8 10.9 46.6 1.0000 0.00 0.0M
169740.000 1973 COM2 65 0R0 249 2.5 10.9 46.8 1.0001 0.00 0.0M
169800.000 1973 COM2 65 0R0 200 1.8 10.9 46.2 1.0002 0.00 0.0M
169860.000 1973 COM2 65 0R0 237 2.4 10.9 47.5 1.0002 0.00 0.0M
169920.000 1973 COM2 65 0R0 224 1.9 10.9 46.7 1.0002 0.00 0.0M
169980.000 1973 COM2 65 0R0 225 3.4 10.9 47.4 1.0002 0.00 0.0M
170040.000 1973 COM2 65 0R0 232 2.7 10.9 47.4 1.0002 0.00 0.0M
170100.000 1973 COM2 65 0R0 189 3.3 10.9 46.9 1.0001 0.00 0.0M
170160.000 1973 COM2 65 0R0 236 0.6 10.9 47.5 1.0001 0.00 0.0M
170220.000 1973 COM2 65 0R0 232 2.6 10.9 47.5 1.0001 0.00 0.0M
170280.000 1973 COM2 65 0R0 221 3.1 10.8 48.1 1.0001 0.00 0.0M
170340.000 1973 COM2 65 0R0 224 3.5 10.8 46.7 1.0002 0.00 0.0M
170400.000 1973 COM2 65 0R0 222 3.7 10.8 46.8 1.0002 0.00 0.0M
170460.000 1973 COM2 65 0R0 246 3.6 10.8 47.7 1.0002 0.00 0.0M
170520.000 1973 COM2 65 0R0 228 3.2 10.8 47.7 1.0003 0.00 0.0M
170580.000 1973 COM2 65 0R0 247 2.2 10.8 48.0 1.0002 0.00 0.0M
170640.000 1973 COM2 65 0R0 224 2.5 10.8 47.9 1.0002 0.00 0.0M
170700.000 1973 COM2 65 0R0 221 3.0 10.8 48.1 1.0002 0.00 0.0M
170760.000 1973 COM2 65 0R0 225 2.0 10.7 47.9 1.0003 0.00 0.0M
170820.000 1973 COM2 65 0R0 190 3.5 10.7 47.7 1.0003 0.00 0.0M
170880.000 1973 COM2 65 0R0 230 4.6 10.7 47.8 1.0003 0.00 0.0M
170940.000 1973 COM2 65 0R0 256 1.5 10.7 48.0 1.0003 0.00 0.0M
171000.000 1973 COM2 65 0R0 222 2.9 10.7 47.9 1.0004 0.00 0.0M
171060.000 1973 COM2 65 0R0 225 4.0 10.7 47.9 1.0003 0.00 0.0M
171120.000 1973 COM2 65 0R0 229 3.6 10.7 48.3 1.0004 0.00 0.0M
171180.000 1973 COM2 65 0R0 243 2.3 10.7 48.1 1.0005 0.00 0.0M
171240.000 1973 COM2 65 0R0 251 2.8 10.7 48.1 1.0005 0.00 0.0M
171300.000 1973 COM2 65 0R0 244 1.7 10.7 47.9 1.0005 0.00 0.0M
171360.000 1973 COM2 65 0R0 223 2.1 10.7 48.4 1.0005 0.00 0.0M
171420.000 1973 COM2 65 0R0 236 2.5 10.7 48.2 1.0005 0.00 0.0M
171480.000 1973 COM2 65 0R0 231 2.9 10.7 48.7 1.0005 0.00 0.0M
171540.000 1973 COM2 65 0R0 218 2.1 10.6 47.8 1.0005 0.00 0.0M
171600.000 1973 COM2 65 0R0 270 3.4 10.6 48.4 1.0005 0.00 0.0M
171660.100 1973 COM2 65 0R0 245 3.2 10.6 48.7 1.0005 0.00 0.0M
171720.000 1973 COM2 65 0R0 182 3.7 10.6 48.0 1.0005 0.00 0.0M
171780.000 1973 COM2 65 0R0 234 3.7 10.6 48.8 1.0005 0.00 0.0M
171840.100 1973 COM2 65 0R0 227 2.8 10.6 49.1 1.0005 0.00 0.0M
171900.100 1973 COM2 65 0R0 229 3.8 10.6 48.7 1.0005 0.00 0.0M
171960.100 1973 COM2 65 0R0 261 3.1 10.6 48.3 1.0005 0.00 0.0M
172020.000 1973 COM2 65 0R0 196 2.0 10.6 48.9 1.0005 0.00 0.0M
172080.000 1973 COM2 65 0R0 237 3.4 10.6 49.0 1.0006 0.00 0.0M
172140.000 1973 COM2 65 0R0 235 4.4 10.6 49.2 1.0006 0.00 0.0M
172200.000 1973 COM2 65 0R0 245 3.1 10.6 49.0 1.0005 0.00 0.0M
172260.000 1973 COM2 65 0R0 222 4.4 10.6 49.0 1.0005 0.00 0.0M
172320.000 1973 COM2 65 0R0 241 2.3 10.6 48.8 1.0004 0.00 0.0M
172380.000 1973 COM2 65 0R0 213 3.0 10.6 49.2 1.0004 0.00 0.0M
172440.000 1973 COM2 65 0R0 210 3.4 10.6 49.4 1.0004 0.00 0.0M
172500.000 1973 COM2 65 0R0 219 5.0 10.5 49.5 1.0004 0.00 0.0M
172560.000 1973 COM2 65 0R0 187 4.1 10.5 49.6 1.0004 0.00 0.0M
172620.000 1973 COM2 65 0R0 223 4.0 10.4 49.7 1.0004 0.00 0.0M
172680.000 1973 COM2 65 0R0 228 3.9 10.4 49.9 1.0005 0.00 0.0M
172740.000 1973 COM2 65 0R0 226 4.3 10.4 49.8 1.0005 0.00 0.0M
