TO [s] WNc [w] C StringLn ASCIIString
---------------------------------------
345600.000 1968 COM2 65 0R0 083 1.8 25.8 76.5 1.0002 0.00 0.0M
345660.000 1968 COM2 65 0R0 065 2.7 25.8 76.5 1.0002 0.00 0.0M
345720.000 1968 COM2 65 0R0 075 2.1 25.8 76.6 1.0002 0.00 0.0M
345780.000 1968 COM2 65 0R0 067 2.0 25.8 76.5 1.0002 0.00 0.0M
345840.000 1968 COM2 65 0R0 071 1.6 25.7 76.6 1.0002 0.00 0.0M
345900.000 1968 COM2 65 0R0 082 1.0 25.7 76.8 1.0002 0.00 0.0M
345960.100 1968 COM2 65 0R0 080 1.6 25.7 76.9 1.0003 0.00 0.0M
346020.000 1968 COM2 65 0R0 081 0.9 25.7 76.9 1.0003 0.00 0.0M
346080.000 1968 COM2 65 0R0 095 0.8 25.7 76.8 1.0003 0.00 0.0M
346140.000 1968 COM2 65 0R0 051 0.7 25.7 77.0 1.0003 0.00 0.0M
346200.000 1968 COM2 65 0R0 087 0.8 25.6 77.1 1.0003 0.00 0.0M
346260.000 1968 COM2 65 0R0 027 0.7 25.6 77.4 1.0003 0.00 0.0M
346320.000 1968 COM2 65 0R0 050 0.3 25.6 76.8 1.0003 0.00 0.0M
346380.000 1968 COM2 65 0R0 062 1.1 25.6 77.3 1.0003 0.00 0.0M
346440.000 1968 COM2 65 0R0 042 1.5 25.6 77.3 1.0003 0.00 0.0M
346500.000 1968 COM2 65 0R0 022 1.1 25.6 77.5 1.0003 0.00 0.0M
346560.000 1968 COM2 65 0R0 044 1.5 25.6 77.4 1.0003 0.00 0.0M
346620.000 1968 COM2 65 0R0 033 0.8 25.5 77.6 1.0003 0.00 0.0M
346680.000 1968 COM2 65 0R0 051 1.1 25.5 77.7 1.0003 0.00 0.0M
346740.000 1968 COM2 65 0R0 040 1.0 25.5 77.6 1.0003 0.00 0.0M
346800.000 1968 COM2 65 0R0 031 0.9 25.5 77.9 1.0002 0.00 0.0M
346860.000 1968 COM2 65 0R0 096 0.5 25.5 77.7 1.0002 0.00 0.0M
346920.000 1968 COM2 65 0R0 017 1.5 25.5 77.9 1.0002 0.00 0.0M
346980.000 1968 COM2 65 0R0 040 1.0 25.5 77.9 1.0002 0.00 0.0M
347040.000 1968 COM2 65 0R0 003 0.5 25.5 77.7 1.0002 0.00 0.0M
347100.000 1968 COM2 65 0R0 032 0.8 25.5 77.7 1.0002 0.00 0.0M
347160.000 1968 COM2 65 0R0 346 0.8 25.5 78.0 1.0002 0.00 0.0M
347220.000 1968 COM2 65 0R0 352 0.6 25.5 78.0 1.0002 0.00 0.0M
347280.000 1968 COM2 65 0R0 038 0.4 25.5 78.3 1.0002 0.00 0.0M
347340.000 1968 COM2 65 0R0 085 0.1 25.4 78.2 1.0002 0.00 0.0M
347400.000 1968 COM2 65 0R0 094 0.4 25.4 78.4 1.0003 0.00 0.0M
347460.000 1968 COM2 65 0R0 034 1.4 25.4 78.5 1.0003 0.00 0.0M
347520.000 1968 COM2 65 0R0 030 1.3 25.4 78.5 1.0003 0.00 0.0M
347580.000 1968 COM2 65 0R0 006 1.1 25.4 78.5 1.0003 0.00 0.0M
347640.000 1968 COM2 65 0R0 030 1.3 25.3 78.4 1.0003 0.00 0.0M
347700.000 1968 COM2 65 0R0 031 1.2 25.3 78.7 1.0003 0.00 0.0M
347760.000 1968 COM2 65 0R0 356 0.5 25.3 78.3 1.0003 0.00 0.0M
347820.000 1968 COM2 65 0R0 022 1.5 25.3 78.8 1.0003 0.00 0.0M
347880.000 1968 COM2 65 0R0 354 0.4 25.3 78.3 1.0003 0.00 0.0M
347940.000 1968 COM2 65 0R0 008 0.9 25.3 78.9 1.0003 0.00 0.0M
348000.000 1968 COM2 65 0R0 001 1.1 25.2 79.0 1.0003 0.00 0.0M
348060.000 1968 COM2 65 0R0 015 1.5 25.2 79.0 1.0003 0.00 0.0M
348120.000 1968 COM2 65 0R0 120 0.4 25.2 79.0 1.0003 0.00 0.0M
348180.000 1968 COM2 65 0R0 017 0.8 25.2 79.3 1.0003 0.00 0.0M
348240.000 1968 COM2 65 0R0 032 1.1 25.2 79.3 1.0003 0.00 0.0M
348300.000 1968 COM2 65 0R0 044 2.0 25.1 79.6 1.0003 0.00 0.0M
348360.000 1968 COM2 65 0R0 048 1.1 25.1 79.7 1.0003 0.00 0.0M
348420.000 1968 COM2 65 0R0 038 0.8 25.1 79.5 1.0003 0.00 0.0M
348480.000 1968 COM2 65 0R0 022 1.3 25.1 79.9 1.0003 0.00 0.0M
348540.000 1968 COM2 65 0R0 086 0.7 25.0 80.0 1.0003 0.00 0.0M
348600.000 1968 COM2 65 0R0 033 1.7 25.0 80.1 1.0003 0.00 0.0M
348660.000 1968 COM2 65 0R0 040 1.3 25.0 79.9 1.0003 0.00 0.0M
348720.000 1968 COM2 65 0R0 054 0.5 25.0 80.4 1.0002 0.00 0.0M
348780.000 1968 COM2 65 0R0 020 0.4 25.0 80.3 1.0002 0.00 0.0M
348840.000 1968 COM2 65 0R0 062 2.0 25.0 80.6 1.0002 0.00 0.0M
348900.000 1968 COM2 65 0R0 061 1.9 25.0 80.5 1.0002 0.00 0.0M
348960.000 1968 COM2 65 0R0 111 0.8 24.9 80.9 1.0002 0.00 0.0M
349020.000 1968 COM2 65 0R0 067 1.5 24.9 81.1 1.0002 0.00 0.0M
349080.000 1968 COM2 65 0R0 043 1.2 24.9 81.3 1.0002 0.00 0.0M
349140.000 1968 COM2 65 0R0 070 1.5 24.8 81.2 1.0002 0.00 0.0M
349200.000 1968 COM2 65 0R0 034 1.3 24.8 81.2 1.0002 0.00 0.0M
349260.000 1968 COM2 65 0R0 033 1.2 24.8 81.6 1.0002 0.00 0.0M
349320.000 1968 COM2 65 0R0 058 0.5 24.8 81.6 1.0002 0.00 0.0M
349380.000 1968 COM2 65 0R0 034 1.5 24.7 81.4 1.0002 0.00 0.0M
349440.000 1968 COM2 65 0R0 018 1.3 24.7 81.7 1.0002 0.00 0.0M
349500.000 1968 COM2 65 0R0 048 1.7 24.7 81.6 1.0002 0.00 0.0M
349560.100 1968 COM2 65 0R0 027 2.2 24.7 82.4 1.0002 0.00 0.0M
349620.000 1968 COM2 65 0R0 065 0.8 24.7 82.1 1.0002 0.00 0.0M
349680.000 1968 COM2 65 0R0 049 2.3 24.7 81.8 1.0002 0.00 0.0M
349740.000 1968 COM2 65 0R0 086 0.7 24.7 82.0 1.0002 0.00 0.0M
349800.000 1968 COM2 65 0R0 036 1.4 24.7 82.3 1.0002 0.00 0.0M
349860.000 1968 COM2 65 0R0 091 1.6 24.7 82.3 1.0002 0.00 0.0M
349920.000 1968 COM2 65 0R0 045 1.8 24.7 82.5 1.0002 0.00 0.0M
349980.000 1968 COM2 65 0R0 035 0.8 24.7 82.2 1.0002 0.00 0.0M
350040.000 1968 COM2 65 0R0 090 1.7 24.7 82.6 1.0002 0.00 0.0M
350100.000 1968 COM2 65 0R0 069 1.7 24.7 82.8 1.0002 0.00 0.0M
350160.000 1968 COM2 65 0R0 063 0.9 24.7 82.6 1.0002 0.00 0.0M
350220.000 1968 COM2 65 0R0 076 1.3 24.7 82.6 1.0002 0.00 0.0M
350280.000 1968 COM2 65 0R0 038 1.2 24.6 82.7 1.0002 0.00 0.0M
350340.000 1968 COM2 65 0R0 041 1.0 24.6 82.9 1.0001 0.00 0.0M
350400.000 1968 COM2 65 0R0 088 0.7 24.6 81.5 1.0001 0.00 0.0M
350460.000 1968 COM2 65 0R0 067 2.0 24.6 82.9 1.0001 0.00 0.0M
350520.000 1968 COM2 65 0R0 052 2.1 24.6 83.2 1.0001 0.00 0.0M
350580.000 1968 COM2 65 0R0 066 1.8 24.6 82.8 1.0001 0.00 0.0M
350640.000 1968 COM2 65 0R0 073 1.8 24.5 83.5 1.0001 0.00 0.0M
350700.000 1968 COM2 65 0R0 062 1.1 24.5 83.2 1.0001 0.00 0.0M
350760.000 1968 COM2 65 0R0 018 1.5 24.5 83.7 1.0001 0.00 0.0M
350820.000 1968 COM2 65 0R0 060 1.4 24.5 83.7 1.0001 0.00 0.0M
350880.000 1968 COM2 65 0R0 035 0.9 24.5 83.7 1.0001 0.00 0.0M
350940.000 1968 COM2 65 0R0 353 0.5 24.5 83.8 1.0002 0.00 0.0M
351000.000 1968 COM2 65 0R0 021 0.7 24.4 83.9 1.0002 0.00 0.0M
351060.000 1968 COM2 65 0R0 354 1.3 24.4 84.0 1.0003 0.00 0.0M
351120.000 1968 COM2 65 0R0 348 0.7 24.4 83.8 1.0003 0.00 0.0M
351180.000 1968 COM2 65 0R0 356 1.4 24.4 83.6 1.0003 0.00 0.0M
351240.000 1968 COM2 65 0R0 348 1.9 24.4 83.7 1.0004 0.00 0.0M
351300.000 1968 COM2 65 0R0 318 0.5 24.4 83.4 1.0004 0.00 0.0M
351360.000 1968 COM2 65 0R0 333 1.0 24.4 83.3 1.0004 0.00 0.0M
351420.000 1968 COM2 65 0R0 331 1.3 24.4 83.3 1.0004 0.00 0.0M
351480.000 1968 COM2 65 0R0 336 1.2 24.4 83.5 1.0004 0.00 0.0M
351540.000 1968 COM2 65 0R0 006 0.6 24.4 83.5 1.0004 0.00 0.0M
351600.000 1968 COM2 65 0R0 040 0.5 24.4 83.8 1.0003 0.00 0.0M
351660.000 1968 COM2 65 0R0 022 0.4 24.4 84.0 1.0003 0.00 0.0M
351720.000 1968 COM2 65 0R0 008 1.0 24.4 84.0 1.0003 0.00 0.0M
351780.000 1968 COM2 65 0R0 033 0.7 24.3 83.8 1.0003 0.00 0.0M
351840.000 1968 COM2 65 0R0 021 2.2 24.3 84.3 1.0003 0.00 0.0M
351900.000 1968 COM2 65 0R0 061 0.3 24.3 84.5 1.0003 0.00 0.0M
351960.000 1968 COM2 65 0R0 014 1.1 24.3 84.4 1.0003 0.00 0.0M
352020.000 1968 COM2 65 0R0 316 0.8 24.3 84.5 1.0003 0.00 0.0M
352080.000 1968 COM2 65 0R0 001 0.5 24.3 84.3 1.0003 0.00 0.0M
352140.000 1968 COM2 65 0R0 031 1.4 24.3 84.5 1.0003 0.00 0.0M
352200.000 1968 COM2 65 0R0 037 0.9 24.3 84.5 1.0003 0.00 0.0M
352260.000 1968 COM2 65 0R0 017 0.7 24.3 84.2 1.0003 0.00 0.0M
352320.000 1968 COM2 65 0R0 010 1.2 24.3 84.0 1.0003 0.00 0.0M
352380.000 1968 COM2 65 0R0 030 1.8 24.3 84.2 1.0003 0.00 0.0M
352440.000 1968 COM2 65 0R0 043 1.5 24.3 84.1 1.0003 0.00 0.0M
352500.000 1968 COM2 65 0R0 028 2.3 24.3 84.1 1.0003 0.00 0.0M
352560.000 1968 COM2 65 0R0 034 1.8 24.3 84.4 1.0003 0.00 0.0M
352620.000 1968 COM2 65 0R0 057 0.8 24.4 84.1 1.0003 0.00 0.0M
352680.000 1968 COM2 65 0R0 058 0.6 24.4 84.1 1.0003 0.00 0.0M
352740.000 1968 COM2 65 0R0 020 1.8 24.3 84.2 1.0002 0.00 0.0M
352800.000 1968 COM2 65 0R0 069 1.4 24.4 84.4 1.0002 0.00 0.0M
352860.000 1968 COM2 65 0R0 072 2.0 24.4 84.7 1.0002 0.00 0.0M
352920.000 1968 COM2 65 0R0 064 1.7 24.4 84.6 1.0001 0.00 0.0M
352980.000 1968 COM2 65 0R0 076 0.4 24.4 84.1 1.0001 0.00 0.0M
353040.100 1968 COM2 65 0R0 016 1.4 24.4 84.5 1.0001 0.00 0.0M
353100.000 1968 COM2 65 0R0 066 2.1 24.3 84.5 1.0001 0.00 0.0M
353160.000 1968 COM2 65 0R0 056 2.5 24.3 85.2 1.0001 0.00 0.0M
353220.000 1968 COM2 65 0R0 082 1.1 24.3 85.6 1.0001 0.00 0.0M
353280.000 1968 COM2 65 0R0 053 2.5 24.3 85.5 1.0001 0.00 0.0M
353340.000 1968 COM2 65 0R0 075 2.4 24.2 85.5 1.0001 0.00 0.0M
353400.000 1968 COM2 65 0R0 060 1.2 24.2 84.9 1.0001 0.00 0.0M
353460.000 1968 COM2 65 0R0 117 2.5 24.2 85.7 1.0000 0.00 0.0M
353520.000 1968 COM2 65 0R0 054 1.1 24.2 85.5 1.0000 0.00 0.0M
353580.000 1968 COM2 65 0R0 080 1.7 24.2 85.6 1.0000 0.00 0.0M
353640.000 1968 COM2 65 0R0 085 3.2 24.2 85.6 1.0000 0.00 0.0M
353700.000 1968 COM2 65 0R0 053 1.7 24.1 85.6 1.0000 0.00 0.0M
353760.000 1968 COM2 65 0R0 072 0.7 24.1 85.7 1.0000 0.00 0.0M
353820.000 1968 COM2 65 0R0 056 1.6 24.1 85.9 1.0000 0.00 0.0M
353880.000 1968 COM2 65 0R0 076 1.9 24.1 85.9 1.0000 0.00 0.0M
353940.000 1968 COM2 65 0R0 065 1.6 24.0 85.8 1.0000 0.00 0.0M
354000.000 1968 COM2 65 0R0 050 1.1 24.0 86.1 1.0000 0.00 0.0M
354060.000 1968 COM2 65 0R0 065 1.2 24.0 84.9 0.9999 0.00 0.0M
354120.000 1968 COM2 65 0R0 002 0.5 24.0 85.5 0.9999 0.00 0.0M
354180.000 1968 COM2 65 0R0 054 0.8 24.0 85.8 1.0000 0.00 0.0M
354240.000 1968 COM2 65 0R0 025 1.0 24.0 85.9 1.0000 0.00 0.0M
354300.000 1968 COM2 65 0R0 036 1.2 24.0 85.8 0.9999 0.00 0.0M
354360.000 1968 COM2 65 0R0 176 0.2 23.9 85.9 0.9999 0.00 0.0M
354420.000 1968 COM2 65 0R0 016 1.2 23.9 86.1 0.9999 0.00 0.0M
354480.000 1968 COM2 65 0R0 024 0.3 23.9 86.0 0.9999 0.00 0.0M
354540.000 1968 COM2 65 0R0 046 0.7 23.9 86.1 0.9998 0.00 0.0M
354600.000 1968 COM2 65 0R0 042 0.8 23.8 86.3 0.9998 0.00 0.0M
354660.000 1968 COM2 65 0R0 059 1.4 23.8 86.3 0.9998 0.00 0.0M
354720.000 1968 COM2 65 0R0 031 1.2 23.8 86.5 0.9998 0.00 0.0M
354780.000 1968 COM2 65 0R0 016 1.4 23.8 86.5 0.9998 0.00 0.0M
354840.000 1968 COM2 65 0R0 027 1.1 23.8 86.6 0.9998 0.00 0.0M
354900.000 1968 COM2 65 0R0 329 0.4 23.7 86.7 0.9997 0.00 0.0M
354960.000 1968 COM2 65 0R0 074 1.7 23.7 87.0 0.9997 0.00 0.0M
355020.000 1968 COM2 65 0R0 071 1.6 23.7 87.0 0.9997 0.00 0.0M
355080.000 1968 COM2 65 0R0 067 1.1 23.7 87.1 0.9996 0.00 0.0M
355140.000 1968 COM2 65 0R0 074 0.7 23.7 87.2 0.9996 0.00 0.0M
355200.000 1968 COM2 65 0R0 041 1.2 23.7 87.2 0.9996 0.00 0.0M
355260.000 1968 COM2 65 0R0 036 0.8 23.7 87.3 0.9996 0.00 0.0M
355320.000 1968 COM2 65 0R0 013 0.5 23.6 87.3 0.9996 0.00 0.0M
355380.000 1968 COM2 65 0R0 101 0.7 23.6 87.4 0.9996 0.00 0.0M
355440.000 1968 COM2 65 0R0 042 1.6 23.6 87.5 0.9996 0.00 0.0M
355500.000 1968 COM2 65 0R0 024 0.8 23.6 87.7 0.9996 0.00 0.0M
355560.000 1968 COM2 65 0R0 335 0.6 23.6 87.9 0.9995 0.00 0.0M
355620.000 1968 COM2 65 0R0 033 1.4 23.6 88.0 0.9995 0.00 0.0M
355680.000 1968 COM2 65 0R0 033 0.7 23.6 87.9 0.9995 0.00 0.0M
355740.000 1968 COM2 65 0R0 029 0.9 23.6 88.2 0.9995 0.00 0.0M
355800.000 1968 COM2 65 0R0 017 0.7 23.6 88.3 0.9995 0.00 0.0M
355860.000 1968 COM2 65 0R0 296 0.1 23.6 88.2 0.9995 0.00 0.0M
355920.000 1968 COM2 65 0R0 043 0.7 23.5 88.2 0.9994 0.00 0.0M
355980.000 1968 COM2 65 0R0 031 0.7 23.5 88.0 0.9994 0.00 0.0M
356040.000 1968 COM2 65 0R0 004 0.5 23.5 88.1 0.9995 0.00 0.0M
356100.000 1968 COM2 65 0R0 052 0.3 23.5 88.1 0.9995 0.00 0.0M
356160.000 1968 COM2 65 0R0 048 0.6 23.5 88.2 0.9995 0.00 0.0M
356220.000 1968 COM2 65 0R0 050 0.8 23.5 88.2 0.9995 0.00 0.0M
356280.000 1968 COM2 65 0R0 329 0.8 23.5 88.3 0.9995 0.00 0.0M
356340.000 1968 COM2 65 0R0 316 0.7 23.5 88.3 0.9995 0.00 0.0M
356400.000 1968 COM2 65 0R0 351 0.4 23.5 88.2 0.9995 0.00 0.0M
356460.000 1968 COM2 65 0R0 293 0.3 23.5 88.1 0.9995 0.00 0.0M
356520.000 1968 COM2 65 0R0 344 1.9 23.5 88.1 0.9995 0.00 0.0M
356580.000 1968 COM2 65 0R0 339 1.7 23.4 88.0 0.9995 0.00 0.0M
356640.000 1968 COM2 65 0R0 031 1.5 23.5 88.4 0.9994 0.00 0.0M
356700.000 1968 COM2 65 0R0 029 0.9 23.4 88.4 0.9994 0.00 0.0M
356760.000 1968 COM2 65 0R0 019 1.0 23.4 88.7 0.9994 0.00 0.0M
356820.000 1968 COM2 65 0R0 322 0.9 23.4 88.6 0.9993 0.00 0.0M
356880.000 1968 COM2 65 0R0 028 0.8 23.4 88.9 0.9993 0.00 0.0M
356940.000 1968 COM2 65 0R0 051 1.1 23.3 88.8 0.9993 0.00 0.0M
357000.000 1968 COM2 65 0R0 030 1.1 23.3 88.6 0.9993 0.00 0.0M
357060.000 1968 COM2 65 0R0 034 1.0 23.3 88.5 0.9993 0.00 0.0M
357120.000 1968 COM2 65 0R0 356 0.7 23.3 88.8 0.9993 0.00 0.0M
357180.000 1968 COM2 65 0R0 022 1.0 23.3 88.9 0.9993 0.00 0.0M
357240.000 1968 COM2 65 0R0 347 0.8 23.3 89.1 0.9993 0.00 0.0M
357300.000 1968 COM2 65 0R0 000 0.5 23.3 89.2 0.9993 0.00 0.0M
357360.000 1968 COM2 65 0R0 338 0.5 23.3 89.1 0.9993 0.00 0.0M
357420.000 1968 COM2 65 0R0 358 1.3 23.3 89.4 0.9993 0.00 0.0M
357480.000 1968 COM2 65 0R0 350 1.7 23.3 89.3 0.9993 0.00 0.0M
357540.000 1968 COM2 65 0R0 337 1.7 23.3 89.2 0.9993 0.00 0.0M
357600.000 1968 COM2 65 0R0 016 1.4 23.3 89.4 0.9993 0.00 0.0M
357660.000 1968 COM2 65 0R0 347 1.9 23.2 89.4 0.9992 0.00 0.0M
357720.000 1968 COM2 65 0R0 324 0.7 23.2 89.5 0.9992 0.00 0.0M
357780.000 1968 COM2 65 0R0 349 1.3 23.2 89.7 0.9992 0.00 0.0M
357840.000 1968 COM2 65 0R0 306 1.3 23.2 89.6 0.9992 0.00 0.0M
357900.000 1968 COM2 65 0R0 038 1.3 23.2 89.5 0.9992 0.00 0.0M
357960.000 1968 COM2 65 0R0 346 2.5 23.2 89.7 0.9992 0.00 0.0M
358020.000 1968 COM2 65 0R0 339 1.1 23.2 89.6 0.9991 0.00 0.0M
358080.000 1968 COM2 65 0R0 040 0.9 23.2 89.7 0.9991 0.00 0.0M
358140.000 1968 COM2 65 0R0 356 0.5 23.2 89.5 0.9991 0.00 0.0M
358200.000 1968 COM2 65 0R0 017 1.1 23.2 89.7 0.9991 0.00 0.0M
358260.000 1968 COM2 65 0R0 062 1.3 23.2 89.7 0.9991 0.00 0.0M
358320.000 1968 COM2 65 0R0 024 2.1 23.2 89.5 0.9991 0.00 0.0M
358380.000 1968 COM2 65 0R0 038 1.7 23.2 89.5 0.9991 0.00 0.0M
358440.000 1968 COM2 65 0R0 034 0.9 23.2 89.6 0.9991 0.00 0.0M
358500.000 1968 COM2 65 0R0 342 1.2 23.2 89.6 0.9991 0.00 0.0M
358560.000 1968 COM2 65 0R0 033 0.9 23.2 89.5 0.9991 0.00 0.0M
358620.000 1968 COM2 65 0R0 046 0.5 23.2 89.5 0.9991 0.00 0.0M
358680.000 1968 COM2 65 0R0 344 1.2 23.2 89.5 0.9991 0.00 0.0M
358740.000 1968 COM2 65 0R0 341 2.4 23.2 89.4 0.9991 0.00 0.0M
358800.000 1968 COM2 65 0R0 323 1.9 23.2 89.5 0.9991 0.00 0.0M
358860.000 1968 COM2 65 0R0 344 1.4 23.2 89.3 0.9991 0.00 0.0M
358920.000 1968 COM2 65 0R0 338 2.4 23.2 89.4 0.9991 0.00 0.0M
358980.000 1968 COM2 65 0R0 024 0.8 23.2 89.4 0.9991 0.00 0.0M
359040.000 1968 COM2 65 0R0 339 2.3 23.2 89.6 0.9991 0.00 0.0M
359100.000 1968 COM2 65 0R0 044 0.3 23.2 89.5 0.9991 0.00 0.0M
359160.000 1968 COM2 65 0R0 090 0.7 23.1 89.4 0.9991 0.00 0.0M
359220.000 1968 COM2 65 0R0 020 0.9 23.1 89.5 0.9990 0.00 0.0M
359280.000 1968 COM2 65 0R0 349 2.2 23.1 89.5 0.9990 0.00 0.0M
359340.000 1968 COM2 65 0R0 344 0.3 23.1 89.5 0.9990 0.00 0.0M
359400.000 1968 COM2 65 0R0 006 1.3 23.1 89.5 0.9990 0.00 0.0M
359460.000 1968 COM2 65 0R0 341 2.0 23.1 89.6 0.9990 0.00 0.0M
359520.000 1968 COM2 65 0R0 347 1.9 23.1 89.6 0.9989 0.00 0.0M
359580.000 1968 COM2 65 0R0 349 1.1 23.1 89.7 0.9989 0.00 0.0M
359640.000 1968 COM2 65 0R0 350 1.6 23.1 89.7 0.9989 0.00 0.0M
359700.000 1968 COM2 65 0R0 003 1.4 23.1 89.7 0.9989 0.00 0.0M
359760.000 1968 COM2 65 0R0 352 0.9 23.1 89.9 0.9989 0.00 0.0M
359820.000 1968 COM2 65 0R0 330 1.4 23.1 89.8 0.9989 0.00 0.0M
359880.000 1968 COM2 65 0R0 305 1.0 23.0 89.9 0.9988 0.00 0.0M
359940.000 1968 COM2 65 0R0 013 1.6 23.0 89.7 0.9988 0.00 0.0M
360000.000 1968 COM2 65 0R0 044 2.1 23.0 90.0 0.9988 0.00 0.0M
360060.000 1968 COM2 65 0R0 344 2.3 23.0 90.1 0.9988 0.00 0.0M
360120.000 1968 COM2 65 0R0 344 1.8 23.0 90.0 0.9988 0.00 0.0M
360180.000 1968 COM2 65 0R0 341 2.5 23.0 90.1 0.9988 0.00 0.0M
360240.000 1968 COM2 65 0R0 305 2.3 23.0 90.3 0.9988 0.00 0.0M
360300.000 1968 COM2 65 0R0 345 0.7 22.9 90.3 0.9987 0.00 0.0M
360360.000 1968 COM2 65 0R0 337 1.1 22.9 90.4 0.9987 0.00 0.0M
360420.000 1968 COM2 65 0R0 336 1.2 22.9 90.5 0.9987 0.00 0.0M
360480.000 1968 COM2 65 0R0 029 1.2 22.9 90.5 0.9986 0.00 0.0M
360540.000 1968 COM2 65 0R0 353 1.1 22.9 90.6 0.9986 0.00 0.0M
360600.000 1968 COM2 65 0R0 035 1.0 22.9 90.7 0.9986 0.00 0.0M
360660.000 1968 COM2 65 0R0 022 1.3 22.9 90.7 0.9985 0.00 0.0M
360720.000 1968 COM2 65 0R0 004 1.3 22.9 90.6 0.9985 0.00 0.0M
360780.000 1968 COM2 65 0R0 316 0.9 22.9 90.6 0.9985 0.00 0.0M
360840.000 1968 COM2 65 0R0 056 1.4 22.9 90.6 0.9985 0.00 0.0M
360900.000 1968 COM2 65 0R0 349 0.6 22.9 90.6 0.9985 0.00 0.0M
360960.000 1968 COM2 65 0R0 039 1.3 22.9 90.6 0.9985 0.00 0.0M
361020.000 1968 COM2 65 0R0 351 0.7 22.9 90.7 0.9985 0.00 0.0M
361080.000 1968 COM2 65 0R0 029 0.4 22.9 90.7 0.9985 0.00 0.0M
361140.000 1968 COM2 65 0R0 016 1.1 22.9 90.8 0.9985 0.00 0.0M
361200.000 1968 COM2 65 0R0 271 0.9 22.9 90.9 0.9984 0.00 0.0M
361260.000 1968 COM2 65 0R0 245 0.4 22.9 90.4 0.9984 0.00 0.0M
361320.000 1968 COM2 65 0R0 049 1.5 22.9 90.5 0.9984 0.00 0.0M
361380.000 1968 COM2 65 0R0 345 1.8 22.9 90.7 0.9984 0.00 0.0M
361440.000 1968 COM2 65 0R0 357 0.7 22.9 90.8 0.9984 0.00 0.0M
361500.000 1968 COM2 65 0R0 039 1.1 22.9 90.9 0.9984 0.00 0.0M
361560.000 1968 COM2 65 0R0 026 0.9 22.9 91.0 0.9984 0.00 0.0M
361620.000 1968 COM2 65 0R0 005 0.5 22.9 91.1 0.9984 0.00 0.0M
361680.000 1968 COM2 65 0R0 339 1.0 22.8 91.2 0.9984 0.00 0.0M
361740.000 1968 COM2 65 0R0 009 1.1 22.8 91.2 0.9984 0.00 0.0M
361800.000 1968 COM2 65 0R0 026 1.4 22.8 91.3 0.9985 0.00 0.0M
361860.000 1968 COM2 65 0R0 030 1.5 22.8 91.4 0.9985 0.00 0.0M
361920.000 1968 COM2 65 0R0 042 0.7 22.8 91.4 0.9985 0.00 0.0M
361980.000 1968 COM2 65 0R0 337 0.9 22.8 91.3 0.9985 0.00 0.0M
362040.000 1968 COM2 65 0R0 346 0.4 22.7 91.4 0.9985 0.00 0.0M
362100.000 1968 COM2 65 0R0 150 0.3 22.8 91.4 0.9985 0.00 0.0M
362160.000 1968 COM2 65 0R0 352 1.0 22.7 91.4 0.9985 0.00 0.0M
362220.000 1968 COM2 65 0R0 343 0.7 22.7 91.6 0.9985 0.00 0.0M
362280.000 1968 COM2 65 0R0 051 0.8 22.7 91.6 0.9985 0.00 0.0M
362340.000 1968 COM2 65 0R0 332 0.4 22.7 91.7 0.9985 0.00 0.0M
362400.000 1968 COM2 65 0R0 014 1.5 22.7 91.7 0.9985 0.00 0.0M
362460.000 1968 COM2 65 0R0 002 0.6 22.7 91.9 0.9985 0.00 0.0M
362520.000 1968 COM2 65 0R0 003 0.9 22.7 91.9 0.9985 0.00 0.0M
362580.000 1968 COM2 65 0R0 032 1.6 22.7 92.1 0.9985 0.00 0.0M
362640.000 1968 COM2 65 0R0 332 0.8 22.7 91.9 0.9985 0.00 0.0M
362700.000 1968 COM2 65 0R0 030 0.9 22.7 92.0 0.9986 0.00 0.0M
362760.000 1968 COM2 65 0R0 001 1.3 22.7 91.9 0.9986 0.00 0.0M
362820.000 1968 COM2 65 0R0 029 0.4 22.7 92.0 0.9986 0.00 0.0M
362880.000 1968 COM2 65 0R0 033 0.9 22.7 92.1 0.9986 0.00 0.0M
362940.000 1968 COM2 65 0R0 076 0.4 22.7 92.1 0.9986 0.00 0.0M
363000.000 1968 COM2 65 0R0 342 1.2 22.7 92.1 0.9986 0.00 0.0M
363060.000 1968 COM2 65 0R0 353 1.6 22.7 92.2 0.9986 0.00 0.0M
363120.000 1968 COM2 65 0R0 340 1.4 22.8 92.2 0.9985 0.00 0.0M
363180.000 1968 COM2 65 0R0 020 0.7 22.7 92.2 0.9985 0.00 0.0M
363240.000 1968 COM2 65 0R0 018 1.0 22.8 92.3 0.9985 0.00 0.0M
363300.000 1968 COM2 65 0R0 040 1.0 22.8 92.3 0.9985 0.00 0.0M
363360.000 1968 COM2 65 0R0 080 0.5 22.8 92.3 0.9985 0.00 0.0M
363420.000 1968 COM2 65 0R0 041 1.4 22.8 92.3 0.9985 0.00 0.0M
363480.000 1968 COM2 65 0R0 058 0.2 22.8 92.4 0.9984 0.00 0.0M
363540.000 1968 COM2 65 0R0 351 1.1 22.8 92.3 0.9984 0.00 0.0M
363600.000 1968 COM2 65 0R0 147 0.3 22.8 92.3 0.9984 0.00 0.0M
363660.000 1968 COM2 65 0R0 352 0.5 22.8 92.3 0.9984 0.00 0.0M
363720.000 1968 COM2 65 0R0 031 1.2 22.8 92.4 0.9984 0.00 0.0M
363780.000 1968 COM2 65 0R0 038 1.3 22.8 92.4 0.9984 0.00 0.0M
363840.000 1968 COM2 65 0R0 045 1.0 22.8 92.4 0.9984 0.00 0.0M
363900.000 1968 COM2 65 0R0 054 0.7 22.8 92.4 0.9984 0.00 0.0M
363960.000 1968 COM2 65 0R0 019 2.1 22.8 92.4 0.9984 0.00 0.0M
364020.000 1968 COM2 65 0R0 018 0.3 22.8 92.4 0.9984 0.00 0.0M
364080.000 1968 COM2 65 0R0 020 0.4 22.8 92.5 0.9984 0.00 0.0M
364140.000 1968 COM2 65 0R0 013 0.5 22.8 92.5 0.9984 0.00 0.0M
364200.000 1968 COM2 65 0R0 338 1.2 22.8 92.5 0.9984 0.00 0.0M
364260.000 1968 COM2 65 0R0 030 1.9 22.8 92.5 0.9984 0.00 0.0M
364320.000 1968 COM2 65 0R0 020 0.4 22.8 92.5 0.9984 0.00 0.0M
364380.000 1968 COM2 65 0R0 018 1.3 22.8 92.5 0.9984 0.00 0.0M
364440.000 1968 COM2 65 0R0 020 0.7 22.8 92.5 0.9984 0.00 0.0M
364500.000 1968 COM2 65 0R0 010 0.4 22.8 92.5 0.9984 0.00 0.0M
364560.000 1968 COM2 65 0R0 030 1.2 22.8 92.5 0.9984 0.00 0.0M
364620.000 1968 COM2 65 0R0 022 0.7 22.8 92.5 0.9984 0.00 0.0M
364680.000 1968 COM2 65 0R0 004 0.2 22.8 92.5 0.9984 0.00 0.0M
364740.000 1968 COM2 65 0R0 351 0.7 22.8 92.5 0.9984 0.00 0.0M
364800.000 1968 COM2 65 0R0 090 0.4 22.8 92.5 0.9984 0.00 0.0M
364860.000 1968 COM2 65 0R0 099 0.5 22.8 92.5 0.9984 0.00 0.0M
364920.000 1968 COM2 65 0R0 050 0.6 22.8 92.5 0.9984 0.00 0.0M
364980.000 1968 COM2 65 0R0 025 0.5 22.8 92.4 0.9984 0.00 0.0M
365040.000 1968 COM2 65 0R0 016 1.5 22.8 92.5 0.9984 0.00 0.0M
365100.000 1968 COM2 65 0R0 007 1.0 22.7 92.5 0.9984 0.00 0.0M
365160.000 1968 COM2 65 0R0 343 0.6 22.7 92.4 0.9984 0.00 0.0M
365220.000 1968 COM2 65 0R0 037 1.1 22.7 92.4 0.9984 0.00 0.0M
365280.000 1968 COM2 65 0R0 051 1.0 22.7 92.3 0.9984 0.00 0.0M
365340.000 1968 COM2 65 0R0 026 1.1 22.7 92.3 0.9984 0.00 0.0M
365400.000 1968 COM2 65 0R0 034 1.6 22.7 92.3 0.9984 0.00 0.0M
365460.000 1968 COM2 65 0R0 002 0.8 22.7 92.4 0.9984 0.00 0.0M
365520.000 1968 COM2 65 0R0 343 0.7 22.7 92.4 0.9984 0.00 0.0M
365580.000 1968 COM2 65 0R0 028 0.7 22.7 92.3 0.9985 0.00 0.0M
365640.000 1968 COM2 65 0R0 034 1.0 22.7 92.3 0.9985 0.00 0.0M
365700.000 1968 COM2 65 0R0 008 0.6 22.7 92.3 0.9984 0.00 0.0M
365760.000 1968 COM2 65 0R0 047 0.6 22.7 92.3 0.9984 0.00 0.0M
365820.000 1968 COM2 65 0R0 051 0.5 22.7 92.2 0.9984 0.00 0.0M
365880.000 1968 COM2 65 0R0 041 1.5 22.7 92.3 0.9984 0.00 0.0M
365940.000 1968 COM2 65 0R0 044 0.9 22.7 92.3 0.9985 0.00 0.0M
366000.000 1968 COM2 65 0R0 007 0.4 22.7 92.2 0.9985 0.00 0.0M
366060.000 1968 COM2 65 0R0 343 1.5 22.7 92.3 0.9985 0.00 0.0M
366120.000 1968 COM2 65 0R0 352 0.9 22.7 92.4 0.9985 0.00 0.0M
366180.000 1968 COM2 65 0R0 026 1.1 22.7 92.4 0.9985 0.00 0.0M
366240.000 1968 COM2 65 0R0 310 0.5 22.7 92.4 0.9985 0.00 0.0M
366300.000 1968 COM2 65 0R0 028 0.7 22.7 92.5 0.9985 0.00 0.0M
366360.000 1968 COM2 65 0R0 346 0.2 22.7 92.4 0.9986 0.00 0.0M
366420.000 1968 COM2 65 0R0 073 0.6 22.6 92.4 0.9986 0.00 0.0M
366480.000 1968 COM2 65 0R0 345 0.2 22.6 92.3 0.9986 0.00 0.0M
366540.000 1968 COM2 65 0R0 039 1.0 22.6 92.3 0.9985 0.00 0.0M
366600.000 1968 COM2 65 0R0 074 0.2 22.6 92.2 0.9985 0.00 0.0M
366660.000 1968 COM2 65 0R0 027 0.5 22.6 92.3 0.9985 0.00 0.0M
366720.000 1968 COM2 65 0R0 005 1.0 22.6 92.3 0.9985 0.00 0.0M
366780.000 1968 COM2 65 0R0 344 0.4 22.6 92.4 0.9985 0.00 0.0M
366840.000 1968 COM2 65 0R0 024 0.8 22.6 92.3 0.9985 0.00 0.0M
366900.000 1968 COM2 65 0R0 072 0.4 22.6 92.3 0.9984 0.00 0.0M
366960.000 1968 COM2 65 0R0 054 0.9 22.6 92.4 0.9984 0.00 0.0M
367020.000 1968 COM2 65 0R0 026 0.5 22.6 92.3 0.9984 0.00 0.0M
367080.000 1968 COM2 65 0R0 019 0.6 22.6 92.4 0.9984 0.00 0.0M
367140.000 1968 COM2 65 0R0 352 0.4 22.6 92.4 0.9984 0.00 0.0M
367200.000 1968 COM2 65 0R0 325 0.7 22.6 92.4 0.9984 0.00 0.0M
367260.000 1968 COM2 65 0R0 355 0.7 22.6 92.4 0.9984 0.00 0.0M
367320.000 1968 COM2 65 0R0 337 0.7 22.6 92.3 0.9985 0.00 0.0M
367380.000 1968 COM2 65 0R0 340 1.6 22.6 92.4 0.9985 0.00 0.0M
367440.100 1968 COM2 65 0R0 353 1.0 22.6 92.4 0.9985 0.00 0.0M
367500.000 1968 COM2 65 0R0 298 0.5 22.6 92.4 0.9985 0.00 0.0M
367560.100 1968 COM2 65 0R0 298 0.3 22.6 92.3 0.9984 0.00 0.0M
367620.000 1968 COM2 65 0R0 335 0.3 22.6 92.3 0.9984 0.00 0.0M
367680.000 1968 COM2 65 0R0 005 0.5 22.6 92.3 0.9983 0.00 0.0M
367740.000 1968 COM2 65 0R0 354 1.1 22.6 92.3 0.9983 0.00 0.0M
367800.000 1968 COM2 65 0R0 023 1.0 22.6 92.2 0.9983 0.00 0.0M
367860.000 1968 COM2 65 0R0 004 0.5 22.6 92.2 0.9983 0.00 0.0M
367920.000 1968 COM2 65 0R0 315 0.4 22.6 92.2 0.9983 0.00 0.0M
367980.000 1968 COM2 65 0R0 034 1.1 22.6 92.2 0.9983 0.00 0.0M
368040.000 1968 COM2 65 0R0 357 0.5 22.6 92.2 0.9983 0.00 0.0M
368100.000 1968 COM2 65 0R0 346 0.6 22.6 92.1 0.9983 0.00 0.0M
368160.000 1968 COM2 65 0R0 342 1.4 22.6 92.1 0.9983 0.00 0.0M
368220.000 1968 COM2 65 0R0 330 1.1 22.6 92.1 0.9983 0.00 0.0M
368280.000 1968 COM2 65 0R0 035 0.5 22.5 92.1 0.9983 0.00 0.0M
368340.000 1968 COM2 65 0R0 014 0.4 22.6 92.3 0.9982 0.00 0.0M
368400.000 1968 COM2 65 0R0 346 0.8 22.5 92.1 0.9982 0.00 0.0M
368460.000 1968 COM2 65 0R0 012 0.8 22.5 92.1 0.9982 0.00 0.0M
368520.000 1968 COM2 65 0R0 021 1.3 22.5 92.1 0.9982 0.00 0.0M
368580.000 1968 COM2 65 0R0 059 1.2 22.5 92.1 0.9981 0.00 0.0M
368640.000 1968 COM2 65 0R0 061 0.2 22.5 92.1 0.9981 0.00 0.0M
368700.000 1968 COM2 65 0R0 271 0.3 22.4 92.1 0.9981 0.00 0.0M
368760.000 1968 COM2 65 0R0 043 0.9 22.4 92.1 0.9981 0.00 0.0M
368820.000 1968 COM2 65 0R0 343 0.5 22.4 92.2 0.9981 0.00 0.0M
368880.000 1968 COM2 65 0R0 049 0.2 22.4 92.2 0.9981 0.00 0.0M
368940.000 1968 COM2 65 0R0 007 0.2 22.4 92.2 0.9980 0.00 0.0M
369000.000 1968 COM2 65 0R0 054 0.3 22.4 92.3 0.9980 0.00 0.0M
369060.000 1968 COM2 65 0R0 335 0.6 22.3 92.3 0.9980 0.00 0.0M
369120.000 1968 COM2 65 0R0 328 1.0 22.3 92.3 0.9980 0.00 0.0M
369180.000 1968 COM2 65 0R0 347 0.9 22.3 92.4 0.9980 0.00 0.0M
369240.000 1968 COM2 65 0R0 357 0.3 22.3 92.4 0.9980 0.00 0.0M
369300.000 1968 COM2 65 0R0 328 0.6 22.3 92.4 0.9980 0.00 0.0M
369360.000 1968 COM2 65 0R0 326 0.2 22.2 92.4 0.9980 0.00 0.0M
369420.000 1968 COM2 65 0R0 017 0.8 22.2 92.5 0.9980 0.00 0.0M
369480.000 1968 COM2 65 0R0 351 1.0 22.2 92.5 0.9980 0.00 0.0M
369540.000 1968 COM2 65 0R0 339 1.1 22.2 92.6 0.9980 0.00 0.0M
369600.000 1968 COM2 65 0R0 313 1.9 22.2 92.6 0.9980 0.00 0.0M
369660.000 1968 COM2 65 0R0 345 2.0 22.2 92.6 0.9980 0.00 0.0M
369720.000 1968 COM2 65 0R0 317 1.8 22.2 92.6 0.9980 0.00 0.0M
369780.000 1968 COM2 65 0R0 337 1.9 22.2 92.6 0.9981 0.00 0.0M
369840.000 1968 COM2 65 0R0 336 2.0 22.2 92.7 0.9981 0.00 0.0M
369900.000 1968 COM2 65 0R0 336 2.1 22.2 92.7 0.9981 0.00 0.0M
369960.000 1968 COM2 65 0R0 324 1.5 22.1 92.7 0.9981 0.00 0.0M
370020.000 1968 COM2 65 0R0 343 0.8 22.1 92.8 0.9981 0.00 0.0M
370080.000 1968 COM2 65 0R0 333 0.8 22.1 92.8 0.9981 0.00 0.0M
370140.000 1968 COM2 65 0R0 341 0.4 22.1 92.8 0.9981 0.00 0.0M
370200.000 1968 COM2 65 0R0 005 0.5 22.1 92.8 0.9981 0.00 0.0M
370260.000 1968 COM2 65 0R0 358 0.6 22.1 92.8 0.9981 0.00 0.0M
370320.000 1968 COM2 65 0R0 087 0.2 22.1 92.8 0.9981 0.00 0.0M
370380.100 1968 COM2 65 0R0 030 0.9 22.1 92.8 0.9981 0.00 0.0M
370440.000 1968 COM2 65 0R0 007 0.3 22.1 92.8 0.9981 0.00 0.0M
370500.000 1968 COM2 65 0R0 334 0.4 22.1 92.8 0.9981 0.00 0.0M
370560.000 1968 COM2 65 0R0 000 0.2 22.1 92.8 0.9981 0.00 0.0M
370620.000 1968 COM2 65 0R0 034 0.4 22.1 92.8 0.9981 0.00 0.0M
370680.000 1968 COM2 65 0R0 176 0.1 22.1 92.8 0.9981 0.00 0.0M
370740.000 1968 COM2 65 0R0 352 0.3 22.1 92.7 0.9981 0.00 0.0M
370800.000 1968 COM2 65 0R0 031 0.9 22.1 92.7 0.9981 0.00 0.0M
370860.000 1968 COM2 65 0R0 013 0.5 22.0 92.6 0.9982 0.00 0.0M
370920.000 1968 COM2 65 0R0 346 0.8 22.0 92.7 0.9982 0.00 0.0M
370980.000 1968 COM2 65 0R0 062 0.6 22.0 92.8 0.9982 0.00 0.0M
371040.000 1968 COM2 65 0R0 024 0.5 22.0 92.9 0.9982 0.00 0.0M
371100.000 1968 COM2 65 0R0 069 0.2 22.0 92.9 0.9982 0.00 0.0M
371160.000 1968 COM2 65 0R0 058 0.3 22.0 92.9 0.9982 0.00 0.0M
371220.000 1968 COM2 65 0R0 045 0.5 22.0 92.9 0.9982 0.00 0.0M
371280.000 1968 COM2 65 0R0 051 0.8 22.0 92.9 0.9982 0.00 0.0M
371340.000 1968 COM2 65 0R0 345 0.4 22.0 92.9 0.9982 0.00 0.0M
371400.000 1968 COM2 65 0R0 348 1.1 22.0 92.9 0.9983 0.00 0.0M
371460.000 1968 COM2 65 0R0 319 0.4 22.0 92.9 0.9982 0.00 0.0M
371520.000 1968 COM2 65 0R0 023 0.2 22.0 92.9 0.9982 0.00 0.0M
371580.000 1968 COM2 65 0R0 052 0.2 22.0 92.9 0.9982 0.00 0.0M
371640.000 1968 COM2 65 0R0 074 0.2 22.0 92.8 0.9982 0.00 0.0M
371700.000 1968 COM2 65 0R0 328 0.4 22.0 92.8 0.9982 0.00 0.0M
371760.000 1968 COM2 65 0R0 292 0.9 22.0 92.8 0.9982 0.00 0.0M
371820.000 1968 COM2 65 0R0 096 0.4 22.0 92.8 0.9982 0.00 0.0M
371880.000 1968 COM2 65 0R0 063 0.7 22.1 92.8 0.9981 0.00 0.0M
371940.000 1968 COM2 65 0R0 047 1.1 22.1 92.8 0.9981 0.00 0.0M
372000.000 1968 COM2 65 0R0 358 0.2 22.1 92.8 0.9981 0.00 0.0M
372060.000 1968 COM2 65 0R0 037 0.7 22.1 92.7 0.9981 0.00 0.0M
372120.000 1968 COM2 65 0R0 120 0.3 22.1 92.7 0.9981 0.00 0.0M
372180.000 1968 COM2 65 0R0 031 0.4 22.1 92.7 0.9981 0.00 0.0M
372240.000 1968 COM2 65 0R0 025 0.5 22.1 92.6 0.9981 0.00 0.0M
372300.000 1968 COM2 65 0R0 024 0.7 22.1 92.6 0.9981 0.00 0.0M
372360.000 1968 COM2 65 0R0 054 0.4 22.1 92.6 0.9981 0.00 0.0M
372420.000 1968 COM2 65 0R0 276 0.2 22.1 92.7 0.9981 0.00 0.0M
372480.000 1968 COM2 65 0R0 215 0.1 22.1 92.6 0.9981 0.00 0.0M
372540.000 1968 COM2 65 0R0 323 0.3 22.1 92.6 0.9981 0.00 0.0M
372600.000 1968 COM2 65 0R0 038 0.5 22.1 92.6 0.9981 0.00 0.0M
372660.100 1968 COM2 65 0R0 083 0.4 22.1 92.5 0.9981 0.00 0.0M
372720.000 1968 COM2 65 0R0 348 0.4 22.0 92.5 0.9981 0.00 0.0M
372780.000 1968 COM2 65 0R0 081 0.8 22.0 92.5 0.9981 0.00 0.0M
372840.000 1968 COM2 65 0R0 041 0.5 22.0 92.5 0.9981 0.00 0.0M
372900.000 1968 COM2 65 0R0 035 0.6 22.0 92.5 0.9981 0.00 0.0M
372960.000 1968 COM2 65 0R0 351 0.2 22.0 92.5 0.9981 0.00 0.0M
373020.000 1968 COM2 65 0R0 090 0.7 22.0 92.5 0.9981 0.00 0.0M
373080.000 1968 COM2 65 0R0 028 0.3 22.0 92.4 0.9981 0.00 0.0M
373140.000 1968 COM2 65 0R0 043 0.2 21.9 92.4 0.9981 0.00 0.0M
373200.000 1968 COM2 65 0R0 029 0.7 21.9 92.4 0.9981 0.00 0.0M
373260.000 1968 COM2 65 0R0 018 0.4 21.9 92.4 0.9981 0.00 0.0M
373320.000 1968 COM2 65 0R0 039 0.1 21.9 92.4 0.9981 0.00 0.0M
373380.000 1968 COM2 65 0R0 047 0.6 21.9 92.4 0.9981 0.00 0.0M
373440.000 1968 COM2 65 0R0 072 0.6 21.9 92.5 0.9982 0.00 0.0M
373500.000 1968 COM2 65 0R0 336 0.9 21.9 92.5 0.9982 0.00 0.0M
373560.000 1968 COM2 65 0R0 335 1.0 21.9 92.5 0.9982 0.00 0.0M
373620.100 1968 COM2 65 0R0 046 1.1 21.9 92.5 0.9982 0.00 0.0M
373680.000 1968 COM2 65 0R0 340 0.2 21.9 92.5 0.9982 0.00 0.0M
373740.000 1968 COM2 65 0R0 321 0.9 21.9 92.5 0.9982 0.00 0.0M
373800.000 1968 COM2 65 0R0 329 0.3 21.8 92.5 0.9982 0.00 0.0M
373860.000 1968 COM2 65 0R0 034 0.6 21.8 92.5 0.9982 0.00 0.0M
373920.000 1968 COM2 65 0R0 327 1.0 21.8 92.5 0.9982 0.00 0.0M
373980.000 1968 COM2 65 0R0 023 0.4 21.8 92.5 0.9982 0.00 0.0M
374040.000 1968 COM2 65 0R0 333 0.8 21.8 92.4 0.9982 0.00 0.0M
374100.000 1968 COM2 65 0R0 000 0.5 21.8 92.4 0.9982 0.00 0.0M
374160.000 1968 COM2 65 0R0 043 1.3 21.8 92.3 0.9982 0.00 0.0M
374220.000 1968 COM2 65 0R0 023 1.0 21.8 92.2 0.9983 0.00 0.0M
374280.000 1968 COM2 65 0R0 333 0.8 21.8 92.0 0.9982 0.00 0.0M
374340.000 1968 COM2 65 0R0 011 0.8 21.8 91.8 0.9982 0.00 0.0M
374400.000 1968 COM2 65 0R0 340 0.5 21.8 91.4 0.9982 0.00 0.0M
374460.000 1968 COM2 65 0R0 024 0.5 21.8 91.0 0.9982 0.00 0.0M
374520.000 1968 COM2 65 0R0 357 1.1 21.8 90.7 0.9982 0.00 0.0M
374580.000 1968 COM2 65 0R0 015 3.3 21.8 89.6 0.9982 0.00 0.0M
374640.100 1968 COM2 65 0R0 343 0.8 21.8 89.0 0.9982 0.00 0.0M
374700.000 1968 COM2 65 0R0 002 0.6 21.9 88.3 0.9982 0.00 0.0M
374760.000 1968 COM2 65 0R0 343 3.0 21.9 87.6 0.9982 0.00 0.0M
374820.000 1968 COM2 65 0R0 003 0.8 22.0 86.8 0.9982 0.00 0.0M
374880.000 1968 COM2 65 0R0 339 1.1 22.1 86.5 0.9982 0.00 0.0M
374940.000 1968 COM2 65 0R0 349 2.8 22.1 86.2 0.9982 0.00 0.0M
375000.100 1968 COM2 65 0R0 294 1.3 22.2 85.9 0.9982 0.00 0.0M
375060.000 1968 COM2 65 0R0 339 2.4 22.2 85.7 0.9982 0.00 0.0M
375120.000 1968 COM2 65 0R0 336 1.2 22.2 85.4 0.9982 0.00 0.0M
375180.000 1968 COM2 65 0R0 081 0.5 22.3 85.3 0.9982 0.00 0.0M
375240.000 1968 COM2 65 0R0 342 1.4 22.3 84.8 0.9982 0.00 0.0M
375300.000 1968 COM2 65 0R0 019 1.0 22.3 84.3 0.9982 0.00 0.0M
375360.000 1968 COM2 65 0R0 022 1.4 22.3 84.2 0.9982 0.00 0.0M
375420.000 1968 COM2 65 0R0 054 0.6 22.3 83.9 0.9982 0.00 0.0M
375480.000 1968 COM2 65 0R0 330 1.7 22.3 83.7 0.9982 0.00 0.0M
375540.000 1968 COM2 65 0R0 330 2.3 22.3 82.6 0.9982 0.00 0.0M
375600.000 1968 COM2 65 0R0 022 1.1 22.4 82.5 0.9982 0.00 0.0M
375660.000 1968 COM2 65 0R0 047 0.5 22.4 82.7 0.9982 0.00 0.0M
375720.000 1968 COM2 65 0R0 358 2.9 22.4 82.1 0.9982 0.00 0.0M
375780.000 1968 COM2 65 0R0 040 2.9 22.4 81.2 0.9982 0.00 0.0M
375840.000 1968 COM2 65 0R0 301 1.3 22.4 81.3 0.9982 0.00 0.0M
375900.000 1968 COM2 65 0R0 321 0.5 22.4 81.5 0.9982 0.00 0.0M
375960.000 1968 COM2 65 0R0 356 2.1 22.5 81.5 0.9982 0.00 0.0M
376020.000 1968 COM2 65 0R0 344 3.2 22.4 81.4 0.9982 0.00 0.0M
376080.000 1968 COM2 65 0R0 013 2.0 22.4 80.7 0.9982 0.00 0.0M
376140.000 1968 COM2 65 0R0 023 2.6 22.4 81.3 0.9982 0.00 0.0M
376200.000 1968 COM2 65 0R0 355 2.6 22.4 80.9 0.9982 0.00 0.0M
376260.000 1968 COM2 65 0R0 029 1.6 22.4 80.6 0.9982 0.00 0.0M
376320.000 1968 COM2 65 0R0 311 0.6 22.4 80.9 0.9982 0.00 0.0M
376380.000 1968 COM2 65 0R0 348 3.0 22.4 81.0 0.9982 0.00 0.0M
376440.000 1968 COM2 65 0R0 348 0.9 22.4 81.2 0.9982 0.00 0.0M
376500.000 1968 COM2 65 0R0 019 1.7 22.3 81.2 0.9981 0.00 0.0M
376560.000 1968 COM2 65 0R0 012 1.6 22.3 81.0 0.9981 0.00 0.0M
376620.000 1968 COM2 65 0R0 040 2.1 22.3 80.0 0.9981 0.00 0.0M
376680.000 1968 COM2 65 0R0 323 0.5 22.3 80.5 0.9981 0.00 0.0M
376740.000 1968 COM2 65 0R0 014 1.3 22.3 80.3 0.9981 0.00 0.0M
376800.000 1968 COM2 65 0R0 352 2.0 22.3 80.0 0.9981 0.00 0.0M
376860.000 1968 COM2 65 0R0 281 2.4 22.3 79.2 0.9981 0.00 0.0M
376920.000 1968 COM2 65 0R0 353 1.5 22.3 79.4 0.9981 0.00 0.0M
376980.000 1968 COM2 65 0R0 013 2.0 22.4 79.2 0.9982 0.00 0.0M
377040.000 1968 COM2 65 0R0 074 1.4 22.4 79.1 0.9982 0.00 0.0M
377100.000 1968 COM2 65 0R0 034 4.2 22.4 78.7 0.9982 0.00 0.0M
377160.000 1968 COM2 65 0R0 014 3.1 22.4 78.8 0.9982 0.00 0.0M
377220.100 1968 COM2 65 0R0 315 1.1 22.4 78.7 0.9982 0.00 0.0M
377280.000 1968 COM2 65 0R0 010 0.8 22.4 78.6 0.9982 0.00 0.0M
377340.000 1968 COM2 65 0R0 023 1.5 22.4 78.5 0.9982 0.00 0.0M
377400.000 1968 COM2 65 0R0 032 1.9 22.4 78.5 0.9982 0.00 0.0M
377460.000 1968 COM2 65 0R0 043 0.7 22.4 78.6 0.9982 0.00 0.0M
377520.000 1968 COM2 65 0R0 351 1.3 22.3 78.2 0.9982 0.00 0.0M
377580.000 1968 COM2 65 0R0 347 2.8 22.3 78.5 0.9982 0.00 0.0M
377640.000 1968 COM2 65 0R0 343 1.7 22.3 78.6 0.9982 0.00 0.0M
377700.000 1968 COM2 65 0R0 351 1.3 22.3 78.7 0.9982 0.00 0.0M
377760.000 1968 COM2 65 0R0 232 1.2 22.3 78.5 0.9982 0.00 0.0M
377820.000 1968 COM2 65 0R0 046 1.8 22.3 78.4 0.9982 0.00 0.0M
377880.000 1968 COM2 65 0R0 346 1.0 22.3 78.9 0.9982 0.00 0.0M
377940.000 1968 COM2 65 0R0 338 1.6 22.3 78.8 0.9982 0.00 0.0M
378000.000 1968 COM2 65 0R0 001 1.6 22.2 78.7 0.9983 0.00 0.0M
378060.000 1968 COM2 65 0R0 008 3.3 22.2 78.8 0.9983 0.00 0.0M
378120.000 1968 COM2 65 0R0 348 0.7 22.2 78.8 0.9984 0.00 0.0M
378180.000 1968 COM2 65 0R0 018 4.0 22.2 78.4 0.9984 0.00 0.0M
378240.000 1968 COM2 65 0R0 337 2.0 22.2 78.7 0.9984 0.00 0.0M
378300.000 1968 COM2 65 0R0 269 0.7 22.2 78.5 0.9983 0.00 0.0M
378360.000 1968 COM2 65 0R0 003 2.3 22.2 78.8 0.9983 0.00 0.0M
378420.000 1968 COM2 65 0R0 039 0.7 22.2 78.9 0.9983 0.00 0.0M
378480.000 1968 COM2 65 0R0 002 1.8 22.2 78.8 0.9983 0.00 0.0M
378540.000 1968 COM2 65 0R0 005 2.9 22.2 78.6 0.9984 0.00 0.0M
378600.000 1968 COM2 65 0R0 346 2.3 22.1 78.6 0.9984 0.00 0.0M
378660.000 1968 COM2 65 0R0 029 1.3 22.1 78.8 0.9984 0.00 0.0M
378720.000 1968 COM2 65 0R0 344 1.0 22.1 78.6 0.9984 0.00 0.0M
378780.000 1968 COM2 65 0R0 028 3.0 22.1 78.4 0.9984 0.00 0.0M
378840.000 1968 COM2 65 0R0 036 2.8 22.1 78.4 0.9984 0.00 0.0M
378900.000 1968 COM2 65 0R0 021 1.3 22.1 78.5 0.9985 0.00 0.0M
378960.000 1968 COM2 65 0R0 346 3.1 22.2 78.3 0.9985 0.00 0.0M
379020.000 1968 COM2 65 0R0 336 3.0 22.2 77.8 0.9985 0.00 0.0M
379080.000 1968 COM2 65 0R0 034 1.2 22.1 78.1 0.9984 0.00 0.0M
379140.000 1968 COM2 65 0R0 038 1.7 22.1 78.2 0.9984 0.00 0.0M
379200.000 1968 COM2 65 0R0 336 1.6 22.1 78.0 0.9984 0.00 0.0M
379260.000 1968 COM2 65 0R0 321 1.0 22.1 77.9 0.9985 0.00 0.0M
379320.000 1968 COM2 65 0R0 343 3.1 22.1 78.0 0.9985 0.00 0.0M
379380.000 1968 COM2 65 0R0 295 2.9 22.1 77.4 0.9985 0.00 0.0M
379440.000 1968 COM2 65 0R0 037 1.5 22.1 77.2 0.9984 0.00 0.0M
379500.000 1968 COM2 65 0R0 035 1.2 22.1 77.2 0.9984 0.00 0.0M
379560.000 1968 COM2 65 0R0 351 2.1 22.1 77.7 0.9984 0.00 0.0M
379620.000 1968 COM2 65 0R0 020 2.9 22.1 77.2 0.9984 0.00 0.0M
379680.000 1968 COM2 65 0R0 014 4.1 22.1 77.5 0.9984 0.00 0.0M
379740.000 1968 COM2 65 0R0 109 1.2 22.1 77.5 0.9983 0.00 0.0M
379800.000 1968 COM2 65 0R0 008 1.8 22.1 77.8 0.9984 0.00 0.0M
379860.000 1968 COM2 65 0R0 345 2.3 22.1 77.7 0.9983 0.00 0.0M
379920.000 1968 COM2 65 0R0 305 0.5 22.1 77.9 0.9983 0.00 0.0M
379980.000 1968 COM2 65 0R0 344 3.5 22.0 77.7 0.9983 0.00 0.0M
380040.000 1968 COM2 65 0R0 057 0.3 22.0 78.0 0.9983 0.00 0.0M
380100.000 1968 COM2 65 0R0 357 0.8 22.0 78.2 0.9983 0.00 0.0M
380160.000 1968 COM2 65 0R0 329 3.6 22.0 78.0 0.9984 0.00 0.0M
380220.000 1968 COM2 65 0R0 308 1.3 22.0 77.8 0.9983 0.00 0.0M
380280.000 1968 COM2 65 0R0 306 1.6 21.9 78.1 0.9983 0.00 0.0M
380340.000 1968 COM2 65 0R0 327 1.5 21.9 77.9 0.9983 0.00 0.0M
380400.000 1968 COM2 65 0R0 288 0.4 21.9 77.7 0.9983 0.00 0.0M
380460.000 1968 COM2 65 0R0 015 2.2 21.9 76.7 0.9983 0.00 0.0M
380520.000 1968 COM2 65 0R0 113 0.7 21.9 77.6 0.9983 0.00 0.0M
380580.000 1968 COM2 65 0R0 041 1.5 21.9 77.0 0.9983 0.00 0.0M
380640.000 1968 COM2 65 0R0 315 3.8 21.9 77.0 0.9983 0.00 0.0M
380700.000 1968 COM2 65 0R0 304 1.1 21.9 77.4 0.9983 0.00 0.0M
380760.000 1968 COM2 65 0R0 316 2.0 21.9 77.0 0.9984 0.00 0.0M
380820.000 1968 COM2 65 0R0 052 1.2 21.9 77.0 0.9983 0.00 0.0M
380880.000 1968 COM2 65 0R0 327 1.8 21.9 77.0 0.9984 0.00 0.0M
380940.000 1968 COM2 65 0R0 298 4.8 21.9 76.7 0.9984 0.00 0.0M
381000.000 1968 COM2 65 0R0 358 2.8 21.9 76.8 0.9984 0.00 0.0M
381060.000 1968 COM2 65 0R0 087 1.1 21.9 76.9 0.9984 0.00 0.0M
381120.000 1968 COM2 65 0R0 034 3.4 21.9 76.8 0.9985 0.00 0.0M
381180.000 1968 COM2 65 0R0 004 1.6 21.9 76.7 0.9985 0.00 0.0M
381240.000 1968 COM2 65 0R0 046 1.6 21.9 76.7 0.9985 0.00 0.0M
381300.000 1968 COM2 65 0R0 009 0.6 21.9 77.1 0.9985 0.00 0.0M
381360.000 1968 COM2 65 0R0 338 2.3 21.9 77.0 0.9985 0.00 0.0M
381420.000 1968 COM2 65 0R0 218 0.8 21.9 76.8 0.9985 0.00 0.0M
381480.000 1968 COM2 65 0R0 001 2.3 21.8 76.8 0.9985 0.00 0.0M
381540.000 1968 COM2 65 0R0 003 2.3 21.8 76.6 0.9985 0.00 0.0M
381600.000 1968 COM2 65 0R0 335 0.9 21.8 77.1 0.9986 0.00 0.0M
381660.000 1968 COM2 65 0R0 315 2.0 21.8 77.0 0.9986 0.00 0.0M
381720.000 1968 COM2 65 0R0 347 1.6 21.8 77.2 0.9986 0.00 0.0M
381780.000 1968 COM2 65 0R0 033 0.4 21.8 77.0 0.9986 0.00 0.0M
381840.000 1968 COM2 65 0R0 052 2.3 21.8 77.2 0.9986 0.00 0.0M
381900.000 1968 COM2 65 0R0 346 3.7 21.8 77.3 0.9986 0.00 0.0M
381960.000 1968 COM2 65 0R0 034 0.8 21.8 77.4 0.9986 0.00 0.0M
382020.000 1968 COM2 65 0R0 344 1.8 21.7 77.3 0.9986 0.00 0.0M
382080.000 1968 COM2 65 0R0 324 2.0 21.7 77.3 0.9986 0.00 0.0M
382140.000 1968 COM2 65 0R0 025 0.6 21.7 77.5 0.9986 0.00 0.0M
382200.000 1968 COM2 65 0R0 346 3.2 21.7 77.3 0.9986 0.00 0.0M
382260.000 1968 COM2 65 0R0 333 3.2 21.6 77.2 0.9986 0.00 0.0M
382320.000 1968 COM2 65 0R0 030 0.7 21.6 77.4 0.9986 0.00 0.0M
382380.000 1968 COM2 65 0R0 028 1.0 21.6 77.3 0.9986 0.00 0.0M
382440.000 1968 COM2 65 0R0 048 1.3 21.6 77.7 0.9986 0.00 0.0M
382500.000 1968 COM2 65 0R0 345 1.3 21.6 77.7 0.9986 0.00 0.0M
382560.000 1968 COM2 65 0R0 347 3.6 21.6 76.9 0.9986 0.00 0.0M
382620.000 1968 COM2 65 0R0 027 5.0 21.6 76.6 0.9987 0.00 0.0M
382680.000 1968 COM2 65 0R0 356 4.1 21.6 76.6 0.9987 0.00 0.0M
382740.000 1968 COM2 65 0R0 344 2.0 21.6 76.5 0.9987 0.00 0.0M
382800.000 1968 COM2 65 0R0 004 2.4 21.6 76.5 0.9987 0.00 0.0M
382860.000 1968 COM2 65 0R0 034 0.6 21.6 76.4 0.9987 0.00 0.0M
382920.000 1968 COM2 65 0R0 350 2.0 21.6 76.5 0.9988 0.00 0.0M
382980.000 1968 COM2 65 0R0 039 1.7 21.6 75.6 0.9987 0.00 0.0M
383040.000 1968 COM2 65 0R0 339 3.3 21.6 75.1 0.9988 0.00 0.0M
383100.000 1968 COM2 65 0R0 300 1.8 21.6 74.3 0.9987 0.00 0.0M
383160.000 1968 COM2 65 0R0 296 3.6 21.6 73.7 0.9987 0.00 0.0M
383220.000 1968 COM2 65 0R0 000 1.9 21.6 73.2 0.9988 0.00 0.0M
383280.000 1968 COM2 65 0R0 338 4.3 21.6 72.2 0.9988 0.00 0.0M
383340.000 1968 COM2 65 0R0 000 0.4 21.6 72.4 0.9987 0.00 0.0M
383400.000 1968 COM2 65 0R0 351 6.8 21.6 71.7 0.9988 0.00 0.0M
383460.000 1968 COM2 65 0R0 320 2.1 21.6 71.8 0.9988 0.00 0.0M
383520.000 1968 COM2 65 0R0 295 3.4 21.6 72.0 0.9988 0.00 0.0M
383580.000 1968 COM2 65 0R0 350 2.0 21.6 70.9 0.9988 0.00 0.0M
383640.000 1968 COM2 65 0R0 333 3.0 21.6 71.1 0.9988 0.00 0.0M
383700.000 1968 COM2 65 0R0 343 1.8 21.5 70.4 0.9988 0.00 0.0M
383760.000 1968 COM2 65 0R0 031 4.0 21.6 70.5 0.9988 0.00 0.0M
383820.000 1968 COM2 65 0R0 325 3.6 21.5 70.0 0.9988 0.00 0.0M
383880.000 1968 COM2 65 0R0 328 5.4 21.5 69.2 0.9989 0.00 0.0M
383940.000 1968 COM2 65 0R0 354 3.0 21.5 68.4 0.9988 0.00 0.0M
384000.000 1968 COM2 65 0R0 288 2.9 21.5 68.5 0.9988 0.00 0.0M
384060.000 1968 COM2 65 0R0 000 3.3 21.5 67.9 0.9989 0.00 0.0M
384120.000 1968 COM2 65 0R0 004 1.1 21.5 68.5 0.9989 0.00 0.0M
384180.000 1968 COM2 65 0R0 326 3.9 21.5 67.8 0.9988 0.00 0.0M
384240.000 1968 COM2 65 0R0 005 2.9 21.4 68.1 0.9989 0.00 0.0M
384300.000 1968 COM2 65 0R0 354 2.9 21.4 67.9 0.9989 0.00 0.0M
384360.000 1968 COM2 65 0R0 353 0.6 21.4 68.1 0.9988 0.00 0.0M
384420.000 1968 COM2 65 0R0 349 2.7 21.4 68.2 0.9988 0.00 0.0M
384480.000 1968 COM2 65 0R0 346 4.8 21.4 67.4 0.9988 0.00 0.0M
384540.000 1968 COM2 65 0R0 331 2.5 21.3 67.1 0.9987 0.00 0.0M
384600.000 1968 COM2 65 0R0 334 2.0 21.4 66.9 0.9988 0.00 0.0M
384660.000 1968 COM2 65 0R0 348 4.5 21.4 67.2 0.9989 0.00 0.0M
384720.000 1968 COM2 65 0R0 353 2.3 21.3 67.2 0.9988 0.00 0.0M
384780.000 1968 COM2 65 0R0 330 3.5 21.3 66.8 0.9989 0.00 0.0M
384840.000 1968 COM2 65 0R0 340 5.9 21.3 66.9 0.9989 0.00 0.0M
384900.000 1968 COM2 65 0R0 027 2.1 21.3 66.6 0.9989 0.00 0.0M
384960.000 1968 COM2 65 0R0 343 5.0 21.3 66.0 0.9989 0.00 0.0M
385020.100 1968 COM2 65 0R0 004 4.8 21.3 66.7 0.9989 0.00 0.0M
385080.000 1968 COM2 65 0R0 329 2.5 21.3 66.3 0.9989 0.00 0.0M
385140.000 1968 COM2 65 0R0 344 5.7 21.2 66.6 0.9989 0.00 0.0M
385200.000 1968 COM2 65 0R0 332 2.2 21.2 66.2 0.9989 0.00 0.0M
385260.000 1968 COM2 65 0R0 014 2.0 21.2 66.3 0.9990 0.00 0.0M
385320.000 1968 COM2 65 0R0 306 3.7 21.2 66.5 0.9990 0.00 0.0M
385380.000 1968 COM2 65 0R0 350 6.4 21.2 66.2 0.9991 0.00 0.0M
385440.000 1968 COM2 65 0R0 002 1.8 21.2 66.2 0.9990 0.00 0.0M
385500.000 1968 COM2 65 0R0 027 0.9 21.1 66.6 0.9990 0.00 0.0M
385560.000 1968 COM2 65 0R0 353 4.4 21.1 66.6 0.9990 0.00 0.0M
385620.000 1968 COM2 65 0R0 339 4.4 21.1 65.6 0.9991 0.00 0.0M
385680.000 1968 COM2 65 0R0 333 2.4 21.1 66.5 0.9991 0.00 0.0M
385740.000 1968 COM2 65 0R0 036 1.1 21.1 66.6 0.9991 0.00 0.0M
385800.000 1968 COM2 65 0R0 349 1.7 21.0 66.8 0.9992 0.00 0.0M
385860.000 1968 COM2 65 0R0 339 4.5 21.0 66.8 0.9992 0.00 0.0M
385920.000 1968 COM2 65 0R0 005 1.3 21.0 66.6 0.9992 0.00 0.0M
385980.000 1968 COM2 65 0R0 339 5.0 21.0 66.5 0.9992 0.00 0.0M
386040.000 1968 COM2 65 0R0 342 2.4 21.0 66.9 0.9992 0.00 0.0M
386100.000 1968 COM2 65 0R0 307 2.2 21.0 66.9 0.9992 0.00 0.0M
386160.000 1968 COM2 65 0R0 344 5.1 20.9 66.6 0.9992 0.00 0.0M
386220.000 1968 COM2 65 0R0 353 2.0 20.9 66.6 0.9993 0.00 0.0M
386280.000 1968 COM2 65 0R0 330 1.6 20.9 66.8 0.9992 0.00 0.0M
386340.000 1968 COM2 65 0R0 035 2.6 20.9 67.0 0.9992 0.00 0.0M
386400.000 1968 COM2 65 0R0 348 4.2 20.9 67.1 0.9993 0.00 0.0M
386460.000 1968 COM2 65 0R0 316 3.4 20.9 66.7 0.9992 0.00 0.0M
386520.000 1968 COM2 65 0R0 281 0.9 20.9 66.9 0.9992 0.00 0.0M
386580.000 1968 COM2 65 0R0 299 2.0 20.8 66.7 0.9993 0.00 0.0M
386640.000 1968 COM2 65 0R0 313 6.4 20.8 66.1 0.9992 0.00 0.0M
386700.000 1968 COM2 65 0R0 283 0.4 20.9 66.3 0.9992 0.00 0.0M
386760.000 1968 COM2 65 0R0 337 1.1 20.8 66.4 0.9993 0.00 0.0M
386820.100 1968 COM2 65 0R0 325 0.6 20.8 66.3 0.9993 0.00 0.0M
386880.000 1968 COM2 65 0R0 344 1.6 20.9 66.1 0.9993 0.00 0.0M
386940.100 1968 COM2 65 0R0 058 2.5 20.9 66.2 0.9994 0.00 0.0M
387000.000 1968 COM2 65 0R0 279 1.8 20.9 66.2 0.9994 0.00 0.0M
387060.000 1968 COM2 65 0R0 329 2.1 20.9 66.4 0.9994 0.00 0.0M
387120.000 1968 COM2 65 0R0 005 1.8 20.8 66.0 0.9994 0.00 0.0M
387180.000 1968 COM2 65 0R0 346 4.3 20.8 65.7 0.9995 0.00 0.0M
387240.000 1968 COM2 65 0R0 339 4.9 20.8 66.0 0.9995 0.00 0.0M
387300.000 1968 COM2 65 0R0 076 1.5 20.8 66.3 0.9995 0.00 0.0M
387360.000 1968 COM2 65 0R0 042 2.6 20.8 66.1 0.9995 0.00 0.0M
387420.000 1968 COM2 65 0R0 340 2.4 20.8 66.1 0.9995 0.00 0.0M
387480.000 1968 COM2 65 0R0 280 1.0 20.8 66.4 0.9995 0.00 0.0M
387540.000 1968 COM2 65 0R0 048 0.4 20.8 66.1 0.9996 0.00 0.0M
387600.000 1968 COM2 65 0R0 033 2.0 20.8 65.8 0.9996 0.00 0.0M
387660.000 1968 COM2 65 0R0 334 1.3 20.8 66.0 0.9996 0.00 0.0M
387720.000 1968 COM2 65 0R0 325 3.5 20.8 66.0 0.9996 0.00 0.0M
387780.000 1968 COM2 65 0R0 279 1.7 20.8 65.6 0.9996 0.00 0.0M
387840.000 1968 COM2 65 0R0 333 2.5 20.8 65.6 0.9996 0.00 0.0M
387900.000 1968 COM2 65 0R0 344 1.2 20.8 65.6 0.9996 0.00 0.0M
387960.000 1968 COM2 65 0R0 034 1.0 20.8 65.5 0.9996 0.00 0.0M
388020.000 1968 COM2 65 0R0 353 0.4 20.8 65.7 0.9996 0.00 0.0M
388080.000 1968 COM2 65 0R0 033 1.9 20.8 65.8 0.9997 0.00 0.0M
388140.000 1968 COM2 65 0R0 111 0.3 20.8 65.6 0.9997 0.00 0.0M
388200.000 1968 COM2 65 0R0 270 0.8 20.9 65.2 0.9997 0.00 0.0M
388260.000 1968 COM2 65 0R0 095 0.9 21.0 64.9 0.9998 0.00 0.0M
388320.000 1968 COM2 65 0R0 310 3.9 21.0 65.0 0.9998 0.00 0.0M
388380.000 1968 COM2 65 0R0 312 1.0 20.9 64.4 0.9998 0.00 0.0M
388440.000 1968 COM2 65 0R0 301 2.8 20.9 64.5 0.9998 0.00 0.0M
388500.000 1968 COM2 65 0R0 017 2.3 20.9 64.3 0.9998 0.00 0.0M
388560.000 1968 COM2 65 0R0 341 3.1 20.9 64.3 0.9998 0.00 0.0M
388620.000 1968 COM2 65 0R0 318 2.2 20.8 64.7 0.9998 0.00 0.0M
388680.000 1968 COM2 65 0R0 331 1.5 20.8 64.9 0.9998 0.00 0.0M
388740.000 1968 COM2 65 0R0 351 1.0 20.8 64.5 0.9998 0.00 0.0M
388800.000 1968 COM2 65 0R0 338 0.4 20.9 64.3 0.9999 0.00 0.0M
388860.000 1968 COM2 65 0R0 202 0.2 21.0 64.5 0.9998 0.00 0.0M
388920.000 1968 COM2 65 0R0 015 1.0 21.0 63.9 0.9999 0.00 0.0M
388980.000 1968 COM2 65 0R0 260 1.3 21.0 62.7 0.9999 0.00 0.0M
389040.000 1968 COM2 65 0R0 297 0.3 21.0 62.7 0.9998 0.00 0.0M
389100.000 1968 COM2 65 0R0 096 0.4 20.9 63.2 0.9999 0.00 0.0M
389160.000 1968 COM2 65 0R0 019 0.7 21.0 63.2 0.9999 0.00 0.0M
389220.000 1968 COM2 65 0R0 357 1.5 21.0 62.6 1.0000 0.00 0.0M
389280.000 1968 COM2 65 0R0 347 2.1 21.0 61.0 1.0000 0.00 0.0M
389340.000 1968 COM2 65 0R0 311 1.0 21.0 59.7 0.9999 0.00 0.0M
389400.000 1968 COM2 65 0R0 282 1.8 21.0 60.8 0.9999 0.00 0.0M
389460.000 1968 COM2 65 0R0 341 2.9 21.0 60.8 0.9999 0.00 0.0M
389520.000 1968 COM2 65 0R0 203 0.8 20.9 60.7 0.9999 0.00 0.0M
389580.000 1968 COM2 65 0R0 350 4.3 21.0 59.1 0.9999 0.00 0.0M
389640.000 1968 COM2 65 0R0 252 0.4 21.0 59.7 0.9999 0.00 0.0M
389700.000 1968 COM2 65 0R0 304 1.9 20.9 59.0 0.9999 0.00 0.0M
389760.000 1968 COM2 65 0R0 288 1.5 21.0 59.7 0.9999 0.00 0.0M
389820.000 1968 COM2 65 0R0 011 1.3 21.0 58.6 1.0000 0.00 0.0M
389880.000 1968 COM2 65 0R0 244 0.6 21.0 59.3 1.0000 0.00 0.0M
389940.000 1968 COM2 65 0R0 347 3.3 21.1 58.2 1.0000 0.00 0.0M
390000.000 1968 COM2 65 0R0 356 1.9 21.1 57.7 1.0000 0.00 0.0M
390060.000 1968 COM2 65 0R0 028 3.1 21.1 57.8 1.0001 0.00 0.0M
390120.000 1968 COM2 65 0R0 354 5.0 21.0 57.6 1.0000 0.00 0.0M
390180.000 1968 COM2 65 0R0 005 2.0 20.9 58.0 1.0001 0.00 0.0M
390240.000 1968 COM2 65 0R0 322 3.4 20.9 57.7 1.0001 0.00 0.0M
390300.000 1968 COM2 65 0R0 011 2.4 20.9 58.0 1.0001 0.00 0.0M
390360.000 1968 COM2 65 0R0 033 2.1 20.8 58.0 1.0001 0.00 0.0M
390420.000 1968 COM2 65 0R0 327 1.2 20.8 58.4 1.0001 0.00 0.0M
390480.000 1968 COM2 65 0R0 014 1.0 20.9 58.2 1.0001 0.00 0.0M
390540.000 1968 COM2 65 0R0 001 2.5 21.0 58.2 1.0001 0.00 0.0M
390600.000 1968 COM2 65 0R0 314 1.0 21.0 58.3 1.0001 0.00 0.0M
390660.000 1968 COM2 65 0R0 321 1.7 21.0 57.8 1.0002 0.00 0.0M
390720.000 1968 COM2 65 0R0 349 0.3 21.0 58.3 1.0002 0.00 0.0M
390780.000 1968 COM2 65 0R0 323 0.8 21.0 58.2 1.0003 0.00 0.0M
390840.000 1968 COM2 65 0R0 320 2.8 21.0 58.1 1.0003 0.00 0.0M
390900.000 1968 COM2 65 0R0 094 0.6 21.0 57.7 1.0003 0.00 0.0M
390960.000 1968 COM2 65 0R0 319 2.3 21.1 56.3 1.0004 0.00 0.0M
391020.000 1968 COM2 65 0R0 345 4.4 21.1 55.9 1.0004 0.00 0.0M
391080.000 1968 COM2 65 0R0 047 0.8 21.0 56.2 1.0004 0.00 0.0M
391140.000 1968 COM2 65 0R0 325 2.2 20.9 56.2 1.0004 0.00 0.0M
391200.000 1968 COM2 65 0R0 348 1.1 20.9 56.0 1.0004 0.00 0.0M
391260.000 1968 COM2 65 0R0 346 4.6 20.9 54.7 1.0004 0.00 0.0M
391320.100 1968 COM2 65 0R0 042 1.5 20.8 55.1 1.0004 0.00 0.0M
391380.100 1968 COM2 65 0R0 347 2.8 20.8 55.1 1.0005 0.00 0.0M
391440.000 1968 COM2 65 0R0 319 2.7 20.8 54.0 1.0004 0.00 0.0M
391500.000 1968 COM2 65 0R0 029 1.3 20.8 54.7 1.0005 0.00 0.0M
391560.000 1968 COM2 65 0R0 349 5.6 20.8 54.5 1.0005 0.00 0.0M
391620.000 1968 COM2 65 0R0 346 4.6 20.7 54.0 1.0005 0.00 0.0M
391680.000 1968 COM2 65 0R0 347 4.7 20.6 54.0 1.0004 0.00 0.0M
391740.000 1968 COM2 65 0R0 005 0.4 20.6 54.7 1.0004 0.00 0.0M
391800.000 1968 COM2 65 0R0 348 1.2 20.7 54.7 1.0005 0.00 0.0M
391860.000 1968 COM2 65 0R0 323 1.8 20.8 54.2 1.0005 0.00 0.0M
391920.000 1968 COM2 65 0R0 339 4.0 20.8 54.0 1.0005 0.00 0.0M
391980.000 1968 COM2 65 0R0 001 1.7 20.7 54.4 1.0004 0.00 0.0M
392040.000 1968 COM2 65 0R0 297 2.9 20.7 54.3 1.0004 0.00 0.0M
392100.000 1968 COM2 65 0R0 346 4.4 20.7 54.3 1.0005 0.00 0.0M
392160.000 1968 COM2 65 0R0 346 5.9 20.7 54.2 1.0005 0.00 0.0M
392220.000 1968 COM2 65 0R0 001 2.4 20.6 54.7 1.0005 0.00 0.0M
392280.000 1968 COM2 65 0R0 312 2.5 20.6 54.6 1.0005 0.00 0.0M
392340.000 1968 COM2 65 0R0 308 5.0 20.7 54.7 1.0006 0.00 0.0M
392400.000 1968 COM2 65 0R0 322 2.3 20.7 54.5 1.0005 0.00 0.0M
392460.000 1968 COM2 65 0R0 343 4.4 20.6 54.4 1.0005 0.00 0.0M
392520.000 1968 COM2 65 0R0 297 5.3 20.5 54.6 1.0005 0.00 0.0M
392580.000 1968 COM2 65 0R0 333 5.0 20.5 54.7 1.0005 0.00 0.0M
392640.000 1968 COM2 65 0R0 346 2.6 20.5 54.3 1.0006 0.00 0.0M
392700.000 1968 COM2 65 0R0 017 1.6 20.5 54.6 1.0005 0.00 0.0M
392760.000 1968 COM2 65 0R0 352 3.2 20.5 54.3 1.0006 0.00 0.0M
392820.000 1968 COM2 65 0R0 340 0.4 20.5 54.8 1.0006 0.00 0.0M
392880.000 1968 COM2 65 0R0 352 2.8 20.5 54.7 1.0006 0.00 0.0M
392940.000 1968 COM2 65 0R0 296 1.0 20.6 54.8 1.0006 0.00 0.0M
393000.000 1968 COM2 65 0R0 280 1.5 20.7 54.4 1.0006 0.00 0.0M
393060.000 1968 COM2 65 0R0 357 2.2 20.7 54.0 1.0006 0.00 0.0M
393120.000 1968 COM2 65 0R0 251 1.0 20.7 54.3 1.0006 0.00 0.0M
393180.000 1968 COM2 65 0R0 342 5.5 20.7 54.1 1.0006 0.00 0.0M
393240.000 1968 COM2 65 0R0 343 3.8 20.6 54.6 1.0006 0.00 0.0M
393300.000 1968 COM2 65 0R0 306 4.0 20.6 54.3 1.0006 0.00 0.0M
393360.000 1968 COM2 65 0R0 058 3.9 20.6 54.2 1.0006 0.00 0.0M
393420.000 1968 COM2 65 0R0 344 4.9 20.6 54.0 1.0007 0.00 0.0M
393480.000 1968 COM2 65 0R0 322 2.9 20.5 53.9 1.0006 0.00 0.0M
393540.000 1968 COM2 65 0R0 352 2.3 20.5 54.6 1.0007 0.00 0.0M
393600.000 1968 COM2 65 0R0 316 2.2 20.6 54.7 1.0007 0.00 0.0M
393660.000 1968 COM2 65 0R0 319 2.3 20.7 53.5 1.0007 0.00 0.0M
393720.000 1968 COM2 65 0R0 263 0.7 20.8 54.4 1.0007 0.00 0.0M
393780.000 1968 COM2 65 0R0 091 1.2 20.9 54.0 1.0007 0.00 0.0M
393840.000 1968 COM2 65 0R0 011 1.3 21.1 52.1 1.0007 0.00 0.0M
393900.000 1968 COM2 65 0R0 323 2.3 21.1 51.9 1.0007 0.00 0.0M
393960.000 1968 COM2 65 0R0 092 2.3 21.0 52.4 1.0007 0.00 0.0M
394020.000 1968 COM2 65 0R0 299 0.9 21.0 52.4 1.0007 0.00 0.0M
394080.000 1968 COM2 65 0R0 277 2.4 21.0 52.2 1.0007 0.00 0.0M
394140.000 1968 COM2 65 0R0 002 1.4 21.0 52.2 1.0007 0.00 0.0M
394200.000 1968 COM2 65 0R0 287 2.9 21.0 52.1 1.0008 0.00 0.0M
394260.000 1968 COM2 65 0R0 350 5.3 21.0 52.0 1.0007 0.00 0.0M
394320.000 1968 COM2 65 0R0 347 2.3 21.0 52.1 1.0008 0.00 0.0M
394380.000 1968 COM2 65 0R0 022 2.2 20.9 52.2 1.0007 0.00 0.0M
394440.000 1968 COM2 65 0R0 346 3.0 20.9 52.4 1.0007 0.00 0.0M
394500.000 1968 COM2 65 0R0 045 1.1 20.9 52.6 1.0007 0.00 0.0M
394560.000 1968 COM2 65 0R0 013 2.0 20.9 52.3 1.0007 0.00 0.0M
394620.000 1968 COM2 65 0R0 350 3.2 20.8 52.3 1.0007 0.00 0.0M
394680.000 1968 COM2 65 0R0 324 3.5 20.8 52.5 1.0007 0.00 0.0M
394740.000 1968 COM2 65 0R0 005 3.1 20.7 52.6 1.0007 0.00 0.0M
394800.000 1968 COM2 65 0R0 011 4.1 20.6 52.3 1.0007 0.00 0.0M
394860.000 1968 COM2 65 0R0 022 3.4 20.6 52.7 1.0007 0.00 0.0M
394920.000 1968 COM2 65 0R0 346 5.5 20.6 52.6 1.0008 0.00 0.0M
394980.000 1968 COM2 65 0R0 351 3.2 20.5 52.8 1.0007 0.00 0.0M
395040.000 1968 COM2 65 0R0 330 1.5 20.5 52.7 1.0006 0.00 0.0M
395100.000 1968 COM2 65 0R0 013 2.0 20.6 52.8 1.0006 0.00 0.0M
395160.000 1968 COM2 65 0R0 355 2.5 20.7 52.5 1.0006 0.00 0.0M
395220.000 1968 COM2 65 0R0 345 2.5 20.8 52.5 1.0007 0.00 0.0M
395280.000 1968 COM2 65 0R0 236 0.4 20.8 52.9 1.0006 0.00 0.0M
395340.000 1968 COM2 65 0R0 317 1.6 20.9 52.1 1.0006 0.00 0.0M
395400.000 1968 COM2 65 0R0 002 2.3 21.0 51.9 1.0006 0.00 0.0M
395460.000 1968 COM2 65 0R0 307 3.2 21.0 51.2 1.0006 0.00 0.0M
395520.000 1968 COM2 65 0R0 342 4.4 20.9 51.6 1.0006 0.00 0.0M
395580.000 1968 COM2 65 0R0 021 3.3 20.8 51.9 1.0006 0.00 0.0M
395640.000 1968 COM2 65 0R0 016 3.2 20.7 52.0 1.0006 0.00 0.0M
395700.000 1968 COM2 65 0R0 350 2.3 20.8 52.3 1.0006 0.00 0.0M
395760.000 1968 COM2 65 0R0 350 3.6 20.8 51.8 1.0006 0.00 0.0M
395820.000 1968 COM2 65 0R0 347 3.0 20.8 51.9 1.0007 0.00 0.0M
395880.000 1968 COM2 65 0R0 344 4.1 20.7 52.4 1.0007 0.00 0.0M
395940.000 1968 COM2 65 0R0 002 3.3 20.7 52.2 1.0006 0.00 0.0M
396000.000 1968 COM2 65 0R0 348 3.4 20.7 51.7 1.0006 0.00 0.0M
396060.000 1968 COM2 65 0R0 326 1.8 20.6 51.9 1.0005 0.00 0.0M
396120.000 1968 COM2 65 0R0 345 3.1 20.6 52.0 1.0006 0.00 0.0M
396180.000 1968 COM2 65 0R0 313 1.6 20.6 52.5 1.0007 0.00 0.0M
396240.000 1968 COM2 65 0R0 298 1.7 20.6 52.5 1.0007 0.00 0.0M
396300.000 1968 COM2 65 0R0 024 1.4 20.8 52.1 1.0007 0.00 0.0M
396360.000 1968 COM2 65 0R0 324 2.3 20.9 51.7 1.0007 0.00 0.0M
396420.000 1968 COM2 65 0R0 318 3.4 20.9 51.8 1.0007 0.00 0.0M
396480.000 1968 COM2 65 0R0 330 2.0 20.9 52.0 1.0007 0.00 0.0M
396540.000 1968 COM2 65 0R0 338 0.8 21.0 51.4 1.0007 0.00 0.0M
396600.000 1968 COM2 65 0R0 305 1.2 21.0 51.5 1.0007 0.00 0.0M
396660.000 1968 COM2 65 0R0 353 1.6 21.0 51.3 1.0007 0.00 0.0M
396720.000 1968 COM2 65 0R0 357 0.8 21.1 51.5 1.0006 0.00 0.0M
396780.000 1968 COM2 65 0R0 323 3.7 21.2 51.1 1.0007 0.00 0.0M
396840.000 1968 COM2 65 0R0 343 3.2 21.2 50.7 1.0007 0.00 0.0M
396900.000 1968 COM2 65 0R0 349 2.5 21.2 50.5 1.0006 0.00 0.0M
396960.000 1968 COM2 65 0R0 337 0.7 21.2 50.9 1.0007 0.00 0.0M
397020.000 1968 COM2 65 0R0 172 0.9 21.2 50.9 1.0007 0.00 0.0M
397080.000 1968 COM2 65 0R0 302 3.2 21.4 50.1 1.0007 0.00 0.0M
397140.000 1968 COM2 65 0R0 306 1.2 21.5 50.1 1.0007 0.00 0.0M
397200.000 1968 COM2 65 0R0 027 1.7 21.4 50.5 1.0007 0.00 0.0M
397260.000 1968 COM2 65 0R0 032 2.6 21.3 50.6 1.0007 0.00 0.0M
397320.000 1968 COM2 65 0R0 010 2.5 21.3 50.4 1.0007 0.00 0.0M
397380.000 1968 COM2 65 0R0 002 1.4 21.3 50.6 1.0007 0.00 0.0M
397440.000 1968 COM2 65 0R0 343 4.2 21.3 50.8 1.0007 0.00 0.0M
397500.000 1968 COM2 65 0R0 342 1.7 21.2 50.8 1.0007 0.00 0.0M
397560.000 1968 COM2 65 0R0 250 0.6 21.3 50.9 1.0007 0.00 0.0M
397620.000 1968 COM2 65 0R0 308 2.5 21.5 49.6 1.0007 0.00 0.0M
397680.000 1968 COM2 65 0R0 353 4.2 21.5 48.9 1.0007 0.00 0.0M
397740.000 1968 COM2 65 0R0 311 2.5 21.4 48.8 1.0007 0.00 0.0M
397800.000 1968 COM2 65 0R0 310 2.2 21.2 49.4 1.0007 0.00 0.0M
397860.000 1968 COM2 65 0R0 311 4.5 21.2 49.4 1.0007 0.00 0.0M
397920.000 1968 COM2 65 0R0 290 0.6 21.1 50.0 1.0007 0.00 0.0M
397980.000 1968 COM2 65 0R0 023 0.9 21.1 50.0 1.0007 0.00 0.0M
398040.000 1968 COM2 65 0R0 350 1.4 21.2 49.6 1.0007 0.00 0.0M
398100.000 1968 COM2 65 0R0 265 1.3 21.3 50.1 1.0007 0.00 0.0M
398160.000 1968 COM2 65 0R0 346 5.2 21.3 49.3 1.0007 0.00 0.0M
398220.000 1968 COM2 65 0R0 297 2.6 21.3 49.5 1.0007 0.00 0.0M
398280.000 1968 COM2 65 0R0 285 2.9 21.3 49.6 1.0007 0.00 0.0M
398340.000 1968 COM2 65 0R0 308 3.8 21.2 50.2 1.0007 0.00 0.0M
398400.000 1968 COM2 65 0R0 295 1.8 21.2 49.9 1.0007 0.00 0.0M
398460.000 1968 COM2 65 0R0 307 2.5 21.3 49.9 1.0006 0.00 0.0M
398520.000 1968 COM2 65 0R0 346 3.0 21.4 49.1 1.0007 0.00 0.0M
398580.000 1968 COM2 65 0R0 328 2.4 21.4 49.2 1.0007 0.00 0.0M
398640.000 1968 COM2 65 0R0 282 2.7 21.4 49.1 1.0006 0.00 0.0M
398700.000 1968 COM2 65 0R0 346 1.8 21.6 49.1 1.0006 0.00 0.0M
398760.000 1968 COM2 65 0R0 345 3.9 21.7 48.3 1.0007 0.00 0.0M
398820.000 1968 COM2 65 0R0 348 0.8 21.7 48.2 1.0007 0.00 0.0M
398880.000 1968 COM2 65 0R0 000 2.9 21.8 48.1 1.0007 0.00 0.0M
398940.000 1968 COM2 65 0R0 327 4.4 21.8 47.4 1.0007 0.00 0.0M
399000.000 1968 COM2 65 0R0 332 4.2 21.7 47.5 1.0007 0.00 0.0M
399060.000 1968 COM2 65 0R0 295 1.7 21.6 47.8 1.0007 0.00 0.0M
399120.000 1968 COM2 65 0R0 313 3.7 21.4 47.8 1.0007 0.00 0.0M
399180.000 1968 COM2 65 0R0 299 4.4 21.4 48.4 1.0006 0.00 0.0M
399240.000 1968 COM2 65 0R0 022 0.6 21.5 48.3 1.0007 0.00 0.0M
399300.000 1968 COM2 65 0R0 284 0.7 21.5 48.1 1.0007 0.00 0.0M
399360.000 1968 COM2 65 0R0 349 0.3 21.6 48.4 1.0007 0.00 0.0M
399420.000 1968 COM2 65 0R0 316 2.7 21.8 48.1 1.0007 0.00 0.0M
399480.000 1968 COM2 65 0R0 308 3.2 21.9 47.4 1.0007 0.00 0.0M
399540.000 1968 COM2 65 0R0 344 2.0 21.8 46.9 1.0007 0.00 0.0M
399600.000 1968 COM2 65 0R0 331 1.8 21.7 48.3 1.0006 0.00 0.0M
399660.000 1968 COM2 65 0R0 037 1.5 21.7 47.4 1.0006 0.00 0.0M
399720.100 1968 COM2 65 0R0 331 2.2 21.8 47.3 1.0006 0.00 0.0M
399780.000 1968 COM2 65 0R0 340 1.9 22.0 46.9 1.0006 0.00 0.0M
399840.000 1968 COM2 65 0R0 356 6.0 22.1 46.5 1.0006 0.00 0.0M
399900.000 1968 COM2 65 0R0 325 1.4 22.0 46.4 1.0005 0.00 0.0M
399960.100 1968 COM2 65 0R0 002 3.2 21.9 46.9 1.0006 0.00 0.0M
400020.100 1968 COM2 65 0R0 341 7.8 21.8 46.5 1.0005 0.00 0.0M
400080.000 1968 COM2 65 0R0 032 3.6 21.7 46.6 1.0005 0.00 0.0M
400140.000 1968 COM2 65 0R0 347 2.1 21.6 47.0 1.0005 0.00 0.0M
400200.000 1968 COM2 65 0R0 004 3.6 21.7 46.8 1.0005 0.00 0.0M
400260.000 1968 COM2 65 0R0 019 3.5 21.7 47.0 1.0005 0.00 0.0M
400320.000 1968 COM2 65 0R0 326 2.1 21.7 47.2 1.0005 0.00 0.0M
400380.000 1968 COM2 65 0R0 051 1.1 21.7 47.4 1.0005 0.00 0.0M
400440.000 1968 COM2 65 0R0 346 4.6 21.8 47.5 1.0006 0.00 0.0M
400500.000 1968 COM2 65 0R0 333 3.7 21.8 47.4 1.0005 0.00 0.0M
400560.000 1968 COM2 65 0R0 007 3.3 21.8 47.0 1.0005 0.00 0.0M
400620.000 1968 COM2 65 0R0 002 3.7 21.8 47.1 1.0005 0.00 0.0M
400680.000 1968 COM2 65 0R0 342 0.9 21.8 47.3 1.0005 0.00 0.0M
400740.000 1968 COM2 65 0R0 338 3.0 21.9 46.2 1.0005 0.00 0.0M
400800.000 1968 COM2 65 0R0 041 2.2 21.9 46.9 1.0005 0.00 0.0M
400860.000 1968 COM2 65 0R0 301 1.0 22.0 46.9 1.0005 0.00 0.0M
400920.000 1968 COM2 65 0R0 026 2.4 22.2 46.6 1.0005 0.00 0.0M
400980.000 1968 COM2 65 0R0 339 2.2 22.2 46.5 1.0004 0.00 0.0M
401040.000 1968 COM2 65 0R0 039 2.7 22.2 46.1 1.0004 0.00 0.0M
401100.000 1968 COM2 65 0R0 001 4.7 22.3 45.4 1.0005 0.00 0.0M
401160.100 1968 COM2 65 0R0 002 2.8 22.2 45.7 1.0005 0.00 0.0M
401220.000 1968 COM2 65 0R0 340 2.9 22.1 46.3 1.0005 0.00 0.0M
401280.000 1968 COM2 65 0R0 351 3.1 21.9 46.1 1.0005 0.00 0.0M
401340.000 1968 COM2 65 0R0 006 4.4 21.9 46.1 1.0005 0.00 0.0M
401400.000 1968 COM2 65 0R0 345 3.3 21.9 46.2 1.0005 0.00 0.0M
401460.000 1968 COM2 65 0R0 341 3.1 21.9 46.3 1.0005 0.00 0.0M
401520.000 1968 COM2 65 0R0 340 1.3 21.9 46.4 1.0005 0.00 0.0M
401580.000 1968 COM2 65 0R0 304 3.5 22.0 46.6 1.0004 0.00 0.0M
401640.000 1968 COM2 65 0R0 303 2.6 22.1 46.7 1.0004 0.00 0.0M
401700.000 1968 COM2 65 0R0 026 1.2 22.3 46.4 1.0005 0.00 0.0M
401760.000 1968 COM2 65 0R0 030 1.4 22.4 46.0 1.0004 0.00 0.0M
401820.000 1968 COM2 65 0R0 348 1.7 22.5 45.2 1.0004 0.00 0.0M
401880.000 1968 COM2 65 0R0 104 0.9 22.6 45.6 1.0005 0.00 0.0M
401940.000 1968 COM2 65 0R0 309 1.2 22.8 44.8 1.0003 0.00 0.0M
402000.000 1968 COM2 65 0R0 039 1.3 22.8 44.5 1.0004 0.00 0.0M
402060.000 1968 COM2 65 0R0 339 3.5 22.8 44.4 1.0004 0.00 0.0M
402120.000 1968 COM2 65 0R0 030 1.4 22.7 45.1 1.0004 0.00 0.0M
402180.000 1968 COM2 65 0R0 262 2.2 22.8 44.8 1.0004 0.00 0.0M
402240.000 1968 COM2 65 0R0 254 4.4 22.9 44.7 1.0004 0.00 0.0M
402300.000 1968 COM2 65 0R0 024 1.5 23.0 44.3 1.0004 0.00 0.0M
402360.000 1968 COM2 65 0R0 280 5.1 23.1 43.7 1.0003 0.00 0.0M
402420.000 1968 COM2 65 0R0 022 1.4 23.1 44.3 1.0005 0.00 0.0M
402480.000 1968 COM2 65 0R0 359 4.7 23.1 43.7 1.0005 0.00 0.0M
402540.000 1968 COM2 65 0R0 339 6.2 22.9 44.1 1.0006 0.00 0.0M
402600.000 1968 COM2 65 0R0 324 4.9 22.4 45.2 1.0006 0.00 0.0M
402660.000 1968 COM2 65 0R0 345 5.0 22.2 45.3 1.0005 0.00 0.0M
402720.000 1968 COM2 65 0R0 259 1.8 22.2 45.6 1.0004 0.00 0.0M
402780.000 1968 COM2 65 0R0 334 2.6 22.3 45.6 1.0004 0.00 0.0M
402840.000 1968 COM2 65 0R0 273 5.1 22.3 45.2 1.0003 0.00 0.0M
402900.000 1968 COM2 65 0R0 312 5.2 22.3 45.3 1.0005 0.00 0.0M
402960.000 1968 COM2 65 0R0 306 3.1 22.3 44.8 1.0005 0.00 0.0M
403020.000 1968 COM2 65 0R0 303 5.9 22.3 43.9 1.0004 0.00 0.0M
403080.000 1968 COM2 65 0R0 317 7.4 22.2 44.3 1.0004 0.00 0.0M
403140.000 1968 COM2 65 0R0 324 4.6 22.1 44.7 1.0004 0.00 0.0M
403200.000 1968 COM2 65 0R0 065 1.9 22.1 45.1 1.0004 0.00 0.0M
403260.000 1968 COM2 65 0R0 345 4.9 22.2 44.8 1.0004 0.00 0.0M
403320.000 1968 COM2 65 0R0 347 5.2 22.3 44.7 1.0004 0.00 0.0M
403380.000 1968 COM2 65 0R0 349 4.3 22.3 45.1 1.0004 0.00 0.0M
403440.000 1968 COM2 65 0R0 353 1.4 22.3 45.0 1.0004 0.00 0.0M
403500.000 1968 COM2 65 0R0 336 5.7 22.4 44.3 1.0004 0.00 0.0M
403560.000 1968 COM2 65 0R0 005 1.8 22.5 44.7 1.0005 0.00 0.0M
403620.000 1968 COM2 65 0R0 332 1.2 22.5 44.7 1.0004 0.00 0.0M
403680.000 1968 COM2 65 0R0 009 1.2 22.7 44.1 1.0003 0.00 0.0M
403740.000 1968 COM2 65 0R0 330 2.8 22.9 44.0 1.0004 0.00 0.0M
403800.000 1968 COM2 65 0R0 324 0.8 22.9 43.6 1.0003 0.00 0.0M
403860.000 1968 COM2 65 0R0 340 4.0 22.7 43.9 1.0004 0.00 0.0M
403920.000 1968 COM2 65 0R0 313 0.8 22.6 44.3 1.0004 0.00 0.0M
403980.000 1968 COM2 65 0R0 304 4.6 22.7 43.8 1.0004 0.00 0.0M
404040.000 1968 COM2 65 0R0 343 1.6 22.7 43.3 1.0004 0.00 0.0M
404100.000 1968 COM2 65 0R0 285 2.1 22.8 43.6 1.0005 0.00 0.0M
404160.000 1968 COM2 65 0R0 330 2.0 22.8 42.9 1.0005 0.00 0.0M
404220.000 1968 COM2 65 0R0 297 5.1 22.7 42.4 1.0005 0.00 0.0M
404280.000 1968 COM2 65 0R0 210 2.3 22.6 43.5 1.0005 0.00 0.0M
404340.000 1968 COM2 65 0R0 305 2.3 22.6 42.6 1.0005 0.00 0.0M
404400.000 1968 COM2 65 0R0 296 2.4 22.7 42.5 1.0005 0.00 0.0M
404460.000 1968 COM2 65 0R0 331 3.9 22.7 42.8 1.0005 0.00 0.0M
404520.000 1968 COM2 65 0R0 342 3.4 22.7 42.5 1.0005 0.00 0.0M
404580.000 1968 COM2 65 0R0 036 1.7 22.6 42.4 1.0004 0.00 0.0M
404640.000 1968 COM2 65 0R0 255 5.8 22.6 42.1 1.0003 0.00 0.0M
404700.000 1968 COM2 65 0R0 353 4.5 22.5 42.4 1.0004 0.00 0.0M
404760.100 1968 COM2 65 0R0 303 7.8 22.6 42.7 1.0004 0.00 0.0M
404820.000 1968 COM2 65 0R0 342 6.0 22.5 42.0 1.0004 0.00 0.0M
404880.000 1968 COM2 65 0R0 289 2.2 22.5 41.4 1.0004 0.00 0.0M
404940.000 1968 COM2 65 0R0 315 5.2 22.5 41.8 1.0005 0.00 0.0M
405000.000 1968 COM2 65 0R0 340 4.0 22.4 42.0 1.0005 0.00 0.0M
405060.000 1968 COM2 65 0R0 322 1.1 22.4 42.1 1.0004 0.00 0.0M
405120.000 1968 COM2 65 0R0 343 3.4 22.4 41.8 1.0004 0.00 0.0M
405180.000 1968 COM2 65 0R0 348 3.4 22.4 42.3 1.0005 0.00 0.0M
405240.000 1968 COM2 65 0R0 353 5.0 22.5 42.5 1.0005 0.00 0.0M
405300.100 1968 COM2 65 0R0 336 4.2 22.5 42.2 1.0005 0.00 0.0M
405360.000 1968 COM2 65 0R0 322 8.1 22.5 41.8 1.0003 0.00 0.0M
405420.000 1968 COM2 65 0R0 340 3.8 22.5 41.9 1.0005 0.00 0.0M
405480.000 1968 COM2 65 0R0 004 1.1 22.5 41.9 1.0006 0.00 0.0M
405540.000 1968 COM2 65 0R0 033 2.4 22.7 41.7 1.0005 0.00 0.0M
405600.000 1968 COM2 65 0R0 333 3.0 22.9 41.2 1.0005 0.00 0.0M
405660.000 1968 COM2 65 0R0 328 3.4 22.9 40.5 1.0005 0.00 0.0M
405720.000 1968 COM2 65 0R0 335 2.3 22.8 40.0 1.0005 0.00 0.0M
405780.000 1968 COM2 65 0R0 261 1.5 22.7 40.5 1.0005 0.00 0.0M
405840.000 1968 COM2 65 0R0 022 1.4 22.8 40.3 1.0004 0.00 0.0M
405900.000 1968 COM2 65 0R0 271 3.7 22.9 40.0 1.0004 0.00 0.0M
405960.000 1968 COM2 65 0R0 311 1.6 23.0 40.0 1.0004 0.00 0.0M
406020.000 1968 COM2 65 0R0 350 4.8 23.1 40.1 1.0004 0.00 0.0M
406080.000 1968 COM2 65 0R0 309 4.4 23.1 39.6 1.0004 0.00 0.0M
406140.000 1968 COM2 65 0R0 318 3.9 22.9 40.1 1.0004 0.00 0.0M
406200.000 1968 COM2 65 0R0 048 0.6 22.9 39.9 1.0003 0.00 0.0M
406260.000 1968 COM2 65 0R0 319 0.3 23.0 39.2 1.0002 0.00 0.0M
406320.000 1968 COM2 65 0R0 339 2.0 23.2 39.3 1.0003 0.00 0.0M
406380.000 1968 COM2 65 0R0 302 1.0 23.4 38.9 1.0003 0.00 0.0M
406440.000 1968 COM2 65 0R0 030 1.5 23.4 38.7 1.0002 0.00 0.0M
406500.000 1968 COM2 65 0R0 353 2.8 23.5 38.2 1.0003 0.00 0.0M
406560.000 1968 COM2 65 0R0 333 3.5 23.4 38.5 1.0003 0.00 0.0M
406620.000 1968 COM2 65 0R0 310 3.2 23.3 39.3 1.0003 0.00 0.0M
406680.000 1968 COM2 65 0R0 317 2.1 23.3 38.8 1.0002 0.00 0.0M
406740.000 1968 COM2 65 0R0 000 4.3 23.3 38.8 1.0002 0.00 0.0M
406800.000 1968 COM2 65 0R0 001 5.4 23.3 38.8 1.0002 0.00 0.0M
406860.100 1968 COM2 65 0R0 354 1.0 23.1 38.8 1.0002 0.00 0.0M
406920.000 1968 COM2 65 0R0 011 2.4 23.2 38.9 1.0002 0.00 0.0M
406980.000 1968 COM2 65 0R0 304 5.2 23.2 38.4 1.0000 0.00 0.0M
407040.000 1968 COM2 65 0R0 337 2.3 23.2 38.1 1.0001 0.00 0.0M
407100.000 1968 COM2 65 0R0 348 5.1 23.2 38.1 1.0002 0.00 0.0M
407160.000 1968 COM2 65 0R0 357 1.6 23.1 38.8 1.0001 0.00 0.0M
407220.000 1968 COM2 65 0R0 026 1.6 23.1 39.2 1.0001 0.00 0.0M
407280.000 1968 COM2 65 0R0 009 3.0 23.2 38.9 1.0001 0.00 0.0M
407340.000 1968 COM2 65 0R0 024 3.9 23.3 38.8 1.0001 0.00 0.0M
407400.000 1968 COM2 65 0R0 348 7.1 23.3 39.0 1.0001 0.00 0.0M
407460.000 1968 COM2 65 0R0 041 0.6 23.1 38.9 1.0000 0.00 0.0M
407520.000 1968 COM2 65 0R0 348 3.9 23.2 39.2 1.0001 0.00 0.0M
407580.000 1968 COM2 65 0R0 030 4.8 23.1 39.9 1.0000 0.00 0.0M
407640.000 1968 COM2 65 0R0 349 1.9 23.0 40.1 1.0000 0.00 0.0M
407700.000 1968 COM2 65 0R0 021 4.8 22.9 40.3 1.0000 0.00 0.0M
407760.000 1968 COM2 65 0R0 022 3.0 22.8 40.4 1.0000 0.00 0.0M
407820.000 1968 COM2 65 0R0 345 4.6 22.9 40.7 1.0000 0.00 0.0M
407880.000 1968 COM2 65 0R0 344 4.7 22.9 40.8 1.0000 0.00 0.0M
407940.000 1968 COM2 65 0R0 032 3.6 22.9 40.8 1.0000 0.00 0.0M
408000.000 1968 COM2 65 0R0 332 3.7 22.9 41.1 1.0001 0.00 0.0M
408060.000 1968 COM2 65 0R0 336 4.3 22.9 41.2 1.0001 0.00 0.0M
408120.000 1968 COM2 65 0R0 349 3.6 22.9 41.9 1.0002 0.00 0.0M
408180.000 1968 COM2 65 0R0 014 1.5 23.0 41.6 1.0001 0.00 0.0M
408240.000 1968 COM2 65 0R0 271 0.6 23.1 40.9 1.0001 0.00 0.0M
408300.000 1968 COM2 65 0R0 006 0.9 23.3 41.0 1.0002 0.00 0.0M
408360.000 1968 COM2 65 0R0 300 1.1 23.5 40.1 1.0001 0.00 0.0M
408420.000 1968 COM2 65 0R0 352 1.5 23.7 39.2 1.0001 0.00 0.0M
408480.000 1968 COM2 65 0R0 002 2.5 23.7 39.8 1.0002 0.00 0.0M
408540.000 1968 COM2 65 0R0 324 2.2 23.7 40.4 1.0002 0.00 0.0M
408600.000 1968 COM2 65 0R0 354 1.7 23.7 40.8 1.0002 0.00 0.0M
408660.000 1968 COM2 65 0R0 309 3.0 23.7 40.6 1.0002 0.00 0.0M
408720.000 1968 COM2 65 0R0 216 1.6 23.6 40.9 1.0001 0.00 0.0M
408780.000 1968 COM2 65 0R0 303 2.1 23.4 41.1 1.0001 0.00 0.0M
408840.000 1968 COM2 65 0R0 354 1.9 23.3 41.4 1.0001 0.00 0.0M
408900.000 1968 COM2 65 0R0 283 3.1 23.4 40.9 1.0001 0.00 0.0M
408960.000 1968 COM2 65 0R0 334 1.4 23.3 41.4 1.0001 0.00 0.0M
409020.000 1968 COM2 65 0R0 324 1.5 23.4 41.5 1.0001 0.00 0.0M
409080.000 1968 COM2 65 0R0 259 0.7 23.6 40.6 1.0001 0.00 0.0M
409140.000 1968 COM2 65 0R0 348 2.1 23.7 40.2 1.0001 0.00 0.0M
409200.000 1968 COM2 65 0R0 337 3.6 23.8 39.5 1.0001 0.00 0.0M
409260.000 1968 COM2 65 0R0 326 2.7 23.7 39.3 1.0001 0.00 0.0M
409320.000 1968 COM2 65 0R0 347 2.4 23.5 39.0 1.0001 0.00 0.0M
409380.000 1968 COM2 65 0R0 028 4.4 23.4 39.1 1.0000 0.00 0.0M
409440.000 1968 COM2 65 0R0 345 4.3 23.3 38.6 1.0001 0.00 0.0M
409500.000 1968 COM2 65 0R0 357 2.5 23.2 38.4 1.0001 0.00 0.0M
409560.100 1968 COM2 65 0R0 319 3.2 23.1 39.0 1.0001 0.00 0.0M
409620.000 1968 COM2 65 0R0 296 2.1 23.1 38.8 1.0001 0.00 0.0M
409680.000 1968 COM2 65 0R0 120 0.8 23.1 39.3 1.0001 0.00 0.0M
409740.000 1968 COM2 65 0R0 253 1.2 23.3 38.8 1.0001 0.00 0.0M
409800.000 1968 COM2 65 0R0 033 1.9 23.5 38.9 1.0001 0.00 0.0M
409860.000 1968 COM2 65 0R0 281 0.6 23.7 38.4 1.0001 0.00 0.0M
409920.000 1968 COM2 65 0R0 320 4.2 23.8 37.9 1.0001 0.00 0.0M
409980.000 1968 COM2 65 0R0 322 2.6 23.7 38.3 1.0001 0.00 0.0M
410040.000 1968 COM2 65 0R0 000 2.6 23.8 38.1 1.0001 0.00 0.0M
410100.000 1968 COM2 65 0R0 015 3.6 23.7 37.8 1.0001 0.00 0.0M
410160.000 1968 COM2 65 0R0 038 3.4 23.5 37.8 1.0001 0.00 0.0M
410220.000 1968 COM2 65 0R0 048 2.6 23.4 37.8 1.0000 0.00 0.0M
410280.000 1968 COM2 65 0R0 013 4.6 23.4 37.8 1.0001 0.00 0.0M
410340.000 1968 COM2 65 0R0 357 2.3 23.4 37.7 1.0000 0.00 0.0M
410400.000 1968 COM2 65 0R0 061 1.2 23.3 38.1 1.0000 0.00 0.0M
410460.000 1968 COM2 65 0R0 010 2.3 23.3 38.1 1.0000 0.00 0.0M
410520.000 1968 COM2 65 0R0 020 4.8 23.5 37.4 1.0000 0.00 0.0M
410580.000 1968 COM2 65 0R0 338 3.2 23.5 36.9 1.0000 0.00 0.0M
410640.000 1968 COM2 65 0R0 021 5.2 23.4 37.3 1.0000 0.00 0.0M
410700.000 1968 COM2 65 0R0 340 2.7 23.3 37.6 1.0000 0.00 0.0M
410760.100 1968 COM2 65 0R0 328 3.8 23.3 37.9 1.0000 0.00 0.0M
410820.000 1968 COM2 65 0R0 029 2.0 23.3 38.2 1.0001 0.00 0.0M
410880.000 1968 COM2 65 0R0 349 1.3 23.4 37.8 1.0001 0.00 0.0M
410940.000 1968 COM2 65 0R0 341 2.9 23.5 37.0 1.0001 0.00 0.0M
411000.000 1968 COM2 65 0R0 023 0.7 23.5 37.3 1.0001 0.00 0.0M
411060.000 1968 COM2 65 0R0 292 2.1 23.6 37.6 1.0001 0.00 0.0M
411120.000 1968 COM2 65 0R0 334 2.0 23.6 37.6 1.0001 0.00 0.0M
411180.000 1968 COM2 65 0R0 321 3.7 23.6 37.7 1.0001 0.00 0.0M
411240.000 1968 COM2 65 0R0 330 1.1 23.5 38.0 1.0001 0.00 0.0M
411300.000 1968 COM2 65 0R0 348 1.4 23.6 38.1 1.0000 0.00 0.0M
411360.000 1968 COM2 65 0R0 340 3.8 23.7 37.8 1.0001 0.00 0.0M
411420.000 1968 COM2 65 0R0 295 2.4 23.7 38.1 1.0001 0.00 0.0M
411480.000 1968 COM2 65 0R0 279 2.8 23.9 37.7 1.0000 0.00 0.0M
411540.000 1968 COM2 65 0R0 283 3.6 24.0 36.8 1.0000 0.00 0.0M
411600.000 1968 COM2 65 0R0 306 1.5 24.0 37.1 1.0000 0.00 0.0M
411660.000 1968 COM2 65 0R0 001 1.2 24.0 37.2 1.0000 0.00 0.0M
411720.000 1968 COM2 65 0R0 329 2.9 24.2 36.9 1.0000 0.00 0.0M
411780.000 1968 COM2 65 0R0 344 1.0 24.2 36.7 1.0000 0.00 0.0M
411840.000 1968 COM2 65 0R0 307 3.1 24.1 36.6 1.0000 0.00 0.0M
411900.000 1968 COM2 65 0R0 304 3.6 23.9 36.8 1.0000 0.00 0.0M
411960.000 1968 COM2 65 0R0 338 2.5 23.8 37.3 1.0000 0.00 0.0M
412020.000 1968 COM2 65 0R0 001 4.0 23.8 37.1 1.0000 0.00 0.0M
412080.000 1968 COM2 65 0R0 337 4.0 23.8 37.0 1.0000 0.00 0.0M
412140.000 1968 COM2 65 0R0 264 1.6 23.7 36.7 0.9999 0.00 0.0M
412200.000 1968 COM2 65 0R0 344 1.4 23.6 37.1 1.0000 0.00 0.0M
412260.000 1968 COM2 65 0R0 340 3.6 23.6 37.1 1.0000 0.00 0.0M
412320.000 1968 COM2 65 0R0 310 4.9 23.7 37.4 1.0000 0.00 0.0M
412380.000 1968 COM2 65 0R0 342 4.0 23.8 36.7 1.0001 0.00 0.0M
412440.000 1968 COM2 65 0R0 021 2.3 23.8 36.8 1.0000 0.00 0.0M
412500.000 1968 COM2 65 0R0 004 1.4 23.7 37.0 1.0001 0.00 0.0M
412560.000 1968 COM2 65 0R0 353 2.0 23.6 37.0 1.0001 0.00 0.0M
412620.000 1968 COM2 65 0R0 320 6.3 23.4 37.2 1.0001 0.00 0.0M
412680.100 1968 COM2 65 0R0 318 1.3 23.4 37.7 1.0002 0.00 0.0M
412740.000 1968 COM2 65 0R0 310 1.9 23.5 37.6 1.0002 0.00 0.0M
412800.000 1968 COM2 65 0R0 274 2.8 23.6 37.8 1.0002 0.00 0.0M
412860.000 1968 COM2 65 0R0 299 3.2 23.7 37.6 1.0000 0.00 0.0M
412920.100 1968 COM2 65 0R0 356 3.9 23.8 37.7 1.0001 0.00 0.0M
412980.100 1968 COM2 65 0R0 307 5.0 23.8 37.7 1.0002 0.00 0.0M
413040.100 1968 COM2 65 0R0 333 3.4 23.8 37.9 1.0003 0.00 0.0M
413100.000 1968 COM2 65 0R0 044 1.5 23.8 36.8 1.0002 0.00 0.0M
413160.000 1968 COM2 65 0R0 355 2.5 23.9 36.8 1.0003 0.00 0.0M
413220.000 1968 COM2 65 0R0 022 4.2 23.9 36.6 1.0002 0.00 0.0M
413280.100 1968 COM2 65 0R0 238 1.5 24.0 36.7 1.0003 0.00 0.0M
413340.000 1968 COM2 65 0R0 339 0.7 24.1 36.2 1.0003 0.00 0.0M
413400.000 1968 COM2 65 0R0 354 1.8 24.2 36.3 1.0003 0.00 0.0M
413460.000 1968 COM2 65 0R0 274 2.2 24.2 36.3 1.0003 0.00 0.0M
413520.000 1968 COM2 65 0R0 254 4.4 24.2 36.9 1.0003 0.00 0.0M
413580.000 1968 COM2 65 0R0 324 3.7 24.2 36.2 1.0003 0.00 0.0M
413640.000 1968 COM2 65 0R0 293 4.3 24.2 35.4 1.0003 0.00 0.0M
413700.000 1968 COM2 65 0R0 266 2.3 24.0 35.9 1.0003 0.00 0.0M
413760.000 1968 COM2 65 0R0 329 1.5 23.9 36.2 1.0002 0.00 0.0M
413820.000 1968 COM2 65 0R0 030 1.4 23.8 36.6 1.0003 0.00 0.0M
413880.000 1968 COM2 65 0R0 319 4.5 23.8 36.7 1.0003 0.00 0.0M
413940.000 1968 COM2 65 0R0 238 1.0 23.8 37.1 1.0002 0.00 0.0M
414000.000 1968 COM2 65 0R0 206 3.0 23.8 37.2 1.0002 0.00 0.0M
414060.000 1968 COM2 65 0R0 338 1.7 23.9 36.7 1.0002 0.00 0.0M
414120.000 1968 COM2 65 0R0 293 5.4 23.9 36.9 1.0002 0.00 0.0M
414180.000 1968 COM2 65 0R0 316 4.5 23.9 36.5 1.0001 0.00 0.0M
414240.000 1968 COM2 65 0R0 309 2.8 23.9 36.5 1.0002 0.00 0.0M
414300.100 1968 COM2 65 0R0 351 2.6 23.8 36.7 1.0002 0.00 0.0M
414360.000 1968 COM2 65 0R0 292 3.3 23.8 36.9 1.0002 0.00 0.0M
414420.000 1968 COM2 65 0R0 321 6.9 23.8 37.0 1.0003 0.00 0.0M
414480.100 1968 COM2 65 0R0 311 4.2 23.8 36.9 1.0002 0.00 0.0M
414540.000 1968 COM2 65 0R0 345 2.8 23.8 36.8 1.0002 0.00 0.0M
414600.100 1968 COM2 65 0R0 347 4.1 23.7 36.8 1.0002 0.00 0.0M
414660.000 1968 COM2 65 0R0 341 4.0 23.8 36.9 1.0002 0.00 0.0M
414720.000 1968 COM2 65 0R0 342 1.5 23.8 36.9 1.0002 0.00 0.0M
414780.000 1968 COM2 65 0R0 343 2.5 23.8 36.4 1.0003 0.00 0.0M
414840.000 1968 COM2 65 0R0 040 1.0 23.8 36.9 1.0001 0.00 0.0M
414900.000 1968 COM2 65 0R0 241 0.3 23.9 36.7 1.0003 0.00 0.0M
414960.100 1968 COM2 65 0R0 058 2.6 24.0 36.5 1.0003 0.00 0.0M
415020.000 1968 COM2 65 0R0 308 2.7 24.1 36.7 1.0003 0.00 0.0M
415080.000 1968 COM2 65 0R0 357 4.0 24.2 36.2 1.0003 0.00 0.0M
415140.000 1968 COM2 65 0R0 301 7.1 24.2 35.8 1.0003 0.00 0.0M
415200.000 1968 COM2 65 0R0 321 2.0 24.0 36.3 1.0003 0.00 0.0M
415260.000 1968 COM2 65 0R0 340 2.9 24.0 35.8 1.0004 0.00 0.0M
415320.000 1968 COM2 65 0R0 300 4.5 23.9 36.1 1.0003 0.00 0.0M
415380.000 1968 COM2 65 0R0 304 6.0 23.9 35.9 1.0004 0.00 0.0M
415440.000 1968 COM2 65 0R0 261 1.2 23.8 36.2 1.0004 0.00 0.0M
415500.100 1968 COM2 65 0R0 034 1.6 23.8 36.0 1.0004 0.00 0.0M
415560.000 1968 COM2 65 0R0 326 0.8 23.9 36.1 1.0004 0.00 0.0M
415620.000 1968 COM2 65 0R0 305 2.6 23.9 36.0 1.0005 0.00 0.0M
415680.000 1968 COM2 65 0R0 320 5.0 23.9 36.0 1.0005 0.00 0.0M
415740.000 1968 COM2 65 0R0 343 0.9 23.9 36.4 1.0005 0.00 0.0M
415800.000 1968 COM2 65 0R0 350 3.8 23.8 36.4 1.0005 0.00 0.0M
415860.000 1968 COM2 65 0R0 257 1.3 23.8 36.3 1.0005 0.00 0.0M
415920.000 1968 COM2 65 0R0 332 4.2 23.8 36.4 1.0006 0.00 0.0M
415980.000 1968 COM2 65 0R0 346 3.9 23.8 36.5 1.0005 0.00 0.0M
416040.000 1968 COM2 65 0R0 324 3.2 23.7 36.9 1.0005 0.00 0.0M
416100.000 1968 COM2 65 0R0 271 5.8 23.7 36.8 1.0005 0.00 0.0M
416160.000 1968 COM2 65 0R0 238 0.8 23.8 36.4 1.0005 0.00 0.0M
416220.000 1968 COM2 65 0R0 318 1.2 24.0 36.1 1.0005 0.00 0.0M
416280.000 1968 COM2 65 0R0 339 3.2 24.0 36.3 1.0005 0.00 0.0M
416340.000 1968 COM2 65 0R0 321 2.7 24.0 36.3 1.0005 0.00 0.0M
416400.000 1968 COM2 65 0R0 032 5.4 24.0 36.2 1.0005 0.00 0.0M
416460.000 1968 COM2 65 0R0 313 3.7 24.0 36.3 1.0005 0.00 0.0M
416520.000 1968 COM2 65 0R0 261 1.2 24.1 36.3 1.0005 0.00 0.0M
416580.000 1968 COM2 65 0R0 036 0.6 24.3 36.0 1.0005 0.00 0.0M
416640.000 1968 COM2 65 0R0 018 1.3 24.4 35.5 1.0005 0.00 0.0M
416700.100 1968 COM2 65 0R0 313 5.1 24.5 35.4 1.0005 0.00 0.0M
416760.000 1968 COM2 65 0R0 351 2.0 24.3 36.0 1.0006 0.00 0.0M
416820.000 1968 COM2 65 0R0 010 3.3 24.1 36.5 1.0005 0.00 0.0M
416880.000 1968 COM2 65 0R0 033 0.5 24.0 36.5 1.0005 0.00 0.0M
416940.000 1968 COM2 65 0R0 342 6.7 23.9 35.9 1.0005 0.00 0.0M
417000.000 1968 COM2 65 0R0 345 2.8 23.9 36.2 1.0005 0.00 0.0M
417060.000 1968 COM2 65 0R0 342 5.5 23.8 36.4 1.0005 0.00 0.0M
417120.000 1968 COM2 65 0R0 330 5.9 23.8 36.5 1.0006 0.00 0.0M
417180.000 1968 COM2 65 0R0 341 4.0 23.7 36.3 1.0006 0.00 0.0M
417240.000 1968 COM2 65 0R0 030 2.9 23.7 36.3 1.0006 0.00 0.0M
417300.000 1968 COM2 65 0R0 354 2.0 23.7 36.4 1.0005 0.00 0.0M
417360.000 1968 COM2 65 0R0 315 3.0 23.7 36.5 1.0006 0.00 0.0M
417420.000 1968 COM2 65 0R0 335 5.4 23.7 36.7 1.0005 0.00 0.0M
417480.000 1968 COM2 65 0R0 340 2.4 23.6 37.0 1.0006 0.00 0.0M
417540.000 1968 COM2 65 0R0 356 1.5 23.5 37.2 1.0006 0.00 0.0M
417600.000 1968 COM2 65 0R0 323 0.9 23.6 37.0 1.0005 0.00 0.0M
417660.000 1968 COM2 65 0R0 009 3.2 23.7 37.3 1.0006 0.00 0.0M
417720.000 1968 COM2 65 0R0 005 4.0 23.8 36.6 1.0006 0.00 0.0M
417780.000 1968 COM2 65 0R0 346 2.5 23.8 36.1 1.0006 0.00 0.0M
417840.100 1968 COM2 65 0R0 322 7.0 23.7 36.1 1.0006 0.00 0.0M
417900.000 1968 COM2 65 0R0 345 2.9 23.7 35.9 1.0006 0.00 0.0M
417960.000 1968 COM2 65 0R0 014 3.2 23.8 35.8 1.0006 0.00 0.0M
418020.000 1968 COM2 65 0R0 325 1.8 23.8 35.9 1.0006 0.00 0.0M
418080.000 1968 COM2 65 0R0 026 2.8 23.8 35.9 1.0006 0.00 0.0M
418140.000 1968 COM2 65 0R0 318 2.2 23.9 35.9 1.0006 0.00 0.0M
418200.000 1968 COM2 65 0R0 333 1.3 23.9 35.9 1.0006 0.00 0.0M
418260.000 1968 COM2 65 0R0 320 3.8 23.9 36.0 1.0006 0.00 0.0M
418320.000 1968 COM2 65 0R0 021 1.3 23.8 36.1 1.0006 0.00 0.0M
418380.000 1968 COM2 65 0R0 003 2.1 23.8 35.8 1.0005 0.00 0.0M
418440.000 1968 COM2 65 0R0 329 2.0 23.8 35.5 1.0005 0.00 0.0M
418500.000 1968 COM2 65 0R0 320 1.1 23.8 35.5 1.0006 0.00 0.0M
418560.000 1968 COM2 65 0R0 035 1.9 23.8 35.4 1.0006 0.00 0.0M
418620.000 1968 COM2 65 0R0 296 5.8 23.9 35.3 1.0007 0.00 0.0M
418680.000 1968 COM2 65 0R0 003 2.7 23.9 35.4 1.0006 0.00 0.0M
418740.000 1968 COM2 65 0R0 310 5.9 23.8 35.1 1.0006 0.00 0.0M
418800.000 1968 COM2 65 0R0 310 2.5 23.6 35.5 1.0006 0.00 0.0M
418860.000 1968 COM2 65 0R0 281 1.0 23.6 35.7 1.0007 0.00 0.0M
418920.000 1968 COM2 65 0R0 345 3.3 23.6 35.8 1.0007 0.00 0.0M
418980.000 1968 COM2 65 0R0 278 1.3 23.5 36.0 1.0007 0.00 0.0M
419040.000 1968 COM2 65 0R0 298 6.6 23.5 36.1 1.0007 0.00 0.0M
419100.000 1968 COM2 65 0R0 325 2.2 23.5 36.0 1.0008 0.00 0.0M
419160.000 1968 COM2 65 0R0 004 1.1 23.5 36.0 1.0008 0.00 0.0M
419220.000 1968 COM2 65 0R0 347 2.6 23.5 36.0 1.0007 0.00 0.0M
419280.000 1968 COM2 65 0R0 346 1.9 23.4 36.2 1.0008 0.00 0.0M
419340.000 1968 COM2 65 0R0 316 6.0 23.4 36.3 1.0008 0.00 0.0M
419400.000 1968 COM2 65 0R0 330 3.3 23.4 36.5 1.0008 0.00 0.0M
419460.000 1968 COM2 65 0R0 122 1.0 23.3 36.4 1.0008 0.00 0.0M
419520.000 1968 COM2 65 0R0 283 2.4 23.4 36.6 1.0008 0.00 0.0M
419580.000 1968 COM2 65 0R0 312 1.6 23.4 36.6 1.0009 0.00 0.0M
419640.000 1968 COM2 65 0R0 316 4.8 23.5 36.2 1.0008 0.00 0.0M
419700.000 1968 COM2 65 0R0 270 0.8 23.5 36.5 1.0008 0.00 0.0M
419760.000 1968 COM2 65 0R0 274 1.9 23.4 36.6 1.0008 0.00 0.0M
419820.000 1968 COM2 65 0R0 300 2.2 23.5 36.6 1.0008 0.00 0.0M
419880.000 1968 COM2 65 0R0 203 0.8 23.5 36.7 1.0008 0.00 0.0M
419940.000 1968 COM2 65 0R0 283 5.2 23.5 36.4 1.0008 0.00 0.0M
420000.000 1968 COM2 65 0R0 342 4.2 23.6 36.4 1.0008 0.00 0.0M
420060.000 1968 COM2 65 0R0 296 2.0 23.5 36.8 1.0008 0.00 0.0M
420120.000 1968 COM2 65 0R0 326 5.4 23.4 36.9 1.0008 0.00 0.0M
420180.000 1968 COM2 65 0R0 263 2.2 23.4 37.0 1.0009 0.00 0.0M
420240.000 1968 COM2 65 0R0 344 3.2 23.3 37.1 1.0008 0.00 0.0M
420300.000 1968 COM2 65 0R0 322 3.1 23.3 37.2 1.0009 0.00 0.0M
420360.000 1968 COM2 65 0R0 333 3.2 23.3 37.5 1.0008 0.00 0.0M
420420.000 1968 COM2 65 0R0 340 4.9 23.1 37.5 1.0009 0.00 0.0M
420480.000 1968 COM2 65 0R0 267 1.9 23.0 38.1 1.0008 0.00 0.0M
420540.000 1968 COM2 65 0R0 309 3.7 23.0 38.2 1.0009 0.00 0.0M
420600.000 1968 COM2 65 0R0 295 1.1 23.0 38.1 1.0009 0.00 0.0M
420660.000 1968 COM2 65 0R0 357 2.1 23.1 38.1 1.0010 0.00 0.0M
420720.000 1968 COM2 65 0R0 309 4.5 23.2 38.0 1.0010 0.00 0.0M
420780.000 1968 COM2 65 0R0 334 1.6 23.2 38.2 1.0010 0.00 0.0M
420840.000 1968 COM2 65 0R0 355 2.1 23.2 38.5 1.0010 0.00 0.0M
420900.000 1968 COM2 65 0R0 326 1.4 23.2 38.1 1.0010 0.00 0.0M
420960.000 1968 COM2 65 0R0 337 2.0 23.3 38.0 1.0011 0.00 0.0M
421020.000 1968 COM2 65 0R0 342 3.2 23.3 37.8 1.0011 0.00 0.0M
421080.000 1968 COM2 65 0R0 346 4.0 23.3 37.9 1.0012 0.00 0.0M
421140.000 1968 COM2 65 0R0 000 6.6 23.3 37.7 1.0011 0.00 0.0M
421200.000 1968 COM2 65 0R0 330 3.2 23.2 37.7 1.0012 0.00 0.0M
421260.000 1968 COM2 65 0R0 001 2.5 23.1 37.5 1.0011 0.00 0.0M
421320.000 1968 COM2 65 0R0 061 2.1 23.1 37.7 1.0011 0.00 0.0M
421380.000 1968 COM2 65 0R0 344 1.3 23.1 37.5 1.0012 0.00 0.0M
421440.000 1968 COM2 65 0R0 352 4.5 23.1 37.6 1.0011 0.00 0.0M
421500.000 1968 COM2 65 0R0 349 4.2 23.0 37.4 1.0012 0.00 0.0M
421560.000 1968 COM2 65 0R0 331 3.1 23.0 37.7 1.0012 0.00 0.0M
421620.000 1968 COM2 65 0R0 019 2.9 23.0 37.5 1.0012 0.00 0.0M
421680.000 1968 COM2 65 0R0 316 1.4 22.9 37.8 1.0013 0.00 0.0M
421740.000 1968 COM2 65 0R0 346 3.9 22.9 38.0 1.0013 0.00 0.0M
421800.000 1968 COM2 65 0R0 335 1.7 22.8 38.0 1.0013 0.00 0.0M
421860.000 1968 COM2 65 0R0 097 0.9 22.9 38.0 1.0012 0.00 0.0M
421920.000 1968 COM2 65 0R0 354 5.3 22.8 38.2 1.0013 0.00 0.0M
421980.000 1968 COM2 65 0R0 351 2.7 22.8 38.6 1.0013 0.00 0.0M
422040.000 1968 COM2 65 0R0 334 5.3 22.8 38.6 1.0013 0.00 0.0M
422100.000 1968 COM2 65 0R0 013 2.3 22.7 38.6 1.0013 0.00 0.0M
422160.000 1968 COM2 65 0R0 337 5.6 22.7 38.7 1.0014 0.00 0.0M
422220.000 1968 COM2 65 0R0 335 4.4 22.7 38.8 1.0013 0.00 0.0M
422280.000 1968 COM2 65 0R0 325 4.4 22.7 38.9 1.0013 0.00 0.0M
422340.000 1968 COM2 65 0R0 346 5.1 22.6 39.2 1.0013 0.00 0.0M
422400.000 1968 COM2 65 0R0 336 2.2 22.6 39.1 1.0014 0.00 0.0M
422460.000 1968 COM2 65 0R0 350 1.1 22.6 39.1 1.0014 0.00 0.0M
422520.000 1968 COM2 65 0R0 318 3.9 22.6 39.2 1.0014 0.00 0.0M
422580.000 1968 COM2 65 0R0 002 3.8 22.7 39.4 1.0014 0.00 0.0M
422640.000 1968 COM2 65 0R0 316 2.8 22.7 39.3 1.0014 0.00 0.0M
422700.000 1968 COM2 65 0R0 345 3.8 22.7 39.4 1.0014 0.00 0.0M
422760.000 1968 COM2 65 0R0 350 2.9 22.6 39.6 1.0015 0.00 0.0M
422820.000 1968 COM2 65 0R0 326 1.6 22.6 39.8 1.0015 0.00 0.0M
422880.000 1968 COM2 65 0R0 356 4.7 22.6 39.8 1.0015 0.00 0.0M
422940.000 1968 COM2 65 0R0 085 1.4 22.6 40.1 1.0015 0.00 0.0M
423000.000 1968 COM2 65 0R0 357 4.5 22.5 40.2 1.0015 0.00 0.0M
423060.000 1968 COM2 65 0R0 016 1.6 22.4 40.5 1.0015 0.00 0.0M
423120.000 1968 COM2 65 0R0 352 5.8 22.4 40.6 1.0015 0.00 0.0M
423180.000 1968 COM2 65 0R0 328 2.4 22.4 40.7 1.0016 0.00 0.0M
423240.000 1968 COM2 65 0R0 345 5.0 22.3 40.5 1.0016 0.00 0.0M
423300.000 1968 COM2 65 0R0 344 6.0 22.3 40.6 1.0016 0.00 0.0M
423360.000 1968 COM2 65 0R0 286 2.5 22.2 40.9 1.0016 0.00 0.0M
423420.000 1968 COM2 65 0R0 026 2.3 22.2 40.9 1.0016 0.00 0.0M
423480.000 1968 COM2 65 0R0 351 5.8 22.2 40.9 1.0017 0.00 0.0M
423540.000 1968 COM2 65 0R0 006 2.9 22.2 41.1 1.0017 0.00 0.0M
423600.000 1968 COM2 65 0R0 343 7.3 22.1 41.1 1.0017 0.00 0.0M
423660.000 1968 COM2 65 0R0 340 3.5 22.1 41.0 1.0018 0.00 0.0M
423720.000 1968 COM2 65 0R0 346 5.4 22.0 41.2 1.0018 0.00 0.0M
423780.000 1968 COM2 65 0R0 318 3.4 21.9 41.4 1.0018 0.00 0.0M
423840.000 1968 COM2 65 0R0 339 6.4 21.9 41.3 1.0018 0.00 0.0M
423900.000 1968 COM2 65 0R0 333 3.2 21.8 41.3 1.0019 0.00 0.0M
423960.000 1968 COM2 65 0R0 352 3.3 21.8 41.5 1.0019 0.00 0.0M
424020.000 1968 COM2 65 0R0 344 6.7 21.7 41.4 1.0020 0.00 0.0M
424080.000 1968 COM2 65 0R0 000 6.9 21.7 41.2 1.0019 0.00 0.0M
424140.000 1968 COM2 65 0R0 335 4.0 21.6 41.2 1.0020 0.00 0.0M
424200.000 1968 COM2 65 0R0 340 1.4 21.6 41.1 1.0018 0.00 0.0M
424260.000 1968 COM2 65 0R0 341 2.2 21.6 41.2 1.0020 0.00 0.0M
424320.000 1968 COM2 65 0R0 004 3.4 21.5 41.1 1.0020 0.00 0.0M
424380.100 1968 COM2 65 0R0 000 1.3 21.5 41.3 1.0021 0.00 0.0M
424440.000 1968 COM2 65 0R0 023 2.3 21.5 41.4 1.0021 0.00 0.0M
424500.000 1968 COM2 65 0R0 337 4.0 21.5 41.2 1.0020 0.00 0.0M
424560.000 1968 COM2 65 0R0 286 0.6 21.5 41.6 1.0021 0.00 0.0M
424620.000 1968 COM2 65 0R0 001 2.1 21.6 41.3 1.0021 0.00 0.0M
424680.000 1968 COM2 65 0R0 056 1.5 21.6 41.0 1.0021 0.00 0.0M
424740.000 1968 COM2 65 0R0 005 0.7 21.5 40.9 1.0021 0.00 0.0M
424800.000 1968 COM2 65 0R0 338 2.5 21.5 41.0 1.0021 0.00 0.0M
424860.000 1968 COM2 65 0R0 295 3.7 21.4 41.3 1.0021 0.00 0.0M
424920.000 1968 COM2 65 0R0 123 0.5 21.3 41.6 1.0021 0.00 0.0M
424980.000 1968 COM2 65 0R0 304 4.7 21.3 41.1 1.0022 0.00 0.0M
425040.000 1968 COM2 65 0R0 328 5.2 21.3 41.1 1.0022 0.00 0.0M
425100.000 1968 COM2 65 0R0 326 4.0 21.2 41.3 1.0022 0.00 0.0M
425160.000 1968 COM2 65 0R0 343 4.5 21.1 41.5 1.0022 0.00 0.0M
425220.000 1968 COM2 65 0R0 333 1.4 21.1 41.6 1.0022 0.00 0.0M
425280.000 1968 COM2 65 0R0 359 6.5 21.1 41.6 1.0022 0.00 0.0M
425340.000 1968 COM2 65 0R0 346 0.7 21.0 41.7 1.0022 0.00 0.0M
425400.100 1968 COM2 65 0R0 323 2.8 20.9 41.9 1.0022 0.00 0.0M
425460.000 1968 COM2 65 0R0 304 5.2 20.9 41.8 1.0022 0.00 0.0M
425520.000 1968 COM2 65 0R0 322 2.9 21.0 42.1 1.0023 0.00 0.0M
425580.000 1968 COM2 65 0R0 347 1.0 20.9 42.1 1.0023 0.00 0.0M
425640.000 1968 COM2 65 0R0 329 3.9 20.9 42.0 1.0023 0.00 0.0M
425700.000 1968 COM2 65 0R0 311 2.3 20.9 42.1 1.0023 0.00 0.0M
425760.000 1968 COM2 65 0R0 316 3.4 20.9 42.2 1.0024 0.00 0.0M
425820.000 1968 COM2 65 0R0 306 1.8 20.8 42.0 1.0024 0.00 0.0M
425880.000 1968 COM2 65 0R0 346 0.9 20.8 42.2 1.0024 0.00 0.0M
425940.000 1968 COM2 65 0R0 287 1.6 20.8 42.2 1.0024 0.00 0.0M
426000.000 1968 COM2 65 0R0 294 6.0 20.8 42.2 1.0024 0.00 0.0M
426060.000 1968 COM2 65 0R0 040 1.7 20.7 42.3 1.0024 0.00 0.0M
426120.000 1968 COM2 65 0R0 305 3.8 20.7 42.5 1.0025 0.00 0.0M
426180.000 1968 COM2 65 0R0 202 0.6 20.6 42.7 1.0025 0.00 0.0M
426240.000 1968 COM2 65 0R0 259 1.0 20.6 42.7 1.0024 0.00 0.0M
426300.100 1968 COM2 65 0R0 307 2.9 20.6 42.4 1.0025 0.00 0.0M
426360.100 1968 COM2 65 0R0 294 4.4 20.6 42.7 1.0026 0.00 0.0M
426420.000 1968 COM2 65 0R0 334 1.7 20.5 42.9 1.0026 0.00 0.0M
426480.000 1968 COM2 65 0R0 050 1.3 20.5 43.1 1.0026 0.00 0.0M
426540.000 1968 COM2 65 0R0 022 1.3 20.4 43.1 1.0026 0.00 0.0M
426600.000 1968 COM2 65 0R0 278 3.0 20.4 42.8 1.0027 0.00 0.0M
426660.000 1968 COM2 65 0R0 334 3.4 20.4 43.0 1.0027 0.00 0.0M
426720.000 1968 COM2 65 0R0 306 4.5 20.3 43.2 1.0026 0.00 0.0M
426780.000 1968 COM2 65 0R0 322 6.6 20.3 43.2 1.0027 0.00 0.0M
426840.000 1968 COM2 65 0R0 339 3.3 20.3 43.2 1.0027 0.00 0.0M
426900.000 1968 COM2 65 0R0 325 2.7 20.2 43.5 1.0028 0.00 0.0M
426960.000 1968 COM2 65 0R0 339 0.9 20.1 43.5 1.0029 0.00 0.0M
427020.000 1968 COM2 65 0R0 291 0.5 20.1 43.5 1.0028 0.00 0.0M
427080.000 1968 COM2 65 0R0 345 5.3 20.1 43.7 1.0029 0.00 0.0M
427140.000 1968 COM2 65 0R0 289 1.6 20.0 43.7 1.0029 0.00 0.0M
427200.000 1968 COM2 65 0R0 264 2.6 20.0 43.8 1.0029 0.00 0.0M
427260.000 1968 COM2 65 0R0 314 2.1 20.0 44.0 1.0029 0.00 0.0M
427320.000 1968 COM2 65 0R0 338 0.8 20.0 44.3 1.0029 0.00 0.0M
427380.000 1968 COM2 65 0R0 343 2.2 20.0 44.1 1.0030 0.00 0.0M
427440.000 1968 COM2 65 0R0 239 1.2 19.9 44.1 1.0030 0.00 0.0M
427500.000 1968 COM2 65 0R0 298 3.2 19.9 44.2 1.0030 0.00 0.0M
427560.000 1968 COM2 65 0R0 300 1.7 19.9 44.2 1.0030 0.00 0.0M
427620.000 1968 COM2 65 0R0 356 1.4 19.9 44.4 1.0031 0.00 0.0M
427680.000 1968 COM2 65 0R0 001 2.8 19.8 44.4 1.0031 0.00 0.0M
427740.000 1968 COM2 65 0R0 345 1.8 19.8 44.5 1.0031 0.00 0.0M
427800.000 1968 COM2 65 0R0 001 1.6 19.8 44.9 1.0032 0.00 0.0M
427860.100 1968 COM2 65 0R0 349 2.4 19.7 44.7 1.0032 0.00 0.0M
427920.000 1968 COM2 65 0R0 337 2.3 19.7 44.7 1.0032 0.00 0.0M
427980.100 1968 COM2 65 0R0 330 1.7 19.7 44.8 1.0032 0.00 0.0M
428040.000 1968 COM2 65 0R0 346 2.7 19.6 45.0 1.0032 0.00 0.0M
428100.000 1968 COM2 65 0R0 335 4.7 19.6 45.1 1.0033 0.00 0.0M
428160.000 1968 COM2 65 0R0 001 1.4 19.6 45.4 1.0033 0.00 0.0M
428220.000 1968 COM2 65 0R0 322 1.6 19.6 45.4 1.0033 0.00 0.0M
428280.000 1968 COM2 65 0R0 263 0.5 19.6 45.6 1.0033 0.00 0.0M
428340.000 1968 COM2 65 0R0 286 0.9 19.6 45.4 1.0033 0.00 0.0M
428400.000 1968 COM2 65 0R0 327 2.1 19.6 45.5 1.0033 0.00 0.0M
428460.000 1968 COM2 65 0R0 210 1.2 19.6 45.7 1.0033 0.00 0.0M
428520.000 1968 COM2 65 0R0 008 0.5 19.6 45.6 1.0033 0.00 0.0M
428580.000 1968 COM2 65 0R0 275 1.4 19.6 45.5 1.0033 0.00 0.0M
428640.000 1968 COM2 65 0R0 286 5.3 19.5 45.7 1.0033 0.00 0.0M
428700.000 1968 COM2 65 0R0 278 1.7 19.4 46.1 1.0033 0.00 0.0M
428760.000 1968 COM2 65 0R0 351 0.8 19.4 45.9 1.0033 0.00 0.0M
428820.000 1968 COM2 65 0R0 264 1.1 19.3 46.1 1.0033 0.00 0.0M
428880.000 1968 COM2 65 0R0 059 1.0 19.3 46.6 1.0034 0.00 0.0M
428940.000 1968 COM2 65 0R0 300 0.8 19.3 46.7 1.0034 0.00 0.0M
429000.000 1968 COM2 65 0R0 051 0.9 19.3 46.7 1.0034 0.00 0.0M
429060.000 1968 COM2 65 0R0 293 6.6 19.3 46.6 1.0033 0.00 0.0M
429120.000 1968 COM2 65 0R0 292 1.0 19.2 46.6 1.0033 0.00 0.0M
429180.000 1968 COM2 65 0R0 002 3.9 19.2 46.9 1.0034 0.00 0.0M
429240.000 1968 COM2 65 0R0 334 2.4 19.2 46.9 1.0033 0.00 0.0M
429300.000 1968 COM2 65 0R0 314 7.2 19.1 46.6 1.0033 0.00 0.0M
429360.000 1968 COM2 65 0R0 325 3.2 19.1 47.0 1.0034 0.00 0.0M
429420.000 1968 COM2 65 0R0 324 3.4 19.1 47.2 1.0034 0.00 0.0M
429480.000 1968 COM2 65 0R0 337 2.5 19.0 47.3 1.0034 0.00 0.0M
429540.000 1968 COM2 65 0R0 337 2.3 19.0 47.5 1.0034 0.00 0.0M
429600.000 1968 COM2 65 0R0 354 2.4 18.9 47.5 1.0034 0.00 0.0M
429660.000 1968 COM2 65 0R0 295 5.3 18.9 47.5 1.0033 0.00 0.0M
429720.000 1968 COM2 65 0R0 344 2.0 18.9 47.8 1.0034 0.00 0.0M
429780.000 1968 COM2 65 0R0 322 3.9 18.8 47.9 1.0034 0.00 0.0M
429840.000 1968 COM2 65 0R0 271 3.1 18.8 47.8 1.0034 0.00 0.0M
429900.000 1968 COM2 65 0R0 346 2.1 18.8 47.9 1.0034 0.00 0.0M
429960.000 1968 COM2 65 0R0 011 0.6 18.8 48.0 1.0035 0.00 0.0M
430020.000 1968 COM2 65 0R0 313 5.1 18.8 47.9 1.0034 0.00 0.0M
430080.000 1968 COM2 65 0R0 305 0.6 18.7 48.1 1.0035 0.00 0.0M
430140.000 1968 COM2 65 0R0 319 1.1 18.7 48.2 1.0035 0.00 0.0M
430200.000 1968 COM2 65 0R0 034 0.8 18.7 48.3 1.0035 0.00 0.0M
430260.000 1968 COM2 65 0R0 355 3.9 18.7 48.4 1.0035 0.00 0.0M
430320.000 1968 COM2 65 0R0 358 1.3 18.6 48.5 1.0036 0.00 0.0M
430380.000 1968 COM2 65 0R0 309 0.8 18.6 48.5 1.0036 0.00 0.0M
430440.000 1968 COM2 65 0R0 049 1.2 18.6 48.7 1.0036 0.00 0.0M
430500.000 1968 COM2 65 0R0 356 2.2 18.6 48.7 1.0036 0.00 0.0M
430560.000 1968 COM2 65 0R0 306 0.7 18.5 48.6 1.0036 0.00 0.0M
430620.000 1968 COM2 65 0R0 319 5.3 18.5 48.9 1.0036 0.00 0.0M
430680.000 1968 COM2 65 0R0 041 1.6 18.5 49.0 1.0037 0.00 0.0M
430740.000 1968 COM2 65 0R0 351 0.8 18.4 49.1 1.0037 0.00 0.0M
430800.000 1968 COM2 65 0R0 008 0.8 18.4 49.3 1.0038 0.00 0.0M
430860.000 1968 COM2 65 0R0 289 3.7 18.4 49.3 1.0038 0.00 0.0M
430920.000 1968 COM2 65 0R0 005 1.4 18.4 49.3 1.0038 0.00 0.0M
430980.000 1968 COM2 65 0R0 026 3.3 18.4 49.2 1.0038 0.00 0.0M
431040.000 1968 COM2 65 0R0 316 3.9 18.4 49.2 1.0039 0.00 0.0M
431100.000 1968 COM2 65 0R0 006 0.8 18.3 49.3 1.0039 0.00 0.0M
431160.000 1968 COM2 65 0R0 345 2.1 18.3 49.3 1.0039 0.00 0.0M
431220.000 1968 COM2 65 0R0 311 3.2 18.3 49.4 1.0039 0.00 0.0M
431280.000 1968 COM2 65 0R0 342 6.3 18.3 49.3 1.0040 0.00 0.0M
431340.000 1968 COM2 65 0R0 304 2.8 18.3 49.3 1.0040 0.00 0.0M
431400.000 1968 COM2 65 0R0 000 3.6 18.3 49.5 1.0040 0.00 0.0M
431460.000 1968 COM2 65 0R0 306 2.6 18.2 49.3 1.0040 0.00 0.0M
431520.000 1968 COM2 65 0R0 347 2.3 18.2 49.4 1.0040 0.00 0.0M
431580.000 1968 COM2 65 0R0 343 3.3 18.2 49.5 1.0040 0.00 0.0M
431640.000 1968 COM2 65 0R0 335 2.1 18.2 49.5 1.0040 0.00 0.0M
431700.000 1968 COM2 65 0R0 341 3.3 18.1 49.4 1.0041 0.00 0.0M
431760.000 1968 COM2 65 0R0 312 3.7 18.1 49.6 1.0041 0.00 0.0M
431820.000 1968 COM2 65 0R0 276 1.8 18.1 49.4 1.0041 0.00 0.0M
431880.000 1968 COM2 65 0R0 331 1.4 18.1 49.7 1.0041 0.00 0.0M
431940.000 1968 COM2 65 0R0 344 0.7 18.1 49.7 1.0041 0.00 0.0M
