TO [s] WNc [w] C StringLn ASCIIString
---------------------------------------
172800.000 1979 COM2 64 0R0 063 0.4 3.0 53.5 1.0067 0.00 0.0M
172860.000 1979 COM2 64 0R0 114 1.2 2.9 53.4 1.0067 0.00 0.0M
172920.000 1979 COM2 64 0R0 201 0.4 2.9 52.2 1.0067 0.00 0.0M
172980.000 1979 COM2 64 0R0 116 0.3 2.8 52.8 1.0067 0.00 0.0M
173040.000 1979 COM2 64 0R0 150 0.2 2.7 54.6 1.0068 0.00 0.0M
173100.000 1979 COM2 64 0R0 171 0.4 2.7 55.1 1.0070 0.00 0.0M
173160.000 1979 COM2 64 0R0 272 0.5 2.6 54.2 1.0071 0.00 0.0M
173220.000 1979 COM2 64 0R0 185 0.2 2.6 54.1 1.0072 0.00 0.0M
173280.000 1979 COM2 64 0R0 142 0.3 2.6 54.6 1.0072 0.00 0.0M
173340.000 1979 COM2 64 0R0 247 0.3 2.5 55.6 1.0073 0.00 0.0M
173400.000 1979 COM2 64 0R0 220 0.5 2.5 55.3 1.0073 0.00 0.0M
173460.000 1979 COM2 64 0R0 255 0.9 2.5 54.7 1.0073 0.00 0.0M
173520.000 1979 COM2 64 0R0 300 0.4 2.4 54.8 1.0073 0.00 0.0M
173580.000 1979 COM2 64 0R0 190 0.4 2.4 55.0 1.0072 0.00 0.0M
173640.000 1979 COM2 64 0R0 114 0.3 2.4 54.5 1.0071 0.00 0.0M
173700.000 1979 COM2 64 0R0 351 0.4 2.4 55.5 1.0069 0.00 0.0M
173760.000 1979 COM2 64 0R0 058 0.4 2.4 54.6 1.0069 0.00 0.0M
173820.000 1979 COM2 64 0R0 073 0.6 2.4 54.4 1.0068 0.00 0.0M
173880.000 1979 COM2 64 0R0 125 0.2 2.3 54.3 1.0068 0.00 0.0M
173940.000 1979 COM2 64 0R0 355 0.4 2.3 54.7 1.0068 0.00 0.0M
174000.000 1979 COM2 64 0R0 314 0.2 2.3 55.0 1.0068 0.00 0.0M
174060.000 1979 COM2 64 0R0 254 0.4 2.4 54.4 1.0069 0.00 0.0M
174120.000 1979 COM2 64 0R0 164 0.1 2.4 54.9 1.0069 0.00 0.0M
174180.000 1979 COM2 64 0R0 023 0.4 2.4 53.8 1.0070 0.00 0.0M
174240.000 1979 COM2 64 0R0 181 0.1 2.4 54.7 1.0069 0.00 0.0M
174300.000 1979 COM2 64 0R0 028 0.4 2.4 54.8 1.0069 0.00 0.0M
174360.000 1979 COM2 64 0R0 358 0.2 2.5 54.7 1.0069 0.00 0.0M
174420.000 1979 COM2 64 0R0 079 0.7 2.5 55.2 1.0067 0.00 0.0M
174480.000 1979 COM2 64 0R0 072 1.6 2.5 54.0 1.0066 0.00 0.0M
174540.000 1979 COM2 64 0R0 064 0.9 2.6 52.1 1.0065 0.00 0.0M
174600.000 1979 COM2 64 0R0 063 1.5 2.5 52.9 1.0065 0.00 0.0M
174660.000 1979 COM2 64 0R0 060 1.1 2.5 52.9 1.0065 0.00 0.0M
174720.000 1979 COM2 64 0R0 018 0.3 2.4 53.3 1.0065 0.00 0.0M
174780.000 1979 COM2 64 0R0 051 1.4 2.4 55.1 1.0066 0.00 0.0M
174840.000 1979 COM2 64 0R0 035 0.5 2.4 53.3 1.0066 0.00 0.0M
174900.000 1979 COM2 64 0R0 058 0.9 2.4 53.8 1.0066 0.00 0.0M
174960.000 1979 COM2 64 0R0 059 0.5 2.3 53.9 1.0066 0.00 0.0M
175020.000 1979 COM2 64 0R0 076 1.7 2.3 54.0 1.0066 0.00 0.0M
175080.000 1979 COM2 64 0R0 128 0.3 2.3 53.0 1.0066 0.00 0.0M
175140.000 1979 COM2 64 0R0 347 0.2 2.3 54.8 1.0066 0.00 0.0M
175200.000 1979 COM2 64 0R0 163 0.1 2.3 54.7 1.0067 0.00 0.0M
175260.000 1979 COM2 64 0R0 291 0.4 2.3 55.0 1.0067 0.00 0.0M
175320.000 1979 COM2 64 0R0 259 0.4 2.3 54.0 1.0067 0.00 0.0M
175380.000 1979 COM2 64 0R0 358 0.3 2.3 54.4 1.0067 0.00 0.0M
175440.000 1979 COM2 64 0R0 060 1.8 2.4 54.5 1.0066 0.00 0.0M
175500.000 1979 COM2 64 0R0 074 1.3 2.3 53.4 1.0065 0.00 0.0M
175560.000 1979 COM2 64 0R0 126 0.4 2.2 53.9 1.0064 0.00 0.0M
175620.000 1979 COM2 64 0R0 018 0.7 2.2 54.1 1.0065 0.00 0.0M
175680.000 1979 COM2 64 0R0 118 0.2 2.2 54.6 1.0066 0.00 0.0M
175740.000 1979 COM2 64 0R0 040 1.0 2.2 54.6 1.0066 0.00 0.0M
175800.000 1979 COM2 64 0R0 086 0.6 2.1 55.1 1.0066 0.00 0.0M
175860.000 1979 COM2 64 0R0 033 0.3 2.1 54.6 1.0066 0.00 0.0M
175920.000 1979 COM2 64 0R0 030 0.1 2.1 55.2 1.0067 0.00 0.0M
175980.000 1979 COM2 64 0R0 046 0.3 2.1 56.5 1.0068 0.00 0.0M
176040.000 1979 COM2 64 0R0 132 0.3 2.2 56.3 1.0068 0.00 0.0M
176100.000 1979 COM2 64 0R0 110 0.5 2.3 54.9 1.0068 0.00 0.0M
176160.000 1979 COM2 64 0R0 161 0.6 2.3 54.3 1.0068 0.00 0.0M
176220.000 1979 COM2 64 0R0 046 0.4 2.4 55.1 1.0068 0.00 0.0M
176280.000 1979 COM2 64 0R0 333 0.4 2.4 54.5 1.0068 0.00 0.0M
176340.000 1979 COM2 64 0R0 026 0.6 2.4 54.0 1.0069 0.00 0.0M
176400.000 1979 COM2 64 0R0 338 0.4 2.3 54.8 1.0070 0.00 0.0M
176460.000 1979 COM2 64 0R0 044 0.3 2.2 55.4 1.0069 0.00 0.0M
176520.000 1979 COM2 64 0R0 041 0.2 2.2 55.4 1.0069 0.00 0.0M
176580.000 1979 COM2 64 0R0 109 0.4 2.2 55.4 1.0069 0.00 0.0M
176640.000 1979 COM2 64 0R0 287 0.2 2.2 56.0 1.0068 0.00 0.0M
176700.000 1979 COM2 64 0R0 097 1.2 2.3 56.8 1.0068 0.00 0.0M
176760.000 1979 COM2 64 0R0 061 0.7 2.4 55.0 1.0067 0.00 0.0M
176820.000 1979 COM2 64 0R0 076 0.5 2.5 54.7 1.0067 0.00 0.0M
176880.000 1979 COM2 64 0R0 103 0.7 2.5 53.7 1.0067 0.00 0.0M
176940.000 1979 COM2 64 0R0 098 0.4 2.5 54.5 1.0067 0.00 0.0M
177000.000 1979 COM2 64 0R0 355 0.6 2.5 53.5 1.0067 0.00 0.0M
177060.000 1979 COM2 64 0R0 079 0.6 2.5 53.9 1.0067 0.00 0.0M
177120.000 1979 COM2 64 0R0 091 0.5 2.5 54.3 1.0067 0.00 0.0M
177180.000 1979 COM2 64 0R0 109 0.5 2.5 55.3 1.0067 0.00 0.0M
177240.000 1979 COM2 64 0R0 059 0.8 2.5 55.3 1.0066 0.00 0.0M
177300.000 1979 COM2 64 0R0 065 1.4 2.5 53.6 1.0065 0.00 0.0M
177360.000 1979 COM2 64 0R0 061 1.3 2.4 54.2 1.0065 0.00 0.0M
177420.000 1979 COM2 64 0R0 105 0.5 2.4 53.5 1.0065 0.00 0.0M
177480.000 1979 COM2 64 0R0 285 0.3 2.3 55.0 1.0066 0.00 0.0M
177540.000 1979 COM2 64 0R0 097 1.2 2.3 55.2 1.0065 0.00 0.0M
177600.000 1979 COM2 64 0R0 113 1.9 2.3 54.7 1.0065 0.00 0.0M
177660.000 1979 COM2 64 0R0 109 1.3 2.3 54.7 1.0065 0.00 0.0M
177720.000 1979 COM2 64 0R0 090 1.6 2.3 55.1 1.0064 0.00 0.0M
177780.000 1979 COM2 64 0R0 116 0.4 2.3 54.9 1.0064 0.00 0.0M
177840.000 1979 COM2 64 0R0 157 0.8 2.2 55.4 1.0064 0.00 0.0M
177900.000 1979 COM2 64 0R0 016 0.1 2.2 55.7 1.0064 0.00 0.0M
177960.000 1979 COM2 64 0R0 117 1.6 2.2 56.5 1.0065 0.00 0.0M
178020.000 1979 COM2 64 0R0 119 1.3 2.3 55.2 1.0065 0.00 0.0M
178080.000 1979 COM2 64 0R0 190 0.3 2.3 56.0 1.0065 0.00 0.0M
178140.000 1979 COM2 64 0R0 228 0.2 2.3 56.9 1.0065 0.00 0.0M
178200.000 1979 COM2 64 0R0 183 0.3 2.3 56.9 1.0065 0.00 0.0M
178260.000 1979 COM2 64 0R0 202 0.6 2.4 56.3 1.0065 0.00 0.0M
178320.000 1979 COM2 64 0R0 053 0.2 2.3 56.0 1.0064 0.00 0.0M
178380.000 1979 COM2 64 0R0 061 0.5 2.3 56.2 1.0064 0.00 0.0M
178440.000 1979 COM2 64 0R0 145 0.3 2.4 56.5 1.0064 0.00 0.0M
178500.000 1979 COM2 64 0R0 295 0.6 2.4 57.0 1.0065 0.00 0.0M
178560.000 1979 COM2 64 0R0 092 0.3 2.5 57.0 1.0065 0.00 0.0M
178620.000 1979 COM2 64 0R0 154 0.7 2.5 57.6 1.0065 0.00 0.0M
178680.000 1979 COM2 64 0R0 117 1.0 2.5 56.0 1.0065 0.00 0.0M
178740.000 1979 COM2 64 0R0 150 1.3 2.5 56.1 1.0065 0.00 0.0M
178800.000 1979 COM2 64 0R0 161 0.3 2.5 56.8 1.0065 0.00 0.0M
178860.000 1979 COM2 64 0R0 107 2.5 2.4 57.7 1.0065 0.00 0.0M
178920.000 1979 COM2 64 0R0 109 1.1 2.4 56.4 1.0065 0.00 0.0M
178980.000 1979 COM2 64 0R0 102 0.5 2.4 57.1 1.0065 0.00 0.0M
179040.000 1979 COM2 64 0R0 140 0.5 2.4 57.1 1.0065 0.00 0.0M
179100.000 1979 COM2 64 0R0 141 0.7 2.4 56.9 1.0065 0.00 0.0M
179160.000 1979 COM2 64 0R0 095 0.9 2.4 56.6 1.0064 0.00 0.0M
179220.000 1979 COM2 64 0R0 127 0.2 2.3 57.2 1.0064 0.00 0.0M
179280.000 1979 COM2 64 0R0 108 1.5 2.3 57.3 1.0064 0.00 0.0M
179340.000 1979 COM2 64 0R0 120 1.3 2.4 56.3 1.0065 0.00 0.0M
179400.000 1979 COM2 64 0R0 109 1.2 2.4 56.4 1.0065 0.00 0.0M
179460.000 1979 COM2 64 0R0 102 1.5 2.3 56.5 1.0065 0.00 0.0M
179520.000 1979 COM2 64 0R0 066 0.5 2.2 57.4 1.0065 0.00 0.0M
179580.000 1979 COM2 64 0R0 152 0.6 2.3 57.2 1.0065 0.00 0.0M
179640.000 1979 COM2 64 0R0 121 0.7 2.3 57.6 1.0064 0.00 0.0M
179700.000 1979 COM2 64 0R0 095 1.2 2.3 56.8 1.0064 0.00 0.0M
179760.000 1979 COM2 64 0R0 090 2.1 2.2 57.7 1.0064 0.00 0.0M
179820.000 1979 COM2 64 0R0 123 1.0 2.3 57.3 1.0063 0.00 0.0M
179880.000 1979 COM2 64 0R0 105 0.6 2.3 57.2 1.0063 0.00 0.0M
179940.000 1979 COM2 64 0R0 111 0.5 2.3 56.5 1.0063 0.00 0.0M
180000.000 1979 COM2 64 0R0 029 0.2 2.3 57.8 1.0063 0.00 0.0M
180060.000 1979 COM2 64 0R0 342 0.3 2.3 59.0 1.0063 0.00 0.0M
180120.000 1979 COM2 64 0R0 108 0.6 2.4 58.3 1.0062 0.00 0.0M
180180.000 1979 COM2 64 0R0 063 0.9 2.4 57.4 1.0062 0.00 0.0M
180240.000 1979 COM2 64 0R0 084 1.5 2.3 56.7 1.0062 0.00 0.0M
180300.000 1979 COM2 64 0R0 090 1.2 2.2 55.9 1.0062 0.00 0.0M
180360.000 1979 COM2 64 0R0 071 1.8 2.2 57.2 1.0062 0.00 0.0M
180420.000 1979 COM2 64 0R0 083 1.5 2.1 56.0 1.0062 0.00 0.0M
180480.000 1979 COM2 64 0R0 112 1.7 2.1 56.2 1.0062 0.00 0.0M
180540.000 1979 COM2 64 0R0 082 1.5 2.0 55.9 1.0062 0.00 0.0M
180600.000 1979 COM2 64 0R0 067 0.6 2.0 56.5 1.0061 0.00 0.0M
180660.000 1979 COM2 64 0R0 089 0.7 1.9 56.7 1.0061 0.00 0.0M
180720.000 1979 COM2 64 0R0 064 0.8 1.9 56.8 1.0061 0.00 0.0M
180780.000 1979 COM2 64 0R0 104 1.5 1.9 56.4 1.0062 0.00 0.0M
180840.000 1979 COM2 64 0R0 078 1.8 1.9 56.2 1.0062 0.00 0.0M
180900.000 1979 COM2 64 0R0 071 1.3 1.9 56.7 1.0061 0.00 0.0M
180960.000 1979 COM2 64 0R0 089 1.7 1.9 57.4 1.0061 0.00 0.0M
181020.000 1979 COM2 64 0R0 104 2.6 1.9 56.9 1.0062 0.00 0.0M
181080.000 1979 COM2 64 0R0 095 1.3 1.9 58.0 1.0062 0.00 0.0M
181140.000 1979 COM2 64 0R0 173 0.5 1.9 58.4 1.0062 0.00 0.0M
181200.000 1979 COM2 64 0R0 147 0.3 1.9 58.6 1.0062 0.00 0.0M
181260.000 1979 COM2 64 0R0 087 1.0 2.0 58.8 1.0062 0.00 0.0M
181320.000 1979 COM2 64 0R0 149 0.4 2.1 57.8 1.0061 0.00 0.0M
181380.000 1979 COM2 64 0R0 186 0.3 2.2 58.1 1.0061 0.00 0.0M
181440.000 1979 COM2 64 0R0 104 1.4 2.2 59.0 1.0061 0.00 0.0M
181500.000 1979 COM2 64 0R0 101 0.9 2.3 58.1 1.0061 0.00 0.0M
181560.000 1979 COM2 64 0R0 074 2.1 2.3 57.5 1.0061 0.00 0.0M
181620.000 1979 COM2 64 0R0 090 1.0 2.2 57.8 1.0061 0.00 0.0M
181680.000 1979 COM2 64 0R0 110 1.9 2.1 58.2 1.0061 0.00 0.0M
181740.000 1979 COM2 64 0R0 080 0.9 2.0 58.6 1.0060 0.00 0.0M
181800.000 1979 COM2 64 0R0 230 0.3 2.0 58.2 1.0060 0.00 0.0M
181860.000 1979 COM2 64 0R0 104 1.7 2.0 58.6 1.0060 0.00 0.0M
181920.000 1979 COM2 64 0R0 168 0.4 2.0 58.5 1.0060 0.00 0.0M
181980.000 1979 COM2 64 0R0 155 1.0 2.0 59.5 1.0061 0.00 0.0M
182040.000 1979 COM2 64 0R0 117 0.6 2.1 60.3 1.0061 0.00 0.0M
182100.000 1979 COM2 64 0R0 136 0.3 2.2 59.5 1.0061 0.00 0.0M
182160.000 1979 COM2 64 0R0 115 0.7 2.2 60.2 1.0061 0.00 0.0M
182220.000 1979 COM2 64 0R0 098 0.6 2.3 58.9 1.0061 0.00 0.0M
182280.000 1979 COM2 64 0R0 096 1.1 2.3 57.3 1.0061 0.00 0.0M
182340.000 1979 COM2 64 0R0 104 1.3 2.3 57.7 1.0061 0.00 0.0M
182400.000 1979 COM2 64 0R0 102 0.6 2.3 57.1 1.0061 0.00 0.0M
182460.000 1979 COM2 64 0R0 101 2.0 2.2 57.4 1.0061 0.00 0.0M
182520.000 1979 COM2 64 0R0 117 1.8 2.1 57.4 1.0060 0.00 0.0M
182580.000 1979 COM2 64 0R0 090 2.4 2.0 57.6 1.0060 0.00 0.0M
182640.000 1979 COM2 64 0R0 113 1.2 2.0 59.0 1.0060 0.00 0.0M
182700.000 1979 COM2 64 0R0 095 1.7 1.9 59.2 1.0060 0.00 0.0M
182760.000 1979 COM2 64 0R0 108 1.2 1.9 58.7 1.0059 0.00 0.0M
182820.000 1979 COM2 64 0R0 061 1.2 1.9 59.4 1.0059 0.00 0.0M
182880.000 1979 COM2 64 0R0 123 1.0 1.9 58.7 1.0059 0.00 0.0M
182940.000 1979 COM2 64 0R0 110 1.9 2.0 59.6 1.0058 0.00 0.0M
183000.000 1979 COM2 64 0R0 119 0.9 2.0 58.8 1.0058 0.00 0.0M
183060.000 1979 COM2 64 0R0 122 0.4 2.0 58.8 1.0058 0.00 0.0M
183120.000 1979 COM2 64 0R0 133 0.2 2.0 60.0 1.0058 0.00 0.0M
183180.000 1979 COM2 64 0R0 096 0.9 2.0 60.9 1.0057 0.00 0.0M
183240.000 1979 COM2 64 0R0 107 1.3 2.1 59.6 1.0057 0.00 0.0M
183300.000 1979 COM2 64 0R0 130 2.4 2.1 59.1 1.0057 0.00 0.0M
183360.000 1979 COM2 64 0R0 134 0.5 2.1 58.9 1.0057 0.00 0.0M
183420.000 1979 COM2 64 0R0 102 0.7 2.1 59.2 1.0057 0.00 0.0M
183480.000 1979 COM2 64 0R0 119 1.0 2.1 57.8 1.0057 0.00 0.0M
183540.000 1979 COM2 64 0R0 090 1.2 2.1 59.2 1.0056 0.00 0.0M
183600.000 1979 COM2 64 0R0 060 0.2 2.1 58.3 1.0056 0.00 0.0M
183660.000 1979 COM2 64 0R0 083 1.5 2.1 58.6 1.0056 0.00 0.0M
183720.000 1979 COM2 64 0R0 116 0.9 2.1 58.2 1.0056 0.00 0.0M
183780.000 1979 COM2 64 0R0 096 0.1 2.0 59.6 1.0056 0.00 0.0M
183840.000 1979 COM2 64 0R0 107 0.6 2.1 60.1 1.0056 0.00 0.0M
183900.000 1979 COM2 64 0R0 083 0.5 2.2 59.6 1.0055 0.00 0.0M
183960.000 1979 COM2 64 0R0 101 1.1 2.3 59.5 1.0055 0.00 0.0M
184020.000 1979 COM2 64 0R0 196 0.9 2.3 58.4 1.0055 0.00 0.0M
184080.000 1979 COM2 64 0R0 128 1.0 2.2 59.6 1.0055 0.00 0.0M
184140.000 1979 COM2 64 0R0 095 0.9 2.2 58.9 1.0055 0.00 0.0M
184200.000 1979 COM2 64 0R0 165 0.5 2.2 58.4 1.0056 0.00 0.0M
184260.000 1979 COM2 64 0R0 109 0.4 2.1 58.7 1.0056 0.00 0.0M
184320.000 1979 COM2 64 0R0 125 0.8 2.1 60.0 1.0056 0.00 0.0M
184380.000 1979 COM2 64 0R0 065 1.8 2.2 59.0 1.0056 0.00 0.0M
184440.000 1979 COM2 64 0R0 107 1.8 2.1 58.8 1.0056 0.00 0.0M
184500.000 1979 COM2 64 0R0 087 1.0 2.1 58.4 1.0056 0.00 0.0M
184560.000 1979 COM2 64 0R0 106 1.2 2.1 58.9 1.0056 0.00 0.0M
184620.000 1979 COM2 64 0R0 094 1.1 2.1 59.3 1.0056 0.00 0.0M
184680.000 1979 COM2 64 0R0 097 1.1 2.1 58.6 1.0056 0.00 0.0M
184740.000 1979 COM2 64 0R0 148 1.3 2.1 58.6 1.0056 0.00 0.0M
184800.000 1979 COM2 64 0R0 097 2.4 2.1 58.5 1.0056 0.00 0.0M
184860.000 1979 COM2 64 0R0 125 1.5 2.1 58.4 1.0056 0.00 0.0M
184920.000 1979 COM2 64 0R0 117 0.4 2.1 58.7 1.0056 0.00 0.0M
184980.000 1979 COM2 64 0R0 151 0.7 2.1 58.5 1.0056 0.00 0.0M
185040.000 1979 COM2 64 0R0 106 2.5 2.1 58.1 1.0056 0.00 0.0M
185100.000 1979 COM2 64 0R0 095 2.3 2.2 58.0 1.0055 0.00 0.0M
185160.000 1979 COM2 64 0R0 098 1.7 2.2 57.7 1.0055 0.00 0.0M
185220.000 1979 COM2 64 0R0 145 0.9 2.2 56.9 1.0055 0.00 0.0M
185280.000 1979 COM2 64 0R0 109 2.0 2.2 57.7 1.0054 0.00 0.0M
185340.000 1979 COM2 64 0R0 129 0.7 2.2 56.9 1.0054 0.00 0.0M
185400.000 1979 COM2 64 0R0 111 1.8 2.2 56.7 1.0054 0.00 0.0M
185460.000 1979 COM2 64 0R0 094 1.5 2.3 57.2 1.0053 0.00 0.0M
185520.000 1979 COM2 64 0R0 126 1.9 2.3 56.7 1.0053 0.00 0.0M
185580.000 1979 COM2 64 0R0 122 2.3 2.3 56.7 1.0052 0.00 0.0M
185640.000 1979 COM2 64 0R0 121 1.4 2.2 57.1 1.0052 0.00 0.0M
185700.000 1979 COM2 64 0R0 106 2.0 2.1 57.5 1.0052 0.00 0.0M
185760.000 1979 COM2 64 0R0 101 2.9 2.1 57.5 1.0052 0.00 0.0M
185820.000 1979 COM2 64 0R0 115 1.6 2.2 57.3 1.0052 0.00 0.0M
185880.000 1979 COM2 64 0R0 096 1.9 2.1 58.1 1.0052 0.00 0.0M
185940.000 1979 COM2 64 0R0 121 2.2 2.1 58.1 1.0052 0.00 0.0M
186000.000 1979 COM2 64 0R0 120 1.4 2.0 57.7 1.0052 0.00 0.0M
186060.000 1979 COM2 64 0R0 150 1.0 2.0 58.1 1.0052 0.00 0.0M
186120.000 1979 COM2 64 0R0 243 0.4 2.0 58.1 1.0052 0.00 0.0M
186180.000 1979 COM2 64 0R0 089 0.9 2.1 59.4 1.0052 0.00 0.0M
186240.000 1979 COM2 64 0R0 127 1.2 2.2 57.6 1.0052 0.00 0.0M
186300.000 1979 COM2 64 0R0 094 1.4 2.2 57.2 1.0051 0.00 0.0M
186360.000 1979 COM2 64 0R0 100 1.3 2.2 58.7 1.0051 0.00 0.0M
186420.000 1979 COM2 64 0R0 107 1.4 2.2 57.6 1.0051 0.00 0.0M
186480.000 1979 COM2 64 0R0 105 0.3 2.2 57.3 1.0051 0.00 0.0M
186540.000 1979 COM2 64 0R0 086 1.5 2.2 57.7 1.0051 0.00 0.0M
186600.000 1979 COM2 64 0R0 108 1.6 2.2 57.7 1.0051 0.00 0.0M
186660.000 1979 COM2 64 0R0 078 1.8 2.2 56.9 1.0051 0.00 0.0M
186720.000 1979 COM2 64 0R0 096 1.5 2.1 58.1 1.0051 0.00 0.0M
186780.000 1979 COM2 64 0R0 103 1.6 2.2 57.8 1.0051 0.00 0.0M
186840.000 1979 COM2 64 0R0 117 0.8 2.2 57.8 1.0051 0.00 0.0M
186900.000 1979 COM2 64 0R0 082 0.6 2.2 58.9 1.0050 0.00 0.0M
186960.000 1979 COM2 64 0R0 101 2.2 2.3 58.1 1.0050 0.00 0.0M
187020.000 1979 COM2 64 0R0 104 1.8 2.3 57.2 1.0050 0.00 0.0M
187080.000 1979 COM2 64 0R0 103 1.0 2.3 56.8 1.0050 0.00 0.0M
187140.000 1979 COM2 64 0R0 100 0.4 2.2 57.7 1.0050 0.00 0.0M
187200.000 1979 COM2 64 0R0 057 0.8 2.2 57.4 1.0050 0.00 0.0M
187260.000 1979 COM2 64 0R0 138 1.0 2.2 57.7 1.0050 0.00 0.0M
187320.000 1979 COM2 64 0R0 096 1.2 2.2 57.6 1.0050 0.00 0.0M
187380.000 1979 COM2 64 0R0 106 1.8 2.2 57.6 1.0050 0.00 0.0M
187440.000 1979 COM2 64 0R0 118 0.6 2.2 57.5 1.0050 0.00 0.0M
187500.000 1979 COM2 64 0R0 107 1.4 2.2 59.0 1.0050 0.00 0.0M
187560.000 1979 COM2 64 0R0 096 0.4 2.3 57.5 1.0050 0.00 0.0M
187620.000 1979 COM2 64 0R0 100 1.7 2.3 57.2 1.0049 0.00 0.0M
187680.000 1979 COM2 64 0R0 108 1.1 2.3 57.0 1.0049 0.00 0.0M
187740.000 1979 COM2 64 0R0 099 0.9 2.3 57.0 1.0049 0.00 0.0M
187800.000 1979 COM2 64 0R0 107 1.8 2.3 57.9 1.0049 0.00 0.0M
187860.000 1979 COM2 64 0R0 101 0.7 2.3 57.0 1.0048 0.00 0.0M
187920.000 1979 COM2 64 0R0 124 2.8 2.3 56.6 1.0048 0.00 0.0M
187980.000 1979 COM2 64 0R0 111 1.8 2.2 57.1 1.0049 0.00 0.0M
188040.000 1979 COM2 64 0R0 163 0.8 2.2 57.1 1.0049 0.00 0.0M
188100.000 1979 COM2 64 0R0 107 0.8 2.1 57.8 1.0049 0.00 0.0M
188160.000 1979 COM2 64 0R0 130 1.9 2.2 58.4 1.0049 0.00 0.0M
188220.000 1979 COM2 64 0R0 111 0.6 2.2 58.0 1.0049 0.00 0.0M
188280.000 1979 COM2 64 0R0 063 0.4 2.1 57.6 1.0049 0.00 0.0M
188340.000 1979 COM2 64 0R0 139 0.8 2.1 58.6 1.0049 0.00 0.0M
188400.000 1979 COM2 64 0R0 097 0.4 2.1 58.3 1.0049 0.00 0.0M
188460.000 1979 COM2 64 0R0 124 1.2 2.2 57.3 1.0049 0.00 0.0M
188520.000 1979 COM2 64 0R0 041 0.5 2.2 57.7 1.0048 0.00 0.0M
188580.000 1979 COM2 64 0R0 121 0.8 2.2 58.0 1.0048 0.00 0.0M
188640.000 1979 COM2 64 0R0 119 0.9 2.2 57.7 1.0047 0.00 0.0M
188700.000 1979 COM2 64 0R0 099 0.8 2.3 58.0 1.0047 0.00 0.0M
188760.000 1979 COM2 64 0R0 100 2.5 2.3 57.6 1.0047 0.00 0.0M
188820.100 1979 COM2 64 0R0 112 0.7 2.3 56.5 1.0047 0.00 0.0M
188880.000 1979 COM2 64 0R0 143 0.8 2.2 56.7 1.0046 0.00 0.0M
188940.000 1979 COM2 64 0R0 107 1.7 2.2 57.5 1.0046 0.00 0.0M
189000.000 1979 COM2 64 0R0 142 0.3 2.1 57.5 1.0046 0.00 0.0M
189060.000 1979 COM2 64 0R0 116 0.9 2.1 58.3 1.0046 0.00 0.0M
189120.000 1979 COM2 64 0R0 137 0.3 2.2 58.5 1.0045 0.00 0.0M
189180.000 1979 COM2 64 0R0 080 0.5 2.3 57.9 1.0045 0.00 0.0M
189240.000 1979 COM2 64 0R0 106 1.2 2.3 57.6 1.0044 0.00 0.0M
189300.000 1979 COM2 64 0R0 094 2.1 2.2 57.5 1.0044 0.00 0.0M
189360.000 1979 COM2 64 0R0 099 1.8 2.2 57.8 1.0044 0.00 0.0M
189420.000 1979 COM2 64 0R0 083 2.1 2.1 58.2 1.0043 0.00 0.0M
189480.000 1979 COM2 64 0R0 089 2.4 2.0 57.5 1.0043 0.00 0.0M
189540.000 1979 COM2 64 0R0 095 2.2 1.9 57.9 1.0042 0.00 0.0M
189600.000 1979 COM2 64 0R0 109 1.9 1.8 58.2 1.0042 0.00 0.0M
189660.000 1979 COM2 64 0R0 100 2.2 1.7 58.8 1.0042 0.00 0.0M
189720.000 1979 COM2 64 0R0 097 2.2 1.7 58.3 1.0041 0.00 0.0M
189780.000 1979 COM2 64 0R0 121 1.7 1.7 58.7 1.0041 0.00 0.0M
189840.000 1979 COM2 64 0R0 118 1.3 1.6 59.2 1.0041 0.00 0.0M
189900.000 1979 COM2 64 0R0 104 1.1 1.6 59.2 1.0041 0.00 0.0M
189960.000 1979 COM2 64 0R0 096 1.8 1.6 60.3 1.0041 0.00 0.0M
190020.000 1979 COM2 64 0R0 093 1.8 1.7 58.9 1.0041 0.00 0.0M
190080.000 1979 COM2 64 0R0 083 1.9 1.7 59.4 1.0040 0.00 0.0M
190140.000 1979 COM2 64 0R0 090 2.8 1.7 59.4 1.0040 0.00 0.0M
190200.000 1979 COM2 64 0R0 092 1.0 1.7 59.4 1.0039 0.00 0.0M
190260.000 1979 COM2 64 0R0 077 2.0 1.6 59.6 1.0039 0.00 0.0M
190320.000 1979 COM2 64 0R0 095 2.1 1.6 60.3 1.0040 0.00 0.0M
190380.000 1979 COM2 64 0R0 087 1.6 1.6 60.8 1.0040 0.00 0.0M
190440.000 1979 COM2 64 0R0 103 0.9 1.6 60.6 1.0039 0.00 0.0M
190500.000 1979 COM2 64 0R0 115 0.8 1.6 60.8 1.0040 0.00 0.0M
190560.000 1979 COM2 64 0R0 078 2.5 1.7 61.2 1.0040 0.00 0.0M
190620.000 1979 COM2 64 0R0 052 0.5 1.8 60.1 1.0040 0.00 0.0M
190680.000 1979 COM2 64 0R0 135 0.4 1.8 61.5 1.0040 0.00 0.0M
190740.000 1979 COM2 64 0R0 133 1.5 2.0 60.4 1.0039 0.00 0.0M
190800.000 1979 COM2 64 0R0 078 1.0 2.1 60.0 1.0039 0.00 0.0M
190860.000 1979 COM2 64 0R0 106 1.6 2.1 59.1 1.0039 0.00 0.0M
190920.000 1979 COM2 64 0R0 103 1.0 2.1 60.0 1.0039 0.00 0.0M
190980.000 1979 COM2 64 0R0 125 1.3 2.1 59.7 1.0039 0.00 0.0M
191040.000 1979 COM2 64 0R0 239 0.6 2.1 59.3 1.0039 0.00 0.0M
191100.000 1979 COM2 64 0R0 185 1.0 2.0 58.8 1.0039 0.00 0.0M
191160.000 1979 COM2 64 0R0 189 0.4 1.9 59.2 1.0039 0.00 0.0M
191220.000 1979 COM2 64 0R0 103 0.8 1.9 58.9 1.0039 0.00 0.0M
191280.000 1979 COM2 64 0R0 187 0.5 1.9 59.8 1.0038 0.00 0.0M
191340.000 1979 COM2 64 0R0 158 0.4 1.9 60.4 1.0038 0.00 0.0M
191400.000 1979 COM2 64 0R0 035 0.4 2.0 59.7 1.0038 0.00 0.0M
191460.000 1979 COM2 64 0R0 129 0.6 2.1 60.5 1.0037 0.00 0.0M
191520.000 1979 COM2 64 0R0 078 2.3 2.1 59.4 1.0037 0.00 0.0M
191580.000 1979 COM2 64 0R0 117 2.0 2.2 58.7 1.0037 0.00 0.0M
191640.000 1979 COM2 64 0R0 060 0.8 2.2 57.7 1.0037 0.00 0.0M
191700.000 1979 COM2 64 0R0 005 0.4 2.1 58.0 1.0038 0.00 0.0M
191760.000 1979 COM2 64 0R0 086 1.4 2.1 58.7 1.0038 0.00 0.0M
191820.000 1979 COM2 64 0R0 173 0.4 2.2 58.9 1.0038 0.00 0.0M
191880.000 1979 COM2 64 0R0 112 1.0 2.2 58.7 1.0037 0.00 0.0M
191940.000 1979 COM2 64 0R0 099 1.6 2.2 57.4 1.0037 0.00 0.0M
192000.000 1979 COM2 64 0R0 065 0.3 2.2 57.7 1.0037 0.00 0.0M
192060.000 1979 COM2 64 0R0 139 0.3 2.1 58.9 1.0036 0.00 0.0M
192120.000 1979 COM2 64 0R0 107 0.6 2.1 58.8 1.0036 0.00 0.0M
192180.000 1979 COM2 64 0R0 090 2.5 2.2 58.1 1.0035 0.00 0.0M
192240.100 1979 COM2 64 0R0 080 1.7 2.1 57.2 1.0035 0.00 0.0M
192300.000 1979 COM2 64 0R0 090 2.0 2.0 57.4 1.0035 0.00 0.0M
192360.000 1979 COM2 64 0R0 090 1.9 1.9 58.0 1.0035 0.00 0.0M
192420.000 1979 COM2 64 0R0 087 2.4 1.9 58.3 1.0035 0.00 0.0M
192480.000 1979 COM2 64 0R0 125 1.2 1.8 58.2 1.0034 0.00 0.0M
192540.000 1979 COM2 64 0R0 101 2.1 1.8 58.5 1.0034 0.00 0.0M
192600.000 1979 COM2 64 0R0 088 2.1 1.8 58.1 1.0034 0.00 0.0M
192660.000 1979 COM2 64 0R0 100 2.6 1.7 59.0 1.0034 0.00 0.0M
192720.000 1979 COM2 64 0R0 091 1.9 1.7 59.3 1.0034 0.00 0.0M
192780.000 1979 COM2 64 0R0 107 1.2 1.7 59.4 1.0034 0.00 0.0M
192840.000 1979 COM2 64 0R0 100 1.3 1.7 59.7 1.0033 0.00 0.0M
192900.000 1979 COM2 64 0R0 102 1.3 1.8 60.1 1.0033 0.00 0.0M
192960.000 1979 COM2 64 0R0 096 1.7 1.9 58.8 1.0032 0.00 0.0M
193020.000 1979 COM2 64 0R0 083 2.0 1.9 58.9 1.0032 0.00 0.0M
193080.000 1979 COM2 64 0R0 091 2.0 1.8 58.8 1.0032 0.00 0.0M
193140.000 1979 COM2 64 0R0 096 2.3 1.7 58.7 1.0031 0.00 0.0M
193200.000 1979 COM2 64 0R0 103 2.3 1.7 58.8 1.0031 0.00 0.0M
193260.000 1979 COM2 64 0R0 092 2.0 1.7 58.1 1.0031 0.00 0.0M
193320.000 1979 COM2 64 0R0 090 1.8 1.6 59.2 1.0031 0.00 0.0M
193380.000 1979 COM2 64 0R0 080 0.9 1.6 59.4 1.0030 0.00 0.0M
193440.000 1979 COM2 64 0R0 274 0.3 1.6 59.8 1.0030 0.00 0.0M
193500.000 1979 COM2 64 0R0 086 0.6 1.7 60.1 1.0031 0.00 0.0M
193560.000 1979 COM2 64 0R0 088 0.4 1.7 59.7 1.0030 0.00 0.0M
193620.000 1979 COM2 64 0R0 105 0.9 1.8 60.2 1.0030 0.00 0.0M
193680.000 1979 COM2 64 0R0 078 2.5 1.9 59.6 1.0030 0.00 0.0M
193740.000 1979 COM2 64 0R0 074 0.7 1.9 58.7 1.0030 0.00 0.0M
193800.000 1979 COM2 64 0R0 089 2.7 1.9 58.6 1.0030 0.00 0.0M
193860.000 1979 COM2 64 0R0 094 2.5 1.8 57.8 1.0029 0.00 0.0M
193920.000 1979 COM2 64 0R0 079 2.6 1.8 58.3 1.0029 0.00 0.0M
193980.000 1979 COM2 64 0R0 086 3.0 1.8 58.8 1.0029 0.00 0.0M
194040.000 1979 COM2 64 0R0 091 1.8 1.8 58.1 1.0029 0.00 0.0M
194100.000 1979 COM2 64 0R0 109 1.2 1.8 58.4 1.0029 0.00 0.0M
194160.000 1979 COM2 64 0R0 130 2.4 1.8 57.9 1.0028 0.00 0.0M
194220.000 1979 COM2 64 0R0 081 0.5 1.8 58.6 1.0028 0.00 0.0M
194280.000 1979 COM2 64 0R0 089 1.7 1.8 58.5 1.0028 0.00 0.0M
194340.000 1979 COM2 64 0R0 064 2.5 1.8 57.8 1.0027 0.00 0.0M
194400.000 1979 COM2 64 0R0 094 1.1 1.8 57.5 1.0027 0.00 0.0M
194460.000 1979 COM2 64 0R0 096 2.5 1.8 58.5 1.0027 0.00 0.0M
194520.000 1979 COM2 64 0R0 096 2.1 1.8 58.0 1.0026 0.00 0.0M
194580.000 1979 COM2 64 0R0 118 1.9 1.7 58.3 1.0026 0.00 0.0M
194640.000 1979 COM2 64 0R0 118 1.0 1.6 59.2 1.0025 0.00 0.0M
194700.000 1979 COM2 64 0R0 089 2.7 1.6 58.8 1.0025 0.00 0.0M
194760.000 1979 COM2 64 0R0 089 2.7 1.7 58.6 1.0024 0.00 0.0M
194820.000 1979 COM2 64 0R0 082 2.2 1.6 58.6 1.0023 0.00 0.0M
194880.000 1979 COM2 64 0R0 061 1.1 1.6 59.8 1.0022 0.00 0.0M
194940.000 1979 COM2 64 0R0 103 1.4 1.6 59.6 1.0022 0.00 0.0M
195000.000 1979 COM2 64 0R0 094 1.4 1.6 58.5 1.0022 0.00 0.0M
195060.000 1979 COM2 64 0R0 081 1.7 1.6 59.4 1.0022 0.00 0.0M
195120.000 1979 COM2 64 0R0 079 2.9 1.6 58.9 1.0022 0.00 0.0M
195180.000 1979 COM2 64 0R0 085 1.5 1.6 59.0 1.0021 0.00 0.0M
195240.000 1979 COM2 64 0R0 093 1.2 1.6 58.4 1.0022 0.00 0.0M
195300.000 1979 COM2 64 0R0 135 0.9 1.5 59.3 1.0021 0.00 0.0M
195360.000 1979 COM2 64 0R0 341 0.3 1.5 59.5 1.0021 0.00 0.0M
195420.000 1979 COM2 64 0R0 057 1.0 1.5 59.8 1.0021 0.00 0.0M
195480.000 1979 COM2 64 0R0 097 2.1 1.6 59.2 1.0021 0.00 0.0M
195540.000 1979 COM2 64 0R0 090 2.7 1.6 58.6 1.0021 0.00 0.0M
195600.000 1979 COM2 64 0R0 082 1.4 1.6 57.9 1.0021 0.00 0.0M
195660.000 1979 COM2 64 0R0 055 1.2 1.6 57.9 1.0021 0.00 0.0M
195720.000 1979 COM2 64 0R0 083 2.0 1.6 58.4 1.0021 0.00 0.0M
195780.000 1979 COM2 64 0R0 105 2.4 1.6 58.8 1.0022 0.00 0.0M
195840.000 1979 COM2 64 0R0 101 1.2 1.6 58.8 1.0022 0.00 0.0M
195900.000 1979 COM2 64 0R0 094 1.4 1.6 58.7 1.0021 0.00 0.0M
195960.000 1979 COM2 64 0R0 107 0.7 1.6 58.5 1.0021 0.00 0.0M
196020.000 1979 COM2 64 0R0 097 2.2 1.6 58.9 1.0021 0.00 0.0M
196080.000 1979 COM2 64 0R0 091 2.9 1.7 58.3 1.0021 0.00 0.0M
196140.000 1979 COM2 64 0R0 118 1.6 1.7 58.4 1.0020 0.00 0.0M
196200.000 1979 COM2 64 0R0 075 1.2 1.7 58.5 1.0020 0.00 0.0M
196260.000 1979 COM2 64 0R0 091 2.0 1.8 58.0 1.0020 0.00 0.0M
196320.000 1979 COM2 64 0R0 103 1.5 1.8 58.2 1.0019 0.00 0.0M
196380.000 1979 COM2 64 0R0 088 0.6 1.8 58.7 1.0019 0.00 0.0M
196440.000 1979 COM2 64 0R0 098 1.9 1.8 58.7 1.0019 0.00 0.0M
196500.000 1979 COM2 64 0R0 081 0.5 1.9 58.3 1.0019 0.00 0.0M
196560.000 1979 COM2 64 0R0 077 0.9 1.9 58.3 1.0019 0.00 0.0M
196620.000 1979 COM2 64 0R0 110 0.8 1.9 58.3 1.0019 0.00 0.0M
196680.000 1979 COM2 64 0R0 051 0.6 1.9 58.1 1.0019 0.00 0.0M
196740.000 1979 COM2 64 0R0 087 0.7 1.9 58.4 1.0019 0.00 0.0M
196800.000 1979 COM2 64 0R0 103 1.1 1.9 58.2 1.0018 0.00 0.0M
196860.000 1979 COM2 64 0R0 065 1.2 1.9 57.8 1.0018 0.00 0.0M
196920.000 1979 COM2 64 0R0 081 1.6 1.9 57.9 1.0017 0.00 0.0M
196980.000 1979 COM2 64 0R0 093 2.5 1.8 58.3 1.0016 0.00 0.0M
197040.000 1979 COM2 64 0R0 077 1.6 1.8 58.4 1.0016 0.00 0.0M
197100.000 1979 COM2 64 0R0 175 0.4 1.8 58.6 1.0016 0.00 0.0M
197160.000 1979 COM2 64 0R0 113 0.2 1.8 59.0 1.0016 0.00 0.0M
197220.000 1979 COM2 64 0R0 036 0.3 1.9 58.7 1.0016 0.00 0.0M
197280.000 1979 COM2 64 0R0 129 0.2 1.9 59.3 1.0016 0.00 0.0M
197340.000 1979 COM2 64 0R0 036 0.4 1.9 58.1 1.0016 0.00 0.0M
197400.000 1979 COM2 64 0R0 024 1.1 1.9 59.4 1.0016 0.00 0.0M
197460.000 1979 COM2 64 0R0 050 1.0 1.9 58.8 1.0016 0.00 0.0M
197520.000 1979 COM2 64 0R0 089 1.3 1.8 58.8 1.0016 0.00 0.0M
197580.000 1979 COM2 64 0R0 073 0.8 1.8 59.3 1.0016 0.00 0.0M
197640.000 1979 COM2 64 0R0 059 1.0 1.9 59.3 1.0016 0.00 0.0M
197700.000 1979 COM2 64 0R0 117 0.3 1.8 58.8 1.0016 0.00 0.0M
197760.000 1979 COM2 64 0R0 087 0.9 1.8 59.8 1.0016 0.00 0.0M
197820.000 1979 COM2 64 0R0 138 1.3 1.8 59.7 1.0016 0.00 0.0M
197880.000 1979 COM2 64 0R0 082 0.4 1.9 59.6 1.0016 0.00 0.0M
197940.000 1979 COM2 64 0R0 357 0.5 1.9 59.3 1.0015 0.00 0.0M
198000.000 1979 COM2 64 0R0 085 1.6 1.9 59.3 1.0015 0.00 0.0M
198060.000 1979 COM2 64 0R0 066 1.3 1.9 58.5 1.0014 0.00 0.0M
198120.000 1979 COM2 64 0R0 064 1.3 1.8 58.7 1.0014 0.00 0.0M
198180.000 1979 COM2 64 0R0 079 0.9 1.8 59.3 1.0014 0.00 0.0M
198240.000 1979 COM2 64 0R0 101 0.8 1.7 59.6 1.0014 0.00 0.0M
198300.000 1979 COM2 64 0R0 067 1.3 1.8 59.9 1.0014 0.00 0.0M
198360.000 1979 COM2 64 0R0 069 1.4 1.8 59.3 1.0014 0.00 0.0M
198420.000 1979 COM2 64 0R0 126 1.3 1.9 59.2 1.0014 0.00 0.0M
198480.000 1979 COM2 64 0R0 108 0.5 1.9 59.8 1.0014 0.00 0.0M
198540.000 1979 COM2 64 0R0 097 0.6 1.9 59.1 1.0013 0.00 0.0M
198600.000 1979 COM2 64 0R0 041 1.4 1.9 59.7 1.0013 0.00 0.0M
198660.000 1979 COM2 64 0R0 062 0.6 1.9 59.3 1.0014 0.00 0.0M
198720.000 1979 COM2 64 0R0 089 1.0 2.0 59.8 1.0014 0.00 0.0M
198780.000 1979 COM2 64 0R0 132 1.0 2.0 59.6 1.0014 0.00 0.0M
198840.000 1979 COM2 64 0R0 110 0.4 2.0 59.6 1.0014 0.00 0.0M
198900.000 1979 COM2 64 0R0 104 1.7 2.1 59.3 1.0014 0.00 0.0M
198960.000 1979 COM2 64 0R0 110 1.7 2.1 59.2 1.0014 0.00 0.0M
199020.000 1979 COM2 64 0R0 113 1.4 2.1 59.6 1.0014 0.00 0.0M
199080.000 1979 COM2 64 0R0 180 0.3 2.1 59.9 1.0014 0.00 0.0M
199140.000 1979 COM2 64 0R0 132 0.3 2.1 61.1 1.0014 0.00 0.0M
199200.000 1979 COM2 64 0R0 200 0.2 2.2 60.3 1.0013 0.00 0.0M
199260.000 1979 COM2 64 0R0 122 0.8 2.4 60.0 1.0013 0.00 0.0M
199320.000 1979 COM2 64 0R0 070 0.4 2.4 60.1 1.0013 0.00 0.0M
199380.000 1979 COM2 64 0R0 153 0.6 2.5 59.5 1.0013 0.00 0.0M
199440.000 1979 COM2 64 0R0 132 0.5 2.5 60.0 1.0013 0.00 0.0M
199500.000 1979 COM2 64 0R0 176 0.6 2.5 59.3 1.0013 0.00 0.0M
199560.000 1979 COM2 64 0R0 132 1.4 2.5 59.4 1.0013 0.00 0.0M
199620.000 1979 COM2 64 0R0 185 0.4 2.5 59.3 1.0012 0.00 0.0M
199680.000 1979 COM2 64 0R0 113 0.7 2.4 60.2 1.0012 0.00 0.0M
199740.000 1979 COM2 64 0R0 097 0.9 2.5 60.4 1.0011 0.00 0.0M
199800.000 1979 COM2 64 0R0 118 0.8 2.5 59.1 1.0011 0.00 0.0M
199860.000 1979 COM2 64 0R0 113 0.9 2.6 59.3 1.0011 0.00 0.0M
199920.000 1979 COM2 64 0R0 115 1.4 2.6 59.2 1.0010 0.00 0.0M
199980.000 1979 COM2 64 0R0 088 1.8 2.6 58.9 1.0010 0.00 0.0M
200040.000 1979 COM2 64 0R0 098 1.2 2.5 59.3 1.0010 0.00 0.0M
200100.000 1979 COM2 64 0R0 097 1.9 2.5 59.1 1.0010 0.00 0.0M
200160.000 1979 COM2 64 0R0 064 0.4 2.5 59.7 1.0010 0.00 0.0M
200220.000 1979 COM2 64 0R0 110 0.9 2.4 60.3 1.0010 0.00 0.0M
200280.000 1979 COM2 64 0R0 108 1.0 2.5 60.7 1.0009 0.00 0.0M
200340.000 1979 COM2 64 0R0 118 1.0 2.5 59.6 1.0009 0.00 0.0M
200400.000 1979 COM2 64 0R0 138 0.8 2.5 59.5 1.0009 0.00 0.0M
200460.000 1979 COM2 64 0R0 102 1.6 2.5 59.6 1.0009 0.00 0.0M
200520.000 1979 COM2 64 0R0 171 1.1 2.5 59.7 1.0009 0.00 0.0M
200580.000 1979 COM2 64 0R0 120 0.8 2.5 60.2 1.0009 0.00 0.0M
200640.000 1979 COM2 64 0R0 103 0.9 2.5 59.6 1.0009 0.00 0.0M
200700.000 1979 COM2 64 0R0 100 2.0 2.5 59.9 1.0008 0.00 0.0M
200760.000 1979 COM2 64 0R0 094 1.9 2.5 59.6 1.0008 0.00 0.0M
200820.000 1979 COM2 64 0R0 105 0.7 2.4 60.0 1.0008 0.00 0.0M
200880.000 1979 COM2 64 0R0 114 1.0 2.4 60.6 1.0008 0.00 0.0M
200940.000 1979 COM2 64 0R0 130 1.3 2.4 60.2 1.0008 0.00 0.0M
201000.000 1979 COM2 64 0R0 103 1.9 2.4 60.5 1.0008 0.00 0.0M
201060.000 1979 COM2 64 0R0 111 1.9 2.4 60.4 1.0008 0.00 0.0M
201120.000 1979 COM2 64 0R0 107 1.8 2.4 60.7 1.0007 0.00 0.0M
201180.000 1979 COM2 64 0R0 093 1.4 2.4 60.2 1.0007 0.00 0.0M
201240.000 1979 COM2 64 0R0 103 1.9 2.4 61.2 1.0007 0.00 0.0M
201300.000 1979 COM2 64 0R0 092 0.9 2.4 60.2 1.0007 0.00 0.0M
201360.000 1979 COM2 64 0R0 109 1.1 2.4 60.8 1.0007 0.00 0.0M
201420.000 1979 COM2 64 0R0 103 1.4 2.4 61.0 1.0007 0.00 0.0M
201480.000 1979 COM2 64 0R0 216 0.5 2.4 60.8 1.0006 0.00 0.0M
201540.000 1979 COM2 64 0R0 102 1.8 2.4 61.4 1.0006 0.00 0.0M
201600.000 1979 COM2 64 0R0 127 0.9 2.4 61.0 1.0005 0.00 0.0M
201660.000 1979 COM2 64 0R0 108 1.8 2.4 61.4 1.0005 0.00 0.0M
201720.000 1979 COM2 64 0R0 061 0.3 2.4 61.1 1.0005 0.00 0.0M
201780.000 1979 COM2 64 0R0 054 0.5 2.4 62.0 1.0004 0.00 0.0M
201840.000 1979 COM2 64 0R0 111 0.7 2.5 61.3 1.0004 0.00 0.0M
201900.000 1979 COM2 64 0R0 136 0.7 2.5 61.0 1.0003 0.00 0.0M
201960.000 1979 COM2 64 0R0 091 1.9 2.5 61.4 1.0003 0.00 0.0M
202020.000 1979 COM2 64 0R0 093 1.1 2.5 60.9 1.0002 0.00 0.0M
202080.000 1979 COM2 64 0R0 082 1.4 2.5 60.9 1.0002 0.00 0.0M
202140.000 1979 COM2 64 0R0 093 2.3 2.5 61.0 1.0002 0.00 0.0M
202200.000 1979 COM2 64 0R0 104 2.6 2.4 61.1 1.0001 0.00 0.0M
202260.000 1979 COM2 64 0R0 158 0.7 2.3 62.2 1.0001 0.00 0.0M
202320.000 1979 COM2 64 0R0 088 2.0 2.3 61.7 1.0001 0.00 0.0M
202380.000 1979 COM2 64 0R0 088 2.2 2.3 62.0 1.0000 0.00 0.0M
202440.000 1979 COM2 64 0R0 104 1.4 2.3 61.8 1.0000 0.00 0.0M
202500.000 1979 COM2 64 0R0 088 1.1 2.3 62.4 1.0000 0.00 0.0M
202560.000 1979 COM2 64 0R0 114 0.8 2.3 62.0 0.9999 0.00 0.0M
202620.000 1979 COM2 64 0R0 121 1.2 2.3 62.9 0.9999 0.00 0.0M
202680.000 1979 COM2 64 0R0 096 2.4 2.3 62.2 0.9999 0.00 0.0M
202740.000 1979 COM2 64 0R0 140 0.5 2.4 63.2 0.9998 0.00 0.0M
202800.000 1979 COM2 64 0R0 087 1.5 2.4 62.8 0.9998 0.00 0.0M
202860.000 1979 COM2 64 0R0 110 1.0 2.5 62.7 0.9998 0.00 0.0M
202920.000 1979 COM2 64 0R0 151 1.3 2.5 62.7 0.9998 0.00 0.0M
202980.000 1979 COM2 64 0R0 112 2.0 2.5 63.0 0.9998 0.00 0.0M
203040.000 1979 COM2 64 0R0 098 1.2 2.6 63.0 0.9998 0.00 0.0M
203100.000 1979 COM2 64 0R0 085 0.2 2.6 63.0 0.9998 0.00 0.0M
203160.000 1979 COM2 64 0R0 122 2.2 2.7 63.3 0.9998 0.00 0.0M
203220.000 1979 COM2 64 0R0 092 2.5 2.7 62.8 0.9997 0.00 0.0M
203280.000 1979 COM2 64 0R0 089 0.5 2.7 62.9 0.9996 0.00 0.0M
203340.000 1979 COM2 64 0R0 213 0.5 2.7 63.2 0.9996 0.00 0.0M
203400.000 1979 COM2 64 0R0 101 1.2 2.7 63.1 0.9996 0.00 0.0M
203460.000 1979 COM2 64 0R0 079 1.5 2.7 63.2 0.9995 0.00 0.0M
203520.000 1979 COM2 64 0R0 107 1.5 2.7 63.6 0.9995 0.00 0.0M
203580.000 1979 COM2 64 0R0 160 0.2 2.8 63.3 0.9995 0.00 0.0M
203640.000 1979 COM2 64 0R0 092 0.9 2.8 63.6 0.9995 0.00 0.0M
203700.000 1979 COM2 64 0R0 091 1.2 2.8 63.9 0.9995 0.00 0.0M
203760.000 1979 COM2 64 0R0 136 1.4 2.9 63.8 0.9995 0.00 0.0M
203820.000 1979 COM2 64 0R0 126 1.6 2.9 64.2 0.9995 0.00 0.0M
203880.000 1979 COM2 64 0R0 187 0.4 2.9 64.5 0.9995 0.00 0.0M
203940.000 1979 COM2 64 0R0 127 0.8 2.9 64.9 0.9994 0.00 0.0M
204000.000 1979 COM2 64 0R0 138 1.8 3.0 64.3 0.9994 0.00 0.0M
204060.000 1979 COM2 64 0R0 147 1.3 3.0 64.4 0.9994 0.00 0.0M
204120.000 1979 COM2 64 0R0 123 1.2 3.0 64.7 0.9994 0.00 0.0M
204180.000 1979 COM2 64 0R0 122 1.5 3.0 64.6 0.9993 0.00 0.0M
204240.000 1979 COM2 64 0R0 130 1.6 3.1 64.7 0.9993 0.00 0.0M
204300.000 1979 COM2 64 0R0 140 1.5 3.1 64.9 0.9993 0.00 0.0M
204360.000 1979 COM2 64 0R0 113 0.2 3.1 64.7 0.9993 0.00 0.0M
204420.000 1979 COM2 64 0R0 159 0.9 3.1 65.3 0.9993 0.00 0.0M
204480.000 1979 COM2 64 0R0 200 0.4 3.1 64.8 0.9993 0.00 0.0M
204540.000 1979 COM2 64 0R0 111 1.8 3.2 64.9 0.9993 0.00 0.0M
204600.000 1979 COM2 64 0R0 138 0.8 3.2 64.7 0.9993 0.00 0.0M
204660.000 1979 COM2 64 0R0 124 0.7 3.2 65.1 0.9992 0.00 0.0M
204720.000 1979 COM2 64 0R0 133 0.8 3.2 65.3 0.9992 0.00 0.0M
204780.000 1979 COM2 64 0R0 135 2.1 3.2 65.0 0.9992 0.00 0.0M
204840.000 1979 COM2 64 0R0 092 0.9 3.3 64.8 0.9991 0.00 0.0M
204900.000 1979 COM2 64 0R0 098 1.6 3.3 65.1 0.9991 0.00 0.0M
204960.000 1979 COM2 64 0R0 130 0.7 3.3 65.1 0.9991 0.00 0.0M
205020.000 1979 COM2 64 0R0 127 1.9 3.4 65.1 0.9991 0.00 0.0M
205080.000 1979 COM2 64 0R0 124 0.7 3.4 65.2 0.9991 0.00 0.0M
205140.000 1979 COM2 64 0R0 059 0.6 3.4 64.9 0.9990 0.00 0.0M
205200.000 1979 COM2 64 0R0 103 1.1 3.4 65.1 0.9990 0.00 0.0M
205260.000 1979 COM2 64 0R0 148 0.8 3.5 65.0 0.9990 0.00 0.0M
205320.000 1979 COM2 64 0R0 145 0.7 3.5 64.9 0.9990 0.00 0.0M
205380.000 1979 COM2 64 0R0 102 1.2 3.5 65.1 0.9990 0.00 0.0M
205440.000 1979 COM2 64 0R0 073 0.2 3.5 64.8 0.9990 0.00 0.0M
205500.000 1979 COM2 64 0R0 140 0.7 3.6 64.9 0.9989 0.00 0.0M
205560.000 1979 COM2 64 0R0 129 0.2 3.6 64.5 0.9989 0.00 0.0M
205620.000 1979 COM2 64 0R0 154 0.4 3.7 64.7 0.9989 0.00 0.0M
205680.000 1979 COM2 64 0R0 093 0.6 3.7 64.4 0.9989 0.00 0.0M
205740.000 1979 COM2 64 0R0 102 1.2 3.8 64.2 0.9989 0.00 0.0M
205800.000 1979 COM2 64 0R0 094 1.4 3.8 64.1 0.9989 0.00 0.0M
205860.000 1979 COM2 64 0R0 133 0.4 3.7 64.1 0.9988 0.00 0.0M
205920.000 1979 COM2 64 0R0 135 0.5 3.7 64.5 0.9988 0.00 0.0M
205980.000 1979 COM2 64 0R0 051 0.5 3.7 64.6 0.9988 0.00 0.0M
206040.000 1979 COM2 64 0R0 067 0.1 3.7 64.6 0.9988 0.00 0.0M
206100.000 1979 COM2 64 0R0 208 0.3 3.7 64.9 0.9987 0.00 0.0M
206160.000 1979 COM2 64 0R0 157 0.2 3.8 64.4 0.9987 0.00 0.0M
206220.000 1979 COM2 64 0R0 180 0.3 3.8 64.5 0.9987 0.00 0.0M
206280.000 1979 COM2 64 0R0 108 1.2 3.8 64.1 0.9987 0.00 0.0M
206340.000 1979 COM2 64 0R0 174 0.2 3.8 64.1 0.9986 0.00 0.0M
206400.000 1979 COM2 64 0R0 059 1.5 3.8 64.3 0.9986 0.00 0.0M
206460.000 1979 COM2 64 0R0 181 0.3 3.7 64.0 0.9986 0.00 0.0M
206520.000 1979 COM2 64 0R0 074 1.5 3.7 64.4 0.9985 0.00 0.0M
206580.000 1979 COM2 64 0R0 165 0.6 3.7 64.3 0.9985 0.00 0.0M
206640.000 1979 COM2 64 0R0 070 1.0 3.6 65.0 0.9984 0.00 0.0M
206700.000 1979 COM2 64 0R0 068 1.7 3.5 65.1 0.9984 0.00 0.0M
206760.000 1979 COM2 64 0R0 058 0.7 3.5 65.2 0.9984 0.00 0.0M
206820.000 1979 COM2 64 0R0 083 1.6 3.4 65.1 0.9984 0.00 0.0M
206880.000 1979 COM2 64 0R0 052 1.3 3.3 65.9 0.9983 0.00 0.0M
206940.000 1979 COM2 64 0R0 089 1.5 3.3 66.0 0.9983 0.00 0.0M
207000.000 1979 COM2 64 0R0 062 1.6 3.2 66.5 0.9983 0.00 0.0M
207060.000 1979 COM2 64 0R0 070 1.4 3.2 66.7 0.9982 0.00 0.0M
207120.000 1979 COM2 64 0R0 066 1.7 3.2 66.8 0.9982 0.00 0.0M
207180.000 1979 COM2 64 0R0 070 1.7 3.2 66.5 0.9982 0.00 0.0M
207240.000 1979 COM2 64 0R0 067 1.7 3.2 66.9 0.9981 0.00 0.0M
207300.000 1979 COM2 64 0R0 076 1.6 3.2 67.1 0.9980 0.00 0.0M
207360.000 1979 COM2 64 0R0 067 1.8 3.2 66.7 0.9980 0.00 0.0M
207420.000 1979 COM2 64 0R0 097 0.4 3.2 66.9 0.9979 0.00 0.0M
207480.000 1979 COM2 64 0R0 100 2.3 3.2 67.5 0.9979 0.00 0.0M
207540.000 1979 COM2 64 0R0 105 2.6 3.2 67.1 0.9978 0.00 0.0M
207600.000 1979 COM2 64 0R0 092 1.1 3.2 67.3 0.9978 0.00 0.0M
207660.000 1979 COM2 64 0R0 137 1.8 3.2 67.2 0.9978 0.00 0.0M
207720.000 1979 COM2 64 0R0 092 0.8 3.2 67.4 0.9978 0.00 0.0M
207780.000 1979 COM2 64 0R0 112 1.9 3.3 67.4 0.9978 0.00 0.0M
207840.000 1979 COM2 64 0R0 100 1.2 3.3 67.4 0.9978 0.00 0.0M
207900.000 1979 COM2 64 0R0 089 0.6 3.3 67.4 0.9978 0.00 0.0M
207960.000 1979 COM2 64 0R0 090 1.4 3.4 67.2 0.9978 0.00 0.0M
208020.000 1979 COM2 64 0R0 090 1.9 3.4 67.2 0.9977 0.00 0.0M
208080.000 1979 COM2 64 0R0 097 2.6 3.4 67.3 0.9977 0.00 0.0M
208140.000 1979 COM2 64 0R0 087 2.4 3.4 67.3 0.9976 0.00 0.0M
208200.000 1979 COM2 64 0R0 100 2.4 3.4 67.5 0.9975 0.00 0.0M
208260.000 1979 COM2 64 0R0 108 2.5 3.4 67.4 0.9975 0.00 0.0M
208320.000 1979 COM2 64 0R0 099 3.1 3.4 67.3 0.9975 0.00 0.0M
208380.000 1979 COM2 64 0R0 080 2.4 3.4 67.3 0.9974 0.00 0.0M
208440.000 1979 COM2 64 0R0 096 2.3 3.4 67.7 0.9974 0.00 0.0M
208500.000 1979 COM2 64 0R0 090 1.9 3.5 67.6 0.9974 0.00 0.0M
208560.000 1979 COM2 64 0R0 099 2.4 3.5 67.5 0.9974 0.00 0.0M
208620.000 1979 COM2 64 0R0 095 1.8 3.5 67.5 0.9974 0.00 0.0M
208680.000 1979 COM2 64 0R0 081 1.9 3.6 67.2 0.9973 0.00 0.0M
208740.100 1979 COM2 64 0R0 094 2.6 3.6 67.2 0.9973 0.00 0.0M
208800.000 1979 COM2 64 0R0 080 1.6 3.6 67.5 0.9973 0.00 0.0M
208860.000 1979 COM2 64 0R0 125 0.7 3.7 67.3 0.9973 0.00 0.0M
208920.000 1979 COM2 64 0R0 097 1.6 3.8 67.4 0.9973 0.00 0.0M
208980.000 1979 COM2 64 0R0 093 2.7 3.9 66.9 0.9972 0.00 0.0M
209040.000 1979 COM2 64 0R0 113 1.9 3.9 66.7 0.9971 0.00 0.0M
209100.000 1979 COM2 64 0R0 125 1.9 3.9 66.8 0.9971 0.00 0.0M
209160.000 1979 COM2 64 0R0 123 1.9 4.0 66.9 0.9971 0.00 0.0M
209220.000 1979 COM2 64 0R0 093 1.6 4.0 67.0 0.9972 0.00 0.0M
209280.000 1979 COM2 64 0R0 096 1.3 4.1 66.4 0.9972 0.00 0.0M
209340.000 1979 COM2 64 0R0 125 1.6 4.1 66.6 0.9972 0.00 0.0M
209400.000 1979 COM2 64 0R0 167 1.0 4.2 66.8 0.9972 0.00 0.0M
209460.000 1979 COM2 64 0R0 123 2.1 4.2 66.2 0.9972 0.00 0.0M
209520.000 1979 COM2 64 0R0 114 1.9 4.3 66.5 0.9972 0.00 0.0M
209580.000 1979 COM2 64 0R0 113 0.9 4.3 66.6 0.9971 0.00 0.0M
209640.000 1979 COM2 64 0R0 116 2.2 4.3 66.3 0.9971 0.00 0.0M
209700.000 1979 COM2 64 0R0 113 0.7 4.4 66.2 0.9971 0.00 0.0M
209760.000 1979 COM2 64 0R0 132 1.8 4.4 65.9 0.9971 0.00 0.0M
209820.000 1979 COM2 64 0R0 121 2.7 4.5 66.0 0.9971 0.00 0.0M
209880.000 1979 COM2 64 0R0 120 1.2 4.5 65.8 0.9971 0.00 0.0M
209940.000 1979 COM2 64 0R0 130 2.0 4.5 66.1 0.9971 0.00 0.0M
210000.000 1979 COM2 64 0R0 159 1.8 4.5 66.0 0.9971 0.00 0.0M
210060.000 1979 COM2 64 0R0 140 2.3 4.4 66.1 0.9971 0.00 0.0M
210120.000 1979 COM2 64 0R0 123 1.7 4.4 66.3 0.9970 0.00 0.0M
210180.000 1979 COM2 64 0R0 123 2.7 4.4 66.5 0.9970 0.00 0.0M
210240.000 1979 COM2 64 0R0 139 2.6 4.4 66.7 0.9970 0.00 0.0M
210300.000 1979 COM2 64 0R0 122 2.3 4.4 66.6 0.9970 0.00 0.0M
210360.000 1979 COM2 64 0R0 116 2.9 4.4 66.7 0.9970 0.00 0.0M
210420.000 1979 COM2 64 0R0 140 2.0 4.4 66.6 0.9970 0.00 0.0M
210480.000 1979 COM2 64 0R0 136 3.2 4.4 66.4 0.9970 0.00 0.0M
210540.000 1979 COM2 64 0R0 117 2.6 4.4 66.8 0.9969 0.00 0.0M
210600.000 1979 COM2 64 0R0 113 0.6 4.4 66.8 0.9969 0.00 0.0M
210660.000 1979 COM2 64 0R0 123 2.0 4.4 66.8 0.9969 0.00 0.0M
210720.000 1979 COM2 64 0R0 148 2.4 4.4 66.6 0.9969 0.00 0.0M
210780.000 1979 COM2 64 0R0 132 2.5 4.5 66.8 0.9969 0.00 0.0M
210840.000 1979 COM2 64 0R0 169 0.9 4.5 66.7 0.9968 0.00 0.0M
210900.000 1979 COM2 64 0R0 129 2.2 4.5 66.9 0.9968 0.00 0.0M
210960.000 1979 COM2 64 0R0 121 2.9 4.5 66.7 0.9967 0.00 0.0M
211020.000 1979 COM2 64 0R0 119 1.6 4.5 66.8 0.9967 0.00 0.0M
211080.000 1979 COM2 64 0R0 124 3.2 4.5 66.9 0.9966 0.00 0.0M
211140.000 1979 COM2 64 0R0 123 2.4 4.5 67.0 0.9965 0.00 0.0M
211200.000 1979 COM2 64 0R0 110 1.5 4.5 67.0 0.9965 0.00 0.0M
211260.000 1979 COM2 64 0R0 120 3.2 4.5 66.9 0.9965 0.00 0.0M
211320.000 1979 COM2 64 0R0 144 2.2 4.6 66.8 0.9965 0.00 0.0M
211380.000 1979 COM2 64 0R0 097 2.4 4.6 67.0 0.9965 0.00 0.0M
211440.000 1979 COM2 64 0R0 105 2.5 4.5 67.2 0.9965 0.00 0.0M
211500.000 1979 COM2 64 0R0 137 0.8 4.5 67.0 0.9965 0.00 0.0M
211560.000 1979 COM2 64 0R0 126 2.8 4.5 67.4 0.9964 0.00 0.0M
211620.000 1979 COM2 64 0R0 128 1.2 4.5 67.7 0.9964 0.00 0.0M
211680.000 1979 COM2 64 0R0 113 1.2 4.6 67.1 0.9964 0.00 0.0M
211740.000 1979 COM2 64 0R0 127 2.0 4.6 67.2 0.9964 0.00 0.0M
211800.000 1979 COM2 64 0R0 114 1.8 4.5 67.4 0.9963 0.00 0.0M
211860.000 1979 COM2 64 0R0 141 2.5 4.5 67.5 0.9963 0.00 0.0M
211920.000 1979 COM2 64 0R0 107 1.4 4.5 67.6 0.9963 0.00 0.0M
211980.000 1979 COM2 64 0R0 142 1.5 4.5 68.0 0.9962 0.00 0.0M
212040.000 1979 COM2 64 0R0 121 2.6 4.5 68.0 0.9962 0.00 0.0M
212100.000 1979 COM2 64 0R0 115 2.3 4.5 68.1 0.9961 0.00 0.0M
212160.000 1979 COM2 64 0R0 154 1.8 4.5 67.8 0.9961 0.00 0.0M
212220.000 1979 COM2 64 0R0 075 1.0 4.5 67.9 0.9961 0.00 0.0M
212280.000 1979 COM2 64 0R0 102 1.5 4.6 68.2 0.9961 0.00 0.0M
212340.000 1979 COM2 64 0R0 115 1.3 4.6 68.3 0.9960 0.00 0.0M
212400.000 1979 COM2 64 0R0 132 3.0 4.6 68.2 0.9960 0.00 0.0M
212460.000 1979 COM2 64 0R0 118 4.3 4.6 68.3 0.9960 0.00 0.0M
212520.100 1979 COM2 64 0R0 127 2.7 4.6 68.5 0.9959 0.00 0.0M
212580.000 1979 COM2 64 0R0 129 2.7 4.6 68.4 0.9959 0.00 0.0M
212640.000 1979 COM2 64 0R0 116 1.9 4.6 68.4 0.9958 0.00 0.0M
212700.000 1979 COM2 64 0R0 128 1.5 4.7 68.2 0.9958 0.00 0.0M
212760.000 1979 COM2 64 0R0 115 1.8 4.7 68.2 0.9957 0.00 0.0M
212820.000 1979 COM2 64 0R0 111 1.4 4.8 68.1 0.9956 0.00 0.0M
212880.000 1979 COM2 64 0R0 120 1.4 4.8 68.1 0.9956 0.00 0.0M
212940.000 1979 COM2 64 0R0 105 2.5 4.8 68.1 0.9956 0.00 0.0M
213000.000 1979 COM2 64 0R0 111 1.5 4.9 68.1 0.9955 0.00 0.0M
213060.000 1979 COM2 64 0R0 103 3.3 4.9 67.9 0.9955 0.00 0.0M
213120.000 1979 COM2 64 0R0 123 1.1 4.9 68.1 0.9954 0.00 0.0M
213180.000 1979 COM2 64 0R0 117 1.4 4.9 68.2 0.9955 0.00 0.0M
213240.000 1979 COM2 64 0R0 355 0.5 4.9 68.0 0.9954 0.00 0.0M
213300.000 1979 COM2 64 0R0 105 1.5 4.9 68.1 0.9954 0.00 0.0M
213360.000 1979 COM2 64 0R0 123 2.2 4.9 68.1 0.9954 0.00 0.0M
213420.000 1979 COM2 64 0R0 112 0.6 4.9 68.2 0.9954 0.00 0.0M
213480.000 1979 COM2 64 0R0 120 1.9 4.9 68.2 0.9953 0.00 0.0M
213540.000 1979 COM2 64 0R0 092 1.5 4.9 68.5 0.9953 0.00 0.0M
213600.000 1979 COM2 64 0R0 098 2.2 4.9 68.6 0.9952 0.00 0.0M
213660.000 1979 COM2 64 0R0 109 1.4 4.8 68.8 0.9952 0.00 0.0M
213720.000 1979 COM2 64 0R0 151 2.6 4.8 68.8 0.9952 0.00 0.0M
213780.000 1979 COM2 64 0R0 114 2.3 4.8 68.8 0.9952 0.00 0.0M
213840.000 1979 COM2 64 0R0 105 0.5 4.8 69.2 0.9952 0.00 0.0M
213900.000 1979 COM2 64 0R0 146 0.9 4.8 69.5 0.9952 0.00 0.0M
213960.000 1979 COM2 64 0R0 124 4.0 4.8 69.5 0.9952 0.00 0.0M
214020.000 1979 COM2 64 0R0 129 2.9 4.8 69.6 0.9952 0.00 0.0M
214080.000 1979 COM2 64 0R0 137 2.7 4.8 69.4 0.9952 0.00 0.0M
214140.000 1979 COM2 64 0R0 137 2.9 4.9 69.7 0.9952 0.00 0.0M
214200.000 1979 COM2 64 0R0 135 4.2 4.9 69.5 0.9952 0.00 0.0M
214260.000 1979 COM2 64 0R0 126 4.3 4.9 69.7 0.9951 0.00 0.0M
214320.000 1979 COM2 64 0R0 136 1.0 4.9 70.2 0.9951 0.00 0.0M
214380.000 1979 COM2 64 0R0 149 2.8 4.9 69.9 0.9950 0.00 0.0M
214440.000 1979 COM2 64 0R0 135 2.6 4.9 69.9 0.9950 0.00 0.0M
214500.000 1979 COM2 64 0R0 126 2.2 4.9 69.8 0.9951 0.00 0.0M
214560.000 1979 COM2 64 0R0 125 1.3 5.0 70.2 0.9950 0.00 0.0M
214620.000 1979 COM2 64 0R0 151 3.2 5.0 70.1 0.9950 0.00 0.0M
214680.000 1979 COM2 64 0R0 146 3.2 5.0 70.2 0.9950 0.00 0.0M
214740.000 1979 COM2 64 0R0 130 1.7 5.1 70.0 0.9950 0.00 0.0M
214800.000 1979 COM2 64 0R0 151 2.6 5.1 69.7 0.9951 0.00 0.0M
214860.000 1979 COM2 64 0R0 139 1.0 5.1 69.8 0.9951 0.00 0.0M
214920.000 1979 COM2 64 0R0 154 2.8 5.1 70.1 0.9951 0.00 0.0M
214980.000 1979 COM2 64 0R0 132 1.2 5.2 70.0 0.9951 0.00 0.0M
215040.000 1979 COM2 64 0R0 156 1.3 5.2 69.9 0.9951 0.00 0.0M
215100.000 1979 COM2 64 0R0 129 1.2 5.2 69.8 0.9951 0.00 0.0M
215160.000 1979 COM2 64 0R0 159 2.8 5.3 69.7 0.9951 0.00 0.0M
215220.000 1979 COM2 64 0R0 149 1.5 5.3 69.7 0.9951 0.00 0.0M
215280.000 1979 COM2 64 0R0 177 1.1 5.4 69.7 0.9951 0.00 0.0M
215340.000 1979 COM2 64 0R0 118 2.3 5.4 69.7 0.9951 0.00 0.0M
215400.000 1979 COM2 64 0R0 141 2.4 5.5 69.3 0.9951 0.00 0.0M
215460.000 1979 COM2 64 0R0 152 2.6 5.6 69.3 0.9951 0.00 0.0M
215520.000 1979 COM2 64 0R0 138 2.0 5.6 69.2 0.9951 0.00 0.0M
215580.000 1979 COM2 64 0R0 133 1.2 5.6 69.1 0.9951 0.00 0.0M
215640.000 1979 COM2 64 0R0 197 3.7 5.6 69.2 0.9951 0.00 0.0M
215700.000 1979 COM2 64 0R0 153 2.1 5.6 69.2 0.9951 0.00 0.0M
215760.000 1979 COM2 64 0R0 114 2.0 5.7 69.3 0.9951 0.00 0.0M
215820.000 1979 COM2 64 0R0 199 3.5 5.7 69.2 0.9951 0.00 0.0M
215880.000 1979 COM2 64 0R0 128 3.3 5.7 69.2 0.9951 0.00 0.0M
215940.000 1979 COM2 64 0R0 152 3.4 5.7 69.2 0.9951 0.00 0.0M
216000.000 1979 COM2 64 0R0 149 3.5 5.8 69.1 0.9951 0.00 0.0M
216060.000 1979 COM2 64 0R0 169 4.2 5.8 69.0 0.9951 0.00 0.0M
216120.000 1979 COM2 64 0R0 176 2.5 5.8 69.2 0.9950 0.00 0.0M
216180.000 1979 COM2 64 0R0 177 3.4 5.8 69.1 0.9951 0.00 0.0M
216240.000 1979 COM2 64 0R0 125 1.5 5.9 68.9 0.9950 0.00 0.0M
216300.000 1979 COM2 64 0R0 121 1.8 5.9 68.8 0.9950 0.00 0.0M
216360.000 1979 COM2 64 0R0 136 4.0 6.0 68.7 0.9950 0.00 0.0M
216420.000 1979 COM2 64 0R0 132 1.3 6.0 68.8 0.9950 0.00 0.0M
216480.000 1979 COM2 64 0R0 173 5.3 5.9 68.9 0.9949 0.00 0.0M
216540.000 1979 COM2 64 0R0 160 4.2 6.0 69.1 0.9948 0.00 0.0M
216600.000 1979 COM2 64 0R0 114 1.7 6.0 68.9 0.9948 0.00 0.0M
216660.000 1979 COM2 64 0R0 136 3.2 6.0 69.0 0.9948 0.00 0.0M
216720.000 1979 COM2 64 0R0 174 3.7 6.0 69.0 0.9948 0.00 0.0M
216780.000 1979 COM2 64 0R0 158 2.8 6.0 68.9 0.9948 0.00 0.0M
216840.000 1979 COM2 64 0R0 185 1.4 6.0 68.8 0.9948 0.00 0.0M
216900.000 1979 COM2 64 0R0 148 1.2 6.0 69.1 0.9948 0.00 0.0M
216960.000 1979 COM2 64 0R0 138 1.8 6.0 69.0 0.9948 0.00 0.0M
217020.000 1979 COM2 64 0R0 137 3.7 6.1 69.0 0.9947 0.00 0.0M
217080.000 1979 COM2 64 0R0 167 3.4 6.1 69.0 0.9947 0.00 0.0M
217140.000 1979 COM2 64 0R0 189 3.0 6.1 69.1 0.9948 0.00 0.0M
217200.000 1979 COM2 64 0R0 124 1.9 6.1 69.2 0.9947 0.00 0.0M
217260.100 1979 COM2 64 0R0 161 3.8 6.1 69.2 0.9947 0.00 0.0M
217320.000 1979 COM2 64 0R0 147 2.5 6.1 69.2 0.9947 0.00 0.0M
217380.000 1979 COM2 64 0R0 103 2.7 6.1 69.2 0.9947 0.00 0.0M
217440.000 1979 COM2 64 0R0 136 2.8 6.1 69.2 0.9946 0.00 0.0M
217500.000 1979 COM2 64 0R0 122 2.4 6.2 69.3 0.9946 0.00 0.0M
217560.000 1979 COM2 64 0R0 169 3.9 6.2 69.4 0.9946 0.00 0.0M
217620.000 1979 COM2 64 0R0 155 1.4 6.2 69.3 0.9945 0.00 0.0M
217680.000 1979 COM2 64 0R0 150 3.6 6.2 69.3 0.9945 0.00 0.0M
217740.000 1979 COM2 64 0R0 170 3.1 6.3 69.1 0.9945 0.00 0.0M
217800.000 1979 COM2 64 0R0 133 1.3 6.3 69.4 0.9943 0.00 0.0M
217860.000 1979 COM2 64 0R0 137 2.6 6.3 69.3 0.9945 0.00 0.0M
217920.000 1979 COM2 64 0R0 098 2.0 6.3 69.4 0.9945 0.00 0.0M
217980.000 1979 COM2 64 0R0 106 0.8 6.3 69.3 0.9945 0.00 0.0M
218040.000 1979 COM2 64 0R0 125 4.3 6.3 69.2 0.9944 0.00 0.0M
218100.000 1979 COM2 64 0R0 092 1.5 6.3 69.6 0.9944 0.00 0.0M
218160.000 1979 COM2 64 0R0 146 3.3 6.3 69.5 0.9944 0.00 0.0M
218220.000 1979 COM2 64 0R0 144 3.0 6.3 69.3 0.9944 0.00 0.0M
218280.000 1979 COM2 64 0R0 143 1.6 6.3 69.5 0.9944 0.00 0.0M
218340.000 1979 COM2 64 0R0 162 2.9 6.4 69.4 0.9943 0.00 0.0M
218400.000 1979 COM2 64 0R0 144 3.1 6.4 69.3 0.9943 0.00 0.0M
218460.000 1979 COM2 64 0R0 145 2.4 6.3 69.6 0.9942 0.00 0.0M
218520.000 1979 COM2 64 0R0 157 4.4 6.3 69.6 0.9942 0.00 0.0M
218580.000 1979 COM2 64 0R0 163 3.1 6.3 69.8 0.9941 0.00 0.0M
218640.000 1979 COM2 64 0R0 104 2.8 6.3 69.7 0.9941 0.00 0.0M
218700.000 1979 COM2 64 0R0 169 0.8 6.3 70.0 0.9941 0.00 0.0M
218760.000 1979 COM2 64 0R0 129 3.4 6.4 70.0 0.9940 0.00 0.0M
218820.000 1979 COM2 64 0R0 122 1.4 6.4 70.0 0.9940 0.00 0.0M
218880.000 1979 COM2 64 0R0 140 2.0 6.4 69.9 0.9940 0.00 0.0M
218940.000 1979 COM2 64 0R0 144 3.6 6.4 69.8 0.9939 0.00 0.0M
219000.000 1979 COM2 64 0R0 152 4.4 6.5 69.8 0.9939 0.00 0.0M
219060.000 1979 COM2 64 0R0 152 3.0 6.4 70.1 0.9938 0.00 0.0M
219120.000 1979 COM2 64 0R0 088 0.6 6.5 70.1 0.9938 0.00 0.0M
219180.000 1979 COM2 64 0R0 139 3.8 6.5 70.0 0.9939 0.00 0.0M
219240.000 1979 COM2 64 0R0 178 3.3 6.5 70.3 0.9937 0.00 0.0M
219300.000 1979 COM2 64 0R0 130 1.5 6.5 70.1 0.9938 0.00 0.0M
219360.000 1979 COM2 64 0R0 163 4.3 6.5 70.0 0.9938 0.00 0.0M
219420.000 1979 COM2 64 0R0 137 3.7 6.5 70.1 0.9937 0.00 0.0M
219480.000 1979 COM2 64 0R0 193 4.8 6.5 70.2 0.9937 0.00 0.0M
219540.000 1979 COM2 64 0R0 228 0.7 6.5 70.3 0.9937 0.00 0.0M
219600.000 1979 COM2 64 0R0 135 3.5 6.5 70.3 0.9937 0.00 0.0M
219660.000 1979 COM2 64 0R0 130 2.8 6.6 70.3 0.9936 0.00 0.0M
219720.000 1979 COM2 64 0R0 133 3.9 6.6 70.2 0.9936 0.00 0.0M
219780.000 1979 COM2 64 0R0 107 2.9 6.6 70.2 0.9936 0.00 0.0M
219840.000 1979 COM2 64 0R0 159 1.9 6.6 70.3 0.9935 0.00 0.0M
219900.000 1979 COM2 64 0R0 181 1.9 6.7 70.1 0.9935 0.00 0.0M
219960.000 1979 COM2 64 0R0 146 2.3 6.7 70.2 0.9935 0.00 0.0M
220020.000 1979 COM2 64 0R0 130 4.0 6.7 70.1 0.9935 0.00 0.0M
220080.000 1979 COM2 64 0R0 146 1.1 6.7 70.3 0.9935 0.00 0.0M
220140.000 1979 COM2 64 0R0 121 2.5 6.7 70.3 0.9935 0.00 0.0M
220200.000 1979 COM2 64 0R0 151 1.1 6.7 70.3 0.9935 0.00 0.0M
220260.000 1979 COM2 64 0R0 127 1.5 6.7 70.4 0.9935 0.00 0.0M
220320.000 1979 COM2 64 0R0 141 2.1 6.7 70.3 0.9935 0.00 0.0M
220380.000 1979 COM2 64 0R0 158 2.5 6.8 70.3 0.9936 0.00 0.0M
220440.000 1979 COM2 64 0R0 154 3.9 6.8 70.4 0.9936 0.00 0.0M
220500.000 1979 COM2 64 0R0 235 1.5 6.8 70.5 0.9936 0.00 0.0M
220560.000 1979 COM2 64 0R0 153 2.7 6.8 70.5 0.9936 0.00 0.0M
220620.000 1979 COM2 64 0R0 161 2.9 6.8 70.6 0.9936 0.00 0.0M
220680.000 1979 COM2 64 0R0 164 4.0 6.8 70.6 0.9936 0.00 0.0M
220740.000 1979 COM2 64 0R0 180 3.0 6.8 70.5 0.9936 0.00 0.0M
220800.000 1979 COM2 64 0R0 184 6.2 6.8 70.6 0.9935 0.00 0.0M
220860.000 1979 COM2 64 0R0 213 3.3 6.8 70.5 0.9935 0.00 0.0M
220920.000 1979 COM2 64 0R0 187 5.8 6.8 70.5 0.9936 0.00 0.0M
220980.000 1979 COM2 64 0R0 181 3.8 6.8 70.5 0.9936 0.00 0.0M
221040.000 1979 COM2 64 0R0 151 3.0 6.8 70.6 0.9936 0.00 0.0M
221100.000 1979 COM2 64 0R0 185 6.0 6.9 70.5 0.9936 0.00 0.0M
221160.000 1979 COM2 64 0R0 195 3.0 6.9 70.9 0.9936 0.00 0.0M
221220.000 1979 COM2 64 0R0 150 2.8 6.9 70.9 0.9936 0.00 0.0M
221280.000 1979 COM2 64 0R0 187 2.4 6.9 70.8 0.9937 0.00 0.0M
221340.000 1979 COM2 64 0R0 132 1.6 6.9 70.8 0.9937 0.00 0.0M
221400.000 1979 COM2 64 0R0 181 2.8 6.9 70.6 0.9937 0.00 0.0M
221460.000 1979 COM2 64 0R0 184 2.3 6.9 70.7 0.9937 0.00 0.0M
221520.000 1979 COM2 64 0R0 162 3.9 6.9 70.8 0.9936 0.00 0.0M
221580.000 1979 COM2 64 0R0 211 6.2 6.9 70.8 0.9936 0.00 0.0M
221640.000 1979 COM2 64 0R0 176 4.7 7.0 70.8 0.9936 0.00 0.0M
221700.000 1979 COM2 64 0R0 176 3.1 7.0 70.7 0.9936 0.00 0.0M
221760.000 1979 COM2 64 0R0 185 3.3 6.9 70.8 0.9936 0.00 0.0M
221820.000 1979 COM2 64 0R0 233 2.6 6.9 70.8 0.9936 0.00 0.0M
221880.000 1979 COM2 64 0R0 172 3.4 6.9 70.8 0.9936 0.00 0.0M
221940.000 1979 COM2 64 0R0 174 2.4 7.0 70.5 0.9935 0.00 0.0M
222000.000 1979 COM2 64 0R0 068 1.0 7.0 70.8 0.9935 0.00 0.0M
222060.000 1979 COM2 64 0R0 169 3.6 7.0 70.8 0.9935 0.00 0.0M
222120.000 1979 COM2 64 0R0 161 2.7 7.0 70.7 0.9935 0.00 0.0M
222180.000 1979 COM2 64 0R0 147 1.6 7.0 70.8 0.9935 0.00 0.0M
222240.000 1979 COM2 64 0R0 204 3.7 7.0 70.8 0.9934 0.00 0.0M
222300.000 1979 COM2 64 0R0 161 3.2 7.0 70.7 0.9934 0.00 0.0M
222360.000 1979 COM2 64 0R0 190 4.1 7.0 70.9 0.9934 0.00 0.0M
222420.000 1979 COM2 64 0R0 165 1.0 7.0 70.6 0.9934 0.00 0.0M
222480.000 1979 COM2 64 0R0 201 4.5 7.0 70.3 0.9934 0.00 0.0M
222540.000 1979 COM2 64 0R0 189 3.3 7.0 70.2 0.9933 0.00 0.0M
222600.000 1979 COM2 64 0R0 137 3.4 7.0 70.7 0.9933 0.00 0.0M
222660.000 1979 COM2 64 0R0 146 1.9 7.0 70.4 0.9933 0.00 0.0M
222720.000 1979 COM2 64 0R0 128 2.1 7.0 70.1 0.9932 0.00 0.0M
222780.000 1979 COM2 64 0R0 129 1.9 7.1 70.9 0.9932 0.00 0.0M
222840.000 1979 COM2 64 0R0 145 2.9 7.1 70.2 0.9932 0.00 0.0M
222900.000 1979 COM2 64 0R0 141 3.3 7.1 69.6 0.9932 0.00 0.0M
222960.000 1979 COM2 64 0R0 177 4.6 7.1 69.9 0.9931 0.00 0.0M
223020.000 1979 COM2 64 0R0 155 2.7 7.0 69.9 0.9931 0.00 0.0M
223080.000 1979 COM2 64 0R0 195 2.8 7.0 70.0 0.9931 0.00 0.0M
223140.000 1979 COM2 64 0R0 205 3.2 7.0 69.9 0.9931 0.00 0.0M
223200.000 1979 COM2 64 0R0 163 3.5 7.0 69.7 0.9930 0.00 0.0M
223260.000 1979 COM2 64 0R0 182 4.4 7.0 69.8 0.9930 0.00 0.0M
223320.000 1979 COM2 64 0R0 240 3.2 7.1 69.7 0.9930 0.00 0.0M
223380.000 1979 COM2 64 0R0 161 3.6 7.1 69.6 0.9929 0.00 0.0M
223440.000 1979 COM2 64 0R0 133 1.8 7.1 69.6 0.9929 0.00 0.0M
223500.000 1979 COM2 64 0R0 184 2.1 7.1 69.4 0.9929 0.00 0.0M
223560.000 1979 COM2 64 0R0 106 1.2 7.2 69.5 0.9928 0.00 0.0M
223620.000 1979 COM2 64 0R0 121 1.7 7.2 69.2 0.9928 0.00 0.0M
223680.000 1979 COM2 64 0R0 178 2.9 7.2 69.3 0.9928 0.00 0.0M
223740.000 1979 COM2 64 0R0 134 4.2 7.2 69.1 0.9928 0.00 0.0M
223800.000 1979 COM2 64 0R0 119 1.8 7.2 69.3 0.9927 0.00 0.0M
223860.000 1979 COM2 64 0R0 140 3.2 7.2 69.3 0.9927 0.00 0.0M
223920.000 1979 COM2 64 0R0 135 3.4 7.2 69.5 0.9926 0.00 0.0M
223980.000 1979 COM2 64 0R0 116 2.0 7.2 69.7 0.9926 0.00 0.0M
224040.000 1979 COM2 64 0R0 140 2.9 7.2 69.6 0.9925 0.00 0.0M
224100.000 1979 COM2 64 0R0 130 1.6 7.2 69.7 0.9925 0.00 0.0M
224160.000 1979 COM2 64 0R0 114 1.4 7.2 69.8 0.9925 0.00 0.0M
224220.000 1979 COM2 64 0R0 131 2.3 7.2 69.5 0.9925 0.00 0.0M
224280.000 1979 COM2 64 0R0 118 2.6 7.2 69.7 0.9924 0.00 0.0M
224340.000 1979 COM2 64 0R0 132 1.4 7.2 70.0 0.9924 0.00 0.0M
224400.000 1979 COM2 64 0R0 117 0.5 7.2 70.1 0.9923 0.00 0.0M
224460.000 1979 COM2 64 0R0 143 1.3 7.2 70.2 0.9923 0.00 0.0M
224520.000 1979 COM2 64 0R0 126 2.2 7.2 70.4 0.9923 0.00 0.0M
224580.000 1979 COM2 64 0R0 142 1.8 7.2 70.3 0.9922 0.00 0.0M
224640.000 1979 COM2 64 0R0 117 3.4 7.2 70.3 0.9922 0.00 0.0M
224700.000 1979 COM2 64 0R0 136 2.5 7.2 69.9 0.9922 0.00 0.0M
224760.000 1979 COM2 64 0R0 148 1.7 7.2 69.6 0.9922 0.00 0.0M
224820.000 1979 COM2 64 0R0 104 0.8 7.2 70.1 0.9922 0.00 0.0M
224880.000 1979 COM2 64 0R0 113 1.3 7.2 69.8 0.9922 0.00 0.0M
224940.000 1979 COM2 64 0R0 134 2.3 7.3 69.9 0.9922 0.00 0.0M
225000.000 1979 COM2 64 0R0 125 2.2 7.3 70.0 0.9922 0.00 0.0M
225060.000 1979 COM2 64 0R0 171 0.5 7.3 70.0 0.9922 0.00 0.0M
225120.000 1979 COM2 64 0R0 212 3.4 7.3 69.7 0.9923 0.00 0.0M
225180.000 1979 COM2 64 0R0 203 2.4 7.3 69.3 0.9923 0.00 0.0M
225240.000 1979 COM2 64 0R0 173 2.3 7.3 69.7 0.9923 0.00 0.0M
225300.000 1979 COM2 64 0R0 212 2.3 7.3 70.2 0.9924 0.00 0.0M
225360.000 1979 COM2 64 0R0 222 1.4 7.3 69.9 0.9924 0.00 0.0M
225420.000 1979 COM2 64 0R0 234 1.8 7.3 70.0 0.9924 0.00 0.0M
225480.000 1979 COM2 64 0R0 204 2.4 7.3 69.6 0.9924 0.00 0.0M
225540.000 1979 COM2 64 0R0 243 1.4 7.3 70.0 0.9924 0.00 0.0M
225600.000 1979 COM2 64 0R0 189 1.8 7.3 69.6 0.9924 0.00 0.0M
225660.000 1979 COM2 64 0R0 204 2.0 7.3 69.4 0.9923 0.00 0.0M
225720.000 1979 COM2 64 0R0 195 2.5 7.4 69.7 0.9923 0.00 0.0M
225780.000 1979 COM2 64 0R0 138 1.4 7.4 69.3 0.9923 0.00 0.0M
225840.000 1979 COM2 64 0R0 172 2.0 7.3 69.8 0.9923 0.00 0.0M
225900.000 1979 COM2 64 0R0 187 0.9 7.4 70.1 0.9923 0.00 0.0M
225960.000 1979 COM2 64 0R0 098 1.0 7.4 70.1 0.9923 0.00 0.0M
226020.000 1979 COM2 64 0R0 278 0.8 7.4 70.3 0.9923 0.00 0.0M
226080.000 1979 COM2 64 0R0 204 2.2 7.5 69.4 0.9923 0.00 0.0M
226140.000 1979 COM2 64 0R0 210 1.5 7.5 69.2 0.9923 0.00 0.0M
226200.000 1979 COM2 64 0R0 182 2.4 7.5 69.0 0.9923 0.00 0.0M
226260.000 1979 COM2 64 0R0 245 1.0 7.4 69.1 0.9923 0.00 0.0M
226320.000 1979 COM2 64 0R0 204 2.1 7.4 68.9 0.9923 0.00 0.0M
226380.000 1979 COM2 64 0R0 202 3.0 7.4 69.1 0.9924 0.00 0.0M
226440.000 1979 COM2 64 0R0 213 2.8 7.4 68.5 0.9923 0.00 0.0M
226500.000 1979 COM2 64 0R0 191 2.6 7.4 68.2 0.9923 0.00 0.0M
226560.000 1979 COM2 64 0R0 245 2.1 7.4 68.8 0.9924 0.00 0.0M
226620.000 1979 COM2 64 0R0 216 3.3 7.4 68.1 0.9924 0.00 0.0M
226680.000 1979 COM2 64 0R0 227 3.4 7.4 68.1 0.9924 0.00 0.0M
226740.000 1979 COM2 64 0R0 233 1.7 7.4 68.2 0.9923 0.00 0.0M
226800.000 1979 COM2 64 0R0 230 3.2 7.5 67.9 0.9923 0.00 0.0M
226860.000 1979 COM2 64 0R0 220 2.8 7.4 67.8 0.9923 0.00 0.0M
226920.000 1979 COM2 64 0R0 239 3.0 7.4 68.2 0.9923 0.00 0.0M
226980.000 1979 COM2 64 0R0 200 2.1 7.5 68.1 0.9924 0.00 0.0M
227040.000 1979 COM2 64 0R0 225 1.4 7.5 68.1 0.9924 0.00 0.0M
227100.000 1979 COM2 64 0R0 264 2.4 7.5 67.9 0.9924 0.00 0.0M
227160.000 1979 COM2 64 0R0 215 3.4 7.5 67.6 0.9924 0.00 0.0M
227220.000 1979 COM2 64 0R0 238 3.7 7.5 68.0 0.9924 0.00 0.0M
227280.000 1979 COM2 64 0R0 247 2.1 7.5 67.3 0.9923 0.00 0.0M
227340.000 1979 COM2 64 0R0 232 3.0 7.5 67.1 0.9923 0.00 0.0M
227400.000 1979 COM2 64 0R0 271 1.5 7.6 67.0 0.9923 0.00 0.0M
227460.000 1979 COM2 64 0R0 199 3.0 7.6 67.4 0.9923 0.00 0.0M
227520.000 1979 COM2 64 0R0 237 2.4 7.6 67.3 0.9923 0.00 0.0M
227580.000 1979 COM2 64 0R0 217 2.9 7.6 67.5 0.9923 0.00 0.0M
227640.000 1979 COM2 64 0R0 213 4.2 7.6 66.8 0.9923 0.00 0.0M
227700.000 1979 COM2 64 0R0 283 2.6 7.6 66.7 0.9923 0.00 0.0M
227760.000 1979 COM2 64 0R0 229 1.7 7.6 67.1 0.9923 0.00 0.0M
227820.000 1979 COM2 64 0R0 245 2.6 7.6 66.5 0.9922 0.00 0.0M
227880.000 1979 COM2 64 0R0 229 1.2 7.6 66.5 0.9922 0.00 0.0M
227940.000 1979 COM2 64 0R0 232 4.0 7.6 66.8 0.9922 0.00 0.0M
228000.000 1979 COM2 64 0R0 195 3.4 7.6 66.6 0.9922 0.00 0.0M
228060.000 1979 COM2 64 0R0 242 2.3 7.6 66.8 0.9922 0.00 0.0M
228120.000 1979 COM2 64 0R0 211 2.7 7.6 66.5 0.9922 0.00 0.0M
228180.000 1979 COM2 64 0R0 229 1.9 7.6 67.1 0.9922 0.00 0.0M
228240.000 1979 COM2 64 0R0 257 2.1 7.6 66.8 0.9921 0.00 0.0M
228300.000 1979 COM2 64 0R0 178 2.7 7.6 66.9 0.9921 0.00 0.0M
228360.000 1979 COM2 64 0R0 190 1.7 7.6 66.7 0.9921 0.00 0.0M
228420.000 1979 COM2 64 0R0 265 1.6 7.5 66.8 0.9921 0.00 0.0M
228480.000 1979 COM2 64 0R0 259 2.6 7.5 67.0 0.9921 0.00 0.0M
228540.000 1979 COM2 64 0R0 244 3.0 7.5 66.4 0.9921 0.00 0.0M
228600.000 1979 COM2 64 0R0 244 2.9 7.5 66.3 0.9921 0.00 0.0M
228660.000 1979 COM2 64 0R0 224 4.5 7.5 66.6 0.9921 0.00 0.0M
228720.000 1979 COM2 64 0R0 241 3.0 7.5 66.7 0.9921 0.00 0.0M
228780.000 1979 COM2 64 0R0 207 2.9 7.5 66.4 0.9921 0.00 0.0M
228840.000 1979 COM2 64 0R0 226 3.2 7.5 65.9 0.9921 0.00 0.0M
228900.000 1979 COM2 64 0R0 255 3.2 7.4 66.7 0.9921 0.00 0.0M
228960.000 1979 COM2 64 0R0 263 1.2 7.4 66.5 0.9920 0.00 0.0M
229020.000 1979 COM2 64 0R0 167 2.4 7.4 67.1 0.9920 0.00 0.0M
229080.000 1979 COM2 64 0R0 219 2.3 7.4 66.7 0.9919 0.00 0.0M
229140.000 1979 COM2 64 0R0 220 1.1 7.4 66.9 0.9919 0.00 0.0M
229200.000 1979 COM2 64 0R0 242 1.3 7.4 66.9 0.9919 0.00 0.0M
229260.000 1979 COM2 64 0R0 207 3.1 7.4 66.7 0.9918 0.00 0.0M
229320.000 1979 COM2 64 0R0 235 1.1 7.4 66.8 0.9918 0.00 0.0M
229380.000 1979 COM2 64 0R0 231 4.7 7.4 66.6 0.9917 0.00 0.0M
229440.000 1979 COM2 64 0R0 232 2.7 7.4 66.0 0.9916 0.00 0.0M
229500.000 1979 COM2 64 0R0 210 2.0 7.4 66.0 0.9916 0.00 0.0M
229560.000 1979 COM2 64 0R0 210 1.9 7.3 66.5 0.9916 0.00 0.0M
229620.000 1979 COM2 64 0R0 209 2.0 7.3 66.3 0.9916 0.00 0.0M
229680.000 1979 COM2 64 0R0 241 2.0 7.4 66.8 0.9916 0.00 0.0M
229740.000 1979 COM2 64 0R0 209 3.0 7.4 65.8 0.9915 0.00 0.0M
229800.000 1979 COM2 64 0R0 189 2.9 7.4 65.5 0.9915 0.00 0.0M
229860.000 1979 COM2 64 0R0 211 1.0 7.4 65.3 0.9914 0.00 0.0M
229920.000 1979 COM2 64 0R0 225 1.7 7.4 65.4 0.9914 0.00 0.0M
229980.000 1979 COM2 64 0R0 244 2.6 7.4 65.2 0.9914 0.00 0.0M
230040.000 1979 COM2 64 0R0 228 5.3 7.4 65.1 0.9914 0.00 0.0M
230100.000 1979 COM2 64 0R0 209 2.8 7.4 64.3 0.9913 0.00 0.0M
230160.000 1979 COM2 64 0R0 211 1.0 7.4 64.5 0.9913 0.00 0.0M
230220.000 1979 COM2 64 0R0 215 2.8 7.4 64.8 0.9913 0.00 0.0M
230280.000 1979 COM2 64 0R0 262 1.3 7.4 65.3 0.9912 0.00 0.0M
230340.000 1979 COM2 64 0R0 185 3.3 7.4 64.7 0.9912 0.00 0.0M
230400.000 1979 COM2 64 0R0 221 2.0 7.4 65.1 0.9912 0.00 0.0M
230460.000 1979 COM2 64 0R0 238 2.2 7.5 65.2 0.9912 0.00 0.0M
230520.000 1979 COM2 64 0R0 262 1.0 7.5 64.7 0.9912 0.00 0.0M
230580.000 1979 COM2 64 0R0 248 0.7 7.5 64.1 0.9912 0.00 0.0M
230640.000 1979 COM2 64 0R0 230 3.5 7.5 64.4 0.9912 0.00 0.0M
230700.000 1979 COM2 64 0R0 230 3.2 7.6 64.2 0.9911 0.00 0.0M
230760.000 1979 COM2 64 0R0 246 3.8 7.6 63.1 0.9911 0.00 0.0M
230820.000 1979 COM2 64 0R0 203 3.3 7.5 63.3 0.9911 0.00 0.0M
230880.000 1979 COM2 64 0R0 271 3.2 7.5 63.1 0.9910 0.00 0.0M
230940.000 1979 COM2 64 0R0 204 1.1 7.5 63.4 0.9911 0.00 0.0M
231000.000 1979 COM2 64 0R0 235 2.5 7.5 63.4 0.9910 0.00 0.0M
231060.000 1979 COM2 64 0R0 226 3.4 7.5 63.5 0.9910 0.00 0.0M
231120.000 1979 COM2 64 0R0 223 1.9 7.5 63.4 0.9910 0.00 0.0M
231180.000 1979 COM2 64 0R0 250 0.8 7.5 64.3 0.9910 0.00 0.0M
231240.000 1979 COM2 64 0R0 221 0.8 7.5 63.6 0.9910 0.00 0.0M
231300.000 1979 COM2 64 0R0 171 2.1 7.6 63.9 0.9910 0.00 0.0M
231360.000 1979 COM2 64 0R0 220 4.0 7.6 63.5 0.9909 0.00 0.0M
231420.000 1979 COM2 64 0R0 232 2.8 7.6 63.0 0.9909 0.00 0.0M
231480.000 1979 COM2 64 0R0 148 1.6 7.6 63.1 0.9909 0.00 0.0M
231540.000 1979 COM2 64 0R0 275 1.5 7.6 63.7 0.9909 0.00 0.0M
231600.000 1979 COM2 64 0R0 207 1.8 7.6 64.0 0.9909 0.00 0.0M
231660.000 1979 COM2 64 0R0 305 2.5 7.6 63.9 0.9909 0.00 0.0M
231720.000 1979 COM2 64 0R0 234 4.8 7.6 63.1 0.9909 0.00 0.0M
231780.000 1979 COM2 64 0R0 218 1.0 7.6 62.6 0.9908 0.00 0.0M
231840.000 1979 COM2 64 0R0 278 2.8 7.6 63.1 0.9908 0.00 0.0M
231900.000 1979 COM2 64 0R0 226 3.1 7.6 63.5 0.9908 0.00 0.0M
231960.000 1979 COM2 64 0R0 165 2.1 7.6 63.2 0.9907 0.00 0.0M
232020.000 1979 COM2 64 0R0 254 2.1 7.5 64.0 0.9907 0.00 0.0M
232080.000 1979 COM2 64 0R0 232 1.6 7.5 63.5 0.9907 0.00 0.0M
232140.000 1979 COM2 64 0R0 261 1.3 7.6 62.6 0.9906 0.00 0.0M
232200.000 1979 COM2 64 0R0 272 1.3 7.5 63.1 0.9906 0.00 0.0M
232260.000 1979 COM2 64 0R0 251 1.2 7.5 63.2 0.9906 0.00 0.0M
232320.000 1979 COM2 64 0R0 209 3.3 7.5 63.4 0.9906 0.00 0.0M
232380.000 1979 COM2 64 0R0 324 1.0 7.5 63.2 0.9905 0.00 0.0M
232440.000 1979 COM2 64 0R0 255 1.6 7.5 63.7 0.9905 0.00 0.0M
232500.000 1979 COM2 64 0R0 233 2.1 7.5 63.8 0.9905 0.00 0.0M
232560.000 1979 COM2 64 0R0 245 1.7 7.5 63.5 0.9904 0.00 0.0M
232620.000 1979 COM2 64 0R0 285 2.8 7.5 63.3 0.9904 0.00 0.0M
232680.000 1979 COM2 64 0R0 262 1.3 7.5 62.9 0.9904 0.00 0.0M
232740.000 1979 COM2 64 0R0 208 1.7 7.5 63.4 0.9903 0.00 0.0M
232800.000 1979 COM2 64 0R0 249 3.4 7.5 62.9 0.9903 0.00 0.0M
232860.000 1979 COM2 64 0R0 259 2.6 7.5 63.2 0.9903 0.00 0.0M
232920.000 1979 COM2 64 0R0 230 1.9 7.4 63.2 0.9903 0.00 0.0M
232980.000 1979 COM2 64 0R0 169 3.5 7.4 63.6 0.9902 0.00 0.0M
233040.000 1979 COM2 64 0R0 307 1.2 7.5 62.8 0.9902 0.00 0.0M
233100.000 1979 COM2 64 0R0 249 3.7 7.5 63.4 0.9902 0.00 0.0M
233160.000 1979 COM2 64 0R0 342 1.4 7.5 62.7 0.9902 0.00 0.0M
233220.000 1979 COM2 64 0R0 289 2.9 7.5 63.2 0.9901 0.00 0.0M
233280.000 1979 COM2 64 0R0 213 1.1 7.5 62.6 0.9901 0.00 0.0M
233340.000 1979 COM2 64 0R0 223 2.1 7.5 63.2 0.9901 0.00 0.0M
233400.000 1979 COM2 64 0R0 209 0.9 7.5 62.6 0.9901 0.00 0.0M
233460.000 1979 COM2 64 0R0 264 1.7 7.5 63.5 0.9901 0.00 0.0M
233520.000 1979 COM2 64 0R0 208 3.5 7.5 62.5 0.9900 0.00 0.0M
233580.000 1979 COM2 64 0R0 238 1.0 7.5 62.3 0.9900 0.00 0.0M
233640.000 1979 COM2 64 0R0 228 2.1 7.5 62.3 0.9900 0.00 0.0M
233700.000 1979 COM2 64 0R0 215 2.3 7.5 62.9 0.9900 0.00 0.0M
233760.000 1979 COM2 64 0R0 207 3.9 7.5 62.7 0.9900 0.00 0.0M
233820.000 1979 COM2 64 0R0 269 1.4 7.5 62.1 0.9900 0.00 0.0M
233880.000 1979 COM2 64 0R0 262 2.1 7.5 62.2 0.9900 0.00 0.0M
233940.000 1979 COM2 64 0R0 266 2.5 7.5 61.8 0.9899 0.00 0.0M
234000.000 1979 COM2 64 0R0 216 2.2 7.5 62.3 0.9900 0.00 0.0M
234060.000 1979 COM2 64 0R0 273 1.6 7.5 61.8 0.9899 0.00 0.0M
234120.000 1979 COM2 64 0R0 268 3.6 7.5 61.7 0.9899 0.00 0.0M
234180.000 1979 COM2 64 0R0 227 5.4 7.5 61.5 0.9899 0.00 0.0M
234240.100 1979 COM2 64 0R0 299 2.9 7.5 61.2 0.9898 0.00 0.0M
234300.000 1979 COM2 64 0R0 256 1.1 7.5 61.3 0.9898 0.00 0.0M
234360.100 1979 COM2 64 0R0 245 2.5 7.4 62.0 0.9899 0.00 0.0M
234420.000 1979 COM2 64 0R0 264 0.9 7.5 61.7 0.9898 0.00 0.0M
234480.000 1979 COM2 64 0R0 253 2.0 7.5 61.5 0.9898 0.00 0.0M
234540.000 1979 COM2 64 0R0 235 2.2 7.5 61.5 0.9898 0.00 0.0M
234600.000 1979 COM2 64 0R0 217 4.4 7.5 61.2 0.9897 0.00 0.0M
234660.000 1979 COM2 64 0R0 234 1.8 7.5 61.4 0.9897 0.00 0.0M
234720.000 1979 COM2 64 0R0 248 2.4 7.4 61.3 0.9897 0.00 0.0M
234780.000 1979 COM2 64 0R0 239 3.6 7.4 61.4 0.9897 0.00 0.0M
234840.000 1979 COM2 64 0R0 238 3.0 7.4 61.1 0.9897 0.00 0.0M
234900.000 1979 COM2 64 0R0 253 2.3 7.4 61.0 0.9898 0.00 0.0M
234960.000 1979 COM2 64 0R0 241 3.5 7.4 61.5 0.9897 0.00 0.0M
235020.000 1979 COM2 64 0R0 220 3.7 7.4 62.2 0.9897 0.00 0.0M
235080.000 1979 COM2 64 0R0 190 3.0 7.4 61.5 0.9897 0.00 0.0M
235140.000 1979 COM2 64 0R0 191 3.4 7.3 62.5 0.9897 0.00 0.0M
235200.000 1979 COM2 64 0R0 232 4.1 7.3 61.9 0.9897 0.01 0.0M
235260.000 1979 COM2 64 0R0 178 2.2 7.2 62.3 0.9897 0.00 0.0M
235320.000 1979 COM2 64 0R0 284 2.3 7.2 62.8 0.9897 0.00 0.0M
235380.000 1979 COM2 64 0R0 255 3.5 7.1 63.3 0.9897 0.01 0.0M
235440.000 1979 COM2 64 0R0 276 1.8 7.1 63.6 0.9897 0.00 0.0M
235500.000 1979 COM2 64 0R0 204 1.5 7.1 65.2 0.9896 0.01 0.0M
235560.000 1979 COM2 64 0R0 244 1.4 7.1 64.7 0.9896 0.00 0.0M
235620.000 1979 COM2 64 0R0 303 3.3 7.1 63.2 0.9896 0.01 0.0M
235680.000 1979 COM2 64 0R0 253 4.6 7.0 62.8 0.9896 0.00 0.0M
235740.000 1979 COM2 64 0R0 238 1.5 6.9 64.0 0.9896 0.00 0.0M
235800.000 1979 COM2 64 0R0 271 1.3 6.9 64.0 0.9896 0.01 0.0M
235860.000 1979 COM2 64 0R0 244 0.4 6.8 65.2 0.9895 0.01 0.0M
235920.000 1979 COM2 64 0R0 225 1.0 6.8 65.7 0.9894 0.00 0.0M
235980.000 1979 COM2 64 0R0 143 0.7 6.8 65.2 0.9894 0.00 0.0M
236040.000 1979 COM2 64 0R0 203 1.8 6.8 65.5 0.9893 0.00 0.0M
236100.000 1979 COM2 64 0R0 101 0.5 6.7 65.1 0.9893 0.00 0.0M
236160.000 1979 COM2 64 0R0 240 0.3 6.8 67.4 0.9893 0.00 0.0M
236220.000 1979 COM2 64 0R0 048 0.4 6.8 68.4 0.9893 0.00 0.0M
236280.000 1979 COM2 64 0R0 126 0.5 6.9 66.8 0.9891 0.00 0.0M
236340.000 1979 COM2 64 0R0 264 1.2 6.9 66.1 0.9891 0.00 0.0M
236400.000 1979 COM2 64 0R0 274 1.7 7.0 66.6 0.9891 0.00 0.0M
236460.000 1979 COM2 64 0R0 296 0.7 7.0 62.5 0.9891 0.00 0.0M
236520.000 1979 COM2 64 0R0 251 0.3 7.0 62.3 0.9891 0.00 0.0M
236580.000 1979 COM2 64 0R0 270 0.5 6.9 62.5 0.9891 0.00 0.0M
236640.000 1979 COM2 64 0R0 355 0.2 6.9 63.2 0.9891 0.00 0.0M
236700.000 1979 COM2 64 0R0 334 0.2 7.0 63.2 0.9891 0.00 0.0M
236760.000 1979 COM2 64 0R0 306 0.7 7.0 63.2 0.9891 0.00 0.0M
236820.000 1979 COM2 64 0R0 285 1.2 7.1 61.4 0.9892 0.00 0.0M
236880.000 1979 COM2 64 0R0 227 0.5 7.1 62.3 0.9892 0.00 0.0M
236940.000 1979 COM2 64 0R0 247 1.0 7.1 63.4 0.9891 0.00 0.0M
237000.000 1979 COM2 64 0R0 203 0.6 7.1 64.6 0.9892 0.00 0.0M
237060.000 1979 COM2 64 0R0 224 0.4 7.1 64.4 0.9891 0.00 0.0M
237120.000 1979 COM2 64 0R0 276 1.2 7.1 64.4 0.9891 0.00 0.0M
237180.000 1979 COM2 64 0R0 260 2.0 7.2 63.5 0.9891 0.00 0.0M
237240.000 1979 COM2 64 0R0 317 1.6 7.2 64.1 0.9892 0.00 0.0M
237300.000 1979 COM2 64 0R0 250 0.9 7.2 62.5 0.9891 0.00 0.0M
237360.000 1979 COM2 64 0R0 206 0.9 7.2 61.9 0.9891 0.00 0.0M
237420.000 1979 COM2 64 0R0 301 0.3 7.2 64.6 0.9890 0.00 0.0M
237480.000 1979 COM2 64 0R0 147 0.4 7.3 65.6 0.9890 0.00 0.0M
237540.000 1979 COM2 64 0R0 244 2.1 7.3 63.6 0.9890 0.00 0.0M
237600.000 1979 COM2 64 0R0 205 1.7 7.3 61.6 0.9890 0.00 0.0M
237660.000 1979 COM2 64 0R0 197 1.7 7.4 62.0 0.9889 0.00 0.0M
237720.000 1979 COM2 64 0R0 208 1.0 7.3 62.2 0.9889 0.00 0.0M
237780.000 1979 COM2 64 0R0 358 0.4 7.3 63.0 0.9889 0.00 0.0M
237840.000 1979 COM2 64 0R0 201 0.3 7.4 61.6 0.9888 0.00 0.0M
237900.000 1979 COM2 64 0R0 228 1.6 7.4 62.3 0.9888 0.00 0.0M
237960.000 1979 COM2 64 0R0 235 2.4 7.5 61.0 0.9888 0.00 0.0M
238020.000 1979 COM2 64 0R0 205 0.5 7.5 60.3 0.9887 0.00 0.0M
238080.000 1979 COM2 64 0R0 182 1.2 7.5 60.9 0.9887 0.00 0.0M
238140.000 1979 COM2 64 0R0 188 2.8 7.5 63.0 0.9887 0.00 0.0M
238200.000 1979 COM2 64 0R0 187 2.8 7.6 60.2 0.9886 0.00 0.0M
238260.000 1979 COM2 64 0R0 159 0.7 7.6 61.1 0.9886 0.00 0.0M
238320.000 1979 COM2 64 0R0 274 1.1 7.6 61.9 0.9886 0.00 0.0M
238380.000 1979 COM2 64 0R0 228 0.9 7.6 60.2 0.9886 0.00 0.0M
238440.000 1979 COM2 64 0R0 226 2.2 7.7 58.8 0.9887 0.00 0.0M
238500.000 1979 COM2 64 0R0 183 2.8 7.7 60.0 0.9887 0.00 0.0M
238560.000 1979 COM2 64 0R0 225 2.1 7.6 59.6 0.9887 0.00 0.0M
238620.000 1979 COM2 64 0R0 240 0.9 7.6 60.7 0.9887 0.00 0.0M
238680.000 1979 COM2 64 0R0 213 1.4 7.5 60.9 0.9887 0.00 0.0M
238740.000 1979 COM2 64 0R0 235 0.5 7.5 61.0 0.9887 0.00 0.0M
238800.000 1979 COM2 64 0R0 274 1.2 7.6 60.8 0.9887 0.00 0.0M
238860.000 1979 COM2 64 0R0 210 2.1 7.6 60.1 0.9887 0.00 0.0M
238920.000 1979 COM2 64 0R0 281 2.2 7.6 58.9 0.9887 0.00 0.0M
238980.000 1979 COM2 64 0R0 275 2.1 7.6 59.2 0.9887 0.00 0.0M
239040.000 1979 COM2 64 0R0 288 0.7 7.6 59.2 0.9888 0.00 0.0M
239100.000 1979 COM2 64 0R0 253 2.2 7.6 59.8 0.9887 0.00 0.0M
239160.000 1979 COM2 64 0R0 268 1.2 7.6 59.0 0.9888 0.00 0.0M
239220.000 1979 COM2 64 0R0 237 1.7 7.6 59.1 0.9887 0.00 0.0M
239280.000 1979 COM2 64 0R0 266 2.3 7.6 59.6 0.9887 0.00 0.0M
239340.000 1979 COM2 64 0R0 239 2.5 7.6 59.0 0.9888 0.00 0.0M
239400.000 1979 COM2 64 0R0 244 2.0 7.6 59.5 0.9888 0.00 0.0M
239460.000 1979 COM2 64 0R0 236 2.4 7.6 59.0 0.9888 0.00 0.0M
239520.000 1979 COM2 64 0R0 202 1.8 7.6 59.4 0.9888 0.00 0.0M
239580.000 1979 COM2 64 0R0 283 1.3 7.6 60.0 0.9888 0.00 0.0M
239640.000 1979 COM2 64 0R0 257 1.3 7.6 59.1 0.9888 0.00 0.0M
239700.000 1979 COM2 64 0R0 217 1.2 7.6 58.9 0.9888 0.00 0.0M
239760.000 1979 COM2 64 0R0 208 1.5 7.6 60.0 0.9888 0.00 0.0M
239820.000 1979 COM2 64 0R0 244 3.1 7.6 59.8 0.9888 0.00 0.0M
239880.000 1979 COM2 64 0R0 265 2.0 7.6 57.9 0.9887 0.00 0.0M
239940.000 1979 COM2 64 0R0 259 4.4 7.6 55.8 0.9888 0.00 0.0M
240000.000 1979 COM2 64 0R0 252 2.6 7.5 56.8 0.9887 0.00 0.0M
240060.000 1979 COM2 64 0R0 243 3.7 7.5 56.6 0.9888 0.00 0.0M
240120.000 1979 COM2 64 0R0 257 4.0 7.4 57.3 0.9888 0.00 0.0M
240180.000 1979 COM2 64 0R0 276 1.8 7.4 56.0 0.9887 0.00 0.0M
240240.000 1979 COM2 64 0R0 244 3.5 7.4 56.4 0.9888 0.00 0.0M
240300.000 1979 COM2 64 0R0 103 0.8 7.3 57.0 0.9888 0.00 0.0M
240360.000 1979 COM2 64 0R0 328 3.1 7.3 57.0 0.9887 0.00 0.0M
240420.000 1979 COM2 64 0R0 285 2.3 7.3 57.3 0.9888 0.00 0.0M
240480.000 1979 COM2 64 0R0 275 1.7 7.2 57.0 0.9888 0.00 0.0M
240540.000 1979 COM2 64 0R0 286 3.1 7.2 57.1 0.9888 0.00 0.0M
240600.000 1979 COM2 64 0R0 279 2.0 7.2 56.7 0.9887 0.00 0.0M
240660.000 1979 COM2 64 0R0 288 2.6 7.1 56.9 0.9887 0.00 0.0M
240720.000 1979 COM2 64 0R0 266 0.8 7.1 57.8 0.9887 0.00 0.0M
240780.000 1979 COM2 64 0R0 302 1.6 7.1 57.5 0.9887 0.00 0.0M
240840.000 1979 COM2 64 0R0 290 2.9 7.1 57.5 0.9887 0.00 0.0M
240900.000 1979 COM2 64 0R0 277 3.2 7.1 57.1 0.9887 0.00 0.0M
240960.000 1979 COM2 64 0R0 308 1.1 7.1 56.7 0.9886 0.00 0.0M
241020.000 1979 COM2 64 0R0 249 3.1 7.1 58.0 0.9886 0.00 0.0M
241080.000 1979 COM2 64 0R0 259 1.0 7.1 58.1 0.9886 0.00 0.0M
241140.000 1979 COM2 64 0R0 280 4.3 7.1 56.9 0.9885 0.00 0.0M
241200.000 1979 COM2 64 0R0 282 1.8 7.1 56.9 0.9885 0.00 0.0M
241260.000 1979 COM2 64 0R0 201 0.8 7.1 56.5 0.9885 0.00 0.0M
241320.000 1979 COM2 64 0R0 227 1.2 7.0 57.5 0.9885 0.00 0.0M
241380.000 1979 COM2 64 0R0 297 1.2 7.0 56.7 0.9884 0.00 0.0M
241440.000 1979 COM2 64 0R0 295 2.0 7.0 56.4 0.9885 0.00 0.0M
241500.000 1979 COM2 64 0R0 286 1.7 7.0 57.4 0.9885 0.00 0.0M
241560.000 1979 COM2 64 0R0 137 0.7 7.1 56.4 0.9885 0.00 0.0M
241620.000 1979 COM2 64 0R0 250 1.6 7.1 57.0 0.9885 0.00 0.0M
241680.000 1979 COM2 64 0R0 275 5.3 7.1 56.7 0.9884 0.00 0.0M
241740.000 1979 COM2 64 0R0 271 3.0 7.1 56.1 0.9885 0.00 0.0M
241800.000 1979 COM2 64 0R0 310 2.1 7.1 56.5 0.9885 0.00 0.0M
241860.000 1979 COM2 64 0R0 257 2.0 7.1 55.4 0.9885 0.00 0.0M
241920.000 1979 COM2 64 0R0 286 3.2 7.1 55.7 0.9885 0.00 0.0M
241980.000 1979 COM2 64 0R0 231 0.8 7.1 55.7 0.9886 0.00 0.0M
242040.000 1979 COM2 64 0R0 264 1.8 7.1 56.1 0.9886 0.00 0.0M
242100.000 1979 COM2 64 0R0 291 3.0 7.1 56.6 0.9886 0.00 0.0M
242160.000 1979 COM2 64 0R0 295 0.8 7.1 56.0 0.9886 0.00 0.0M
242220.000 1979 COM2 64 0R0 274 3.9 7.1 55.5 0.9885 0.00 0.0M
242280.000 1979 COM2 64 0R0 260 1.7 7.1 56.1 0.9885 0.00 0.0M
242340.000 1979 COM2 64 0R0 275 3.5 7.1 56.4 0.9885 0.00 0.0M
242400.000 1979 COM2 64 0R0 310 1.4 7.0 56.5 0.9885 0.00 0.0M
242460.000 1979 COM2 64 0R0 288 2.7 7.0 56.6 0.9885 0.00 0.0M
242520.000 1979 COM2 64 0R0 309 3.3 7.0 56.3 0.9885 0.00 0.0M
242580.000 1979 COM2 64 0R0 290 2.2 6.9 56.8 0.9884 0.00 0.0M
242640.000 1979 COM2 64 0R0 314 1.5 6.8 57.0 0.9883 0.00 0.0M
242700.000 1979 COM2 64 0R0 260 2.0 6.8 57.7 0.9884 0.00 0.0M
242760.000 1979 COM2 64 0R0 248 0.8 6.8 56.8 0.9884 0.00 0.0M
242820.000 1979 COM2 64 0R0 269 2.5 6.8 57.9 0.9884 0.00 0.0M
242880.000 1979 COM2 64 0R0 267 2.0 6.8 57.8 0.9884 0.00 0.0M
242940.000 1979 COM2 64 0R0 279 3.3 6.8 57.8 0.9884 0.00 0.0M
243000.000 1979 COM2 64 0R0 259 2.3 6.8 58.0 0.9884 0.00 0.0M
243060.000 1979 COM2 64 0R0 252 2.0 6.8 57.6 0.9884 0.00 0.0M
243120.000 1979 COM2 64 0R0 290 3.5 6.8 57.9 0.9884 0.00 0.0M
243180.000 1979 COM2 64 0R0 276 3.5 6.8 57.2 0.9883 0.00 0.0M
243240.000 1979 COM2 64 0R0 270 4.2 6.8 57.0 0.9884 0.00 0.0M
243300.000 1979 COM2 64 0R0 277 1.8 6.8 57.4 0.9884 0.00 0.0M
243360.000 1979 COM2 64 0R0 213 1.3 6.7 58.1 0.9884 0.00 0.0M
243420.000 1979 COM2 64 0R0 241 2.4 6.7 58.1 0.9884 0.00 0.0M
243480.000 1979 COM2 64 0R0 252 4.2 6.8 58.1 0.9884 0.00 0.0M
243540.000 1979 COM2 64 0R0 268 1.1 6.8 57.6 0.9884 0.00 0.0M
243600.000 1979 COM2 64 0R0 293 2.5 6.8 57.9 0.9884 0.00 0.0M
243660.000 1979 COM2 64 0R0 262 2.8 6.8 57.5 0.9884 0.00 0.0M
243720.000 1979 COM2 64 0R0 292 2.7 6.8 57.9 0.9884 0.00 0.0M
243780.000 1979 COM2 64 0R0 282 2.7 6.8 57.1 0.9884 0.00 0.0M
243840.000 1979 COM2 64 0R0 237 2.6 6.8 57.6 0.9884 0.00 0.0M
243900.000 1979 COM2 64 0R0 207 1.3 6.8 57.9 0.9884 0.00 0.0M
243960.000 1979 COM2 64 0R0 248 2.2 6.8 57.5 0.9884 0.00 0.0M
244020.000 1979 COM2 64 0R0 251 2.2 6.8 57.9 0.9884 0.00 0.0M
244080.000 1979 COM2 64 0R0 311 2.4 6.8 57.7 0.9885 0.00 0.0M
244140.000 1979 COM2 64 0R0 273 2.5 6.8 58.2 0.9885 0.00 0.0M
244200.000 1979 COM2 64 0R0 270 4.1 6.7 58.1 0.9884 0.00 0.0M
244260.000 1979 COM2 64 0R0 267 2.4 6.6 58.9 0.9885 0.00 0.0M
244320.000 1979 COM2 64 0R0 264 1.4 6.6 58.8 0.9884 0.00 0.0M
244380.000 1979 COM2 64 0R0 223 3.2 6.5 60.1 0.9884 0.00 0.0M
244440.000 1979 COM2 64 0R0 224 1.2 6.5 60.0 0.9884 0.00 0.0M
244500.000 1979 COM2 64 0R0 293 1.6 6.5 59.9 0.9884 0.00 0.0M
244560.000 1979 COM2 64 0R0 286 3.4 6.5 60.7 0.9885 0.00 0.0M
244620.000 1979 COM2 64 0R0 012 0.9 6.5 59.5 0.9884 0.00 0.0M
244680.000 1979 COM2 64 0R0 261 2.7 6.5 60.4 0.9884 0.00 0.0M
244740.000 1979 COM2 64 0R0 273 1.9 6.4 60.8 0.9884 0.00 0.0M
244800.000 1979 COM2 64 0R0 262 1.5 6.4 60.8 0.9884 0.00 0.0M
244860.000 1979 COM2 64 0R0 280 2.3 6.4 60.7 0.9883 0.00 0.0M
244920.000 1979 COM2 64 0R0 279 2.2 6.4 60.5 0.9884 0.00 0.0M
244980.000 1979 COM2 64 0R0 300 2.9 6.4 60.1 0.9883 0.00 0.0M
245040.000 1979 COM2 64 0R0 251 0.5 6.4 59.2 0.9883 0.00 0.0M
245100.000 1979 COM2 64 0R0 317 2.5 6.3 60.1 0.9883 0.00 0.0M
245160.000 1979 COM2 64 0R0 263 1.5 6.3 60.2 0.9883 0.00 0.0M
245220.000 1979 COM2 64 0R0 263 0.8 6.3 60.7 0.9883 0.00 0.0M
245280.000 1979 COM2 64 0R0 271 1.1 6.3 60.7 0.9883 0.00 0.0M
245340.000 1979 COM2 64 0R0 242 1.6 6.3 60.6 0.9882 0.00 0.0M
245400.000 1979 COM2 64 0R0 253 2.0 6.3 60.9 0.9883 0.00 0.0M
245460.000 1979 COM2 64 0R0 286 3.4 6.3 60.5 0.9883 0.00 0.0M
245520.000 1979 COM2 64 0R0 278 1.8 6.3 60.1 0.9882 0.00 0.0M
245580.000 1979 COM2 64 0R0 263 3.4 6.3 60.3 0.9882 0.00 0.0M
245640.000 1979 COM2 64 0R0 278 4.7 6.2 60.0 0.9883 0.00 0.0M
245700.000 1979 COM2 64 0R0 274 2.1 6.2 60.3 0.9883 0.00 0.0M
245760.000 1979 COM2 64 0R0 283 2.6 6.2 60.3 0.9882 0.00 0.0M
245820.000 1979 COM2 64 0R0 270 2.8 6.2 60.9 0.9882 0.00 0.0M
245880.000 1979 COM2 64 0R0 265 3.4 6.3 60.1 0.9882 0.00 0.0M
245940.000 1979 COM2 64 0R0 283 2.9 6.3 60.3 0.9882 0.00 0.0M
246000.000 1979 COM2 64 0R0 206 0.9 6.2 60.7 0.9882 0.00 0.0M
246060.000 1979 COM2 64 0R0 291 3.1 6.2 60.2 0.9883 0.00 0.0M
246120.000 1979 COM2 64 0R0 262 1.0 6.2 60.9 0.9882 0.00 0.0M
246180.000 1979 COM2 64 0R0 265 3.1 6.2 60.6 0.9882 0.00 0.0M
246240.000 1979 COM2 64 0R0 285 4.0 6.2 60.2 0.9882 0.00 0.0M
246300.000 1979 COM2 64 0R0 282 1.9 6.2 60.6 0.9882 0.00 0.0M
246360.000 1979 COM2 64 0R0 262 4.8 6.2 60.8 0.9882 0.00 0.0M
246420.000 1979 COM2 64 0R0 316 1.7 6.1 61.3 0.9882 0.00 0.0M
246480.000 1979 COM2 64 0R0 269 4.0 6.1 60.9 0.9883 0.00 0.0M
246540.000 1979 COM2 64 0R0 292 4.4 6.1 60.8 0.9882 0.00 0.0M
246600.000 1979 COM2 64 0R0 294 3.6 6.1 60.8 0.9882 0.00 0.0M
246660.000 1979 COM2 64 0R0 193 1.0 6.1 61.0 0.9882 0.00 0.0M
246720.000 1979 COM2 64 0R0 271 3.2 6.0 61.8 0.9882 0.00 0.0M
246780.000 1979 COM2 64 0R0 244 1.8 6.0 61.7 0.9881 0.00 0.0M
246840.000 1979 COM2 64 0R0 243 3.3 6.0 61.7 0.9882 0.00 0.0M
246900.000 1979 COM2 64 0R0 263 3.5 6.0 62.2 0.9882 0.00 0.0M
246960.000 1979 COM2 64 0R0 295 3.3 6.0 62.4 0.9882 0.00 0.0M
247020.000 1979 COM2 64 0R0 281 4.0 6.0 62.0 0.9881 0.00 0.0M
247080.000 1979 COM2 64 0R0 282 2.7 6.0 62.2 0.9882 0.00 0.0M
247140.000 1979 COM2 64 0R0 221 0.9 5.9 62.5 0.9882 0.00 0.0M
247200.000 1979 COM2 64 0R0 289 4.2 5.9 62.9 0.9882 0.00 0.0M
247260.000 1979 COM2 64 0R0 268 2.5 5.9 63.0 0.9882 0.00 0.0M
247320.000 1979 COM2 64 0R0 282 2.9 5.9 62.8 0.9882 0.00 0.0M
247380.000 1979 COM2 64 0R0 186 0.9 5.9 63.0 0.9882 0.00 0.0M
247440.000 1979 COM2 64 0R0 290 3.3 5.9 63.0 0.9882 0.00 0.0M
247500.000 1979 COM2 64 0R0 291 3.1 5.9 63.0 0.9882 0.00 0.0M
247560.000 1979 COM2 64 0R0 255 1.5 5.9 62.9 0.9882 0.00 0.0M
247620.000 1979 COM2 64 0R0 276 2.8 5.9 63.2 0.9882 0.00 0.0M
247680.000 1979 COM2 64 0R0 262 3.9 5.9 63.3 0.9882 0.00 0.0M
247740.000 1979 COM2 64 0R0 258 1.8 5.9 63.3 0.9883 0.00 0.0M
247800.000 1979 COM2 64 0R0 257 2.3 5.8 63.0 0.9883 0.00 0.0M
247860.000 1979 COM2 64 0R0 247 1.7 5.8 63.6 0.9883 0.00 0.0M
247920.000 1979 COM2 64 0R0 273 2.3 5.8 63.5 0.9883 0.00 0.0M
247980.000 1979 COM2 64 0R0 274 1.8 5.8 63.6 0.9882 0.00 0.0M
248040.000 1979 COM2 64 0R0 234 1.5 5.8 63.8 0.9882 0.00 0.0M
248100.000 1979 COM2 64 0R0 300 1.4 5.8 63.9 0.9882 0.00 0.0M
248160.000 1979 COM2 64 0R0 279 1.3 5.8 64.1 0.9883 0.00 0.0M
248220.000 1979 COM2 64 0R0 262 2.0 5.8 63.6 0.9882 0.00 0.0M
248280.000 1979 COM2 64 0R0 283 0.7 5.8 64.4 0.9882 0.00 0.0M
248340.000 1979 COM2 64 0R0 274 1.4 5.8 63.9 0.9882 0.00 0.0M
248400.000 1979 COM2 64 0R0 280 3.8 5.8 64.1 0.9882 0.00 0.0M
248460.000 1979 COM2 64 0R0 259 1.9 5.8 64.5 0.9883 0.00 0.0M
248520.000 1979 COM2 64 0R0 272 2.0 5.8 64.2 0.9883 0.00 0.0M
248580.000 1979 COM2 64 0R0 286 1.7 5.8 64.7 0.9883 0.00 0.0M
248640.000 1979 COM2 64 0R0 275 1.9 5.8 64.3 0.9882 0.00 0.0M
248700.000 1979 COM2 64 0R0 297 2.1 5.8 64.4 0.9883 0.00 0.0M
248760.000 1979 COM2 64 0R0 305 1.5 5.7 65.4 0.9883 0.00 0.0M
248820.000 1979 COM2 64 0R0 281 3.7 5.7 64.9 0.9883 0.00 0.0M
248880.000 1979 COM2 64 0R0 277 3.1 5.7 64.9 0.9883 0.00 0.0M
248940.000 1979 COM2 64 0R0 257 4.0 5.7 65.1 0.9883 0.00 0.0M
249000.000 1979 COM2 64 0R0 269 3.6 5.7 65.0 0.9883 0.00 0.0M
249060.000 1979 COM2 64 0R0 288 2.4 5.7 64.8 0.9884 0.00 0.0M
249120.000 1979 COM2 64 0R0 226 1.6 5.7 65.3 0.9885 0.00 0.0M
249180.000 1979 COM2 64 0R0 308 1.7 5.7 65.3 0.9884 0.00 0.0M
249240.000 1979 COM2 64 0R0 284 3.4 5.7 65.0 0.9885 0.00 0.0M
249300.000 1979 COM2 64 0R0 221 1.3 5.7 65.4 0.9885 0.00 0.0M
249360.000 1979 COM2 64 0R0 251 2.3 5.7 65.6 0.9885 0.00 0.0M
249420.000 1979 COM2 64 0R0 253 1.7 5.7 65.4 0.9884 0.00 0.0M
249480.000 1979 COM2 64 0R0 248 1.3 5.7 65.7 0.9885 0.00 0.0M
249540.000 1979 COM2 64 0R0 261 3.1 5.7 65.7 0.9885 0.00 0.0M
249600.000 1979 COM2 64 0R0 253 5.5 5.6 65.6 0.9885 0.00 0.0M
249660.000 1979 COM2 64 0R0 251 3.5 5.6 64.6 0.9885 0.00 0.0M
249720.000 1979 COM2 64 0R0 277 1.8 5.6 64.5 0.9885 0.00 0.0M
249780.000 1979 COM2 64 0R0 274 1.2 5.6 63.9 0.9885 0.00 0.0M
249840.000 1979 COM2 64 0R0 270 2.9 5.6 64.0 0.9885 0.00 0.0M
249900.000 1979 COM2 64 0R0 299 1.5 5.6 63.8 0.9886 0.00 0.0M
249960.000 1979 COM2 64 0R0 283 4.2 5.6 63.7 0.9886 0.00 0.0M
250020.000 1979 COM2 64 0R0 283 6.6 5.6 63.5 0.9886 0.00 0.0M
250080.000 1979 COM2 64 0R0 274 3.3 5.6 63.1 0.9886 0.00 0.0M
250140.000 1979 COM2 64 0R0 307 1.6 5.6 63.3 0.9886 0.00 0.0M
250200.000 1979 COM2 64 0R0 304 2.9 5.6 63.0 0.9886 0.00 0.0M
250260.000 1979 COM2 64 0R0 249 6.5 5.6 62.1 0.9887 0.00 0.0M
250320.000 1979 COM2 64 0R0 280 5.8 5.6 61.9 0.9887 0.00 0.0M
250380.000 1979 COM2 64 0R0 251 5.7 5.6 61.8 0.9887 0.00 0.0M
250440.000 1979 COM2 64 0R0 238 1.8 5.6 60.8 0.9887 0.00 0.0M
250500.000 1979 COM2 64 0R0 273 2.0 5.5 61.0 0.9888 0.00 0.0M
250560.000 1979 COM2 64 0R0 276 2.5 5.5 61.0 0.9888 0.00 0.0M
250620.000 1979 COM2 64 0R0 270 3.3 5.5 61.3 0.9888 0.00 0.0M
250680.000 1979 COM2 64 0R0 304 1.6 5.5 61.2 0.9888 0.00 0.0M
250740.000 1979 COM2 64 0R0 267 3.6 5.5 61.2 0.9888 0.00 0.0M
250800.000 1979 COM2 64 0R0 297 5.1 5.4 61.5 0.9888 0.00 0.0M
250860.000 1979 COM2 64 0R0 278 4.8 5.4 60.9 0.9888 0.00 0.0M
250920.000 1979 COM2 64 0R0 276 3.2 5.4 61.0 0.9888 0.00 0.0M
250980.000 1979 COM2 64 0R0 263 2.6 5.4 61.4 0.9888 0.00 0.0M
251040.000 1979 COM2 64 0R0 292 4.6 5.4 61.5 0.9889 0.00 0.0M
251100.000 1979 COM2 64 0R0 268 1.6 5.3 61.2 0.9889 0.00 0.0M
251160.000 1979 COM2 64 0R0 300 0.9 5.3 61.4 0.9889 0.00 0.0M
251220.000 1979 COM2 64 0R0 271 2.5 5.3 62.0 0.9889 0.00 0.0M
251280.000 1979 COM2 64 0R0 289 1.7 5.3 61.7 0.9889 0.00 0.0M
251340.000 1979 COM2 64 0R0 295 2.8 5.3 62.0 0.9889 0.00 0.0M
251400.000 1979 COM2 64 0R0 267 3.0 5.3 62.0 0.9889 0.00 0.0M
251460.000 1979 COM2 64 0R0 282 1.4 5.3 61.7 0.9889 0.00 0.0M
251520.000 1979 COM2 64 0R0 272 3.2 5.3 62.2 0.9889 0.00 0.0M
251580.000 1979 COM2 64 0R0 266 1.6 5.4 61.4 0.9889 0.00 0.0M
251640.000 1979 COM2 64 0R0 256 2.0 5.3 61.1 0.9889 0.00 0.0M
251700.000 1979 COM2 64 0R0 287 2.0 5.3 61.5 0.9890 0.00 0.0M
251760.000 1979 COM2 64 0R0 248 3.4 5.3 61.6 0.9890 0.00 0.0M
251820.000 1979 COM2 64 0R0 264 2.6 5.3 61.8 0.9890 0.00 0.0M
251880.000 1979 COM2 64 0R0 242 0.8 5.3 61.7 0.9891 0.00 0.0M
251940.000 1979 COM2 64 0R0 293 4.4 5.3 61.9 0.9892 0.00 0.0M
252000.000 1979 COM2 64 0R0 263 2.1 5.3 61.8 0.9892 0.00 0.0M
252060.000 1979 COM2 64 0R0 253 1.2 5.2 62.1 0.9892 0.00 0.0M
252120.000 1979 COM2 64 0R0 285 1.5 5.2 61.8 0.9892 0.00 0.0M
252180.000 1979 COM2 64 0R0 295 2.0 5.3 61.8 0.9892 0.00 0.0M
252240.000 1979 COM2 64 0R0 296 1.4 5.3 62.0 0.9892 0.00 0.0M
252300.000 1979 COM2 64 0R0 297 1.0 5.3 61.9 0.9892 0.00 0.0M
252360.000 1979 COM2 64 0R0 281 3.2 5.3 61.8 0.9892 0.00 0.0M
252420.000 1979 COM2 64 0R0 267 2.1 5.3 61.9 0.9892 0.00 0.0M
252480.000 1979 COM2 64 0R0 284 1.1 5.2 62.1 0.9892 0.00 0.0M
252540.000 1979 COM2 64 0R0 270 2.7 5.2 62.5 0.9893 0.00 0.0M
252600.000 1979 COM2 64 0R0 279 3.8 5.3 62.2 0.9893 0.00 0.0M
252660.000 1979 COM2 64 0R0 287 2.8 5.2 62.2 0.9893 0.00 0.0M
252720.000 1979 COM2 64 0R0 274 2.4 5.2 62.5 0.9893 0.00 0.0M
252780.000 1979 COM2 64 0R0 237 0.7 5.2 62.2 0.9893 0.00 0.0M
252840.000 1979 COM2 64 0R0 261 3.8 5.2 62.6 0.9893 0.00 0.0M
252900.000 1979 COM2 64 0R0 275 2.5 5.2 62.7 0.9893 0.00 0.0M
252960.000 1979 COM2 64 0R0 249 3.5 5.2 62.4 0.9893 0.00 0.0M
253020.000 1979 COM2 64 0R0 275 2.4 5.2 62.7 0.9893 0.00 0.0M
253080.000 1979 COM2 64 0R0 306 2.9 5.1 62.7 0.9893 0.00 0.0M
253140.000 1979 COM2 64 0R0 283 2.5 5.1 62.4 0.9893 0.00 0.0M
253200.000 1979 COM2 64 0R0 269 0.7 5.1 62.8 0.9893 0.00 0.0M
253260.000 1979 COM2 64 0R0 280 2.5 5.2 62.9 0.9893 0.00 0.0M
253320.000 1979 COM2 64 0R0 313 0.5 5.2 62.1 0.9893 0.00 0.0M
253380.000 1979 COM2 64 0R0 313 2.0 5.1 62.4 0.9893 0.00 0.0M
253440.000 1979 COM2 64 0R0 265 1.2 5.1 62.3 0.9893 0.00 0.0M
253500.000 1979 COM2 64 0R0 268 1.9 5.1 62.7 0.9893 0.00 0.0M
253560.000 1979 COM2 64 0R0 275 3.5 5.1 62.8 0.9893 0.00 0.0M
253620.000 1979 COM2 64 0R0 294 0.7 5.1 62.2 0.9893 0.00 0.0M
253680.000 1979 COM2 64 0R0 289 2.3 5.1 62.5 0.9892 0.00 0.0M
253740.000 1979 COM2 64 0R0 242 1.1 5.1 62.5 0.9893 0.00 0.0M
253800.000 1979 COM2 64 0R0 285 0.8 5.1 62.5 0.9892 0.00 0.0M
253860.000 1979 COM2 64 0R0 270 2.9 5.1 62.4 0.9892 0.00 0.0M
253920.000 1979 COM2 64 0R0 288 3.9 5.1 62.0 0.9893 0.00 0.0M
253980.000 1979 COM2 64 0R0 245 2.4 5.1 61.9 0.9893 0.00 0.0M
254040.000 1979 COM2 64 0R0 268 1.3 5.1 61.6 0.9893 0.00 0.0M
254100.000 1979 COM2 64 0R0 258 2.9 5.1 61.1 0.9893 0.00 0.0M
254160.000 1979 COM2 64 0R0 287 1.0 5.1 60.9 0.9893 0.00 0.0M
254220.000 1979 COM2 64 0R0 280 1.7 5.1 61.1 0.9893 0.00 0.0M
254280.000 1979 COM2 64 0R0 293 2.3 5.1 60.5 0.9893 0.00 0.0M
254340.000 1979 COM2 64 0R0 275 4.9 5.1 60.8 0.9893 0.00 0.0M
254400.000 1979 COM2 64 0R0 286 2.5 5.1 60.7 0.9893 0.00 0.0M
254460.000 1979 COM2 64 0R0 170 0.5 5.1 60.1 0.9893 0.00 0.0M
254520.000 1979 COM2 64 0R0 294 3.8 5.1 60.3 0.9893 0.00 0.0M
254580.000 1979 COM2 64 0R0 281 2.9 5.0 59.8 0.9893 0.00 0.0M
254640.000 1979 COM2 64 0R0 258 1.9 5.0 59.6 0.9894 0.00 0.0M
254700.000 1979 COM2 64 0R0 260 6.4 5.1 58.9 0.9893 0.00 0.0M
254760.000 1979 COM2 64 0R0 220 1.0 5.1 57.3 0.9893 0.00 0.0M
254820.000 1979 COM2 64 0R0 269 3.9 5.1 57.9 0.9893 0.00 0.0M
254880.000 1979 COM2 64 0R0 250 2.5 5.1 57.6 0.9893 0.00 0.0M
254940.000 1979 COM2 64 0R0 236 2.0 5.1 58.0 0.9893 0.00 0.0M
255000.000 1979 COM2 64 0R0 284 1.8 5.1 57.2 0.9893 0.00 0.0M
255060.000 1979 COM2 64 0R0 268 3.5 5.1 56.7 0.9893 0.00 0.0M
255120.000 1979 COM2 64 0R0 307 2.6 5.1 56.1 0.9892 0.00 0.0M
255180.000 1979 COM2 64 0R0 282 1.6 5.2 54.9 0.9893 0.00 0.0M
255240.000 1979 COM2 64 0R0 294 2.9 5.1 55.1 0.9893 0.00 0.0M
255300.000 1979 COM2 64 0R0 301 5.5 5.1 54.9 0.9893 0.00 0.0M
255360.000 1979 COM2 64 0R0 283 3.1 5.1 53.2 0.9892 0.00 0.0M
255420.000 1979 COM2 64 0R0 269 1.2 5.1 54.2 0.9893 0.00 0.0M
255480.000 1979 COM2 64 0R0 312 4.4 5.1 53.2 0.9893 0.00 0.0M
255540.000 1979 COM2 64 0R0 268 2.8 5.2 52.9 0.9893 0.00 0.0M
255600.000 1979 COM2 64 0R0 288 2.2 5.1 53.6 0.9892 0.00 0.0M
255660.000 1979 COM2 64 0R0 259 1.5 5.1 54.1 0.9893 0.00 0.0M
255720.000 1979 COM2 64 0R0 285 2.7 5.1 54.1 0.9893 0.00 0.0M
255780.000 1979 COM2 64 0R0 277 5.1 5.2 53.5 0.9893 0.00 0.0M
255840.000 1979 COM2 64 0R0 273 1.9 5.2 53.6 0.9893 0.00 0.0M
255900.000 1979 COM2 64 0R0 299 1.6 5.1 53.3 0.9893 0.00 0.0M
255960.000 1979 COM2 64 0R0 258 1.2 5.1 53.0 0.9894 0.00 0.0M
256020.000 1979 COM2 64 0R0 274 3.6 5.1 52.7 0.9894 0.00 0.0M
256080.000 1979 COM2 64 0R0 257 2.4 5.1 52.6 0.9894 0.00 0.0M
256140.000 1979 COM2 64 0R0 296 5.4 5.1 52.6 0.9894 0.00 0.0M
256200.000 1979 COM2 64 0R0 315 1.8 5.1 52.5 0.9893 0.00 0.0M
256260.000 1979 COM2 64 0R0 293 1.5 5.1 52.2 0.9894 0.00 0.0M
256320.000 1979 COM2 64 0R0 260 3.8 5.1 52.9 0.9894 0.00 0.0M
256380.000 1979 COM2 64 0R0 281 4.9 5.1 52.7 0.9894 0.00 0.0M
256440.000 1979 COM2 64 0R0 332 2.2 5.1 52.8 0.9894 0.00 0.0M
256500.000 1979 COM2 64 0R0 260 1.7 5.1 52.7 0.9894 0.00 0.0M
256560.000 1979 COM2 64 0R0 287 3.8 5.1 52.8 0.9894 0.00 0.0M
256620.000 1979 COM2 64 0R0 284 1.5 5.1 52.7 0.9894 0.00 0.0M
256680.000 1979 COM2 64 0R0 273 1.1 5.1 52.8 0.9894 0.00 0.0M
256740.000 1979 COM2 64 0R0 256 2.8 5.0 52.9 0.9894 0.00 0.0M
256800.000 1979 COM2 64 0R0 301 3.1 5.0 52.8 0.9894 0.00 0.0M
256860.000 1979 COM2 64 0R0 291 2.0 5.0 52.7 0.9894 0.00 0.0M
256920.000 1979 COM2 64 0R0 256 3.2 5.0 53.2 0.9894 0.00 0.0M
256980.000 1979 COM2 64 0R0 266 1.4 4.9 53.2 0.9894 0.00 0.0M
257040.000 1979 COM2 64 0R0 315 1.0 4.9 53.6 0.9894 0.00 0.0M
257100.000 1979 COM2 64 0R0 275 4.5 4.9 53.7 0.9895 0.00 0.0M
257160.000 1979 COM2 64 0R0 272 4.6 4.9 53.6 0.9895 0.00 0.0M
257220.000 1979 COM2 64 0R0 296 2.8 4.9 53.3 0.9895 0.00 0.0M
257280.000 1979 COM2 64 0R0 266 3.4 4.9 54.0 0.9895 0.00 0.0M
257340.000 1979 COM2 64 0R0 280 2.6 4.9 53.6 0.9895 0.00 0.0M
257400.000 1979 COM2 64 0R0 288 2.9 4.9 53.7 0.9896 0.00 0.0M
257460.000 1979 COM2 64 0R0 260 5.2 4.8 54.0 0.9894 0.00 0.0M
257520.000 1979 COM2 64 0R0 280 5.3 4.8 53.9 0.9896 0.00 0.0M
257580.000 1979 COM2 64 0R0 304 2.5 4.7 54.2 0.9896 0.00 0.0M
257640.000 1979 COM2 64 0R0 222 3.3 4.7 54.6 0.9896 0.00 0.0M
257700.000 1979 COM2 64 0R0 286 5.2 4.6 54.6 0.9897 0.00 0.0M
257760.000 1979 COM2 64 0R0 271 4.0 4.6 54.4 0.9897 0.00 0.0M
257820.000 1979 COM2 64 0R0 287 5.7 4.5 54.4 0.9897 0.00 0.0M
257880.000 1979 COM2 64 0R0 302 8.1 4.5 54.4 0.9897 0.00 0.0M
257940.000 1979 COM2 64 0R0 294 2.4 4.4 54.8 0.9897 0.00 0.0M
258000.000 1979 COM2 64 0R0 233 2.1 4.4 52.8 0.9899 0.00 0.0M
258060.000 1979 COM2 64 0R0 305 2.1 4.3 53.0 0.9899 0.00 0.0M
258120.000 1979 COM2 64 0R0 258 6.4 4.2 52.4 0.9900 0.00 0.0M
258180.000 1979 COM2 64 0R0 317 9.8 4.1 49.0 0.9896 0.00 0.0M
258240.000 1979 COM2 64 0R0 305 9.0 4.0 48.7 0.9898 0.00 0.0M
258300.000 1979 COM2 64 0R0 329 1.4 3.8 48.7 0.9899 0.00 0.0M
258360.000 1979 COM2 64 0R0 302 2.7 3.7 48.6 0.9900 0.00 0.0M
258420.000 1979 COM2 64 0R0 293 3.8 3.6 48.9 0.9901 0.00 0.0M
258480.000 1979 COM2 65 0R0 288 10.6 3.6 48.4 0.9899 0.00 0.0M
258540.000 1979 COM2 65 0R0 293 13.9 3.5 48.6 0.9899 0.00 0.0M
258600.000 1979 COM2 64 0R0 046 2.1 3.5 48.0 0.9900 0.00 0.0M
258660.000 1979 COM2 64 0R0 278 1.7 3.4 48.2 0.9901 0.00 0.0M
258720.000 1979 COM2 64 0R0 278 2.3 3.4 47.2 0.9901 0.00 0.0M
258780.000 1979 COM2 64 0R0 286 4.6 3.3 47.1 0.9903 0.00 0.0M
258840.000 1979 COM2 64 0R0 294 0.7 3.3 47.5 0.9903 0.00 0.0M
258900.000 1979 COM2 64 0R0 301 3.9 3.3 47.6 0.9904 0.00 0.0M
258960.000 1979 COM2 64 0R0 283 2.9 3.2 46.9 0.9904 0.00 0.0M
259020.000 1979 COM2 64 0R0 297 2.3 3.2 47.0 0.9904 0.00 0.0M
259080.000 1979 COM2 64 0R0 292 3.7 3.2 46.9 0.9903 0.00 0.0M
259140.000 1979 COM2 64 0R0 294 1.4 3.1 47.6 0.9904 0.00 0.0M
