TO [s] WNc [w] C StringLn ASCIIString
---------------------------------------
518400.000 1969 COM2 65 0R0 024 0.1 23.6 62.1 1.0092 0.00 0.0M
518460.000 1969 COM2 65 0R0 238 0.4 23.6 62.8 1.0092 0.00 0.0M
518520.000 1969 COM2 65 0R0 145 0.3 23.6 62.8 1.0092 0.00 0.0M
518580.000 1969 COM2 65 0R0 072 0.2 23.6 64.4 1.0092 0.00 0.0M
518640.100 1969 COM2 65 0R0 100 0.4 23.6 65.0 1.0092 0.00 0.0M
518700.000 1969 COM2 65 0R0 116 0.4 23.5 65.8 1.0092 0.00 0.0M
518760.100 1969 COM2 65 0R0 112 0.3 23.5 66.5 1.0092 0.00 0.0M
518820.000 1969 COM2 65 0R0 106 0.6 23.4 66.6 1.0092 0.00 0.0M
518880.000 1969 COM2 65 0R0 117 0.4 23.3 66.5 1.0092 0.00 0.0M
518940.000 1969 COM2 65 0R0 122 0.6 23.3 67.1 1.0092 0.00 0.0M
519000.100 1969 COM2 65 0R0 106 1.3 23.2 66.9 1.0092 0.00 0.0M
519060.000 1969 COM2 65 0R0 131 1.4 23.0 67.7 1.0092 0.00 0.0M
519120.000 1969 COM2 65 0R0 132 1.6 22.9 68.0 1.0093 0.00 0.0M
519180.000 1969 COM2 65 0R0 112 0.4 22.8 68.7 1.0093 0.00 0.0M
519240.000 1969 COM2 65 0R0 073 0.3 22.6 69.5 1.0093 0.00 0.0M
519300.000 1969 COM2 65 0R0 326 0.1 22.5 69.3 1.0093 0.00 0.0M
519360.000 1969 COM2 65 0R0 046 0.2 22.5 69.0 1.0094 0.00 0.0M
519420.000 1969 COM2 65 0R0 140 0.5 22.4 69.1 1.0094 0.00 0.0M
519480.000 1969 COM2 65 0R0 131 1.0 22.4 69.6 1.0094 0.00 0.0M
519540.000 1969 COM2 65 0R0 138 0.9 22.4 69.9 1.0094 0.00 0.0M
519600.000 1969 COM2 65 0R0 147 0.6 22.4 69.6 1.0094 0.00 0.0M
519660.000 1969 COM2 65 0R0 109 1.0 22.4 69.7 1.0094 0.00 0.0M
519720.000 1969 COM2 65 0R0 151 0.2 22.4 69.4 1.0094 0.00 0.0M
519780.000 1969 COM2 65 0R0 201 0.5 22.4 69.8 1.0095 0.00 0.0M
519840.000 1969 COM2 65 0R0 262 0.3 22.4 69.7 1.0095 0.00 0.0M
519900.000 1969 COM2 65 0R0 107 0.6 22.4 69.4 1.0095 0.00 0.0M
519960.000 1969 COM2 65 0R0 102 0.6 22.5 70.2 1.0096 0.00 0.0M
520020.000 1969 COM2 65 0R0 124 0.7 22.5 70.2 1.0096 0.00 0.0M
520080.000 1969 COM2 65 0R0 166 0.5 22.5 69.6 1.0096 0.00 0.0M
520140.000 1969 COM2 65 0R0 196 0.5 22.5 69.6 1.0096 0.00 0.0M
520200.000 1969 COM2 65 0R0 179 0.5 22.5 70.0 1.0096 0.00 0.0M
520260.000 1969 COM2 65 0R0 185 0.4 22.5 70.0 1.0096 0.00 0.0M
520320.100 1969 COM2 65 0R0 203 0.3 22.5 70.3 1.0095 0.00 0.0M
520380.100 1969 COM2 65 0R0 197 0.7 22.5 70.0 1.0095 0.00 0.0M
520440.100 1969 COM2 65 0R0 189 0.7 22.5 69.8 1.0095 0.00 0.0M
520500.000 1969 COM2 65 0R0 206 0.8 22.5 70.4 1.0095 0.00 0.0M
520560.000 1969 COM2 65 0R0 263 0.7 22.5 70.0 1.0095 0.00 0.0M
520620.000 1969 COM2 65 0R0 291 0.7 22.5 70.1 1.0096 0.00 0.0M
520680.000 1969 COM2 65 0R0 246 0.5 22.5 70.2 1.0096 0.00 0.0M
520740.000 1969 COM2 65 0R0 221 0.7 22.5 69.7 1.0096 0.00 0.0M
520800.000 1969 COM2 65 0R0 232 0.9 22.5 69.2 1.0096 0.00 0.0M
520860.000 1969 COM2 65 0R0 222 0.6 22.5 69.1 1.0095 0.00 0.0M
520920.100 1969 COM2 65 0R0 203 1.0 22.5 68.9 1.0095 0.00 0.0M
520980.000 1969 COM2 65 0R0 240 0.9 22.6 68.9 1.0095 0.00 0.0M
521040.000 1969 COM2 65 0R0 234 0.9 22.6 68.0 1.0096 0.00 0.0M
521100.000 1969 COM2 65 0R0 234 0.5 22.7 67.8 1.0096 0.00 0.0M
521160.000 1969 COM2 65 0R0 269 0.3 22.7 67.8 1.0096 0.00 0.0M
521220.000 1969 COM2 65 0R0 233 0.4 22.7 68.0 1.0096 0.00 0.0M
521280.000 1969 COM2 65 0R0 224 0.9 22.8 68.0 1.0096 0.00 0.0M
521340.000 1969 COM2 65 0R0 216 0.7 22.8 67.4 1.0096 0.00 0.0M
521400.000 1969 COM2 65 0R0 222 0.7 22.8 67.4 1.0096 0.00 0.0M
521460.000 1969 COM2 65 0R0 221 1.0 22.8 66.9 1.0096 0.00 0.0M
521520.000 1969 COM2 65 0R0 194 0.8 22.8 66.5 1.0096 0.00 0.0M
521580.000 1969 COM2 65 0R0 207 1.0 22.9 67.2 1.0096 0.00 0.0M
521640.000 1969 COM2 65 0R0 218 1.0 22.9 66.3 1.0096 0.00 0.0M
521700.100 1969 COM2 65 0R0 200 0.7 22.9 66.6 1.0096 0.00 0.0M
521760.000 1969 COM2 65 0R0 200 0.6 22.9 67.4 1.0097 0.00 0.0M
521820.000 1969 COM2 65 0R0 208 0.9 22.9 67.0 1.0097 0.00 0.0M
521880.000 1969 COM2 65 0R0 165 0.6 22.8 67.3 1.0097 0.00 0.0M
521940.100 1969 COM2 65 0R0 206 0.5 22.8 67.7 1.0097 0.00 0.0M
522000.000 1969 COM2 65 0R0 196 0.4 22.8 67.2 1.0097 0.00 0.0M
522060.000 1969 COM2 65 0R0 198 0.5 22.8 67.9 1.0097 0.00 0.0M
522120.000 1969 COM2 65 0R0 133 0.4 22.8 67.9 1.0097 0.00 0.0M
522180.000 1969 COM2 65 0R0 245 0.1 22.8 68.4 1.0098 0.00 0.0M
522240.000 1969 COM2 65 0R0 076 0.1 22.8 67.9 1.0098 0.00 0.0M
522300.000 1969 COM2 65 0R0 142 0.2 22.8 67.7 1.0098 0.00 0.0M
522360.000 1969 COM2 65 0R0 181 0.2 22.8 67.1 1.0098 0.00 0.0M
522420.000 1969 COM2 65 0R0 213 0.4 22.8 67.2 1.0098 0.00 0.0M
522480.000 1969 COM2 65 0R0 214 0.3 22.8 66.9 1.0097 0.00 0.0M
522540.000 1969 COM2 65 0R0 173 0.2 22.8 67.5 1.0097 0.00 0.0M
522600.000 1969 COM2 65 0R0 196 0.5 22.8 67.4 1.0097 0.00 0.0M
522660.000 1969 COM2 65 0R0 204 0.2 22.8 67.3 1.0097 0.00 0.0M
522720.000 1969 COM2 65 0R0 226 0.4 22.8 67.4 1.0097 0.00 0.0M
522780.000 1969 COM2 65 0R0 222 0.5 22.8 66.9 1.0097 0.00 0.0M
522840.000 1969 COM2 65 0R0 246 0.6 22.8 66.7 1.0097 0.00 0.0M
522900.000 1969 COM2 65 0R0 228 0.6 22.8 66.3 1.0097 0.00 0.0M
522960.000 1969 COM2 65 0R0 241 0.5 22.8 66.0 1.0097 0.00 0.0M
523020.000 1969 COM2 65 0R0 275 0.6 22.8 66.1 1.0098 0.00 0.0M
523080.000 1969 COM2 65 0R0 270 0.7 22.8 65.7 1.0098 0.00 0.0M
523140.000 1969 COM2 65 0R0 254 0.9 22.8 66.5 1.0098 0.00 0.0M
523200.000 1969 COM2 65 0R0 236 0.8 22.8 65.2 1.0097 0.00 0.0M
523260.000 1969 COM2 65 0R0 230 0.8 22.8 65.2 1.0097 0.00 0.0M
523320.000 1969 COM2 65 0R0 262 0.6 22.8 65.0 1.0097 0.00 0.0M
523380.000 1969 COM2 65 0R0 261 0.8 22.8 65.1 1.0097 0.00 0.0M
523440.000 1969 COM2 65 0R0 270 0.9 22.8 65.4 1.0097 0.00 0.0M
523500.000 1969 COM2 65 0R0 260 0.5 22.9 65.4 1.0098 0.00 0.0M
523560.200 1969 COM2 65 0R0 328 0.2 22.9 65.4 1.0098 0.00 0.0M
523620.000 1969 COM2 65 0R0 261 0.2 22.9 65.8 1.0098 0.00 0.0M
523680.000 1969 COM2 65 0R0 238 0.5 22.9 65.8 1.0098 0.00 0.0M
523740.000 1969 COM2 65 0R0 250 0.7 22.9 65.2 1.0097 0.00 0.0M
523800.000 1969 COM2 65 0R0 231 0.6 22.9 65.2 1.0097 0.00 0.0M
523860.000 1969 COM2 65 0R0 254 0.5 22.9 64.9 1.0097 0.00 0.0M
523920.000 1969 COM2 65 0R0 252 0.6 23.0 65.0 1.0097 0.00 0.0M
523980.000 1969 COM2 65 0R0 267 0.5 22.9 64.8 1.0097 0.00 0.0M
524040.000 1969 COM2 65 0R0 209 0.4 22.9 64.6 1.0097 0.00 0.0M
524100.000 1969 COM2 65 0R0 220 0.5 22.9 64.5 1.0098 0.00 0.0M
524160.000 1969 COM2 65 0R0 242 0.5 22.9 64.4 1.0098 0.00 0.0M
524220.000 1969 COM2 65 0R0 290 0.5 23.0 64.4 1.0098 0.00 0.0M
524280.000 1969 COM2 65 0R0 250 0.4 23.0 64.5 1.0098 0.00 0.0M
524340.000 1969 COM2 65 0R0 275 0.6 23.0 64.4 1.0098 0.00 0.0M
524400.000 1969 COM2 65 0R0 258 0.4 23.0 64.4 1.0098 0.00 0.0M
524460.000 1969 COM2 65 0R0 283 0.4 23.0 64.5 1.0098 0.00 0.0M
524520.000 1969 COM2 65 0R0 287 0.1 23.0 64.5 1.0099 0.00 0.0M
524580.000 1969 COM2 65 0R0 084 0.1 23.0 64.8 1.0099 0.00 0.0M
524640.000 1969 COM2 65 0R0 267 0.2 23.0 64.8 1.0099 0.00 0.0M
524700.000 1969 COM2 65 0R0 237 0.2 23.0 64.3 1.0100 0.00 0.0M
524760.000 1969 COM2 65 0R0 264 0.3 23.0 64.2 1.0100 0.00 0.0M
524820.000 1969 COM2 65 0R0 234 0.3 23.0 64.4 1.0100 0.00 0.0M
524880.000 1969 COM2 65 0R0 150 0.1 23.0 64.2 1.0099 0.00 0.0M
524940.000 1969 COM2 65 0R0 227 0.2 22.9 64.3 1.0099 0.00 0.0M
525000.000 1969 COM2 65 0R0 289 0.1 22.9 64.5 1.0099 0.00 0.0M
525060.000 1969 COM2 65 0R0 308 0.1 22.9 64.2 1.0099 0.00 0.0M
525120.000 1969 COM2 65 0R0 359 0.1 22.9 64.2 1.0099 0.00 0.0M
525180.000 1969 COM2 65 0R0 289 0.1 22.9 65.5 1.0099 0.00 0.0M
525240.000 1969 COM2 65 0R0 041 0.1 22.9 65.2 1.0099 0.00 0.0M
525300.000 1969 COM2 65 0R0 221 0.4 22.9 66.6 1.0099 0.00 0.0M
525360.000 1969 COM2 65 0R0 241 0.4 22.8 65.2 1.0099 0.00 0.0M
525420.000 1969 COM2 65 0R0 266 0.5 22.8 64.9 1.0099 0.00 0.0M
525480.000 1969 COM2 65 0R0 269 0.3 22.8 64.9 1.0099 0.00 0.0M
525540.000 1969 COM2 65 0R0 183 0.3 22.8 64.9 1.0099 0.00 0.0M
525600.000 1969 COM2 65 0R0 246 0.5 22.8 65.1 1.0099 0.00 0.0M
525660.000 1969 COM2 65 0R0 276 0.7 22.8 65.2 1.0099 0.00 0.0M
525720.000 1969 COM2 65 0R0 280 0.5 22.8 65.2 1.0099 0.00 0.0M
525780.000 1969 COM2 65 0R0 283 0.9 22.8 65.4 1.0100 0.00 0.0M
525840.000 1969 COM2 65 0R0 275 0.7 22.8 65.4 1.0100 0.00 0.0M
525900.000 1969 COM2 65 0R0 293 1.1 22.8 65.8 1.0100 0.00 0.0M
525960.000 1969 COM2 65 0R0 294 1.3 22.8 65.5 1.0100 0.00 0.0M
526020.000 1969 COM2 65 0R0 285 1.0 22.8 64.8 1.0100 0.00 0.0M
526080.000 1969 COM2 65 0R0 261 0.5 22.9 64.8 1.0101 0.00 0.0M
526140.000 1969 COM2 65 0R0 226 0.3 22.9 65.2 1.0101 0.00 0.0M
526200.000 1969 COM2 65 0R0 171 0.4 22.9 65.9 1.0101 0.00 0.0M
526260.000 1969 COM2 65 0R0 083 0.4 22.8 66.8 1.0101 0.00 0.0M
526320.000 1969 COM2 65 0R0 179 0.7 22.8 68.7 1.0101 0.00 0.0M
526380.000 1969 COM2 65 0R0 115 0.7 22.7 69.2 1.0101 0.00 0.0M
526440.000 1969 COM2 65 0R0 128 0.7 22.6 70.9 1.0101 0.00 0.0M
526500.000 1969 COM2 65 0R0 133 0.4 22.4 72.3 1.0101 0.00 0.0M
526560.000 1969 COM2 65 0R0 180 0.2 22.2 72.7 1.0101 0.00 0.0M
526620.000 1969 COM2 65 0R0 195 0.3 22.0 73.5 1.0101 0.00 0.0M
526680.000 1969 COM2 65 0R0 182 0.8 21.9 73.3 1.0101 0.00 0.0M
526740.000 1969 COM2 65 0R0 142 0.6 21.8 74.5 1.0102 0.00 0.0M
526800.000 1969 COM2 65 0R0 116 0.4 21.7 74.9 1.0102 0.00 0.0M
526860.000 1969 COM2 65 0R0 127 0.6 21.6 75.0 1.0102 0.00 0.0M
526920.000 1969 COM2 65 0R0 131 0.5 21.6 75.1 1.0102 0.00 0.0M
526980.100 1969 COM2 65 0R0 129 0.5 21.5 75.2 1.0103 0.00 0.0M
527040.000 1969 COM2 65 0R0 165 0.7 21.5 75.4 1.0103 0.00 0.0M
527100.000 1969 COM2 65 0R0 122 0.4 21.5 75.8 1.0103 0.00 0.0M
527160.000 1969 COM2 65 0R0 125 0.6 21.5 75.8 1.0103 0.00 0.0M
527220.000 1969 COM2 65 0R0 115 0.8 21.4 75.5 1.0103 0.00 0.0M
527280.000 1969 COM2 65 0R0 126 0.6 21.4 75.2 1.0103 0.00 0.0M
527340.000 1969 COM2 65 0R0 106 0.4 21.4 75.3 1.0103 0.00 0.0M
527400.000 1969 COM2 65 0R0 089 0.2 21.5 74.8 1.0103 0.00 0.0M
527460.000 1969 COM2 65 0R0 156 0.4 21.5 75.0 1.0103 0.00 0.0M
527520.000 1969 COM2 65 0R0 177 1.0 21.5 74.9 1.0103 0.00 0.0M
527580.000 1969 COM2 65 0R0 110 0.6 21.5 75.2 1.0103 0.00 0.0M
527640.000 1969 COM2 65 0R0 122 0.2 21.5 74.6 1.0103 0.00 0.0M
527700.000 1969 COM2 65 0R0 140 0.3 21.5 74.5 1.0103 0.00 0.0M
527760.000 1969 COM2 65 0R0 102 0.4 21.5 74.4 1.0103 0.00 0.0M
527820.000 1969 COM2 65 0R0 146 0.5 21.5 74.1 1.0103 0.00 0.0M
527880.000 1969 COM2 65 0R0 124 0.7 21.6 74.0 1.0104 0.00 0.0M
527940.000 1969 COM2 65 0R0 117 0.7 21.6 73.7 1.0104 0.00 0.0M
528000.000 1969 COM2 65 0R0 103 0.1 21.6 72.9 1.0104 0.00 0.0M
528060.000 1969 COM2 65 0R0 185 0.7 21.6 73.0 1.0104 0.00 0.0M
528120.000 1969 COM2 65 0R0 078 0.1 21.7 73.2 1.0104 0.00 0.0M
528180.000 1969 COM2 65 0R0 328 0.2 21.7 73.3 1.0104 0.00 0.0M
528240.000 1969 COM2 65 0R0 098 0.2 21.7 73.4 1.0104 0.00 0.0M
528300.000 1969 COM2 65 0R0 232 0.3 21.7 72.8 1.0104 0.00 0.0M
528360.000 1969 COM2 65 0R0 271 0.4 21.7 73.2 1.0104 0.00 0.0M
528420.000 1969 COM2 65 0R0 153 0.1 21.7 74.0 1.0104 0.00 0.0M
528480.000 1969 COM2 65 0R0 130 0.2 21.7 73.6 1.0104 0.00 0.0M
528540.000 1969 COM2 65 0R0 196 0.4 21.7 73.7 1.0104 0.00 0.0M
528600.000 1969 COM2 65 0R0 265 0.4 21.7 72.9 1.0104 0.00 0.0M
528660.000 1969 COM2 65 0R0 274 0.4 21.7 72.8 1.0103 0.00 0.0M
528720.000 1969 COM2 65 0R0 226 0.5 21.8 73.2 1.0103 0.00 0.0M
528780.000 1969 COM2 65 0R0 232 0.4 21.8 73.3 1.0103 0.00 0.0M
528840.000 1969 COM2 65 0R0 183 0.3 21.8 73.3 1.0103 0.00 0.0M
528900.000 1969 COM2 65 0R0 355 0.1 21.8 73.6 1.0103 0.00 0.0M
528960.000 1969 COM2 65 0R0 340 0.1 21.8 73.0 1.0103 0.00 0.0M
529020.000 1969 COM2 65 0R0 354 0.2 21.8 72.7 1.0103 0.00 0.0M
529080.000 1969 COM2 65 0R0 240 0.2 21.8 72.5 1.0103 0.00 0.0M
529140.000 1969 COM2 65 0R0 213 0.3 21.8 72.2 1.0103 0.00 0.0M
529200.000 1969 COM2 65 0R0 183 0.2 21.8 72.3 1.0103 0.00 0.0M
529260.000 1969 COM2 65 0R0 283 0.1 21.8 72.0 1.0103 0.00 0.0M
529320.100 1969 COM2 65 0R0 232 0.3 21.8 72.0 1.0103 0.00 0.0M
529380.000 1969 COM2 65 0R0 239 0.3 21.8 71.6 1.0103 0.00 0.0M
529440.000 1969 COM2 65 0R0 242 0.4 21.8 71.8 1.0103 0.00 0.0M
529500.000 1969 COM2 65 0R0 236 0.3 21.8 71.8 1.0103 0.00 0.0M
529560.100 1969 COM2 65 0R0 230 0.2 21.8 72.7 1.0103 0.00 0.0M
529620.000 1969 COM2 65 0R0 357 0.2 21.8 73.8 1.0103 0.00 0.0M
529680.100 1969 COM2 65 0R0 283 0.2 21.8 73.5 1.0103 0.00 0.0M
529740.000 1969 COM2 65 0R0 233 0.4 21.8 73.3 1.0103 0.00 0.0M
529800.100 1969 COM2 65 0R0 287 0.3 21.8 72.7 1.0103 0.00 0.0M
529860.000 1969 COM2 65 0R0 342 0.4 21.8 72.4 1.0103 0.00 0.0M
529920.000 1969 COM2 65 0R0 256 0.3 21.8 71.3 1.0103 0.00 0.0M
529980.000 1969 COM2 65 0R0 010 0.2 21.9 70.3 1.0103 0.00 0.0M
530040.000 1969 COM2 65 0R0 214 0.1 21.9 70.1 1.0103 0.00 0.0M
530100.000 1969 COM2 65 0R0 350 0.2 21.9 69.7 1.0103 0.00 0.0M
530160.000 1969 COM2 65 0R0 341 0.6 21.9 68.8 1.0103 0.00 0.0M
530220.000 1969 COM2 65 0R0 349 0.4 21.9 69.3 1.0103 0.00 0.0M
530280.000 1969 COM2 65 0R0 088 0.1 22.0 69.0 1.0103 0.00 0.0M
530340.000 1969 COM2 65 0R0 314 0.3 22.0 69.2 1.0103 0.00 0.0M
530400.000 1969 COM2 65 0R0 046 0.1 22.0 68.7 1.0103 0.00 0.0M
530460.000 1969 COM2 65 0R0 013 0.2 22.0 69.3 1.0103 0.00 0.0M
530520.000 1969 COM2 65 0R0 002 0.1 22.1 68.9 1.0103 0.00 0.0M
530580.000 1969 COM2 65 0R0 156 0.2 22.0 69.4 1.0103 0.00 0.0M
530640.000 1969 COM2 65 0R0 227 0.4 22.1 69.8 1.0103 0.00 0.0M
530700.000 1969 COM2 65 0R0 112 1.8 22.1 70.1 1.0103 0.00 0.0M
530760.000 1969 COM2 65 0R0 132 1.6 22.1 73.5 1.0104 0.00 0.0M
530820.000 1969 COM2 65 0R0 153 2.4 21.9 74.5 1.0104 0.00 0.0M
530880.000 1969 COM2 65 0R0 137 2.0 21.6 75.8 1.0104 0.00 0.0M
530940.000 1969 COM2 65 0R0 150 1.8 21.3 76.7 1.0104 0.00 0.0M
531000.000 1969 COM2 65 0R0 176 1.2 21.1 77.7 1.0104 0.00 0.0M
531060.000 1969 COM2 65 0R0 140 0.7 21.0 77.8 1.0104 0.00 0.0M
531120.000 1969 COM2 65 0R0 129 0.8 20.9 78.0 1.0104 0.00 0.0M
531180.000 1969 COM2 65 0R0 153 1.5 20.9 78.1 1.0104 0.00 0.0M
531240.000 1969 COM2 65 0R0 116 0.9 20.8 78.5 1.0104 0.00 0.0M
531300.000 1969 COM2 65 0R0 178 1.2 20.8 78.2 1.0103 0.00 0.0M
531360.000 1969 COM2 65 0R0 174 1.7 20.8 77.8 1.0103 0.00 0.0M
531420.000 1969 COM2 65 0R0 181 1.4 20.8 78.0 1.0103 0.00 0.0M
531480.000 1969 COM2 65 0R0 177 1.5 20.8 77.7 1.0103 0.00 0.0M
531540.000 1969 COM2 65 0R0 189 1.3 20.9 78.1 1.0103 0.00 0.0M
531600.000 1969 COM2 65 0R0 170 1.7 20.9 78.4 1.0103 0.00 0.0M
531660.000 1969 COM2 65 0R0 214 1.3 20.9 78.7 1.0103 0.00 0.0M
531720.000 1969 COM2 65 0R0 191 1.1 20.9 78.5 1.0103 0.00 0.0M
531780.000 1969 COM2 65 0R0 219 1.0 20.9 78.5 1.0103 0.00 0.0M
531840.000 1969 COM2 65 0R0 182 1.4 21.0 78.5 1.0103 0.00 0.0M
531900.000 1969 COM2 65 0R0 169 1.0 21.0 78.3 1.0103 0.00 0.0M
531960.000 1969 COM2 65 0R0 170 1.5 21.0 78.4 1.0103 0.00 0.0M
532020.000 1969 COM2 65 0R0 194 1.2 21.0 77.8 1.0103 0.00 0.0M
532080.000 1969 COM2 65 0R0 154 0.7 21.0 78.1 1.0103 0.00 0.0M
532140.000 1969 COM2 65 0R0 199 1.4 21.0 78.0 1.0103 0.00 0.0M
532200.000 1969 COM2 65 0R0 291 0.4 21.0 78.5 1.0104 0.00 0.0M
532260.000 1969 COM2 65 0R0 133 0.5 21.0 78.0 1.0104 0.00 0.0M
532320.000 1969 COM2 65 0R0 214 0.6 21.0 78.0 1.0104 0.00 0.0M
532380.000 1969 COM2 65 0R0 155 0.2 21.0 78.9 1.0104 0.00 0.0M
532440.000 1969 COM2 65 0R0 196 0.7 21.0 78.1 1.0104 0.00 0.0M
532500.000 1969 COM2 65 0R0 046 0.2 21.0 78.0 1.0104 0.00 0.0M
532560.000 1969 COM2 65 0R0 214 0.7 21.0 77.7 1.0104 0.00 0.0M
532620.000 1969 COM2 65 0R0 211 0.4 21.1 78.8 1.0104 0.00 0.0M
532680.000 1969 COM2 65 0R0 059 0.2 21.1 77.6 1.0103 0.00 0.0M
532740.000 1969 COM2 65 0R0 185 0.4 21.1 77.7 1.0103 0.00 0.0M
532800.000 1969 COM2 65 0R0 196 0.3 21.1 77.6 1.0103 0.00 0.0M
532860.000 1969 COM2 65 0R0 176 0.4 21.1 77.0 1.0104 0.00 0.0M
532920.000 1969 COM2 65 0R0 155 0.1 21.1 77.6 1.0103 0.00 0.0M
532980.000 1969 COM2 65 0R0 106 0.1 21.2 77.3 1.0103 0.00 0.0M
533040.000 1969 COM2 65 0R0 292 0.4 21.2 76.9 1.0103 0.00 0.0M
533100.000 1969 COM2 65 0R0 345 0.3 21.2 77.6 1.0103 0.00 0.0M
533160.000 1969 COM2 65 0R0 280 0.8 21.2 78.0 1.0103 0.00 0.0M
533220.000 1969 COM2 65 0R0 249 0.5 21.2 77.8 1.0103 0.00 0.0M
533280.000 1969 COM2 65 0R0 240 0.5 21.2 77.9 1.0103 0.00 0.0M
533340.000 1969 COM2 65 0R0 193 0.4 21.2 77.5 1.0103 0.00 0.0M
533400.000 1969 COM2 65 0R0 217 0.8 21.2 77.6 1.0103 0.00 0.0M
533460.100 1969 COM2 65 0R0 221 0.3 21.2 77.0 1.0102 0.00 0.0M
533520.100 1969 COM2 65 0R0 187 0.5 21.2 76.8 1.0102 0.00 0.0M
533580.000 1969 COM2 65 0R0 165 0.9 21.2 76.7 1.0102 0.00 0.0M
533640.000 1969 COM2 65 0R0 176 0.5 21.3 76.4 1.0102 0.00 0.0M
533700.100 1969 COM2 65 0R0 196 0.3 21.3 76.8 1.0102 0.00 0.0M
533760.000 1969 COM2 65 0R0 202 0.6 21.3 76.5 1.0102 0.00 0.0M
533820.000 1969 COM2 65 0R0 219 0.5 21.3 76.6 1.0102 0.00 0.0M
533880.000 1969 COM2 65 0R0 189 0.5 21.3 76.4 1.0102 0.00 0.0M
533940.000 1969 COM2 65 0R0 214 0.5 21.3 76.6 1.0102 0.00 0.0M
534000.000 1969 COM2 65 0R0 207 0.5 21.3 76.1 1.0102 0.00 0.0M
534060.000 1969 COM2 65 0R0 208 0.2 21.3 76.4 1.0102 0.00 0.0M
534120.000 1969 COM2 65 0R0 085 0.1 21.3 76.1 1.0101 0.00 0.0M
534180.000 1969 COM2 65 0R0 004 0.2 21.3 75.8 1.0101 0.00 0.0M
534240.000 1969 COM2 65 0R0 183 0.4 21.3 76.3 1.0101 0.00 0.0M
534300.000 1969 COM2 65 0R0 190 0.5 21.3 76.2 1.0101 0.00 0.0M
534360.000 1969 COM2 65 0R0 145 0.4 21.3 76.4 1.0101 0.00 0.0M
534420.000 1969 COM2 65 0R0 146 0.2 21.3 76.3 1.0101 0.00 0.0M
534480.000 1969 COM2 65 0R0 073 0.3 21.3 75.9 1.0101 0.00 0.0M
534540.000 1969 COM2 65 0R0 141 0.3 21.3 76.3 1.0101 0.00 0.0M
534600.000 1969 COM2 65 0R0 197 0.5 21.3 76.0 1.0101 0.00 0.0M
534660.000 1969 COM2 65 0R0 103 0.7 21.3 75.6 1.0101 0.00 0.0M
534720.000 1969 COM2 65 0R0 141 0.7 21.3 75.6 1.0101 0.00 0.0M
534780.000 1969 COM2 65 0R0 118 1.1 21.3 75.7 1.0101 0.00 0.0M
534840.000 1969 COM2 65 0R0 135 1.7 21.2 76.0 1.0101 0.00 0.0M
534900.100 1969 COM2 65 0R0 176 1.3 21.2 76.7 1.0102 0.00 0.0M
534960.000 1969 COM2 65 0R0 161 2.1 21.1 76.7 1.0102 0.00 0.0M
535020.000 1969 COM2 65 0R0 164 0.9 21.0 77.5 1.0102 0.00 0.0M
535080.100 1969 COM2 65 0R0 188 1.2 21.0 77.8 1.0101 0.00 0.0M
535140.000 1969 COM2 65 0R0 177 1.0 20.9 78.3 1.0101 0.00 0.0M
535200.100 1969 COM2 65 0R0 177 1.2 20.9 78.6 1.0102 0.00 0.0M
535260.000 1969 COM2 65 0R0 203 1.2 20.9 78.5 1.0102 0.00 0.0M
535320.000 1969 COM2 65 0R0 185 0.7 20.9 78.5 1.0102 0.00 0.0M
535380.000 1969 COM2 65 0R0 178 1.3 20.9 77.9 1.0102 0.00 0.0M
535440.000 1969 COM2 65 0R0 204 0.5 20.9 78.5 1.0102 0.00 0.0M
535500.000 1969 COM2 65 0R0 164 0.5 20.8 78.4 1.0102 0.00 0.0M
535560.000 1969 COM2 65 0R0 200 0.8 20.9 78.3 1.0102 0.00 0.0M
535620.000 1969 COM2 65 0R0 213 1.0 20.9 78.1 1.0102 0.00 0.0M
535680.000 1969 COM2 65 0R0 197 0.7 20.9 78.7 1.0102 0.00 0.0M
535740.000 1969 COM2 65 0R0 208 1.2 20.9 79.0 1.0102 0.00 0.0M
535800.000 1969 COM2 65 0R0 193 1.3 20.9 78.5 1.0102 0.00 0.0M
535860.000 1969 COM2 65 0R0 196 0.8 20.9 79.1 1.0102 0.00 0.0M
535920.000 1969 COM2 65 0R0 214 0.4 20.8 78.8 1.0102 0.00 0.0M
535980.000 1969 COM2 65 0R0 215 1.4 20.8 78.5 1.0102 0.00 0.0M
536040.000 1969 COM2 65 0R0 161 0.5 20.8 78.7 1.0102 0.00 0.0M
536100.000 1969 COM2 65 0R0 169 0.9 20.8 78.4 1.0102 0.00 0.0M
536160.100 1969 COM2 65 0R0 173 1.1 20.8 78.0 1.0102 0.00 0.0M
536220.100 1969 COM2 65 0R0 157 0.7 20.8 78.1 1.0102 0.00 0.0M
536280.000 1969 COM2 65 0R0 225 0.6 20.9 78.0 1.0102 0.00 0.0M
536340.000 1969 COM2 65 0R0 196 1.2 20.9 77.9 1.0102 0.00 0.0M
536400.000 1969 COM2 65 0R0 218 0.6 20.9 78.1 1.0102 0.00 0.0M
536460.000 1969 COM2 65 0R0 173 0.4 20.9 78.0 1.0102 0.00 0.0M
536520.000 1969 COM2 65 0R0 169 0.1 20.9 78.0 1.0102 0.00 0.0M
536580.000 1969 COM2 65 0R0 206 0.4 20.8 77.7 1.0102 0.00 0.0M
536640.000 1969 COM2 65 0R0 184 0.2 20.8 77.6 1.0102 0.00 0.0M
536700.000 1969 COM2 65 0R0 134 0.5 20.8 77.8 1.0102 0.00 0.0M
536760.000 1969 COM2 65 0R0 114 1.3 20.8 77.8 1.0102 0.00 0.0M
536820.000 1969 COM2 65 0R0 152 1.7 20.8 78.3 1.0102 0.00 0.0M
536880.000 1969 COM2 65 0R0 132 1.2 20.7 78.9 1.0102 0.00 0.0M
536940.000 1969 COM2 65 0R0 141 1.5 20.6 79.1 1.0102 0.00 0.0M
537000.000 1969 COM2 65 0R0 145 1.7 20.5 79.6 1.0101 0.00 0.0M
537060.000 1969 COM2 65 0R0 119 1.3 20.4 80.1 1.0101 0.00 0.0M
537120.000 1969 COM2 65 0R0 145 1.5 20.4 80.1 1.0102 0.00 0.0M
537180.000 1969 COM2 65 0R0 150 1.2 20.3 80.4 1.0102 0.00 0.0M
537240.000 1969 COM2 65 0R0 121 0.9 20.3 80.5 1.0102 0.00 0.0M
537300.000 1969 COM2 65 0R0 143 1.2 20.2 80.3 1.0101 0.00 0.0M
537360.000 1969 COM2 65 0R0 135 1.6 20.3 79.9 1.0102 0.00 0.0M
537420.000 1969 COM2 65 0R0 139 0.8 20.3 80.2 1.0102 0.00 0.0M
537480.000 1969 COM2 65 0R0 142 1.5 20.3 80.1 1.0102 0.00 0.0M
537540.000 1969 COM2 65 0R0 142 1.5 20.3 80.2 1.0102 0.00 0.0M
537600.000 1969 COM2 65 0R0 138 1.7 20.3 80.4 1.0102 0.00 0.0M
537660.000 1969 COM2 65 0R0 149 1.4 20.3 80.3 1.0101 0.00 0.0M
537720.000 1969 COM2 65 0R0 135 1.9 20.3 80.1 1.0101 0.00 0.0M
537780.000 1969 COM2 65 0R0 169 1.3 20.3 80.3 1.0101 0.00 0.0M
537840.000 1969 COM2 65 0R0 139 2.6 20.2 80.4 1.0102 0.00 0.0M
537900.000 1969 COM2 65 0R0 144 2.5 20.2 80.8 1.0102 0.00 0.0M
537960.100 1969 COM2 65 0R0 149 2.1 20.2 81.1 1.0102 0.00 0.0M
538020.000 1969 COM2 65 0R0 147 2.3 20.1 81.2 1.0102 0.00 0.0M
538080.100 1969 COM2 65 0R0 133 1.8 20.1 81.5 1.0102 0.00 0.0M
538140.000 1969 COM2 65 0R0 138 2.1 20.0 81.6 1.0102 0.00 0.0M
538200.000 1969 COM2 65 0R0 122 1.0 20.0 81.7 1.0102 0.00 0.0M
538260.000 1969 COM2 65 0R0 133 1.5 20.0 81.4 1.0102 0.00 0.0M
538320.000 1969 COM2 65 0R0 144 1.2 20.0 81.4 1.0102 0.00 0.0M
538380.000 1969 COM2 65 0R0 136 1.3 20.0 81.5 1.0102 0.00 0.0M
538440.000 1969 COM2 65 0R0 116 1.4 19.9 81.6 1.0102 0.00 0.0M
538500.000 1969 COM2 65 0R0 168 2.1 19.9 81.8 1.0102 0.00 0.0M
538560.000 1969 COM2 65 0R0 115 0.8 20.0 81.6 1.0102 0.00 0.0M
538620.000 1969 COM2 65 0R0 143 1.9 20.0 81.4 1.0102 0.00 0.0M
538680.000 1969 COM2 65 0R0 144 1.4 19.9 81.5 1.0102 0.00 0.0M
538740.000 1969 COM2 65 0R0 141 1.4 19.9 81.5 1.0102 0.00 0.0M
538800.000 1969 COM2 65 0R0 118 1.5 19.9 81.4 1.0102 0.00 0.0M
538860.000 1969 COM2 65 0R0 126 0.5 19.9 81.8 1.0102 0.00 0.0M
538920.000 1969 COM2 65 0R0 136 0.7 19.9 81.6 1.0102 0.00 0.0M
538980.000 1969 COM2 65 0R0 137 1.4 19.9 81.4 1.0102 0.00 0.0M
539040.000 1969 COM2 65 0R0 177 1.6 19.9 82.2 1.0103 0.00 0.0M
539100.000 1969 COM2 65 0R0 123 0.7 19.9 81.9 1.0102 0.00 0.0M
539160.000 1969 COM2 65 0R0 185 1.3 19.9 82.1 1.0102 0.00 0.0M
539220.000 1969 COM2 65 0R0 168 1.9 19.9 82.4 1.0102 0.00 0.0M
539280.000 1969 COM2 65 0R0 202 1.1 19.9 82.9 1.0102 0.00 0.0M
539340.000 1969 COM2 65 0R0 203 0.6 19.9 82.7 1.0102 0.00 0.0M
539400.000 1969 COM2 65 0R0 233 0.4 19.9 82.3 1.0102 0.00 0.0M
539460.000 1969 COM2 65 0R0 173 0.6 19.9 81.6 1.0102 0.00 0.0M
539520.000 1969 COM2 65 0R0 125 0.3 19.9 81.7 1.0102 0.00 0.0M
539580.000 1969 COM2 65 0R0 123 1.0 19.9 81.8 1.0102 0.00 0.0M
539640.000 1969 COM2 65 0R0 187 1.6 19.9 81.6 1.0102 0.00 0.0M
539700.000 1969 COM2 65 0R0 152 1.4 20.0 81.8 1.0102 0.00 0.0M
539760.000 1969 COM2 65 0R0 160 1.0 20.0 82.2 1.0102 0.00 0.0M
539820.000 1969 COM2 65 0R0 178 1.0 19.9 81.7 1.0102 0.00 0.0M
539880.000 1969 COM2 65 0R0 155 0.4 19.9 81.6 1.0102 0.00 0.0M
539940.000 1969 COM2 65 0R0 204 0.7 19.9 81.5 1.0102 0.00 0.0M
540000.000 1969 COM2 65 0R0 168 1.0 20.0 81.7 1.0102 0.00 0.0M
540060.000 1969 COM2 65 0R0 192 1.6 20.0 81.2 1.0102 0.00 0.0M
540120.000 1969 COM2 65 0R0 203 1.4 20.0 81.8 1.0102 0.00 0.0M
540180.000 1969 COM2 65 0R0 241 0.7 20.0 81.8 1.0102 0.00 0.0M
540240.000 1969 COM2 65 0R0 232 1.6 19.9 81.6 1.0102 0.00 0.0M
540300.000 1969 COM2 65 0R0 226 1.4 19.9 81.6 1.0102 0.00 0.0M
540360.000 1969 COM2 65 0R0 213 2.1 19.9 81.5 1.0102 0.00 0.0M
540420.000 1969 COM2 65 0R0 205 1.0 19.9 81.4 1.0102 0.00 0.0M
540480.000 1969 COM2 65 0R0 226 2.0 19.9 81.4 1.0102 0.00 0.0M
540540.000 1969 COM2 65 0R0 194 1.6 19.9 81.4 1.0102 0.00 0.0M
540600.000 1969 COM2 65 0R0 247 1.5 19.9 81.7 1.0102 0.00 0.0M
540660.000 1969 COM2 65 0R0 226 2.3 19.8 81.3 1.0102 0.00 0.0M
540720.000 1969 COM2 65 0R0 243 0.7 19.8 81.3 1.0102 0.00 0.0M
540780.000 1969 COM2 65 0R0 240 1.9 19.8 81.4 1.0102 0.00 0.0M
540840.000 1969 COM2 65 0R0 271 1.0 19.8 81.5 1.0102 0.00 0.0M
540900.000 1969 COM2 65 0R0 233 2.3 19.8 81.4 1.0102 0.00 0.0M
540960.000 1969 COM2 65 0R0 238 1.6 19.8 81.3 1.0102 0.00 0.0M
541020.000 1969 COM2 65 0R0 227 1.3 19.8 81.2 1.0102 0.00 0.0M
541080.000 1969 COM2 65 0R0 231 2.0 19.8 81.3 1.0102 0.00 0.0M
541140.000 1969 COM2 65 0R0 226 1.3 19.8 81.3 1.0102 0.00 0.0M
541200.000 1969 COM2 65 0R0 221 2.2 19.8 81.0 1.0102 0.00 0.0M
541260.000 1969 COM2 65 0R0 231 2.4 19.9 81.2 1.0102 0.00 0.0M
541320.000 1969 COM2 65 0R0 233 3.1 19.9 80.9 1.0102 0.00 0.0M
541380.000 1969 COM2 65 0R0 227 2.5 19.9 80.7 1.0102 0.00 0.0M
541440.000 1969 COM2 65 0R0 230 2.3 19.9 80.7 1.0102 0.00 0.0M
541500.000 1969 COM2 65 0R0 226 1.2 19.9 80.9 1.0102 0.00 0.0M
541560.000 1969 COM2 65 0R0 231 1.8 19.9 80.8 1.0102 0.00 0.0M
541620.000 1969 COM2 65 0R0 219 1.2 19.9 80.8 1.0102 0.00 0.0M
541680.000 1969 COM2 65 0R0 234 1.7 19.9 80.9 1.0102 0.00 0.0M
541740.000 1969 COM2 65 0R0 256 1.0 19.8 80.8 1.0102 0.00 0.0M
541800.000 1969 COM2 65 0R0 237 1.8 19.8 80.8 1.0103 0.00 0.0M
541860.000 1969 COM2 65 0R0 239 2.1 19.8 80.5 1.0103 0.00 0.0M
541920.000 1969 COM2 65 0R0 231 2.0 19.9 80.5 1.0103 0.00 0.0M
541980.000 1969 COM2 65 0R0 230 1.6 19.9 80.4 1.0103 0.00 0.0M
542040.000 1969 COM2 65 0R0 232 0.6 19.9 80.4 1.0103 0.00 0.0M
542100.000 1969 COM2 65 0R0 230 1.4 19.9 80.3 1.0103 0.00 0.0M
542160.000 1969 COM2 65 0R0 232 1.9 19.9 80.3 1.0103 0.00 0.0M
542220.000 1969 COM2 65 0R0 265 1.0 19.9 80.4 1.0103 0.00 0.0M
542280.000 1969 COM2 65 0R0 230 1.4 19.9 80.3 1.0103 0.00 0.0M
542340.000 1969 COM2 65 0R0 239 1.8 19.9 80.4 1.0103 0.00 0.0M
542400.000 1969 COM2 65 0R0 253 1.4 19.9 80.4 1.0103 0.00 0.0M
542460.000 1969 COM2 65 0R0 272 0.5 19.9 80.6 1.0103 0.00 0.0M
542520.000 1969 COM2 65 0R0 238 1.5 19.9 80.5 1.0103 0.00 0.0M
542580.100 1969 COM2 65 0R0 257 1.0 19.9 80.5 1.0103 0.00 0.0M
542640.000 1969 COM2 65 0R0 221 1.4 19.9 80.2 1.0103 0.00 0.0M
542700.000 1969 COM2 65 0R0 275 1.2 19.9 80.4 1.0103 0.00 0.0M
542760.000 1969 COM2 65 0R0 259 0.3 19.9 80.3 1.0103 0.00 0.0M
542820.000 1969 COM2 65 0R0 238 1.6 19.9 80.2 1.0103 0.00 0.0M
542880.000 1969 COM2 65 0R0 230 1.6 19.9 80.3 1.0103 0.00 0.0M
542940.000 1969 COM2 65 0R0 229 1.6 19.9 80.3 1.0103 0.00 0.0M
543000.000 1969 COM2 65 0R0 214 0.8 19.9 80.3 1.0103 0.00 0.0M
543060.000 1969 COM2 65 0R0 233 1.4 19.9 80.4 1.0103 0.00 0.0M
543120.000 1969 COM2 65 0R0 227 1.7 19.9 80.3 1.0103 0.00 0.0M
543180.000 1969 COM2 65 0R0 238 1.4 19.9 80.4 1.0103 0.00 0.0M
543240.000 1969 COM2 65 0R0 236 1.0 19.9 80.3 1.0103 0.00 0.0M
543300.000 1969 COM2 65 0R0 231 1.7 19.9 80.3 1.0103 0.00 0.0M
543360.000 1969 COM2 65 0R0 244 1.1 19.9 80.4 1.0103 0.00 0.0M
543420.000 1969 COM2 65 0R0 254 0.6 19.9 80.3 1.0103 0.00 0.0M
543480.000 1969 COM2 65 0R0 213 0.7 19.9 80.3 1.0103 0.00 0.0M
543540.000 1969 COM2 65 0R0 229 0.8 19.9 80.3 1.0102 0.00 0.0M
543600.000 1969 COM2 65 0R0 256 0.5 19.9 80.4 1.0102 0.00 0.0M
543660.000 1969 COM2 65 0R0 215 1.0 19.9 80.3 1.0102 0.00 0.0M
543720.000 1969 COM2 65 0R0 225 1.0 19.9 80.6 1.0102 0.00 0.0M
543780.000 1969 COM2 65 0R0 217 0.5 19.9 80.6 1.0102 0.00 0.0M
543840.000 1969 COM2 65 0R0 217 0.9 19.9 80.7 1.0102 0.00 0.0M
543900.000 1969 COM2 65 0R0 215 0.8 19.8 80.6 1.0102 0.00 0.0M
543960.000 1969 COM2 65 0R0 194 1.0 19.8 80.6 1.0102 0.00 0.0M
544020.000 1969 COM2 65 0R0 167 0.9 19.8 80.8 1.0102 0.00 0.0M
544080.000 1969 COM2 65 0R0 192 0.8 19.8 80.7 1.0102 0.00 0.0M
544140.000 1969 COM2 65 0R0 113 0.2 19.8 80.7 1.0102 0.00 0.0M
544200.000 1969 COM2 65 0R0 221 1.2 19.8 80.9 1.0102 0.00 0.0M
544260.000 1969 COM2 65 0R0 239 0.7 19.8 80.8 1.0102 0.00 0.0M
544320.000 1969 COM2 65 0R0 165 1.1 19.8 80.7 1.0102 0.00 0.0M
544380.000 1969 COM2 65 0R0 065 0.6 19.8 80.7 1.0102 0.00 0.0M
544440.000 1969 COM2 65 0R0 123 0.4 19.8 80.4 1.0102 0.00 0.0M
544500.000 1969 COM2 65 0R0 137 0.3 19.8 80.4 1.0102 0.00 0.0M
544560.000 1969 COM2 65 0R0 111 0.2 19.8 80.5 1.0102 0.00 0.0M
544620.000 1969 COM2 65 0R0 113 0.4 19.7 80.6 1.0102 0.00 0.0M
544680.000 1969 COM2 65 0R0 120 0.1 19.7 80.7 1.0101 0.00 0.0M
544740.000 1969 COM2 65 0R0 136 0.5 19.7 80.9 1.0102 0.00 0.0M
544800.000 1969 COM2 65 0R0 163 0.4 19.7 81.1 1.0102 0.00 0.0M
544860.000 1969 COM2 65 0R0 166 0.5 19.7 81.1 1.0102 0.00 0.0M
544920.000 1969 COM2 65 0R0 200 0.8 19.7 81.2 1.0102 0.00 0.0M
544980.000 1969 COM2 65 0R0 208 0.7 19.6 81.4 1.0102 0.00 0.0M
545040.000 1969 COM2 65 0R0 201 1.0 19.6 81.5 1.0102 0.00 0.0M
545100.000 1969 COM2 65 0R0 201 0.4 19.6 81.5 1.0102 0.00 0.0M
545160.000 1969 COM2 65 0R0 135 0.6 19.6 81.3 1.0102 0.00 0.0M
545220.000 1969 COM2 65 0R0 142 0.3 19.6 81.0 1.0103 0.00 0.0M
545280.000 1969 COM2 65 0R0 225 0.6 19.6 81.3 1.0103 0.00 0.0M
545340.000 1969 COM2 65 0R0 244 0.5 19.6 81.4 1.0103 0.00 0.0M
545400.000 1969 COM2 65 0R0 211 0.8 19.6 81.5 1.0103 0.00 0.0M
545460.000 1969 COM2 65 0R0 226 1.4 19.5 82.0 1.0103 0.00 0.0M
545520.000 1969 COM2 65 0R0 225 1.5 19.5 82.0 1.0103 0.00 0.0M
545580.000 1969 COM2 65 0R0 238 0.3 19.5 81.9 1.0103 0.00 0.0M
545640.000 1969 COM2 65 0R0 207 0.9 19.5 82.0 1.0103 0.00 0.0M
545700.000 1969 COM2 65 0R0 222 0.8 19.5 82.1 1.0103 0.00 0.0M
545760.000 1969 COM2 65 0R0 243 1.2 19.5 81.9 1.0104 0.00 0.0M
545820.000 1969 COM2 65 0R0 233 0.3 19.5 82.2 1.0104 0.00 0.0M
545880.000 1969 COM2 65 0R0 240 1.4 19.5 82.0 1.0104 0.00 0.0M
545940.000 1969 COM2 65 0R0 193 1.0 19.5 82.3 1.0104 0.00 0.0M
546000.000 1969 COM2 65 0R0 203 0.9 19.5 82.3 1.0103 0.00 0.0M
546060.000 1969 COM2 65 0R0 166 1.3 19.5 82.2 1.0103 0.00 0.0M
546120.000 1969 COM2 65 0R0 192 0.9 19.5 82.5 1.0103 0.00 0.0M
546180.000 1969 COM2 65 0R0 188 0.7 19.5 82.0 1.0103 0.00 0.0M
546240.000 1969 COM2 65 0R0 199 0.8 19.5 82.3 1.0103 0.00 0.0M
546300.000 1969 COM2 65 0R0 203 1.4 19.5 82.3 1.0103 0.00 0.0M
546360.000 1969 COM2 65 0R0 210 1.3 19.4 82.6 1.0104 0.00 0.0M
546420.000 1969 COM2 65 0R0 181 1.0 19.4 82.5 1.0104 0.00 0.0M
546480.000 1969 COM2 65 0R0 155 0.6 19.4 82.8 1.0104 0.00 0.0M
546540.000 1969 COM2 65 0R0 209 0.6 19.4 82.5 1.0104 0.00 0.0M
546600.000 1969 COM2 65 0R0 202 1.5 19.4 82.2 1.0104 0.00 0.0M
546660.000 1969 COM2 65 0R0 172 1.2 19.4 82.8 1.0103 0.00 0.0M
546720.100 1969 COM2 65 0R0 213 0.7 19.4 82.3 1.0103 0.00 0.0M
546780.100 1969 COM2 65 0R0 203 0.6 19.4 82.2 1.0103 0.00 0.0M
546840.000 1969 COM2 65 0R0 197 1.6 19.4 82.2 1.0103 0.00 0.0M
546900.000 1969 COM2 65 0R0 171 0.6 19.5 82.3 1.0103 0.00 0.0M
546960.000 1969 COM2 65 0R0 186 0.5 19.5 82.0 1.0103 0.00 0.0M
547020.100 1969 COM2 65 0R0 155 0.3 19.5 82.3 1.0103 0.00 0.0M
547080.100 1969 COM2 65 0R0 078 0.2 19.5 81.9 1.0103 0.00 0.0M
547140.000 1969 COM2 65 0R0 095 0.5 19.5 81.9 1.0103 0.00 0.0M
547200.000 1969 COM2 65 0R0 173 0.2 19.6 81.7 1.0103 0.00 0.0M
547260.000 1969 COM2 65 0R0 288 0.2 19.6 81.3 1.0103 0.00 0.0M
547320.000 1969 COM2 65 0R0 170 0.4 19.6 81.4 1.0103 0.00 0.0M
547380.000 1969 COM2 65 0R0 141 0.9 19.6 81.4 1.0103 0.00 0.0M
547440.000 1969 COM2 65 0R0 112 0.8 19.6 80.9 1.0103 0.00 0.0M
547500.000 1969 COM2 65 0R0 194 1.5 19.6 81.1 1.0103 0.00 0.0M
547560.000 1969 COM2 65 0R0 206 1.3 19.5 81.4 1.0103 0.00 0.0M
547620.000 1969 COM2 65 0R0 177 1.1 19.5 81.7 1.0104 0.00 0.0M
547680.000 1969 COM2 65 0R0 110 0.2 19.4 82.0 1.0104 0.00 0.0M
547740.000 1969 COM2 65 0R0 188 1.1 19.3 82.0 1.0104 0.00 0.0M
547800.000 1969 COM2 65 0R0 143 1.1 19.3 82.6 1.0104 0.00 0.0M
547860.000 1969 COM2 65 0R0 185 1.4 19.3 81.7 1.0104 0.00 0.0M
547920.000 1969 COM2 65 0R0 110 1.0 19.3 82.0 1.0104 0.00 0.0M
547980.000 1969 COM2 65 0R0 090 0.5 19.3 82.0 1.0104 0.00 0.0M
548040.000 1969 COM2 65 0R0 172 0.4 19.3 82.1 1.0104 0.00 0.0M
548100.000 1969 COM2 65 0R0 128 0.5 19.3 82.0 1.0104 0.00 0.0M
548160.000 1969 COM2 65 0R0 144 0.3 19.3 82.1 1.0104 0.00 0.0M
548220.000 1969 COM2 65 0R0 145 1.2 19.3 81.9 1.0104 0.00 0.0M
548280.000 1969 COM2 65 0R0 109 0.4 19.3 82.0 1.0104 0.00 0.0M
548340.000 1969 COM2 65 0R0 129 1.0 19.3 82.3 1.0103 0.00 0.0M
548400.000 1969 COM2 65 0R0 151 1.0 19.3 82.3 1.0103 0.00 0.0M
548460.000 1969 COM2 65 0R0 140 1.1 19.2 82.1 1.0103 0.00 0.0M
548520.000 1969 COM2 65 0R0 138 0.9 19.2 82.1 1.0103 0.00 0.0M
548580.000 1969 COM2 65 0R0 141 0.5 19.2 82.2 1.0103 0.00 0.0M
548640.000 1969 COM2 65 0R0 127 0.3 19.2 82.0 1.0103 0.00 0.0M
548700.000 1969 COM2 65 0R0 102 0.5 19.2 82.2 1.0104 0.00 0.0M
548760.000 1969 COM2 65 0R0 130 1.4 19.2 82.1 1.0104 0.00 0.0M
548820.000 1969 COM2 65 0R0 139 0.8 19.2 82.2 1.0104 0.00 0.0M
548880.000 1969 COM2 65 0R0 341 0.2 19.2 82.1 1.0104 0.00 0.0M
548940.000 1969 COM2 65 0R0 119 1.2 19.2 82.2 1.0104 0.00 0.0M
549000.000 1969 COM2 65 0R0 140 1.4 19.2 82.1 1.0104 0.00 0.0M
549060.000 1969 COM2 65 0R0 110 1.1 19.2 82.0 1.0104 0.00 0.0M
549120.000 1969 COM2 65 0R0 125 1.0 19.1 82.3 1.0104 0.00 0.0M
549180.000 1969 COM2 65 0R0 119 0.5 19.1 82.1 1.0104 0.00 0.0M
549240.000 1969 COM2 65 0R0 128 1.8 19.1 82.3 1.0104 0.00 0.0M
549300.000 1969 COM2 65 0R0 130 1.8 19.1 82.1 1.0103 0.00 0.0M
549360.000 1969 COM2 65 0R0 113 0.6 19.1 82.1 1.0103 0.00 0.0M
549420.000 1969 COM2 65 0R0 112 1.8 19.1 81.8 1.0103 0.00 0.0M
549480.000 1969 COM2 65 0R0 130 0.8 19.1 81.8 1.0102 0.00 0.0M
549540.000 1969 COM2 65 0R0 111 1.9 19.1 82.1 1.0102 0.00 0.0M
549600.000 1969 COM2 65 0R0 135 1.1 19.1 82.1 1.0102 0.00 0.0M
549660.000 1969 COM2 65 0R0 147 1.4 19.1 82.1 1.0102 0.00 0.0M
549720.000 1969 COM2 65 0R0 113 0.3 19.1 82.2 1.0102 0.00 0.0M
549780.000 1969 COM2 65 0R0 121 1.0 19.0 82.1 1.0103 0.00 0.0M
549840.000 1969 COM2 65 0R0 113 0.5 19.1 82.2 1.0103 0.00 0.0M
549900.000 1969 COM2 65 0R0 091 1.0 19.1 82.2 1.0103 0.00 0.0M
549960.000 1969 COM2 65 0R0 124 0.6 19.1 82.4 1.0103 0.00 0.0M
550020.000 1969 COM2 65 0R0 150 1.2 19.1 82.4 1.0103 0.00 0.0M
550080.000 1969 COM2 65 0R0 130 1.0 19.1 82.6 1.0103 0.00 0.0M
550140.000 1969 COM2 65 0R0 089 0.5 19.0 82.6 1.0103 0.00 0.0M
550200.000 1969 COM2 65 0R0 119 1.1 19.0 82.3 1.0103 0.00 0.0M
550260.000 1969 COM2 65 0R0 127 1.2 19.0 82.5 1.0103 0.00 0.0M
550320.000 1969 COM2 65 0R0 125 1.0 19.0 82.8 1.0103 0.00 0.0M
550380.200 1969 COM2 65 0R0 172 1.4 19.0 82.6 1.0103 0.00 0.0M
550440.200 1969 COM2 65 0R0 121 0.5 19.0 82.8 1.0103 0.00 0.0M
550500.000 1969 COM2 65 0R0 183 0.9 19.0 82.8 1.0103 0.00 0.0M
550560.200 1969 COM2 65 0R0 147 0.6 19.0 82.6 1.0103 0.00 0.0M
550620.200 1969 COM2 65 0R0 150 1.2 19.0 82.7 1.0103 0.00 0.0M
550680.200 1969 COM2 65 0R0 129 0.4 19.0 82.5 1.0103 0.00 0.0M
550740.200 1969 COM2 65 0R0 134 1.0 19.0 82.6 1.0103 0.00 0.0M
550800.200 1969 COM2 65 0R0 177 0.6 19.0 82.5 1.0104 0.00 0.0M
550860.200 1969 COM2 65 0R0 123 1.0 19.0 82.5 1.0104 0.00 0.0M
550920.200 1969 COM2 65 0R0 181 0.7 19.0 82.5 1.0104 0.00 0.0M
550980.200 1969 COM2 65 0R0 124 0.3 19.0 82.6 1.0104 0.00 0.0M
551040.200 1969 COM2 65 0R0 209 0.3 19.0 82.5 1.0104 0.00 0.0M
551100.200 1969 COM2 65 0R0 178 0.3 19.0 82.6 1.0104 0.00 0.0M
551160.200 1969 COM2 65 0R0 191 0.6 19.0 82.4 1.0104 0.00 0.0M
551220.200 1969 COM2 65 0R0 196 1.4 19.0 82.2 1.0104 0.00 0.0M
551280.200 1969 COM2 65 0R0 108 0.8 19.0 82.6 1.0104 0.00 0.0M
551340.200 1969 COM2 65 0R0 169 0.9 19.0 82.7 1.0104 0.00 0.0M
551400.200 1969 COM2 65 0R0 083 0.5 19.0 82.7 1.0104 0.00 0.0M
551460.200 1969 COM2 65 0R0 182 0.7 19.0 82.6 1.0105 0.00 0.0M
551520.200 1969 COM2 65 0R0 160 0.9 19.0 82.6 1.0105 0.00 0.0M
551580.200 1969 COM2 65 0R0 199 0.9 19.0 82.9 1.0105 0.00 0.0M
551640.200 1969 COM2 65 0R0 180 1.2 19.0 82.8 1.0105 0.00 0.0M
551700.200 1969 COM2 65 0R0 197 1.1 18.9 82.9 1.0105 0.00 0.0M
551760.200 1969 COM2 65 0R0 191 0.5 18.9 83.7 1.0105 0.00 0.0M
551820.200 1969 COM2 65 0R0 004 0.2 18.9 83.9 1.0105 0.00 0.0M
551880.200 1969 COM2 65 0R0 211 1.1 18.9 83.5 1.0105 0.00 0.0M
551940.200 1969 COM2 65 0R0 165 0.9 18.9 83.8 1.0105 0.00 0.0M
552000.200 1969 COM2 65 0R0 164 0.7 18.9 83.5 1.0105 0.00 0.0M
552060.200 1969 COM2 65 0R0 143 0.4 18.9 83.4 1.0105 0.00 0.0M
552120.200 1969 COM2 65 0R0 069 0.3 18.9 83.3 1.0105 0.00 0.0M
552180.200 1969 COM2 65 0R0 084 0.3 18.9 83.2 1.0105 0.00 0.0M
552240.200 1969 COM2 65 0R0 090 0.2 18.9 83.4 1.0106 0.00 0.0M
552300.200 1969 COM2 65 0R0 102 0.6 18.9 83.5 1.0105 0.00 0.0M
552360.200 1969 COM2 65 0R0 165 0.3 18.9 83.4 1.0105 0.00 0.0M
552420.200 1969 COM2 65 0R0 100 0.4 18.9 83.5 1.0105 0.00 0.0M
552480.200 1969 COM2 65 0R0 137 0.8 18.9 83.1 1.0105 0.00 0.0M
552540.000 1969 COM2 65 0R0 156 0.6 18.9 83.4 1.0106 0.00 0.0M
552600.200 1969 COM2 65 0R0 138 0.3 18.9 83.9 1.0106 0.00 0.0M
552660.200 1969 COM2 65 0R0 134 0.6 18.9 83.4 1.0106 0.00 0.0M
552720.000 1969 COM2 65 0R0 135 0.2 18.9 83.3 1.0106 0.00 0.0M
552780.000 1969 COM2 65 0R0 115 0.5 18.9 83.4 1.0106 0.00 0.0M
552840.200 1969 COM2 65 0R0 093 0.3 18.9 83.5 1.0106 0.00 0.0M
552900.000 1969 COM2 65 0R0 163 0.2 18.9 83.5 1.0106 0.00 0.0M
552960.000 1969 COM2 65 0R0 151 0.3 18.9 83.3 1.0106 0.00 0.0M
553020.200 1969 COM2 65 0R0 356 0.2 19.0 83.2 1.0106 0.00 0.0M
553080.000 1969 COM2 65 0R0 129 0.5 19.0 83.1 1.0105 0.00 0.0M
553140.000 1969 COM2 65 0R0 159 0.1 19.0 83.4 1.0105 0.00 0.0M
553200.000 1969 COM2 65 0R0 161 0.7 19.0 83.0 1.0105 0.00 0.0M
553260.000 1969 COM2 65 0R0 104 0.4 19.0 83.0 1.0105 0.00 0.0M
553320.200 1969 COM2 65 0R0 148 0.2 19.0 82.9 1.0105 0.00 0.0M
553380.000 1969 COM2 65 0R0 171 1.2 19.0 83.1 1.0105 0.00 0.0M
553440.000 1969 COM2 65 0R0 075 0.3 19.0 83.2 1.0105 0.00 0.0M
553500.000 1969 COM2 65 0R0 141 0.8 19.0 83.0 1.0105 0.00 0.0M
553560.000 1969 COM2 65 0R0 095 0.6 19.0 83.0 1.0104 0.00 0.0M
553620.000 1969 COM2 65 0R0 139 0.4 18.9 83.0 1.0104 0.00 0.0M
553680.000 1969 COM2 65 0R0 111 0.6 18.9 82.8 1.0104 0.00 0.0M
553740.000 1969 COM2 65 0R0 181 0.9 18.9 83.3 1.0104 0.00 0.0M
553800.000 1969 COM2 65 0R0 156 0.3 18.9 83.2 1.0104 0.00 0.0M
553860.000 1969 COM2 65 0R0 113 0.2 18.9 83.0 1.0104 0.00 0.0M
553920.000 1969 COM2 65 0R0 128 0.8 18.9 83.1 1.0104 0.00 0.0M
553980.000 1969 COM2 65 0R0 106 0.5 18.9 82.9 1.0104 0.00 0.0M
554040.000 1969 COM2 65 0R0 132 0.8 18.9 83.0 1.0104 0.00 0.0M
554100.000 1969 COM2 65 0R0 310 0.2 18.9 83.3 1.0105 0.00 0.0M
554160.000 1969 COM2 65 0R0 179 0.4 18.8 83.1 1.0105 0.00 0.0M
554220.000 1969 COM2 65 0R0 198 0.5 18.8 83.4 1.0105 0.00 0.0M
554280.000 1969 COM2 65 0R0 274 0.2 18.8 83.7 1.0105 0.00 0.0M
554340.000 1969 COM2 65 0R0 147 0.5 18.8 83.6 1.0105 0.00 0.0M
554400.000 1969 COM2 65 0R0 200 0.9 18.8 83.6 1.0105 0.00 0.0M
554460.000 1969 COM2 65 0R0 143 0.5 18.8 84.2 1.0105 0.00 0.0M
554520.000 1969 COM2 65 0R0 145 0.9 18.7 84.4 1.0105 0.00 0.0M
554580.000 1969 COM2 65 0R0 045 0.3 18.7 84.3 1.0105 0.00 0.0M
554640.000 1969 COM2 65 0R0 144 0.4 18.7 84.3 1.0105 0.00 0.0M
554700.000 1969 COM2 65 0R0 212 0.3 18.7 84.3 1.0105 0.00 0.0M
554760.000 1969 COM2 65 0R0 071 0.3 18.7 84.2 1.0105 0.00 0.0M
554820.000 1969 COM2 65 0R0 182 0.1 18.7 84.2 1.0105 0.00 0.0M
554880.000 1969 COM2 65 0R0 103 0.7 18.7 83.9 1.0105 0.00 0.0M
554940.000 1969 COM2 65 0R0 225 0.5 18.7 84.4 1.0105 0.00 0.0M
555000.000 1969 COM2 65 0R0 114 0.2 18.7 84.2 1.0105 0.00 0.0M
555060.000 1969 COM2 65 0R0 238 0.2 18.7 84.2 1.0105 0.00 0.0M
555120.000 1969 COM2 65 0R0 195 0.8 18.7 83.9 1.0105 0.00 0.0M
555180.000 1969 COM2 65 0R0 182 0.3 18.7 83.9 1.0105 0.00 0.0M
555240.000 1969 COM2 65 0R0 122 0.4 18.7 83.8 1.0105 0.00 0.0M
555300.000 1969 COM2 65 0R0 110 0.3 18.8 83.7 1.0105 0.00 0.0M
555360.100 1969 COM2 65 0R0 139 0.3 18.8 83.8 1.0105 0.00 0.0M
555420.000 1969 COM2 65 0R0 105 0.6 18.7 83.6 1.0105 0.00 0.0M
555480.000 1969 COM2 65 0R0 113 0.5 18.7 83.9 1.0105 0.00 0.0M
555540.000 1969 COM2 65 0R0 098 0.6 18.7 84.0 1.0105 0.00 0.0M
555600.000 1969 COM2 65 0R0 117 0.6 18.7 83.7 1.0105 0.00 0.0M
555660.000 1969 COM2 65 0R0 123 0.4 18.7 83.8 1.0105 0.00 0.0M
555720.000 1969 COM2 65 0R0 074 0.2 18.7 83.7 1.0105 0.00 0.0M
555780.000 1969 COM2 65 0R0 128 1.1 18.7 83.7 1.0105 0.00 0.0M
555840.000 1969 COM2 65 0R0 174 0.4 18.7 83.8 1.0105 0.00 0.0M
555900.000 1969 COM2 65 0R0 163 0.4 18.7 83.8 1.0105 0.00 0.0M
555960.000 1969 COM2 65 0R0 154 0.2 18.7 83.7 1.0105 0.00 0.0M
556020.000 1969 COM2 65 0R0 167 0.3 18.7 84.0 1.0105 0.00 0.0M
556080.000 1969 COM2 65 0R0 111 0.2 18.7 84.0 1.0105 0.00 0.0M
556140.000 1969 COM2 65 0R0 189 1.0 18.7 83.8 1.0106 0.00 0.0M
556200.000 1969 COM2 65 0R0 183 1.2 18.7 84.1 1.0106 0.00 0.0M
556260.000 1969 COM2 65 0R0 098 0.2 18.7 84.4 1.0106 0.00 0.0M
556320.000 1969 COM2 65 0R0 198 0.9 18.6 84.4 1.0106 0.00 0.0M
556380.000 1969 COM2 65 0R0 107 0.3 18.6 84.5 1.0106 0.00 0.0M
556440.000 1969 COM2 65 0R0 156 0.3 18.6 84.6 1.0106 0.00 0.0M
556500.000 1969 COM2 65 0R0 213 0.2 18.6 84.5 1.0106 0.00 0.0M
556560.000 1969 COM2 65 0R0 110 0.5 18.6 84.4 1.0106 0.00 0.0M
556620.000 1969 COM2 65 0R0 143 0.5 18.6 84.1 1.0106 0.00 0.0M
556680.000 1969 COM2 65 0R0 109 0.8 18.7 84.3 1.0106 0.00 0.0M
556740.000 1969 COM2 65 0R0 149 0.9 18.7 84.4 1.0105 0.00 0.0M
556800.000 1969 COM2 65 0R0 125 0.7 18.7 84.5 1.0105 0.00 0.0M
556860.000 1969 COM2 65 0R0 175 1.1 18.6 84.4 1.0105 0.00 0.0M
556920.000 1969 COM2 65 0R0 175 1.1 18.6 84.7 1.0105 0.00 0.0M
556980.000 1969 COM2 65 0R0 166 0.4 18.6 84.8 1.0105 0.00 0.0M
557040.000 1969 COM2 65 0R0 180 0.5 18.5 84.8 1.0105 0.00 0.0M
557100.000 1969 COM2 65 0R0 232 0.9 18.5 85.0 1.0105 0.00 0.0M
557160.000 1969 COM2 65 0R0 183 1.0 18.5 85.3 1.0105 0.00 0.0M
557220.000 1969 COM2 65 0R0 197 0.8 18.5 85.3 1.0106 0.00 0.0M
557280.000 1969 COM2 65 0R0 176 1.0 18.4 85.6 1.0106 0.00 0.0M
557340.000 1969 COM2 65 0R0 196 0.7 18.4 85.9 1.0106 0.00 0.0M
557400.000 1969 COM2 65 0R0 346 0.4 18.4 86.1 1.0106 0.00 0.0M
557460.000 1969 COM2 65 0R0 148 0.4 18.3 86.2 1.0106 0.00 0.0M
557520.000 1969 COM2 65 0R0 089 0.4 18.3 86.3 1.0106 0.00 0.0M
557580.000 1969 COM2 65 0R0 124 0.6 18.3 86.2 1.0106 0.00 0.0M
557640.000 1969 COM2 65 0R0 190 0.8 18.2 86.0 1.0106 0.00 0.0M
557700.000 1969 COM2 65 0R0 108 0.4 18.2 86.1 1.0106 0.00 0.0M
557760.000 1969 COM2 65 0R0 108 0.8 18.2 86.3 1.0106 0.00 0.0M
557820.000 1969 COM2 65 0R0 109 0.5 18.2 86.3 1.0106 0.00 0.0M
557880.000 1969 COM2 65 0R0 083 0.3 18.2 86.4 1.0106 0.00 0.0M
557940.000 1969 COM2 65 0R0 108 0.4 18.2 86.3 1.0106 0.00 0.0M
558000.000 1969 COM2 65 0R0 176 0.8 18.2 86.1 1.0106 0.00 0.0M
558060.000 1969 COM2 65 0R0 150 1.3 18.2 86.2 1.0106 0.00 0.0M
558120.000 1969 COM2 65 0R0 143 1.2 18.2 86.3 1.0106 0.00 0.0M
558180.000 1969 COM2 65 0R0 118 0.6 18.2 86.4 1.0106 0.00 0.0M
558240.000 1969 COM2 65 0R0 114 1.3 18.2 86.4 1.0106 0.00 0.0M
558300.000 1969 COM2 65 0R0 147 1.0 18.1 86.4 1.0107 0.00 0.0M
558360.000 1969 COM2 65 0R0 136 0.2 18.1 86.3 1.0107 0.00 0.0M
558420.000 1969 COM2 65 0R0 126 1.0 18.1 86.4 1.0107 0.00 0.0M
558480.000 1969 COM2 65 0R0 171 0.5 18.1 86.3 1.0107 0.00 0.0M
558540.000 1969 COM2 65 0R0 104 0.7 18.2 86.0 1.0107 0.00 0.0M
558600.000 1969 COM2 65 0R0 134 1.2 18.2 85.9 1.0107 0.00 0.0M
558660.000 1969 COM2 65 0R0 187 0.6 18.2 86.0 1.0107 0.00 0.0M
558720.000 1969 COM2 65 0R0 138 1.2 18.2 86.0 1.0107 0.00 0.0M
558780.000 1969 COM2 65 0R0 138 0.4 18.2 86.3 1.0107 0.00 0.0M
558840.000 1969 COM2 65 0R0 149 0.8 18.2 86.2 1.0107 0.00 0.0M
558900.000 1969 COM2 65 0R0 126 1.2 18.1 86.4 1.0107 0.00 0.0M
558960.000 1969 COM2 65 0R0 141 0.5 18.1 86.5 1.0107 0.00 0.0M
559020.000 1969 COM2 65 0R0 118 0.8 18.1 86.7 1.0107 0.00 0.0M
559080.000 1969 COM2 65 0R0 110 0.5 18.1 86.7 1.0107 0.00 0.0M
559140.000 1969 COM2 65 0R0 141 0.5 18.1 86.7 1.0107 0.00 0.0M
559200.000 1969 COM2 65 0R0 109 0.8 18.1 86.5 1.0107 0.00 0.0M
559260.000 1969 COM2 65 0R0 133 0.3 18.1 86.5 1.0107 0.00 0.0M
559320.000 1969 COM2 65 0R0 119 1.2 18.1 86.5 1.0107 0.00 0.0M
559380.000 1969 COM2 65 0R0 108 0.9 18.1 86.5 1.0107 0.00 0.0M
559440.000 1969 COM2 65 0R0 138 2.1 18.1 86.4 1.0107 0.00 0.0M
559500.000 1969 COM2 65 0R0 137 1.8 18.1 86.6 1.0107 0.00 0.0M
559560.000 1969 COM2 65 0R0 136 1.6 18.1 87.0 1.0107 0.00 0.0M
559620.000 1969 COM2 65 0R0 143 1.4 18.1 86.9 1.0107 0.00 0.0M
559680.000 1969 COM2 65 0R0 141 2.2 18.1 87.1 1.0107 0.00 0.0M
559740.000 1969 COM2 65 0R0 108 1.3 18.2 87.2 1.0107 0.00 0.0M
559800.000 1969 COM2 65 0R0 141 1.5 18.2 87.1 1.0107 0.00 0.0M
559860.000 1969 COM2 65 0R0 146 1.5 18.1 87.0 1.0107 0.00 0.0M
559920.000 1969 COM2 65 0R0 155 1.0 18.1 86.9 1.0107 0.00 0.0M
559980.000 1969 COM2 65 0R0 153 2.6 18.2 86.5 1.0107 0.00 0.0M
560040.000 1969 COM2 65 0R0 133 1.7 18.2 86.5 1.0107 0.00 0.0M
560100.000 1969 COM2 65 0R0 144 1.4 18.2 86.4 1.0107 0.00 0.0M
560160.000 1969 COM2 65 0R0 143 2.5 18.2 86.7 1.0107 0.00 0.0M
560220.000 1969 COM2 65 0R0 152 1.5 18.2 86.4 1.0106 0.00 0.0M
560280.000 1969 COM2 65 0R0 144 2.4 18.2 86.7 1.0106 0.00 0.0M
560340.000 1969 COM2 65 0R0 146 1.5 18.2 86.6 1.0106 0.00 0.0M
560400.000 1969 COM2 65 0R0 140 1.7 18.3 86.4 1.0106 0.00 0.0M
560460.000 1969 COM2 65 0R0 153 1.8 18.3 86.4 1.0106 0.00 0.0M
560520.000 1969 COM2 65 0R0 153 1.6 18.3 86.5 1.0106 0.00 0.0M
560580.000 1969 COM2 65 0R0 141 1.4 18.3 86.5 1.0106 0.00 0.0M
560640.000 1969 COM2 65 0R0 145 1.9 18.3 86.4 1.0106 0.00 0.0M
560700.000 1969 COM2 65 0R0 109 1.0 18.3 86.3 1.0106 0.00 0.0M
560760.000 1969 COM2 65 0R0 148 1.8 18.3 86.0 1.0106 0.00 0.0M
560820.000 1969 COM2 65 0R0 134 1.3 18.4 86.2 1.0106 0.00 0.0M
560880.000 1969 COM2 65 0R0 153 2.7 18.4 86.1 1.0106 0.00 0.0M
560940.000 1969 COM2 65 0R0 166 0.7 18.4 86.3 1.0106 0.00 0.0M
561000.000 1969 COM2 65 0R0 145 1.9 18.4 86.1 1.0106 0.00 0.0M
561060.000 1969 COM2 65 0R0 134 1.5 18.4 86.1 1.0106 0.00 0.0M
561120.000 1969 COM2 65 0R0 112 1.0 18.4 86.0 1.0107 0.00 0.0M
561180.000 1969 COM2 65 0R0 179 2.9 18.4 85.9 1.0107 0.00 0.0M
561240.000 1969 COM2 65 0R0 141 1.6 18.5 85.9 1.0107 0.00 0.0M
561300.000 1969 COM2 65 0R0 165 1.5 18.4 86.0 1.0107 0.00 0.0M
561360.000 1969 COM2 65 0R0 152 2.2 18.4 86.2 1.0108 0.00 0.0M
561420.000 1969 COM2 65 0R0 206 1.9 18.4 86.4 1.0108 0.00 0.0M
561480.000 1969 COM2 65 0R0 198 1.1 18.4 86.5 1.0108 0.00 0.0M
561540.000 1969 COM2 65 0R0 196 1.8 18.4 86.4 1.0108 0.00 0.0M
561600.000 1969 COM2 65 0R0 206 0.6 18.4 86.8 1.0108 0.00 0.0M
561660.000 1969 COM2 65 0R0 123 0.2 18.4 86.7 1.0108 0.00 0.0M
561720.000 1969 COM2 65 0R0 185 1.7 18.4 86.7 1.0108 0.00 0.0M
561780.000 1969 COM2 65 0R0 194 1.3 18.4 86.6 1.0108 0.00 0.0M
561840.000 1969 COM2 65 0R0 209 1.4 18.4 86.5 1.0108 0.00 0.0M
561900.000 1969 COM2 65 0R0 183 2.4 18.4 86.8 1.0109 0.00 0.0M
561960.000 1969 COM2 65 0R0 165 2.0 18.4 86.9 1.0109 0.00 0.0M
562020.000 1969 COM2 65 0R0 159 1.9 18.3 86.9 1.0109 0.00 0.0M
562080.000 1969 COM2 65 0R0 161 1.5 18.3 87.1 1.0109 0.00 0.0M
562140.000 1969 COM2 65 0R0 147 0.6 18.3 86.8 1.0109 0.00 0.0M
562200.000 1969 COM2 65 0R0 182 1.3 18.3 86.5 1.0109 0.00 0.0M
562260.100 1969 COM2 65 0R0 165 1.9 18.4 86.6 1.0109 0.00 0.0M
562320.000 1969 COM2 65 0R0 152 0.3 18.4 86.8 1.0110 0.00 0.0M
562380.000 1969 COM2 65 0R0 136 0.6 18.4 86.7 1.0110 0.00 0.0M
562440.000 1969 COM2 65 0R0 140 0.9 18.4 86.5 1.0110 0.00 0.0M
562500.000 1969 COM2 65 0R0 128 0.7 18.4 86.4 1.0110 0.00 0.0M
562560.100 1969 COM2 65 0R0 148 2.1 18.5 86.3 1.0110 0.00 0.0M
562620.000 1969 COM2 65 0R0 149 1.3 18.5 86.9 1.0110 0.00 0.0M
562680.000 1969 COM2 65 0R0 168 1.1 18.5 86.7 1.0110 0.00 0.0M
562740.000 1969 COM2 65 0R0 155 0.7 18.5 86.2 1.0111 0.00 0.0M
562800.000 1969 COM2 65 0R0 158 0.3 18.5 85.9 1.0111 0.00 0.0M
562860.000 1969 COM2 65 0R0 146 2.2 18.5 85.7 1.0111 0.00 0.0M
562920.000 1969 COM2 65 0R0 147 0.6 18.5 86.4 1.0112 0.00 0.0M
562980.000 1969 COM2 65 0R0 144 0.5 18.5 86.2 1.0112 0.00 0.0M
563040.000 1969 COM2 65 0R0 119 0.4 18.6 86.0 1.0112 0.00 0.0M
563100.000 1969 COM2 65 0R0 178 1.6 18.7 85.5 1.0112 0.00 0.0M
563160.000 1969 COM2 65 0R0 190 0.8 18.7 85.6 1.0112 0.00 0.0M
563220.000 1969 COM2 65 0R0 166 0.7 18.7 85.8 1.0112 0.00 0.0M
563280.000 1969 COM2 65 0R0 171 1.5 18.8 85.6 1.0112 0.00 0.0M
563340.000 1969 COM2 65 0R0 152 0.4 18.8 85.4 1.0113 0.00 0.0M
563400.000 1969 COM2 65 0R0 167 0.6 18.9 85.1 1.0113 0.00 0.0M
563460.000 1969 COM2 65 0R0 158 0.9 19.0 84.8 1.0113 0.00 0.0M
563520.000 1969 COM2 65 0R0 209 1.2 19.1 84.1 1.0113 0.00 0.0M
563580.000 1969 COM2 65 0R0 143 0.9 19.2 84.1 1.0113 0.00 0.0M
563640.000 1969 COM2 65 0R0 270 0.6 19.2 83.9 1.0114 0.00 0.0M
563700.000 1969 COM2 65 0R0 183 0.4 19.3 83.7 1.0114 0.00 0.0M
563760.000 1969 COM2 65 0R0 182 1.4 19.4 83.3 1.0114 0.00 0.0M
563820.000 1969 COM2 65 0R0 245 1.9 19.5 82.8 1.0114 0.00 0.0M
563880.000 1969 COM2 65 0R0 191 0.7 19.5 82.6 1.0114 0.00 0.0M
563940.000 1969 COM2 65 0R0 182 1.3 19.6 82.3 1.0114 0.00 0.0M
564000.000 1969 COM2 65 0R0 212 0.6 19.7 82.0 1.0114 0.00 0.0M
564060.000 1969 COM2 65 0R0 245 1.4 19.8 81.8 1.0114 0.00 0.0M
564120.000 1969 COM2 65 0R0 221 1.1 19.8 81.2 1.0114 0.00 0.0M
564180.000 1969 COM2 65 0R0 179 0.7 19.9 81.1 1.0115 0.00 0.0M
564240.000 1969 COM2 65 0R0 216 0.5 19.9 80.9 1.0115 0.00 0.0M
564300.000 1969 COM2 65 0R0 240 2.1 20.0 80.9 1.0115 0.00 0.0M
564360.000 1969 COM2 65 0R0 189 0.5 20.0 80.6 1.0115 0.00 0.0M
564420.000 1969 COM2 65 0R0 244 0.8 20.0 80.4 1.0116 0.00 0.0M
564480.000 1969 COM2 65 0R0 190 1.9 20.1 80.4 1.0116 0.00 0.0M
564540.000 1969 COM2 65 0R0 214 0.4 20.0 80.5 1.0116 0.00 0.0M
564600.000 1969 COM2 65 0R0 193 0.6 20.0 80.7 1.0116 0.00 0.0M
564660.000 1969 COM2 65 0R0 185 2.4 19.9 81.0 1.0116 0.00 0.0M
564720.000 1969 COM2 65 0R0 173 0.7 19.9 80.8 1.0116 0.00 0.0M
564780.000 1969 COM2 65 0R0 215 0.5 20.0 80.8 1.0116 0.00 0.0M
564840.000 1969 COM2 65 0R0 159 1.4 20.1 80.4 1.0117 0.00 0.0M
564900.000 1969 COM2 65 0R0 188 1.5 20.1 80.6 1.0117 0.00 0.0M
564960.000 1969 COM2 65 0R0 090 0.6 20.1 79.9 1.0116 0.00 0.0M
565020.000 1969 COM2 65 0R0 163 0.3 20.2 79.6 1.0116 0.00 0.0M
565080.000 1969 COM2 65 0R0 188 0.3 20.3 79.3 1.0116 0.00 0.0M
565140.000 1969 COM2 65 0R0 194 0.5 20.4 78.6 1.0116 0.00 0.0M
565200.000 1969 COM2 65 0R0 182 1.6 20.5 78.6 1.0116 0.00 0.0M
565260.000 1969 COM2 65 0R0 202 1.7 20.5 78.9 1.0117 0.00 0.0M
565320.000 1969 COM2 65 0R0 232 1.5 20.4 79.1 1.0117 0.00 0.0M
565380.000 1969 COM2 65 0R0 226 0.4 20.3 79.2 1.0117 0.00 0.0M
565440.000 1969 COM2 65 0R0 130 0.5 20.3 79.6 1.0117 0.00 0.0M
565500.000 1969 COM2 65 0R0 176 0.4 20.4 78.9 1.0117 0.00 0.0M
565560.000 1969 COM2 65 0R0 261 0.8 20.6 78.2 1.0117 0.00 0.0M
565620.000 1969 COM2 65 0R0 166 0.7 20.7 78.1 1.0117 0.00 0.0M
565680.000 1969 COM2 65 0R0 181 2.0 20.8 77.8 1.0117 0.00 0.0M
565740.000 1969 COM2 65 0R0 192 0.4 20.9 77.7 1.0117 0.00 0.0M
565800.000 1969 COM2 65 0R0 207 1.8 20.9 77.4 1.0117 0.00 0.0M
565860.000 1969 COM2 65 0R0 207 2.4 21.0 76.8 1.0117 0.00 0.0M
565920.000 1969 COM2 65 0R0 240 2.6 21.1 76.5 1.0117 0.00 0.0M
565980.000 1969 COM2 65 0R0 134 0.3 21.0 77.1 1.0117 0.00 0.0M
566040.000 1969 COM2 65 0R0 186 0.4 20.9 76.8 1.0118 0.00 0.0M
566100.000 1969 COM2 65 0R0 166 0.5 21.0 76.8 1.0117 0.00 0.0M
566160.000 1969 COM2 65 0R0 138 0.8 21.2 76.1 1.0117 0.00 0.0M
566220.000 1969 COM2 65 0R0 186 0.7 21.3 75.8 1.0117 0.00 0.0M
566280.000 1969 COM2 65 0R0 151 0.8 21.4 75.7 1.0117 0.00 0.0M
566340.000 1969 COM2 65 0R0 111 0.7 21.5 75.0 1.0117 0.00 0.0M
566400.000 1969 COM2 65 0R0 108 1.4 21.6 74.1 1.0117 0.00 0.0M
566460.000 1969 COM2 65 0R0 216 0.4 21.7 73.9 1.0117 0.00 0.0M
566520.000 1969 COM2 65 0R0 121 0.4 21.8 73.5 1.0117 0.00 0.0M
566580.000 1969 COM2 65 0R0 111 0.6 21.8 73.4 1.0117 0.00 0.0M
566640.000 1969 COM2 65 0R0 117 1.1 21.9 73.3 1.0117 0.00 0.0M
566700.000 1969 COM2 65 0R0 161 1.6 21.9 72.9 1.0117 0.00 0.0M
566760.000 1969 COM2 65 0R0 120 2.6 21.9 73.1 1.0116 0.00 0.0M
566820.000 1969 COM2 65 0R0 111 1.3 21.8 73.7 1.0116 0.00 0.0M
566880.000 1969 COM2 65 0R0 090 0.7 21.7 73.5 1.0116 0.00 0.0M
566940.000 1969 COM2 65 0R0 128 2.4 21.7 73.7 1.0116 0.00 0.0M
567000.000 1969 COM2 65 0R0 144 1.7 21.8 73.4 1.0116 0.00 0.0M
567060.000 1969 COM2 65 0R0 175 1.5 21.8 73.7 1.0116 0.00 0.0M
567120.000 1969 COM2 65 0R0 165 1.6 21.8 73.9 1.0116 0.00 0.0M
567180.000 1969 COM2 65 0R0 193 2.4 21.7 74.1 1.0116 0.00 0.0M
567240.000 1969 COM2 65 0R0 185 1.8 21.6 74.6 1.0116 0.00 0.0M
567300.000 1969 COM2 65 0R0 123 1.6 21.5 74.7 1.0116 0.00 0.0M
567360.000 1969 COM2 65 0R0 128 1.7 21.5 75.2 1.0116 0.00 0.0M
567420.000 1969 COM2 65 0R0 187 1.8 21.5 75.1 1.0116 0.00 0.0M
567480.000 1969 COM2 65 0R0 192 2.9 21.6 74.8 1.0116 0.00 0.0M
567540.100 1969 COM2 65 0R0 190 1.7 21.7 74.6 1.0116 0.00 0.0M
567600.000 1969 COM2 65 0R0 221 1.5 21.6 75.1 1.0116 0.00 0.0M
567660.000 1969 COM2 65 0R0 165 2.6 21.5 75.2 1.0116 0.00 0.0M
567720.000 1969 COM2 65 0R0 155 2.0 21.6 75.2 1.0116 0.00 0.0M
567780.000 1969 COM2 65 0R0 164 3.8 21.6 74.8 1.0116 0.00 0.0M
567840.000 1969 COM2 65 0R0 145 1.9 21.6 74.9 1.0116 0.00 0.0M
567900.000 1969 COM2 65 0R0 083 2.0 21.5 74.9 1.0116 0.00 0.0M
567960.000 1969 COM2 65 0R0 135 1.3 21.6 75.0 1.0116 0.00 0.0M
568020.000 1969 COM2 65 0R0 154 1.6 21.7 74.3 1.0116 0.00 0.0M
568080.000 1969 COM2 65 0R0 146 2.4 21.8 74.1 1.0116 0.00 0.0M
568140.000 1969 COM2 65 0R0 190 2.0 21.9 74.1 1.0116 0.00 0.0M
568200.000 1969 COM2 65 0R0 150 2.4 22.0 73.7 1.0116 0.00 0.0M
568260.000 1969 COM2 65 0R0 112 0.8 22.0 73.8 1.0116 0.00 0.0M
568320.000 1969 COM2 65 0R0 171 2.5 22.0 73.6 1.0116 0.00 0.0M
568380.000 1969 COM2 65 0R0 171 1.3 22.1 73.8 1.0116 0.00 0.0M
568440.000 1969 COM2 65 0R0 181 2.3 22.2 73.3 1.0116 0.00 0.0M
568500.000 1969 COM2 65 0R0 177 3.4 22.2 73.3 1.0116 0.00 0.0M
568560.000 1969 COM2 65 0R0 181 3.3 22.1 73.9 1.0116 0.00 0.0M
568620.000 1969 COM2 65 0R0 180 2.6 22.1 73.4 1.0116 0.00 0.0M
568680.000 1969 COM2 65 0R0 158 2.6 22.0 74.0 1.0116 0.00 0.0M
568740.000 1969 COM2 65 0R0 155 2.0 22.0 73.7 1.0116 0.00 0.0M
568800.000 1969 COM2 65 0R0 118 0.8 22.0 74.6 1.0116 0.00 0.0M
568860.000 1969 COM2 65 0R0 122 1.7 22.0 73.8 1.0116 0.00 0.0M
568920.000 1969 COM2 65 0R0 119 1.2 22.2 73.1 1.0116 0.00 0.0M
568980.000 1969 COM2 65 0R0 116 1.3 22.5 71.9 1.0116 0.00 0.0M
569040.000 1969 COM2 65 0R0 177 2.3 22.6 71.5 1.0116 0.00 0.0M
569100.000 1969 COM2 65 0R0 128 1.5 22.7 71.3 1.0116 0.00 0.0M
569160.000 1969 COM2 65 0R0 191 2.2 22.7 71.1 1.0116 0.00 0.0M
569220.000 1969 COM2 65 0R0 199 1.7 22.7 71.3 1.0116 0.00 0.0M
569280.000 1969 COM2 65 0R0 161 1.4 22.7 71.6 1.0116 0.00 0.0M
569340.000 1969 COM2 65 0R0 146 0.9 22.7 71.4 1.0116 0.00 0.0M
569400.000 1969 COM2 65 0R0 142 2.0 22.8 71.0 1.0116 0.00 0.0M
569460.000 1969 COM2 65 0R0 122 2.2 23.0 69.9 1.0116 0.00 0.0M
569520.000 1969 COM2 65 0R0 197 0.7 23.2 69.4 1.0116 0.00 0.0M
569580.000 1969 COM2 65 0R0 223 2.5 23.3 69.1 1.0116 0.00 0.0M
569640.000 1969 COM2 65 0R0 210 0.7 23.4 69.0 1.0116 0.00 0.0M
569700.000 1969 COM2 65 0R0 195 2.1 23.4 69.0 1.0116 0.00 0.0M
569760.000 1969 COM2 65 0R0 207 4.5 23.4 68.8 1.0116 0.00 0.0M
569820.000 1969 COM2 65 0R0 249 2.4 23.4 67.9 1.0116 0.00 0.0M
569880.000 1969 COM2 65 0R0 271 1.3 23.3 68.4 1.0116 0.00 0.0M
569940.000 1969 COM2 65 0R0 175 3.5 23.2 68.5 1.0116 0.00 0.0M
570000.000 1969 COM2 65 0R0 175 4.1 23.3 69.2 1.0116 0.00 0.0M
570060.000 1969 COM2 65 0R0 082 1.5 23.3 66.6 1.0116 0.00 0.0M
570120.000 1969 COM2 65 0R0 219 2.5 23.4 67.6 1.0115 0.00 0.0M
570180.000 1969 COM2 65 0R0 158 3.6 23.5 68.3 1.0116 0.00 0.0M
570240.000 1969 COM2 65 0R0 221 1.8 23.6 66.8 1.0116 0.00 0.0M
570300.000 1969 COM2 65 0R0 215 5.2 23.7 66.0 1.0116 0.00 0.0M
570360.000 1969 COM2 65 0R0 212 4.4 23.7 65.3 1.0115 0.00 0.0M
570420.000 1969 COM2 65 0R0 204 4.5 23.6 64.8 1.0115 0.00 0.0M
570480.000 1969 COM2 65 0R0 160 2.9 23.5 65.3 1.0115 0.00 0.0M
570540.000 1969 COM2 65 0R0 213 3.4 23.4 66.7 1.0115 0.00 0.0M
570600.000 1969 COM2 65 0R0 239 3.0 23.5 67.0 1.0115 0.00 0.0M
570660.000 1969 COM2 65 0R0 230 2.5 23.6 65.8 1.0115 0.00 0.0M
570720.000 1969 COM2 65 0R0 160 1.2 23.6 65.5 1.0115 0.00 0.0M
570780.000 1969 COM2 65 0R0 233 1.2 23.7 65.7 1.0115 0.00 0.0M
570840.000 1969 COM2 65 0R0 121 0.5 23.8 65.3 1.0115 0.00 0.0M
570900.000 1969 COM2 65 0R0 206 2.4 24.0 65.2 1.0115 0.00 0.0M
570960.000 1969 COM2 65 0R0 165 2.7 24.2 64.9 1.0115 0.00 0.0M
571020.000 1969 COM2 65 0R0 163 3.4 24.3 64.1 1.0115 0.00 0.0M
571080.000 1969 COM2 65 0R0 160 2.3 24.3 63.6 1.0115 0.00 0.0M
571140.000 1969 COM2 65 0R0 133 1.2 24.1 64.9 1.0115 0.00 0.0M
571200.000 1969 COM2 65 0R0 125 2.1 24.0 64.6 1.0115 0.00 0.0M
571260.000 1969 COM2 65 0R0 207 3.5 24.1 64.0 1.0115 0.00 0.0M
571320.000 1969 COM2 65 0R0 262 2.0 24.2 63.8 1.0115 0.00 0.0M
571380.000 1969 COM2 65 0R0 229 4.4 24.2 63.8 1.0115 0.00 0.0M
571440.000 1969 COM2 65 0R0 191 3.1 24.2 62.1 1.0114 0.00 0.0M
571500.000 1969 COM2 65 0R0 225 5.7 24.3 62.6 1.0115 0.00 0.0M
571560.000 1969 COM2 65 0R0 232 5.4 24.3 62.0 1.0114 0.00 0.0M
571620.000 1969 COM2 65 0R0 232 4.5 24.2 62.6 1.0114 0.00 0.0M
571680.000 1969 COM2 65 0R0 173 4.8 24.1 62.6 1.0114 0.00 0.0M
571740.000 1969 COM2 65 0R0 182 2.3 24.1 64.2 1.0114 0.00 0.0M
571800.000 1969 COM2 65 0R0 181 2.5 24.0 64.7 1.0115 0.00 0.0M
571860.000 1969 COM2 65 0R0 139 1.8 24.1 64.3 1.0115 0.00 0.0M
571920.000 1969 COM2 65 0R0 166 3.3 24.3 62.8 1.0114 0.00 0.0M
571980.000 1969 COM2 65 0R0 112 1.3 24.5 62.7 1.0114 0.00 0.0M
572040.000 1969 COM2 65 0R0 175 4.2 24.5 61.5 1.0114 0.00 0.0M
572100.000 1969 COM2 65 0R0 123 3.0 24.6 61.4 1.0114 0.00 0.0M
572160.000 1969 COM2 65 0R0 125 1.8 24.6 61.2 1.0114 0.00 0.0M
572220.000 1969 COM2 65 0R0 144 2.4 24.6 61.5 1.0114 0.00 0.0M
572280.000 1969 COM2 65 0R0 211 3.1 24.7 60.7 1.0114 0.00 0.0M
572340.000 1969 COM2 65 0R0 129 2.8 24.6 61.8 1.0114 0.00 0.0M
572400.000 1969 COM2 65 0R0 102 0.8 24.5 61.4 1.0114 0.00 0.0M
572460.000 1969 COM2 65 0R0 225 3.1 24.6 60.9 1.0114 0.00 0.0M
572520.000 1969 COM2 65 0R0 216 4.3 24.6 61.4 1.0114 0.00 0.0M
572580.000 1969 COM2 65 0R0 232 2.7 24.6 60.2 1.0114 0.00 0.0M
572640.000 1969 COM2 65 0R0 106 1.3 24.6 61.2 1.0114 0.00 0.0M
572700.000 1969 COM2 65 0R0 184 2.9 24.7 61.4 1.0114 0.00 0.0M
572760.000 1969 COM2 65 0R0 173 2.2 24.8 61.4 1.0114 0.00 0.0M
572820.000 1969 COM2 65 0R0 167 4.3 24.8 60.8 1.0114 0.00 0.0M
572880.000 1969 COM2 65 0R0 196 3.9 24.7 61.1 1.0114 0.00 0.0M
572940.000 1969 COM2 65 0R0 194 5.4 24.5 61.2 1.0113 0.00 0.0M
573000.000 1969 COM2 65 0R0 236 2.0 24.5 61.7 1.0113 0.00 0.0M
573060.000 1969 COM2 65 0R0 195 4.0 24.4 61.7 1.0113 0.00 0.0M
573120.000 1969 COM2 65 0R0 169 0.3 24.5 61.2 1.0113 0.00 0.0M
573180.000 1969 COM2 65 0R0 130 3.0 24.6 61.4 1.0113 0.00 0.0M
573240.000 1969 COM2 65 0R0 118 1.8 24.8 60.0 1.0113 0.00 0.0M
573300.000 1969 COM2 65 0R0 220 3.2 25.0 59.3 1.0113 0.00 0.0M
573360.000 1969 COM2 65 0R0 260 1.6 25.1 60.1 1.0112 0.00 0.0M
573420.000 1969 COM2 65 0R0 243 2.3 25.0 58.4 1.0112 0.00 0.0M
573480.000 1969 COM2 65 0R0 161 1.3 25.1 59.3 1.0112 0.00 0.0M
573540.000 1969 COM2 65 0R0 165 4.7 25.1 58.6 1.0112 0.00 0.0M
573600.000 1969 COM2 65 0R0 239 3.3 25.2 58.3 1.0112 0.00 0.0M
573660.000 1969 COM2 65 0R0 222 3.6 25.2 58.1 1.0112 0.00 0.0M
573720.000 1969 COM2 65 0R0 221 5.6 25.2 57.9 1.0112 0.00 0.0M
573780.000 1969 COM2 65 0R0 123 1.9 25.1 56.7 1.0112 0.00 0.0M
573840.000 1969 COM2 65 0R0 216 3.8 25.1 58.2 1.0112 0.00 0.0M
573900.000 1969 COM2 65 0R0 213 3.5 25.1 58.2 1.0112 0.00 0.0M
573960.000 1969 COM2 65 0R0 154 1.0 25.2 58.2 1.0112 0.00 0.0M
574020.000 1969 COM2 65 0R0 173 0.5 25.3 58.1 1.0112 0.00 0.0M
574080.000 1969 COM2 65 0R0 194 4.4 25.5 57.5 1.0112 0.00 0.0M
574140.000 1969 COM2 65 0R0 172 5.5 25.8 56.5 1.0112 0.00 0.0M
574200.100 1969 COM2 65 0R0 213 5.4 26.0 55.1 1.0112 0.00 0.0M
574260.100 1969 COM2 65 0R0 235 3.1 25.8 55.8 1.0111 0.00 0.0M
574320.000 1969 COM2 65 0R0 254 3.4 25.8 56.2 1.0112 0.00 0.0M
574380.000 1969 COM2 65 0R0 197 2.1 25.7 56.6 1.0112 0.00 0.0M
574440.100 1969 COM2 65 0R0 135 2.3 25.7 56.8 1.0112 0.00 0.0M
574500.000 1969 COM2 65 0R0 191 1.3 25.7 56.0 1.0111 0.00 0.0M
574560.000 1969 COM2 65 0R0 163 1.3 25.7 55.3 1.0112 0.00 0.0M
574620.000 1969 COM2 65 0R0 141 0.6 25.8 56.1 1.0112 0.00 0.0M
574680.000 1969 COM2 65 0R0 234 0.7 25.9 56.1 1.0112 0.00 0.0M
574740.000 1969 COM2 65 0R0 202 4.1 26.2 55.4 1.0111 0.00 0.0M
574800.000 1969 COM2 65 0R0 223 4.0 26.5 53.5 1.0111 0.00 0.0M
574860.000 1969 COM2 65 0R0 221 2.6 26.3 53.2 1.0111 0.00 0.0M
574920.000 1969 COM2 65 0R0 191 3.9 26.1 54.0 1.0111 0.00 0.0M
574980.000 1969 COM2 65 0R0 103 0.3 26.0 53.9 1.0110 0.00 0.0M
575040.000 1969 COM2 65 0R0 272 1.0 25.8 54.6 1.0110 0.00 0.0M
575100.000 1969 COM2 65 0R0 234 4.5 25.9 54.3 1.0110 0.00 0.0M
575160.100 1969 COM2 65 0R0 246 2.7 26.1 52.9 1.0109 0.00 0.0M
575220.000 1969 COM2 65 0R0 271 3.4 26.2 52.3 1.0109 0.00 0.0M
575280.000 1969 COM2 65 0R0 258 3.6 26.3 52.7 1.0110 0.00 0.0M
575340.000 1969 COM2 65 0R0 224 4.1 26.5 51.8 1.0109 0.00 0.0M
575400.000 1969 COM2 65 0R0 238 4.5 26.4 52.0 1.0109 0.00 0.0M
575460.000 1969 COM2 65 0R0 265 3.8 26.3 52.1 1.0109 0.00 0.0M
575520.000 1969 COM2 65 0R0 250 2.7 26.2 52.7 1.0109 0.00 0.0M
575580.000 1969 COM2 65 0R0 218 6.8 26.2 52.8 1.0109 0.00 0.0M
575640.000 1969 COM2 65 0R0 216 5.8 26.2 52.5 1.0109 0.00 0.0M
575700.000 1969 COM2 65 0R0 218 5.2 26.2 51.4 1.0109 0.00 0.0M
575760.000 1969 COM2 65 0R0 214 4.2 26.1 51.9 1.0109 0.00 0.0M
575820.000 1969 COM2 65 0R0 147 1.3 25.9 52.9 1.0109 0.00 0.0M
575880.000 1969 COM2 65 0R0 177 2.6 25.8 53.1 1.0109 0.00 0.0M
575940.100 1969 COM2 65 0R0 204 4.0 25.9 53.7 1.0109 0.00 0.0M
576000.000 1969 COM2 65 0R0 230 5.2 26.0 53.4 1.0109 0.00 0.0M
576060.000 1969 COM2 65 0R0 205 2.3 26.0 53.0 1.0108 0.00 0.0M
576120.000 1969 COM2 65 0R0 277 2.9 25.9 53.4 1.0109 0.00 0.0M
576180.000 1969 COM2 65 0R0 223 4.7 25.8 53.7 1.0109 0.00 0.0M
576240.000 1969 COM2 65 0R0 221 1.2 25.8 54.0 1.0109 0.00 0.0M
576300.000 1969 COM2 65 0R0 217 1.5 25.8 54.1 1.0109 0.00 0.0M
576360.000 1969 COM2 65 0R0 177 2.2 25.8 54.2 1.0109 0.00 0.0M
576420.000 1969 COM2 65 0R0 225 4.6 25.9 54.3 1.0109 0.00 0.0M
576480.000 1969 COM2 65 0R0 238 2.3 26.0 53.6 1.0108 0.00 0.0M
576540.000 1969 COM2 65 0R0 185 1.0 26.1 54.0 1.0108 0.00 0.0M
576600.000 1969 COM2 65 0R0 244 3.6 26.1 53.9 1.0108 0.00 0.0M
576660.000 1969 COM2 65 0R0 202 5.3 26.1 54.0 1.0108 0.00 0.0M
576720.000 1969 COM2 65 0R0 182 4.4 26.2 53.6 1.0107 0.00 0.0M
576780.000 1969 COM2 65 0R0 214 3.2 26.0 53.3 1.0107 0.00 0.0M
576840.000 1969 COM2 65 0R0 242 0.8 25.8 54.1 1.0107 0.00 0.0M
576900.000 1969 COM2 65 0R0 213 3.7 25.7 54.5 1.0107 0.00 0.0M
576960.000 1969 COM2 65 0R0 160 2.6 25.8 54.6 1.0106 0.00 0.0M
577020.000 1969 COM2 65 0R0 270 2.4 26.0 54.5 1.0106 0.00 0.0M
577080.000 1969 COM2 65 0R0 182 2.4 26.1 53.5 1.0106 0.00 0.0M
577140.000 1969 COM2 65 0R0 191 4.8 26.2 53.8 1.0106 0.00 0.0M
577200.000 1969 COM2 65 0R0 193 0.9 26.2 53.1 1.0106 0.00 0.0M
577260.000 1969 COM2 65 0R0 151 0.8 26.0 53.8 1.0106 0.00 0.0M
577320.000 1969 COM2 65 0R0 233 0.7 26.0 53.9 1.0106 0.00 0.0M
577380.000 1969 COM2 65 0R0 192 0.5 26.2 53.7 1.0106 0.00 0.0M
577440.000 1969 COM2 65 0R0 211 5.1 26.4 53.1 1.0106 0.00 0.0M
577500.000 1969 COM2 65 0R0 107 3.4 26.6 52.8 1.0106 0.00 0.0M
577560.000 1969 COM2 65 0R0 108 1.7 26.7 51.7 1.0106 0.00 0.0M
577620.000 1969 COM2 65 0R0 170 4.5 26.7 51.1 1.0106 0.00 0.0M
577680.000 1969 COM2 65 0R0 166 6.4 26.7 50.7 1.0105 0.00 0.0M
577740.000 1969 COM2 65 0R0 157 4.4 26.5 51.3 1.0105 0.00 0.0M
577800.000 1969 COM2 65 0R0 180 4.6 26.4 52.0 1.0105 0.00 0.0M
577860.000 1969 COM2 65 0R0 177 6.0 26.3 52.6 1.0105 0.00 0.0M
577920.000 1969 COM2 65 0R0 167 5.8 26.3 52.7 1.0104 0.00 0.0M
577980.000 1969 COM2 65 0R0 206 4.6 26.3 52.2 1.0104 0.00 0.0M
578040.000 1969 COM2 65 0R0 191 3.1 26.4 52.2 1.0104 0.00 0.0M
578100.000 1969 COM2 65 0R0 216 5.2 26.4 52.7 1.0105 0.00 0.0M
578160.000 1969 COM2 65 0R0 235 1.3 26.5 51.3 1.0104 0.00 0.0M
578220.000 1969 COM2 65 0R0 184 3.6 26.4 51.9 1.0104 0.00 0.0M
578280.000 1969 COM2 65 0R0 213 6.2 26.4 51.6 1.0104 0.00 0.0M
578340.000 1969 COM2 65 0R0 174 5.5 26.4 52.1 1.0103 0.00 0.0M
578400.000 1969 COM2 65 0R0 187 4.7 26.3 51.9 1.0103 0.00 0.0M
578460.000 1969 COM2 65 0R0 171 5.2 26.3 52.4 1.0103 0.00 0.0M
578520.000 1969 COM2 65 0R0 211 5.3 26.3 52.6 1.0103 0.00 0.0M
578580.000 1969 COM2 65 0R0 152 3.0 26.3 52.0 1.0103 0.00 0.0M
578640.000 1969 COM2 65 0R0 240 3.5 26.3 52.7 1.0103 0.00 0.0M
578700.000 1969 COM2 65 0R0 181 2.0 26.2 52.9 1.0102 0.00 0.0M
578760.100 1969 COM2 65 0R0 235 3.8 26.2 53.1 1.0102 0.00 0.0M
578820.000 1969 COM2 65 0R0 175 6.0 26.3 53.1 1.0102 0.00 0.0M
578880.000 1969 COM2 65 0R0 170 3.8 26.3 52.8 1.0102 0.00 0.0M
578940.000 1969 COM2 65 0R0 173 2.6 26.3 53.7 1.0103 0.00 0.0M
579000.000 1969 COM2 65 0R0 252 1.9 26.4 53.1 1.0103 0.00 0.0M
579060.000 1969 COM2 65 0R0 260 2.0 26.5 53.4 1.0103 0.00 0.0M
579120.000 1969 COM2 65 0R0 224 4.4 26.7 52.1 1.0102 0.00 0.0M
579180.000 1969 COM2 65 0R0 155 5.0 26.8 51.2 1.0102 0.00 0.0M
579240.000 1969 COM2 65 0R0 180 5.8 26.9 49.2 1.0102 0.00 0.0M
579300.000 1969 COM2 65 0R0 168 6.5 26.9 49.1 1.0102 0.00 0.0M
579360.000 1969 COM2 65 0R0 155 4.7 26.8 49.3 1.0101 0.00 0.0M
579420.000 1969 COM2 65 0R0 139 4.3 26.7 50.1 1.0100 0.00 0.0M
579480.000 1969 COM2 65 0R0 108 5.1 26.7 49.1 1.0100 0.00 0.0M
579540.000 1969 COM2 65 0R0 191 4.4 26.8 49.3 1.0100 0.00 0.0M
579600.000 1969 COM2 65 0R0 151 3.2 26.8 49.6 1.0100 0.00 0.0M
579660.000 1969 COM2 65 0R0 115 2.6 26.9 49.0 1.0100 0.00 0.0M
579720.000 1969 COM2 65 0R0 130 3.3 26.9 49.3 1.0100 0.00 0.0M
579780.000 1969 COM2 65 0R0 172 4.8 26.9 49.6 1.0099 0.00 0.0M
579840.000 1969 COM2 65 0R0 114 4.1 26.9 49.9 1.0099 0.00 0.0M
579900.000 1969 COM2 65 0R0 207 5.6 26.8 49.4 1.0098 0.00 0.0M
579960.000 1969 COM2 65 0R0 180 8.7 26.8 49.6 1.0098 0.00 0.0M
580020.000 1969 COM2 65 0R0 169 5.9 26.9 49.3 1.0098 0.00 0.0M
580080.000 1969 COM2 65 0R0 112 4.0 26.8 49.8 1.0097 0.00 0.0M
580140.000 1969 COM2 65 0R0 097 3.3 26.8 50.4 1.0098 0.00 0.0M
580200.000 1969 COM2 65 0R0 103 2.5 26.8 50.2 1.0098 0.00 0.0M
580260.000 1969 COM2 65 0R0 094 3.5 26.8 50.3 1.0098 0.00 0.0M
580320.000 1969 COM2 65 0R0 172 5.4 26.7 50.4 1.0097 0.00 0.0M
580380.000 1969 COM2 65 0R0 179 4.2 26.7 51.0 1.0097 0.00 0.0M
580440.000 1969 COM2 65 0R0 150 2.8 26.7 51.5 1.0098 0.00 0.0M
580500.000 1969 COM2 65 0R0 144 3.1 26.8 50.9 1.0098 0.00 0.0M
580560.000 1969 COM2 65 0R0 124 3.0 26.9 50.6 1.0098 0.00 0.0M
580620.000 1969 COM2 65 0R0 172 5.0 27.1 50.0 1.0098 0.00 0.0M
580680.000 1969 COM2 65 0R0 144 0.8 27.2 50.1 1.0098 0.00 0.0M
580740.000 1969 COM2 65 0R0 236 2.9 27.3 50.4 1.0098 0.00 0.0M
580800.000 1969 COM2 65 0R0 110 0.9 27.4 49.8 1.0098 0.00 0.0M
580860.000 1969 COM2 65 0R0 132 1.6 27.7 49.6 1.0098 0.00 0.0M
580920.000 1969 COM2 65 0R0 240 4.8 27.9 48.8 1.0098 0.00 0.0M
580980.000 1969 COM2 65 0R0 201 2.1 28.0 48.2 1.0097 0.00 0.0M
581040.000 1969 COM2 65 0R0 121 1.6 28.0 48.3 1.0097 0.00 0.0M
581100.000 1969 COM2 65 0R0 153 2.5 28.0 46.6 1.0097 0.00 0.0M
581160.000 1969 COM2 65 0R0 215 5.0 27.9 47.5 1.0096 0.00 0.0M
581220.000 1969 COM2 65 0R0 206 4.7 27.8 47.5 1.0096 0.00 0.0M
581280.000 1969 COM2 65 0R0 178 6.1 27.6 47.9 1.0095 0.00 0.0M
581340.000 1969 COM2 65 0R0 203 6.9 27.5 47.5 1.0096 0.00 0.0M
581400.000 1969 COM2 65 0R0 214 7.0 27.5 47.2 1.0096 0.00 0.0M
581460.000 1969 COM2 65 0R0 244 3.0 27.4 47.8 1.0095 0.00 0.0M
581520.000 1969 COM2 65 0R0 171 3.7 27.4 47.9 1.0096 0.00 0.0M
581580.000 1969 COM2 65 0R0 207 5.1 27.4 48.4 1.0095 0.00 0.0M
581640.000 1969 COM2 65 0R0 189 3.6 27.4 47.5 1.0096 0.00 0.0M
581700.000 1969 COM2 65 0R0 175 2.9 27.4 48.0 1.0095 0.00 0.0M
581760.000 1969 COM2 65 0R0 231 5.1 27.3 48.0 1.0095 0.00 0.0M
581820.000 1969 COM2 65 0R0 224 2.1 27.2 47.6 1.0096 0.00 0.0M
581880.000 1969 COM2 65 0R0 165 0.8 27.2 47.6 1.0095 0.00 0.0M
581940.000 1969 COM2 65 0R0 143 0.9 27.2 48.1 1.0095 0.00 0.0M
582000.000 1969 COM2 65 0R0 229 2.3 27.4 48.3 1.0095 0.00 0.0M
582060.000 1969 COM2 65 0R0 139 1.3 27.5 47.3 1.0095 0.00 0.0M
582120.000 1969 COM2 65 0R0 154 3.2 27.6 47.3 1.0095 0.00 0.0M
582180.000 1969 COM2 65 0R0 161 3.6 27.6 47.2 1.0095 0.00 0.0M
582240.000 1969 COM2 65 0R0 220 3.0 27.7 47.0 1.0095 0.00 0.0M
582300.000 1969 COM2 65 0R0 172 4.1 27.6 47.0 1.0095 0.00 0.0M
582360.000 1969 COM2 65 0R0 189 6.1 27.5 47.7 1.0095 0.00 0.0M
582420.100 1969 COM2 65 0R0 192 1.5 27.5 46.8 1.0094 0.00 0.0M
582480.000 1969 COM2 65 0R0 122 1.6 27.3 47.0 1.0094 0.00 0.0M
582540.000 1969 COM2 65 0R0 159 2.8 27.3 47.0 1.0094 0.00 0.0M
582600.000 1969 COM2 65 0R0 171 5.2 27.3 46.9 1.0094 0.00 0.0M
582660.000 1969 COM2 65 0R0 191 3.6 27.4 46.8 1.0095 0.00 0.0M
582720.000 1969 COM2 65 0R0 195 1.2 27.3 47.6 1.0095 0.00 0.0M
582780.000 1969 COM2 65 0R0 120 3.7 27.3 47.5 1.0095 0.00 0.0M
582840.000 1969 COM2 65 0R0 171 3.8 27.4 46.6 1.0094 0.00 0.0M
582900.000 1969 COM2 65 0R0 156 3.1 27.5 46.7 1.0094 0.00 0.0M
582960.000 1969 COM2 65 0R0 164 1.4 27.5 46.8 1.0094 0.00 0.0M
583020.000 1969 COM2 65 0R0 243 4.5 27.5 47.3 1.0094 0.00 0.0M
583080.000 1969 COM2 65 0R0 250 1.9 27.7 46.2 1.0093 0.00 0.0M
583140.000 1969 COM2 65 0R0 201 2.2 27.8 46.3 1.0093 0.00 0.0M
583200.000 1969 COM2 65 0R0 160 1.9 27.9 45.6 1.0093 0.00 0.0M
583260.000 1969 COM2 65 0R0 211 4.3 27.9 45.9 1.0093 0.00 0.0M
583320.000 1969 COM2 65 0R0 204 5.2 28.0 46.0 1.0092 0.00 0.0M
583380.000 1969 COM2 65 0R0 118 1.5 27.9 45.2 1.0092 0.00 0.0M
583440.000 1969 COM2 65 0R0 282 0.4 27.8 46.1 1.0092 0.00 0.0M
583500.000 1969 COM2 65 0R0 228 0.9 27.7 46.5 1.0093 0.00 0.0M
583560.000 1969 COM2 65 0R0 223 1.2 27.7 46.8 1.0093 0.00 0.0M
583620.000 1969 COM2 65 0R0 184 1.9 27.8 47.0 1.0092 0.00 0.0M
583680.000 1969 COM2 65 0R0 151 4.6 27.9 47.0 1.0092 0.00 0.0M
583740.000 1969 COM2 65 0R0 095 2.2 28.0 43.2 1.0093 0.00 0.0M
583800.000 1969 COM2 65 0R0 116 4.1 28.0 43.8 1.0092 0.00 0.0M
583860.000 1969 COM2 65 0R0 139 2.8 28.0 44.3 1.0090 0.00 0.0M
583920.000 1969 COM2 65 0R0 187 7.0 28.1 44.9 1.0092 0.00 0.0M
583980.000 1969 COM2 65 0R0 149 3.5 28.1 44.3 1.0092 0.00 0.0M
584040.000 1969 COM2 65 0R0 188 6.7 27.8 45.7 1.0092 0.00 0.0M
584100.000 1969 COM2 65 0R0 182 5.0 27.7 47.1 1.0091 0.00 0.0M
584160.000 1969 COM2 65 0R0 195 0.5 27.6 46.9 1.0091 0.00 0.0M
584220.000 1969 COM2 65 0R0 238 4.2 27.5 46.7 1.0091 0.00 0.0M
584280.000 1969 COM2 65 0R0 218 2.9 27.5 47.2 1.0091 0.00 0.0M
584340.000 1969 COM2 65 0R0 213 2.4 27.6 46.7 1.0091 0.00 0.0M
584400.000 1969 COM2 65 0R0 224 6.8 27.6 47.4 1.0092 0.00 0.0M
584460.000 1969 COM2 65 0R0 184 5.5 27.5 46.6 1.0091 0.00 0.0M
584520.000 1969 COM2 65 0R0 130 2.5 27.5 47.1 1.0091 0.00 0.0M
584580.000 1969 COM2 65 0R0 201 1.9 27.4 47.7 1.0093 0.00 0.0M
584640.000 1969 COM2 65 0R0 163 3.1 27.4 47.6 1.0093 0.00 0.0M
584700.000 1969 COM2 65 0R0 164 2.8 27.4 48.1 1.0093 0.00 0.0M
584760.000 1969 COM2 65 0R0 180 3.4 27.3 48.9 1.0093 0.00 0.0M
584820.000 1969 COM2 65 0R0 188 2.8 27.4 48.9 1.0093 0.00 0.0M
584880.000 1969 COM2 65 0R0 195 4.7 27.4 47.8 1.0092 0.00 0.0M
584940.000 1969 COM2 65 0R0 194 3.1 27.3 47.9 1.0092 0.00 0.0M
585000.000 1969 COM2 65 0R0 176 5.4 27.2 47.9 1.0092 0.00 0.0M
585060.000 1969 COM2 65 0R0 090 1.8 27.2 47.1 1.0092 0.00 0.0M
585120.000 1969 COM2 65 0R0 167 3.5 27.2 47.2 1.0092 0.00 0.0M
585180.000 1969 COM2 65 0R0 211 3.7 27.3 47.2 1.0092 0.00 0.0M
585240.000 1969 COM2 65 0R0 202 3.8 27.3 47.0 1.0092 0.00 0.0M
585300.000 1969 COM2 65 0R0 124 1.6 27.3 47.1 1.0092 0.00 0.0M
585360.000 1969 COM2 65 0R0 116 0.7 27.3 47.4 1.0092 0.00 0.0M
585420.000 1969 COM2 65 0R0 195 4.3 27.3 47.1 1.0092 0.00 0.0M
585480.000 1969 COM2 65 0R0 147 3.7 27.4 46.4 1.0092 0.00 0.0M
585540.000 1969 COM2 65 0R0 218 2.8 27.4 45.5 1.0091 0.00 0.0M
585600.000 1969 COM2 65 0R0 217 6.4 27.4 46.9 1.0091 0.00 0.0M
585660.000 1969 COM2 65 0R0 178 6.2 27.4 47.1 1.0091 0.00 0.0M
585720.000 1969 COM2 65 0R0 215 7.0 27.3 46.4 1.0091 0.00 0.0M
585780.000 1969 COM2 65 0R0 220 3.1 27.2 45.9 1.0091 0.00 0.0M
585840.000 1969 COM2 65 0R0 179 3.7 27.1 46.2 1.0091 0.00 0.0M
585900.000 1969 COM2 65 0R0 230 6.4 27.1 46.2 1.0093 0.00 0.0M
585960.000 1969 COM2 65 0R0 230 5.1 27.2 46.0 1.0092 0.00 0.0M
586020.000 1969 COM2 65 0R0 161 1.7 27.2 46.3 1.0092 0.00 0.0M
586080.000 1969 COM2 65 0R0 174 1.5 27.2 46.8 1.0093 0.00 0.0M
586140.000 1969 COM2 65 0R0 220 3.5 27.2 46.9 1.0093 0.00 0.0M
586200.000 1969 COM2 65 0R0 221 3.8 27.2 47.3 1.0092 0.00 0.0M
586260.000 1969 COM2 65 0R0 208 7.0 27.3 47.5 1.0093 0.00 0.0M
586320.000 1969 COM2 65 0R0 203 7.9 27.3 47.2 1.0092 0.00 0.0M
586380.000 1969 COM2 65 0R0 204 5.2 27.2 46.9 1.0092 0.00 0.0M
586440.000 1969 COM2 65 0R0 203 4.3 27.1 48.3 1.0092 0.00 0.0M
586500.000 1969 COM2 65 0R0 202 5.2 27.0 47.6 1.0092 0.00 0.0M
586560.000 1969 COM2 65 0R0 224 2.5 27.1 46.2 1.0091 0.00 0.0M
586620.000 1969 COM2 65 0R0 183 4.2 27.1 46.9 1.0093 0.00 0.0M
586680.000 1969 COM2 65 0R0 197 5.1 27.2 45.8 1.0092 0.00 0.0M
586740.000 1969 COM2 65 0R0 201 3.3 27.2 46.4 1.0092 0.00 0.0M
586800.000 1969 COM2 65 0R0 237 1.5 27.3 46.0 1.0092 0.00 0.0M
586860.000 1969 COM2 65 0R0 152 4.2 27.4 45.7 1.0092 0.00 0.0M
586920.000 1969 COM2 65 0R0 184 4.2 27.5 45.3 1.0091 0.00 0.0M
586980.000 1969 COM2 65 0R0 193 3.5 27.5 45.4 1.0091 0.00 0.0M
587040.000 1969 COM2 65 0R0 226 2.3 27.4 46.4 1.0091 0.00 0.0M
587100.000 1969 COM2 65 0R0 186 4.5 27.4 46.9 1.0091 0.00 0.0M
587160.000 1969 COM2 65 0R0 250 4.3 27.5 46.4 1.0091 0.00 0.0M
587220.000 1969 COM2 65 0R0 210 7.6 27.4 46.1 1.0091 0.00 0.0M
587280.000 1969 COM2 65 0R0 214 5.5 27.4 45.9 1.0090 0.00 0.0M
587340.000 1969 COM2 65 0R0 182 4.8 27.3 46.5 1.0090 0.00 0.0M
587400.000 1969 COM2 65 0R0 203 5.0 27.3 47.3 1.0091 0.00 0.0M
587460.000 1969 COM2 65 0R0 207 2.1 27.2 47.7 1.0090 0.00 0.0M
587520.000 1969 COM2 65 0R0 173 2.9 27.3 47.0 1.0090 0.00 0.0M
587580.000 1969 COM2 65 0R0 185 2.3 27.3 47.1 1.0090 0.00 0.0M
587640.000 1969 COM2 65 0R0 125 1.9 27.4 46.4 1.0090 0.00 0.0M
587700.000 1969 COM2 65 0R0 108 4.1 27.4 46.3 1.0090 0.00 0.0M
587760.000 1969 COM2 65 0R0 186 4.6 27.4 46.0 1.0090 0.00 0.0M
587820.000 1969 COM2 65 0R0 088 2.6 27.4 45.8 1.0089 0.00 0.0M
587880.000 1969 COM2 65 0R0 193 3.7 27.3 45.8 1.0090 0.00 0.0M
587940.000 1969 COM2 65 0R0 173 3.1 27.3 46.9 1.0090 0.00 0.0M
588000.000 1969 COM2 65 0R0 120 3.5 27.2 46.5 1.0090 0.00 0.0M
588060.000 1969 COM2 65 0R0 129 1.8 27.2 46.5 1.0090 0.00 0.0M
588120.100 1969 COM2 65 0R0 163 3.2 27.2 46.3 1.0090 0.00 0.0M
588180.000 1969 COM2 65 0R0 127 3.5 27.2 46.4 1.0090 0.00 0.0M
588240.100 1969 COM2 65 0R0 114 2.8 27.2 46.6 1.0090 0.00 0.0M
588300.000 1969 COM2 65 0R0 124 4.0 27.2 46.3 1.0089 0.00 0.0M
588360.000 1969 COM2 65 0R0 174 4.3 27.3 46.1 1.0088 0.00 0.0M
588420.000 1969 COM2 65 0R0 137 4.2 27.3 46.9 1.0089 0.00 0.0M
588480.000 1969 COM2 65 0R0 159 3.1 27.2 46.1 1.0089 0.00 0.0M
588540.000 1969 COM2 65 0R0 162 5.7 27.2 47.1 1.0089 0.00 0.0M
588600.000 1969 COM2 65 0R0 224 3.7 27.1 47.1 1.0089 0.00 0.0M
588660.000 1969 COM2 65 0R0 217 2.8 27.0 47.5 1.0089 0.00 0.0M
588720.000 1969 COM2 65 0R0 208 2.8 27.0 47.6 1.0089 0.00 0.0M
588780.000 1969 COM2 65 0R0 140 1.7 27.0 48.3 1.0089 0.00 0.0M
588840.000 1969 COM2 65 0R0 143 4.4 27.0 47.9 1.0089 0.00 0.0M
588900.000 1969 COM2 65 0R0 184 4.8 27.1 47.3 1.0088 0.00 0.0M
588960.000 1969 COM2 65 0R0 131 2.1 27.1 48.3 1.0088 0.00 0.0M
589020.000 1969 COM2 65 0R0 181 2.9 27.1 48.2 1.0087 0.00 0.0M
589080.000 1969 COM2 65 0R0 132 4.4 27.1 48.1 1.0088 0.00 0.0M
589140.000 1969 COM2 65 0R0 118 1.2 27.2 47.8 1.0087 0.00 0.0M
589200.000 1969 COM2 65 0R0 155 5.6 27.3 47.8 1.0087 0.00 0.0M
589260.000 1969 COM2 65 0R0 158 3.7 27.4 47.0 1.0086 0.00 0.0M
589320.000 1969 COM2 65 0R0 216 2.7 27.4 47.6 1.0086 0.00 0.0M
589380.000 1969 COM2 65 0R0 111 1.7 27.2 48.0 1.0086 0.00 0.0M
589440.000 1969 COM2 65 0R0 175 1.5 27.2 48.0 1.0086 0.00 0.0M
589500.000 1969 COM2 65 0R0 146 3.5 27.2 47.6 1.0086 0.00 0.0M
589560.000 1969 COM2 65 0R0 169 3.8 27.3 47.4 1.0086 0.00 0.0M
589620.000 1969 COM2 65 0R0 203 4.5 27.2 47.3 1.0085 0.00 0.0M
589680.000 1969 COM2 65 0R0 156 5.5 27.1 47.3 1.0086 0.00 0.0M
589740.000 1969 COM2 65 0R0 163 4.8 27.0 47.7 1.0086 0.00 0.0M
589800.000 1969 COM2 65 0R0 206 1.3 27.0 47.9 1.0086 0.00 0.0M
589860.000 1969 COM2 65 0R0 193 3.0 27.0 48.0 1.0086 0.00 0.0M
589920.000 1969 COM2 65 0R0 119 3.5 27.0 48.2 1.0086 0.00 0.0M
589980.000 1969 COM2 65 0R0 171 5.9 27.1 47.8 1.0086 0.00 0.0M
590040.000 1969 COM2 65 0R0 160 2.9 27.0 47.3 1.0086 0.00 0.0M
590100.000 1969 COM2 65 0R0 193 4.5 26.9 48.7 1.0086 0.00 0.0M
590160.000 1969 COM2 65 0R0 189 8.8 26.9 48.7 1.0086 0.00 0.0M
590220.000 1969 COM2 65 0R0 172 6.3 26.9 48.8 1.0085 0.00 0.0M
590280.000 1969 COM2 65 0R0 187 7.2 26.9 48.4 1.0086 0.00 0.0M
590340.000 1969 COM2 65 0R0 143 5.0 26.9 47.9 1.0086 0.00 0.0M
590400.000 1969 COM2 65 0R0 170 7.0 26.8 46.9 1.0086 0.00 0.0M
590460.000 1969 COM2 65 0R0 222 6.1 26.8 48.1 1.0086 0.00 0.0M
590520.000 1969 COM2 65 0R0 177 6.2 26.9 47.2 1.0086 0.00 0.0M
590580.000 1969 COM2 65 0R0 185 6.0 26.9 47.3 1.0085 0.00 0.0M
590640.000 1969 COM2 65 0R0 149 3.2 26.9 47.1 1.0086 0.00 0.0M
590700.000 1969 COM2 65 0R0 164 3.4 26.9 47.2 1.0085 0.00 0.0M
590760.100 1969 COM2 65 0R0 130 1.8 27.0 46.6 1.0085 0.00 0.0M
590820.000 1969 COM2 65 0R0 173 6.1 27.0 46.7 1.0085 0.00 0.0M
590880.000 1969 COM2 65 0R0 111 2.5 27.1 45.8 1.0085 0.00 0.0M
590940.000 1969 COM2 65 0R0 174 5.1 27.1 45.6 1.0084 0.00 0.0M
591000.000 1969 COM2 65 0R0 145 3.3 27.1 45.9 1.0084 0.00 0.0M
591060.000 1969 COM2 65 0R0 184 3.1 27.2 45.8 1.0084 0.00 0.0M
591120.000 1969 COM2 65 0R0 104 2.1 27.2 46.4 1.0084 0.00 0.0M
591180.000 1969 COM2 65 0R0 173 3.3 27.2 45.9 1.0084 0.00 0.0M
591240.000 1969 COM2 65 0R0 161 4.5 27.3 47.0 1.0084 0.00 0.0M
591300.000 1969 COM2 65 0R0 164 5.6 27.4 46.2 1.0084 0.00 0.0M
591360.000 1969 COM2 65 0R0 147 2.5 27.4 45.2 1.0082 0.00 0.0M
591420.000 1969 COM2 65 0R0 150 7.6 27.3 45.2 1.0084 0.00 0.0M
591480.000 1969 COM2 65 0R0 190 9.0 27.2 45.5 1.0083 0.00 0.0M
591540.000 1969 COM2 65 0R0 124 2.8 27.0 45.5 1.0083 0.00 0.0M
591600.000 1969 COM2 65 0R0 189 2.9 26.9 45.9 1.0083 0.00 0.0M
591660.000 1969 COM2 65 0R0 190 5.2 26.9 46.3 1.0084 0.00 0.0M
591720.000 1969 COM2 65 0R0 179 6.1 27.0 46.3 1.0083 0.00 0.0M
591780.000 1969 COM2 65 0R0 143 4.3 26.9 46.5 1.0083 0.00 0.0M
591840.000 1969 COM2 65 0R0 131 0.6 26.9 45.9 1.0083 0.00 0.0M
591900.000 1969 COM2 65 0R0 235 4.9 26.9 46.2 1.0083 0.00 0.0M
591960.000 1969 COM2 65 0R0 177 6.5 27.0 46.5 1.0082 0.00 0.0M
592020.000 1969 COM2 65 0R0 197 1.4 27.0 46.7 1.0082 0.00 0.0M
592080.000 1969 COM2 65 0R0 180 6.7 27.0 47.1 1.0083 0.00 0.0M
592140.000 1969 COM2 65 0R0 156 3.0 26.9 47.4 1.0082 0.00 0.0M
592200.000 1969 COM2 65 0R0 204 4.5 26.9 46.9 1.0082 0.00 0.0M
592260.000 1969 COM2 65 0R0 175 4.8 26.9 47.4 1.0083 0.00 0.0M
592320.000 1969 COM2 65 0R0 172 5.0 26.9 47.6 1.0083 0.00 0.0M
592380.000 1969 COM2 65 0R0 197 4.2 26.9 47.7 1.0083 0.00 0.0M
592440.000 1969 COM2 65 0R0 179 5.8 27.0 48.1 1.0083 0.00 0.0M
592500.000 1969 COM2 65 0R0 187 6.6 27.0 48.0 1.0083 0.00 0.0M
592560.000 1969 COM2 65 0R0 161 5.7 26.9 47.7 1.0082 0.00 0.0M
592620.000 1969 COM2 65 0R0 183 3.1 26.9 47.6 1.0082 0.00 0.0M
592680.000 1969 COM2 65 0R0 121 4.3 26.9 47.4 1.0082 0.00 0.0M
592740.000 1969 COM2 65 0R0 212 6.6 26.9 47.4 1.0081 0.00 0.0M
592800.000 1969 COM2 65 0R0 143 4.7 26.9 47.4 1.0081 0.00 0.0M
592860.000 1969 COM2 65 0R0 191 6.5 27.0 47.3 1.0083 0.00 0.0M
592920.000 1969 COM2 65 0R0 109 2.3 27.0 47.1 1.0083 0.00 0.0M
592980.000 1969 COM2 65 0R0 200 5.4 26.9 47.5 1.0083 0.00 0.0M
593040.000 1969 COM2 65 0R0 161 3.7 26.9 47.7 1.0083 0.00 0.0M
593100.000 1969 COM2 65 0R0 135 2.3 26.9 47.7 1.0082 0.00 0.0M
593160.000 1969 COM2 65 0R0 152 2.4 26.9 48.1 1.0083 0.00 0.0M
593220.000 1969 COM2 65 0R0 105 0.9 27.0 48.2 1.0083 0.00 0.0M
593280.000 1969 COM2 65 0R0 192 3.3 27.0 48.2 1.0083 0.00 0.0M
593340.000 1969 COM2 65 0R0 177 7.2 27.1 48.4 1.0083 0.00 0.0M
593400.000 1969 COM2 65 0R0 109 2.8 27.1 47.5 1.0082 0.00 0.0M
593460.000 1969 COM2 65 0R0 191 5.9 27.0 47.9 1.0082 0.00 0.0M
593520.000 1969 COM2 65 0R0 195 4.9 27.0 48.4 1.0082 0.00 0.0M
593580.000 1969 COM2 65 0R0 232 4.9 26.9 48.9 1.0083 0.00 0.0M
593640.000 1969 COM2 65 0R0 148 5.4 26.8 49.1 1.0081 0.00 0.0M
593700.000 1969 COM2 65 0R0 179 5.5 26.8 48.5 1.0083 0.00 0.0M
593760.000 1969 COM2 65 0R0 196 5.9 26.8 48.6 1.0083 0.00 0.0M
593820.000 1969 COM2 65 0R0 184 3.7 26.8 48.7 1.0082 0.00 0.0M
593880.000 1969 COM2 65 0R0 182 6.2 26.7 49.8 1.0082 0.00 0.0M
593940.000 1969 COM2 65 0R0 182 2.7 26.7 49.5 1.0083 0.00 0.0M
594000.000 1969 COM2 65 0R0 062 0.9 26.7 49.9 1.0083 0.00 0.0M
594060.000 1969 COM2 65 0R0 241 5.2 26.7 49.3 1.0083 0.00 0.0M
594120.000 1969 COM2 65 0R0 202 3.1 26.8 49.2 1.0082 0.00 0.0M
594180.000 1969 COM2 65 0R0 191 4.6 26.9 49.0 1.0083 0.00 0.0M
594240.000 1969 COM2 65 0R0 135 3.2 26.9 49.3 1.0083 0.00 0.0M
594300.000 1969 COM2 65 0R0 237 4.9 26.9 49.5 1.0083 0.00 0.0M
594360.000 1969 COM2 65 0R0 222 6.2 26.9 49.6 1.0083 0.00 0.0M
594420.000 1969 COM2 65 0R0 164 4.1 26.9 50.1 1.0082 0.00 0.0M
594480.000 1969 COM2 65 0R0 200 2.7 26.8 50.4 1.0083 0.00 0.0M
594540.000 1969 COM2 65 0R0 144 2.8 26.8 50.3 1.0083 0.00 0.0M
594600.000 1969 COM2 65 0R0 179 6.9 26.8 50.4 1.0083 0.00 0.0M
594660.000 1969 COM2 65 0R0 187 1.7 26.7 49.9 1.0083 0.00 0.0M
594720.000 1969 COM2 65 0R0 165 6.2 26.6 50.5 1.0084 0.00 0.0M
594780.000 1969 COM2 65 0R0 143 1.5 26.6 50.5 1.0083 0.00 0.0M
594840.000 1969 COM2 65 0R0 190 5.6 26.6 50.5 1.0084 0.00 0.0M
594900.000 1969 COM2 65 0R0 172 4.7 26.6 50.6 1.0083 0.00 0.0M
594960.000 1969 COM2 65 0R0 135 2.5 26.5 50.4 1.0083 0.00 0.0M
595020.000 1969 COM2 65 0R0 145 6.5 26.4 50.5 1.0083 0.00 0.0M
595080.000 1969 COM2 65 0R0 130 3.7 26.4 50.8 1.0083 0.00 0.0M
595140.000 1969 COM2 65 0R0 163 3.5 26.4 50.7 1.0083 0.00 0.0M
595200.000 1969 COM2 65 0R0 129 2.2 26.4 51.2 1.0083 0.00 0.0M
595260.000 1969 COM2 65 0R0 102 2.8 26.3 51.1 1.0083 0.00 0.0M
595320.000 1969 COM2 65 0R0 094 1.0 26.3 51.1 1.0083 0.00 0.0M
595380.000 1969 COM2 65 0R0 178 5.9 26.3 51.0 1.0083 0.00 0.0M
595440.000 1969 COM2 65 0R0 120 1.1 26.3 51.0 1.0082 0.00 0.0M
595500.000 1969 COM2 65 0R0 188 2.8 26.3 51.2 1.0083 0.00 0.0M
595560.000 1969 COM2 65 0R0 208 4.1 26.3 51.7 1.0083 0.00 0.0M
595620.000 1969 COM2 65 0R0 130 2.0 26.3 52.4 1.0083 0.00 0.0M
595680.000 1969 COM2 65 0R0 158 2.6 26.3 52.0 1.0083 0.00 0.0M
595740.000 1969 COM2 65 0R0 173 5.7 26.3 52.1 1.0083 0.00 0.0M
595800.000 1969 COM2 65 0R0 174 4.9 26.3 52.6 1.0083 0.00 0.0M
595860.000 1969 COM2 65 0R0 134 3.2 26.3 53.0 1.0083 0.00 0.0M
595920.000 1969 COM2 65 0R0 169 3.4 26.3 51.7 1.0083 0.00 0.0M
595980.000 1969 COM2 65 0R0 109 0.9 26.3 51.6 1.0083 0.00 0.0M
596040.000 1969 COM2 65 0R0 108 1.5 26.3 51.7 1.0083 0.00 0.0M
596100.000 1969 COM2 65 0R0 149 3.7 26.3 51.8 1.0083 0.00 0.0M
596160.000 1969 COM2 65 0R0 166 3.7 26.4 51.6 1.0083 0.00 0.0M
596220.000 1969 COM2 65 0R0 159 3.1 26.4 51.5 1.0083 0.00 0.0M
596280.000 1969 COM2 65 0R0 158 3.6 26.4 51.6 1.0082 0.00 0.0M
596340.000 1969 COM2 65 0R0 142 2.3 26.4 51.8 1.0082 0.00 0.0M
596400.000 1969 COM2 65 0R0 096 2.9 26.4 51.9 1.0083 0.00 0.0M
596460.000 1969 COM2 65 0R0 139 6.1 26.4 52.1 1.0083 0.00 0.0M
596520.000 1969 COM2 65 0R0 189 4.5 26.4 51.9 1.0082 0.00 0.0M
596580.000 1969 COM2 65 0R0 180 4.9 26.3 52.1 1.0083 0.00 0.0M
596640.000 1969 COM2 65 0R0 145 4.0 26.3 52.4 1.0083 0.00 0.0M
596700.000 1969 COM2 65 0R0 173 5.8 26.3 52.4 1.0083 0.00 0.0M
596760.000 1969 COM2 65 0R0 145 2.1 26.3 52.4 1.0083 0.00 0.0M
596820.000 1969 COM2 65 0R0 124 3.8 26.2 52.7 1.0083 0.00 0.0M
596880.000 1969 COM2 65 0R0 142 3.9 26.2 52.7 1.0083 0.00 0.0M
596940.000 1969 COM2 65 0R0 155 3.4 26.2 52.8 1.0083 0.00 0.0M
597000.000 1969 COM2 65 0R0 150 3.0 26.2 52.9 1.0083 0.00 0.0M
597060.000 1969 COM2 65 0R0 174 4.9 26.2 52.9 1.0083 0.00 0.0M
597120.000 1969 COM2 65 0R0 180 2.2 26.2 53.3 1.0083 0.00 0.0M
597180.000 1969 COM2 65 0R0 113 2.0 26.2 53.3 1.0083 0.00 0.0M
597240.000 1969 COM2 65 0R0 147 2.1 26.2 53.3 1.0083 0.00 0.0M
597300.100 1969 COM2 65 0R0 145 3.2 26.2 53.3 1.0082 0.00 0.0M
597360.000 1969 COM2 65 0R0 110 3.5 26.2 53.5 1.0083 0.00 0.0M
597420.000 1969 COM2 65 0R0 159 3.5 26.1 53.5 1.0082 0.00 0.0M
597480.000 1969 COM2 65 0R0 155 3.1 26.1 53.7 1.0082 0.00 0.0M
597540.000 1969 COM2 65 0R0 141 1.9 26.1 53.6 1.0083 0.00 0.0M
597600.000 1969 COM2 65 0R0 117 2.5 26.1 53.8 1.0082 0.00 0.0M
597660.000 1969 COM2 65 0R0 103 3.7 26.1 53.9 1.0082 0.00 0.0M
597720.000 1969 COM2 65 0R0 145 2.9 26.1 54.1 1.0083 0.00 0.0M
597780.000 1969 COM2 65 0R0 176 5.2 26.1 54.4 1.0082 0.00 0.0M
597840.000 1969 COM2 65 0R0 133 2.8 26.1 54.5 1.0082 0.00 0.0M
597900.100 1969 COM2 65 0R0 128 1.2 26.0 54.6 1.0083 0.00 0.0M
597960.000 1969 COM2 65 0R0 112 2.2 26.0 54.6 1.0082 0.00 0.0M
598020.000 1969 COM2 65 0R0 166 4.3 26.0 54.8 1.0082 0.00 0.0M
598080.000 1969 COM2 65 0R0 184 3.8 25.9 55.2 1.0082 0.00 0.0M
598140.000 1969 COM2 65 0R0 190 2.8 25.9 55.5 1.0082 0.00 0.0M
598200.000 1969 COM2 65 0R0 170 4.7 25.8 55.7 1.0083 0.00 0.0M
598260.000 1969 COM2 65 0R0 218 4.4 25.8 55.9 1.0082 0.00 0.0M
598320.000 1969 COM2 65 0R0 107 2.3 25.8 56.1 1.0082 0.00 0.0M
598380.000 1969 COM2 65 0R0 167 7.2 25.7 55.9 1.0082 0.00 0.0M
598440.000 1969 COM2 65 0R0 109 2.2 25.7 56.5 1.0082 0.00 0.0M
598500.000 1969 COM2 65 0R0 133 3.9 25.7 56.5 1.0082 0.00 0.0M
598560.000 1969 COM2 65 0R0 131 3.9 25.7 56.9 1.0082 0.00 0.0M
598620.000 1969 COM2 65 0R0 133 4.7 25.7 57.2 1.0083 0.00 0.0M
598680.000 1969 COM2 65 0R0 114 3.9 25.6 58.0 1.0082 0.00 0.0M
598740.000 1969 COM2 65 0R0 124 2.3 25.6 58.4 1.0082 0.00 0.0M
598800.000 1969 COM2 65 0R0 122 3.0 25.5 58.4 1.0083 0.00 0.0M
598860.000 1969 COM2 65 0R0 141 2.8 25.5 58.9 1.0083 0.00 0.0M
598920.000 1969 COM2 65 0R0 128 4.4 25.4 59.3 1.0082 0.00 0.0M
598980.000 1969 COM2 65 0R0 135 1.3 25.4 59.7 1.0083 0.00 0.0M
599040.000 1969 COM2 65 0R0 140 3.3 25.4 59.7 1.0083 0.00 0.0M
599100.000 1969 COM2 65 0R0 150 2.8 25.3 60.3 1.0082 0.00 0.0M
599160.000 1969 COM2 65 0R0 180 4.2 25.3 60.3 1.0082 0.00 0.0M
599220.000 1969 COM2 65 0R0 201 6.2 25.2 60.8 1.0082 0.00 0.0M
599280.000 1969 COM2 65 0R0 157 3.4 25.2 61.1 1.0082 0.00 0.0M
599340.000 1969 COM2 65 0R0 153 3.2 25.1 61.5 1.0083 0.00 0.0M
599400.000 1969 COM2 65 0R0 161 3.2 25.1 61.9 1.0083 0.00 0.0M
599460.000 1969 COM2 65 0R0 102 1.3 25.0 61.9 1.0083 0.00 0.0M
599520.000 1969 COM2 65 0R0 158 4.2 25.0 62.0 1.0083 0.00 0.0M
599580.000 1969 COM2 65 0R0 170 3.4 25.0 62.3 1.0082 0.00 0.0M
599640.000 1969 COM2 65 0R0 119 1.7 25.0 62.5 1.0083 0.00 0.0M
599700.000 1969 COM2 65 0R0 115 1.2 24.9 62.4 1.0084 0.00 0.0M
599760.000 1969 COM2 65 0R0 131 5.0 24.9 62.4 1.0084 0.00 0.0M
599820.000 1969 COM2 65 0R0 103 3.2 24.9 62.7 1.0083 0.00 0.0M
599880.000 1969 COM2 65 0R0 118 5.3 24.8 63.0 1.0083 0.00 0.0M
599940.000 1969 COM2 65 0R0 144 4.1 24.8 63.3 1.0082 0.00 0.0M
600000.000 1969 COM2 65 0R0 142 3.5 24.8 63.7 1.0082 0.00 0.0M
600060.000 1969 COM2 65 0R0 124 3.9 24.7 64.0 1.0083 0.00 0.0M
600120.000 1969 COM2 65 0R0 126 3.0 24.7 63.8 1.0082 0.00 0.0M
600180.000 1969 COM2 65 0R0 136 3.8 24.7 64.2 1.0082 0.00 0.0M
600240.000 1969 COM2 65 0R0 146 6.2 24.6 64.3 1.0083 0.00 0.0M
600300.000 1969 COM2 65 0R0 211 6.4 24.6 64.6 1.0082 0.00 0.0M
600360.000 1969 COM2 65 0R0 153 3.3 24.6 64.7 1.0082 0.00 0.0M
600420.000 1969 COM2 65 0R0 127 3.4 24.5 64.9 1.0083 0.00 0.0M
600480.000 1969 COM2 65 0R0 133 1.2 24.5 64.9 1.0083 0.00 0.0M
600540.000 1969 COM2 65 0R0 125 3.2 24.5 65.0 1.0083 0.00 0.0M
600600.000 1969 COM2 65 0R0 172 3.6 24.5 65.3 1.0083 0.00 0.0M
600660.000 1969 COM2 65 0R0 129 3.5 24.4 65.5 1.0083 0.00 0.0M
600720.000 1969 COM2 65 0R0 152 5.6 24.4 65.6 1.0083 0.00 0.0M
600780.000 1969 COM2 65 0R0 142 4.2 24.4 65.9 1.0082 0.00 0.0M
600840.000 1969 COM2 65 0R0 173 2.6 24.4 66.2 1.0083 0.00 0.0M
600900.000 1969 COM2 65 0R0 175 6.7 24.3 66.2 1.0083 0.00 0.0M
600960.000 1969 COM2 65 0R0 136 4.2 24.3 66.5 1.0083 0.00 0.0M
601020.000 1969 COM2 65 0R0 139 6.5 24.3 66.5 1.0082 0.00 0.0M
601080.000 1969 COM2 65 0R0 186 3.5 24.3 66.6 1.0082 0.00 0.0M
601140.000 1969 COM2 65 0R0 155 5.1 24.3 66.8 1.0083 0.00 0.0M
601200.100 1969 COM2 65 0R0 164 2.7 24.2 67.0 1.0083 0.00 0.0M
601260.000 1969 COM2 65 0R0 145 1.6 24.2 67.0 1.0083 0.00 0.0M
601320.000 1969 COM2 65 0R0 185 3.2 24.2 67.0 1.0084 0.00 0.0M
601380.100 1969 COM2 65 0R0 147 3.9 24.2 67.4 1.0083 0.00 0.0M
601440.100 1969 COM2 65 0R0 128 3.4 24.1 67.4 1.0083 0.00 0.0M
601500.000 1969 COM2 65 0R0 179 8.0 24.1 67.5 1.0083 0.00 0.0M
601560.100 1969 COM2 65 0R0 197 5.4 24.1 67.7 1.0083 0.00 0.0M
601620.000 1969 COM2 65 0R0 180 5.3 24.1 68.0 1.0083 0.00 0.0M
601680.000 1969 COM2 65 0R0 150 1.9 24.0 68.3 1.0084 0.00 0.0M
601740.000 1969 COM2 65 0R0 180 2.7 24.0 68.1 1.0084 0.00 0.0M
601800.000 1969 COM2 65 0R0 120 2.0 24.0 68.1 1.0084 0.00 0.0M
601860.000 1969 COM2 65 0R0 194 6.2 24.0 68.2 1.0084 0.00 0.0M
601920.000 1969 COM2 65 0R0 196 4.1 24.0 68.6 1.0084 0.00 0.0M
601980.000 1969 COM2 65 0R0 181 6.1 23.9 68.8 1.0084 0.00 0.0M
602040.000 1969 COM2 65 0R0 190 3.5 23.9 69.2 1.0083 0.00 0.0M
602100.100 1969 COM2 65 0R0 164 6.3 23.9 69.3 1.0085 0.00 0.0M
602160.000 1969 COM2 65 0R0 121 2.9 23.8 69.3 1.0084 0.00 0.0M
602220.000 1969 COM2 65 0R0 185 6.7 23.8 69.5 1.0084 0.00 0.0M
602280.000 1969 COM2 65 0R0 186 3.7 23.8 69.7 1.0084 0.00 0.0M
602340.000 1969 COM2 65 0R0 157 4.4 23.8 69.7 1.0085 0.00 0.0M
602400.000 1969 COM2 65 0R0 114 4.6 23.8 70.1 1.0084 0.00 0.0M
602460.000 1969 COM2 65 0R0 194 5.6 23.7 70.5 1.0084 0.00 0.0M
602520.000 1969 COM2 65 0R0 099 2.6 23.7 70.6 1.0084 0.00 0.0M
602580.000 1969 COM2 65 0R0 130 2.7 23.7 70.8 1.0085 0.00 0.0M
602640.000 1969 COM2 65 0R0 175 4.7 23.6 70.8 1.0084 0.00 0.0M
602700.000 1969 COM2 65 0R0 153 1.4 23.6 71.2 1.0084 0.00 0.0M
602760.000 1969 COM2 65 0R0 161 4.8 23.6 70.9 1.0085 0.00 0.0M
602820.000 1969 COM2 65 0R0 094 1.8 23.6 71.4 1.0084 0.00 0.0M
602880.000 1969 COM2 65 0R0 144 3.6 23.6 71.4 1.0085 0.00 0.0M
602940.100 1969 COM2 65 0R0 177 5.1 23.5 71.5 1.0084 0.00 0.0M
603000.000 1969 COM2 65 0R0 152 4.3 23.5 71.9 1.0084 0.00 0.0M
603060.000 1969 COM2 65 0R0 165 3.5 23.5 72.0 1.0084 0.00 0.0M
603120.000 1969 COM2 65 0R0 156 2.4 23.5 72.1 1.0084 0.00 0.0M
603180.000 1969 COM2 65 0R0 147 4.5 23.5 71.9 1.0084 0.00 0.0M
603240.000 1969 COM2 65 0R0 124 3.7 23.5 72.4 1.0084 0.00 0.0M
603300.000 1969 COM2 65 0R0 112 3.2 23.4 72.5 1.0084 0.00 0.0M
603360.000 1969 COM2 65 0R0 151 2.1 23.4 72.5 1.0084 0.00 0.0M
603420.000 1969 COM2 65 0R0 169 3.6 23.4 72.8 1.0084 0.00 0.0M
603480.000 1969 COM2 65 0R0 120 1.5 23.4 73.1 1.0085 0.00 0.0M
603540.000 1969 COM2 65 0R0 142 1.4 23.3 72.8 1.0085 0.00 0.0M
603600.000 1969 COM2 65 0R0 188 4.3 23.3 73.0 1.0085 0.00 0.0M
603660.000 1969 COM2 65 0R0 099 2.4 23.3 73.3 1.0084 0.00 0.0M
603720.000 1969 COM2 65 0R0 143 3.7 23.3 73.1 1.0084 0.00 0.0M
603780.000 1969 COM2 65 0R0 082 2.0 23.3 73.5 1.0085 0.00 0.0M
603840.000 1969 COM2 65 0R0 178 3.9 23.3 73.5 1.0085 0.00 0.0M
603900.000 1969 COM2 65 0R0 138 2.9 23.2 74.0 1.0084 0.00 0.0M
603960.000 1969 COM2 65 0R0 125 1.3 23.2 73.8 1.0084 0.00 0.0M
604020.000 1969 COM2 65 0R0 184 7.1 23.2 73.8 1.0084 0.00 0.0M
604080.000 1969 COM2 65 0R0 150 5.2 23.2 74.1 1.0084 0.00 0.0M
604140.000 1969 COM2 65 0R0 145 3.6 23.1 74.1 1.0083 0.00 0.0M
604200.000 1969 COM2 65 0R0 144 3.2 23.1 74.3 1.0084 0.00 0.0M
604260.000 1969 COM2 65 0R0 175 2.0 23.1 74.2 1.0083 0.00 0.0M
604320.000 1969 COM2 65 0R0 170 2.6 23.1 74.0 1.0084 0.00 0.0M
604380.000 1969 COM2 65 0R0 124 3.7 23.1 74.2 1.0084 0.00 0.0M
604440.000 1969 COM2 65 0R0 136 2.0 23.1 74.2 1.0083 0.00 0.0M
604500.000 1969 COM2 65 0R0 176 4.2 23.1 74.3 1.0084 0.00 0.0M
604560.000 1969 COM2 65 0R0 164 4.8 23.1 74.6 1.0084 0.00 0.0M
604620.000 1969 COM2 65 0R0 189 3.0 23.0 74.5 1.0083 0.00 0.0M
604680.000 1969 COM2 65 0R0 166 5.9 23.0 74.7 1.0084 0.00 0.0M
604740.000 1969 COM2 65 0R0 143 6.1 23.0 74.8 1.0084 0.00 0.0M
