TO [s] WNc [w] C StringLn ASCIIString
---------------------------------------
172800.000 1980 COM2 64 0R0 192 0.7 7.4 60.7 1.0065 0.00 0.0M
172860.000 1980 COM2 64 0R0 134 0.7 7.4 60.6 1.0065 0.00 0.0M
172920.100 1980 COM2 64 0R0 245 0.8 7.5 60.3 1.0065 0.00 0.0M
172980.000 1980 COM2 64 0R0 248 2.3 7.5 60.5 1.0065 0.00 0.0M
173040.000 1980 COM2 64 0R0 240 1.8 7.5 60.0 1.0065 0.00 0.0M
173100.000 1980 COM2 64 0R0 254 1.2 7.5 60.1 1.0066 0.00 0.0M
173160.000 1980 COM2 64 0R0 203 0.6 7.5 60.1 1.0066 0.00 0.0M
173220.000 1980 COM2 64 0R0 281 1.2 7.5 60.1 1.0066 0.00 0.0M
173280.000 1980 COM2 64 0R0 221 2.1 7.5 60.2 1.0066 0.00 0.0M
173340.000 1980 COM2 64 0R0 273 1.9 7.5 60.1 1.0066 0.00 0.0M
173400.000 1980 COM2 64 0R0 231 2.8 7.5 60.2 1.0066 0.00 0.0M
173460.000 1980 COM2 64 0R0 234 2.4 7.5 60.0 1.0065 0.00 0.0M
173520.000 1980 COM2 64 0R0 226 2.5 7.4 60.2 1.0065 0.00 0.0M
173580.000 1980 COM2 64 0R0 226 2.4 7.4 60.3 1.0065 0.00 0.0M
173640.000 1980 COM2 64 0R0 260 2.6 7.5 60.1 1.0065 0.00 0.0M
173700.000 1980 COM2 64 0R0 234 3.6 7.5 60.0 1.0065 0.00 0.0M
173760.000 1980 COM2 64 0R0 219 1.9 7.4 60.0 1.0064 0.00 0.0M
173820.000 1980 COM2 64 0R0 239 2.4 7.4 60.1 1.0064 0.00 0.0M
173880.000 1980 COM2 64 0R0 212 1.5 7.4 60.2 1.0063 0.00 0.0M
173940.000 1980 COM2 64 0R0 187 2.2 7.4 60.3 1.0064 0.00 0.0M
174000.000 1980 COM2 64 0R0 214 2.5 7.4 60.4 1.0063 0.00 0.0M
174060.000 1980 COM2 64 0R0 183 1.3 7.4 60.6 1.0063 0.00 0.0M
174120.000 1980 COM2 64 0R0 219 2.4 7.4 60.3 1.0063 0.00 0.0M
174180.000 1980 COM2 64 0R0 247 2.4 7.4 60.3 1.0063 0.00 0.0M
174240.000 1980 COM2 64 0R0 210 2.7 7.4 60.4 1.0063 0.00 0.0M
174300.000 1980 COM2 64 0R0 211 1.8 7.4 60.5 1.0063 0.00 0.0M
174360.000 1980 COM2 64 0R0 231 1.8 7.4 60.4 1.0062 0.00 0.0M
174420.000 1980 COM2 64 0R0 185 2.4 7.4 60.5 1.0062 0.00 0.0M
174480.000 1980 COM2 64 0R0 195 2.5 7.4 60.6 1.0062 0.00 0.0M
174540.000 1980 COM2 64 0R0 188 2.9 7.3 60.7 1.0061 0.00 0.0M
174600.000 1980 COM2 64 0R0 204 3.3 7.3 60.7 1.0061 0.00 0.0M
174660.000 1980 COM2 64 0R0 202 2.5 7.3 60.7 1.0061 0.00 0.0M
174720.000 1980 COM2 64 0R0 194 2.2 7.3 60.7 1.0061 0.00 0.0M
174780.000 1980 COM2 64 0R0 180 2.3 7.3 60.8 1.0061 0.00 0.0M
174840.000 1980 COM2 64 0R0 179 2.5 7.3 60.8 1.0060 0.00 0.0M
174900.000 1980 COM2 64 0R0 224 1.4 7.3 61.0 1.0060 0.00 0.0M
174960.000 1980 COM2 64 0R0 206 2.4 7.3 60.9 1.0060 0.00 0.0M
175020.000 1980 COM2 64 0R0 197 2.3 7.3 60.9 1.0060 0.00 0.0M
175080.000 1980 COM2 64 0R0 191 3.1 7.2 61.1 1.0059 0.00 0.0M
175140.000 1980 COM2 64 0R0 227 2.5 7.2 61.1 1.0059 0.00 0.0M
175200.000 1980 COM2 64 0R0 210 3.4 7.2 61.2 1.0060 0.00 0.0M
175260.000 1980 COM2 64 0R0 225 2.6 7.2 61.0 1.0059 0.00 0.0M
175320.000 1980 COM2 64 0R0 192 3.1 7.2 61.2 1.0060 0.00 0.0M
175380.000 1980 COM2 64 0R0 204 2.8 7.2 61.4 1.0060 0.00 0.0M
175440.000 1980 COM2 64 0R0 249 1.9 7.2 61.3 1.0060 0.00 0.0M
175500.000 1980 COM2 64 0R0 220 2.8 7.2 61.4 1.0059 0.00 0.0M
175560.200 1980 COM2 64 0R0 224 3.5 7.2 61.2 1.0059 0.00 0.0M
175620.000 1980 COM2 64 0R0 208 2.5 7.2 61.1 1.0059 0.00 0.0M
175680.000 1980 COM2 64 0R0 215 3.5 7.2 61.5 1.0058 0.00 0.0M
175740.000 1980 COM2 64 0R0 208 3.1 7.2 61.5 1.0059 0.00 0.0M
175800.000 1980 COM2 64 0R0 186 3.0 7.2 61.3 1.0058 0.00 0.0M
175860.000 1980 COM2 64 0R0 212 3.5 7.2 61.3 1.0058 0.00 0.0M
175920.000 1980 COM2 64 0R0 188 3.4 7.2 61.4 1.0059 0.00 0.0M
175980.000 1980 COM2 64 0R0 227 2.0 7.2 61.6 1.0059 0.00 0.0M
176040.000 1980 COM2 64 0R0 214 2.5 7.2 61.4 1.0059 0.00 0.0M
176100.000 1980 COM2 64 0R0 210 2.1 7.2 61.5 1.0060 0.00 0.0M
176160.000 1980 COM2 64 0R0 230 1.5 7.2 61.6 1.0060 0.00 0.0M
176220.000 1980 COM2 64 0R0 222 3.4 7.2 61.6 1.0061 0.00 0.0M
176280.000 1980 COM2 64 0R0 230 1.0 7.3 61.5 1.0061 0.00 0.0M
176340.000 1980 COM2 64 0R0 231 2.6 7.3 61.4 1.0061 0.00 0.0M
176400.000 1980 COM2 64 0R0 229 2.0 7.3 61.4 1.0061 0.00 0.0M
176460.000 1980 COM2 64 0R0 232 2.8 7.3 61.5 1.0060 0.00 0.0M
176520.000 1980 COM2 64 0R0 254 2.4 7.3 61.3 1.0060 0.00 0.0M
176580.000 1980 COM2 64 0R0 196 2.5 7.3 61.5 1.0060 0.00 0.0M
176640.000 1980 COM2 64 0R0 247 3.5 7.3 61.2 1.0060 0.00 0.0M
176700.000 1980 COM2 64 0R0 195 4.2 7.3 61.1 1.0060 0.00 0.0M
176760.000 1980 COM2 64 0R0 248 1.1 7.3 61.2 1.0061 0.00 0.0M
176820.000 1980 COM2 64 0R0 226 2.7 7.3 61.3 1.0061 0.00 0.0M
176880.000 1980 COM2 64 0R0 208 2.9 7.3 61.1 1.0061 0.00 0.0M
176940.000 1980 COM2 64 0R0 224 4.2 7.3 61.2 1.0061 0.00 0.0M
177000.000 1980 COM2 64 0R0 258 2.0 7.3 61.3 1.0061 0.00 0.0M
177060.000 1980 COM2 64 0R0 245 3.6 7.3 61.3 1.0062 0.00 0.0M
177120.000 1980 COM2 64 0R0 240 2.7 7.3 61.3 1.0062 0.00 0.0M
177180.000 1980 COM2 64 0R0 220 2.7 7.3 61.2 1.0062 0.00 0.0M
177240.000 1980 COM2 64 0R0 228 2.6 7.3 61.1 1.0062 0.00 0.0M
177300.000 1980 COM2 64 0R0 228 2.1 7.3 61.4 1.0063 0.00 0.0M
177360.000 1980 COM2 64 0R0 217 2.3 7.3 61.4 1.0063 0.00 0.0M
177420.000 1980 COM2 64 0R0 223 2.8 7.4 61.2 1.0063 0.00 0.0M
177480.000 1980 COM2 64 0R0 205 3.7 7.4 61.2 1.0063 0.00 0.0M
177540.000 1980 COM2 64 0R0 247 2.4 7.4 61.3 1.0062 0.00 0.0M
177600.000 1980 COM2 64 0R0 204 3.8 7.4 61.5 1.0062 0.00 0.0M
177660.000 1980 COM2 64 0R0 193 1.9 7.4 61.3 1.0063 0.00 0.0M
177720.000 1980 COM2 64 0R0 237 2.4 7.4 61.5 1.0063 0.00 0.0M
177780.000 1980 COM2 64 0R0 285 1.1 7.4 61.4 1.0063 0.00 0.0M
177840.100 1980 COM2 64 0R0 145 0.9 7.4 61.7 1.0063 0.00 0.0M
177900.000 1980 COM2 64 0R0 228 2.0 7.4 61.7 1.0063 0.00 0.0M
177960.000 1980 COM2 64 0R0 259 0.3 7.4 61.3 1.0063 0.00 0.0M
178020.000 1980 COM2 64 0R0 209 1.3 7.4 61.6 1.0064 0.00 0.0M
178080.000 1980 COM2 64 0R0 300 0.7 7.4 61.6 1.0064 0.00 0.0M
178140.000 1980 COM2 64 0R0 227 3.1 7.4 61.5 1.0064 0.00 0.0M
178200.000 1980 COM2 64 0R0 236 3.1 7.4 61.5 1.0064 0.00 0.0M
178260.000 1980 COM2 64 0R0 253 1.6 7.4 61.3 1.0064 0.00 0.0M
178320.000 1980 COM2 64 0R0 216 0.7 7.4 61.4 1.0064 0.00 0.0M
178380.000 1980 COM2 64 0R0 249 3.1 7.4 61.4 1.0064 0.00 0.0M
178440.000 1980 COM2 64 0R0 261 0.9 7.4 61.5 1.0065 0.00 0.0M
178500.000 1980 COM2 64 0R0 243 4.1 7.4 61.6 1.0064 0.00 0.0M
178560.000 1980 COM2 64 0R0 257 2.8 7.4 61.6 1.0063 0.00 0.0M
178620.000 1980 COM2 64 0R0 248 2.3 7.4 61.7 1.0063 0.00 0.0M
178680.000 1980 COM2 64 0R0 233 3.7 7.4 61.6 1.0063 0.00 0.0M
178740.000 1980 COM2 64 0R0 238 4.9 7.4 61.7 1.0062 0.00 0.0M
178800.000 1980 COM2 64 0R0 241 2.1 7.4 61.8 1.0062 0.00 0.0M
178860.000 1980 COM2 64 0R0 234 4.2 7.4 61.8 1.0061 0.00 0.0M
178920.000 1980 COM2 64 0R0 234 2.1 7.4 61.9 1.0061 0.00 0.0M
178980.000 1980 COM2 64 0R0 189 3.7 7.4 61.9 1.0061 0.00 0.0M
179040.000 1980 COM2 64 0R0 193 2.1 7.4 61.9 1.0060 0.00 0.0M
179100.000 1980 COM2 64 0R0 216 3.5 7.4 62.0 1.0060 0.00 0.0M
179160.000 1980 COM2 64 0R0 218 2.1 7.4 62.0 1.0060 0.00 0.0M
179220.000 1980 COM2 64 0R0 221 4.3 7.3 62.1 1.0060 0.00 0.0M
179280.000 1980 COM2 64 0R0 197 2.8 7.3 62.3 1.0060 0.00 0.0M
179340.000 1980 COM2 64 0R0 225 3.8 7.3 62.6 1.0060 0.00 0.0M
179400.000 1980 COM2 64 0R0 220 3.6 7.3 62.4 1.0060 0.00 0.0M
179460.000 1980 COM2 64 0R0 180 2.2 7.3 62.5 1.0060 0.00 0.0M
179520.000 1980 COM2 64 0R0 228 1.0 7.3 62.7 1.0060 0.00 0.0M
179580.000 1980 COM2 64 0R0 218 3.8 7.4 62.3 1.0060 0.00 0.0M
179640.000 1980 COM2 64 0R0 264 2.6 7.4 62.3 1.0059 0.00 0.0M
179700.000 1980 COM2 64 0R0 219 4.7 7.4 62.4 1.0060 0.00 0.0M
179760.000 1980 COM2 64 0R0 226 3.3 7.3 62.5 1.0060 0.00 0.0M
179820.000 1980 COM2 64 0R0 227 1.7 7.3 62.6 1.0060 0.00 0.0M
179880.000 1980 COM2 64 0R0 225 1.8 7.3 62.7 1.0060 0.00 0.0M
179940.000 1980 COM2 64 0R0 225 3.1 7.3 62.6 1.0060 0.00 0.0M
180000.000 1980 COM2 64 0R0 219 2.4 7.4 62.5 1.0060 0.00 0.0M
180060.000 1980 COM2 64 0R0 233 3.2 7.4 62.5 1.0061 0.00 0.0M
180120.000 1980 COM2 64 0R0 226 2.9 7.4 62.5 1.0061 0.00 0.0M
180180.000 1980 COM2 64 0R0 238 4.2 7.4 62.5 1.0061 0.00 0.0M
180240.000 1980 COM2 64 0R0 264 1.5 7.4 62.4 1.0061 0.00 0.0M
180300.000 1980 COM2 64 0R0 252 1.7 7.4 62.5 1.0061 0.00 0.0M
180360.000 1980 COM2 64 0R0 213 2.9 7.4 62.5 1.0061 0.00 0.0M
180420.000 1980 COM2 64 0R0 202 2.2 7.4 62.8 1.0061 0.00 0.0M
180480.000 1980 COM2 64 0R0 217 3.5 7.4 62.8 1.0061 0.00 0.0M
180540.000 1980 COM2 64 0R0 260 2.0 7.4 62.5 1.0060 0.00 0.0M
180600.000 1980 COM2 64 0R0 222 3.9 7.4 62.5 1.0060 0.00 0.0M
180660.000 1980 COM2 64 0R0 222 3.8 7.4 62.2 1.0061 0.00 0.0M
180720.000 1980 COM2 64 0R0 231 1.1 7.4 62.5 1.0061 0.00 0.0M
180780.000 1980 COM2 64 0R0 308 0.4 7.4 62.6 1.0060 0.00 0.0M
180840.000 1980 COM2 64 0R0 220 4.1 7.4 62.5 1.0060 0.00 0.0M
180900.000 1980 COM2 64 0R0 256 2.5 7.4 62.3 1.0060 0.00 0.0M
180960.000 1980 COM2 64 0R0 191 3.2 7.4 62.4 1.0060 0.00 0.0M
181020.000 1980 COM2 64 0R0 257 4.1 7.4 62.6 1.0060 0.00 0.0M
181080.000 1980 COM2 64 0R0 244 3.6 7.4 62.5 1.0059 0.00 0.0M
181140.000 1980 COM2 64 0R0 253 2.0 7.4 62.5 1.0060 0.00 0.0M
181200.000 1980 COM2 64 0R0 266 1.9 7.4 62.4 1.0060 0.00 0.0M
181260.000 1980 COM2 64 0R0 255 2.9 7.4 62.5 1.0060 0.00 0.0M
181320.000 1980 COM2 64 0R0 257 2.3 7.5 62.5 1.0060 0.00 0.0M
181380.000 1980 COM2 64 0R0 235 3.9 7.5 62.5 1.0060 0.00 0.0M
181440.000 1980 COM2 64 0R0 209 0.9 7.5 62.5 1.0060 0.00 0.0M
181500.000 1980 COM2 64 0R0 243 1.3 7.5 62.6 1.0060 0.00 0.0M
181560.000 1980 COM2 64 0R0 209 2.6 7.5 62.8 1.0060 0.00 0.0M
181620.000 1980 COM2 64 0R0 226 2.1 7.5 62.7 1.0060 0.00 0.0M
181680.000 1980 COM2 64 0R0 266 2.7 7.5 62.6 1.0059 0.00 0.0M
181740.000 1980 COM2 64 0R0 226 2.4 7.5 62.6 1.0059 0.00 0.0M
181800.000 1980 COM2 64 0R0 196 3.2 7.5 62.6 1.0059 0.00 0.0M
181860.000 1980 COM2 64 0R0 203 4.6 7.5 62.7 1.0060 0.00 0.0M
181920.000 1980 COM2 64 0R0 202 2.9 7.5 62.7 1.0060 0.00 0.0M
181980.000 1980 COM2 64 0R0 260 2.6 7.5 62.6 1.0059 0.00 0.0M
182040.000 1980 COM2 64 0R0 259 2.4 7.5 62.5 1.0059 0.00 0.0M
182100.000 1980 COM2 64 0R0 235 4.7 7.5 62.7 1.0059 0.00 0.0M
182160.000 1980 COM2 64 0R0 210 2.3 7.5 62.7 1.0059 0.00 0.0M
182220.000 1980 COM2 64 0R0 221 2.0 7.5 63.0 1.0060 0.00 0.0M
182280.000 1980 COM2 64 0R0 247 1.6 7.5 62.8 1.0060 0.00 0.0M
182340.000 1980 COM2 64 0R0 258 4.0 7.5 62.7 1.0060 0.00 0.0M
182400.000 1980 COM2 64 0R0 191 0.7 7.5 62.6 1.0059 0.00 0.0M
182460.000 1980 COM2 64 0R0 268 1.8 7.5 62.8 1.0059 0.00 0.0M
182520.000 1980 COM2 64 0R0 237 2.4 7.5 62.7 1.0059 0.00 0.0M
182580.000 1980 COM2 64 0R0 245 2.0 7.5 62.8 1.0059 0.00 0.0M
182640.000 1980 COM2 64 0R0 229 0.9 7.5 62.9 1.0059 0.00 0.0M
182700.000 1980 COM2 64 0R0 240 3.3 7.5 62.8 1.0060 0.00 0.0M
182760.000 1980 COM2 64 0R0 263 1.2 7.5 62.9 1.0060 0.00 0.0M
182820.000 1980 COM2 64 0R0 255 1.6 7.5 63.0 1.0059 0.00 0.0M
182880.000 1980 COM2 64 0R0 245 1.0 7.5 63.0 1.0060 0.00 0.0M
182940.000 1980 COM2 64 0R0 251 2.7 7.5 62.8 1.0059 0.00 0.0M
183000.000 1980 COM2 64 0R0 292 1.9 7.5 62.9 1.0060 0.00 0.0M
183060.000 1980 COM2 64 0R0 259 3.1 7.5 62.9 1.0060 0.00 0.0M
183120.000 1980 COM2 64 0R0 268 0.5 7.5 63.0 1.0060 0.00 0.0M
183180.000 1980 COM2 64 0R0 235 2.0 7.5 62.9 1.0060 0.00 0.0M
183240.000 1980 COM2 64 0R0 286 1.3 7.5 63.0 1.0060 0.00 0.0M
183300.000 1980 COM2 64 0R0 280 0.6 7.5 63.1 1.0060 0.00 0.0M
183360.000 1980 COM2 64 0R0 260 1.8 7.5 63.2 1.0060 0.00 0.0M
183420.000 1980 COM2 64 0R0 212 2.7 7.5 63.1 1.0060 0.00 0.0M
183480.000 1980 COM2 64 0R0 238 1.3 7.5 63.2 1.0060 0.00 0.0M
183540.000 1980 COM2 64 0R0 229 2.1 7.5 63.2 1.0059 0.00 0.0M
183600.000 1980 COM2 64 0R0 239 3.0 7.5 63.2 1.0059 0.00 0.0M
183660.000 1980 COM2 64 0R0 232 1.9 7.5 63.1 1.0059 0.00 0.0M
183720.000 1980 COM2 64 0R0 267 0.7 7.5 63.2 1.0059 0.00 0.0M
183780.000 1980 COM2 64 0R0 241 3.1 7.5 63.4 1.0059 0.00 0.0M
183840.000 1980 COM2 64 0R0 236 4.1 7.5 63.2 1.0059 0.00 0.0M
183900.000 1980 COM2 64 0R0 237 0.9 7.5 63.2 1.0059 0.00 0.0M
183960.000 1980 COM2 64 0R0 224 1.7 7.5 63.4 1.0059 0.00 0.0M
184020.000 1980 COM2 64 0R0 242 3.0 7.5 63.5 1.0059 0.00 0.0M
184080.000 1980 COM2 64 0R0 248 1.8 7.5 63.2 1.0059 0.00 0.0M
184140.000 1980 COM2 64 0R0 235 2.2 7.5 63.2 1.0059 0.00 0.0M
184200.000 1980 COM2 64 0R0 234 2.2 7.5 63.4 1.0059 0.00 0.0M
184260.000 1980 COM2 64 0R0 229 1.8 7.5 63.5 1.0058 0.00 0.0M
184320.000 1980 COM2 64 0R0 241 2.0 7.5 63.6 1.0058 0.00 0.0M
184380.000 1980 COM2 64 0R0 269 1.1 7.4 63.3 1.0058 0.00 0.0M
184440.000 1980 COM2 64 0R0 204 0.9 7.4 63.6 1.0059 0.00 0.0M
184500.000 1980 COM2 64 0R0 244 2.3 7.4 63.8 1.0059 0.00 0.0M
184560.000 1980 COM2 64 0R0 147 1.0 7.4 63.7 1.0059 0.00 0.0M
184620.000 1980 COM2 64 0R0 216 1.8 7.4 63.8 1.0059 0.00 0.0M
184680.000 1980 COM2 64 0R0 211 1.7 7.4 63.7 1.0059 0.00 0.0M
184740.000 1980 COM2 64 0R0 246 2.4 7.4 63.7 1.0059 0.00 0.0M
184800.000 1980 COM2 64 0R0 255 2.8 7.4 63.6 1.0059 0.00 0.0M
184860.000 1980 COM2 64 0R0 244 2.4 7.4 63.8 1.0059 0.00 0.0M
184920.000 1980 COM2 64 0R0 190 2.6 7.4 63.7 1.0059 0.00 0.0M
184980.000 1980 COM2 64 0R0 265 1.1 7.4 63.8 1.0059 0.00 0.0M
185040.000 1980 COM2 64 0R0 225 3.2 7.4 63.8 1.0059 0.00 0.0M
185100.000 1980 COM2 64 0R0 246 2.1 7.4 63.8 1.0060 0.00 0.0M
185160.000 1980 COM2 64 0R0 267 1.2 7.4 63.9 1.0060 0.00 0.0M
185220.000 1980 COM2 64 0R0 224 1.9 7.4 63.9 1.0060 0.00 0.0M
185280.000 1980 COM2 64 0R0 243 0.9 7.3 64.1 1.0060 0.00 0.0M
185340.000 1980 COM2 64 0R0 238 1.6 7.3 64.1 1.0060 0.00 0.0M
185400.000 1980 COM2 64 0R0 270 1.6 7.3 64.0 1.0059 0.00 0.0M
185460.000 1980 COM2 64 0R0 242 2.9 7.3 64.0 1.0060 0.00 0.0M
185520.000 1980 COM2 64 0R0 208 2.5 7.3 64.1 1.0060 0.00 0.0M
185580.000 1980 COM2 64 0R0 243 2.0 7.3 64.1 1.0060 0.00 0.0M
185640.000 1980 COM2 64 0R0 254 2.6 7.3 64.1 1.0060 0.00 0.0M
185700.000 1980 COM2 64 0R0 213 1.2 7.3 64.2 1.0061 0.00 0.0M
185760.000 1980 COM2 64 0R0 217 2.1 7.3 64.1 1.0061 0.00 0.0M
185820.000 1980 COM2 64 0R0 241 1.8 7.3 64.2 1.0061 0.00 0.0M
185880.000 1980 COM2 64 0R0 235 1.9 7.3 64.2 1.0061 0.00 0.0M
185940.000 1980 COM2 64 0R0 161 1.0 7.3 64.3 1.0060 0.00 0.0M
186000.000 1980 COM2 64 0R0 239 1.4 7.3 64.4 1.0060 0.00 0.0M
186060.000 1980 COM2 64 0R0 220 3.3 7.3 64.3 1.0060 0.00 0.0M
186120.000 1980 COM2 64 0R0 234 1.9 7.3 64.2 1.0060 0.00 0.0M
186180.000 1980 COM2 64 0R0 210 2.7 7.3 64.2 1.0060 0.00 0.0M
186240.000 1980 COM2 64 0R0 226 1.6 7.3 64.4 1.0060 0.00 0.0M
186300.000 1980 COM2 64 0R0 214 2.7 7.3 64.4 1.0060 0.00 0.0M
186360.000 1980 COM2 64 0R0 242 1.6 7.3 64.3 1.0060 0.00 0.0M
186420.000 1980 COM2 64 0R0 269 1.8 7.3 64.3 1.0060 0.00 0.0M
186480.000 1980 COM2 64 0R0 212 3.3 7.3 64.2 1.0060 0.00 0.0M
186540.000 1980 COM2 64 0R0 247 3.2 7.3 64.3 1.0060 0.00 0.0M
186600.000 1980 COM2 64 0R0 239 2.2 7.3 64.4 1.0060 0.00 0.0M
186660.000 1980 COM2 64 0R0 225 1.3 7.3 64.3 1.0059 0.00 0.0M
186720.000 1980 COM2 64 0R0 236 0.8 7.3 64.6 1.0059 0.00 0.0M
186780.000 1980 COM2 64 0R0 241 2.7 7.3 64.6 1.0059 0.00 0.0M
186840.000 1980 COM2 64 0R0 240 3.0 7.3 64.5 1.0059 0.00 0.0M
186900.000 1980 COM2 64 0R0 198 1.8 7.3 64.6 1.0059 0.00 0.0M
186960.000 1980 COM2 64 0R0 215 1.1 7.3 64.4 1.0058 0.00 0.0M
187020.000 1980 COM2 64 0R0 262 2.0 7.3 64.6 1.0058 0.00 0.0M
187080.000 1980 COM2 64 0R0 244 2.4 7.3 64.6 1.0058 0.00 0.0M
187140.000 1980 COM2 64 0R0 240 3.9 7.3 64.4 1.0058 0.00 0.0M
187200.000 1980 COM2 64 0R0 197 1.5 7.3 64.4 1.0058 0.00 0.0M
187260.000 1980 COM2 64 0R0 244 3.2 7.3 64.5 1.0058 0.00 0.0M
187320.000 1980 COM2 64 0R0 221 1.6 7.3 64.5 1.0058 0.00 0.0M
187380.000 1980 COM2 64 0R0 239 3.4 7.3 64.5 1.0058 0.00 0.0M
187440.000 1980 COM2 64 0R0 307 0.9 7.3 64.4 1.0057 0.00 0.0M
187500.000 1980 COM2 64 0R0 224 1.6 7.3 64.6 1.0057 0.00 0.0M
187560.000 1980 COM2 64 0R0 264 2.2 7.3 64.7 1.0058 0.00 0.0M
187620.000 1980 COM2 64 0R0 237 1.7 7.3 64.5 1.0058 0.00 0.0M
187680.000 1980 COM2 64 0R0 250 1.4 7.3 64.6 1.0058 0.00 0.0M
187740.000 1980 COM2 64 0R0 234 3.1 7.2 64.6 1.0058 0.00 0.0M
187800.000 1980 COM2 64 0R0 256 3.0 7.2 64.7 1.0057 0.00 0.0M
187860.000 1980 COM2 64 0R0 227 1.0 7.2 64.7 1.0057 0.00 0.0M
187920.000 1980 COM2 64 0R0 350 0.9 7.2 64.8 1.0057 0.00 0.0M
187980.000 1980 COM2 64 0R0 227 2.3 7.2 64.8 1.0057 0.00 0.0M
188040.000 1980 COM2 64 0R0 222 2.2 7.2 64.8 1.0057 0.00 0.0M
188100.000 1980 COM2 64 0R0 238 2.1 7.2 64.8 1.0056 0.00 0.0M
188160.000 1980 COM2 64 0R0 199 1.6 7.2 64.6 1.0056 0.00 0.0M
188220.000 1980 COM2 64 0R0 232 3.1 7.2 64.8 1.0056 0.00 0.0M
188280.000 1980 COM2 64 0R0 291 1.6 7.2 64.7 1.0056 0.00 0.0M
188340.000 1980 COM2 64 0R0 236 1.2 7.2 64.7 1.0056 0.00 0.0M
188400.000 1980 COM2 64 0R0 250 2.0 7.2 64.8 1.0055 0.00 0.0M
188460.000 1980 COM2 64 0R0 289 1.1 7.3 64.7 1.0055 0.00 0.0M
188520.000 1980 COM2 64 0R0 241 2.3 7.3 64.8 1.0055 0.00 0.0M
188580.000 1980 COM2 64 0R0 257 4.1 7.3 64.8 1.0055 0.00 0.0M
188640.000 1980 COM2 64 0R0 257 2.1 7.3 64.7 1.0055 0.00 0.0M
188700.000 1980 COM2 64 0R0 204 1.2 7.3 64.7 1.0055 0.00 0.0M
188760.000 1980 COM2 64 0R0 244 1.6 7.2 64.7 1.0055 0.00 0.0M
188820.000 1980 COM2 64 0R0 258 2.8 7.3 64.8 1.0055 0.00 0.0M
188880.000 1980 COM2 64 0R0 293 2.7 7.2 64.7 1.0055 0.00 0.0M
188940.000 1980 COM2 64 0R0 296 1.2 7.2 64.8 1.0055 0.00 0.0M
189000.000 1980 COM2 64 0R0 170 0.7 7.2 64.8 1.0055 0.00 0.0M
189060.000 1980 COM2 64 0R0 231 3.0 7.2 64.8 1.0054 0.00 0.0M
189120.000 1980 COM2 64 0R0 244 2.9 7.2 64.7 1.0054 0.00 0.0M
189180.000 1980 COM2 64 0R0 234 2.3 7.2 64.8 1.0055 0.00 0.0M
189240.000 1980 COM2 64 0R0 265 2.1 7.2 64.8 1.0055 0.00 0.0M
189300.000 1980 COM2 64 0R0 240 1.6 7.2 64.9 1.0055 0.00 0.0M
189360.000 1980 COM2 64 0R0 221 2.0 7.2 64.9 1.0055 0.00 0.0M
189420.000 1980 COM2 64 0R0 252 2.2 7.2 64.9 1.0054 0.00 0.0M
189480.000 1980 COM2 64 0R0 245 2.4 7.2 64.8 1.0054 0.00 0.0M
189540.000 1980 COM2 64 0R0 241 2.8 7.2 64.9 1.0054 0.00 0.0M
189600.000 1980 COM2 64 0R0 250 3.6 7.2 65.0 1.0054 0.00 0.0M
189660.000 1980 COM2 64 0R0 254 2.4 7.2 65.0 1.0054 0.00 0.0M
189720.000 1980 COM2 64 0R0 209 2.2 7.2 65.0 1.0054 0.00 0.0M
189780.000 1980 COM2 64 0R0 231 1.3 7.2 65.1 1.0053 0.00 0.0M
189840.000 1980 COM2 64 0R0 234 2.4 7.2 65.2 1.0053 0.00 0.0M
189900.000 1980 COM2 64 0R0 220 0.8 7.2 65.2 1.0053 0.00 0.0M
189960.000 1980 COM2 64 0R0 225 1.3 7.2 65.2 1.0053 0.00 0.0M
190020.000 1980 COM2 64 0R0 233 2.4 7.2 65.1 1.0053 0.00 0.0M
190080.000 1980 COM2 64 0R0 234 2.8 7.2 65.1 1.0053 0.00 0.0M
190140.000 1980 COM2 64 0R0 216 2.3 7.2 65.1 1.0053 0.00 0.0M
190200.000 1980 COM2 64 0R0 226 2.4 7.2 65.1 1.0054 0.00 0.0M
190260.000 1980 COM2 64 0R0 230 3.1 7.2 65.3 1.0053 0.00 0.0M
190320.000 1980 COM2 64 0R0 245 2.9 7.2 65.2 1.0053 0.00 0.0M
190380.000 1980 COM2 64 0R0 223 1.8 7.1 65.4 1.0053 0.00 0.0M
190440.000 1980 COM2 64 0R0 237 3.9 7.1 65.7 1.0053 0.00 0.0M
190500.000 1980 COM2 64 0R0 225 2.7 7.1 65.5 1.0053 0.00 0.0M
190560.000 1980 COM2 64 0R0 223 2.6 7.1 65.6 1.0053 0.00 0.0M
190620.000 1980 COM2 64 0R0 235 3.2 7.1 65.7 1.0052 0.00 0.0M
190680.000 1980 COM2 64 0R0 216 3.0 7.0 65.8 1.0052 0.00 0.0M
190740.000 1980 COM2 64 0R0 186 2.5 7.0 65.9 1.0052 0.00 0.0M
190800.000 1980 COM2 64 0R0 208 3.5 7.0 66.1 1.0052 0.00 0.0M
190860.000 1980 COM2 64 0R0 190 3.5 6.9 66.2 1.0051 0.00 0.0M
190920.000 1980 COM2 64 0R0 204 3.2 6.8 66.4 1.0051 0.00 0.0M
190980.000 1980 COM2 64 0R0 203 5.2 6.8 66.8 1.0051 0.00 0.0M
191040.000 1980 COM2 64 0R0 217 3.3 6.8 66.7 1.0052 0.00 0.0M
191100.000 1980 COM2 64 0R0 181 3.5 6.8 67.0 1.0052 0.00 0.0M
191160.000 1980 COM2 64 0R0 162 2.5 6.8 67.0 1.0051 0.00 0.0M
191220.000 1980 COM2 64 0R0 195 2.5 6.7 67.1 1.0051 0.00 0.0M
191280.000 1980 COM2 64 0R0 196 2.3 6.7 67.0 1.0051 0.00 0.0M
191340.000 1980 COM2 64 0R0 224 2.7 6.7 67.0 1.0051 0.00 0.0M
191400.000 1980 COM2 64 0R0 204 1.2 6.7 67.2 1.0051 0.00 0.0M
191460.000 1980 COM2 64 0R0 282 1.2 6.7 67.4 1.0052 0.00 0.0M
191520.000 1980 COM2 64 0R0 218 1.5 6.8 67.1 1.0052 0.00 0.0M
191580.000 1980 COM2 64 0R0 227 1.2 6.8 67.0 1.0053 0.00 0.0M
191640.000 1980 COM2 64 0R0 297 0.9 6.8 66.9 1.0053 0.00 0.0M
191700.000 1980 COM2 64 0R0 277 1.7 6.8 67.0 1.0053 0.00 0.0M
191760.000 1980 COM2 64 0R0 256 2.0 6.8 67.0 1.0052 0.00 0.0M
191820.000 1980 COM2 64 0R0 238 2.2 6.9 66.8 1.0052 0.00 0.0M
191880.000 1980 COM2 64 0R0 289 1.3 6.9 66.9 1.0052 0.00 0.0M
191940.000 1980 COM2 64 0R0 265 2.2 6.9 66.8 1.0053 0.00 0.0M
192000.000 1980 COM2 64 0R0 276 1.0 6.9 66.8 1.0053 0.00 0.0M
192060.000 1980 COM2 64 0R0 233 0.9 6.9 66.7 1.0053 0.00 0.0M
192120.000 1980 COM2 64 0R0 240 2.6 7.0 66.7 1.0054 0.00 0.0M
192180.000 1980 COM2 64 0R0 267 2.7 7.0 66.7 1.0054 0.00 0.0M
192240.100 1980 COM2 64 0R0 250 1.8 7.0 66.7 1.0054 0.00 0.0M
192300.000 1980 COM2 64 0R0 239 1.7 7.0 66.6 1.0054 0.00 0.0M
192360.000 1980 COM2 64 0R0 238 1.4 7.0 66.5 1.0054 0.00 0.0M
192420.000 1980 COM2 64 0R0 247 1.3 7.0 66.5 1.0054 0.00 0.0M
192480.000 1980 COM2 64 0R0 230 1.5 7.0 66.6 1.0054 0.00 0.0M
192540.000 1980 COM2 64 0R0 195 1.3 7.0 66.6 1.0054 0.00 0.0M
192600.000 1980 COM2 64 0R0 204 1.0 7.0 66.7 1.0053 0.00 0.0M
192660.000 1980 COM2 64 0R0 291 0.6 7.0 66.8 1.0054 0.00 0.0M
192720.000 1980 COM2 64 0R0 272 1.9 7.0 66.6 1.0054 0.00 0.0M
192780.000 1980 COM2 64 0R0 246 1.5 7.0 66.8 1.0054 0.00 0.0M
192840.000 1980 COM2 64 0R0 260 1.2 7.1 66.6 1.0054 0.00 0.0M
192900.000 1980 COM2 64 0R0 205 1.8 7.1 66.7 1.0054 0.00 0.0M
192960.000 1980 COM2 64 0R0 199 0.8 7.1 66.6 1.0054 0.00 0.0M
193020.000 1980 COM2 64 0R0 294 0.6 7.1 66.7 1.0054 0.00 0.0M
193080.000 1980 COM2 64 0R0 228 1.0 7.1 66.5 1.0054 0.00 0.0M
193140.000 1980 COM2 64 0R0 237 2.1 7.1 66.5 1.0054 0.00 0.0M
193200.000 1980 COM2 64 0R0 265 1.5 7.1 66.7 1.0054 0.00 0.0M
193260.000 1980 COM2 64 0R0 280 0.8 7.1 66.6 1.0054 0.00 0.0M
193320.000 1980 COM2 64 0R0 258 2.8 7.1 66.6 1.0055 0.00 0.0M
193380.000 1980 COM2 64 0R0 277 1.1 7.1 66.7 1.0055 0.00 0.0M
193440.000 1980 COM2 64 0R0 267 1.1 7.1 66.7 1.0055 0.00 0.0M
193500.000 1980 COM2 64 0R0 263 1.4 7.1 66.7 1.0055 0.00 0.0M
193560.000 1980 COM2 64 0R0 292 1.5 7.1 66.7 1.0055 0.00 0.0M
193620.000 1980 COM2 64 0R0 255 2.4 7.1 66.8 1.0055 0.00 0.0M
193680.000 1980 COM2 64 0R0 235 0.7 7.1 66.7 1.0055 0.00 0.0M
193740.000 1980 COM2 64 0R0 276 2.0 7.1 66.9 1.0055 0.00 0.0M
193800.000 1980 COM2 64 0R0 267 1.8 7.1 66.7 1.0055 0.00 0.0M
193860.000 1980 COM2 64 0R0 231 1.1 7.1 66.8 1.0055 0.00 0.0M
193920.000 1980 COM2 64 0R0 277 2.7 7.1 66.8 1.0054 0.00 0.0M
193980.000 1980 COM2 64 0R0 240 2.9 7.1 66.7 1.0054 0.00 0.0M
194040.000 1980 COM2 64 0R0 267 1.3 7.1 66.7 1.0055 0.00 0.0M
194100.000 1980 COM2 64 0R0 261 1.5 7.1 66.8 1.0055 0.00 0.0M
194160.000 1980 COM2 64 0R0 268 2.4 7.1 66.8 1.0054 0.00 0.0M
194220.100 1980 COM2 64 0R0 220 0.8 7.1 66.9 1.0054 0.00 0.0M
194280.000 1980 COM2 64 0R0 298 1.2 7.1 66.8 1.0054 0.00 0.0M
194340.000 1980 COM2 64 0R0 264 1.3 7.1 66.8 1.0054 0.00 0.0M
194400.000 1980 COM2 64 0R0 255 1.3 7.1 66.8 1.0054 0.00 0.0M
194460.000 1980 COM2 64 0R0 290 1.0 7.1 66.8 1.0054 0.00 0.0M
194520.000 1980 COM2 64 0R0 259 2.0 7.1 66.9 1.0054 0.00 0.0M
194580.000 1980 COM2 64 0R0 258 1.6 7.1 66.7 1.0054 0.00 0.0M
194640.000 1980 COM2 64 0R0 259 3.0 7.1 66.6 1.0054 0.00 0.0M
194700.100 1980 COM2 64 0R0 260 1.5 7.1 66.6 1.0054 0.00 0.0M
194760.000 1980 COM2 64 0R0 249 1.5 7.1 66.9 1.0054 0.00 0.0M
194820.000 1980 COM2 64 0R0 291 0.8 7.1 66.6 1.0054 0.00 0.0M
194880.000 1980 COM2 64 0R0 244 1.5 7.1 66.6 1.0054 0.00 0.0M
194940.000 1980 COM2 64 0R0 240 1.3 7.1 66.6 1.0054 0.00 0.0M
195000.000 1980 COM2 64 0R0 234 0.9 7.1 66.7 1.0054 0.00 0.0M
195060.000 1980 COM2 64 0R0 257 1.6 7.1 66.7 1.0054 0.00 0.0M
195120.000 1980 COM2 64 0R0 250 3.2 7.1 66.7 1.0054 0.00 0.0M
195180.000 1980 COM2 64 0R0 238 2.6 7.1 66.7 1.0054 0.00 0.0M
195240.000 1980 COM2 64 0R0 232 3.0 7.1 66.8 1.0054 0.00 0.0M
195300.000 1980 COM2 64 0R0 276 1.1 7.1 66.8 1.0054 0.00 0.0M
195360.000 1980 COM2 64 0R0 239 3.5 7.1 67.0 1.0054 0.00 0.0M
195420.000 1980 COM2 64 0R0 262 1.6 7.1 67.0 1.0054 0.00 0.0M
195480.000 1980 COM2 64 0R0 261 1.6 7.1 67.0 1.0054 0.00 0.0M
195540.000 1980 COM2 64 0R0 271 2.5 7.1 67.1 1.0054 0.00 0.0M
195600.000 1980 COM2 64 0R0 233 1.0 7.1 66.9 1.0054 0.00 0.0M
195660.000 1980 COM2 64 0R0 260 2.1 7.0 67.1 1.0054 0.00 0.0M
195720.100 1980 COM2 64 0R0 280 1.9 7.1 67.0 1.0054 0.00 0.0M
195780.000 1980 COM2 64 0R0 253 1.6 7.1 67.0 1.0054 0.00 0.0M
195840.000 1980 COM2 64 0R0 247 2.2 7.0 67.1 1.0054 0.00 0.0M
195900.000 1980 COM2 64 0R0 239 2.3 7.1 67.1 1.0054 0.00 0.0M
195960.000 1980 COM2 64 0R0 271 2.3 7.1 67.2 1.0054 0.00 0.0M
196020.000 1980 COM2 64 0R0 234 0.9 7.1 67.2 1.0054 0.00 0.0M
196080.000 1980 COM2 64 0R0 258 3.1 7.0 67.1 1.0054 0.00 0.0M
196140.100 1980 COM2 64 0R0 143 0.7 7.1 67.1 1.0054 0.00 0.0M
196200.100 1980 COM2 64 0R0 271 2.0 7.0 67.2 1.0053 0.00 0.0M
196260.000 1980 COM2 64 0R0 242 1.3 7.0 67.2 1.0053 0.00 0.0M
196320.000 1980 COM2 64 0R0 249 2.5 7.0 67.2 1.0053 0.00 0.0M
196380.000 1980 COM2 64 0R0 273 0.6 7.0 67.2 1.0053 0.00 0.0M
196440.000 1980 COM2 64 0R0 240 2.9 7.0 67.2 1.0053 0.00 0.0M
196500.000 1980 COM2 64 0R0 280 0.9 7.0 67.3 1.0053 0.00 0.0M
196560.000 1980 COM2 64 0R0 238 1.6 7.0 67.4 1.0052 0.00 0.0M
196620.000 1980 COM2 64 0R0 265 1.2 7.0 67.4 1.0052 0.00 0.0M
196680.000 1980 COM2 64 0R0 246 3.1 7.0 67.5 1.0053 0.00 0.0M
196740.000 1980 COM2 64 0R0 233 0.9 7.0 67.5 1.0052 0.00 0.0M
196800.000 1980 COM2 64 0R0 237 1.3 6.9 67.6 1.0052 0.00 0.0M
196860.000 1980 COM2 64 0R0 260 2.8 6.9 67.7 1.0052 0.00 0.0M
196920.000 1980 COM2 64 0R0 257 2.5 6.9 67.7 1.0052 0.00 0.0M
196980.000 1980 COM2 64 0R0 277 1.6 6.9 67.8 1.0052 0.00 0.0M
197040.000 1980 COM2 64 0R0 258 2.7 6.9 67.9 1.0052 0.00 0.0M
197100.000 1980 COM2 64 0R0 261 2.4 6.9 68.0 1.0052 0.00 0.0M
197160.000 1980 COM2 64 0R0 247 0.9 6.9 68.0 1.0052 0.00 0.0M
197220.000 1980 COM2 64 0R0 234 0.9 6.9 68.1 1.0052 0.00 0.0M
197280.000 1980 COM2 64 0R0 244 0.6 6.9 68.1 1.0052 0.00 0.0M
197340.000 1980 COM2 64 0R0 263 1.9 6.8 68.2 1.0053 0.00 0.0M
197400.000 1980 COM2 64 0R0 247 2.5 6.9 68.1 1.0053 0.00 0.0M
197460.000 1980 COM2 64 0R0 296 0.6 6.9 68.1 1.0053 0.00 0.0M
197520.000 1980 COM2 64 0R0 260 2.3 6.8 68.2 1.0053 0.00 0.0M
197580.000 1980 COM2 64 0R0 232 2.1 6.8 68.1 1.0053 0.00 0.0M
197640.000 1980 COM2 64 0R0 246 1.7 6.8 68.2 1.0053 0.00 0.0M
197700.000 1980 COM2 64 0R0 253 1.2 6.8 68.2 1.0053 0.00 0.0M
197760.000 1980 COM2 64 0R0 237 2.4 6.8 68.3 1.0053 0.00 0.0M
197820.000 1980 COM2 64 0R0 228 2.1 6.8 68.3 1.0053 0.00 0.0M
197880.000 1980 COM2 64 0R0 224 0.9 6.8 68.5 1.0053 0.00 0.0M
197940.000 1980 COM2 64 0R0 198 1.7 6.8 68.5 1.0053 0.00 0.0M
198000.000 1980 COM2 64 0R0 207 1.2 6.8 68.6 1.0053 0.00 0.0M
198060.000 1980 COM2 64 0R0 226 1.9 6.8 68.5 1.0052 0.00 0.0M
198120.000 1980 COM2 64 0R0 181 2.2 6.8 68.3 1.0052 0.00 0.0M
198180.000 1980 COM2 64 0R0 230 1.9 6.8 68.5 1.0052 0.00 0.0M
198240.100 1980 COM2 64 0R0 229 2.3 6.8 68.5 1.0052 0.00 0.0M
198300.000 1980 COM2 64 0R0 228 1.2 6.8 68.6 1.0052 0.00 0.0M
198360.000 1980 COM2 64 0R0 208 2.6 6.8 68.6 1.0052 0.00 0.0M
198420.000 1980 COM2 64 0R0 242 2.0 6.7 68.6 1.0052 0.00 0.0M
198480.000 1980 COM2 64 0R0 239 2.3 6.7 68.8 1.0052 0.00 0.0M
198540.000 1980 COM2 64 0R0 202 1.6 6.7 68.9 1.0052 0.00 0.0M
198600.000 1980 COM2 64 0R0 222 2.1 6.7 69.0 1.0052 0.00 0.0M
198660.000 1980 COM2 64 0R0 226 1.9 6.7 68.9 1.0052 0.00 0.0M
198720.000 1980 COM2 64 0R0 219 1.4 6.6 69.1 1.0052 0.00 0.0M
198780.000 1980 COM2 64 0R0 215 2.1 6.6 69.4 1.0052 0.00 0.0M
198840.000 1980 COM2 64 0R0 232 1.9 6.6 69.4 1.0052 0.00 0.0M
198900.000 1980 COM2 64 0R0 225 1.9 6.5 69.5 1.0052 0.00 0.0M
198960.000 1980 COM2 64 0R0 227 1.9 6.5 69.7 1.0051 0.00 0.0M
199020.000 1980 COM2 64 0R0 207 1.2 6.5 69.7 1.0051 0.00 0.0M
199080.000 1980 COM2 64 0R0 204 0.9 6.5 69.8 1.0052 0.00 0.0M
199140.000 1980 COM2 64 0R0 235 0.8 6.5 69.8 1.0052 0.00 0.0M
199200.000 1980 COM2 64 0R0 201 1.8 6.5 69.8 1.0052 0.00 0.0M
199260.000 1980 COM2 64 0R0 157 1.6 6.5 69.7 1.0051 0.00 0.0M
199320.000 1980 COM2 64 0R0 200 2.0 6.5 69.7 1.0051 0.00 0.0M
199380.000 1980 COM2 64 0R0 201 2.0 6.5 69.8 1.0051 0.00 0.0M
199440.100 1980 COM2 64 0R0 188 2.0 6.5 69.9 1.0051 0.00 0.0M
199500.000 1980 COM2 64 0R0 222 2.4 6.4 70.0 1.0051 0.00 0.0M
199560.000 1980 COM2 64 0R0 221 2.3 6.4 70.2 1.0051 0.00 0.0M
199620.000 1980 COM2 64 0R0 185 1.8 6.4 70.2 1.0051 0.00 0.0M
199680.000 1980 COM2 64 0R0 222 2.1 6.4 70.4 1.0051 0.00 0.0M
199740.000 1980 COM2 64 0R0 235 1.7 6.4 70.4 1.0051 0.00 0.0M
199800.000 1980 COM2 64 0R0 211 1.8 6.4 70.3 1.0051 0.00 0.0M
199860.000 1980 COM2 64 0R0 227 1.5 6.4 70.3 1.0051 0.00 0.0M
199920.000 1980 COM2 64 0R0 222 0.4 6.4 70.4 1.0051 0.00 0.0M
199980.000 1980 COM2 64 0R0 223 1.4 6.4 70.4 1.0052 0.00 0.0M
200040.000 1980 COM2 64 0R0 270 0.6 6.4 70.3 1.0052 0.00 0.0M
200100.000 1980 COM2 64 0R0 199 0.5 6.4 70.2 1.0052 0.00 0.0M
200160.000 1980 COM2 64 0R0 199 1.5 6.4 70.3 1.0052 0.00 0.0M
200220.000 1980 COM2 64 0R0 219 0.9 6.4 70.3 1.0052 0.00 0.0M
200280.000 1980 COM2 64 0R0 277 1.0 6.4 70.4 1.0052 0.00 0.0M
200340.000 1980 COM2 64 0R0 229 0.6 6.4 70.4 1.0052 0.00 0.0M
200400.000 1980 COM2 64 0R0 218 0.8 6.4 70.3 1.0052 0.00 0.0M
200460.000 1980 COM2 64 0R0 235 1.1 6.4 70.4 1.0052 0.00 0.0M
200520.000 1980 COM2 64 0R0 245 1.0 6.4 70.4 1.0052 0.00 0.0M
200580.000 1980 COM2 64 0R0 151 0.3 6.4 70.5 1.0051 0.00 0.0M
200640.000 1980 COM2 64 0R0 234 1.0 6.4 70.5 1.0051 0.00 0.0M
200700.000 1980 COM2 64 0R0 222 1.5 6.4 70.5 1.0051 0.00 0.0M
200760.000 1980 COM2 64 0R0 177 0.5 6.4 70.5 1.0051 0.00 0.0M
200820.000 1980 COM2 64 0R0 244 1.3 6.4 70.5 1.0051 0.00 0.0M
200880.000 1980 COM2 64 0R0 302 0.6 6.4 70.4 1.0052 0.00 0.0M
200940.000 1980 COM2 64 0R0 258 1.3 6.4 70.4 1.0052 0.00 0.0M
201000.000 1980 COM2 64 0R0 264 1.2 6.4 70.3 1.0051 0.00 0.0M
201060.000 1980 COM2 64 0R0 253 1.5 6.4 70.3 1.0051 0.00 0.0M
201120.000 1980 COM2 64 0R0 258 1.5 6.4 70.4 1.0051 0.00 0.0M
201180.000 1980 COM2 64 0R0 286 0.3 6.4 70.4 1.0052 0.00 0.0M
201240.000 1980 COM2 64 0R0 277 1.4 6.4 70.4 1.0052 0.00 0.0M
201300.000 1980 COM2 64 0R0 264 0.9 6.4 70.3 1.0052 0.00 0.0M
201360.000 1980 COM2 64 0R0 276 1.9 6.4 70.4 1.0052 0.00 0.0M
201420.000 1980 COM2 64 0R0 263 1.5 6.4 70.3 1.0052 0.00 0.0M
201480.000 1980 COM2 64 0R0 275 1.7 6.4 70.2 1.0052 0.00 0.0M
201540.000 1980 COM2 64 0R0 269 2.1 6.4 70.2 1.0052 0.00 0.0M
201600.000 1980 COM2 64 0R0 242 0.8 6.4 70.3 1.0052 0.00 0.0M
201660.000 1980 COM2 64 0R0 270 1.4 6.4 70.4 1.0052 0.00 0.0M
201720.000 1980 COM2 64 0R0 262 1.5 6.4 70.3 1.0052 0.00 0.0M
201780.000 1980 COM2 64 0R0 250 1.7 6.4 70.3 1.0052 0.00 0.0M
201840.000 1980 COM2 64 0R0 258 1.8 6.4 70.4 1.0052 0.00 0.0M
201900.000 1980 COM2 64 0R0 257 0.3 6.5 70.1 1.0052 0.00 0.0M
201960.000 1980 COM2 64 0R0 269 0.7 6.5 70.2 1.0051 0.00 0.0M
202020.000 1980 COM2 64 0R0 244 1.5 6.5 70.0 1.0051 0.00 0.0M
202080.000 1980 COM2 64 0R0 248 2.8 6.5 70.0 1.0051 0.00 0.0M
202140.000 1980 COM2 64 0R0 260 1.2 6.5 69.9 1.0051 0.00 0.0M
202200.000 1980 COM2 64 0R0 232 1.4 6.5 69.9 1.0051 0.00 0.0M
202260.000 1980 COM2 64 0R0 253 0.9 6.5 69.9 1.0051 0.00 0.0M
202320.000 1980 COM2 64 0R0 202 0.9 6.5 69.8 1.0051 0.00 0.0M
202380.000 1980 COM2 64 0R0 227 1.4 6.5 69.7 1.0051 0.00 0.0M
202440.000 1980 COM2 64 0R0 253 0.6 6.6 69.8 1.0051 0.00 0.0M
202500.000 1980 COM2 64 0R0 254 1.6 6.6 69.8 1.0051 0.00 0.0M
202560.000 1980 COM2 64 0R0 254 1.2 6.6 69.7 1.0051 0.00 0.0M
202620.000 1980 COM2 64 0R0 242 1.9 6.6 69.8 1.0050 0.00 0.0M
202680.000 1980 COM2 64 0R0 248 1.4 6.6 69.8 1.0050 0.00 0.0M
202740.000 1980 COM2 64 0R0 205 1.1 6.5 69.8 1.0050 0.00 0.0M
202800.000 1980 COM2 64 0R0 271 0.9 6.6 69.9 1.0050 0.00 0.0M
202860.000 1980 COM2 64 0R0 215 1.5 6.6 69.8 1.0049 0.00 0.0M
202920.000 1980 COM2 64 0R0 232 2.2 6.6 69.7 1.0049 0.00 0.0M
202980.000 1980 COM2 64 0R0 243 1.5 6.6 69.7 1.0049 0.00 0.0M
203040.000 1980 COM2 64 0R0 218 1.5 6.5 69.7 1.0049 0.00 0.0M
203100.000 1980 COM2 64 0R0 234 1.3 6.5 69.7 1.0048 0.00 0.0M
203160.000 1980 COM2 64 0R0 226 1.9 6.5 70.0 1.0048 0.00 0.0M
203220.000 1980 COM2 64 0R0 200 1.8 6.5 69.9 1.0048 0.00 0.0M
203280.000 1980 COM2 64 0R0 231 1.3 6.5 70.0 1.0048 0.00 0.0M
203340.000 1980 COM2 64 0R0 224 0.9 6.4 70.1 1.0048 0.00 0.0M
203400.000 1980 COM2 64 0R0 238 0.2 6.4 70.2 1.0048 0.00 0.0M
203460.000 1980 COM2 64 0R0 228 1.2 6.4 70.3 1.0048 0.00 0.0M
203520.000 1980 COM2 64 0R0 256 0.7 6.4 70.2 1.0048 0.00 0.0M
203580.000 1980 COM2 64 0R0 240 1.9 6.4 70.2 1.0048 0.00 0.0M
203640.000 1980 COM2 64 0R0 236 1.2 6.4 70.3 1.0048 0.00 0.0M
203700.000 1980 COM2 64 0R0 220 0.7 6.4 70.4 1.0048 0.00 0.0M
203760.000 1980 COM2 64 0R0 236 2.2 6.3 70.4 1.0048 0.00 0.0M
203820.000 1980 COM2 64 0R0 213 0.8 6.3 70.4 1.0048 0.00 0.0M
203880.000 1980 COM2 64 0R0 236 1.0 6.3 70.4 1.0047 0.00 0.0M
203940.000 1980 COM2 64 0R0 241 0.9 6.3 70.5 1.0047 0.00 0.0M
204000.000 1980 COM2 64 0R0 202 1.2 6.3 70.6 1.0048 0.00 0.0M
204060.000 1980 COM2 64 0R0 234 2.4 6.3 70.7 1.0048 0.00 0.0M
204120.000 1980 COM2 64 0R0 215 2.1 6.3 70.7 1.0048 0.00 0.0M
204180.000 1980 COM2 64 0R0 205 1.7 6.3 70.5 1.0048 0.00 0.0M
204240.000 1980 COM2 64 0R0 221 2.5 6.3 70.6 1.0048 0.00 0.0M
204300.000 1980 COM2 64 0R0 230 1.9 6.2 70.7 1.0048 0.00 0.0M
204360.000 1980 COM2 64 0R0 221 2.3 6.2 70.8 1.0047 0.00 0.0M
204420.000 1980 COM2 64 0R0 221 2.3 6.2 70.9 1.0047 0.00 0.0M
204480.000 1980 COM2 64 0R0 216 2.0 6.1 71.0 1.0047 0.00 0.0M
204540.000 1980 COM2 64 0R0 211 1.3 6.1 71.1 1.0047 0.00 0.0M
204600.000 1980 COM2 64 0R0 244 0.4 6.1 71.3 1.0047 0.00 0.0M
204660.000 1980 COM2 64 0R0 218 1.1 6.1 71.5 1.0047 0.00 0.0M
204720.000 1980 COM2 64 0R0 219 0.8 6.1 71.6 1.0047 0.00 0.0M
204780.000 1980 COM2 64 0R0 191 0.6 6.1 71.8 1.0047 0.00 0.0M
204840.000 1980 COM2 64 0R0 234 1.7 6.1 71.5 1.0047 0.00 0.0M
204900.000 1980 COM2 64 0R0 231 1.1 6.1 71.4 1.0047 0.00 0.0M
204960.000 1980 COM2 64 0R0 231 1.3 6.1 71.4 1.0048 0.00 0.0M
205020.000 1980 COM2 64 0R0 228 0.5 6.1 71.4 1.0048 0.00 0.0M
205080.000 1980 COM2 64 0R0 237 1.3 6.1 71.5 1.0048 0.00 0.0M
205140.000 1980 COM2 64 0R0 244 0.7 6.0 71.6 1.0048 0.00 0.0M
205200.000 1980 COM2 64 0R0 265 0.6 6.0 71.6 1.0048 0.00 0.0M
205260.000 1980 COM2 64 0R0 166 0.9 6.1 71.6 1.0048 0.00 0.0M
205320.000 1980 COM2 64 0R0 236 0.8 6.0 71.6 1.0047 0.00 0.0M
205380.000 1980 COM2 64 0R0 234 1.7 6.0 71.7 1.0047 0.00 0.0M
205440.100 1980 COM2 64 0R0 195 1.4 6.0 71.8 1.0048 0.00 0.0M
205500.000 1980 COM2 64 0R0 215 2.2 6.0 71.8 1.0048 0.00 0.0M
205560.000 1980 COM2 64 0R0 223 1.3 6.0 71.5 1.0048 0.00 0.0M
205620.000 1980 COM2 64 0R0 224 2.1 6.1 71.6 1.0048 0.00 0.0M
205680.000 1980 COM2 64 0R0 229 0.7 6.1 71.6 1.0047 0.00 0.0M
205740.000 1980 COM2 64 0R0 225 1.7 6.1 71.6 1.0047 0.00 0.0M
205800.000 1980 COM2 64 0R0 226 1.3 6.1 71.5 1.0047 0.00 0.0M
205860.000 1980 COM2 64 0R0 235 1.0 6.0 71.6 1.0047 0.00 0.0M
205920.000 1980 COM2 64 0R0 243 1.7 6.0 71.7 1.0047 0.00 0.0M
205980.000 1980 COM2 64 0R0 228 1.2 6.0 71.7 1.0047 0.00 0.0M
206040.000 1980 COM2 64 0R0 279 1.1 6.0 71.7 1.0047 0.00 0.0M
206100.000 1980 COM2 64 0R0 240 1.1 6.0 71.8 1.0046 0.00 0.0M
206160.000 1980 COM2 64 0R0 262 0.8 6.0 71.8 1.0046 0.00 0.0M
206220.000 1980 COM2 64 0R0 202 0.5 6.0 71.8 1.0046 0.00 0.0M
206280.000 1980 COM2 64 0R0 244 1.0 6.0 71.8 1.0046 0.00 0.0M
206340.000 1980 COM2 64 0R0 280 1.2 6.0 71.8 1.0045 0.00 0.0M
206400.000 1980 COM2 64 0R0 245 1.8 6.0 71.8 1.0045 0.00 0.0M
206460.000 1980 COM2 64 0R0 254 1.1 6.0 71.9 1.0045 0.00 0.0M
206520.000 1980 COM2 64 0R0 252 1.1 6.0 71.9 1.0045 0.00 0.0M
206580.000 1980 COM2 64 0R0 238 0.9 6.0 71.9 1.0045 0.00 0.0M
206640.000 1980 COM2 64 0R0 243 1.0 6.0 71.8 1.0045 0.00 0.0M
206700.000 1980 COM2 64 0R0 218 0.6 6.0 71.8 1.0044 0.00 0.0M
206760.000 1980 COM2 64 0R0 251 0.6 6.0 71.9 1.0043 0.00 0.0M
206820.000 1980 COM2 64 0R0 199 1.3 6.0 71.9 1.0043 0.00 0.0M
206880.000 1980 COM2 64 0R0 211 1.2 6.0 71.9 1.0044 0.00 0.0M
206940.000 1980 COM2 64 0R0 195 1.9 6.0 71.8 1.0044 0.00 0.0M
207000.000 1980 COM2 64 0R0 209 2.1 6.0 71.6 1.0044 0.00 0.0M
207060.000 1980 COM2 64 0R0 199 1.8 6.0 71.6 1.0044 0.00 0.0M
207120.100 1980 COM2 64 0R0 193 1.6 6.0 71.7 1.0044 0.00 0.0M
207180.000 1980 COM2 64 0R0 209 1.7 6.0 71.8 1.0044 0.00 0.0M
207240.000 1980 COM2 64 0R0 199 1.7 5.9 71.8 1.0044 0.00 0.0M
207300.000 1980 COM2 64 0R0 192 1.7 5.9 71.9 1.0043 0.00 0.0M
207360.000 1980 COM2 64 0R0 184 1.7 5.9 72.0 1.0043 0.00 0.0M
207420.000 1980 COM2 64 0R0 199 1.0 5.9 72.0 1.0042 0.00 0.0M
207480.000 1980 COM2 64 0R0 231 2.0 5.9 72.3 1.0042 0.00 0.0M
207540.000 1980 COM2 64 0R0 288 1.3 5.9 72.0 1.0044 0.00 0.0M
207600.000 1980 COM2 64 0R0 233 2.8 5.9 72.1 1.0045 0.00 0.0M
207660.000 1980 COM2 64 0R0 223 1.6 5.9 72.0 1.0046 0.00 0.0M
207720.000 1980 COM2 64 0R0 217 1.3 5.9 72.1 1.0046 0.00 0.0M
207780.000 1980 COM2 64 0R0 239 0.7 5.8 72.2 1.0046 0.00 0.0M
207840.000 1980 COM2 64 0R0 209 2.2 5.8 72.3 1.0045 0.00 0.0M
207900.000 1980 COM2 64 0R0 288 1.3 5.8 72.5 1.0046 0.00 0.0M
207960.000 1980 COM2 64 0R0 226 1.7 5.8 72.4 1.0047 0.00 0.0M
208020.000 1980 COM2 64 0R0 213 0.9 5.8 72.5 1.0047 0.00 0.0M
208080.000 1980 COM2 64 0R0 237 0.9 5.7 72.6 1.0046 0.00 0.0M
208140.000 1980 COM2 64 0R0 217 0.9 5.7 72.8 1.0046 0.00 0.0M
208200.000 1980 COM2 64 0R0 274 0.6 5.7 72.8 1.0046 0.00 0.0M
208260.000 1980 COM2 64 0R0 275 0.7 5.7 72.8 1.0047 0.00 0.0M
208320.000 1980 COM2 64 0R0 245 1.1 5.7 72.7 1.0047 0.00 0.0M
208380.000 1980 COM2 64 0R0 261 1.5 5.7 72.6 1.0047 0.00 0.0M
208440.000 1980 COM2 64 0R0 260 1.0 5.8 72.7 1.0046 0.00 0.0M
208500.000 1980 COM2 64 0R0 237 0.8 5.8 72.7 1.0046 0.00 0.0M
208560.000 1980 COM2 64 0R0 238 0.9 5.8 72.6 1.0046 0.00 0.0M
208620.000 1980 COM2 64 0R0 235 0.9 5.8 72.6 1.0046 0.00 0.0M
208680.000 1980 COM2 64 0R0 254 1.4 5.8 72.5 1.0047 0.00 0.0M
208740.000 1980 COM2 64 0R0 256 1.4 5.8 72.5 1.0047 0.00 0.0M
208800.000 1980 COM2 64 0R0 225 0.9 5.9 72.3 1.0047 0.00 0.0M
208860.000 1980 COM2 64 0R0 227 1.4 5.9 72.3 1.0046 0.00 0.0M
208920.000 1980 COM2 64 0R0 208 1.3 5.9 72.3 1.0046 0.00 0.0M
208980.000 1980 COM2 64 0R0 203 1.6 5.9 72.3 1.0046 0.00 0.0M
209040.000 1980 COM2 64 0R0 197 1.2 5.9 72.1 1.0045 0.00 0.0M
209100.000 1980 COM2 64 0R0 231 2.2 5.8 72.3 1.0046 0.00 0.0M
209160.000 1980 COM2 64 0R0 231 2.0 5.8 72.5 1.0047 0.00 0.0M
209220.000 1980 COM2 64 0R0 197 1.6 5.8 72.6 1.0047 0.00 0.0M
209280.000 1980 COM2 64 0R0 218 1.8 5.8 72.8 1.0047 0.00 0.0M
209340.000 1980 COM2 64 0R0 216 2.0 5.8 72.5 1.0047 0.00 0.0M
209400.000 1980 COM2 64 0R0 232 2.1 5.8 72.5 1.0047 0.00 0.0M
209460.000 1980 COM2 64 0R0 230 2.2 5.8 72.2 1.0047 0.00 0.0M
209520.000 1980 COM2 64 0R0 222 2.4 5.8 72.4 1.0047 0.00 0.0M
209580.000 1980 COM2 64 0R0 269 0.7 5.8 72.5 1.0047 0.00 0.0M
209640.000 1980 COM2 64 0R0 231 1.1 5.8 72.7 1.0047 0.00 0.0M
209700.000 1980 COM2 64 0R0 218 2.1 5.8 72.9 1.0047 0.00 0.0M
209760.000 1980 COM2 64 0R0 206 1.3 5.8 72.8 1.0046 0.00 0.0M
209820.000 1980 COM2 64 0R0 223 1.1 5.8 72.9 1.0046 0.00 0.0M
209880.000 1980 COM2 64 0R0 233 2.6 5.8 72.6 1.0046 0.00 0.0M
209940.000 1980 COM2 64 0R0 220 0.8 5.8 72.6 1.0047 0.00 0.0M
210000.000 1980 COM2 64 0R0 264 1.2 5.8 72.6 1.0047 0.00 0.0M
210060.000 1980 COM2 64 0R0 256 0.4 5.9 72.5 1.0047 0.00 0.0M
210120.000 1980 COM2 64 0R0 246 1.8 5.9 72.4 1.0047 0.00 0.0M
210180.000 1980 COM2 64 0R0 244 2.2 5.9 72.4 1.0047 0.00 0.0M
210240.000 1980 COM2 64 0R0 283 0.8 5.9 72.4 1.0047 0.00 0.0M
210300.000 1980 COM2 64 0R0 244 0.7 5.9 72.4 1.0047 0.00 0.0M
210360.000 1980 COM2 64 0R0 246 0.7 5.9 72.4 1.0047 0.00 0.0M
210420.000 1980 COM2 64 0R0 201 1.0 5.9 72.3 1.0047 0.00 0.0M
210480.000 1980 COM2 64 0R0 222 0.7 5.9 72.2 1.0047 0.00 0.0M
210540.000 1980 COM2 64 0R0 211 1.7 6.0 72.3 1.0048 0.00 0.0M
210600.000 1980 COM2 64 0R0 199 1.3 6.0 72.2 1.0048 0.00 0.0M
210660.000 1980 COM2 64 0R0 193 1.3 6.0 72.1 1.0047 0.00 0.0M
210720.000 1980 COM2 64 0R0 204 1.2 6.0 72.0 1.0047 0.00 0.0M
210780.000 1980 COM2 64 0R0 218 1.9 6.0 72.1 1.0047 0.00 0.0M
210840.000 1980 COM2 64 0R0 222 1.7 6.0 71.9 1.0048 0.00 0.0M
210900.000 1980 COM2 64 0R0 212 1.7 6.0 71.9 1.0048 0.00 0.0M
210960.000 1980 COM2 64 0R0 207 1.6 5.9 72.1 1.0048 0.00 0.0M
211020.000 1980 COM2 64 0R0 203 1.4 5.9 72.3 1.0048 0.00 0.0M
211080.000 1980 COM2 64 0R0 183 0.9 5.9 72.4 1.0048 0.00 0.0M
211140.000 1980 COM2 64 0R0 223 1.2 5.9 72.4 1.0047 0.00 0.0M
211200.000 1980 COM2 64 0R0 263 0.4 6.0 72.2 1.0047 0.00 0.0M
211260.000 1980 COM2 64 0R0 218 0.8 6.0 72.2 1.0047 0.00 0.0M
211320.000 1980 COM2 64 0R0 251 1.4 6.0 72.0 1.0047 0.00 0.0M
211380.000 1980 COM2 64 0R0 236 1.3 6.0 72.0 1.0047 0.00 0.0M
211440.000 1980 COM2 64 0R0 237 0.5 6.0 72.1 1.0047 0.00 0.0M
211500.000 1980 COM2 64 0R0 195 0.8 6.0 72.2 1.0047 0.00 0.0M
211560.000 1980 COM2 64 0R0 223 0.9 5.9 72.3 1.0046 0.00 0.0M
211620.000 1980 COM2 64 0R0 222 1.4 5.9 72.3 1.0046 0.00 0.0M
211680.000 1980 COM2 64 0R0 205 1.8 5.9 72.3 1.0046 0.00 0.0M
211740.000 1980 COM2 64 0R0 225 0.9 5.9 72.2 1.0046 0.00 0.0M
211800.000 1980 COM2 64 0R0 206 1.2 5.9 72.3 1.0046 0.00 0.0M
211860.000 1980 COM2 64 0R0 200 1.5 5.9 72.3 1.0046 0.00 0.0M
211920.100 1980 COM2 64 0R0 184 1.3 5.9 72.2 1.0045 0.00 0.0M
211980.000 1980 COM2 64 0R0 188 1.7 5.9 72.3 1.0045 0.00 0.0M
212040.000 1980 COM2 64 0R0 221 1.6 5.9 72.5 1.0045 0.00 0.0M
212100.000 1980 COM2 64 0R0 225 2.0 5.9 72.4 1.0045 0.00 0.0M
212160.000 1980 COM2 64 0R0 228 1.8 5.9 72.4 1.0046 0.00 0.0M
212220.000 1980 COM2 64 0R0 235 1.9 5.9 72.4 1.0046 0.00 0.0M
212280.000 1980 COM2 64 0R0 223 1.4 5.9 72.4 1.0047 0.00 0.0M
212340.000 1980 COM2 64 0R0 213 1.5 5.9 72.5 1.0047 0.00 0.0M
212400.000 1980 COM2 64 0R0 182 1.1 5.9 72.4 1.0046 0.00 0.0M
212460.000 1980 COM2 64 0R0 229 1.0 5.9 72.3 1.0046 0.00 0.0M
212520.000 1980 COM2 64 0R0 203 1.4 5.9 72.5 1.0046 0.00 0.0M
212580.000 1980 COM2 64 0R0 217 1.6 5.9 72.4 1.0046 0.00 0.0M
212640.000 1980 COM2 64 0R0 223 1.4 5.9 72.4 1.0045 0.00 0.0M
212700.000 1980 COM2 64 0R0 216 2.3 5.9 72.5 1.0046 0.00 0.0M
212760.000 1980 COM2 64 0R0 219 2.3 5.9 72.6 1.0046 0.00 0.0M
212820.000 1980 COM2 64 0R0 234 1.8 5.9 72.4 1.0046 0.00 0.0M
212880.000 1980 COM2 64 0R0 214 1.8 5.8 72.5 1.0046 0.00 0.0M
212940.000 1980 COM2 64 0R0 247 1.5 5.8 72.5 1.0046 0.00 0.0M
213000.000 1980 COM2 64 0R0 168 1.3 5.8 72.6 1.0046 0.00 0.0M
213060.000 1980 COM2 64 0R0 204 1.3 5.8 72.8 1.0047 0.00 0.0M
213120.000 1980 COM2 64 0R0 174 1.2 5.8 72.9 1.0047 0.00 0.0M
213180.000 1980 COM2 64 0R0 268 0.8 5.9 72.7 1.0047 0.00 0.0M
213240.000 1980 COM2 64 0R0 244 0.6 5.9 72.6 1.0047 0.00 0.0M
213300.000 1980 COM2 64 0R0 252 1.2 5.9 72.6 1.0047 0.00 0.0M
213360.000 1980 COM2 64 0R0 268 0.6 5.9 72.4 1.0047 0.00 0.0M
213420.000 1980 COM2 64 0R0 198 0.5 5.9 72.4 1.0047 0.00 0.0M
213480.000 1980 COM2 64 0R0 166 1.4 5.8 72.4 1.0047 0.00 0.0M
213540.000 1980 COM2 64 0R0 190 1.8 5.8 72.7 1.0047 0.00 0.0M
213600.000 1980 COM2 64 0R0 176 1.4 5.8 72.7 1.0048 0.00 0.0M
213660.000 1980 COM2 64 0R0 230 2.2 5.8 72.8 1.0047 0.00 0.0M
213720.000 1980 COM2 64 0R0 207 2.7 5.8 72.6 1.0048 0.00 0.0M
213780.000 1980 COM2 64 0R0 213 2.2 5.8 72.5 1.0048 0.00 0.0M
213840.000 1980 COM2 64 0R0 213 3.0 5.8 72.6 1.0048 0.00 0.0M
213900.000 1980 COM2 64 0R0 205 1.8 5.7 72.9 1.0048 0.00 0.0M
213960.000 1980 COM2 64 0R0 227 2.4 5.7 73.3 1.0048 0.00 0.0M
214020.000 1980 COM2 64 0R0 184 1.8 5.6 73.3 1.0048 0.00 0.0M
214080.000 1980 COM2 64 0R0 179 2.1 5.6 73.3 1.0048 0.00 0.0M
214140.000 1980 COM2 64 0R0 224 2.7 5.6 73.6 1.0048 0.00 0.0M
214200.000 1980 COM2 64 0R0 217 2.6 5.5 73.6 1.0048 0.00 0.0M
214260.000 1980 COM2 64 0R0 202 2.9 5.5 73.7 1.0048 0.00 0.0M
214320.000 1980 COM2 64 0R0 226 2.6 5.5 74.0 1.0048 0.00 0.0M
214380.000 1980 COM2 64 0R0 222 2.5 5.4 74.3 1.0047 0.00 0.0M
214440.000 1980 COM2 64 0R0 211 2.6 5.4 74.3 1.0047 0.00 0.0M
214500.000 1980 COM2 64 0R0 237 2.1 5.4 74.3 1.0047 0.00 0.0M
214560.000 1980 COM2 64 0R0 212 1.5 5.4 74.3 1.0047 0.00 0.0M
214620.000 1980 COM2 64 0R0 118 0.9 5.4 74.6 1.0048 0.00 0.0M
214680.000 1980 COM2 64 0R0 171 1.6 5.5 74.6 1.0048 0.00 0.0M
214740.000 1980 COM2 64 0R0 191 1.5 5.5 74.3 1.0048 0.00 0.0M
214800.000 1980 COM2 64 0R0 237 1.9 5.6 74.4 1.0047 0.00 0.0M
214860.000 1980 COM2 64 0R0 215 1.9 5.6 74.1 1.0048 0.00 0.0M
214920.000 1980 COM2 64 0R0 261 0.4 5.6 74.0 1.0048 0.00 0.0M
214980.000 1980 COM2 64 0R0 203 2.0 5.7 74.0 1.0048 0.00 0.0M
215040.000 1980 COM2 64 0R0 205 0.8 5.7 73.7 1.0047 0.00 0.0M
215100.000 1980 COM2 64 0R0 273 2.1 5.7 73.9 1.0048 0.00 0.0M
215160.000 1980 COM2 64 0R0 296 1.6 5.7 73.7 1.0049 0.00 0.0M
215220.100 1980 COM2 64 0R0 239 1.2 5.7 73.7 1.0049 0.00 0.0M
215280.000 1980 COM2 64 0R0 257 1.0 5.7 73.8 1.0048 0.00 0.0M
215340.000 1980 COM2 64 0R0 169 1.9 5.7 73.7 1.0047 0.00 0.0M
215400.000 1980 COM2 64 0R0 248 1.8 5.7 73.7 1.0047 0.00 0.0M
215460.000 1980 COM2 64 0R0 230 1.8 5.7 73.6 1.0048 0.00 0.0M
215520.000 1980 COM2 64 0R0 209 1.4 5.7 73.7 1.0048 0.00 0.0M
215580.000 1980 COM2 64 0R0 199 0.5 5.8 73.7 1.0048 0.00 0.0M
215640.000 1980 COM2 64 0R0 231 0.7 5.8 73.7 1.0048 0.00 0.0M
215700.000 1980 COM2 64 0R0 196 1.7 5.8 73.7 1.0047 0.00 0.0M
215760.000 1980 COM2 64 0R0 209 1.8 5.9 73.5 1.0047 0.00 0.0M
215820.000 1980 COM2 64 0R0 199 1.6 5.9 73.2 1.0047 0.00 0.0M
215880.000 1980 COM2 64 0R0 214 1.5 5.9 73.0 1.0047 0.00 0.0M
215940.000 1980 COM2 64 0R0 187 1.2 5.8 73.2 1.0047 0.00 0.0M
216000.000 1980 COM2 64 0R0 299 0.5 5.8 73.4 1.0046 0.00 0.0M
216060.000 1980 COM2 64 0R0 166 0.9 5.9 73.5 1.0046 0.00 0.0M
216120.000 1980 COM2 64 0R0 191 1.2 5.9 73.3 1.0045 0.00 0.0M
216180.000 1980 COM2 64 0R0 183 1.5 5.9 73.2 1.0045 0.00 0.0M
216240.000 1980 COM2 64 0R0 195 2.0 5.9 73.3 1.0045 0.00 0.0M
216300.000 1980 COM2 64 0R0 187 2.2 5.9 72.9 1.0044 0.00 0.0M
216360.000 1980 COM2 64 0R0 222 2.3 5.8 73.1 1.0045 0.00 0.0M
216420.000 1980 COM2 64 0R0 225 2.0 5.8 73.3 1.0045 0.00 0.0M
216480.000 1980 COM2 64 0R0 231 1.2 5.7 73.4 1.0045 0.00 0.0M
216540.000 1980 COM2 64 0R0 220 1.8 5.7 73.5 1.0045 0.00 0.0M
216600.000 1980 COM2 64 0R0 234 0.9 5.7 73.7 1.0045 0.00 0.0M
216660.000 1980 COM2 64 0R0 233 0.5 5.7 73.8 1.0045 0.00 0.0M
216720.000 1980 COM2 64 0R0 233 0.7 5.7 73.7 1.0045 0.00 0.0M
216780.000 1980 COM2 64 0R0 165 0.6 5.7 73.6 1.0045 0.00 0.0M
216840.000 1980 COM2 64 0R0 202 1.3 5.7 73.7 1.0045 0.00 0.0M
216900.000 1980 COM2 64 0R0 188 1.5 5.7 73.7 1.0044 0.00 0.0M
216960.000 1980 COM2 64 0R0 202 1.7 5.7 73.6 1.0044 0.00 0.0M
217020.000 1980 COM2 64 0R0 212 1.9 5.7 73.7 1.0044 0.00 0.0M
217080.000 1980 COM2 64 0R0 200 1.7 5.7 73.5 1.0044 0.00 0.0M
217140.000 1980 COM2 64 0R0 219 1.1 5.7 73.6 1.0044 0.00 0.0M
217200.000 1980 COM2 64 0R0 217 0.8 5.7 73.9 1.0044 0.00 0.0M
217260.000 1980 COM2 64 0R0 175 0.9 5.6 74.0 1.0044 0.00 0.0M
217320.000 1980 COM2 64 0R0 229 0.3 5.6 74.1 1.0044 0.00 0.0M
217380.000 1980 COM2 64 0R0 281 0.8 5.7 73.9 1.0045 0.00 0.0M
217440.000 1980 COM2 64 0R0 255 0.9 5.7 73.8 1.0045 0.00 0.0M
217500.000 1980 COM2 64 0R0 212 0.8 5.7 73.8 1.0045 0.00 0.0M
217560.000 1980 COM2 64 0R0 238 1.2 5.7 73.9 1.0045 0.00 0.0M
217620.000 1980 COM2 64 0R0 188 0.4 5.7 74.0 1.0044 0.00 0.0M
217680.000 1980 COM2 64 0R0 201 1.4 5.7 74.1 1.0044 0.00 0.0M
217740.000 1980 COM2 64 0R0 220 1.2 5.7 73.9 1.0044 0.00 0.0M
217800.000 1980 COM2 64 0R0 204 1.9 5.7 73.9 1.0044 0.00 0.0M
217860.000 1980 COM2 64 0R0 190 1.6 5.7 73.8 1.0044 0.00 0.0M
217920.000 1980 COM2 64 0R0 194 2.2 5.6 74.0 1.0044 0.00 0.0M
217980.000 1980 COM2 64 0R0 192 2.7 5.6 74.2 1.0044 0.00 0.0M
218040.000 1980 COM2 64 0R0 215 3.1 5.5 74.4 1.0044 0.00 0.0M
218100.000 1980 COM2 64 0R0 169 2.0 5.4 74.6 1.0045 0.00 0.0M
218160.000 1980 COM2 64 0R0 190 1.5 5.4 74.9 1.0045 0.00 0.0M
218220.000 1980 COM2 64 0R0 201 1.6 5.4 75.0 1.0045 0.00 0.0M
218280.000 1980 COM2 64 0R0 220 0.8 5.3 75.0 1.0045 0.00 0.0M
218340.000 1980 COM2 64 0R0 239 2.3 5.3 75.2 1.0045 0.00 0.0M
218400.000 1980 COM2 64 0R0 226 2.6 5.3 74.9 1.0045 0.00 0.0M
218460.000 1980 COM2 64 0R0 228 2.2 5.3 75.2 1.0045 0.00 0.0M
218520.000 1980 COM2 64 0R0 308 0.6 5.3 75.3 1.0045 0.00 0.0M
218580.000 1980 COM2 64 0R0 182 0.8 5.3 75.6 1.0045 0.00 0.0M
218640.000 1980 COM2 64 0R0 230 1.1 5.3 75.6 1.0045 0.00 0.0M
218700.000 1980 COM2 64 0R0 228 1.3 5.4 75.5 1.0046 0.00 0.0M
218760.000 1980 COM2 64 0R0 228 1.0 5.4 75.1 1.0046 0.00 0.0M
218820.000 1980 COM2 64 0R0 222 1.0 5.5 74.9 1.0046 0.00 0.0M
218880.000 1980 COM2 64 0R0 186 2.1 5.5 74.8 1.0046 0.00 0.0M
218940.000 1980 COM2 64 0R0 194 1.9 5.5 74.6 1.0046 0.00 0.0M
219000.000 1980 COM2 64 0R0 213 2.2 5.5 74.3 1.0046 0.00 0.0M
219060.000 1980 COM2 64 0R0 227 2.5 5.4 74.7 1.0046 0.00 0.0M
219120.000 1980 COM2 64 0R0 232 0.6 5.4 74.9 1.0046 0.00 0.0M
219180.000 1980 COM2 64 0R0 249 0.5 5.4 75.4 1.0046 0.00 0.0M
219240.000 1980 COM2 64 0R0 267 0.9 5.4 75.4 1.0046 0.00 0.0M
219300.000 1980 COM2 64 0R0 253 1.2 5.5 75.1 1.0046 0.00 0.0M
219360.000 1980 COM2 64 0R0 231 0.9 5.6 74.7 1.0047 0.00 0.0M
219420.000 1980 COM2 64 0R0 209 0.8 5.6 74.5 1.0047 0.00 0.0M
219480.000 1980 COM2 64 0R0 191 1.5 5.6 74.5 1.0047 0.00 0.0M
219540.000 1980 COM2 64 0R0 221 1.7 5.6 74.5 1.0047 0.00 0.0M
219600.000 1980 COM2 64 0R0 220 1.6 5.6 74.6 1.0048 0.00 0.0M
219660.000 1980 COM2 64 0R0 222 0.7 5.7 74.6 1.0048 0.00 0.0M
219720.000 1980 COM2 64 0R0 242 2.0 5.7 74.2 1.0048 0.00 0.0M
219780.000 1980 COM2 64 0R0 184 1.4 5.7 74.0 1.0048 0.00 0.0M
219840.000 1980 COM2 64 0R0 215 1.9 5.8 74.0 1.0048 0.00 0.0M
219900.000 1980 COM2 64 0R0 194 2.1 5.8 74.0 1.0048 0.00 0.0M
219960.000 1980 COM2 64 0R0 200 2.5 5.8 73.7 1.0048 0.00 0.0M
220020.000 1980 COM2 64 0R0 217 2.4 5.7 74.0 1.0048 0.00 0.0M
220080.000 1980 COM2 64 0R0 226 2.5 5.7 74.1 1.0048 0.00 0.0M
220140.000 1980 COM2 64 0R0 212 1.2 5.6 74.2 1.0047 0.00 0.0M
220200.000 1980 COM2 64 0R0 204 2.5 5.6 74.7 1.0047 0.00 0.0M
220260.000 1980 COM2 64 0R0 204 2.4 5.6 74.5 1.0047 0.00 0.0M
220320.000 1980 COM2 64 0R0 200 1.8 5.6 74.5 1.0047 0.00 0.0M
220380.000 1980 COM2 64 0R0 192 1.8 5.6 74.6 1.0047 0.00 0.0M
220440.000 1980 COM2 64 0R0 205 2.1 5.6 74.6 1.0046 0.00 0.0M
220500.000 1980 COM2 64 0R0 218 1.9 5.6 74.5 1.0046 0.00 0.0M
220560.000 1980 COM2 64 0R0 211 2.3 5.6 74.7 1.0047 0.00 0.0M
220620.000 1980 COM2 64 0R0 210 2.0 5.6 74.5 1.0047 0.00 0.0M
220680.000 1980 COM2 64 0R0 203 2.4 5.5 74.5 1.0047 0.00 0.0M
220740.000 1980 COM2 64 0R0 215 1.7 5.5 74.7 1.0048 0.00 0.0M
220800.000 1980 COM2 64 0R0 229 1.8 5.5 74.8 1.0048 0.00 0.0M
220860.000 1980 COM2 64 0R0 219 1.5 5.5 75.0 1.0048 0.00 0.0M
220920.000 1980 COM2 64 0R0 250 1.9 5.5 75.2 1.0048 0.00 0.0M
220980.000 1980 COM2 64 0R0 264 1.0 5.5 75.2 1.0048 0.00 0.0M
221040.000 1980 COM2 64 0R0 255 0.8 5.5 75.1 1.0048 0.00 0.0M
221100.000 1980 COM2 64 0R0 283 2.0 5.6 75.1 1.0048 0.00 0.0M
221160.000 1980 COM2 64 0R0 215 0.6 5.6 74.9 1.0048 0.00 0.0M
221220.000 1980 COM2 64 0R0 233 2.1 5.7 74.7 1.0048 0.00 0.0M
221280.000 1980 COM2 64 0R0 254 1.1 5.8 74.7 1.0048 0.00 0.0M
221340.000 1980 COM2 64 0R0 186 0.7 5.8 74.4 1.0049 0.00 0.0M
221400.000 1980 COM2 64 0R0 249 1.6 5.9 74.3 1.0048 0.00 0.0M
221460.000 1980 COM2 64 0R0 251 1.6 5.9 74.1 1.0048 0.00 0.0M
221520.000 1980 COM2 64 0R0 290 0.8 5.9 74.0 1.0048 0.00 0.0M
221580.000 1980 COM2 64 0R0 245 1.4 6.0 73.8 1.0048 0.00 0.0M
221640.000 1980 COM2 64 0R0 233 2.2 6.0 73.6 1.0049 0.00 0.0M
221700.000 1980 COM2 64 0R0 240 1.6 6.1 73.6 1.0049 0.00 0.0M
221760.000 1980 COM2 64 0R0 230 1.8 6.1 73.4 1.0049 0.00 0.0M
221820.000 1980 COM2 64 0R0 243 2.5 6.2 73.2 1.0049 0.00 0.0M
221880.000 1980 COM2 64 0R0 227 1.1 6.2 73.1 1.0049 0.00 0.0M
221940.000 1980 COM2 64 0R0 246 1.9 6.2 73.0 1.0049 0.00 0.0M
222000.100 1980 COM2 64 0R0 279 2.0 6.2 72.9 1.0050 0.00 0.0M
222060.000 1980 COM2 64 0R0 250 2.1 6.3 72.8 1.0050 0.00 0.0M
222120.000 1980 COM2 64 0R0 254 0.7 6.3 72.7 1.0050 0.00 0.0M
222180.000 1980 COM2 64 0R0 258 1.7 6.3 72.6 1.0050 0.00 0.0M
222240.000 1980 COM2 64 0R0 253 1.7 6.3 72.6 1.0050 0.00 0.0M
222300.000 1980 COM2 64 0R0 247 2.5 6.4 72.4 1.0050 0.00 0.0M
222360.000 1980 COM2 64 0R0 243 1.5 6.4 72.3 1.0050 0.00 0.0M
222420.000 1980 COM2 64 0R0 233 0.9 6.4 72.3 1.0050 0.00 0.0M
222480.000 1980 COM2 64 0R0 203 1.0 6.4 72.4 1.0050 0.00 0.0M
222540.000 1980 COM2 64 0R0 208 1.6 6.5 72.0 1.0050 0.00 0.0M
222600.000 1980 COM2 64 0R0 207 2.5 6.5 72.1 1.0050 0.00 0.0M
222660.000 1980 COM2 64 0R0 221 2.0 6.5 72.1 1.0050 0.00 0.0M
222720.000 1980 COM2 64 0R0 180 1.8 6.5 71.9 1.0050 0.00 0.0M
222780.000 1980 COM2 64 0R0 191 1.9 6.5 71.7 1.0050 0.00 0.0M
222840.000 1980 COM2 64 0R0 236 1.5 6.4 71.7 1.0050 0.00 0.0M
222900.000 1980 COM2 64 0R0 209 2.4 6.3 72.0 1.0050 0.00 0.0M
222960.000 1980 COM2 64 0R0 199 2.4 6.3 72.3 1.0050 0.00 0.0M
223020.000 1980 COM2 64 0R0 210 2.6 6.2 72.4 1.0049 0.00 0.0M
223080.000 1980 COM2 64 0R0 214 2.5 6.2 72.6 1.0049 0.00 0.0M
223140.000 1980 COM2 64 0R0 205 1.8 6.2 72.7 1.0049 0.00 0.0M
223200.000 1980 COM2 64 0R0 194 1.7 6.2 72.9 1.0049 0.00 0.0M
223260.000 1980 COM2 64 0R0 194 1.7 6.3 72.8 1.0049 0.00 0.0M
223320.000 1980 COM2 64 0R0 183 1.8 6.3 72.6 1.0049 0.00 0.0M
223380.000 1980 COM2 64 0R0 233 1.2 6.4 72.5 1.0049 0.00 0.0M
223440.000 1980 COM2 64 0R0 227 1.4 6.4 72.6 1.0049 0.00 0.0M
223500.000 1980 COM2 64 0R0 197 0.5 6.4 72.3 1.0048 0.00 0.0M
223560.000 1980 COM2 64 0R0 215 1.2 6.5 72.2 1.0048 0.00 0.0M
223620.000 1980 COM2 64 0R0 192 2.0 6.5 72.5 1.0048 0.00 0.0M
223680.000 1980 COM2 64 0R0 181 1.3 6.6 72.4 1.0048 0.00 0.0M
223740.000 1980 COM2 64 0R0 201 1.5 6.6 72.1 1.0048 0.00 0.0M
223800.000 1980 COM2 64 0R0 222 1.6 6.7 72.0 1.0048 0.00 0.0M
223860.000 1980 COM2 64 0R0 179 1.5 6.7 71.6 1.0048 0.00 0.0M
223920.000 1980 COM2 64 0R0 213 1.8 6.8 71.6 1.0048 0.00 0.0M
223980.000 1980 COM2 64 0R0 198 2.0 6.8 71.5 1.0048 0.00 0.0M
224040.000 1980 COM2 64 0R0 202 1.9 6.8 71.4 1.0048 0.00 0.0M
224100.000 1980 COM2 64 0R0 212 1.7 6.8 71.4 1.0048 0.00 0.0M
224160.000 1980 COM2 64 0R0 197 1.7 6.8 71.6 1.0048 0.00 0.0M
224220.000 1980 COM2 64 0R0 217 1.7 6.8 71.2 1.0048 0.00 0.0M
224280.000 1980 COM2 64 0R0 191 1.8 6.9 71.2 1.0048 0.00 0.0M
224340.000 1980 COM2 64 0R0 212 2.1 6.9 71.1 1.0047 0.00 0.0M
224400.000 1980 COM2 64 0R0 217 2.2 6.8 71.2 1.0048 0.00 0.0M
224460.000 1980 COM2 64 0R0 228 1.7 6.8 71.2 1.0048 0.00 0.0M
224520.000 1980 COM2 64 0R0 200 1.5 6.9 71.3 1.0048 0.00 0.0M
224580.000 1980 COM2 64 0R0 178 2.3 6.9 71.5 1.0048 0.00 0.0M
224640.000 1980 COM2 64 0R0 183 1.9 6.9 71.1 1.0048 0.00 0.0M
224700.000 1980 COM2 64 0R0 166 2.7 6.9 71.5 1.0047 0.00 0.0M
224760.000 1980 COM2 64 0R0 184 1.9 7.0 70.7 1.0047 0.00 0.0M
224820.000 1980 COM2 64 0R0 195 3.1 7.0 70.9 1.0047 0.00 0.0M
224880.000 1980 COM2 64 0R0 145 0.9 7.0 70.8 1.0047 0.00 0.0M
224940.100 1980 COM2 64 0R0 160 0.9 7.0 71.1 1.0048 0.00 0.0M
225000.000 1980 COM2 64 0R0 153 1.8 7.0 71.1 1.0048 0.00 0.0M
225060.000 1980 COM2 64 0R0 204 3.1 7.1 70.9 1.0048 0.00 0.0M
225120.000 1980 COM2 64 0R0 218 3.2 7.0 70.6 1.0048 0.00 0.0M
225180.000 1980 COM2 64 0R0 206 3.3 7.0 70.9 1.0048 0.00 0.0M
225240.000 1980 COM2 64 0R0 202 2.3 7.0 71.0 1.0048 0.00 0.0M
225300.000 1980 COM2 64 0R0 218 2.8 6.9 71.3 1.0047 0.00 0.0M
225360.000 1980 COM2 64 0R0 222 2.3 6.9 71.3 1.0047 0.00 0.0M
225420.000 1980 COM2 64 0R0 202 2.4 6.9 71.1 1.0047 0.00 0.0M
225480.000 1980 COM2 64 0R0 211 2.3 6.9 71.4 1.0047 0.00 0.0M
225540.000 1980 COM2 64 0R0 190 1.5 7.0 71.6 1.0047 0.00 0.0M
225600.000 1980 COM2 64 0R0 242 0.7 7.1 71.7 1.0048 0.00 0.0M
225660.000 1980 COM2 64 0R0 208 1.5 7.2 71.3 1.0048 0.00 0.0M
225720.000 1980 COM2 64 0R0 235 2.0 7.4 70.9 1.0047 0.00 0.0M
225780.000 1980 COM2 64 0R0 232 2.6 7.5 70.5 1.0047 0.00 0.0M
225840.000 1980 COM2 64 0R0 218 3.2 7.7 70.3 1.0047 0.00 0.0M
225900.000 1980 COM2 64 0R0 184 3.4 7.7 69.8 1.0047 0.00 0.0M
225960.000 1980 COM2 64 0R0 191 2.7 7.7 69.9 1.0047 0.00 0.0M
226020.000 1980 COM2 64 0R0 216 2.4 7.7 69.8 1.0047 0.00 0.0M
226080.000 1980 COM2 64 0R0 204 3.6 7.8 69.8 1.0047 0.00 0.0M
226140.000 1980 COM2 64 0R0 195 2.7 7.8 69.2 1.0047 0.00 0.0M
226200.000 1980 COM2 64 0R0 195 2.9 7.8 69.6 1.0047 0.00 0.0M
226260.000 1980 COM2 64 0R0 162 2.5 7.8 69.6 1.0048 0.00 0.0M
226320.000 1980 COM2 64 0R0 202 3.6 7.8 69.5 1.0048 0.00 0.0M
226380.000 1980 COM2 64 0R0 225 1.8 7.8 69.8 1.0049 0.00 0.0M
226440.000 1980 COM2 64 0R0 228 1.4 7.9 69.8 1.0049 0.00 0.0M
226500.000 1980 COM2 64 0R0 182 2.2 8.0 69.7 1.0049 0.00 0.0M
226560.000 1980 COM2 64 0R0 206 3.2 8.1 69.7 1.0049 0.00 0.0M
226620.000 1980 COM2 64 0R0 212 3.4 8.2 68.7 1.0048 0.00 0.0M
226680.000 1980 COM2 64 0R0 231 1.8 8.2 69.1 1.0049 0.00 0.0M
226740.000 1980 COM2 64 0R0 207 3.3 8.3 69.0 1.0049 0.00 0.0M
226800.000 1980 COM2 64 0R0 197 3.0 8.3 68.8 1.0048 0.00 0.0M
226860.000 1980 COM2 64 0R0 221 1.8 8.4 68.9 1.0048 0.00 0.0M
226920.000 1980 COM2 64 0R0 188 2.7 8.4 68.9 1.0048 0.00 0.0M
226980.000 1980 COM2 64 0R0 209 4.5 8.5 68.9 1.0048 0.00 0.0M
227040.000 1980 COM2 64 0R0 240 2.0 8.6 67.7 1.0048 0.00 0.0M
227100.000 1980 COM2 64 0R0 188 5.1 8.6 67.7 1.0049 0.00 0.0M
227160.000 1980 COM2 64 0R0 175 4.9 8.6 67.9 1.0048 0.00 0.0M
227220.000 1980 COM2 64 0R0 210 3.9 8.6 68.0 1.0048 0.00 0.0M
227280.000 1980 COM2 64 0R0 174 3.3 8.6 68.2 1.0048 0.00 0.0M
227340.100 1980 COM2 64 0R0 238 1.7 8.6 68.4 1.0048 0.00 0.0M
227400.000 1980 COM2 64 0R0 235 3.4 8.8 68.4 1.0049 0.00 0.0M
227460.000 1980 COM2 64 0R0 208 2.6 9.0 67.2 1.0048 0.00 0.0M
227520.000 1980 COM2 64 0R0 264 1.3 9.1 67.5 1.0049 0.00 0.0M
227580.000 1980 COM2 64 0R0 206 3.1 9.1 66.8 1.0049 0.00 0.0M
227640.000 1980 COM2 64 0R0 213 5.5 9.2 66.7 1.0048 0.00 0.0M
227700.000 1980 COM2 64 0R0 237 3.1 9.2 66.2 1.0048 0.00 0.0M
227760.000 1980 COM2 64 0R0 220 2.9 9.2 66.5 1.0049 0.00 0.0M
227820.000 1980 COM2 64 0R0 221 3.7 9.3 66.3 1.0049 0.00 0.0M
227880.000 1980 COM2 64 0R0 231 2.2 9.4 66.1 1.0049 0.00 0.0M
227940.000 1980 COM2 64 0R0 188 3.4 9.4 66.2 1.0049 0.00 0.0M
228000.000 1980 COM2 64 0R0 299 0.9 9.5 65.4 1.0049 0.00 0.0M
228060.000 1980 COM2 64 0R0 225 2.0 9.6 65.7 1.0049 0.00 0.0M
228120.000 1980 COM2 64 0R0 261 1.9 9.6 65.6 1.0049 0.00 0.0M
228180.000 1980 COM2 64 0R0 141 1.5 9.7 64.7 1.0049 0.00 0.0M
228240.000 1980 COM2 64 0R0 248 0.7 9.8 64.6 1.0048 0.00 0.0M
228300.000 1980 COM2 64 0R0 127 0.7 9.8 64.6 1.0048 0.00 0.0M
228360.000 1980 COM2 64 0R0 199 2.1 9.9 64.3 1.0048 0.00 0.0M
228420.000 1980 COM2 64 0R0 179 2.9 9.9 64.0 1.0048 0.00 0.0M
228480.000 1980 COM2 65 0R0 234 2.8 10.0 63.0 1.0046 0.00 0.0M
228540.000 1980 COM2 65 0R0 229 1.5 10.1 62.5 1.0046 0.00 0.0M
228600.000 1980 COM2 65 0R0 166 1.5 10.1 62.9 1.0047 0.00 0.0M
228660.000 1980 COM2 65 0R0 265 1.8 10.1 62.9 1.0047 0.00 0.0M
228720.000 1980 COM2 65 0R0 235 3.2 10.2 62.3 1.0046 0.00 0.0M
228780.000 1980 COM2 65 0R0 242 2.3 10.2 61.8 1.0046 0.00 0.0M
228840.000 1980 COM2 65 0R0 224 1.7 10.2 62.0 1.0045 0.00 0.0M
228900.000 1980 COM2 65 0R0 284 2.9 10.2 61.9 1.0045 0.00 0.0M
228960.000 1980 COM2 65 0R0 226 0.9 10.2 61.7 1.0045 0.00 0.0M
229020.000 1980 COM2 65 0R0 231 3.0 10.3 61.3 1.0045 0.00 0.0M
229080.000 1980 COM2 65 0R0 243 1.7 10.3 61.1 1.0044 0.00 0.0M
229140.000 1980 COM2 65 0R0 191 1.8 10.3 60.8 1.0044 0.00 0.0M
229200.000 1980 COM2 65 0R0 238 1.7 10.3 61.8 1.0044 0.00 0.0M
229260.000 1980 COM2 65 0R0 271 1.9 10.4 61.3 1.0044 0.00 0.0M
229320.000 1980 COM2 65 0R0 233 1.0 10.5 60.4 1.0044 0.00 0.0M
229380.000 1980 COM2 65 0R0 253 3.1 10.5 60.5 1.0044 0.00 0.0M
229440.000 1980 COM2 65 0R0 238 2.4 10.6 59.5 1.0043 0.00 0.0M
229500.000 1980 COM2 65 0R0 268 1.9 10.6 60.0 1.0043 0.00 0.0M
229560.000 1980 COM2 65 0R0 254 1.7 10.6 59.8 1.0043 0.00 0.0M
229620.000 1980 COM2 65 0R0 235 5.0 10.7 59.5 1.0043 0.00 0.0M
229680.000 1980 COM2 65 0R0 254 1.9 10.7 58.7 1.0042 0.00 0.0M
229740.000 1980 COM2 65 0R0 304 1.9 10.7 58.6 1.0041 0.00 0.0M
229800.000 1980 COM2 65 0R0 271 1.2 10.7 59.0 1.0041 0.00 0.0M
229860.000 1980 COM2 65 0R0 212 1.5 10.7 58.5 1.0041 0.00 0.0M
229920.000 1980 COM2 65 0R0 298 2.6 10.8 58.8 1.0041 0.00 0.0M
229980.000 1980 COM2 65 0R0 240 2.8 10.8 57.9 1.0040 0.00 0.0M
230040.000 1980 COM2 65 0R0 264 1.5 10.8 58.0 1.0040 0.00 0.0M
230100.000 1980 COM2 65 0R0 260 2.4 10.8 58.0 1.0040 0.00 0.0M
230160.000 1980 COM2 65 0R0 193 2.7 10.9 58.0 1.0039 0.00 0.0M
230220.000 1980 COM2 65 0R0 274 2.7 10.9 57.4 1.0040 0.00 0.0M
230280.000 1980 COM2 65 0R0 230 1.4 10.9 57.4 1.0039 0.00 0.0M
230340.000 1980 COM2 65 0R0 234 6.0 10.9 57.7 1.0039 0.00 0.0M
230400.000 1980 COM2 65 0R0 191 3.6 10.9 57.2 1.0038 0.00 0.0M
230460.000 1980 COM2 65 0R0 257 3.3 10.9 57.0 1.0037 0.00 0.0M
230520.000 1980 COM2 65 0R0 228 2.6 10.9 57.1 1.0038 0.00 0.0M
230580.000 1980 COM2 65 0R0 259 4.9 11.0 56.9 1.0036 0.00 0.0M
230640.000 1980 COM2 65 0R0 219 2.5 11.0 56.8 1.0037 0.00 0.0M
230700.000 1980 COM2 65 0R0 211 1.5 11.0 56.1 1.0037 0.00 0.0M
230760.000 1980 COM2 65 0R0 275 2.3 11.0 56.3 1.0037 0.00 0.0M
230820.000 1980 COM2 65 0R0 234 2.9 11.1 55.5 1.0036 0.00 0.0M
230880.000 1980 COM2 65 0R0 290 1.8 11.1 55.7 1.0036 0.00 0.0M
230940.000 1980 COM2 65 0R0 250 2.8 11.2 55.3 1.0036 0.00 0.0M
231000.000 1980 COM2 65 0R0 236 2.2 11.3 54.7 1.0035 0.00 0.0M
231060.000 1980 COM2 65 0R0 213 2.4 11.3 55.2 1.0036 0.00 0.0M
231120.000 1980 COM2 65 0R0 222 2.7 11.4 54.1 1.0036 0.00 0.0M
231180.000 1980 COM2 65 0R0 259 2.3 11.5 54.2 1.0035 0.00 0.0M
231240.000 1980 COM2 65 0R0 250 5.1 11.5 54.2 1.0035 0.00 0.0M
231300.000 1980 COM2 65 0R0 261 3.2 11.5 53.0 1.0033 0.00 0.0M
231360.000 1980 COM2 65 0R0 229 4.7 11.5 53.5 1.0034 0.00 0.0M
231420.000 1980 COM2 65 0R0 263 4.2 11.5 52.8 1.0034 0.00 0.0M
231480.000 1980 COM2 65 0R0 286 3.6 11.5 51.9 1.0033 0.00 0.0M
231540.000 1980 COM2 65 0R0 273 2.9 11.5 52.8 1.0034 0.00 0.0M
231600.000 1980 COM2 65 0R0 288 3.2 11.5 53.1 1.0034 0.00 0.0M
231660.000 1980 COM2 65 0R0 319 2.0 11.5 52.7 1.0034 0.00 0.0M
231720.000 1980 COM2 65 0R0 236 3.0 11.6 52.8 1.0033 0.00 0.0M
231780.000 1980 COM2 65 0R0 278 1.7 11.6 52.8 1.0033 0.00 0.0M
231840.000 1980 COM2 65 0R0 232 1.3 11.6 52.6 1.0032 0.00 0.0M
231900.000 1980 COM2 65 0R0 308 1.4 11.6 52.4 1.0032 0.00 0.0M
231960.100 1980 COM2 65 0R0 239 2.6 11.7 52.4 1.0031 0.00 0.0M
232020.000 1980 COM2 65 0R0 217 1.8 11.7 52.0 1.0032 0.00 0.0M
232080.000 1980 COM2 65 0R0 235 2.5 11.7 52.1 1.0031 0.00 0.0M
232140.000 1980 COM2 65 0R0 277 3.4 11.7 52.0 1.0031 0.00 0.0M
232200.000 1980 COM2 65 0R0 248 2.8 11.7 51.4 1.0031 0.00 0.0M
232260.000 1980 COM2 65 0R0 317 4.5 11.7 51.5 1.0031 0.00 0.0M
232320.000 1980 COM2 65 0R0 269 4.0 11.7 51.4 1.0031 0.00 0.0M
232380.000 1980 COM2 65 0R0 235 3.7 11.7 51.3 1.0031 0.00 0.0M
232440.000 1980 COM2 65 0R0 287 2.3 11.7 51.5 1.0030 0.00 0.0M
232500.000 1980 COM2 65 0R0 237 1.8 11.7 51.8 1.0030 0.00 0.0M
232560.000 1980 COM2 65 0R0 260 1.5 11.8 51.4 1.0029 0.00 0.0M
232620.000 1980 COM2 65 0R0 248 2.6 11.8 51.1 1.0029 0.00 0.0M
232680.000 1980 COM2 65 0R0 207 1.4 11.8 51.2 1.0029 0.00 0.0M
232740.000 1980 COM2 65 0R0 230 3.5 11.8 51.3 1.0029 0.00 0.0M
232800.000 1980 COM2 65 0R0 217 2.7 11.8 51.1 1.0029 0.00 0.0M
232860.000 1980 COM2 65 0R0 220 4.9 11.7 51.0 1.0027 0.00 0.0M
232920.000 1980 COM2 65 0R0 231 5.9 11.7 50.9 1.0028 0.00 0.0M
232980.000 1980 COM2 65 0R0 252 2.1 11.6 50.8 1.0027 0.00 0.0M
233040.000 1980 COM2 65 0R0 220 1.6 11.7 50.9 1.0028 0.00 0.0M
233100.000 1980 COM2 65 0R0 290 1.5 11.6 51.0 1.0027 0.00 0.0M
233160.000 1980 COM2 65 0R0 233 4.3 11.6 51.2 1.0027 0.00 0.0M
233220.000 1980 COM2 65 0R0 246 1.8 11.7 50.6 1.0027 0.00 0.0M
233280.000 1980 COM2 65 0R0 312 1.0 11.7 50.5 1.0027 0.00 0.0M
233340.000 1980 COM2 65 0R0 247 0.9 11.7 50.6 1.0027 0.00 0.0M
233400.000 1980 COM2 65 0R0 262 4.9 11.8 50.7 1.0027 0.00 0.0M
233460.000 1980 COM2 65 0R0 258 4.1 11.8 50.4 1.0026 0.00 0.0M
233520.000 1980 COM2 65 0R0 232 4.1 11.8 50.3 1.0026 0.00 0.0M
233580.000 1980 COM2 65 0R0 244 4.2 11.8 49.9 1.0027 0.00 0.0M
233640.000 1980 COM2 65 0R0 279 3.7 11.9 49.7 1.0026 0.00 0.0M
233700.000 1980 COM2 65 0R0 228 5.0 11.9 49.8 1.0026 0.00 0.0M
233760.000 1980 COM2 65 0R0 240 5.0 11.9 49.4 1.0025 0.00 0.0M
233820.000 1980 COM2 65 0R0 240 2.7 11.8 49.6 1.0025 0.00 0.0M
233880.000 1980 COM2 65 0R0 255 2.3 11.8 49.6 1.0025 0.00 0.0M
233940.000 1980 COM2 65 0R0 164 2.6 11.9 49.3 1.0024 0.00 0.0M
234000.000 1980 COM2 65 0R0 298 1.7 11.9 49.5 1.0025 0.00 0.0M
234060.000 1980 COM2 65 0R0 271 4.0 12.0 49.5 1.0024 0.00 0.0M
234120.000 1980 COM2 65 0R0 246 6.0 12.0 49.5 1.0024 0.00 0.0M
234180.000 1980 COM2 65 0R0 218 3.4 12.1 49.2 1.0024 0.00 0.0M
234240.000 1980 COM2 65 0R0 256 1.1 12.1 48.9 1.0023 0.00 0.0M
234300.000 1980 COM2 65 0R0 259 3.7 12.2 48.9 1.0024 0.00 0.0M
234360.000 1980 COM2 65 0R0 249 4.7 12.2 49.1 1.0024 0.00 0.0M
234420.000 1980 COM2 65 0R0 260 6.2 12.3 48.7 1.0024 0.00 0.0M
234480.000 1980 COM2 65 0R0 234 2.9 12.3 48.7 1.0022 0.00 0.0M
234540.000 1980 COM2 65 0R0 239 1.8 12.4 48.3 1.0023 0.00 0.0M
234600.000 1980 COM2 65 0R0 168 0.8 12.4 48.3 1.0023 0.00 0.0M
234660.000 1980 COM2 65 0R0 276 3.3 12.4 48.3 1.0023 0.00 0.0M
234720.000 1980 COM2 65 0R0 287 1.7 12.5 47.9 1.0023 0.00 0.0M
234780.000 1980 COM2 65 0R0 221 3.6 12.6 47.3 1.0022 0.00 0.0M
234840.000 1980 COM2 65 0R0 292 2.2 12.6 47.0 1.0022 0.00 0.0M
234900.000 1980 COM2 65 0R0 272 5.6 12.6 46.9 1.0023 0.00 0.0M
234960.000 1980 COM2 65 0R0 266 8.1 12.6 46.5 1.0022 0.00 0.0M
235020.000 1980 COM2 65 0R0 318 3.4 12.5 46.6 1.0021 0.00 0.0M
235080.000 1980 COM2 65 0R0 240 3.9 12.5 46.8 1.0022 0.00 0.0M
235140.000 1980 COM2 65 0R0 252 3.9 12.4 47.1 1.0022 0.00 0.0M
235200.000 1980 COM2 65 0R0 244 5.8 12.4 47.1 1.0020 0.00 0.0M
235260.000 1980 COM2 65 0R0 279 5.0 12.4 47.2 1.0021 0.00 0.0M
235320.000 1980 COM2 65 0R0 239 3.7 12.3 47.3 1.0021 0.00 0.0M
235380.000 1980 COM2 65 0R0 244 2.8 12.4 47.3 1.0021 0.00 0.0M
235440.000 1980 COM2 65 0R0 253 3.3 12.4 47.5 1.0021 0.00 0.0M
235500.000 1980 COM2 65 0R0 285 4.3 12.4 47.0 1.0020 0.00 0.0M
235560.000 1980 COM2 65 0R0 258 3.3 12.4 47.5 1.0021 0.00 0.0M
235620.000 1980 COM2 65 0R0 292 2.3 12.4 47.5 1.0021 0.00 0.0M
235680.000 1980 COM2 65 0R0 263 4.9 12.5 47.1 1.0021 0.00 0.0M
235740.000 1980 COM2 65 0R0 275 4.2 12.5 47.3 1.0021 0.00 0.0M
235800.000 1980 COM2 65 0R0 245 3.8 12.5 47.2 1.0021 0.00 0.0M
235860.000 1980 COM2 65 0R0 273 6.3 12.5 47.3 1.0021 0.00 0.0M
235920.000 1980 COM2 65 0R0 279 2.9 12.5 47.0 1.0020 0.00 0.0M
235980.000 1980 COM2 65 0R0 256 5.0 12.4 47.5 1.0021 0.00 0.0M
236040.000 1980 COM2 65 0R0 266 3.3 12.5 47.1 1.0021 0.00 0.0M
236100.000 1980 COM2 65 0R0 235 1.5 12.5 47.1 1.0021 0.00 0.0M
236160.000 1980 COM2 65 0R0 269 3.1 12.5 47.1 1.0021 0.00 0.0M
236220.000 1980 COM2 65 0R0 241 2.8 12.5 47.2 1.0021 0.00 0.0M
236280.000 1980 COM2 65 0R0 265 3.5 12.5 47.3 1.0021 0.00 0.0M
236340.000 1980 COM2 65 0R0 235 2.5 12.5 47.5 1.0021 0.00 0.0M
236400.000 1980 COM2 65 0R0 259 2.1 12.5 47.4 1.0021 0.00 0.0M
236460.000 1980 COM2 65 0R0 262 4.3 12.5 47.8 1.0020 0.00 0.0M
236520.000 1980 COM2 65 0R0 228 1.5 12.5 47.6 1.0020 0.00 0.0M
236580.000 1980 COM2 65 0R0 216 2.8 12.5 47.5 1.0020 0.00 0.0M
236640.000 1980 COM2 65 0R0 230 3.2 12.5 47.3 1.0019 0.00 0.0M
236700.100 1980 COM2 65 0R0 228 5.0 12.5 47.3 1.0019 0.00 0.0M
236760.000 1980 COM2 65 0R0 287 2.8 12.4 47.4 1.0018 0.00 0.0M
236820.000 1980 COM2 65 0R0 293 1.5 12.4 47.6 1.0018 0.00 0.0M
236880.000 1980 COM2 65 0R0 284 5.4 12.5 47.6 1.0018 0.00 0.0M
236940.000 1980 COM2 65 0R0 304 3.4 12.6 47.2 1.0018 0.00 0.0M
237000.100 1980 COM2 65 0R0 259 6.3 12.7 47.5 1.0018 0.00 0.0M
237060.000 1980 COM2 65 0R0 284 8.9 12.7 46.8 1.0018 0.00 0.0M
237120.000 1980 COM2 65 0R0 305 3.2 12.6 46.9 1.0018 0.00 0.0M
237180.000 1980 COM2 65 0R0 177 1.2 12.6 47.1 1.0017 0.00 0.0M
237240.000 1980 COM2 65 0R0 286 4.1 12.7 46.9 1.0018 0.00 0.0M
237300.000 1980 COM2 65 0R0 221 2.4 12.7 46.7 1.0018 0.00 0.0M
237360.000 1980 COM2 65 0R0 224 5.0 12.7 46.1 1.0017 0.00 0.0M
237420.000 1980 COM2 65 0R0 254 3.0 12.7 46.3 1.0017 0.00 0.0M
237480.000 1980 COM2 65 0R0 244 1.4 12.7 46.2 1.0017 0.00 0.0M
237540.000 1980 COM2 65 0R0 254 2.4 12.7 46.4 1.0017 0.00 0.0M
237600.000 1980 COM2 65 0R0 233 2.7 12.8 46.3 1.0015 0.00 0.0M
237660.000 1980 COM2 65 0R0 252 3.2 12.9 46.0 1.0015 0.00 0.0M
237720.000 1980 COM2 65 0R0 263 4.9 12.9 45.9 1.0016 0.00 0.0M
237780.000 1980 COM2 65 0R0 281 1.9 12.8 46.2 1.0015 0.00 0.0M
237840.000 1980 COM2 65 0R0 289 4.2 12.8 46.5 1.0016 0.00 0.0M
237900.000 1980 COM2 65 0R0 273 2.6 12.7 46.0 1.0015 0.00 0.0M
237960.000 1980 COM2 65 0R0 258 5.7 12.7 45.8 1.0016 0.00 0.0M
238020.000 1980 COM2 65 0R0 269 2.6 12.6 45.9 1.0015 0.00 0.0M
238080.000 1980 COM2 65 0R0 281 1.9 12.6 46.0 1.0015 0.00 0.0M
238140.000 1980 COM2 65 0R0 243 2.1 12.6 45.8 1.0014 0.00 0.0M
238200.000 1980 COM2 65 0R0 246 4.4 12.6 45.5 1.0013 0.00 0.0M
238260.000 1980 COM2 65 0R0 239 1.8 12.5 45.7 1.0013 0.00 0.0M
238320.000 1980 COM2 65 0R0 283 3.7 12.5 46.0 1.0013 0.00 0.0M
238380.000 1980 COM2 65 0R0 270 3.8 12.6 45.7 1.0013 0.00 0.0M
238440.000 1980 COM2 65 0R0 259 2.0 12.7 45.6 1.0013 0.00 0.0M
238500.000 1980 COM2 65 0R0 278 4.5 12.7 45.4 1.0013 0.00 0.0M
238560.000 1980 COM2 65 0R0 282 5.8 12.8 45.0 1.0014 0.00 0.0M
238620.000 1980 COM2 65 0R0 250 2.3 12.8 45.3 1.0013 0.00 0.0M
238680.000 1980 COM2 65 0R0 286 5.4 12.8 44.8 1.0013 0.00 0.0M
238740.000 1980 COM2 65 0R0 286 3.3 12.8 44.0 1.0012 0.00 0.0M
238800.000 1980 COM2 65 0R0 236 2.1 12.8 44.8 1.0013 0.00 0.0M
238860.000 1980 COM2 65 0R0 249 1.2 12.8 44.8 1.0013 0.00 0.0M
238920.000 1980 COM2 65 0R0 225 5.4 12.9 44.8 1.0014 0.00 0.0M
238980.000 1980 COM2 65 0R0 231 4.6 12.9 44.7 1.0012 0.00 0.0M
239040.000 1980 COM2 65 0R0 253 1.5 12.8 45.0 1.0012 0.00 0.0M
239100.000 1980 COM2 65 0R0 245 1.7 12.8 45.2 1.0012 0.00 0.0M
239160.000 1980 COM2 65 0R0 237 4.3 12.8 44.9 1.0012 0.00 0.0M
239220.000 1980 COM2 65 0R0 254 1.7 12.8 44.8 1.0011 0.00 0.0M
239280.000 1980 COM2 65 0R0 302 1.8 12.8 44.3 1.0011 0.00 0.0M
239340.000 1980 COM2 65 0R0 257 3.8 12.8 44.3 1.0012 0.00 0.0M
239400.000 1980 COM2 65 0R0 265 2.2 12.8 44.1 1.0011 0.00 0.0M
239460.000 1980 COM2 65 0R0 279 2.9 12.8 43.9 1.0011 0.00 0.0M
239520.000 1980 COM2 65 0R0 294 1.2 12.7 43.8 1.0011 0.00 0.0M
239580.000 1980 COM2 65 0R0 224 1.4 12.7 44.2 1.0012 0.00 0.0M
239640.000 1980 COM2 65 0R0 285 6.0 12.7 43.9 1.0012 0.00 0.0M
239700.000 1980 COM2 65 0R0 244 2.6 12.7 43.9 1.0011 0.00 0.0M
239760.000 1980 COM2 65 0R0 290 2.9 12.7 44.3 1.0011 0.00 0.0M
239820.000 1980 COM2 65 0R0 279 1.7 12.7 43.8 1.0011 0.00 0.0M
239880.000 1980 COM2 65 0R0 253 2.6 12.7 44.1 1.0011 0.00 0.0M
239940.000 1980 COM2 65 0R0 220 3.5 12.7 43.9 1.0011 0.00 0.0M
240000.000 1980 COM2 65 0R0 250 1.5 12.7 44.2 1.0010 0.00 0.0M
240060.000 1980 COM2 65 0R0 276 2.4 12.7 44.1 1.0008 0.00 0.0M
240120.000 1980 COM2 65 0R0 236 3.2 12.7 44.3 1.0010 0.00 0.0M
240180.000 1980 COM2 65 0R0 237 5.3 12.7 44.2 1.0010 0.00 0.0M
240240.000 1980 COM2 65 0R0 257 3.2 12.8 44.1 1.0010 0.00 0.0M
240300.000 1980 COM2 65 0R0 238 3.1 12.9 44.1 1.0010 0.00 0.0M
240360.000 1980 COM2 65 0R0 311 3.7 12.9 44.0 1.0010 0.00 0.0M
240420.000 1980 COM2 65 0R0 226 4.5 12.9 44.2 1.0009 0.00 0.0M
240480.000 1980 COM2 65 0R0 245 1.2 12.9 43.9 1.0009 0.00 0.0M
240540.000 1980 COM2 65 0R0 274 2.1 12.9 44.4 1.0010 0.00 0.0M
240600.000 1980 COM2 65 0R0 268 4.1 13.0 44.2 1.0009 0.00 0.0M
240660.000 1980 COM2 65 0R0 259 3.9 13.0 43.9 1.0009 0.00 0.0M
240720.000 1980 COM2 65 0R0 249 2.0 13.0 43.9 1.0009 0.00 0.0M
240780.000 1980 COM2 65 0R0 261 3.1 13.0 44.1 1.0009 0.00 0.0M
240840.000 1980 COM2 65 0R0 253 1.7 13.0 44.2 1.0009 0.00 0.0M
240900.000 1980 COM2 65 0R0 228 5.0 13.0 44.5 1.0009 0.00 0.0M
240960.000 1980 COM2 65 0R0 212 2.6 13.1 44.0 1.0008 0.00 0.0M
241020.000 1980 COM2 65 0R0 260 4.0 13.1 43.8 1.0008 0.00 0.0M
241080.000 1980 COM2 65 0R0 273 2.0 13.2 43.9 1.0008 0.00 0.0M
241140.000 1980 COM2 65 0R0 241 5.6 13.2 44.0 1.0008 0.00 0.0M
241200.000 1980 COM2 65 0R0 220 1.9 13.2 43.9 1.0008 0.00 0.0M
241260.000 1980 COM2 65 0R0 257 3.1 13.3 43.9 1.0007 0.00 0.0M
241320.000 1980 COM2 65 0R0 273 3.1 13.3 43.7 1.0008 0.00 0.0M
241380.000 1980 COM2 65 0R0 213 3.0 13.4 43.2 1.0007 0.00 0.0M
241440.000 1980 COM2 65 0R0 196 5.4 13.4 43.3 1.0006 0.00 0.0M
241500.000 1980 COM2 65 0R0 236 6.3 13.4 42.8 1.0005 0.00 0.0M
241560.000 1980 COM2 65 0R0 209 3.1 13.4 42.6 1.0006 0.00 0.0M
241620.000 1980 COM2 65 0R0 249 2.0 13.4 42.6 1.0006 0.00 0.0M
241680.000 1980 COM2 65 0R0 263 2.4 13.5 42.5 1.0006 0.00 0.0M
241740.000 1980 COM2 65 0R0 319 1.3 13.6 42.2 1.0006 0.00 0.0M
241800.000 1980 COM2 65 0R0 237 2.9 13.6 42.5 1.0006 0.00 0.0M
241860.000 1980 COM2 65 0R0 283 3.5 13.6 42.4 1.0005 0.00 0.0M
241920.000 1980 COM2 65 0R0 281 5.1 13.6 42.5 1.0006 0.00 0.0M
241980.000 1980 COM2 65 0R0 245 1.0 13.7 42.7 1.0006 0.00 0.0M
242040.000 1980 COM2 65 0R0 270 2.9 13.7 42.3 1.0006 0.00 0.0M
242100.000 1980 COM2 65 0R0 182 3.5 13.7 42.3 1.0006 0.00 0.0M
242160.000 1980 COM2 65 0R0 222 3.0 13.7 42.6 1.0006 0.00 0.0M
242220.000 1980 COM2 65 0R0 244 3.2 13.7 42.4 1.0006 0.00 0.0M
242280.000 1980 COM2 65 0R0 131 1.4 13.7 41.8 1.0007 0.00 0.0M
242340.000 1980 COM2 65 0R0 259 4.2 13.7 42.6 1.0007 0.00 0.0M
242400.000 1980 COM2 65 0R0 264 2.7 13.7 41.5 1.0005 0.00 0.0M
242460.000 1980 COM2 65 0R0 291 3.1 13.7 41.7 1.0005 0.00 0.0M
242520.000 1980 COM2 65 0R0 247 2.2 13.7 41.9 1.0006 0.00 0.0M
242580.000 1980 COM2 65 0R0 230 5.0 13.7 41.6 1.0006 0.00 0.0M
242640.000 1980 COM2 65 0R0 247 1.5 13.8 41.2 1.0006 0.00 0.0M
242700.000 1980 COM2 65 0R0 231 5.4 13.8 41.3 1.0006 0.00 0.0M
242760.000 1980 COM2 65 0R0 268 2.2 13.8 41.3 1.0006 0.00 0.0M
242820.000 1980 COM2 65 0R0 197 4.6 13.8 41.7 1.0006 0.00 0.0M
242880.000 1980 COM2 65 0R0 258 5.9 13.8 41.6 1.0006 0.00 0.0M
242940.000 1980 COM2 65 0R0 229 3.4 13.8 41.4 1.0006 0.00 0.0M
243000.000 1980 COM2 65 0R0 278 3.0 13.8 41.5 1.0006 0.00 0.0M
243060.000 1980 COM2 65 0R0 232 4.1 13.9 41.4 1.0005 0.00 0.0M
243120.000 1980 COM2 65 0R0 175 4.2 13.8 41.5 1.0005 0.00 0.0M
243180.000 1980 COM2 65 0R0 238 4.9 13.8 41.4 1.0005 0.00 0.0M
243240.000 1980 COM2 65 0R0 234 5.2 13.8 41.4 1.0004 0.00 0.0M
243300.000 1980 COM2 65 0R0 232 2.9 13.8 41.4 1.0005 0.00 0.0M
243360.000 1980 COM2 65 0R0 211 5.2 13.8 41.6 1.0007 0.00 0.0M
243420.000 1980 COM2 65 0R0 232 5.0 13.8 41.6 1.0006 0.00 0.0M
243480.000 1980 COM2 65 0R0 217 5.8 13.8 41.3 1.0005 0.00 0.0M
243540.000 1980 COM2 65 0R0 239 6.0 13.8 41.3 1.0003 0.00 0.0M
243600.000 1980 COM2 65 0R0 224 6.9 13.7 41.3 1.0005 0.00 0.0M
243660.000 1980 COM2 65 0R0 287 1.5 13.7 41.7 1.0006 0.00 0.0M
243720.000 1980 COM2 65 0R0 223 6.4 13.7 41.8 1.0006 0.00 0.0M
243780.000 1980 COM2 65 0R0 208 2.4 13.8 41.4 1.0004 0.00 0.0M
243840.000 1980 COM2 65 0R0 245 4.1 13.8 41.7 1.0005 0.00 0.0M
243900.000 1980 COM2 65 0R0 280 3.3 13.8 41.6 1.0006 0.00 0.0M
243960.000 1980 COM2 65 0R0 270 1.7 13.8 41.5 1.0005 0.00 0.0M
244020.000 1980 COM2 65 0R0 223 8.0 13.8 41.6 1.0005 0.00 0.0M
244080.000 1980 COM2 65 0R0 230 8.3 13.7 41.7 1.0005 0.00 0.0M
244140.000 1980 COM2 65 0R0 188 2.6 13.7 41.6 1.0006 0.00 0.0M
244200.000 1980 COM2 65 0R0 263 2.2 13.7 41.4 1.0003 0.00 0.0M
244260.000 1980 COM2 65 0R0 211 2.2 13.7 41.6 1.0004 0.00 0.0M
244320.000 1980 COM2 65 0R0 241 4.6 13.8 41.7 1.0004 0.00 0.0M
244380.000 1980 COM2 65 0R0 245 3.5 13.8 41.5 1.0004 0.00 0.0M
244440.000 1980 COM2 65 0R0 244 2.0 13.8 41.6 1.0004 0.00 0.0M
244500.100 1980 COM2 65 0R0 223 3.9 13.9 41.2 1.0003 0.00 0.0M
244560.000 1980 COM2 65 0R0 271 2.8 13.9 41.3 1.0003 0.00 0.0M
244620.000 1980 COM2 65 0R0 270 5.0 13.9 41.3 1.0003 0.00 0.0M
244680.000 1980 COM2 65 0R0 234 2.2 13.9 41.2 1.0004 0.00 0.0M
244740.000 1980 COM2 65 0R0 263 3.8 13.8 41.2 1.0005 0.00 0.0M
244800.000 1980 COM2 65 0R0 261 5.8 13.8 41.2 1.0004 0.00 0.0M
244860.000 1980 COM2 65 0R0 230 4.9 13.8 41.2 1.0002 0.00 0.0M
244920.000 1980 COM2 65 0R0 320 1.1 13.7 41.3 1.0005 0.00 0.0M
244980.000 1980 COM2 65 0R0 235 2.2 13.7 41.6 1.0004 0.00 0.0M
245040.000 1980 COM2 65 0R0 255 3.1 13.8 41.4 1.0002 0.00 0.0M
245100.000 1980 COM2 65 0R0 239 4.0 13.8 41.6 1.0003 0.00 0.0M
245160.000 1980 COM2 65 0R0 208 1.6 13.7 41.7 1.0003 0.00 0.0M
245220.000 1980 COM2 65 0R0 235 4.0 13.7 41.8 1.0002 0.00 0.0M
245280.000 1980 COM2 65 0R0 218 3.0 13.7 41.8 1.0001 0.00 0.0M
245340.000 1980 COM2 65 0R0 241 5.3 13.7 41.5 1.0002 0.00 0.0M
245400.000 1980 COM2 65 0R0 238 3.2 13.7 41.9 1.0001 0.00 0.0M
245460.000 1980 COM2 65 0R0 252 3.1 13.7 41.9 1.0002 0.00 0.0M
245520.000 1980 COM2 65 0R0 284 1.8 13.7 42.0 1.0002 0.00 0.0M
245580.000 1980 COM2 65 0R0 263 4.9 13.8 41.5 1.0001 0.00 0.0M
245640.000 1980 COM2 65 0R0 209 1.8 13.8 41.8 1.0001 0.00 0.0M
245700.000 1980 COM2 65 0R0 237 1.4 13.8 41.8 1.0002 0.00 0.0M
245760.000 1980 COM2 65 0R0 249 5.2 13.9 41.6 1.0000 0.00 0.0M
245820.000 1980 COM2 65 0R0 246 3.1 13.9 40.7 1.0001 0.00 0.0M
245880.000 1980 COM2 65 0R0 225 2.0 13.8 41.1 1.0001 0.00 0.0M
245940.000 1980 COM2 65 0R0 242 5.5 13.8 40.9 1.0000 0.00 0.0M
246000.000 1980 COM2 65 0R0 256 4.4 13.8 40.9 1.0000 0.00 0.0M
246060.000 1980 COM2 65 0R0 234 6.5 13.7 40.8 1.0001 0.00 0.0M
246120.000 1980 COM2 65 0R0 233 5.2 13.7 40.9 0.9999 0.00 0.0M
246180.000 1980 COM2 65 0R0 239 4.0 13.7 40.9 1.0001 0.00 0.0M
246240.000 1980 COM2 65 0R0 251 2.8 13.7 41.0 1.0000 0.00 0.0M
246300.000 1980 COM2 65 0R0 236 1.8 13.6 41.2 1.0001 0.00 0.0M
246360.000 1980 COM2 65 0R0 238 1.7 13.6 41.2 1.0001 0.00 0.0M
246420.000 1980 COM2 65 0R0 198 4.2 13.6 41.1 1.0001 0.00 0.0M
246480.000 1980 COM2 65 0R0 269 3.7 13.6 41.0 1.0001 0.00 0.0M
246540.000 1980 COM2 65 0R0 249 2.8 13.6 40.9 1.0000 0.00 0.0M
246600.000 1980 COM2 65 0R0 246 3.3 13.6 41.0 1.0000 0.00 0.0M
246660.000 1980 COM2 65 0R0 187 1.7 13.6 41.0 1.0000 0.00 0.0M
246720.000 1980 COM2 65 0R0 248 4.5 13.6 40.9 0.9999 0.00 0.0M
246780.000 1980 COM2 65 0R0 212 1.6 13.6 41.0 0.9999 0.00 0.0M
246840.000 1980 COM2 65 0R0 269 3.1 13.7 41.2 0.9999 0.00 0.0M
246900.000 1980 COM2 65 0R0 198 5.2 13.7 40.9 0.9998 0.00 0.0M
246960.000 1980 COM2 65 0R0 267 2.2 13.7 41.0 0.9998 0.00 0.0M
247020.000 1980 COM2 65 0R0 192 3.1 13.7 41.0 0.9997 0.00 0.0M
247080.000 1980 COM2 65 0R0 234 4.0 13.6 41.1 0.9997 0.00 0.0M
247140.000 1980 COM2 65 0R0 248 3.0 13.6 41.1 0.9996 0.00 0.0M
247200.000 1980 COM2 65 0R0 166 2.4 13.6 41.1 0.9997 0.00 0.0M
247260.000 1980 COM2 65 0R0 222 3.6 13.6 41.1 0.9997 0.00 0.0M
247320.000 1980 COM2 65 0R0 226 7.5 13.6 41.2 0.9998 0.00 0.0M
247380.000 1980 COM2 65 0R0 199 4.8 13.5 41.2 0.9997 0.00 0.0M
247440.000 1980 COM2 65 0R0 244 3.2 13.5 41.0 0.9997 0.00 0.0M
247500.000 1980 COM2 65 0R0 255 2.0 13.5 40.8 0.9998 0.00 0.0M
247560.000 1980 COM2 65 0R0 240 3.7 13.5 41.0 0.9998 0.00 0.0M
247620.000 1980 COM2 65 0R0 222 4.0 13.5 41.0 0.9997 0.00 0.0M
247680.000 1980 COM2 65 0R0 261 2.6 13.5 41.1 0.9997 0.00 0.0M
247740.000 1980 COM2 65 0R0 246 3.0 13.5 41.2 0.9998 0.00 0.0M
247800.000 1980 COM2 65 0R0 246 6.7 13.5 41.2 0.9997 0.00 0.0M
247860.000 1980 COM2 65 0R0 225 6.2 13.5 41.2 0.9995 0.00 0.0M
247920.000 1980 COM2 65 0R0 237 5.2 13.4 41.3 0.9997 0.00 0.0M
247980.000 1980 COM2 65 0R0 231 4.5 13.4 41.4 0.9997 0.00 0.0M
248040.000 1980 COM2 65 0R0 248 1.2 13.4 41.5 0.9997 0.00 0.0M
248100.000 1980 COM2 65 0R0 252 3.3 13.4 41.7 0.9998 0.00 0.0M
248160.000 1980 COM2 65 0R0 195 2.2 13.4 41.8 0.9998 0.00 0.0M
248220.000 1980 COM2 65 0R0 230 8.4 13.4 42.0 0.9996 0.00 0.0M
248280.000 1980 COM2 65 0R0 220 5.8 13.4 42.1 0.9997 0.00 0.0M
248340.000 1980 COM2 65 0R0 236 2.9 13.4 42.2 0.9997 0.00 0.0M
248400.000 1980 COM2 65 0R0 225 4.2 13.3 42.3 0.9998 0.00 0.0M
248460.000 1980 COM2 65 0R0 223 0.9 13.3 42.4 0.9998 0.00 0.0M
248520.000 1980 COM2 65 0R0 239 1.9 13.3 42.6 0.9998 0.00 0.0M
248580.000 1980 COM2 65 0R0 200 3.6 13.3 42.8 0.9997 0.00 0.0M
248640.000 1980 COM2 65 0R0 220 4.9 13.3 42.8 0.9997 0.00 0.0M
248700.000 1980 COM2 65 0R0 212 3.3 13.2 43.0 0.9997 0.00 0.0M
248760.000 1980 COM2 65 0R0 245 5.7 13.2 43.1 0.9997 0.00 0.0M
248820.000 1980 COM2 65 0R0 239 2.9 13.2 43.3 0.9996 0.00 0.0M
248880.000 1980 COM2 65 0R0 239 3.2 13.2 43.5 0.9997 0.00 0.0M
248940.000 1980 COM2 65 0R0 208 2.6 13.2 43.6 0.9997 0.00 0.0M
249000.000 1980 COM2 65 0R0 296 1.6 13.1 43.8 0.9996 0.00 0.0M
249060.000 1980 COM2 65 0R0 286 2.9 13.1 43.9 0.9996 0.00 0.0M
249120.000 1980 COM2 65 0R0 226 0.9 13.1 43.9 0.9996 0.00 0.0M
249180.000 1980 COM2 65 0R0 218 2.6 13.0 44.2 0.9996 0.00 0.0M
249240.000 1980 COM2 65 0R0 232 4.1 13.0 44.3 0.9995 0.00 0.0M
249300.000 1980 COM2 65 0R0 216 2.7 13.0 44.5 0.9996 0.00 0.0M
249360.000 1980 COM2 65 0R0 193 3.1 13.0 44.5 0.9996 0.00 0.0M
249420.000 1980 COM2 65 0R0 235 6.3 13.0 44.7 0.9996 0.00 0.0M
249480.000 1980 COM2 65 0R0 271 3.1 12.9 44.7 0.9996 0.00 0.0M
249540.000 1980 COM2 65 0R0 224 4.1 12.9 44.7 0.9996 0.00 0.0M
249600.000 1980 COM2 65 0R0 225 4.2 12.9 44.9 0.9997 0.00 0.0M
249660.000 1980 COM2 65 0R0 220 3.7 12.9 44.8 0.9996 0.00 0.0M
249720.000 1980 COM2 65 0R0 230 5.3 12.9 45.0 0.9996 0.00 0.0M
249780.000 1980 COM2 65 0R0 190 2.2 12.9 45.1 0.9997 0.00 0.0M
249840.000 1980 COM2 65 0R0 237 5.7 12.9 45.1 0.9997 0.00 0.0M
249900.000 1980 COM2 65 0R0 229 2.8 12.8 45.2 0.9997 0.00 0.0M
249960.000 1980 COM2 65 0R0 246 3.1 12.8 45.4 0.9998 0.00 0.0M
250020.000 1980 COM2 65 0R0 262 3.5 12.8 45.5 0.9999 0.00 0.0M
250080.000 1980 COM2 65 0R0 239 2.4 12.8 45.5 0.9998 0.00 0.0M
250140.000 1980 COM2 65 0R0 234 5.9 12.8 45.5 0.9999 0.00 0.0M
250200.000 1980 COM2 65 0R0 196 1.9 12.8 45.6 1.0000 0.00 0.0M
250260.000 1980 COM2 65 0R0 216 2.0 12.8 45.7 1.0000 0.00 0.0M
250320.000 1980 COM2 65 0R0 218 6.5 12.7 45.8 1.0000 0.00 0.0M
250380.000 1980 COM2 65 0R0 223 2.3 12.7 45.7 1.0000 0.00 0.0M
250440.000 1980 COM2 65 0R0 272 4.6 12.7 45.9 1.0000 0.00 0.0M
250500.000 1980 COM2 65 0R0 283 2.0 12.7 45.9 1.0000 0.00 0.0M
250560.000 1980 COM2 65 0R0 226 1.7 12.7 45.8 1.0001 0.00 0.0M
250620.000 1980 COM2 65 0R0 229 2.5 12.7 45.9 1.0001 0.00 0.0M
250680.000 1980 COM2 65 0R0 229 7.5 12.7 46.0 1.0000 0.00 0.0M
250740.000 1980 COM2 65 0R0 219 8.7 12.7 45.8 1.0000 0.00 0.0M
250800.000 1980 COM2 65 0R0 237 5.3 12.7 45.9 1.0000 0.00 0.0M
250860.000 1980 COM2 65 0R0 222 5.3 12.7 45.9 1.0000 0.00 0.0M
250920.000 1980 COM2 65 0R0 173 3.4 12.7 46.0 0.9999 0.00 0.0M
250980.000 1980 COM2 65 0R0 201 3.2 12.7 46.0 1.0000 0.00 0.0M
251040.000 1980 COM2 65 0R0 253 2.3 12.6 46.3 1.0000 0.00 0.0M
251100.000 1980 COM2 65 0R0 226 6.7 12.6 46.3 1.0001 0.00 0.0M
251160.000 1980 COM2 65 0R0 192 2.8 12.5 46.3 1.0000 0.00 0.0M
251220.000 1980 COM2 65 0R0 225 3.6 12.5 46.5 0.9999 0.00 0.0M
251280.000 1980 COM2 65 0R0 204 5.2 12.5 46.5 0.9999 0.00 0.0M
251340.000 1980 COM2 65 0R0 204 1.6 12.5 46.5 0.9999 0.00 0.0M
251400.000 1980 COM2 65 0R0 221 4.5 12.4 46.6 0.9999 0.00 0.0M
251460.000 1980 COM2 65 0R0 192 4.6 12.4 46.8 0.9999 0.00 0.0M
251520.000 1980 COM2 65 0R0 195 5.1 12.4 46.7 0.9998 0.00 0.0M
251580.000 1980 COM2 65 0R0 219 4.5 12.4 46.7 0.9998 0.00 0.0M
251640.000 1980 COM2 65 0R0 201 3.6 12.3 46.8 0.9998 0.00 0.0M
251700.000 1980 COM2 65 0R0 232 2.3 12.3 46.8 0.9998 0.00 0.0M
251760.000 1980 COM2 65 0R0 227 2.8 12.3 47.1 0.9999 0.00 0.0M
251820.000 1980 COM2 65 0R0 177 3.4 12.3 47.3 0.9999 0.00 0.0M
251880.000 1980 COM2 65 0R0 194 3.6 12.3 47.2 0.9999 0.00 0.0M
251940.000 1980 COM2 65 0R0 238 3.6 12.2 47.3 0.9999 0.00 0.0M
252000.000 1980 COM2 65 0R0 219 3.3 12.2 47.2 0.9999 0.00 0.0M
252060.000 1980 COM2 65 0R0 246 4.2 12.2 47.3 0.9999 0.00 0.0M
252120.000 1980 COM2 65 0R0 249 3.2 12.2 47.3 0.9998 0.00 0.0M
252180.000 1980 COM2 65 0R0 196 6.0 12.2 47.3 0.9999 0.00 0.0M
252240.000 1980 COM2 65 0R0 192 4.2 12.2 47.3 0.9999 0.00 0.0M
252300.000 1980 COM2 65 0R0 224 4.2 12.2 47.3 1.0000 0.00 0.0M
252360.000 1980 COM2 65 0R0 176 1.8 12.1 47.4 1.0000 0.00 0.0M
252420.000 1980 COM2 65 0R0 209 4.7 12.1 47.5 1.0000 0.00 0.0M
252480.000 1980 COM2 65 0R0 185 1.5 12.1 47.6 0.9999 0.00 0.0M
252540.000 1980 COM2 65 0R0 220 4.2 12.0 47.7 0.9999 0.00 0.0M
252600.000 1980 COM2 65 0R0 227 3.7 12.0 47.8 0.9999 0.00 0.0M
252660.000 1980 COM2 65 0R0 222 3.6 12.0 47.8 0.9998 0.00 0.0M
252720.000 1980 COM2 65 0R0 259 2.9 12.0 48.0 0.9998 0.00 0.0M
252780.000 1980 COM2 65 0R0 211 5.4 12.0 47.9 0.9998 0.00 0.0M
252840.000 1980 COM2 65 0R0 180 2.8 12.0 48.0 0.9998 0.00 0.0M
252900.000 1980 COM2 65 0R0 270 1.2 12.0 48.1 0.9998 0.00 0.0M
252960.000 1980 COM2 65 0R0 239 3.8 11.9 48.2 0.9999 0.00 0.0M
253020.000 1980 COM2 65 0R0 232 5.5 11.9 48.2 0.9999 0.00 0.0M
253080.000 1980 COM2 65 0R0 232 3.1 11.9 48.2 0.9999 0.00 0.0M
253140.000 1980 COM2 65 0R0 227 3.0 11.9 48.3 0.9999 0.00 0.0M
253200.000 1980 COM2 65 0R0 247 3.6 11.9 48.2 1.0000 0.00 0.0M
253260.000 1980 COM2 65 0R0 232 1.5 11.9 48.2 1.0000 0.00 0.0M
253320.000 1980 COM2 65 0R0 205 3.3 11.9 48.2 1.0001 0.00 0.0M
253380.000 1980 COM2 65 0R0 197 5.2 11.9 48.2 1.0001 0.00 0.0M
253440.000 1980 COM2 65 0R0 224 4.6 11.9 47.9 1.0001 0.00 0.0M
253500.000 1980 COM2 65 0R0 209 1.9 11.9 47.9 1.0001 0.00 0.0M
253560.000 1980 COM2 65 0R0 229 3.6 11.9 47.9 1.0001 0.00 0.0M
253620.000 1980 COM2 65 0R0 244 4.4 11.9 47.7 1.0001 0.00 0.0M
253680.000 1980 COM2 65 0R0 229 5.6 11.9 47.8 1.0001 0.00 0.0M
253740.000 1980 COM2 65 0R0 239 3.1 11.9 47.6 1.0002 0.00 0.0M
253800.000 1980 COM2 65 0R0 242 5.4 11.9 47.7 1.0002 0.00 0.0M
253860.000 1980 COM2 65 0R0 236 6.6 11.9 47.7 1.0001 0.00 0.0M
253920.000 1980 COM2 65 0R0 224 4.1 11.9 47.6 1.0001 0.00 0.0M
253980.000 1980 COM2 65 0R0 229 4.7 11.9 47.8 1.0001 0.00 0.0M
254040.000 1980 COM2 65 0R0 218 3.6 11.9 47.7 1.0000 0.00 0.0M
254100.000 1980 COM2 65 0R0 246 3.7 11.9 47.7 1.0001 0.00 0.0M
254160.000 1980 COM2 65 0R0 177 4.3 11.9 47.7 1.0001 0.00 0.0M
254220.000 1980 COM2 65 0R0 248 3.2 11.8 47.8 1.0000 0.00 0.0M
254280.000 1980 COM2 65 0R0 235 4.3 11.8 47.7 1.0001 0.00 0.0M
254340.000 1980 COM2 65 0R0 219 4.9 11.8 47.6 1.0000 0.00 0.0M
254400.000 1980 COM2 65 0R0 230 2.8 11.8 47.7 1.0000 0.00 0.0M
254460.000 1980 COM2 65 0R0 248 2.9 11.8 47.8 0.9999 0.00 0.0M
254520.000 1980 COM2 65 0R0 227 2.8 11.7 47.8 0.9999 0.00 0.0M
254580.000 1980 COM2 65 0R0 283 1.4 11.7 48.0 0.9999 0.00 0.0M
254640.000 1980 COM2 65 0R0 220 4.5 11.7 48.1 0.9999 0.00 0.0M
254700.000 1980 COM2 65 0R0 180 4.2 11.6 48.2 0.9999 0.00 0.0M
254760.000 1980 COM2 65 0R0 221 3.4 11.6 48.2 0.9999 0.00 0.0M
254820.000 1980 COM2 65 0R0 259 2.0 11.6 48.2 1.0000 0.00 0.0M
254880.000 1980 COM2 65 0R0 229 3.4 11.6 48.1 1.0000 0.00 0.0M
254940.000 1980 COM2 65 0R0 193 3.7 11.6 48.2 1.0000 0.00 0.0M
255000.000 1980 COM2 65 0R0 226 3.3 11.6 48.5 1.0001 0.00 0.0M
255060.000 1980 COM2 65 0R0 201 3.5 11.6 48.4 1.0001 0.00 0.0M
255120.000 1980 COM2 65 0R0 201 3.2 11.6 48.5 1.0002 0.00 0.0M
255180.000 1980 COM2 65 0R0 242 5.6 11.5 48.5 1.0002 0.00 0.0M
255240.000 1980 COM2 65 0R0 195 2.4 11.5 48.4 1.0002 0.00 0.0M
255300.000 1980 COM2 65 0R0 209 3.0 11.5 48.6 1.0002 0.00 0.0M
255360.000 1980 COM2 65 0R0 192 3.3 11.5 48.6 1.0002 0.00 0.0M
255420.000 1980 COM2 65 0R0 233 2.4 11.5 48.7 1.0002 0.00 0.0M
255480.000 1980 COM2 65 0R0 212 2.9 11.5 48.7 1.0002 0.00 0.0M
255540.000 1980 COM2 65 0R0 225 3.1 11.5 48.7 1.0003 0.00 0.0M
255600.000 1980 COM2 65 0R0 209 2.6 11.4 48.8 1.0003 0.00 0.0M
255660.000 1980 COM2 65 0R0 180 2.7 11.4 49.0 1.0003 0.00 0.0M
255720.000 1980 COM2 65 0R0 185 2.5 11.4 49.0 1.0003 0.00 0.0M
255780.000 1980 COM2 65 0R0 221 3.8 11.4 49.1 1.0003 0.00 0.0M
255840.000 1980 COM2 65 0R0 238 2.0 11.4 49.1 1.0003 0.00 0.0M
255900.000 1980 COM2 65 0R0 215 4.6 11.4 49.2 1.0004 0.00 0.0M
255960.000 1980 COM2 65 0R0 203 3.7 11.4 49.0 1.0004 0.00 0.0M
256020.000 1980 COM2 65 0R0 257 1.4 11.3 49.2 1.0004 0.00 0.0M
256080.000 1980 COM2 65 0R0 205 3.0 11.3 49.2 1.0004 0.00 0.0M
256140.000 1980 COM2 65 0R0 220 3.8 11.3 49.5 1.0004 0.00 0.0M
256200.000 1980 COM2 65 0R0 236 2.9 11.3 49.5 1.0004 0.00 0.0M
256260.000 1980 COM2 65 0R0 195 3.5 11.2 49.6 1.0004 0.00 0.0M
256320.000 1980 COM2 65 0R0 212 4.3 11.2 49.8 1.0004 0.00 0.0M
256380.000 1980 COM2 65 0R0 227 4.4 11.2 49.8 1.0003 0.00 0.0M
256440.000 1980 COM2 65 0R0 213 2.8 11.2 49.8 1.0003 0.00 0.0M
256500.000 1980 COM2 65 0R0 181 2.5 11.1 50.0 1.0003 0.00 0.0M
256560.000 1980 COM2 65 0R0 197 3.2 11.1 50.3 1.0003 0.00 0.0M
256620.000 1980 COM2 65 0R0 206 3.2 11.1 50.2 1.0003 0.00 0.0M
256680.000 1980 COM2 65 0R0 202 4.6 11.0 50.2 1.0002 0.00 0.0M
256740.000 1980 COM2 65 0R0 221 4.0 11.0 50.1 1.0002 0.00 0.0M
256800.000 1980 COM2 65 0R0 217 3.6 11.0 50.3 1.0002 0.00 0.0M
256860.000 1980 COM2 65 0R0 218 4.0 11.0 50.4 1.0002 0.00 0.0M
256920.000 1980 COM2 65 0R0 249 1.7 11.0 50.4 1.0003 0.00 0.0M
256980.000 1980 COM2 65 0R0 233 5.2 11.0 50.5 1.0003 0.00 0.0M
257040.000 1980 COM2 65 0R0 223 4.0 11.0 50.5 1.0003 0.00 0.0M
257100.000 1980 COM2 65 0R0 235 3.6 11.0 50.5 1.0003 0.00 0.0M
257160.000 1980 COM2 65 0R0 250 3.1 11.0 50.4 1.0004 0.00 0.0M
257220.000 1980 COM2 65 0R0 206 4.3 11.0 50.5 1.0004 0.00 0.0M
257280.000 1980 COM2 65 0R0 214 2.6 11.0 50.5 1.0004 0.00 0.0M
257340.000 1980 COM2 65 0R0 239 4.9 11.0 50.5 1.0005 0.00 0.0M
257400.000 1980 COM2 65 0R0 258 1.5 11.0 50.4 1.0005 0.00 0.0M
257460.000 1980 COM2 65 0R0 226 4.4 11.0 50.6 1.0005 0.00 0.0M
257520.000 1980 COM2 65 0R0 220 4.3 11.0 50.4 1.0005 0.00 0.0M
257580.000 1980 COM2 65 0R0 225 4.1 11.0 50.5 1.0005 0.00 0.0M
257640.000 1980 COM2 65 0R0 225 4.3 11.0 50.5 1.0005 0.00 0.0M
257700.000 1980 COM2 65 0R0 242 2.8 11.0 50.5 1.0005 0.00 0.0M
257760.000 1980 COM2 65 0R0 215 3.5 10.9 50.6 1.0005 0.00 0.0M
257820.000 1980 COM2 65 0R0 261 1.8 10.9 50.7 1.0004 0.00 0.0M
257880.000 1980 COM2 65 0R0 239 4.9 10.9 50.7 1.0004 0.00 0.0M
257940.000 1980 COM2 65 0R0 219 3.1 10.9 50.7 1.0004 0.00 0.0M
258000.000 1980 COM2 65 0R0 218 3.1 10.9 50.6 1.0004 0.00 0.0M
258060.000 1980 COM2 65 0R0 241 3.8 10.9 50.6 1.0004 0.00 0.0M
258120.000 1980 COM2 65 0R0 239 2.5 10.9 50.7 1.0004 0.00 0.0M
258180.000 1980 COM2 65 0R0 222 3.5 10.9 50.8 1.0004 0.00 0.0M
258240.000 1980 COM2 65 0R0 235 3.0 10.9 50.8 1.0003 0.00 0.0M
258300.000 1980 COM2 65 0R0 202 2.9 10.8 50.8 1.0003 0.00 0.0M
258360.000 1980 COM2 65 0R0 261 1.8 10.8 50.7 1.0002 0.00 0.0M
258420.000 1980 COM2 65 0R0 204 3.8 10.8 50.9 1.0002 0.00 0.0M
258480.000 1980 COM2 65 0R0 230 1.8 10.8 50.8 1.0002 0.00 0.0M
258540.000 1980 COM2 65 0R0 251 2.0 10.8 50.8 1.0002 0.00 0.0M
258600.000 1980 COM2 65 0R0 215 2.7 10.8 50.8 1.0002 0.00 0.0M
258660.000 1980 COM2 65 0R0 240 1.9 10.8 50.7 1.0002 0.00 0.0M
258720.000 1980 COM2 65 0R0 219 2.1 10.8 50.9 1.0002 0.00 0.0M
258780.000 1980 COM2 65 0R0 188 3.4 10.8 51.0 1.0001 0.00 0.0M
258840.000 1980 COM2 65 0R0 223 1.3 10.8 50.7 1.0001 0.00 0.0M
258900.000 1980 COM2 65 0R0 224 3.4 10.8 51.0 1.0001 0.00 0.0M
258960.000 1980 COM2 65 0R0 210 4.6 10.8 50.9 1.0000 0.00 0.0M
259020.000 1980 COM2 65 0R0 239 3.0 10.7 50.8 1.0001 0.00 0.0M
259080.000 1980 COM2 65 0R0 235 2.8 10.7 51.0 1.0001 0.00 0.0M
259140.000 1980 COM2 65 0R0 210 4.4 10.7 51.0 1.0001 0.00 0.0M
