TO [s] WNc [w] C StringLn ASCIIString
---------------------------------------
0.000 1978 COM2 64 0R0 097 1.7 7.0 63.9 1.0148 0.00 0.0M
60.000 1978 COM2 64 0R0 123 1.0 6.9 64.4 1.0148 0.00 0.0M
120.000 1978 COM2 64 0R0 119 1.3 6.8 64.6 1.0148 0.00 0.0M
180.000 1978 COM2 64 0R0 112 1.2 6.8 65.0 1.0148 0.00 0.0M
240.000 1978 COM2 64 0R0 255 0.5 6.8 64.8 1.0147 0.00 0.0M
300.000 1978 COM2 64 0R0 107 1.2 6.8 64.6 1.0147 0.00 0.0M
360.000 1978 COM2 64 0R0 105 1.0 6.8 64.8 1.0147 0.00 0.0M
420.100 1978 COM2 64 0R0 092 1.6 6.8 64.7 1.0147 0.00 0.0M
480.000 1978 COM2 64 0R0 131 0.5 6.8 64.9 1.0147 0.00 0.0M
540.000 1978 COM2 64 0R0 141 1.7 6.9 64.6 1.0147 0.00 0.0M
600.000 1978 COM2 64 0R0 108 2.3 6.9 64.5 1.0147 0.00 0.0M
660.100 1978 COM2 64 0R0 133 2.9 6.8 64.8 1.0147 0.00 0.0M
720.100 1978 COM2 64 0R0 103 1.4 6.8 64.9 1.0147 0.00 0.0M
780.000 1978 COM2 64 0R0 134 1.1 6.7 65.2 1.0147 0.00 0.0M
840.000 1978 COM2 64 0R0 097 1.0 6.7 65.6 1.0147 0.00 0.0M
900.000 1978 COM2 64 0R0 095 0.5 6.7 65.3 1.0147 0.00 0.0M
960.000 1978 COM2 64 0R0 127 1.0 6.7 65.4 1.0147 0.00 0.0M
1020.100 1978 COM2 64 0R0 137 0.4 6.8 65.1 1.0147 0.00 0.0M
1080.000 1978 COM2 64 0R0 180 0.3 6.8 65.1 1.0147 0.00 0.0M
1140.000 1978 COM2 64 0R0 069 0.5 6.8 64.9 1.0148 0.00 0.0M
1200.000 1978 COM2 64 0R0 095 1.7 6.8 65.1 1.0148 0.00 0.0M
1260.000 1978 COM2 64 0R0 338 0.4 6.8 64.9 1.0148 0.00 0.0M
1320.000 1978 COM2 64 0R0 137 0.5 6.8 65.1 1.0148 0.00 0.0M
1380.000 1978 COM2 64 0R0 121 0.4 6.8 65.2 1.0147 0.00 0.0M
1440.000 1978 COM2 64 0R0 096 0.7 6.8 64.8 1.0147 0.00 0.0M
1500.000 1978 COM2 64 0R0 056 0.7 6.8 65.0 1.0147 0.00 0.0M
1560.000 1978 COM2 64 0R0 096 1.7 6.8 65.0 1.0147 0.00 0.0M
1620.000 1978 COM2 64 0R0 087 2.0 6.8 64.8 1.0147 0.00 0.0M
1680.000 1978 COM2 64 0R0 128 1.4 6.7 65.5 1.0146 0.00 0.0M
1740.000 1978 COM2 64 0R0 074 2.1 6.5 66.0 1.0146 0.00 0.0M
1800.000 1978 COM2 64 0R0 092 2.4 6.5 66.0 1.0145 0.00 0.0M
1860.000 1978 COM2 64 0R0 113 0.8 6.4 66.4 1.0145 0.00 0.0M
1920.000 1978 COM2 64 0R0 086 2.5 6.3 66.8 1.0144 0.00 0.0M
1980.000 1978 COM2 64 0R0 091 1.4 6.2 67.2 1.0144 0.00 0.0M
2040.000 1978 COM2 64 0R0 096 2.4 6.2 67.3 1.0144 0.00 0.0M
2100.100 1978 COM2 64 0R0 095 2.0 6.1 67.4 1.0143 0.00 0.0M
2160.100 1978 COM2 64 0R0 102 2.5 6.1 67.6 1.0143 0.00 0.0M
2220.000 1978 COM2 64 0R0 091 1.9 6.1 67.7 1.0143 0.00 0.0M
2280.000 1978 COM2 64 0R0 086 0.7 6.0 67.9 1.0143 0.00 0.0M
2340.000 1978 COM2 64 0R0 082 2.1 6.0 67.9 1.0143 0.00 0.0M
2400.000 1978 COM2 64 0R0 076 1.9 6.0 68.0 1.0143 0.00 0.0M
2460.000 1978 COM2 64 0R0 101 1.8 6.0 68.0 1.0144 0.00 0.0M
2520.000 1978 COM2 64 0R0 121 1.0 6.0 68.2 1.0144 0.00 0.0M
2580.000 1978 COM2 64 0R0 148 0.9 6.0 68.3 1.0144 0.00 0.0M
2640.000 1978 COM2 64 0R0 169 0.4 6.1 67.9 1.0144 0.00 0.0M
2700.000 1978 COM2 64 0R0 094 2.3 6.1 68.1 1.0143 0.00 0.0M
2760.100 1978 COM2 64 0R0 147 0.4 6.1 68.0 1.0143 0.00 0.0M
2820.000 1978 COM2 64 0R0 108 1.4 6.1 68.2 1.0143 0.00 0.0M
2880.000 1978 COM2 64 0R0 091 0.6 6.1 67.8 1.0143 0.00 0.0M
2940.000 1978 COM2 64 0R0 093 1.2 6.2 67.8 1.0143 0.00 0.0M
3000.000 1978 COM2 64 0R0 085 1.6 6.2 67.8 1.0143 0.00 0.0M
3060.000 1978 COM2 64 0R0 079 1.4 6.1 68.1 1.0143 0.00 0.0M
3120.000 1978 COM2 64 0R0 160 0.8 6.0 68.4 1.0143 0.00 0.0M
3180.000 1978 COM2 64 0R0 071 1.5 6.0 68.2 1.0143 0.00 0.0M
3240.000 1978 COM2 64 0R0 132 0.3 6.1 68.2 1.0143 0.00 0.0M
3300.100 1978 COM2 64 0R0 083 1.3 6.1 68.2 1.0143 0.00 0.0M
3360.000 1978 COM2 64 0R0 108 2.0 6.0 68.2 1.0143 0.00 0.0M
3420.000 1978 COM2 64 0R0 159 0.7 6.0 68.5 1.0144 0.00 0.0M
3480.000 1978 COM2 64 0R0 074 0.6 6.0 68.4 1.0144 0.00 0.0M
3540.000 1978 COM2 64 0R0 140 0.9 6.0 68.3 1.0144 0.00 0.0M
3600.000 1978 COM2 64 0R0 082 0.2 6.0 68.6 1.0144 0.00 0.0M
3660.000 1978 COM2 64 0R0 107 0.7 6.0 68.7 1.0145 0.00 0.0M
3720.000 1978 COM2 64 0R0 097 0.5 6.0 68.8 1.0145 0.00 0.0M
3780.000 1978 COM2 64 0R0 130 1.1 6.0 68.4 1.0145 0.00 0.0M
3840.000 1978 COM2 64 0R0 136 0.7 6.0 68.2 1.0145 0.00 0.0M
3900.000 1978 COM2 64 0R0 140 1.0 6.0 68.5 1.0145 0.00 0.0M
3960.000 1978 COM2 64 0R0 116 0.4 6.1 68.3 1.0145 0.00 0.0M
4020.000 1978 COM2 64 0R0 141 0.4 6.1 68.3 1.0145 0.00 0.0M
4080.000 1978 COM2 64 0R0 149 0.5 6.1 68.1 1.0145 0.00 0.0M
4140.000 1978 COM2 64 0R0 100 0.5 6.2 67.8 1.0145 0.00 0.0M
4200.000 1978 COM2 64 0R0 100 1.8 6.2 68.0 1.0145 0.00 0.0M
4260.000 1978 COM2 64 0R0 166 0.7 6.2 68.0 1.0146 0.00 0.0M
4320.000 1978 COM2 64 0R0 110 0.8 6.2 68.1 1.0146 0.00 0.0M
4380.000 1978 COM2 64 0R0 145 0.6 6.2 68.1 1.0146 0.00 0.0M
4440.000 1978 COM2 64 0R0 133 0.9 6.2 67.8 1.0146 0.00 0.0M
4500.000 1978 COM2 64 0R0 129 0.6 6.2 67.9 1.0146 0.00 0.0M
4560.000 1978 COM2 64 0R0 137 1.2 6.2 67.8 1.0147 0.00 0.0M
4620.000 1978 COM2 64 0R0 130 1.3 6.2 67.5 1.0147 0.00 0.0M
4680.000 1978 COM2 64 0R0 124 1.0 6.2 67.7 1.0147 0.00 0.0M
4740.000 1978 COM2 64 0R0 130 2.0 6.2 67.8 1.0147 0.00 0.0M
4800.000 1978 COM2 64 0R0 125 1.9 6.1 67.8 1.0147 0.00 0.0M
4860.000 1978 COM2 64 0R0 114 1.9 6.0 68.2 1.0147 0.00 0.0M
4920.000 1978 COM2 64 0R0 129 0.7 5.9 68.5 1.0147 0.00 0.0M
4980.000 1978 COM2 64 0R0 080 1.2 5.9 68.7 1.0147 0.00 0.0M
5040.000 1978 COM2 64 0R0 122 0.6 5.9 68.8 1.0146 0.00 0.0M
5100.000 1978 COM2 64 0R0 101 0.4 5.9 68.8 1.0146 0.00 0.0M
5160.000 1978 COM2 64 0R0 133 0.5 6.0 68.7 1.0146 0.00 0.0M
5220.000 1978 COM2 64 0R0 106 1.0 6.0 68.8 1.0146 0.00 0.0M
5280.000 1978 COM2 64 0R0 127 0.8 6.0 68.5 1.0146 0.00 0.0M
5340.000 1978 COM2 64 0R0 126 0.5 6.1 68.3 1.0146 0.00 0.0M
5400.000 1978 COM2 64 0R0 131 1.1 6.1 68.4 1.0147 0.00 0.0M
5460.000 1978 COM2 64 0R0 112 0.6 6.1 68.3 1.0147 0.00 0.0M
5520.000 1978 COM2 64 0R0 117 1.3 6.1 68.2 1.0147 0.00 0.0M
5580.000 1978 COM2 64 0R0 102 1.5 6.1 68.2 1.0147 0.00 0.0M
5640.000 1978 COM2 64 0R0 063 0.2 6.1 68.5 1.0148 0.00 0.0M
5700.000 1978 COM2 64 0R0 161 0.6 6.1 68.3 1.0148 0.00 0.0M
5760.000 1978 COM2 64 0R0 215 0.4 6.1 68.3 1.0147 0.00 0.0M
5820.000 1978 COM2 64 0R0 147 0.7 6.1 68.4 1.0147 0.00 0.0M
5880.000 1978 COM2 64 0R0 112 0.6 6.1 68.3 1.0147 0.00 0.0M
5940.000 1978 COM2 64 0R0 131 0.7 6.1 68.3 1.0147 0.00 0.0M
6000.000 1978 COM2 64 0R0 126 1.4 6.1 68.2 1.0147 0.00 0.0M
6060.000 1978 COM2 64 0R0 122 0.6 6.1 68.1 1.0147 0.00 0.0M
6120.000 1978 COM2 64 0R0 112 1.1 6.1 68.3 1.0146 0.00 0.0M
6180.000 1978 COM2 64 0R0 107 0.7 6.1 68.3 1.0146 0.00 0.0M
6240.000 1978 COM2 64 0R0 096 1.5 6.1 68.5 1.0146 0.00 0.0M
6300.000 1978 COM2 64 0R0 141 0.5 6.1 68.5 1.0146 0.00 0.0M
6360.000 1978 COM2 64 0R0 151 1.6 6.1 68.4 1.0146 0.00 0.0M
6420.000 1978 COM2 64 0R0 179 0.8 6.1 68.4 1.0145 0.00 0.0M
6480.000 1978 COM2 64 0R0 095 0.3 6.1 68.4 1.0145 0.00 0.0M
6540.000 1978 COM2 64 0R0 138 1.5 6.1 68.3 1.0145 0.00 0.0M
6600.000 1978 COM2 64 0R0 131 1.3 6.1 68.2 1.0145 0.00 0.0M
6660.000 1978 COM2 64 0R0 118 0.5 6.1 68.4 1.0145 0.00 0.0M
6720.000 1978 COM2 64 0R0 135 0.5 6.1 68.4 1.0145 0.00 0.0M
6780.000 1978 COM2 64 0R0 119 1.6 6.1 68.5 1.0145 0.00 0.0M
6840.000 1978 COM2 64 0R0 109 0.7 6.1 68.5 1.0145 0.00 0.0M
6900.000 1978 COM2 64 0R0 110 1.0 6.1 68.5 1.0145 0.00 0.0M
6960.000 1978 COM2 64 0R0 107 1.1 6.1 68.5 1.0145 0.00 0.0M
7020.000 1978 COM2 64 0R0 093 1.3 6.1 68.0 1.0144 0.00 0.0M
7080.000 1978 COM2 64 0R0 097 1.5 6.2 68.1 1.0144 0.00 0.0M
7140.000 1978 COM2 64 0R0 108 0.8 6.2 67.9 1.0144 0.00 0.0M
7200.000 1978 COM2 64 0R0 092 0.5 6.2 68.2 1.0144 0.00 0.0M
7260.000 1978 COM2 64 0R0 135 0.6 6.2 68.3 1.0144 0.00 0.0M
7320.000 1978 COM2 64 0R0 145 1.8 6.2 68.2 1.0144 0.00 0.0M
7380.000 1978 COM2 64 0R0 094 1.1 6.2 67.6 1.0144 0.00 0.0M
7440.000 1978 COM2 64 0R0 103 1.0 6.2 68.0 1.0144 0.00 0.0M
7500.000 1978 COM2 64 0R0 086 0.2 6.2 67.9 1.0144 0.00 0.0M
7560.000 1978 COM2 64 0R0 077 0.6 6.1 68.4 1.0144 0.00 0.0M
7620.000 1978 COM2 64 0R0 143 0.6 6.1 68.0 1.0143 0.00 0.0M
7680.000 1978 COM2 64 0R0 098 0.9 6.1 68.3 1.0143 0.00 0.0M
7740.000 1978 COM2 64 0R0 132 0.5 6.1 68.3 1.0143 0.00 0.0M
7800.000 1978 COM2 64 0R0 121 0.7 6.1 68.4 1.0142 0.00 0.0M
7860.000 1978 COM2 64 0R0 213 0.2 6.1 68.3 1.0142 0.00 0.0M
7920.000 1978 COM2 64 0R0 267 0.2 6.1 68.5 1.0142 0.00 0.0M
7980.000 1978 COM2 64 0R0 293 0.3 6.1 68.2 1.0142 0.00 0.0M
8040.000 1978 COM2 64 0R0 149 0.5 6.2 68.0 1.0142 0.00 0.0M
8100.000 1978 COM2 64 0R0 177 0.3 6.2 68.3 1.0142 0.00 0.0M
8160.000 1978 COM2 64 0R0 123 0.6 6.2 68.2 1.0142 0.00 0.0M
8220.000 1978 COM2 64 0R0 133 0.6 6.2 68.3 1.0142 0.00 0.0M
8280.000 1978 COM2 64 0R0 150 0.6 6.2 68.1 1.0142 0.00 0.0M
8340.000 1978 COM2 64 0R0 095 0.9 6.2 67.8 1.0142 0.00 0.0M
8400.000 1978 COM2 64 0R0 114 1.1 6.2 67.9 1.0142 0.00 0.0M
8460.000 1978 COM2 64 0R0 123 0.6 6.2 68.0 1.0141 0.00 0.0M
8520.000 1978 COM2 64 0R0 075 0.3 6.2 68.2 1.0141 0.00 0.0M
8580.000 1978 COM2 64 0R0 091 0.8 6.2 68.1 1.0141 0.00 0.0M
8640.000 1978 COM2 64 0R0 138 0.3 6.3 67.8 1.0142 0.00 0.0M
8700.000 1978 COM2 64 0R0 116 1.2 6.3 67.8 1.0142 0.00 0.0M
8760.000 1978 COM2 64 0R0 276 0.2 6.3 67.9 1.0142 0.00 0.0M
8820.000 1978 COM2 64 0R0 143 0.6 6.3 68.2 1.0142 0.00 0.0M
8880.000 1978 COM2 64 0R0 123 0.3 6.3 67.9 1.0142 0.00 0.0M
8940.000 1978 COM2 64 0R0 158 0.3 6.3 67.5 1.0142 0.00 0.0M
9000.000 1978 COM2 64 0R0 248 0.3 6.3 68.0 1.0142 0.00 0.0M
9060.000 1978 COM2 64 0R0 089 0.7 6.2 68.0 1.0142 0.00 0.0M
9120.000 1978 COM2 64 0R0 221 0.3 6.2 68.3 1.0142 0.00 0.0M
9180.000 1978 COM2 64 0R0 140 0.5 6.2 68.5 1.0142 0.00 0.0M
9240.000 1978 COM2 64 0R0 145 0.3 6.2 68.4 1.0142 0.00 0.0M
9300.000 1978 COM2 64 0R0 179 0.6 6.2 68.4 1.0142 0.00 0.0M
9360.000 1978 COM2 64 0R0 120 0.6 6.2 68.2 1.0143 0.00 0.0M
9420.000 1978 COM2 64 0R0 027 0.1 6.2 68.1 1.0143 0.00 0.0M
9480.000 1978 COM2 64 0R0 178 0.4 6.3 68.2 1.0143 0.00 0.0M
9540.000 1978 COM2 64 0R0 148 0.1 6.3 68.1 1.0144 0.00 0.0M
9600.000 1978 COM2 64 0R0 106 0.2 6.3 68.1 1.0144 0.00 0.0M
9660.000 1978 COM2 64 0R0 015 0.3 6.3 68.0 1.0144 0.00 0.0M
9720.000 1978 COM2 64 0R0 043 0.5 6.3 68.2 1.0145 0.00 0.0M
9780.000 1978 COM2 64 0R0 236 0.2 6.3 68.1 1.0145 0.00 0.0M
9840.000 1978 COM2 64 0R0 110 0.1 6.3 68.1 1.0145 0.00 0.0M
9900.000 1978 COM2 64 0R0 242 0.2 6.2 68.2 1.0145 0.00 0.0M
9960.000 1978 COM2 64 0R0 231 0.3 6.2 68.5 1.0145 0.00 0.0M
10020.000 1978 COM2 64 0R0 242 0.3 6.1 68.9 1.0145 0.00 0.0M
10080.000 1978 COM2 64 0R0 231 0.3 6.1 69.0 1.0145 0.00 0.0M
10140.000 1978 COM2 64 0R0 026 0.3 6.1 69.2 1.0145 0.00 0.0M
10200.000 1978 COM2 64 0R0 284 0.5 6.0 69.1 1.0145 0.00 0.0M
10260.000 1978 COM2 64 0R0 163 0.1 6.0 69.5 1.0145 0.00 0.0M
10320.000 1978 COM2 64 0R0 099 0.2 6.0 69.5 1.0145 0.00 0.0M
10380.000 1978 COM2 64 0R0 277 0.1 6.0 69.7 1.0145 0.00 0.0M
10440.000 1978 COM2 64 0R0 230 0.5 6.0 69.7 1.0145 0.00 0.0M
10500.000 1978 COM2 64 0R0 129 0.9 5.9 70.0 1.0145 0.00 0.0M
10560.000 1978 COM2 64 0R0 080 0.3 5.9 70.0 1.0145 0.00 0.0M
10620.000 1978 COM2 64 0R0 089 0.4 5.9 70.0 1.0145 0.00 0.0M
10680.000 1978 COM2 64 0R0 121 0.4 5.9 70.0 1.0145 0.00 0.0M
10740.000 1978 COM2 64 0R0 136 0.3 6.0 70.2 1.0145 0.00 0.0M
10800.000 1978 COM2 64 0R0 145 0.1 6.0 69.7 1.0145 0.00 0.0M
10860.000 1978 COM2 64 0R0 010 0.4 6.0 69.6 1.0145 0.00 0.0M
10920.000 1978 COM2 64 0R0 222 0.3 6.0 69.7 1.0145 0.00 0.0M
10980.000 1978 COM2 64 0R0 119 0.4 6.0 70.0 1.0145 0.00 0.0M
11040.000 1978 COM2 64 0R0 249 0.4 6.0 69.9 1.0145 0.00 0.0M
11100.000 1978 COM2 64 0R0 127 0.5 6.1 69.8 1.0145 0.00 0.0M
11160.000 1978 COM2 64 0R0 073 0.2 6.1 69.5 1.0145 0.00 0.0M
11220.000 1978 COM2 64 0R0 067 0.7 6.1 69.2 1.0145 0.00 0.0M
11280.000 1978 COM2 64 0R0 060 0.1 6.0 69.4 1.0145 0.00 0.0M
11340.000 1978 COM2 64 0R0 352 0.5 6.0 69.5 1.0145 0.00 0.0M
11400.000 1978 COM2 64 0R0 116 0.2 5.9 69.9 1.0145 0.00 0.0M
11460.000 1978 COM2 64 0R0 050 0.2 5.9 69.8 1.0145 0.00 0.0M
11520.000 1978 COM2 64 0R0 027 0.9 5.9 69.8 1.0145 0.00 0.0M
11580.000 1978 COM2 64 0R0 065 0.7 5.8 70.0 1.0145 0.00 0.0M
11640.000 1978 COM2 64 0R0 034 0.5 5.8 70.3 1.0144 0.00 0.0M
11700.000 1978 COM2 64 0R0 075 0.4 5.7 70.4 1.0144 0.00 0.0M
11760.000 1978 COM2 64 0R0 017 0.6 5.7 70.6 1.0144 0.00 0.0M
11820.000 1978 COM2 64 0R0 149 0.1 5.7 70.7 1.0144 0.00 0.0M
11880.000 1978 COM2 64 0R0 305 0.2 5.7 70.6 1.0144 0.00 0.0M
11940.000 1978 COM2 64 0R0 074 0.3 5.7 70.7 1.0144 0.00 0.0M
12000.000 1978 COM2 64 0R0 152 0.2 5.8 70.8 1.0144 0.00 0.0M
12060.000 1978 COM2 64 0R0 148 0.5 5.8 70.8 1.0144 0.00 0.0M
12120.000 1978 COM2 64 0R0 343 0.4 5.8 70.3 1.0144 0.00 0.0M
12180.000 1978 COM2 64 0R0 249 0.1 5.8 70.6 1.0144 0.00 0.0M
12240.000 1978 COM2 64 0R0 344 0.2 5.8 70.5 1.0144 0.00 0.0M
12300.000 1978 COM2 64 0R0 176 0.7 5.8 70.5 1.0144 0.00 0.0M
12360.000 1978 COM2 64 0R0 262 0.2 5.7 70.7 1.0144 0.00 0.0M
12420.000 1978 COM2 64 0R0 122 0.3 5.7 71.0 1.0144 0.00 0.0M
12480.000 1978 COM2 64 0R0 174 0.7 5.7 70.7 1.0144 0.00 0.0M
12540.000 1978 COM2 64 0R0 112 0.3 5.7 70.7 1.0144 0.00 0.0M
12600.000 1978 COM2 64 0R0 153 0.2 5.8 70.6 1.0144 0.00 0.0M
12660.000 1978 COM2 64 0R0 296 0.4 5.8 70.7 1.0144 0.00 0.0M
12720.000 1978 COM2 64 0R0 033 0.3 5.8 70.6 1.0144 0.00 0.0M
12780.000 1978 COM2 64 0R0 008 0.5 5.7 70.7 1.0144 0.00 0.0M
12840.000 1978 COM2 64 0R0 184 0.1 5.7 70.9 1.0144 0.00 0.0M
12900.000 1978 COM2 64 0R0 233 0.2 5.7 71.0 1.0144 0.00 0.0M
12960.000 1978 COM2 64 0R0 274 0.2 5.7 71.1 1.0144 0.00 0.0M
13020.000 1978 COM2 64 0R0 087 0.3 5.7 71.2 1.0144 0.00 0.0M
13080.000 1978 COM2 64 0R0 010 0.3 5.7 71.1 1.0144 0.00 0.0M
13140.000 1978 COM2 64 0R0 017 0.3 5.7 71.2 1.0144 0.00 0.0M
13200.000 1978 COM2 64 0R0 101 0.4 5.7 71.1 1.0144 0.00 0.0M
13260.000 1978 COM2 64 0R0 029 0.1 5.8 70.7 1.0144 0.00 0.0M
13320.000 1978 COM2 64 0R0 201 0.4 5.8 70.5 1.0144 0.00 0.0M
13380.000 1978 COM2 64 0R0 185 0.2 5.8 71.2 1.0143 0.00 0.0M
13440.000 1978 COM2 64 0R0 098 0.9 5.8 70.8 1.0143 0.00 0.0M
13500.000 1978 COM2 64 0R0 338 0.2 5.8 70.7 1.0143 0.00 0.0M
13560.000 1978 COM2 64 0R0 089 0.2 5.8 70.8 1.0143 0.00 0.0M
13620.000 1978 COM2 64 0R0 214 0.4 5.8 70.4 1.0143 0.00 0.0M
13680.000 1978 COM2 64 0R0 049 0.6 5.8 70.5 1.0143 0.00 0.0M
13740.000 1978 COM2 64 0R0 046 1.1 5.8 70.5 1.0143 0.00 0.0M
13800.000 1978 COM2 64 0R0 132 0.3 5.8 70.7 1.0142 0.00 0.0M
13860.000 1978 COM2 64 0R0 066 0.4 5.7 70.7 1.0142 0.00 0.0M
13920.000 1978 COM2 64 0R0 080 1.3 5.7 70.8 1.0142 0.00 0.0M
13980.000 1978 COM2 64 0R0 068 0.8 5.7 70.8 1.0142 0.00 0.0M
14040.100 1978 COM2 64 0R0 224 0.2 5.7 70.9 1.0142 0.00 0.0M
14100.000 1978 COM2 64 0R0 167 0.2 5.6 71.0 1.0142 0.00 0.0M
14160.100 1978 COM2 64 0R0 048 0.4 5.6 71.1 1.0143 0.00 0.0M
14220.000 1978 COM2 64 0R0 017 0.6 5.6 71.1 1.0143 0.00 0.0M
14280.100 1978 COM2 64 0R0 064 0.4 5.5 71.2 1.0143 0.00 0.0M
14340.000 1978 COM2 64 0R0 037 0.6 5.5 71.3 1.0143 0.00 0.0M
14400.000 1978 COM2 64 0R0 017 0.4 5.5 71.6 1.0143 0.00 0.0M
14460.000 1978 COM2 64 0R0 145 0.3 5.4 71.6 1.0143 0.00 0.0M
14520.000 1978 COM2 64 0R0 332 0.3 5.4 71.5 1.0143 0.00 0.0M
14580.000 1978 COM2 64 0R0 051 0.5 5.4 71.8 1.0143 0.00 0.0M
14640.000 1978 COM2 64 0R0 085 0.4 5.4 72.1 1.0143 0.00 0.0M
14700.000 1978 COM2 64 0R0 024 0.9 5.4 72.0 1.0143 0.00 0.0M
14760.000 1978 COM2 64 0R0 354 0.6 5.4 72.0 1.0144 0.00 0.0M
14820.000 1978 COM2 64 0R0 135 0.3 5.4 72.0 1.0144 0.00 0.0M
14880.000 1978 COM2 64 0R0 035 1.1 5.4 72.0 1.0144 0.00 0.0M
14940.000 1978 COM2 64 0R0 034 1.2 5.4 71.9 1.0144 0.00 0.0M
15000.000 1978 COM2 64 0R0 002 0.7 5.4 71.9 1.0144 0.00 0.0M
15060.000 1978 COM2 64 0R0 014 0.3 5.4 71.8 1.0144 0.00 0.0M
15120.000 1978 COM2 64 0R0 023 0.5 5.4 71.9 1.0145 0.00 0.0M
15180.000 1978 COM2 64 0R0 045 0.6 5.3 72.1 1.0145 0.00 0.0M
15240.000 1978 COM2 64 0R0 051 0.9 5.3 72.2 1.0145 0.00 0.0M
15300.000 1978 COM2 64 0R0 350 0.5 5.2 72.5 1.0145 0.00 0.0M
15360.000 1978 COM2 64 0R0 024 1.4 5.3 72.7 1.0145 0.00 0.0M
15420.000 1978 COM2 64 0R0 024 1.0 5.3 72.6 1.0145 0.00 0.0M
15480.000 1978 COM2 64 0R0 092 1.2 5.3 73.0 1.0145 0.00 0.0M
15540.000 1978 COM2 64 0R0 015 0.3 5.3 72.5 1.0145 0.00 0.0M
15600.000 1978 COM2 64 0R0 088 0.5 5.3 72.3 1.0146 0.00 0.0M
15660.000 1978 COM2 64 0R0 015 1.1 5.3 72.1 1.0146 0.00 0.0M
15720.000 1978 COM2 64 0R0 036 0.7 5.3 72.3 1.0146 0.00 0.0M
15780.000 1978 COM2 64 0R0 029 0.6 5.3 72.4 1.0146 0.00 0.0M
15840.000 1978 COM2 64 0R0 011 0.3 5.3 72.8 1.0146 0.00 0.0M
15900.000 1978 COM2 64 0R0 081 0.3 5.3 72.6 1.0146 0.00 0.0M
15960.000 1978 COM2 64 0R0 000 0.5 5.3 72.7 1.0146 0.00 0.0M
16020.000 1978 COM2 64 0R0 059 0.7 5.3 72.4 1.0147 0.00 0.0M
16080.000 1978 COM2 64 0R0 014 1.0 5.2 72.3 1.0147 0.00 0.0M
16140.000 1978 COM2 64 0R0 025 0.8 5.2 72.5 1.0146 0.00 0.0M
16200.000 1978 COM2 64 0R0 352 0.2 5.1 72.6 1.0146 0.00 0.0M
16260.000 1978 COM2 64 0R0 348 0.4 5.1 72.7 1.0146 0.00 0.0M
16320.000 1978 COM2 64 0R0 017 0.4 5.1 72.8 1.0146 0.00 0.0M
16380.000 1978 COM2 64 0R0 024 1.2 5.0 72.9 1.0146 0.00 0.0M
16440.000 1978 COM2 64 0R0 046 0.7 5.0 73.1 1.0146 0.00 0.0M
16500.000 1978 COM2 64 0R0 025 0.5 5.0 73.3 1.0146 0.00 0.0M
16560.000 1978 COM2 64 0R0 118 0.3 5.0 73.4 1.0147 0.00 0.0M
16620.000 1978 COM2 64 0R0 011 0.6 5.0 73.4 1.0147 0.00 0.0M
16680.000 1978 COM2 64 0R0 321 0.4 5.1 73.1 1.0147 0.00 0.0M
16740.000 1978 COM2 64 0R0 324 0.7 5.1 73.0 1.0147 0.00 0.0M
16800.000 1978 COM2 64 0R0 352 0.7 5.1 73.2 1.0147 0.00 0.0M
16860.000 1978 COM2 64 0R0 348 0.7 5.1 73.2 1.0147 0.00 0.0M
16920.000 1978 COM2 64 0R0 336 1.6 5.1 73.3 1.0148 0.00 0.0M
16980.000 1978 COM2 64 0R0 056 0.9 5.1 73.0 1.0148 0.00 0.0M
17040.000 1978 COM2 64 0R0 308 0.5 5.1 73.0 1.0148 0.00 0.0M
17100.000 1978 COM2 64 0R0 353 0.6 5.1 72.9 1.0148 0.00 0.0M
17160.000 1978 COM2 64 0R0 039 0.9 5.2 72.8 1.0147 0.00 0.0M
17220.000 1978 COM2 64 0R0 065 0.7 5.2 72.9 1.0147 0.00 0.0M
17280.000 1978 COM2 64 0R0 025 1.3 5.2 72.7 1.0147 0.00 0.0M
17340.000 1978 COM2 64 0R0 043 1.3 5.2 72.8 1.0146 0.00 0.0M
17400.000 1978 COM2 64 0R0 009 0.7 5.2 72.8 1.0146 0.00 0.0M
17460.000 1978 COM2 64 0R0 087 0.5 5.2 73.0 1.0146 0.00 0.0M
17520.000 1978 COM2 64 0R0 053 1.0 5.2 72.9 1.0146 0.00 0.0M
17580.000 1978 COM2 64 0R0 021 0.6 5.2 73.1 1.0146 0.00 0.0M
17640.000 1978 COM2 64 0R0 037 0.8 5.2 73.1 1.0146 0.00 0.0M
17700.000 1978 COM2 64 0R0 052 0.2 5.2 73.2 1.0145 0.00 0.0M
17760.000 1978 COM2 64 0R0 050 0.8 5.2 73.3 1.0145 0.00 0.0M
17820.000 1978 COM2 64 0R0 128 0.4 5.2 73.2 1.0145 0.00 0.0M
17880.000 1978 COM2 64 0R0 064 0.3 5.2 73.1 1.0145 0.00 0.0M
17940.000 1978 COM2 64 0R0 031 0.9 5.2 73.0 1.0145 0.00 0.0M
18000.000 1978 COM2 64 0R0 033 1.6 5.2 73.3 1.0145 0.00 0.0M
18060.000 1978 COM2 64 0R0 009 0.4 5.2 73.2 1.0144 0.00 0.0M
18120.000 1978 COM2 64 0R0 100 0.3 5.2 73.3 1.0144 0.00 0.0M
18180.000 1978 COM2 64 0R0 081 0.6 5.2 73.1 1.0144 0.00 0.0M
18240.000 1978 COM2 64 0R0 045 1.1 5.2 73.1 1.0145 0.00 0.0M
18300.000 1978 COM2 64 0R0 024 0.4 5.2 73.2 1.0145 0.00 0.0M
18360.000 1978 COM2 64 0R0 072 0.9 5.2 73.2 1.0145 0.00 0.0M
18420.000 1978 COM2 64 0R0 052 0.5 5.2 73.2 1.0145 0.00 0.0M
18480.000 1978 COM2 64 0R0 069 0.9 5.2 73.2 1.0145 0.00 0.0M
18540.000 1978 COM2 64 0R0 076 0.4 5.3 73.1 1.0145 0.00 0.0M
18600.000 1978 COM2 64 0R0 042 0.4 5.3 73.0 1.0145 0.00 0.0M
18660.000 1978 COM2 64 0R0 347 0.7 5.3 72.9 1.0146 0.00 0.0M
18720.000 1978 COM2 64 0R0 341 1.3 5.3 72.7 1.0146 0.00 0.0M
18780.000 1978 COM2 64 0R0 350 0.6 5.3 72.8 1.0146 0.00 0.0M
18840.000 1978 COM2 64 0R0 354 0.7 5.3 72.9 1.0146 0.00 0.0M
18900.000 1978 COM2 64 0R0 339 0.2 5.3 72.8 1.0146 0.00 0.0M
18960.000 1978 COM2 64 0R0 295 0.3 5.3 72.9 1.0145 0.00 0.0M
19020.000 1978 COM2 64 0R0 038 0.4 5.2 72.9 1.0145 0.00 0.0M
19080.000 1978 COM2 64 0R0 071 0.7 5.2 72.8 1.0145 0.00 0.0M
19140.000 1978 COM2 64 0R0 040 0.5 5.2 72.7 1.0144 0.00 0.0M
19200.000 1978 COM2 64 0R0 042 0.6 5.2 72.8 1.0144 0.00 0.0M
19260.000 1978 COM2 64 0R0 042 0.9 5.2 72.9 1.0143 0.00 0.0M
19320.000 1978 COM2 64 0R0 082 0.3 5.2 72.6 1.0142 0.00 0.0M
19380.000 1978 COM2 64 0R0 082 1.2 5.1 73.0 1.0140 0.00 0.0M
19440.000 1978 COM2 64 0R0 121 0.6 5.1 72.8 1.0139 0.00 0.0M
19500.000 1978 COM2 64 0R0 164 0.4 5.1 73.1 1.0138 0.00 0.0M
19560.000 1978 COM2 64 0R0 072 0.4 5.1 72.8 1.0137 0.00 0.0M
19620.000 1978 COM2 64 0R0 096 0.4 5.1 72.6 1.0137 0.00 0.0M
19680.000 1978 COM2 64 0R0 113 0.3 5.1 72.6 1.0137 0.00 0.0M
19740.000 1978 COM2 64 0R0 000 0.2 5.1 72.7 1.0137 0.00 0.0M
19800.000 1978 COM2 64 0R0 036 0.4 5.0 72.7 1.0138 0.00 0.0M
19860.000 1978 COM2 64 0R0 031 0.7 5.0 72.7 1.0138 0.00 0.0M
19920.000 1978 COM2 64 0R0 077 0.5 4.9 73.2 1.0139 0.00 0.0M
19980.000 1978 COM2 64 0R0 120 0.3 4.8 73.6 1.0139 0.00 0.0M
20040.000 1978 COM2 64 0R0 044 0.9 4.7 73.9 1.0139 0.00 0.0M
20100.000 1978 COM2 64 0R0 045 0.8 4.7 74.1 1.0138 0.00 0.0M
20160.000 1978 COM2 64 0R0 025 0.6 4.6 74.6 1.0138 0.00 0.0M
20220.000 1978 COM2 64 0R0 342 0.4 4.6 74.8 1.0138 0.00 0.0M
20280.000 1978 COM2 64 0R0 016 0.4 4.6 75.3 1.0139 0.00 0.0M
20340.000 1978 COM2 64 0R0 027 0.9 4.6 75.6 1.0139 0.00 0.0M
20400.000 1978 COM2 64 0R0 015 0.9 4.6 75.6 1.0139 0.00 0.0M
20460.000 1978 COM2 64 0R0 024 1.0 4.7 75.6 1.0138 0.00 0.0M
20520.000 1978 COM2 64 0R0 024 1.4 4.7 75.2 1.0138 0.00 0.0M
20580.000 1978 COM2 64 0R0 023 1.5 4.7 74.9 1.0137 0.00 0.0M
20640.000 1978 COM2 64 0R0 016 0.8 4.8 74.8 1.0137 0.00 0.0M
20700.000 1978 COM2 64 0R0 358 0.6 4.8 74.8 1.0137 0.00 0.0M
20760.000 1978 COM2 64 0R0 021 1.3 4.7 74.8 1.0137 0.00 0.0M
20820.000 1978 COM2 64 0R0 323 0.9 4.7 74.9 1.0137 0.00 0.0M
20880.000 1978 COM2 64 0R0 334 0.5 4.7 74.9 1.0137 0.00 0.0M
20940.000 1978 COM2 64 0R0 017 0.3 4.7 74.9 1.0138 0.00 0.0M
21000.000 1978 COM2 64 0R0 032 1.0 4.7 74.7 1.0138 0.00 0.0M
21060.000 1978 COM2 64 0R0 082 0.3 4.7 74.7 1.0138 0.00 0.0M
21120.000 1978 COM2 64 0R0 030 0.9 4.7 74.8 1.0138 0.00 0.0M
21180.000 1978 COM2 64 0R0 029 0.7 4.7 74.8 1.0138 0.00 0.0M
21240.000 1978 COM2 64 0R0 353 0.7 4.6 74.9 1.0138 0.00 0.0M
21300.000 1978 COM2 64 0R0 033 0.7 4.6 74.9 1.0138 0.00 0.0M
21360.000 1978 COM2 64 0R0 016 0.9 4.6 75.0 1.0137 0.00 0.0M
21420.000 1978 COM2 64 0R0 019 1.5 4.6 75.2 1.0137 0.00 0.0M
21480.000 1978 COM2 64 0R0 356 0.3 4.6 75.2 1.0137 0.00 0.0M
21540.000 1978 COM2 64 0R0 018 1.6 4.6 75.5 1.0137 0.00 0.0M
21600.000 1978 COM2 64 0R0 021 1.0 4.6 75.3 1.0137 0.00 0.0M
21660.000 1978 COM2 64 0R0 040 0.9 4.6 75.4 1.0137 0.00 0.0M
21720.000 1978 COM2 64 0R0 025 0.8 4.6 75.3 1.0137 0.00 0.0M
21780.000 1978 COM2 64 0R0 007 0.6 4.6 75.5 1.0137 0.00 0.0M
21840.000 1978 COM2 64 0R0 043 1.4 4.6 75.3 1.0136 0.00 0.0M
21900.000 1978 COM2 64 0R0 061 1.3 4.6 75.4 1.0136 0.00 0.0M
21960.000 1978 COM2 64 0R0 032 1.4 4.6 75.3 1.0135 0.00 0.0M
22020.000 1978 COM2 64 0R0 072 0.5 4.6 75.3 1.0135 0.00 0.0M
22080.000 1978 COM2 64 0R0 051 0.3 4.7 75.3 1.0135 0.00 0.0M
22140.000 1978 COM2 64 0R0 058 0.8 4.7 75.2 1.0134 0.00 0.0M
22200.000 1978 COM2 64 0R0 073 1.1 4.7 75.1 1.0134 0.00 0.0M
22260.000 1978 COM2 64 0R0 071 1.0 4.7 75.0 1.0134 0.00 0.0M
22320.000 1978 COM2 64 0R0 053 0.6 4.6 75.1 1.0134 0.00 0.0M
22380.000 1978 COM2 64 0R0 022 1.0 4.6 75.1 1.0134 0.00 0.0M
22440.000 1978 COM2 64 0R0 032 1.3 4.6 75.3 1.0135 0.00 0.0M
22500.100 1978 COM2 64 0R0 050 1.4 4.5 75.4 1.0135 0.00 0.0M
22560.000 1978 COM2 64 0R0 028 1.2 4.5 75.8 1.0135 0.00 0.0M
22620.000 1978 COM2 64 0R0 030 1.7 4.5 76.0 1.0135 0.00 0.0M
22680.000 1978 COM2 64 0R0 027 1.8 4.5 76.2 1.0135 0.00 0.0M
22740.000 1978 COM2 64 0R0 038 1.6 4.5 76.3 1.0135 0.00 0.0M
22800.000 1978 COM2 64 0R0 014 1.0 4.5 76.2 1.0135 0.00 0.0M
22860.000 1978 COM2 64 0R0 006 1.1 4.5 76.3 1.0135 0.00 0.0M
22920.000 1978 COM2 64 0R0 031 1.6 4.6 76.0 1.0134 0.00 0.0M
22980.000 1978 COM2 64 0R0 035 0.9 4.6 76.1 1.0134 0.00 0.0M
23040.000 1978 COM2 64 0R0 043 1.2 4.6 76.1 1.0134 0.00 0.0M
23100.000 1978 COM2 64 0R0 040 2.1 4.6 76.1 1.0134 0.00 0.0M
23160.000 1978 COM2 64 0R0 046 1.3 4.6 75.8 1.0133 0.00 0.0M
23220.000 1978 COM2 64 0R0 033 1.7 4.6 76.1 1.0133 0.00 0.0M
23280.000 1978 COM2 64 0R0 035 0.8 4.6 75.8 1.0133 0.00 0.0M
23340.000 1978 COM2 64 0R0 120 0.2 4.6 76.0 1.0133 0.00 0.0M
23400.000 1978 COM2 64 0R0 132 0.3 4.6 75.7 1.0133 0.00 0.0M
23460.000 1978 COM2 64 0R0 359 0.9 4.6 75.7 1.0133 0.00 0.0M
23520.000 1978 COM2 64 0R0 084 0.2 4.6 75.7 1.0134 0.00 0.0M
23580.000 1978 COM2 64 0R0 029 1.7 4.6 75.8 1.0134 0.00 0.0M
23640.000 1978 COM2 64 0R0 035 1.2 4.6 76.0 1.0134 0.00 0.0M
23700.000 1978 COM2 64 0R0 012 1.3 4.6 76.0 1.0134 0.00 0.0M
23760.000 1978 COM2 64 0R0 019 1.6 4.6 76.0 1.0133 0.00 0.0M
23820.000 1978 COM2 64 0R0 037 1.0 4.6 76.3 1.0133 0.00 0.0M
23880.000 1978 COM2 64 0R0 041 2.3 4.6 76.1 1.0132 0.00 0.0M
23940.000 1978 COM2 64 0R0 047 1.2 4.7 75.8 1.0132 0.00 0.0M
24000.000 1978 COM2 64 0R0 069 1.0 4.7 75.7 1.0132 0.00 0.0M
24060.000 1978 COM2 64 0R0 021 2.1 4.7 75.5 1.0133 0.00 0.0M
24120.000 1978 COM2 64 0R0 018 2.2 4.6 75.8 1.0133 0.00 0.0M
24180.000 1978 COM2 64 0R0 355 0.6 4.6 75.6 1.0133 0.00 0.0M
24240.000 1978 COM2 64 0R0 019 2.0 4.6 75.8 1.0133 0.00 0.0M
24300.000 1978 COM2 64 0R0 037 1.3 4.6 75.6 1.0133 0.00 0.0M
24360.000 1978 COM2 64 0R0 010 0.7 4.6 75.6 1.0132 0.00 0.0M
24420.000 1978 COM2 64 0R0 013 1.7 4.6 75.9 1.0132 0.00 0.0M
24480.000 1978 COM2 64 0R0 051 0.6 4.6 75.7 1.0132 0.00 0.0M
24540.000 1978 COM2 64 0R0 024 2.4 4.6 75.8 1.0132 0.00 0.0M
24600.000 1978 COM2 64 0R0 040 0.6 4.6 75.8 1.0132 0.00 0.0M
24660.000 1978 COM2 64 0R0 353 1.1 4.6 75.8 1.0132 0.00 0.0M
24720.000 1978 COM2 64 0R0 019 2.2 4.6 75.9 1.0132 0.00 0.0M
24780.000 1978 COM2 64 0R0 029 2.0 4.6 75.8 1.0132 0.00 0.0M
24840.000 1978 COM2 64 0R0 027 1.0 4.6 75.9 1.0132 0.00 0.0M
24900.000 1978 COM2 64 0R0 031 0.8 4.5 76.0 1.0132 0.00 0.0M
24960.000 1978 COM2 64 0R0 010 1.5 4.5 76.2 1.0132 0.00 0.0M
25020.000 1978 COM2 64 0R0 013 1.1 4.5 76.1 1.0132 0.00 0.0M
25080.000 1978 COM2 64 0R0 027 2.1 4.5 76.2 1.0132 0.00 0.0M
25140.000 1978 COM2 64 0R0 027 1.6 4.5 76.3 1.0132 0.00 0.0M
25200.000 1978 COM2 64 0R0 039 1.4 4.5 76.3 1.0132 0.00 0.0M
25260.000 1978 COM2 64 0R0 042 0.8 4.5 76.6 1.0132 0.00 0.0M
25320.000 1978 COM2 64 0R0 002 1.1 4.5 76.5 1.0132 0.00 0.0M
25380.000 1978 COM2 64 0R0 035 0.7 4.5 76.4 1.0132 0.00 0.0M
25440.000 1978 COM2 64 0R0 052 0.6 4.6 76.4 1.0132 0.00 0.0M
25500.000 1978 COM2 64 0R0 024 1.1 4.6 76.2 1.0133 0.00 0.0M
25560.000 1978 COM2 64 0R0 029 1.6 4.6 76.2 1.0132 0.00 0.0M
25620.000 1978 COM2 64 0R0 011 1.2 4.6 76.3 1.0132 0.00 0.0M
25680.000 1978 COM2 64 0R0 014 0.9 4.6 76.2 1.0132 0.00 0.0M
25740.000 1978 COM2 64 0R0 033 1.3 4.6 76.3 1.0132 0.00 0.0M
25800.000 1978 COM2 64 0R0 061 0.4 4.6 76.2 1.0132 0.00 0.0M
25860.000 1978 COM2 64 0R0 034 1.1 4.6 76.2 1.0132 0.00 0.0M
25920.000 1978 COM2 64 0R0 029 1.5 4.7 76.0 1.0132 0.00 0.0M
25980.000 1978 COM2 64 0R0 030 1.3 4.7 76.0 1.0132 0.00 0.0M
26040.000 1978 COM2 64 0R0 004 1.7 4.7 76.1 1.0132 0.00 0.0M
26100.000 1978 COM2 64 0R0 025 1.1 4.6 76.1 1.0133 0.00 0.0M
26160.000 1978 COM2 64 0R0 055 0.9 4.7 76.2 1.0133 0.00 0.0M
26220.000 1978 COM2 64 0R0 357 0.4 4.7 76.3 1.0133 0.00 0.0M
26280.100 1978 COM2 64 0R0 061 1.6 4.7 76.0 1.0133 0.00 0.0M
26340.000 1978 COM2 64 0R0 028 2.2 4.7 76.1 1.0133 0.00 0.0M
26400.000 1978 COM2 64 0R0 018 1.0 4.7 76.1 1.0133 0.00 0.0M
26460.000 1978 COM2 64 0R0 032 1.6 4.7 76.2 1.0133 0.00 0.0M
26520.000 1978 COM2 64 0R0 033 1.3 4.7 76.3 1.0133 0.00 0.0M
26580.000 1978 COM2 64 0R0 063 0.9 4.7 76.3 1.0133 0.00 0.0M
26640.000 1978 COM2 64 0R0 025 1.6 4.7 76.2 1.0133 0.00 0.0M
26700.000 1978 COM2 64 0R0 026 1.3 4.7 76.3 1.0133 0.00 0.0M
26760.000 1978 COM2 64 0R0 031 0.5 4.7 76.3 1.0133 0.00 0.0M
26820.000 1978 COM2 64 0R0 094 0.9 4.7 76.3 1.0134 0.00 0.0M
26880.000 1978 COM2 64 0R0 020 1.0 4.7 76.5 1.0134 0.00 0.0M
26940.000 1978 COM2 64 0R0 044 1.2 4.7 76.6 1.0134 0.00 0.0M
27000.000 1978 COM2 64 0R0 073 0.3 4.8 76.4 1.0134 0.00 0.0M
27060.000 1978 COM2 64 0R0 012 0.5 4.8 76.4 1.0134 0.00 0.0M
27120.000 1978 COM2 64 0R0 031 0.7 4.8 76.2 1.0134 0.00 0.0M
27180.000 1978 COM2 64 0R0 328 0.6 4.9 76.0 1.0134 0.00 0.0M
27240.000 1978 COM2 64 0R0 044 0.5 4.9 76.0 1.0134 0.00 0.0M
27300.000 1978 COM2 64 0R0 017 0.8 4.9 76.0 1.0134 0.00 0.0M
27360.000 1978 COM2 64 0R0 030 0.7 4.9 75.9 1.0134 0.00 0.0M
27420.000 1978 COM2 64 0R0 027 0.8 4.9 76.0 1.0133 0.00 0.0M
27480.000 1978 COM2 64 0R0 032 1.4 4.9 76.0 1.0133 0.00 0.0M
27540.000 1978 COM2 64 0R0 037 1.1 4.8 76.1 1.0133 0.00 0.0M
27600.000 1978 COM2 64 0R0 014 1.0 4.8 76.2 1.0132 0.00 0.0M
27660.000 1978 COM2 64 0R0 041 1.1 4.8 76.4 1.0132 0.00 0.0M
27720.000 1978 COM2 64 0R0 022 2.0 4.8 76.5 1.0132 0.00 0.0M
27780.000 1978 COM2 64 0R0 031 1.7 4.8 76.6 1.0132 0.00 0.0M
27840.000 1978 COM2 64 0R0 044 0.7 4.8 76.5 1.0132 0.00 0.0M
27900.000 1978 COM2 64 0R0 033 1.2 4.8 76.6 1.0132 0.00 0.0M
27960.000 1978 COM2 64 0R0 016 1.3 4.8 76.6 1.0131 0.00 0.0M
28020.000 1978 COM2 64 0R0 075 0.5 4.8 76.6 1.0132 0.00 0.0M
28080.000 1978 COM2 64 0R0 037 1.7 4.8 76.6 1.0132 0.00 0.0M
28140.000 1978 COM2 64 0R0 022 1.5 4.8 76.6 1.0132 0.00 0.0M
28200.000 1978 COM2 64 0R0 349 0.7 4.8 76.5 1.0132 0.00 0.0M
28260.000 1978 COM2 64 0R0 020 1.4 4.8 76.4 1.0132 0.00 0.0M
28320.000 1978 COM2 64 0R0 012 1.5 4.8 76.6 1.0132 0.00 0.0M
28380.000 1978 COM2 64 0R0 001 0.4 4.8 76.7 1.0132 0.00 0.0M
28440.000 1978 COM2 64 0R0 024 0.5 4.8 76.5 1.0132 0.00 0.0M
28500.000 1978 COM2 64 0R0 324 0.7 4.9 76.6 1.0133 0.00 0.0M
28560.000 1978 COM2 64 0R0 023 0.5 4.9 76.6 1.0133 0.00 0.0M
28620.000 1978 COM2 64 0R0 319 0.4 4.9 76.5 1.0133 0.00 0.0M
28680.000 1978 COM2 64 0R0 015 0.5 5.0 76.4 1.0133 0.00 0.0M
28740.000 1978 COM2 64 0R0 023 1.0 5.0 76.3 1.0133 0.00 0.0M
28800.000 1978 COM2 64 0R0 037 1.2 5.0 76.1 1.0133 0.00 0.0M
28860.000 1978 COM2 64 0R0 024 1.4 5.0 76.2 1.0133 0.00 0.0M
28920.000 1978 COM2 64 0R0 044 1.3 5.0 76.1 1.0133 0.00 0.0M
28980.000 1978 COM2 64 0R0 098 0.7 5.0 76.3 1.0133 0.00 0.0M
29040.000 1978 COM2 64 0R0 027 0.9 5.0 76.3 1.0133 0.00 0.0M
29100.100 1978 COM2 64 0R0 264 0.4 5.0 76.5 1.0133 0.00 0.0M
29160.100 1978 COM2 64 0R0 120 0.4 5.0 76.2 1.0133 0.00 0.0M
29220.000 1978 COM2 64 0R0 322 0.5 5.0 76.3 1.0132 0.00 0.0M
29280.000 1978 COM2 64 0R0 011 0.5 5.0 76.2 1.0132 0.00 0.0M
29340.000 1978 COM2 64 0R0 041 0.5 5.1 75.9 1.0132 0.00 0.0M
29400.000 1978 COM2 64 0R0 337 1.0 5.1 75.8 1.0132 0.00 0.0M
29460.000 1978 COM2 64 0R0 011 0.6 5.1 75.8 1.0133 0.00 0.0M
29520.000 1978 COM2 64 0R0 002 0.6 5.0 75.7 1.0133 0.00 0.0M
29580.000 1978 COM2 64 0R0 065 0.4 5.0 75.7 1.0133 0.00 0.0M
29640.000 1978 COM2 64 0R0 313 0.3 5.0 75.6 1.0133 0.00 0.0M
29700.000 1978 COM2 64 0R0 345 1.3 5.0 75.8 1.0133 0.00 0.0M
29760.000 1978 COM2 64 0R0 341 0.9 5.0 75.7 1.0133 0.00 0.0M
29820.000 1978 COM2 64 0R0 010 0.8 5.0 75.4 1.0133 0.00 0.0M
29880.000 1978 COM2 64 0R0 024 0.5 5.0 75.6 1.0133 0.00 0.0M
29940.000 1978 COM2 64 0R0 291 0.5 5.0 75.5 1.0133 0.00 0.0M
30000.000 1978 COM2 64 0R0 327 0.9 5.0 75.7 1.0133 0.00 0.0M
30060.000 1978 COM2 64 0R0 326 1.1 5.0 75.4 1.0133 0.00 0.0M
30120.000 1978 COM2 64 0R0 059 0.7 5.0 75.3 1.0133 0.00 0.0M
30180.000 1978 COM2 64 0R0 028 0.8 5.0 75.1 1.0133 0.00 0.0M
30240.000 1978 COM2 64 0R0 006 0.9 5.0 75.1 1.0133 0.00 0.0M
30300.000 1978 COM2 64 0R0 334 0.8 5.0 75.1 1.0133 0.00 0.0M
30360.000 1978 COM2 64 0R0 022 1.3 4.9 75.2 1.0133 0.00 0.0M
30420.000 1978 COM2 64 0R0 032 1.3 4.9 75.2 1.0133 0.00 0.0M
30480.000 1978 COM2 64 0R0 039 1.3 4.9 75.0 1.0133 0.00 0.0M
30540.000 1978 COM2 64 0R0 002 0.4 4.8 75.4 1.0133 0.00 0.0M
30600.000 1978 COM2 64 0R0 353 0.7 4.8 75.6 1.0133 0.00 0.0M
30660.000 1978 COM2 64 0R0 006 1.0 4.8 75.4 1.0133 0.00 0.0M
30720.000 1978 COM2 64 0R0 303 0.4 4.7 75.4 1.0133 0.00 0.0M
30780.000 1978 COM2 64 0R0 036 0.9 4.8 75.7 1.0133 0.00 0.0M
30840.000 1978 COM2 64 0R0 055 0.4 4.8 75.6 1.0133 0.00 0.0M
30900.000 1978 COM2 64 0R0 010 0.7 4.8 75.2 1.0133 0.00 0.0M
30960.000 1978 COM2 64 0R0 043 0.7 4.7 75.2 1.0133 0.00 0.0M
31020.000 1978 COM2 64 0R0 004 0.8 4.7 75.5 1.0133 0.00 0.0M
31080.000 1978 COM2 64 0R0 344 0.7 4.7 75.7 1.0133 0.00 0.0M
31140.000 1978 COM2 64 0R0 059 0.5 4.7 75.3 1.0133 0.00 0.0M
31200.000 1978 COM2 64 0R0 009 0.7 4.7 75.6 1.0133 0.00 0.0M
31260.000 1978 COM2 64 0R0 346 1.0 4.7 75.4 1.0133 0.00 0.0M
31320.000 1978 COM2 64 0R0 016 0.9 4.6 75.6 1.0133 0.00 0.0M
31380.000 1978 COM2 64 0R0 051 0.4 4.6 75.5 1.0133 0.00 0.0M
31440.000 1978 COM2 64 0R0 024 0.6 4.6 76.0 1.0133 0.00 0.0M
31500.000 1978 COM2 64 0R0 098 0.6 4.7 76.0 1.0134 0.00 0.0M
31560.000 1978 COM2 64 0R0 035 1.4 4.7 75.7 1.0134 0.00 0.0M
31620.000 1978 COM2 64 0R0 024 0.7 4.7 75.5 1.0134 0.00 0.0M
31680.000 1978 COM2 64 0R0 045 0.5 4.7 75.6 1.0134 0.00 0.0M
31740.000 1978 COM2 64 0R0 048 0.4 4.7 75.6 1.0134 0.00 0.0M
31800.000 1978 COM2 64 0R0 032 0.3 4.7 75.5 1.0134 0.00 0.0M
31860.000 1978 COM2 64 0R0 009 0.9 4.7 75.5 1.0134 0.00 0.0M
31920.000 1978 COM2 64 0R0 353 0.9 4.6 75.7 1.0134 0.00 0.0M
31980.000 1978 COM2 64 0R0 340 1.9 4.7 76.4 1.0134 0.00 0.0M
32040.000 1978 COM2 64 0R0 296 0.4 4.7 76.6 1.0135 0.00 0.0M
32100.000 1978 COM2 64 0R0 040 1.7 4.8 76.1 1.0135 0.00 0.0M
32160.000 1978 COM2 64 0R0 012 1.0 4.8 75.8 1.0135 0.00 0.0M
32220.000 1978 COM2 64 0R0 317 0.5 4.8 75.9 1.0135 0.00 0.0M
32280.000 1978 COM2 64 0R0 337 0.7 4.8 75.6 1.0135 0.00 0.0M
32340.000 1978 COM2 64 0R0 040 1.0 4.9 75.3 1.0135 0.00 0.0M
32400.100 1978 COM2 64 0R0 009 1.1 4.8 75.2 1.0135 0.00 0.0M
32460.000 1978 COM2 64 0R0 359 1.1 4.8 75.1 1.0135 0.00 0.0M
32520.000 1978 COM2 64 0R0 010 0.5 4.8 75.1 1.0135 0.00 0.0M
32580.000 1978 COM2 64 0R0 339 2.2 4.8 75.1 1.0135 0.00 0.0M
32640.000 1978 COM2 64 0R0 341 1.2 4.8 75.1 1.0135 0.00 0.0M
32700.000 1978 COM2 64 0R0 342 0.5 4.8 75.2 1.0135 0.00 0.0M
32760.000 1978 COM2 64 0R0 028 1.2 4.8 75.2 1.0135 0.00 0.0M
32820.000 1978 COM2 64 0R0 021 0.5 4.8 75.2 1.0135 0.00 0.0M
32880.000 1978 COM2 64 0R0 343 1.3 4.8 75.3 1.0135 0.00 0.0M
32940.000 1978 COM2 64 0R0 343 1.2 4.8 75.2 1.0135 0.00 0.0M
33000.000 1978 COM2 64 0R0 357 1.5 4.8 75.3 1.0135 0.00 0.0M
33060.000 1978 COM2 64 0R0 001 1.0 4.9 74.9 1.0135 0.00 0.0M
33120.000 1978 COM2 64 0R0 353 1.1 4.9 74.9 1.0135 0.00 0.0M
33180.000 1978 COM2 64 0R0 258 0.4 4.9 74.7 1.0135 0.00 0.0M
33240.000 1978 COM2 64 0R0 338 0.3 4.9 74.7 1.0135 0.00 0.0M
33300.000 1978 COM2 64 0R0 333 1.0 4.9 74.8 1.0135 0.00 0.0M
33360.000 1978 COM2 64 0R0 343 2.1 4.9 74.7 1.0135 0.00 0.0M
33420.000 1978 COM2 64 0R0 355 0.8 4.9 74.8 1.0135 0.00 0.0M
33480.000 1978 COM2 64 0R0 341 1.4 4.9 74.9 1.0135 0.00 0.0M
33540.000 1978 COM2 64 0R0 341 1.9 4.9 74.7 1.0135 0.00 0.0M
33600.000 1978 COM2 64 0R0 033 0.4 4.9 74.8 1.0135 0.00 0.0M
33660.000 1978 COM2 64 0R0 342 1.4 4.9 75.0 1.0135 0.00 0.0M
33720.000 1978 COM2 64 0R0 085 0.6 4.9 74.5 1.0135 0.00 0.0M
33780.000 1978 COM2 64 0R0 358 1.0 4.9 74.8 1.0135 0.00 0.0M
33840.000 1978 COM2 64 0R0 041 1.0 4.9 74.8 1.0135 0.00 0.0M
33900.000 1978 COM2 64 0R0 023 0.8 4.8 74.9 1.0136 0.00 0.0M
33960.000 1978 COM2 64 0R0 019 1.0 4.8 74.9 1.0136 0.00 0.0M
34020.000 1978 COM2 64 0R0 347 1.2 4.8 74.7 1.0136 0.00 0.0M
34080.000 1978 COM2 64 0R0 359 0.7 4.8 75.0 1.0136 0.00 0.0M
34140.000 1978 COM2 64 0R0 341 0.9 4.8 75.1 1.0136 0.00 0.0M
34200.000 1978 COM2 64 0R0 334 1.1 4.8 74.9 1.0136 0.00 0.0M
34260.000 1978 COM2 64 0R0 036 0.6 4.8 75.3 1.0136 0.00 0.0M
34320.000 1978 COM2 64 0R0 037 0.5 4.9 74.9 1.0136 0.00 0.0M
34380.000 1978 COM2 64 0R0 030 0.7 4.9 74.7 1.0136 0.00 0.0M
34440.000 1978 COM2 64 0R0 327 0.6 4.9 74.7 1.0136 0.00 0.0M
34500.000 1978 COM2 64 0R0 343 1.5 4.9 74.5 1.0136 0.00 0.0M
34560.000 1978 COM2 64 0R0 234 0.3 4.9 74.2 1.0136 0.00 0.0M
34620.000 1978 COM2 64 0R0 084 0.5 4.9 74.4 1.0135 0.00 0.0M
34680.000 1978 COM2 64 0R0 348 0.9 5.0 74.3 1.0135 0.00 0.0M
34740.000 1978 COM2 64 0R0 117 0.3 5.0 74.2 1.0135 0.00 0.0M
34800.000 1978 COM2 64 0R0 055 1.5 5.0 73.8 1.0136 0.00 0.0M
34860.000 1978 COM2 64 0R0 022 0.4 5.0 74.0 1.0136 0.00 0.0M
34920.000 1978 COM2 64 0R0 345 1.9 5.0 73.7 1.0136 0.00 0.0M
34980.000 1978 COM2 64 0R0 078 0.9 5.0 73.5 1.0136 0.00 0.0M
35040.000 1978 COM2 64 0R0 337 1.3 5.0 73.6 1.0136 0.00 0.0M
35100.000 1978 COM2 64 0R0 345 1.9 4.9 73.6 1.0136 0.00 0.0M
35160.000 1978 COM2 64 0R0 353 1.3 4.9 73.7 1.0136 0.00 0.0M
35220.000 1978 COM2 64 0R0 352 0.6 4.9 73.9 1.0136 0.00 0.0M
35280.000 1978 COM2 64 0R0 031 0.8 4.8 73.8 1.0136 0.00 0.0M
35340.000 1978 COM2 64 0R0 345 0.6 4.8 73.8 1.0136 0.00 0.0M
35400.000 1978 COM2 64 0R0 061 0.9 4.8 74.1 1.0136 0.00 0.0M
35460.000 1978 COM2 64 0R0 131 0.2 4.8 74.1 1.0135 0.00 0.0M
35520.000 1978 COM2 64 0R0 351 1.2 4.8 74.2 1.0135 0.00 0.0M
35580.000 1978 COM2 64 0R0 053 0.5 4.8 74.2 1.0135 0.00 0.0M
35640.000 1978 COM2 64 0R0 011 0.4 4.9 74.0 1.0135 0.00 0.0M
35700.000 1978 COM2 64 0R0 348 1.8 4.8 73.9 1.0136 0.00 0.0M
35760.000 1978 COM2 64 0R0 011 0.7 4.8 73.8 1.0136 0.00 0.0M
35820.000 1978 COM2 64 0R0 004 0.6 4.8 73.9 1.0136 0.00 0.0M
35880.000 1978 COM2 64 0R0 339 0.8 4.8 73.8 1.0136 0.00 0.0M
35940.000 1978 COM2 64 0R0 032 0.6 4.8 74.0 1.0136 0.00 0.0M
36000.000 1978 COM2 64 0R0 354 1.1 4.8 74.2 1.0136 0.00 0.0M
36060.000 1978 COM2 64 0R0 061 0.6 4.8 74.1 1.0136 0.00 0.0M
36120.000 1978 COM2 64 0R0 086 0.3 4.9 74.2 1.0136 0.00 0.0M
36180.000 1978 COM2 64 0R0 039 0.6 4.9 74.1 1.0136 0.00 0.0M
36240.000 1978 COM2 64 0R0 024 0.7 4.9 73.9 1.0136 0.00 0.0M
36300.000 1978 COM2 64 0R0 045 0.7 4.9 74.0 1.0136 0.00 0.0M
36360.000 1978 COM2 64 0R0 030 0.7 5.0 73.6 1.0135 0.00 0.0M
36420.000 1978 COM2 64 0R0 054 1.3 5.0 73.6 1.0135 0.00 0.0M
36480.000 1978 COM2 64 0R0 326 0.9 5.0 73.7 1.0135 0.00 0.0M
36540.000 1978 COM2 64 0R0 042 1.0 5.0 74.1 1.0135 0.00 0.0M
36600.000 1978 COM2 64 0R0 026 0.5 5.0 73.8 1.0135 0.00 0.0M
36660.000 1978 COM2 64 0R0 048 0.4 5.0 73.4 1.0135 0.00 0.0M
36720.000 1978 COM2 64 0R0 040 0.3 5.0 73.8 1.0135 0.00 0.0M
36780.000 1978 COM2 64 0R0 346 1.1 5.0 73.4 1.0135 0.00 0.0M
36840.000 1978 COM2 64 0R0 046 1.1 5.0 73.5 1.0135 0.00 0.0M
36900.000 1978 COM2 64 0R0 337 0.4 5.0 73.6 1.0135 0.00 0.0M
36960.000 1978 COM2 64 0R0 024 0.6 5.0 73.6 1.0134 0.00 0.0M
37020.000 1978 COM2 64 0R0 037 0.4 5.0 73.4 1.0134 0.00 0.0M
37080.000 1978 COM2 64 0R0 029 1.1 4.9 73.3 1.0133 0.00 0.0M
37140.000 1978 COM2 64 0R0 028 0.8 4.9 73.5 1.0133 0.00 0.0M
37200.000 1978 COM2 64 0R0 036 0.7 4.8 73.7 1.0133 0.00 0.0M
37260.000 1978 COM2 64 0R0 354 0.6 4.8 74.0 1.0133 0.00 0.0M
37320.000 1978 COM2 64 0R0 020 0.5 4.8 74.2 1.0133 0.00 0.0M
37380.000 1978 COM2 64 0R0 052 0.4 4.8 74.3 1.0133 0.00 0.0M
37440.000 1978 COM2 64 0R0 022 1.1 4.8 74.4 1.0134 0.00 0.0M
37500.000 1978 COM2 64 0R0 028 1.4 4.8 74.3 1.0134 0.00 0.0M
37560.000 1978 COM2 64 0R0 031 1.6 4.9 74.2 1.0134 0.00 0.0M
37620.000 1978 COM2 64 0R0 027 0.6 4.9 74.3 1.0134 0.00 0.0M
37680.000 1978 COM2 64 0R0 031 0.8 4.9 74.3 1.0133 0.00 0.0M
37740.000 1978 COM2 64 0R0 007 0.2 4.9 74.3 1.0133 0.00 0.0M
37800.000 1978 COM2 64 0R0 032 1.3 4.9 74.2 1.0133 0.00 0.0M
37860.000 1978 COM2 64 0R0 053 0.8 4.9 74.1 1.0132 0.00 0.0M
37920.000 1978 COM2 64 0R0 327 0.5 4.8 73.9 1.0132 0.00 0.0M
37980.000 1978 COM2 64 0R0 021 0.9 4.8 74.2 1.0132 0.00 0.0M
38040.000 1978 COM2 64 0R0 021 0.5 4.8 74.0 1.0132 0.00 0.0M
38100.000 1978 COM2 64 0R0 018 1.2 4.8 74.5 1.0132 0.00 0.0M
38160.100 1978 COM2 64 0R0 059 0.9 4.9 74.5 1.0132 0.00 0.0M
38220.000 1978 COM2 64 0R0 028 0.9 4.9 74.6 1.0132 0.00 0.0M
38280.000 1978 COM2 64 0R0 031 0.8 4.9 74.5 1.0132 0.00 0.0M
38340.000 1978 COM2 64 0R0 040 0.4 5.0 74.4 1.0132 0.00 0.0M
38400.000 1978 COM2 64 0R0 037 1.1 5.0 74.3 1.0132 0.00 0.0M
38460.000 1978 COM2 64 0R0 034 2.8 5.0 74.4 1.0132 0.00 0.0M
38520.000 1978 COM2 64 0R0 036 0.9 5.0 74.3 1.0131 0.00 0.0M
38580.000 1978 COM2 64 0R0 283 0.6 5.0 74.3 1.0132 0.00 0.0M
38640.000 1978 COM2 64 0R0 033 0.6 5.0 74.6 1.0132 0.00 0.0M
38700.000 1978 COM2 64 0R0 052 1.6 5.0 74.5 1.0132 0.00 0.0M
38760.000 1978 COM2 64 0R0 005 0.9 5.0 74.6 1.0132 0.00 0.0M
38820.000 1978 COM2 64 0R0 007 0.9 5.0 74.3 1.0132 0.00 0.0M
38880.000 1978 COM2 64 0R0 017 2.0 5.0 74.3 1.0132 0.00 0.0M
38940.000 1978 COM2 64 0R0 013 0.4 5.0 74.4 1.0132 0.00 0.0M
39000.000 1978 COM2 64 0R0 359 1.1 5.0 74.5 1.0131 0.00 0.0M
39060.000 1978 COM2 64 0R0 027 3.0 5.0 74.8 1.0131 0.00 0.0M
39120.000 1978 COM2 64 0R0 031 2.0 5.0 74.7 1.0131 0.00 0.0M
39180.000 1978 COM2 64 0R0 338 0.3 5.0 74.7 1.0131 0.00 0.0M
39240.000 1978 COM2 64 0R0 027 1.4 5.0 75.2 1.0131 0.00 0.0M
39300.000 1978 COM2 64 0R0 026 1.9 5.0 75.0 1.0131 0.00 0.0M
39360.000 1978 COM2 64 0R0 074 0.8 5.0 74.9 1.0131 0.00 0.0M
39420.000 1978 COM2 64 0R0 030 2.1 5.0 75.2 1.0131 0.00 0.0M
39480.000 1978 COM2 64 0R0 068 2.2 5.0 74.6 1.0131 0.00 0.0M
39540.000 1978 COM2 64 0R0 346 0.2 4.9 75.0 1.0131 0.00 0.0M
39600.000 1978 COM2 64 0R0 015 1.8 4.9 75.4 1.0130 0.00 0.0M
39660.000 1978 COM2 64 0R0 028 1.7 4.9 75.2 1.0131 0.00 0.0M
39720.000 1978 COM2 64 0R0 035 2.1 4.9 75.4 1.0131 0.00 0.0M
39780.000 1978 COM2 64 0R0 020 1.3 4.9 75.6 1.0131 0.00 0.0M
39840.000 1978 COM2 64 0R0 056 1.0 4.9 75.8 1.0131 0.00 0.0M
39900.000 1978 COM2 64 0R0 027 1.7 4.9 76.0 1.0132 0.00 0.0M
39960.000 1978 COM2 64 0R0 043 2.1 4.9 76.0 1.0132 0.00 0.0M
40020.000 1978 COM2 64 0R0 026 1.1 4.9 75.9 1.0132 0.00 0.0M
40080.000 1978 COM2 64 0R0 000 1.0 4.9 75.9 1.0132 0.00 0.0M
40140.000 1978 COM2 64 0R0 035 1.4 5.0 75.9 1.0132 0.00 0.0M
40200.000 1978 COM2 64 0R0 006 1.4 4.9 75.7 1.0132 0.00 0.0M
40260.000 1978 COM2 64 0R0 036 2.2 4.9 75.9 1.0132 0.00 0.0M
40320.000 1978 COM2 64 0R0 348 0.5 4.9 75.7 1.0133 0.00 0.0M
40380.000 1978 COM2 64 0R0 027 2.1 4.9 76.2 1.0133 0.00 0.0M
40440.000 1978 COM2 64 0R0 037 1.4 4.9 76.0 1.0133 0.00 0.0M
40500.000 1978 COM2 64 0R0 035 2.2 5.0 75.8 1.0133 0.00 0.0M
40560.000 1978 COM2 64 0R0 038 2.5 5.0 75.9 1.0134 0.00 0.0M
40620.000 1978 COM2 64 0R0 016 2.0 5.0 75.7 1.0134 0.00 0.0M
40680.000 1978 COM2 64 0R0 049 1.5 5.0 75.4 1.0134 0.00 0.0M
40740.000 1978 COM2 64 0R0 041 2.2 5.0 75.3 1.0134 0.00 0.0M
40800.000 1978 COM2 64 0R0 036 2.2 5.1 75.6 1.0134 0.00 0.0M
40860.000 1978 COM2 64 0R0 329 0.8 5.1 75.1 1.0134 0.00 0.0M
40920.000 1978 COM2 64 0R0 001 1.5 5.1 75.3 1.0133 0.00 0.0M
40980.000 1978 COM2 64 0R0 020 2.0 5.1 75.4 1.0133 0.00 0.0M
41040.000 1978 COM2 64 0R0 039 1.1 5.1 75.0 1.0133 0.00 0.0M
41100.000 1978 COM2 64 0R0 054 1.2 5.1 75.1 1.0133 0.00 0.0M
41160.000 1978 COM2 64 0R0 048 2.1 5.1 75.1 1.0132 0.00 0.0M
41220.000 1978 COM2 64 0R0 029 1.8 5.1 75.1 1.0132 0.00 0.0M
41280.000 1978 COM2 64 0R0 050 0.9 5.1 74.9 1.0132 0.00 0.0M
41340.000 1978 COM2 64 0R0 045 1.9 5.1 74.9 1.0131 0.00 0.0M
41400.000 1978 COM2 64 0R0 042 0.9 5.1 75.0 1.0131 0.00 0.0M
41460.000 1978 COM2 64 0R0 058 0.4 5.0 75.1 1.0132 0.00 0.0M
41520.000 1978 COM2 64 0R0 037 1.9 5.0 75.0 1.0132 0.00 0.0M
41580.000 1978 COM2 64 0R0 066 1.6 5.0 75.0 1.0132 0.00 0.0M
41640.000 1978 COM2 64 0R0 028 1.7 5.0 75.1 1.0132 0.00 0.0M
41700.000 1978 COM2 64 0R0 063 1.4 5.0 75.1 1.0132 0.00 0.0M
41760.000 1978 COM2 64 0R0 072 1.7 5.0 75.1 1.0132 0.00 0.0M
41820.000 1978 COM2 64 0R0 074 0.9 5.0 75.0 1.0132 0.00 0.0M
41880.000 1978 COM2 64 0R0 022 0.8 5.0 75.1 1.0132 0.00 0.0M
41940.000 1978 COM2 64 0R0 023 1.6 5.0 75.2 1.0132 0.00 0.0M
42000.000 1978 COM2 64 0R0 007 0.9 5.0 75.0 1.0133 0.00 0.0M
42060.000 1978 COM2 64 0R0 178 0.5 4.9 75.3 1.0133 0.00 0.0M
42120.000 1978 COM2 64 0R0 123 0.5 4.9 75.7 1.0134 0.00 0.0M
42180.000 1978 COM2 64 0R0 029 1.1 5.0 75.6 1.0134 0.00 0.0M
42240.000 1978 COM2 64 0R0 339 0.6 5.0 75.6 1.0134 0.00 0.0M
42300.000 1978 COM2 64 0R0 004 0.7 5.0 75.7 1.0134 0.00 0.0M
42360.000 1978 COM2 64 0R0 072 1.2 5.0 75.7 1.0135 0.00 0.0M
42420.000 1978 COM2 64 0R0 037 0.7 5.0 75.9 1.0135 0.00 0.0M
42480.000 1978 COM2 64 0R0 003 1.0 5.1 75.9 1.0135 0.00 0.0M
42540.000 1978 COM2 64 0R0 079 0.8 5.1 75.9 1.0135 0.00 0.0M
42600.000 1978 COM2 64 0R0 051 1.6 5.1 75.8 1.0135 0.00 0.0M
42660.000 1978 COM2 64 0R0 107 0.9 5.2 76.0 1.0135 0.00 0.0M
42720.000 1978 COM2 64 0R0 053 0.8 5.2 75.8 1.0135 0.00 0.0M
42780.000 1978 COM2 64 0R0 054 0.3 5.3 75.6 1.0135 0.00 0.0M
42840.000 1978 COM2 64 0R0 027 1.0 5.3 75.6 1.0136 0.00 0.0M
42900.000 1978 COM2 64 0R0 358 0.5 5.3 75.5 1.0137 0.00 0.0M
42960.000 1978 COM2 64 0R0 358 0.8 5.3 75.5 1.0137 0.00 0.0M
43020.000 1978 COM2 64 0R0 097 0.2 5.3 75.6 1.0137 0.00 0.0M
43080.000 1978 COM2 64 0R0 351 0.3 5.4 75.5 1.0137 0.00 0.0M
43140.000 1978 COM2 64 0R0 019 0.4 5.4 75.4 1.0137 0.00 0.0M
43200.000 1978 COM2 64 0R0 041 1.0 5.5 75.0 1.0136 0.00 0.0M
43260.000 1978 COM2 64 0R0 027 0.3 5.5 75.0 1.0136 0.00 0.0M
43320.000 1978 COM2 64 0R0 038 1.0 5.5 75.3 1.0135 0.00 0.0M
43380.000 1978 COM2 64 0R0 071 0.9 5.5 74.9 1.0136 0.00 0.0M
43440.000 1978 COM2 64 0R0 007 0.7 5.5 75.1 1.0136 0.00 0.0M
43500.000 1978 COM2 64 0R0 025 1.2 5.5 74.7 1.0136 0.00 0.0M
43560.000 1978 COM2 64 0R0 025 0.3 5.5 74.9 1.0137 0.00 0.0M
43620.000 1978 COM2 64 0R0 050 0.4 5.5 75.2 1.0137 0.00 0.0M
43680.000 1978 COM2 64 0R0 038 0.7 5.5 75.1 1.0137 0.00 0.0M
43740.000 1978 COM2 64 0R0 015 1.1 5.5 75.0 1.0138 0.00 0.0M
43800.000 1978 COM2 64 0R0 333 0.7 5.5 75.4 1.0138 0.00 0.0M
43860.000 1978 COM2 64 0R0 019 0.4 5.5 75.4 1.0138 0.00 0.0M
43920.000 1978 COM2 64 0R0 033 1.1 5.5 75.2 1.0139 0.00 0.0M
43980.000 1978 COM2 64 0R0 046 0.8 5.6 75.1 1.0139 0.00 0.0M
44040.000 1978 COM2 64 0R0 035 0.5 5.6 75.0 1.0139 0.00 0.0M
44100.000 1978 COM2 64 0R0 047 0.4 5.6 75.0 1.0139 0.00 0.0M
44160.000 1978 COM2 64 0R0 019 0.8 5.6 75.1 1.0139 0.00 0.0M
44220.000 1978 COM2 64 0R0 343 0.8 5.7 74.9 1.0140 0.00 0.0M
44280.000 1978 COM2 64 0R0 322 1.0 5.7 74.9 1.0140 0.00 0.0M
44340.000 1978 COM2 64 0R0 347 0.4 5.7 74.9 1.0140 0.00 0.0M
44400.000 1978 COM2 64 0R0 049 0.9 5.7 74.8 1.0139 0.00 0.0M
44460.000 1978 COM2 64 0R0 062 0.7 5.7 74.8 1.0139 0.00 0.0M
44520.000 1978 COM2 64 0R0 061 0.3 5.7 74.7 1.0139 0.00 0.0M
44580.000 1978 COM2 64 0R0 020 1.1 5.8 74.7 1.0139 0.00 0.0M
44640.000 1978 COM2 64 0R0 006 0.7 5.8 74.6 1.0140 0.00 0.0M
44700.000 1978 COM2 64 0R0 341 0.3 5.8 74.7 1.0140 0.00 0.0M
44760.000 1978 COM2 64 0R0 051 0.4 5.8 74.6 1.0140 0.00 0.0M
44820.000 1978 COM2 64 0R0 005 0.6 5.8 74.6 1.0140 0.00 0.0M
44880.000 1978 COM2 64 0R0 050 1.1 5.8 74.6 1.0140 0.00 0.0M
44940.000 1978 COM2 64 0R0 000 0.5 5.8 74.4 1.0139 0.00 0.0M
45000.000 1978 COM2 64 0R0 146 0.3 5.8 74.3 1.0139 0.00 0.0M
45060.000 1978 COM2 64 0R0 032 1.4 5.8 74.3 1.0139 0.00 0.0M
45120.000 1978 COM2 64 0R0 018 0.6 5.8 74.3 1.0139 0.00 0.0M
45180.000 1978 COM2 64 0R0 347 0.3 5.8 74.3 1.0138 0.00 0.0M
45240.000 1978 COM2 64 0R0 089 0.3 5.8 74.3 1.0138 0.00 0.0M
45300.000 1978 COM2 64 0R0 327 0.3 5.8 74.5 1.0138 0.00 0.0M
45360.000 1978 COM2 64 0R0 041 0.4 5.8 74.5 1.0138 0.00 0.0M
45420.000 1978 COM2 64 0R0 043 1.2 5.8 74.3 1.0138 0.00 0.0M
45480.000 1978 COM2 64 0R0 040 0.4 5.9 74.3 1.0137 0.00 0.0M
45540.000 1978 COM2 64 0R0 069 0.8 5.9 74.3 1.0137 0.00 0.0M
45600.000 1978 COM2 64 0R0 101 0.7 5.9 74.2 1.0137 0.00 0.0M
45660.000 1978 COM2 64 0R0 048 0.2 5.9 74.2 1.0137 0.00 0.0M
45720.000 1978 COM2 64 0R0 228 0.1 6.0 73.9 1.0137 0.00 0.0M
45780.000 1978 COM2 64 0R0 042 0.8 6.0 73.9 1.0137 0.00 0.0M
45840.000 1978 COM2 64 0R0 042 1.5 6.0 73.8 1.0137 0.00 0.0M
45900.000 1978 COM2 64 0R0 046 1.6 6.0 73.8 1.0137 0.00 0.0M
45960.000 1978 COM2 64 0R0 042 0.9 5.9 74.1 1.0136 0.00 0.0M
46020.000 1978 COM2 64 0R0 035 1.0 5.9 74.2 1.0136 0.00 0.0M
46080.000 1978 COM2 64 0R0 006 0.3 5.9 74.3 1.0136 0.00 0.0M
46140.000 1978 COM2 64 0R0 347 0.2 5.9 74.3 1.0137 0.00 0.0M
46200.000 1978 COM2 64 0R0 050 1.3 6.0 73.9 1.0137 0.00 0.0M
46260.000 1978 COM2 64 0R0 064 0.6 6.0 74.0 1.0137 0.00 0.0M
46320.000 1978 COM2 64 0R0 333 0.5 5.9 74.0 1.0137 0.00 0.0M
46380.000 1978 COM2 64 0R0 017 1.0 5.9 74.0 1.0137 0.00 0.0M
46440.000 1978 COM2 64 0R0 087 0.4 5.9 74.0 1.0138 0.00 0.0M
46500.000 1978 COM2 64 0R0 027 1.2 5.9 74.2 1.0138 0.00 0.0M
46560.000 1978 COM2 64 0R0 040 0.6 5.9 74.1 1.0138 0.00 0.0M
46620.000 1978 COM2 64 0R0 027 1.4 5.9 74.0 1.0138 0.00 0.0M
46680.000 1978 COM2 64 0R0 060 1.4 6.0 74.0 1.0137 0.00 0.0M
46740.000 1978 COM2 64 0R0 032 1.3 5.9 74.0 1.0137 0.00 0.0M
46800.000 1978 COM2 64 0R0 045 0.4 5.9 73.8 1.0136 0.00 0.0M
46860.000 1978 COM2 64 0R0 059 0.9 5.9 74.1 1.0136 0.00 0.0M
46920.000 1978 COM2 64 0R0 049 0.8 5.9 74.1 1.0136 0.00 0.0M
46980.000 1978 COM2 64 0R0 067 0.6 5.9 74.0 1.0136 0.00 0.0M
47040.000 1978 COM2 64 0R0 053 1.3 5.9 74.3 1.0136 0.00 0.0M
47100.000 1978 COM2 64 0R0 059 1.6 5.9 73.5 1.0136 0.00 0.0M
47160.000 1978 COM2 64 0R0 097 0.6 5.9 73.8 1.0136 0.00 0.0M
47220.000 1978 COM2 64 0R0 352 0.4 5.8 74.0 1.0136 0.00 0.0M
47280.000 1978 COM2 64 0R0 062 1.2 5.8 74.1 1.0136 0.00 0.0M
47340.000 1978 COM2 64 0R0 042 0.6 5.8 74.2 1.0136 0.00 0.0M
47400.000 1978 COM2 64 0R0 038 2.2 5.8 74.3 1.0136 0.00 0.0M
47460.000 1978 COM2 64 0R0 023 0.5 5.8 74.3 1.0136 0.00 0.0M
47520.000 1978 COM2 64 0R0 084 1.9 5.7 74.5 1.0136 0.00 0.0M
47580.000 1978 COM2 64 0R0 029 1.2 5.7 74.2 1.0136 0.00 0.0M
47640.000 1978 COM2 64 0R0 035 1.5 5.7 74.3 1.0135 0.00 0.0M
47700.000 1978 COM2 64 0R0 067 1.6 5.6 74.7 1.0135 0.00 0.0M
47760.000 1978 COM2 64 0R0 087 1.6 5.5 75.0 1.0134 0.00 0.0M
47820.000 1978 COM2 64 0R0 085 0.9 5.5 75.0 1.0135 0.00 0.0M
47880.000 1978 COM2 64 0R0 070 1.3 5.4 75.2 1.0135 0.00 0.0M
47940.000 1978 COM2 64 0R0 027 0.7 5.4 75.6 1.0136 0.00 0.0M
48000.000 1978 COM2 64 0R0 030 0.7 5.4 75.7 1.0136 0.00 0.0M
48060.000 1978 COM2 64 0R0 332 0.4 5.4 75.5 1.0137 0.00 0.0M
48120.000 1978 COM2 64 0R0 052 0.5 5.5 75.6 1.0137 0.00 0.0M
48180.000 1978 COM2 64 0R0 065 0.7 5.5 75.2 1.0137 0.00 0.0M
48240.000 1978 COM2 64 0R0 030 0.6 5.5 75.5 1.0137 0.00 0.0M
48300.000 1978 COM2 64 0R0 053 1.3 5.5 75.8 1.0137 0.00 0.0M
48360.000 1978 COM2 64 0R0 006 0.7 5.5 75.4 1.0137 0.00 0.0M
48420.000 1978 COM2 64 0R0 054 1.1 5.5 75.4 1.0137 0.00 0.0M
48480.000 1978 COM2 64 0R0 028 1.1 5.6 75.0 1.0136 0.00 0.0M
48540.000 1978 COM2 64 0R0 045 1.9 5.6 74.7 1.0136 0.00 0.0M
48600.000 1978 COM2 64 0R0 032 1.7 5.6 75.0 1.0135 0.00 0.0M
48660.000 1978 COM2 64 0R0 045 1.8 5.5 75.2 1.0135 0.00 0.0M
48720.000 1978 COM2 64 0R0 042 2.8 5.5 75.2 1.0135 0.00 0.0M
48780.000 1978 COM2 64 0R0 022 2.3 5.5 75.1 1.0135 0.00 0.0M
48840.000 1978 COM2 64 0R0 046 0.7 5.5 75.2 1.0135 0.00 0.0M
48900.000 1978 COM2 64 0R0 039 2.1 5.5 75.2 1.0135 0.00 0.0M
48960.000 1978 COM2 64 0R0 004 0.8 5.5 75.2 1.0135 0.00 0.0M
49020.000 1978 COM2 64 0R0 027 1.5 5.5 75.2 1.0136 0.00 0.0M
49080.000 1978 COM2 64 0R0 082 0.6 5.5 75.6 1.0135 0.00 0.0M
49140.000 1978 COM2 64 0R0 024 1.1 5.5 75.8 1.0135 0.00 0.0M
49200.000 1978 COM2 64 0R0 291 0.5 5.5 75.7 1.0135 0.00 0.0M
49260.000 1978 COM2 64 0R0 069 1.2 5.6 75.4 1.0135 0.00 0.0M
49320.000 1978 COM2 64 0R0 087 0.8 5.6 75.1 1.0135 0.00 0.0M
49380.000 1978 COM2 64 0R0 149 0.6 5.6 75.2 1.0136 0.00 0.0M
49440.000 1978 COM2 64 0R0 120 0.6 5.6 75.6 1.0136 0.00 0.0M
49500.000 1978 COM2 64 0R0 021 1.6 5.7 75.5 1.0136 0.00 0.0M
49560.000 1978 COM2 64 0R0 096 0.9 5.7 74.8 1.0137 0.00 0.0M
49620.000 1978 COM2 64 0R0 080 0.1 5.7 74.9 1.0137 0.00 0.0M
49680.000 1978 COM2 64 0R0 023 0.9 5.7 75.2 1.0138 0.00 0.0M
49740.000 1978 COM2 64 0R0 004 0.4 5.8 74.5 1.0138 0.00 0.0M
49800.000 1978 COM2 64 0R0 347 0.4 5.8 74.6 1.0138 0.00 0.0M
49860.000 1978 COM2 64 0R0 328 0.3 5.9 74.6 1.0138 0.00 0.0M
49920.000 1978 COM2 64 0R0 063 0.2 5.9 74.7 1.0138 0.00 0.0M
49980.000 1978 COM2 64 0R0 043 0.2 5.9 74.4 1.0138 0.00 0.0M
50040.000 1978 COM2 64 0R0 028 0.2 6.0 74.4 1.0139 0.00 0.0M
50100.000 1978 COM2 64 0R0 237 0.3 6.0 74.0 1.0139 0.00 0.0M
50160.000 1978 COM2 64 0R0 002 0.5 6.1 73.8 1.0139 0.00 0.0M
50220.000 1978 COM2 64 0R0 022 1.0 6.1 73.7 1.0139 0.00 0.0M
50280.000 1978 COM2 64 0R0 012 1.2 6.1 73.6 1.0139 0.00 0.0M
50340.000 1978 COM2 64 0R0 029 0.3 6.1 73.5 1.0139 0.00 0.0M
50400.000 1978 COM2 64 0R0 328 0.7 6.1 73.6 1.0139 0.00 0.0M
50460.000 1978 COM2 64 0R0 031 1.4 6.1 73.7 1.0139 0.00 0.0M
50520.000 1978 COM2 64 0R0 048 0.2 6.1 73.5 1.0139 0.00 0.0M
50580.000 1978 COM2 64 0R0 021 1.5 6.1 73.4 1.0139 0.00 0.0M
50640.000 1978 COM2 64 0R0 059 1.1 6.1 73.4 1.0139 0.00 0.0M
50700.000 1978 COM2 64 0R0 127 0.4 6.1 73.5 1.0139 0.00 0.0M
50760.000 1978 COM2 64 0R0 014 1.5 6.1 73.4 1.0139 0.00 0.0M
50820.000 1978 COM2 64 0R0 337 0.8 6.1 73.1 1.0139 0.00 0.0M
50880.000 1978 COM2 64 0R0 028 1.2 6.1 73.2 1.0140 0.00 0.0M
50940.100 1978 COM2 64 0R0 017 1.4 6.1 73.1 1.0141 0.00 0.0M
51000.000 1978 COM2 64 0R0 009 0.9 6.1 73.2 1.0141 0.00 0.0M
51060.000 1978 COM2 64 0R0 023 1.1 6.1 73.3 1.0141 0.00 0.0M
51120.000 1978 COM2 64 0R0 320 0.4 6.1 73.4 1.0141 0.00 0.0M
51180.000 1978 COM2 64 0R0 070 0.7 6.1 73.5 1.0141 0.00 0.0M
51240.000 1978 COM2 64 0R0 022 0.5 6.1 73.5 1.0141 0.00 0.0M
51300.000 1978 COM2 64 0R0 042 0.4 6.1 73.6 1.0141 0.00 0.0M
51360.000 1978 COM2 64 0R0 350 1.5 6.2 73.5 1.0141 0.00 0.0M
51420.000 1978 COM2 64 0R0 037 1.1 6.2 73.4 1.0141 0.00 0.0M
51480.000 1978 COM2 64 0R0 035 1.4 6.2 73.4 1.0141 0.00 0.0M
51540.000 1978 COM2 64 0R0 349 0.7 6.2 73.6 1.0141 0.00 0.0M
51600.000 1978 COM2 64 0R0 021 0.7 6.3 73.3 1.0141 0.00 0.0M
51660.000 1978 COM2 64 0R0 048 0.5 6.3 73.2 1.0141 0.00 0.0M
51720.000 1978 COM2 64 0R0 324 0.3 6.3 73.0 1.0141 0.00 0.0M
51780.000 1978 COM2 64 0R0 350 0.5 6.4 73.0 1.0141 0.00 0.0M
51840.000 1978 COM2 64 0R0 042 0.7 6.4 72.8 1.0141 0.00 0.0M
51900.000 1978 COM2 64 0R0 011 1.3 6.4 72.7 1.0141 0.00 0.0M
51960.000 1978 COM2 64 0R0 356 1.0 6.5 72.7 1.0141 0.00 0.0M
52020.000 1978 COM2 64 0R0 343 1.8 6.5 72.7 1.0140 0.00 0.0M
52080.000 1978 COM2 64 0R0 068 0.7 6.5 72.7 1.0140 0.00 0.0M
52140.000 1978 COM2 64 0R0 350 0.9 6.5 72.6 1.0141 0.00 0.0M
52200.000 1978 COM2 64 0R0 015 0.1 6.6 72.5 1.0141 0.00 0.0M
52260.000 1978 COM2 64 0R0 076 1.0 6.6 72.4 1.0142 0.00 0.0M
52320.000 1978 COM2 64 0R0 018 0.6 6.7 72.0 1.0142 0.00 0.0M
52380.000 1978 COM2 64 0R0 020 0.9 6.7 71.4 1.0141 0.00 0.0M
52440.000 1978 COM2 64 0R0 336 0.4 6.7 71.4 1.0141 0.00 0.0M
52500.000 1978 COM2 64 0R0 025 1.2 6.7 71.3 1.0141 0.00 0.0M
52560.000 1978 COM2 64 0R0 066 0.5 6.7 71.5 1.0141 0.00 0.0M
52620.000 1978 COM2 64 0R0 040 1.1 6.8 71.6 1.0141 0.00 0.0M
52680.000 1978 COM2 64 0R0 031 1.1 6.8 71.3 1.0141 0.00 0.0M
52740.000 1978 COM2 64 0R0 072 1.1 6.8 71.1 1.0141 0.00 0.0M
52800.000 1978 COM2 64 0R0 335 1.4 6.9 71.5 1.0141 0.00 0.0M
52860.000 1978 COM2 64 0R0 347 0.2 6.9 71.0 1.0141 0.00 0.0M
52920.000 1978 COM2 64 0R0 356 0.6 6.9 71.2 1.0141 0.00 0.0M
52980.000 1978 COM2 64 0R0 015 0.3 7.0 71.0 1.0141 0.00 0.0M
53040.000 1978 COM2 64 0R0 023 0.8 7.0 70.9 1.0141 0.00 0.0M
53100.000 1978 COM2 64 0R0 098 0.3 7.1 70.8 1.0141 0.00 0.0M
53160.000 1978 COM2 64 0R0 035 1.5 7.1 70.9 1.0141 0.00 0.0M
53220.000 1978 COM2 64 0R0 021 1.6 7.2 70.0 1.0141 0.00 0.0M
53280.000 1978 COM2 64 0R0 319 0.5 7.2 70.1 1.0142 0.00 0.0M
53340.000 1978 COM2 64 0R0 060 0.7 7.1 70.5 1.0142 0.00 0.0M
53400.000 1978 COM2 64 0R0 036 0.3 7.2 70.3 1.0142 0.00 0.0M
53460.000 1978 COM2 64 0R0 346 0.7 7.2 70.3 1.0142 0.00 0.0M
53520.000 1978 COM2 64 0R0 008 0.7 7.2 69.8 1.0142 0.00 0.0M
53580.000 1978 COM2 64 0R0 352 0.5 7.2 70.0 1.0142 0.00 0.0M
53640.000 1978 COM2 64 0R0 040 0.7 7.2 70.1 1.0142 0.00 0.0M
53700.000 1978 COM2 64 0R0 207 0.5 7.3 69.7 1.0142 0.00 0.0M
53760.000 1978 COM2 64 0R0 006 0.6 7.3 69.9 1.0142 0.00 0.0M
53820.000 1978 COM2 64 0R0 060 0.8 7.4 69.5 1.0142 0.00 0.0M
53880.000 1978 COM2 64 0R0 068 0.5 7.4 69.4 1.0142 0.00 0.0M
53940.000 1978 COM2 64 0R0 003 0.3 7.4 69.1 1.0142 0.00 0.0M
54000.000 1978 COM2 64 0R0 335 0.5 7.4 69.1 1.0142 0.00 0.0M
54060.000 1978 COM2 64 0R0 337 0.7 7.4 68.8 1.0142 0.00 0.0M
54120.000 1978 COM2 64 0R0 028 1.0 7.3 68.8 1.0143 0.00 0.0M
54180.000 1978 COM2 64 0R0 022 1.3 7.3 68.9 1.0143 0.00 0.0M
54240.000 1978 COM2 64 0R0 040 1.0 7.2 69.0 1.0143 0.00 0.0M
54300.000 1978 COM2 64 0R0 035 1.1 7.2 69.2 1.0143 0.00 0.0M
54360.000 1978 COM2 64 0R0 349 0.5 7.1 69.5 1.0142 0.00 0.0M
54420.000 1978 COM2 64 0R0 114 0.6 7.2 69.5 1.0142 0.00 0.0M
54480.100 1978 COM2 64 0R0 005 1.4 7.2 69.6 1.0142 0.00 0.0M
54540.000 1978 COM2 64 0R0 039 0.7 7.2 69.1 1.0142 0.00 0.0M
54600.000 1978 COM2 64 0R0 359 0.6 7.2 69.3 1.0142 0.00 0.0M
54660.000 1978 COM2 64 0R0 057 0.2 7.3 69.2 1.0141 0.00 0.0M
54720.000 1978 COM2 64 0R0 012 0.4 7.3 69.2 1.0142 0.00 0.0M
54780.000 1978 COM2 64 0R0 027 1.2 7.3 69.2 1.0142 0.00 0.0M
54840.000 1978 COM2 64 0R0 012 1.2 7.3 69.3 1.0142 0.00 0.0M
54900.000 1978 COM2 64 0R0 331 0.3 7.4 69.1 1.0142 0.00 0.0M
54960.000 1978 COM2 64 0R0 041 0.9 7.4 68.8 1.0142 0.00 0.0M
55020.000 1978 COM2 64 0R0 015 0.8 7.4 68.6 1.0142 0.00 0.0M
55080.000 1978 COM2 64 0R0 000 0.7 7.4 68.5 1.0142 0.00 0.0M
55140.000 1978 COM2 64 0R0 044 1.2 7.4 68.4 1.0142 0.00 0.0M
55200.000 1978 COM2 64 0R0 007 0.8 7.4 68.4 1.0142 0.00 0.0M
55260.000 1978 COM2 64 0R0 052 1.0 7.3 68.6 1.0142 0.00 0.0M
55320.000 1978 COM2 64 0R0 355 1.1 7.3 68.5 1.0142 0.00 0.0M
55380.000 1978 COM2 64 0R0 063 0.5 7.3 68.6 1.0142 0.00 0.0M
55440.000 1978 COM2 64 0R0 038 0.6 7.3 68.8 1.0142 0.00 0.0M
55500.000 1978 COM2 64 0R0 045 0.7 7.2 68.7 1.0142 0.00 0.0M
55560.000 1978 COM2 64 0R0 003 0.6 7.2 69.1 1.0142 0.00 0.0M
55620.000 1978 COM2 64 0R0 022 0.9 7.2 68.9 1.0141 0.00 0.0M
55680.000 1978 COM2 64 0R0 050 0.8 7.2 68.9 1.0141 0.00 0.0M
55740.000 1978 COM2 64 0R0 051 1.0 7.2 69.0 1.0141 0.00 0.0M
55800.000 1978 COM2 64 0R0 028 1.3 7.2 69.2 1.0140 0.00 0.0M
55860.000 1978 COM2 64 0R0 048 1.0 7.2 69.1 1.0140 0.00 0.0M
55920.000 1978 COM2 64 0R0 305 0.5 7.2 69.0 1.0140 0.00 0.0M
55980.000 1978 COM2 64 0R0 060 0.6 7.2 69.4 1.0140 0.00 0.0M
56040.000 1978 COM2 64 0R0 024 0.7 7.2 69.2 1.0140 0.00 0.0M
56100.000 1978 COM2 64 0R0 066 0.3 7.2 69.0 1.0140 0.00 0.0M
56160.000 1978 COM2 64 0R0 102 0.3 7.2 69.0 1.0140 0.00 0.0M
56220.000 1978 COM2 64 0R0 042 1.9 7.3 69.4 1.0139 0.00 0.0M
56280.000 1978 COM2 64 0R0 057 1.3 7.3 68.9 1.0139 0.00 0.0M
56340.000 1978 COM2 64 0R0 013 0.4 7.4 68.9 1.0139 0.00 0.0M
56400.000 1978 COM2 64 0R0 015 0.7 7.4 69.1 1.0139 0.00 0.0M
56460.000 1978 COM2 64 0R0 039 2.0 7.4 68.5 1.0139 0.00 0.0M
56520.000 1978 COM2 64 0R0 043 1.1 7.4 68.5 1.0139 0.00 0.0M
56580.000 1978 COM2 64 0R0 048 1.6 7.4 68.7 1.0138 0.00 0.0M
56640.000 1978 COM2 64 0R0 061 0.4 7.4 68.7 1.0138 0.00 0.0M
56700.000 1978 COM2 64 0R0 151 0.8 7.4 68.9 1.0138 0.00 0.0M
56760.000 1978 COM2 64 0R0 350 0.4 7.5 68.3 1.0138 0.00 0.0M
56820.000 1978 COM2 64 0R0 049 1.0 7.6 68.4 1.0138 0.00 0.0M
56880.000 1978 COM2 64 0R0 029 1.2 7.6 68.1 1.0138 0.00 0.0M
56940.000 1978 COM2 64 0R0 345 0.3 7.6 68.0 1.0138 0.00 0.0M
57000.000 1978 COM2 64 0R0 026 0.2 7.6 68.1 1.0138 0.00 0.0M
57060.000 1978 COM2 64 0R0 038 0.7 7.6 68.0 1.0138 0.00 0.0M
57120.000 1978 COM2 64 0R0 028 1.2 7.6 67.7 1.0137 0.00 0.0M
57180.000 1978 COM2 64 0R0 057 1.4 7.6 68.0 1.0137 0.00 0.0M
57240.000 1978 COM2 64 0R0 321 0.5 7.6 67.8 1.0137 0.00 0.0M
57300.000 1978 COM2 64 0R0 333 0.2 7.6 68.1 1.0137 0.00 0.0M
57360.000 1978 COM2 64 0R0 057 1.4 7.6 68.0 1.0137 0.00 0.0M
57420.000 1978 COM2 64 0R0 016 0.5 7.6 68.4 1.0137 0.00 0.0M
57480.000 1978 COM2 64 0R0 021 1.1 7.6 68.1 1.0137 0.00 0.0M
57540.000 1978 COM2 64 0R0 330 0.8 7.6 67.9 1.0137 0.00 0.0M
57600.000 1978 COM2 64 0R0 338 0.9 7.5 68.0 1.0137 0.00 0.0M
57660.000 1978 COM2 64 0R0 356 0.5 7.5 68.1 1.0137 0.00 0.0M
57720.000 1978 COM2 64 0R0 030 1.3 7.5 67.8 1.0137 0.00 0.0M
57780.000 1978 COM2 64 0R0 353 0.3 7.5 67.7 1.0137 0.00 0.0M
57840.000 1978 COM2 64 0R0 046 0.8 7.5 68.0 1.0137 0.00 0.0M
57900.000 1978 COM2 64 0R0 339 0.6 7.5 67.8 1.0137 0.00 0.0M
57960.000 1978 COM2 64 0R0 035 0.6 7.5 68.0 1.0136 0.00 0.0M
58020.000 1978 COM2 64 0R0 035 0.9 7.4 68.0 1.0136 0.00 0.0M
58080.000 1978 COM2 64 0R0 005 0.4 7.4 68.1 1.0136 0.00 0.0M
58140.000 1978 COM2 64 0R0 040 0.9 7.4 68.3 1.0136 0.00 0.0M
58200.000 1978 COM2 64 0R0 336 0.3 7.4 68.2 1.0136 0.00 0.0M
58260.000 1978 COM2 64 0R0 035 0.7 7.3 68.6 1.0136 0.00 0.0M
58320.000 1978 COM2 64 0R0 075 0.6 7.3 68.4 1.0136 0.00 0.0M
58380.000 1978 COM2 64 0R0 042 0.9 7.3 68.7 1.0136 0.00 0.0M
58440.000 1978 COM2 64 0R0 346 0.6 7.3 68.8 1.0136 0.00 0.0M
58500.000 1978 COM2 64 0R0 023 1.2 7.3 69.0 1.0136 0.00 0.0M
58560.000 1978 COM2 64 0R0 045 1.1 7.2 68.9 1.0136 0.00 0.0M
58620.000 1978 COM2 64 0R0 053 0.4 7.2 69.0 1.0136 0.00 0.0M
58680.000 1978 COM2 64 0R0 021 1.2 7.2 68.8 1.0136 0.00 0.0M
58740.000 1978 COM2 64 0R0 057 0.4 7.2 69.1 1.0135 0.00 0.0M
58800.000 1978 COM2 64 0R0 029 1.0 7.2 69.1 1.0135 0.00 0.0M
58860.000 1978 COM2 64 0R0 044 0.8 7.2 69.3 1.0135 0.00 0.0M
58920.000 1978 COM2 64 0R0 009 0.4 7.2 69.6 1.0135 0.00 0.0M
58980.000 1978 COM2 64 0R0 047 0.9 7.2 69.4 1.0135 0.00 0.0M
59040.000 1978 COM2 64 0R0 049 0.5 7.2 69.4 1.0135 0.00 0.0M
59100.000 1978 COM2 64 0R0 030 0.7 7.2 69.4 1.0135 0.00 0.0M
59160.000 1978 COM2 64 0R0 021 0.7 7.2 69.3 1.0135 0.00 0.0M
59220.000 1978 COM2 64 0R0 021 0.5 7.2 69.0 1.0135 0.00 0.0M
59280.000 1978 COM2 64 0R0 029 0.9 7.2 68.9 1.0135 0.00 0.0M
59340.000 1978 COM2 64 0R0 018 1.0 7.2 68.9 1.0135 0.00 0.0M
59400.000 1978 COM2 64 0R0 355 0.5 7.3 68.9 1.0135 0.00 0.0M
59460.000 1978 COM2 64 0R0 308 0.3 7.3 68.8 1.0135 0.00 0.0M
59520.000 1978 COM2 64 0R0 235 0.2 7.3 68.8 1.0135 0.00 0.0M
59580.000 1978 COM2 64 0R0 007 0.1 7.3 68.9 1.0135 0.00 0.0M
59640.100 1978 COM2 64 0R0 314 0.2 7.4 68.7 1.0135 0.00 0.0M
59700.000 1978 COM2 64 0R0 248 0.2 7.4 68.5 1.0135 0.00 0.0M
59760.000 1978 COM2 64 0R0 062 0.8 7.4 68.4 1.0135 0.00 0.0M
59820.000 1978 COM2 64 0R0 049 0.1 7.5 68.3 1.0135 0.00 0.0M
59880.000 1978 COM2 64 0R0 056 0.2 7.5 68.4 1.0135 0.00 0.0M
59940.000 1978 COM2 64 0R0 071 0.2 7.5 68.3 1.0135 0.00 0.0M
60000.000 1978 COM2 64 0R0 238 0.2 7.5 68.4 1.0135 0.00 0.0M
60060.000 1978 COM2 64 0R0 042 0.4 7.5 68.1 1.0135 0.00 0.0M
60120.000 1978 COM2 64 0R0 064 0.1 7.6 67.7 1.0135 0.00 0.0M
60180.000 1978 COM2 64 0R0 025 0.6 7.6 67.5 1.0135 0.00 0.0M
60240.000 1978 COM2 64 0R0 005 0.1 7.5 67.6 1.0135 0.00 0.0M
60300.000 1978 COM2 64 0R0 088 0.1 7.5 68.0 1.0135 0.00 0.0M
60360.000 1978 COM2 64 0R0 351 0.3 7.5 68.0 1.0135 0.00 0.0M
60420.000 1978 COM2 64 0R0 340 0.4 7.5 68.0 1.0135 0.00 0.0M
60480.000 1978 COM2 64 0R0 040 0.2 7.6 67.8 1.0135 0.00 0.0M
60540.000 1978 COM2 64 0R0 007 0.7 7.6 67.6 1.0134 0.00 0.0M
60600.000 1978 COM2 64 0R0 281 0.5 7.6 67.3 1.0134 0.00 0.0M
60660.000 1978 COM2 64 0R0 041 0.6 7.7 67.3 1.0134 0.00 0.0M
60720.000 1978 COM2 64 0R0 061 0.6 7.7 67.2 1.0134 0.00 0.0M
60780.000 1978 COM2 64 0R0 026 0.8 7.7 67.3 1.0134 0.00 0.0M
60840.000 1978 COM2 64 0R0 036 0.9 7.6 67.4 1.0134 0.00 0.0M
60900.000 1978 COM2 64 0R0 012 0.3 7.6 67.5 1.0134 0.00 0.0M
60960.000 1978 COM2 64 0R0 036 0.6 7.5 67.8 1.0134 0.00 0.0M
61020.000 1978 COM2 64 0R0 005 0.2 7.5 67.9 1.0134 0.00 0.0M
61080.000 1978 COM2 64 0R0 325 0.4 7.5 68.3 1.0133 0.00 0.0M
61140.000 1978 COM2 64 0R0 225 0.1 7.5 68.4 1.0133 0.00 0.0M
61200.000 1978 COM2 64 0R0 051 0.2 7.5 68.1 1.0133 0.00 0.0M
61260.000 1978 COM2 64 0R0 065 0.5 7.5 67.9 1.0133 0.00 0.0M
61320.000 1978 COM2 64 0R0 066 0.6 7.6 67.9 1.0132 0.00 0.0M
61380.000 1978 COM2 64 0R0 093 0.2 7.6 67.8 1.0132 0.00 0.0M
61440.000 1978 COM2 64 0R0 346 0.6 7.6 67.7 1.0132 0.00 0.0M
61500.000 1978 COM2 64 0R0 027 0.8 7.6 67.6 1.0132 0.00 0.0M
61560.000 1978 COM2 64 0R0 046 0.3 7.6 67.4 1.0132 0.00 0.0M
61620.000 1978 COM2 64 0R0 034 0.6 7.6 67.6 1.0132 0.00 0.0M
61680.000 1978 COM2 64 0R0 022 0.9 7.5 67.4 1.0132 0.00 0.0M
61740.000 1978 COM2 64 0R0 038 0.2 7.5 67.6 1.0131 0.00 0.0M
61800.000 1978 COM2 64 0R0 028 0.7 7.4 68.1 1.0131 0.00 0.0M
61860.000 1978 COM2 64 0R0 031 0.3 7.4 68.1 1.0131 0.00 0.0M
61920.000 1978 COM2 64 0R0 034 0.6 7.5 68.3 1.0131 0.00 0.0M
61980.000 1978 COM2 64 0R0 037 0.8 7.5 67.8 1.0131 0.00 0.0M
62040.000 1978 COM2 64 0R0 352 0.5 7.5 67.7 1.0131 0.00 0.0M
62100.000 1978 COM2 64 0R0 043 0.4 7.5 67.9 1.0131 0.00 0.0M
62160.000 1978 COM2 64 0R0 164 0.2 7.5 67.8 1.0131 0.00 0.0M
62220.000 1978 COM2 64 0R0 029 0.3 7.5 67.9 1.0131 0.00 0.0M
62280.000 1978 COM2 64 0R0 098 0.4 7.6 67.8 1.0131 0.00 0.0M
62340.000 1978 COM2 64 0R0 181 0.3 7.6 67.7 1.0131 0.00 0.0M
62400.000 1978 COM2 64 0R0 287 0.4 7.7 67.7 1.0130 0.00 0.0M
62460.000 1978 COM2 64 0R0 039 0.4 7.7 67.6 1.0130 0.00 0.0M
62520.000 1978 COM2 64 0R0 152 0.1 7.8 67.4 1.0130 0.00 0.0M
62580.000 1978 COM2 64 0R0 019 0.2 7.8 67.0 1.0129 0.00 0.0M
62640.000 1978 COM2 64 0R0 348 0.2 7.8 67.2 1.0129 0.00 0.0M
62700.000 1978 COM2 64 0R0 285 0.3 7.8 67.3 1.0129 0.00 0.0M
62760.000 1978 COM2 64 0R0 315 0.2 7.9 66.9 1.0129 0.00 0.0M
62820.000 1978 COM2 64 0R0 341 0.3 8.0 66.4 1.0129 0.00 0.0M
62880.000 1978 COM2 64 0R0 018 0.8 8.1 65.9 1.0129 0.00 0.0M
62940.000 1978 COM2 64 0R0 054 0.2 8.1 65.9 1.0129 0.00 0.0M
63000.000 1978 COM2 64 0R0 018 0.5 8.1 66.4 1.0129 0.00 0.0M
63060.000 1978 COM2 64 0R0 041 0.1 8.1 66.0 1.0129 0.00 0.0M
63120.000 1978 COM2 64 0R0 329 0.2 8.2 66.2 1.0129 0.00 0.0M
63180.000 1978 COM2 64 0R0 336 0.2 8.2 65.9 1.0129 0.00 0.0M
63240.000 1978 COM2 64 0R0 343 0.3 8.2 65.4 1.0129 0.00 0.0M
63300.000 1978 COM2 64 0R0 058 0.3 8.2 65.7 1.0129 0.00 0.0M
63360.000 1978 COM2 64 0R0 013 0.2 8.2 65.6 1.0129 0.00 0.0M
63420.000 1978 COM2 64 0R0 077 0.6 8.2 65.9 1.0129 0.00 0.0M
63480.000 1978 COM2 64 0R0 105 0.7 8.2 65.9 1.0128 0.00 0.0M
63540.000 1978 COM2 64 0R0 094 0.7 8.2 65.7 1.0128 0.00 0.0M
63600.000 1978 COM2 64 0R0 079 0.5 8.2 65.6 1.0128 0.00 0.0M
63660.000 1978 COM2 64 0R0 240 0.2 8.3 65.6 1.0128 0.00 0.0M
63720.000 1978 COM2 64 0R0 003 0.4 8.3 65.6 1.0128 0.00 0.0M
63780.000 1978 COM2 64 0R0 348 0.3 8.3 65.6 1.0128 0.00 0.0M
63840.000 1978 COM2 64 0R0 130 0.8 8.4 65.4 1.0128 0.00 0.0M
63900.000 1978 COM2 64 0R0 159 0.3 8.5 65.1 1.0128 0.00 0.0M
63960.000 1978 COM2 64 0R0 019 0.2 8.5 65.0 1.0128 0.00 0.0M
64020.000 1978 COM2 64 0R0 328 0.1 8.6 64.7 1.0128 0.00 0.0M
64080.000 1978 COM2 64 0R0 144 0.3 8.7 64.6 1.0128 0.00 0.0M
64140.200 1978 COM2 64 0R0 187 0.7 8.7 64.3 1.0128 0.00 0.0M
64200.200 1978 COM2 64 0R0 246 0.2 8.7 64.2 1.0128 0.00 0.0M
64260.200 1978 COM2 64 0R0 340 0.3 8.7 64.4 1.0127 0.00 0.0M
64320.200 1978 COM2 64 0R0 321 0.4 8.7 64.2 1.0127 0.00 0.0M
64380.200 1978 COM2 64 0R0 198 0.8 8.7 64.4 1.0127 0.00 0.0M
64440.200 1978 COM2 64 0R0 056 0.3 8.7 64.5 1.0127 0.00 0.0M
64500.200 1978 COM2 64 0R0 194 0.6 8.7 64.4 1.0127 0.00 0.0M
64560.200 1978 COM2 64 0R0 147 0.1 8.8 64.2 1.0127 0.00 0.0M
64620.200 1978 COM2 64 0R0 224 0.1 8.8 64.2 1.0127 0.00 0.0M
64680.200 1978 COM2 64 0R0 048 0.3 8.8 64.2 1.0127 0.00 0.0M
64740.200 1978 COM2 64 0R0 040 0.4 8.8 64.4 1.0126 0.00 0.0M
64800.200 1978 COM2 64 0R0 030 0.3 8.9 63.7 1.0126 0.00 0.0M
64860.200 1978 COM2 64 0R0 116 0.3 9.0 63.8 1.0126 0.00 0.0M
64920.200 1978 COM2 64 0R0 351 0.3 9.0 63.6 1.0126 0.00 0.0M
64980.000 1978 COM2 64 0R0 200 0.2 9.0 63.6 1.0126 0.00 0.0M
65040.000 1978 COM2 64 0R0 120 0.4 9.1 63.4 1.0126 0.00 0.0M
65100.000 1978 COM2 64 0R0 288 0.5 9.1 63.4 1.0126 0.00 0.0M
65160.000 1978 COM2 64 0R0 352 0.3 9.1 63.5 1.0126 0.00 0.0M
65220.000 1978 COM2 64 0R0 145 0.2 9.2 63.3 1.0126 0.00 0.0M
65280.000 1978 COM2 64 0R0 358 0.1 9.2 63.2 1.0126 0.00 0.0M
65340.000 1978 COM2 64 0R0 222 0.2 9.2 63.3 1.0126 0.00 0.0M
65400.000 1978 COM2 64 0R0 053 0.1 9.2 62.9 1.0126 0.00 0.0M
65460.000 1978 COM2 64 0R0 186 0.4 9.2 63.0 1.0126 0.00 0.0M
65520.000 1978 COM2 64 0R0 285 0.2 9.2 63.1 1.0126 0.00 0.0M
65580.000 1978 COM2 64 0R0 183 0.3 9.3 62.8 1.0127 0.00 0.0M
65640.000 1978 COM2 64 0R0 271 0.2 9.3 62.9 1.0127 0.00 0.0M
65700.000 1978 COM2 64 0R0 318 0.4 9.3 63.0 1.0127 0.00 0.0M
65760.000 1978 COM2 64 0R0 338 0.1 9.3 63.0 1.0127 0.00 0.0M
65820.000 1978 COM2 64 0R0 003 0.2 9.3 62.7 1.0127 0.00 0.0M
65880.000 1978 COM2 64 0R0 012 0.2 9.3 62.8 1.0128 0.00 0.0M
65940.000 1978 COM2 64 0R0 019 0.2 9.3 62.8 1.0128 0.00 0.0M
66000.000 1978 COM2 64 0R0 071 0.2 9.3 62.6 1.0127 0.00 0.0M
66060.000 1978 COM2 64 0R0 113 0.2 9.3 62.7 1.0127 0.00 0.0M
66120.000 1978 COM2 64 0R0 062 0.2 9.3 62.7 1.0127 0.00 0.0M
66180.000 1978 COM2 64 0R0 213 0.2 9.3 63.2 1.0127 0.00 0.0M
66240.000 1978 COM2 64 0R0 115 0.4 9.3 63.2 1.0127 0.00 0.0M
66300.000 1978 COM2 64 0R0 100 0.4 9.3 63.2 1.0127 0.00 0.0M
66360.000 1978 COM2 64 0R0 343 0.1 9.3 63.1 1.0127 0.00 0.0M
66420.000 1978 COM2 64 0R0 101 0.1 9.4 63.3 1.0127 0.00 0.0M
66480.000 1978 COM2 64 0R0 006 0.2 9.4 63.2 1.0127 0.00 0.0M
66540.000 1978 COM2 64 0R0 270 0.3 9.4 63.0 1.0127 0.00 0.0M
66600.000 1978 COM2 64 0R0 208 0.9 9.4 63.1 1.0127 0.00 0.0M
66660.000 1978 COM2 64 0R0 163 1.1 9.4 63.3 1.0127 0.00 0.0M
66720.000 1978 COM2 64 0R0 234 0.9 9.3 63.8 1.0127 0.00 0.0M
66780.000 1978 COM2 64 0R0 197 1.1 9.2 64.4 1.0127 0.00 0.0M
66840.000 1978 COM2 64 0R0 315 0.6 9.1 64.5 1.0127 0.00 0.0M
66900.000 1978 COM2 64 0R0 214 1.3 9.1 64.9 1.0127 0.00 0.0M
66960.000 1978 COM2 64 0R0 197 1.6 9.0 65.0 1.0127 0.00 0.0M
67020.000 1978 COM2 64 0R0 189 0.2 8.9 65.7 1.0128 0.00 0.0M
67080.000 1978 COM2 64 0R0 200 1.0 8.9 65.6 1.0127 0.00 0.0M
67140.000 1978 COM2 64 0R0 207 0.4 8.9 65.8 1.0127 0.00 0.0M
67200.000 1978 COM2 64 0R0 204 0.3 9.0 65.4 1.0127 0.00 0.0M
67260.000 1978 COM2 64 0R0 275 0.3 9.1 65.4 1.0127 0.00 0.0M
67320.000 1978 COM2 64 0R0 225 0.6 9.2 65.2 1.0127 0.00 0.0M
67380.000 1978 COM2 64 0R0 204 0.4 9.2 65.0 1.0127 0.00 0.0M
67440.000 1978 COM2 64 0R0 215 0.4 9.3 64.8 1.0127 0.00 0.0M
67500.000 1978 COM2 64 0R0 254 0.6 9.3 65.0 1.0127 0.00 0.0M
67560.000 1978 COM2 64 0R0 218 0.8 9.3 64.9 1.0127 0.00 0.0M
67620.000 1978 COM2 64 0R0 127 0.3 9.2 65.0 1.0128 0.00 0.0M
67680.000 1978 COM2 64 0R0 233 0.6 9.2 65.3 1.0128 0.00 0.0M
67740.000 1978 COM2 64 0R0 274 0.2 9.1 65.5 1.0128 0.00 0.0M
67800.000 1978 COM2 64 0R0 358 0.2 9.1 65.5 1.0128 0.00 0.0M
67860.000 1978 COM2 64 0R0 325 0.2 9.1 65.4 1.0128 0.00 0.0M
67920.000 1978 COM2 64 0R0 102 0.6 9.2 64.2 1.0128 0.00 0.0M
67980.000 1978 COM2 64 0R0 032 0.8 9.2 63.9 1.0128 0.00 0.0M
68040.000 1978 COM2 64 0R0 337 0.3 9.1 64.0 1.0129 0.00 0.0M
68100.000 1978 COM2 64 0R0 020 0.6 9.1 64.0 1.0129 0.00 0.0M
68160.000 1978 COM2 64 0R0 250 0.4 9.1 64.2 1.0129 0.00 0.0M
68220.000 1978 COM2 64 0R0 174 0.3 9.1 64.5 1.0129 0.00 0.0M
68280.000 1978 COM2 64 0R0 001 0.4 9.0 64.5 1.0129 0.00 0.0M
68340.000 1978 COM2 64 0R0 031 0.4 9.1 64.4 1.0129 0.00 0.0M
68400.000 1978 COM2 64 0R0 228 0.7 9.1 64.5 1.0128 0.00 0.0M
68460.000 1978 COM2 64 0R0 307 1.0 9.1 64.5 1.0128 0.00 0.0M
68520.000 1978 COM2 64 0R0 264 1.0 9.1 64.4 1.0128 0.00 0.0M
68580.000 1978 COM2 64 0R0 260 0.2 9.1 64.7 1.0128 0.00 0.0M
68640.000 1978 COM2 64 0R0 236 0.4 9.1 64.9 1.0128 0.00 0.0M
68700.000 1978 COM2 64 0R0 160 0.3 9.1 64.8 1.0128 0.00 0.0M
68760.000 1978 COM2 64 0R0 037 0.4 9.1 64.8 1.0128 0.00 0.0M
68820.000 1978 COM2 64 0R0 037 0.3 9.1 64.8 1.0128 0.00 0.0M
68880.000 1978 COM2 64 0R0 177 0.2 9.1 64.9 1.0128 0.00 0.0M
68940.000 1978 COM2 64 0R0 321 0.2 9.1 64.8 1.0128 0.00 0.0M
69000.000 1978 COM2 64 0R0 251 0.5 9.2 64.7 1.0128 0.00 0.0M
69060.000 1978 COM2 64 0R0 213 0.3 9.2 65.0 1.0128 0.00 0.0M
69120.000 1978 COM2 64 0R0 251 0.4 9.2 65.1 1.0128 0.00 0.0M
69180.000 1978 COM2 64 0R0 251 0.2 9.2 65.2 1.0129 0.00 0.0M
69240.000 1978 COM2 64 0R0 143 0.4 9.2 65.2 1.0129 0.00 0.0M
69300.000 1978 COM2 64 0R0 282 1.8 9.2 65.2 1.0129 0.00 0.0M
69360.000 1978 COM2 64 0R0 262 0.7 9.2 65.4 1.0129 0.00 0.0M
69420.000 1978 COM2 64 0R0 274 1.3 9.1 65.7 1.0129 0.00 0.0M
69480.000 1978 COM2 64 0R0 283 1.0 9.0 65.7 1.0129 0.00 0.0M
69540.100 1978 COM2 64 0R0 280 1.1 9.0 66.0 1.0129 0.00 0.0M
69600.100 1978 COM2 64 0R0 285 1.2 8.9 66.3 1.0129 0.00 0.0M
69660.100 1978 COM2 64 0R0 282 1.0 8.9 66.4 1.0129 0.00 0.0M
69720.100 1978 COM2 64 0R0 275 0.5 8.9 66.5 1.0129 0.00 0.0M
69780.100 1978 COM2 64 0R0 051 0.4 8.9 66.7 1.0129 0.00 0.0M
69840.100 1978 COM2 64 0R0 289 0.7 8.9 66.7 1.0129 0.00 0.0M
69900.100 1978 COM2 64 0R0 262 0.4 8.9 66.7 1.0129 0.00 0.0M
69960.100 1978 COM2 64 0R0 233 0.5 8.9 66.7 1.0130 0.00 0.0M
70020.100 1978 COM2 64 0R0 265 0.8 8.9 66.7 1.0130 0.00 0.0M
70080.100 1978 COM2 64 0R0 278 1.1 8.9 66.6 1.0130 0.00 0.0M
70140.100 1978 COM2 64 0R0 201 0.8 8.9 66.7 1.0130 0.00 0.0M
70200.100 1978 COM2 64 0R0 252 0.6 8.9 66.7 1.0130 0.00 0.0M
70260.100 1978 COM2 64 0R0 234 0.5 8.9 66.6 1.0130 0.00 0.0M
70320.100 1978 COM2 64 0R0 243 0.6 8.9 66.6 1.0130 0.00 0.0M
70380.100 1978 COM2 64 0R0 262 0.8 8.9 66.6 1.0130 0.00 0.0M
70440.100 1978 COM2 64 0R0 156 0.4 8.9 66.7 1.0130 0.00 0.0M
70500.100 1978 COM2 64 0R0 256 1.5 8.9 66.7 1.0130 0.00 0.0M
70560.100 1978 COM2 64 0R0 229 0.6 8.9 66.8 1.0130 0.00 0.0M
70620.100 1978 COM2 64 0R0 228 0.8 8.9 66.9 1.0130 0.00 0.0M
70680.000 1978 COM2 64 0R0 310 0.2 8.8 67.2 1.0130 0.00 0.0M
70740.100 1978 COM2 64 0R0 310 1.1 8.8 67.1 1.0130 0.00 0.0M
70800.000 1978 COM2 64 0R0 252 0.3 8.8 67.0 1.0130 0.00 0.0M
70860.100 1978 COM2 64 0R0 289 1.0 8.9 66.9 1.0130 0.00 0.0M
70920.000 1978 COM2 64 0R0 293 1.2 8.9 67.0 1.0130 0.00 0.0M
70980.100 1978 COM2 64 0R0 258 0.8 8.9 66.7 1.0130 0.00 0.0M
71040.000 1978 COM2 64 0R0 334 0.5 8.8 66.8 1.0131 0.00 0.0M
71100.000 1978 COM2 64 0R0 351 0.2 8.8 66.9 1.0131 0.00 0.0M
71160.000 1978 COM2 64 0R0 016 1.8 8.8 66.4 1.0131 0.00 0.0M
71220.000 1978 COM2 64 0R0 033 1.4 8.8 65.8 1.0131 0.00 0.0M
71280.000 1978 COM2 64 0R0 355 1.0 8.7 66.1 1.0131 0.00 0.0M
71340.000 1978 COM2 64 0R0 033 1.0 8.7 66.2 1.0131 0.00 0.0M
71400.000 1978 COM2 64 0R0 021 1.1 8.7 66.2 1.0131 0.00 0.0M
71460.000 1978 COM2 64 0R0 338 0.2 8.7 66.2 1.0131 0.00 0.0M
71520.000 1978 COM2 64 0R0 061 0.8 8.6 66.5 1.0131 0.00 0.0M
71580.000 1978 COM2 64 0R0 024 1.3 8.7 66.4 1.0131 0.00 0.0M
71640.000 1978 COM2 64 0R0 334 0.6 8.6 66.4 1.0132 0.00 0.0M
71700.000 1978 COM2 64 0R0 093 0.7 8.6 66.4 1.0132 0.00 0.0M
71760.000 1978 COM2 64 0R0 048 0.9 8.6 66.8 1.0132 0.00 0.0M
71820.000 1978 COM2 64 0R0 039 0.7 8.7 66.2 1.0132 0.00 0.0M
71880.000 1978 COM2 64 0R0 340 1.0 8.7 66.1 1.0132 0.00 0.0M
71940.000 1978 COM2 64 0R0 025 0.9 8.7 66.2 1.0132 0.00 0.0M
72000.000 1978 COM2 64 0R0 003 0.5 8.7 66.2 1.0131 0.00 0.0M
72060.000 1978 COM2 64 0R0 020 1.2 8.6 66.4 1.0131 0.00 0.0M
72120.000 1978 COM2 64 0R0 067 0.5 8.6 66.5 1.0131 0.00 0.0M
72180.000 1978 COM2 64 0R0 068 0.6 8.5 66.6 1.0131 0.00 0.0M
72240.000 1978 COM2 64 0R0 332 0.6 8.5 66.8 1.0131 0.00 0.0M
72300.000 1978 COM2 64 0R0 012 0.7 8.5 67.0 1.0131 0.00 0.0M
72360.000 1978 COM2 64 0R0 077 0.5 8.5 66.8 1.0131 0.00 0.0M
72420.000 1978 COM2 64 0R0 024 0.4 8.6 66.9 1.0131 0.00 0.0M
72480.000 1978 COM2 64 0R0 022 1.5 8.6 66.7 1.0131 0.00 0.0M
72540.000 1978 COM2 64 0R0 356 1.2 8.6 66.5 1.0131 0.00 0.0M
72600.100 1978 COM2 64 0R0 029 1.1 8.7 66.4 1.0131 0.00 0.0M
72660.100 1978 COM2 64 0R0 335 0.2 8.7 66.4 1.0131 0.00 0.0M
72720.100 1978 COM2 64 0R0 005 0.6 8.7 66.4 1.0132 0.00 0.0M
72780.100 1978 COM2 64 0R0 023 1.0 8.7 66.5 1.0132 0.00 0.0M
72840.100 1978 COM2 64 0R0 038 1.6 8.7 66.2 1.0132 0.00 0.0M
72900.100 1978 COM2 64 0R0 021 1.0 8.7 66.2 1.0132 0.00 0.0M
72960.000 1978 COM2 64 0R0 317 0.4 8.7 66.2 1.0132 0.00 0.0M
73020.000 1978 COM2 64 0R0 041 1.4 8.7 66.4 1.0132 0.00 0.0M
73080.000 1978 COM2 64 0R0 091 0.4 8.7 66.4 1.0132 0.00 0.0M
73140.000 1978 COM2 64 0R0 006 0.9 8.7 66.2 1.0132 0.00 0.0M
73200.000 1978 COM2 64 0R0 348 0.3 8.7 66.3 1.0132 0.00 0.0M
73260.000 1978 COM2 64 0R0 341 0.9 8.7 66.4 1.0132 0.00 0.0M
73320.000 1978 COM2 64 0R0 025 1.1 8.7 66.4 1.0132 0.00 0.0M
73380.000 1978 COM2 64 0R0 290 0.3 8.7 66.3 1.0131 0.00 0.0M
73440.000 1978 COM2 64 0R0 303 0.3 8.7 66.4 1.0131 0.00 0.0M
73500.000 1978 COM2 64 0R0 027 0.6 8.7 66.6 1.0131 0.00 0.0M
73560.100 1978 COM2 64 0R0 013 0.9 8.7 66.4 1.0131 0.00 0.0M
73620.100 1978 COM2 64 0R0 019 1.0 8.7 66.5 1.0131 0.00 0.0M
73680.100 1978 COM2 64 0R0 038 0.5 8.6 66.5 1.0131 0.00 0.0M
73740.100 1978 COM2 64 0R0 350 0.4 8.6 66.7 1.0131 0.00 0.0M
73800.100 1978 COM2 64 0R0 006 0.8 8.6 66.7 1.0131 0.00 0.0M
73860.100 1978 COM2 64 0R0 027 0.9 8.6 66.6 1.0131 0.00 0.0M
73920.100 1978 COM2 64 0R0 359 0.3 8.7 66.6 1.0131 0.00 0.0M
73980.100 1978 COM2 64 0R0 256 0.6 8.6 66.8 1.0131 0.00 0.0M
74040.100 1978 COM2 64 0R0 024 0.7 8.6 67.0 1.0131 0.00 0.0M
74100.100 1978 COM2 64 0R0 315 0.2 8.7 66.6 1.0131 0.00 0.0M
74160.100 1978 COM2 64 0R0 335 0.4 8.7 66.5 1.0131 0.00 0.0M
74220.100 1978 COM2 64 0R0 277 0.2 8.8 66.5 1.0132 0.00 0.0M
74280.100 1978 COM2 64 0R0 347 0.4 8.9 66.5 1.0132 0.00 0.0M
74340.100 1978 COM2 64 0R0 329 0.4 8.9 66.1 1.0132 0.00 0.0M
74400.100 1978 COM2 64 0R0 107 0.6 9.0 65.8 1.0132 0.00 0.0M
74460.100 1978 COM2 64 0R0 060 0.3 9.0 65.8 1.0132 0.00 0.0M
74520.100 1978 COM2 64 0R0 083 0.1 9.0 65.7 1.0132 0.00 0.0M
74580.100 1978 COM2 64 0R0 330 0.3 9.0 65.9 1.0133 0.00 0.0M
74640.100 1978 COM2 64 0R0 345 0.4 9.0 65.9 1.0133 0.00 0.0M
74700.100 1978 COM2 64 0R0 256 0.6 9.1 65.7 1.0133 0.00 0.0M
74760.100 1978 COM2 64 0R0 156 0.5 9.1 65.4 1.0133 0.00 0.0M
74820.100 1978 COM2 64 0R0 271 1.1 9.1 65.5 1.0133 0.00 0.0M
74880.100 1978 COM2 64 0R0 207 0.4 9.1 65.6 1.0133 0.00 0.0M
74940.100 1978 COM2 64 0R0 342 0.3 9.1 65.8 1.0133 0.00 0.0M
75000.100 1978 COM2 64 0R0 238 0.5 9.1 66.0 1.0133 0.00 0.0M
75060.100 1978 COM2 64 0R0 265 1.1 9.1 65.8 1.0133 0.00 0.0M
75120.100 1978 COM2 64 0R0 238 0.6 9.0 66.1 1.0133 0.00 0.0M
75180.000 1978 COM2 64 0R0 274 0.9 9.0 66.3 1.0134 0.00 0.0M
75240.000 1978 COM2 64 0R0 240 0.4 8.9 66.5 1.0134 0.00 0.0M
75300.000 1978 COM2 64 0R0 296 0.6 8.9 66.5 1.0134 0.00 0.0M
75360.000 1978 COM2 64 0R0 296 1.1 8.9 66.8 1.0134 0.00 0.0M
75420.000 1978 COM2 64 0R0 285 1.1 8.9 67.0 1.0134 0.00 0.0M
75480.000 1978 COM2 64 0R0 263 0.2 8.9 67.0 1.0134 0.00 0.0M
75540.000 1978 COM2 64 0R0 278 1.3 8.9 67.0 1.0134 0.00 0.0M
75600.000 1978 COM2 64 0R0 258 1.1 8.9 67.3 1.0134 0.00 0.0M
75660.000 1978 COM2 64 0R0 256 0.9 8.9 67.4 1.0134 0.00 0.0M
75720.000 1978 COM2 64 0R0 308 0.5 8.8 67.5 1.0134 0.00 0.0M
75780.000 1978 COM2 64 0R0 294 0.9 8.8 67.7 1.0134 0.00 0.0M
75840.000 1978 COM2 64 0R0 255 0.4 8.8 67.8 1.0135 0.00 0.0M
75900.000 1978 COM2 64 0R0 303 0.4 8.8 67.7 1.0135 0.00 0.0M
75960.000 1978 COM2 64 0R0 237 0.3 8.8 67.7 1.0135 0.00 0.0M
76020.000 1978 COM2 64 0R0 256 1.2 8.9 67.7 1.0135 0.00 0.0M
76080.000 1978 COM2 64 0R0 294 0.9 8.9 67.6 1.0135 0.00 0.0M
76140.000 1978 COM2 64 0R0 243 0.5 8.9 67.7 1.0134 0.00 0.0M
76200.000 1978 COM2 64 0R0 212 0.7 8.9 67.7 1.0135 0.00 0.0M
76260.000 1978 COM2 64 0R0 218 0.4 8.9 67.6 1.0135 0.00 0.0M
76320.000 1978 COM2 64 0R0 280 0.8 8.9 67.6 1.0134 0.00 0.0M
76380.000 1978 COM2 64 0R0 196 1.3 8.9 67.5 1.0134 0.00 0.0M
76440.000 1978 COM2 64 0R0 261 1.1 8.9 67.6 1.0134 0.00 0.0M
76500.000 1978 COM2 64 0R0 262 1.0 8.9 67.6 1.0134 0.00 0.0M
76560.000 1978 COM2 64 0R0 153 0.3 8.9 67.6 1.0134 0.00 0.0M
76620.000 1978 COM2 64 0R0 210 0.6 8.8 67.8 1.0134 0.00 0.0M
76680.000 1978 COM2 64 0R0 314 0.3 8.8 67.9 1.0135 0.00 0.0M
76740.000 1978 COM2 64 0R0 232 0.5 8.8 67.8 1.0134 0.00 0.0M
76800.000 1978 COM2 64 0R0 217 0.6 8.8 67.9 1.0134 0.00 0.0M
76860.000 1978 COM2 64 0R0 272 1.1 8.8 68.0 1.0134 0.00 0.0M
76920.000 1978 COM2 64 0R0 241 0.7 8.8 68.0 1.0134 0.00 0.0M
76980.000 1978 COM2 64 0R0 262 0.8 8.8 68.0 1.0134 0.00 0.0M
77040.000 1978 COM2 64 0R0 270 0.7 8.8 68.1 1.0135 0.00 0.0M
77100.000 1978 COM2 64 0R0 281 0.5 8.7 68.3 1.0135 0.00 0.0M
77160.000 1978 COM2 64 0R0 218 0.3 8.7 68.3 1.0135 0.00 0.0M
77220.000 1978 COM2 64 0R0 247 1.1 8.7 68.4 1.0135 0.00 0.0M
77280.000 1978 COM2 64 0R0 180 0.2 8.7 68.4 1.0135 0.00 0.0M
77340.000 1978 COM2 64 0R0 229 0.6 8.7 68.4 1.0135 0.00 0.0M
77400.000 1978 COM2 64 0R0 330 0.4 8.6 68.5 1.0135 0.00 0.0M
77460.000 1978 COM2 64 0R0 160 0.2 8.6 68.3 1.0135 0.00 0.0M
77520.000 1978 COM2 64 0R0 157 0.4 8.6 68.4 1.0136 0.00 0.0M
77580.000 1978 COM2 64 0R0 050 0.3 8.6 68.7 1.0136 0.00 0.0M
77640.000 1978 COM2 64 0R0 079 0.8 8.6 68.7 1.0136 0.00 0.0M
77700.000 1978 COM2 64 0R0 052 1.1 8.6 67.9 1.0136 0.00 0.0M
77760.000 1978 COM2 64 0R0 034 0.7 8.5 67.9 1.0135 0.00 0.0M
77820.000 1978 COM2 64 0R0 023 1.3 8.4 68.2 1.0135 0.00 0.0M
77880.000 1978 COM2 64 0R0 029 1.5 8.4 68.2 1.0135 0.00 0.0M
77940.000 1978 COM2 64 0R0 065 1.1 8.3 68.7 1.0135 0.00 0.0M
78000.000 1978 COM2 64 0R0 029 1.4 8.2 69.1 1.0135 0.00 0.0M
78060.000 1978 COM2 64 0R0 022 1.5 8.1 69.2 1.0135 0.00 0.0M
78120.000 1978 COM2 64 0R0 044 0.9 8.0 69.4 1.0136 0.00 0.0M
78180.000 1978 COM2 64 0R0 068 0.2 8.0 69.6 1.0136 0.00 0.0M
78240.000 1978 COM2 64 0R0 054 0.6 8.0 69.7 1.0136 0.00 0.0M
78300.000 1978 COM2 64 0R0 037 1.3 8.0 69.9 1.0136 0.00 0.0M
78360.000 1978 COM2 64 0R0 051 0.6 8.0 70.1 1.0136 0.00 0.0M
78420.000 1978 COM2 64 0R0 021 0.5 7.9 70.2 1.0136 0.00 0.0M
78480.000 1978 COM2 64 0R0 031 1.3 7.9 70.3 1.0136 0.00 0.0M
78540.000 1978 COM2 64 0R0 043 1.5 7.9 70.4 1.0136 0.00 0.0M
78600.000 1978 COM2 64 0R0 034 1.3 7.9 70.4 1.0136 0.00 0.0M
78660.000 1978 COM2 64 0R0 024 1.0 7.8 70.6 1.0136 0.00 0.0M
78720.000 1978 COM2 64 0R0 037 0.8 7.9 70.7 1.0136 0.00 0.0M
78780.000 1978 COM2 64 0R0 128 0.4 7.9 70.6 1.0136 0.00 0.0M
78840.000 1978 COM2 64 0R0 039 1.1 7.9 70.7 1.0136 0.00 0.0M
78900.000 1978 COM2 64 0R0 159 0.2 7.9 70.7 1.0136 0.00 0.0M
78960.000 1978 COM2 64 0R0 053 1.0 7.9 70.8 1.0136 0.00 0.0M
79020.000 1978 COM2 64 0R0 039 0.9 7.8 70.9 1.0136 0.00 0.0M
79080.000 1978 COM2 64 0R0 077 0.7 7.8 70.9 1.0137 0.00 0.0M
79140.000 1978 COM2 64 0R0 022 0.5 7.8 71.1 1.0137 0.00 0.0M
79200.000 1978 COM2 64 0R0 019 0.7 7.8 71.2 1.0137 0.00 0.0M
79260.000 1978 COM2 64 0R0 024 0.5 7.8 71.2 1.0137 0.00 0.0M
79320.000 1978 COM2 64 0R0 051 0.5 7.8 71.2 1.0137 0.00 0.0M
79380.000 1978 COM2 64 0R0 096 0.7 7.8 71.2 1.0137 0.00 0.0M
79440.000 1978 COM2 64 0R0 035 0.4 7.8 71.3 1.0137 0.00 0.0M
79500.000 1978 COM2 64 0R0 035 0.9 7.7 71.4 1.0137 0.00 0.0M
79560.000 1978 COM2 64 0R0 031 0.7 7.8 71.4 1.0137 0.00 0.0M
79620.000 1978 COM2 64 0R0 054 0.8 7.7 71.5 1.0137 0.00 0.0M
79680.000 1978 COM2 64 0R0 060 0.5 7.7 71.4 1.0137 0.00 0.0M
79740.000 1978 COM2 64 0R0 028 0.6 7.8 71.4 1.0138 0.00 0.0M
79800.000 1978 COM2 64 0R0 353 0.8 7.7 71.5 1.0138 0.00 0.0M
79860.000 1978 COM2 64 0R0 028 1.3 7.7 71.5 1.0139 0.00 0.0M
79920.000 1978 COM2 64 0R0 345 0.3 7.7 71.5 1.0139 0.00 0.0M
79980.000 1978 COM2 64 0R0 020 0.9 7.7 71.7 1.0139 0.00 0.0M
80040.000 1978 COM2 64 0R0 051 0.6 7.7 71.7 1.0139 0.00 0.0M
80100.000 1978 COM2 64 0R0 043 1.4 7.6 71.8 1.0139 0.00 0.0M
80160.000 1978 COM2 64 0R0 021 1.2 7.6 71.9 1.0139 0.00 0.0M
80220.000 1978 COM2 64 0R0 011 1.0 7.6 72.0 1.0139 0.00 0.0M
80280.000 1978 COM2 64 0R0 046 0.3 7.6 72.0 1.0139 0.00 0.0M
80340.000 1978 COM2 64 0R0 062 0.8 7.5 72.1 1.0139 0.00 0.0M
80400.000 1978 COM2 64 0R0 016 2.0 7.5 72.1 1.0140 0.00 0.0M
80460.000 1978 COM2 64 0R0 030 1.8 7.5 72.2 1.0140 0.00 0.0M
80520.000 1978 COM2 64 0R0 040 1.5 7.5 72.2 1.0140 0.00 0.0M
80580.000 1978 COM2 64 0R0 140 0.4 7.4 72.4 1.0140 0.00 0.0M
80640.000 1978 COM2 64 0R0 048 0.7 7.4 72.6 1.0141 0.00 0.0M
80700.000 1978 COM2 64 0R0 020 0.6 7.3 72.9 1.0141 0.00 0.0M
80760.000 1978 COM2 64 0R0 008 0.8 7.3 73.0 1.0141 0.00 0.0M
80820.000 1978 COM2 64 0R0 047 1.0 7.3 73.1 1.0141 0.00 0.0M
80880.000 1978 COM2 64 0R0 353 0.8 7.3 73.2 1.0141 0.00 0.0M
80940.000 1978 COM2 64 0R0 348 0.9 7.2 73.3 1.0141 0.00 0.0M
81000.000 1978 COM2 64 0R0 001 0.7 7.2 73.5 1.0142 0.00 0.0M
81060.000 1978 COM2 64 0R0 033 1.1 7.2 73.6 1.0142 0.00 0.0M
81120.000 1978 COM2 64 0R0 339 1.0 7.2 73.7 1.0142 0.00 0.0M
81180.000 1978 COM2 64 0R0 034 0.9 7.1 73.9 1.0143 0.00 0.0M
81240.000 1978 COM2 64 0R0 003 1.1 7.1 74.1 1.0143 0.00 0.0M
81300.000 1978 COM2 64 0R0 014 0.7 7.1 74.1 1.0143 0.00 0.0M
81360.000 1978 COM2 64 0R0 014 0.9 7.1 74.2 1.0143 0.00 0.0M
81420.000 1978 COM2 64 0R0 346 0.7 7.1 74.3 1.0143 0.00 0.0M
81480.000 1978 COM2 64 0R0 048 0.7 7.1 74.4 1.0143 0.00 0.0M
81540.000 1978 COM2 64 0R0 015 0.7 7.1 74.5 1.0143 0.00 0.0M
81600.000 1978 COM2 64 0R0 358 0.5 7.1 74.5 1.0144 0.00 0.0M
81660.000 1978 COM2 64 0R0 345 1.0 7.1 74.6 1.0144 0.00 0.0M
81720.000 1978 COM2 64 0R0 335 0.6 7.1 74.6 1.0144 0.00 0.0M
81780.000 1978 COM2 64 0R0 336 1.5 7.0 74.7 1.0144 0.00 0.0M
81840.000 1978 COM2 64 0R0 336 1.7 7.0 74.8 1.0144 0.00 0.0M
81900.000 1978 COM2 64 0R0 078 0.6 7.0 74.8 1.0144 0.00 0.0M
81960.000 1978 COM2 64 0R0 022 0.6 7.0 74.8 1.0144 0.00 0.0M
82020.000 1978 COM2 64 0R0 034 0.4 7.1 74.7 1.0144 0.00 0.0M
82080.000 1978 COM2 64 0R0 337 1.1 7.0 74.8 1.0144 0.00 0.0M
82140.000 1978 COM2 64 0R0 075 0.3 7.0 74.8 1.0144 0.00 0.0M
82200.000 1978 COM2 64 0R0 355 0.7 7.0 75.0 1.0144 0.00 0.0M
82260.000 1978 COM2 64 0R0 061 0.3 7.0 74.9 1.0145 0.00 0.0M
82320.000 1978 COM2 64 0R0 026 0.6 7.0 75.0 1.0145 0.00 0.0M
82380.000 1978 COM2 64 0R0 314 0.2 7.0 74.9 1.0145 0.00 0.0M
82440.000 1978 COM2 64 0R0 023 0.6 7.0 74.9 1.0145 0.00 0.0M
82500.000 1978 COM2 64 0R0 030 0.4 7.0 75.0 1.0145 0.00 0.0M
82560.000 1978 COM2 64 0R0 335 0.8 7.0 75.1 1.0144 0.00 0.0M
82620.000 1978 COM2 64 0R0 043 0.9 7.0 75.1 1.0144 0.00 0.0M
82680.000 1978 COM2 64 0R0 023 1.2 7.0 75.1 1.0144 0.00 0.0M
82740.000 1978 COM2 64 0R0 001 0.9 7.0 75.2 1.0144 0.00 0.0M
82800.000 1978 COM2 64 0R0 036 0.9 7.0 75.2 1.0144 0.00 0.0M
82860.000 1978 COM2 64 0R0 056 0.5 7.0 75.1 1.0144 0.00 0.0M
82920.000 1978 COM2 64 0R0 050 0.9 7.0 75.3 1.0144 0.00 0.0M
82980.000 1978 COM2 64 0R0 034 1.2 7.0 75.4 1.0144 0.00 0.0M
83040.000 1978 COM2 64 0R0 053 0.3 7.0 75.3 1.0143 0.00 0.0M
83100.000 1978 COM2 64 0R0 058 0.6 7.0 75.4 1.0143 0.00 0.0M
83160.000 1978 COM2 64 0R0 000 0.3 7.0 75.4 1.0144 0.00 0.0M
83220.000 1978 COM2 64 0R0 345 0.2 7.0 75.3 1.0144 0.00 0.0M
83280.000 1978 COM2 64 0R0 054 0.5 7.0 75.3 1.0144 0.00 0.0M
83340.000 1978 COM2 64 0R0 039 0.4 7.0 75.3 1.0144 0.00 0.0M
83400.000 1978 COM2 64 0R0 345 1.0 7.0 75.3 1.0145 0.00 0.0M
83460.000 1978 COM2 64 0R0 072 0.6 7.0 75.3 1.0145 0.00 0.0M
83520.000 1978 COM2 64 0R0 346 0.8 7.0 75.2 1.0145 0.00 0.0M
83580.000 1978 COM2 64 0R0 002 0.5 7.0 75.2 1.0145 0.00 0.0M
83640.000 1978 COM2 64 0R0 324 0.8 7.0 75.2 1.0145 0.00 0.0M
83700.000 1978 COM2 64 0R0 020 0.5 7.0 75.2 1.0145 0.00 0.0M
83760.000 1978 COM2 64 0R0 054 0.9 7.0 75.1 1.0146 0.00 0.0M
83820.000 1978 COM2 64 0R0 020 0.9 7.0 75.1 1.0146 0.00 0.0M
83880.000 1978 COM2 64 0R0 357 0.8 7.0 75.1 1.0146 0.00 0.0M
83940.000 1978 COM2 64 0R0 064 0.3 7.0 75.1 1.0146 0.00 0.0M
84000.000 1978 COM2 64 0R0 321 0.7 7.0 75.1 1.0146 0.00 0.0M
84060.000 1978 COM2 64 0R0 320 0.3 7.0 75.1 1.0146 0.00 0.0M
84120.000 1978 COM2 64 0R0 320 0.4 7.0 75.1 1.0147 0.00 0.0M
84180.000 1978 COM2 64 0R0 045 0.8 7.0 75.1 1.0147 0.00 0.0M
84240.000 1978 COM2 64 0R0 034 0.5 7.0 75.1 1.0147 0.00 0.0M
84300.000 1978 COM2 64 0R0 355 0.9 7.0 75.1 1.0147 0.00 0.0M
84360.000 1978 COM2 64 0R0 338 0.4 6.9 75.1 1.0147 0.00 0.0M
84420.000 1978 COM2 64 0R0 323 0.9 6.9 75.0 1.0147 0.00 0.0M
84480.000 1978 COM2 64 0R0 036 0.9 6.9 75.0 1.0147 0.00 0.0M
84540.000 1978 COM2 64 0R0 308 0.4 6.9 75.0 1.0147 0.00 0.0M
84600.000 1978 COM2 64 0R0 127 0.3 7.0 74.9 1.0147 0.00 0.0M
84660.000 1978 COM2 64 0R0 025 0.4 7.0 74.9 1.0147 0.00 0.0M
84720.000 1978 COM2 64 0R0 338 0.3 7.0 74.8 1.0147 0.00 0.0M
84780.000 1978 COM2 64 0R0 340 1.0 7.0 74.8 1.0147 0.00 0.0M
84840.000 1978 COM2 64 0R0 056 0.3 7.0 74.8 1.0147 0.00 0.0M
84900.000 1978 COM2 64 0R0 029 1.3 7.0 74.8 1.0147 0.00 0.0M
84960.000 1978 COM2 64 0R0 003 0.2 7.0 74.7 1.0147 0.00 0.0M
85020.000 1978 COM2 64 0R0 330 0.8 7.0 74.8 1.0147 0.00 0.0M
85080.000 1978 COM2 64 0R0 013 0.9 7.0 74.7 1.0147 0.00 0.0M
85140.000 1978 COM2 64 0R0 038 0.6 7.0 74.7 1.0147 0.00 0.0M
85200.000 1978 COM2 64 0R0 044 0.3 6.9 74.7 1.0147 0.00 0.0M
85260.000 1978 COM2 64 0R0 342 0.5 6.9 74.8 1.0147 0.00 0.0M
85320.000 1978 COM2 64 0R0 075 0.3 6.9 74.8 1.0148 0.00 0.0M
85380.000 1978 COM2 64 0R0 268 0.2 6.9 74.8 1.0148 0.00 0.0M
85440.000 1978 COM2 64 0R0 020 0.4 6.9 74.8 1.0148 0.00 0.0M
85500.000 1978 COM2 64 0R0 003 0.4 6.9 74.8 1.0148 0.00 0.0M
85560.000 1978 COM2 64 0R0 013 0.3 6.9 74.7 1.0148 0.00 0.0M
85620.000 1978 COM2 64 0R0 357 0.6 6.9 74.7 1.0148 0.00 0.0M
85680.000 1978 COM2 64 0R0 334 0.7 6.9 74.6 1.0148 0.00 0.0M
85740.000 1978 COM2 64 0R0 341 0.4 6.9 74.7 1.0148 0.00 0.0M
85800.000 1978 COM2 64 0R0 351 0.3 6.9 74.8 1.0148 0.00 0.0M
85860.000 1978 COM2 64 0R0 016 0.8 6.9 74.8 1.0148 0.00 0.0M
85920.000 1978 COM2 64 0R0 021 0.5 6.9 74.8 1.0148 0.00 0.0M
85980.000 1978 COM2 64 0R0 353 0.7 6.9 74.8 1.0148 0.00 0.0M
86040.000 1978 COM2 64 0R0 333 0.4 6.9 74.8 1.0148 0.00 0.0M
86100.000 1978 COM2 64 0R0 034 0.8 6.9 74.7 1.0148 0.00 0.0M
86160.000 1978 COM2 64 0R0 030 0.8 6.9 74.7 1.0148 0.00 0.0M
86220.000 1978 COM2 64 0R0 016 0.8 6.9 74.7 1.0149 0.00 0.0M
86280.000 1978 COM2 64 0R0 026 0.6 6.9 74.7 1.0149 0.00 0.0M
86340.000 1978 COM2 64 0R0 004 0.6 6.9 74.7 1.0149 0.00 0.0M
