TO [s] WNc [w] C StringLn ASCIIString
---------------------------------------
259200.000 1977 COM2 65 0R0 097 3.0 10.8 56.6 1.0163 0.00 0.0M
259260.000 1977 COM2 65 0R0 164 2.7 10.8 57.3 1.0163 0.00 0.0M
259320.000 1977 COM2 65 0R0 141 2.7 10.7 57.7 1.0163 0.00 0.0M
259380.000 1977 COM2 65 0R0 148 1.7 10.7 58.5 1.0163 0.00 0.0M
259440.000 1977 COM2 65 0R0 093 2.0 10.7 59.1 1.0163 0.00 0.0M
259500.000 1977 COM2 65 0R0 124 1.3 10.6 59.9 1.0163 0.00 0.0M
259560.000 1977 COM2 65 0R0 126 2.0 10.6 61.0 1.0163 0.00 0.0M
259620.000 1977 COM2 65 0R0 155 3.3 10.6 61.0 1.0163 0.00 0.0M
259680.000 1977 COM2 65 0R0 146 1.1 10.6 61.1 1.0162 0.00 0.0M
259740.000 1977 COM2 65 0R0 103 0.9 10.5 61.6 1.0163 0.00 0.0M
259800.000 1977 COM2 65 0R0 146 1.9 10.5 62.1 1.0162 0.00 0.0M
259860.000 1977 COM2 65 0R0 161 3.6 10.5 62.0 1.0163 0.00 0.0M
259920.000 1977 COM2 65 0R0 111 1.7 10.5 62.7 1.0163 0.00 0.0M
259980.000 1977 COM2 65 0R0 120 1.5 10.5 62.9 1.0163 0.00 0.0M
260040.000 1977 COM2 65 0R0 120 1.5 10.5 63.0 1.0163 0.00 0.0M
260100.000 1977 COM2 65 0R0 115 1.8 10.5 63.0 1.0163 0.00 0.0M
260160.000 1977 COM2 65 0R0 138 3.2 10.5 63.3 1.0163 0.00 0.0M
260220.000 1977 COM2 65 0R0 142 1.3 10.4 63.5 1.0163 0.00 0.0M
260280.000 1977 COM2 65 0R0 170 1.9 10.4 63.7 1.0163 0.00 0.0M
260340.000 1977 COM2 65 0R0 162 3.9 10.4 63.8 1.0163 0.00 0.0M
260400.000 1977 COM2 65 0R0 120 1.3 10.4 64.0 1.0163 0.00 0.0M
260460.000 1977 COM2 65 0R0 162 1.1 10.3 64.1 1.0163 0.00 0.0M
260520.000 1977 COM2 65 0R0 155 2.4 10.3 64.3 1.0163 0.00 0.0M
260580.000 1977 COM2 65 0R0 132 1.0 10.3 64.6 1.0163 0.00 0.0M
260640.000 1977 COM2 65 0R0 115 1.3 10.2 64.7 1.0163 0.00 0.0M
260700.000 1977 COM2 65 0R0 136 0.9 10.2 64.8 1.0163 0.00 0.0M
260760.000 1977 COM2 65 0R0 175 3.6 10.2 65.0 1.0163 0.00 0.0M
260820.000 1977 COM2 65 0R0 132 2.1 10.2 65.2 1.0163 0.00 0.0M
260880.000 1977 COM2 65 0R0 182 3.4 10.2 65.4 1.0163 0.00 0.0M
260940.000 1977 COM2 65 0R0 180 2.4 10.1 65.5 1.0163 0.00 0.0M
261000.000 1977 COM2 65 0R0 119 1.4 10.1 65.8 1.0163 0.00 0.0M
261060.000 1977 COM2 65 0R0 171 3.5 10.1 65.9 1.0163 0.00 0.0M
261120.000 1977 COM2 65 0R0 164 3.8 10.1 66.0 1.0163 0.00 0.0M
261180.100 1977 COM2 65 0R0 169 3.0 10.1 66.1 1.0163 0.00 0.0M
261240.000 1977 COM2 65 0R0 143 3.3 10.1 66.3 1.0163 0.00 0.0M
261300.000 1977 COM2 65 0R0 120 1.4 10.1 66.4 1.0163 0.00 0.0M
261360.000 1977 COM2 65 0R0 163 1.3 10.1 66.3 1.0163 0.00 0.0M
261420.200 1977 COM2 65 0R0 169 3.4 10.1 66.3 1.0163 0.00 0.0M
261480.000 1977 COM2 65 0R0 128 2.0 10.1 66.4 1.0164 0.00 0.0M
261540.000 1977 COM2 65 0R0 115 0.5 10.1 66.4 1.0164 0.00 0.0M
261600.000 1977 COM2 65 0R0 146 2.4 10.1 66.3 1.0164 0.00 0.0M
261660.000 1977 COM2 65 0R0 186 4.4 10.1 66.4 1.0164 0.00 0.0M
261720.100 1977 COM2 65 0R0 144 2.1 10.1 66.5 1.0164 0.00 0.0M
261780.000 1977 COM2 65 0R0 168 2.7 10.1 66.6 1.0164 0.00 0.0M
261840.200 1977 COM2 65 0R0 168 1.4 10.0 66.7 1.0164 0.00 0.0M
261900.000 1977 COM2 65 0R0 127 0.5 10.0 66.7 1.0164 0.00 0.0M
261960.200 1977 COM2 65 0R0 182 3.4 10.0 66.7 1.0164 0.00 0.0M
262020.200 1977 COM2 65 0R0 194 2.2 10.0 66.7 1.0164 0.00 0.0M
262080.200 1977 COM2 65 0R0 180 4.2 10.0 66.8 1.0164 0.00 0.0M
262140.200 1977 COM2 65 0R0 152 1.7 10.0 66.8 1.0164 0.00 0.0M
262200.200 1977 COM2 64 0R0 133 1.8 9.9 67.0 1.0164 0.00 0.0M
262260.200 1977 COM2 64 0R0 128 1.3 9.9 67.0 1.0164 0.00 0.0M
262320.200 1977 COM2 64 0R0 173 2.8 9.9 67.1 1.0164 0.00 0.0M
262380.200 1977 COM2 64 0R0 137 1.0 9.9 67.1 1.0164 0.00 0.0M
262440.200 1977 COM2 64 0R0 144 2.4 9.9 67.1 1.0164 0.00 0.0M
262500.200 1977 COM2 64 0R0 118 2.2 9.9 67.2 1.0164 0.00 0.0M
262560.200 1977 COM2 64 0R0 164 4.5 9.9 67.3 1.0164 0.00 0.0M
262620.200 1977 COM2 64 0R0 176 3.0 9.9 67.2 1.0164 0.00 0.0M
262680.200 1977 COM2 64 0R0 145 1.0 9.9 67.2 1.0163 0.00 0.0M
262740.200 1977 COM2 64 0R0 192 4.2 9.8 67.5 1.0163 0.00 0.0M
262800.200 1977 COM2 64 0R0 183 2.7 9.8 67.4 1.0163 0.00 0.0M
262860.200 1977 COM2 64 0R0 172 4.2 9.8 67.7 1.0163 0.00 0.0M
262920.200 1977 COM2 64 0R0 161 2.7 9.7 67.8 1.0162 0.00 0.0M
262980.200 1977 COM2 64 0R0 176 3.4 9.7 67.7 1.0162 0.00 0.0M
263040.200 1977 COM2 64 0R0 170 2.8 9.8 67.7 1.0162 0.00 0.0M
263100.200 1977 COM2 64 0R0 165 4.0 9.7 67.8 1.0163 0.00 0.0M
263160.200 1977 COM2 64 0R0 171 2.6 9.8 67.7 1.0163 0.00 0.0M
263220.200 1977 COM2 64 0R0 178 4.1 9.8 67.8 1.0162 0.00 0.0M
263280.200 1977 COM2 64 0R0 186 3.8 9.8 67.9 1.0162 0.00 0.0M
263340.200 1977 COM2 64 0R0 122 2.1 9.8 67.6 1.0162 0.00 0.0M
263400.200 1977 COM2 64 0R0 183 3.0 9.7 67.7 1.0162 0.00 0.0M
263460.200 1977 COM2 64 0R0 187 2.7 9.7 67.8 1.0162 0.00 0.0M
263520.200 1977 COM2 64 0R0 176 4.2 9.6 68.1 1.0162 0.00 0.0M
263580.200 1977 COM2 64 0R0 194 4.3 9.6 68.4 1.0161 0.00 0.0M
263640.200 1977 COM2 64 0R0 156 4.1 9.6 68.7 1.0161 0.00 0.0M
263700.200 1977 COM2 64 0R0 174 6.6 9.6 68.4 1.0161 0.00 0.0M
263760.200 1977 COM2 64 0R0 157 2.4 9.7 68.5 1.0161 0.00 0.0M
263820.200 1977 COM2 64 0R0 248 2.5 9.7 68.5 1.0161 0.00 0.0M
263880.200 1977 COM2 64 0R0 166 4.4 9.7 68.6 1.0161 0.00 0.0M
263940.200 1977 COM2 64 0R0 169 3.4 9.7 68.9 1.0161 0.00 0.0M
264000.200 1977 COM2 64 0R0 169 4.0 9.7 69.1 1.0161 0.00 0.0M
264060.200 1977 COM2 64 0R0 182 4.1 9.7 69.0 1.0161 0.00 0.0M
264120.200 1977 COM2 64 0R0 195 3.7 9.7 68.8 1.0161 0.00 0.0M
264180.200 1977 COM2 64 0R0 154 3.4 9.7 68.9 1.0161 0.00 0.0M
264240.200 1977 COM2 64 0R0 187 3.6 9.6 69.2 1.0161 0.00 0.0M
264300.200 1977 COM2 64 0R0 168 3.6 9.7 69.3 1.0160 0.00 0.0M
264360.200 1977 COM2 64 0R0 157 3.5 9.7 69.2 1.0161 0.00 0.0M
264420.200 1977 COM2 64 0R0 164 3.6 9.7 69.5 1.0160 0.00 0.0M
264480.200 1977 COM2 64 0R0 178 2.7 9.7 69.4 1.0160 0.00 0.0M
264540.200 1977 COM2 64 0R0 203 3.8 9.7 69.4 1.0160 0.00 0.0M
264600.200 1977 COM2 64 0R0 172 3.3 9.7 69.3 1.0160 0.00 0.0M
264660.200 1977 COM2 64 0R0 169 3.4 9.7 69.4 1.0161 0.00 0.0M
264720.200 1977 COM2 64 0R0 204 2.3 9.6 69.7 1.0161 0.00 0.0M
264780.200 1977 COM2 64 0R0 166 3.2 9.6 69.8 1.0161 0.00 0.0M
264840.200 1977 COM2 64 0R0 186 4.6 9.7 69.9 1.0160 0.00 0.0M
264900.200 1977 COM2 64 0R0 185 3.4 9.7 69.7 1.0160 0.00 0.0M
264960.200 1977 COM2 64 0R0 209 4.6 9.7 69.8 1.0160 0.00 0.0M
265020.200 1977 COM2 64 0R0 172 4.5 9.7 69.8 1.0161 0.00 0.0M
265080.200 1977 COM2 64 0R0 183 3.6 9.7 69.9 1.0161 0.00 0.0M
265140.200 1977 COM2 64 0R0 161 3.4 9.7 70.0 1.0160 0.00 0.0M
265200.200 1977 COM2 64 0R0 185 3.6 9.7 70.0 1.0160 0.00 0.0M
265260.200 1977 COM2 64 0R0 205 5.1 9.6 70.3 1.0160 0.00 0.0M
265320.200 1977 COM2 64 0R0 141 1.7 9.6 70.3 1.0160 0.00 0.0M
265380.200 1977 COM2 64 0R0 168 4.4 9.6 70.2 1.0160 0.00 0.0M
265440.200 1977 COM2 64 0R0 188 4.0 9.6 70.3 1.0160 0.00 0.0M
265500.200 1977 COM2 64 0R0 183 3.8 9.6 70.4 1.0159 0.00 0.0M
265560.200 1977 COM2 64 0R0 209 4.3 9.6 70.4 1.0159 0.00 0.0M
265620.200 1977 COM2 64 0R0 158 3.4 9.6 70.5 1.0159 0.00 0.0M
265680.100 1977 COM2 64 0R0 177 3.5 9.6 70.6 1.0159 0.00 0.0M
265740.100 1977 COM2 64 0R0 092 1.1 9.6 70.6 1.0159 0.00 0.0M
265800.100 1977 COM2 64 0R0 165 3.1 9.6 70.7 1.0159 0.00 0.0M
265860.100 1977 COM2 64 0R0 144 1.0 9.6 70.8 1.0159 0.00 0.0M
265920.100 1977 COM2 64 0R0 182 4.0 9.6 70.8 1.0159 0.00 0.0M
265980.100 1977 COM2 64 0R0 156 3.3 9.5 70.8 1.0160 0.00 0.0M
266040.100 1977 COM2 64 0R0 170 3.6 9.5 71.1 1.0159 0.00 0.0M
266100.000 1977 COM2 64 0R0 149 2.2 9.5 71.1 1.0159 0.00 0.0M
266160.000 1977 COM2 64 0R0 179 3.5 9.5 71.1 1.0160 0.00 0.0M
266220.000 1977 COM2 64 0R0 179 4.6 9.5 71.2 1.0160 0.00 0.0M
266280.100 1977 COM2 64 0R0 192 4.0 9.5 71.5 1.0159 0.00 0.0M
266340.100 1977 COM2 64 0R0 193 3.3 9.5 71.1 1.0159 0.00 0.0M
266400.000 1977 COM2 64 0R0 118 2.1 9.5 71.1 1.0159 0.00 0.0M
266460.100 1977 COM2 64 0R0 169 4.7 9.5 71.2 1.0159 0.00 0.0M
266520.000 1977 COM2 64 0R0 199 3.3 9.5 71.4 1.0158 0.00 0.0M
266580.000 1977 COM2 64 0R0 157 3.2 9.5 71.6 1.0158 0.00 0.0M
266640.000 1977 COM2 64 0R0 171 3.3 9.4 71.7 1.0159 0.00 0.0M
266700.000 1977 COM2 64 0R0 164 3.3 9.4 71.5 1.0159 0.00 0.0M
266760.000 1977 COM2 64 0R0 163 3.0 9.4 71.7 1.0159 0.00 0.0M
266820.000 1977 COM2 64 0R0 168 3.4 9.4 71.9 1.0159 0.00 0.0M
266880.000 1977 COM2 64 0R0 152 2.6 9.4 71.9 1.0159 0.00 0.0M
266940.000 1977 COM2 64 0R0 164 3.9 9.4 71.8 1.0159 0.00 0.0M
267000.000 1977 COM2 64 0R0 169 4.3 9.4 71.7 1.0159 0.00 0.0M
267060.000 1977 COM2 64 0R0 205 4.1 9.4 72.2 1.0159 0.00 0.0M
267120.000 1977 COM2 64 0R0 169 3.2 9.3 72.1 1.0159 0.00 0.0M
267180.000 1977 COM2 64 0R0 144 1.5 9.3 72.2 1.0159 0.00 0.0M
267240.000 1977 COM2 64 0R0 169 4.4 9.3 72.2 1.0159 0.00 0.0M
267300.000 1977 COM2 64 0R0 168 6.4 9.3 72.4 1.0159 0.00 0.0M
267360.000 1977 COM2 64 0R0 145 1.7 9.3 72.7 1.0158 0.00 0.0M
267420.000 1977 COM2 64 0R0 216 3.5 9.3 72.7 1.0158 0.00 0.0M
267480.000 1977 COM2 64 0R0 192 1.9 9.3 72.7 1.0158 0.00 0.0M
267540.000 1977 COM2 64 0R0 192 3.6 9.3 72.7 1.0158 0.00 0.0M
267600.000 1977 COM2 64 0R0 180 3.4 9.3 72.9 1.0158 0.00 0.0M
267660.000 1977 COM2 64 0R0 187 1.5 9.3 72.8 1.0158 0.00 0.0M
267720.000 1977 COM2 64 0R0 217 4.3 9.3 72.9 1.0158 0.00 0.0M
267780.000 1977 COM2 64 0R0 220 2.0 9.3 72.9 1.0158 0.00 0.0M
267840.000 1977 COM2 64 0R0 161 3.2 9.3 73.0 1.0158 0.00 0.0M
267900.000 1977 COM2 64 0R0 244 2.1 9.3 73.2 1.0157 0.00 0.0M
267960.000 1977 COM2 64 0R0 181 3.5 9.3 73.2 1.0157 0.00 0.0M
268020.000 1977 COM2 64 0R0 185 1.9 9.3 73.0 1.0157 0.00 0.0M
268080.000 1977 COM2 64 0R0 206 2.7 9.2 73.1 1.0158 0.00 0.0M
268140.000 1977 COM2 64 0R0 245 2.3 9.2 73.2 1.0157 0.00 0.0M
268200.000 1977 COM2 64 0R0 186 3.3 9.2 73.4 1.0157 0.00 0.0M
268260.000 1977 COM2 64 0R0 178 3.1 9.3 73.4 1.0157 0.00 0.0M
268320.000 1977 COM2 64 0R0 197 3.4 9.3 73.2 1.0157 0.00 0.0M
268380.000 1977 COM2 64 0R0 199 3.2 9.3 73.3 1.0157 0.00 0.0M
268440.000 1977 COM2 64 0R0 214 3.8 9.2 73.6 1.0156 0.00 0.0M
268500.000 1977 COM2 64 0R0 166 2.8 9.2 73.5 1.0156 0.00 0.0M
268560.000 1977 COM2 64 0R0 210 3.0 9.2 73.4 1.0156 0.00 0.0M
268620.000 1977 COM2 64 0R0 213 2.7 9.2 73.6 1.0156 0.00 0.0M
268680.000 1977 COM2 64 0R0 186 3.3 9.2 73.6 1.0156 0.00 0.0M
268740.000 1977 COM2 64 0R0 171 2.4 9.2 73.7 1.0156 0.00 0.0M
268800.000 1977 COM2 64 0R0 216 3.4 9.2 73.8 1.0156 0.00 0.0M
268860.000 1977 COM2 64 0R0 246 1.4 9.2 73.8 1.0156 0.00 0.0M
268920.000 1977 COM2 64 0R0 202 5.0 9.2 73.8 1.0156 0.00 0.0M
268980.000 1977 COM2 64 0R0 201 4.0 9.2 73.9 1.0155 0.00 0.0M
269040.000 1977 COM2 64 0R0 206 3.6 9.2 73.9 1.0155 0.00 0.0M
269100.000 1977 COM2 64 0R0 197 3.4 9.2 74.2 1.0154 0.00 0.0M
269160.000 1977 COM2 64 0R0 203 3.8 9.2 74.1 1.0155 0.00 0.0M
269220.000 1977 COM2 64 0R0 205 4.4 9.2 74.2 1.0155 0.00 0.0M
269280.000 1977 COM2 64 0R0 205 4.6 9.2 74.2 1.0154 0.00 0.0M
269340.000 1977 COM2 64 0R0 213 4.2 9.2 74.4 1.0153 0.00 0.0M
269400.000 1977 COM2 64 0R0 164 2.8 9.2 74.2 1.0154 0.00 0.0M
269460.000 1977 COM2 64 0R0 168 3.7 9.2 74.4 1.0153 0.00 0.0M
269520.000 1977 COM2 64 0R0 222 3.8 9.1 74.4 1.0154 0.00 0.0M
269580.000 1977 COM2 64 0R0 214 4.4 9.1 74.4 1.0153 0.00 0.0M
269640.000 1977 COM2 64 0R0 199 4.2 9.1 74.5 1.0153 0.00 0.0M
269700.000 1977 COM2 64 0R0 216 4.0 9.1 74.6 1.0153 0.00 0.0M
269760.000 1977 COM2 64 0R0 210 4.3 9.1 74.6 1.0153 0.00 0.0M
269820.000 1977 COM2 64 0R0 200 5.4 9.1 74.7 1.0153 0.00 0.0M
269880.000 1977 COM2 64 0R0 220 3.7 9.1 74.8 1.0153 0.00 0.0M
269940.000 1977 COM2 64 0R0 216 4.6 9.1 75.0 1.0153 0.00 0.0M
270000.000 1977 COM2 64 0R0 212 3.5 9.1 75.0 1.0153 0.00 0.0M
270060.000 1977 COM2 64 0R0 212 3.5 9.1 75.1 1.0154 0.00 0.0M
270120.000 1977 COM2 64 0R0 211 5.2 9.0 75.2 1.0153 0.00 0.0M
270180.000 1977 COM2 64 0R0 212 4.7 9.0 75.2 1.0153 0.00 0.0M
270240.000 1977 COM2 64 0R0 206 2.8 9.1 75.4 1.0153 0.00 0.0M
270300.000 1977 COM2 64 0R0 229 3.6 9.1 75.2 1.0153 0.00 0.0M
270360.000 1977 COM2 64 0R0 215 3.1 9.0 75.4 1.0153 0.00 0.0M
270420.000 1977 COM2 64 0R0 205 2.8 9.0 75.5 1.0153 0.00 0.0M
270480.000 1977 COM2 64 0R0 233 3.8 9.0 75.3 1.0153 0.00 0.0M
270540.000 1977 COM2 64 0R0 228 3.1 9.0 75.4 1.0153 0.00 0.0M
270600.000 1977 COM2 64 0R0 227 3.0 9.0 75.3 1.0153 0.00 0.0M
270660.000 1977 COM2 64 0R0 220 4.0 9.0 75.4 1.0152 0.00 0.0M
270720.000 1977 COM2 64 0R0 228 2.7 9.0 75.4 1.0152 0.00 0.0M
270780.100 1977 COM2 64 0R0 230 1.0 9.0 75.4 1.0152 0.00 0.0M
270840.000 1977 COM2 64 0R0 227 1.7 9.0 75.3 1.0152 0.00 0.0M
270900.000 1977 COM2 64 0R0 220 2.3 9.1 75.3 1.0152 0.00 0.0M
270960.000 1977 COM2 64 0R0 225 2.4 9.1 75.2 1.0152 0.00 0.0M
271020.000 1977 COM2 64 0R0 242 3.5 9.1 75.3 1.0152 0.00 0.0M
271080.000 1977 COM2 64 0R0 192 2.6 9.1 75.3 1.0152 0.00 0.0M
271140.000 1977 COM2 64 0R0 223 3.5 9.0 75.4 1.0152 0.00 0.0M
271200.000 1977 COM2 64 0R0 231 3.1 9.0 75.5 1.0152 0.00 0.0M
271260.000 1977 COM2 64 0R0 206 3.4 9.0 75.7 1.0151 0.00 0.0M
271320.000 1977 COM2 64 0R0 244 1.3 9.0 75.7 1.0152 0.00 0.0M
271380.000 1977 COM2 64 0R0 256 2.0 9.0 75.8 1.0151 0.00 0.0M
271440.000 1977 COM2 64 0R0 225 2.1 9.0 75.9 1.0151 0.00 0.0M
271500.000 1977 COM2 64 0R0 216 2.2 8.9 75.9 1.0151 0.00 0.0M
271560.000 1977 COM2 64 0R0 237 1.0 8.9 75.9 1.0151 0.00 0.0M
271620.000 1977 COM2 64 0R0 257 1.6 8.9 76.0 1.0151 0.00 0.0M
271680.000 1977 COM2 64 0R0 278 1.4 8.9 76.0 1.0150 0.00 0.0M
271740.000 1977 COM2 64 0R0 230 2.2 8.9 76.1 1.0150 0.00 0.0M
271800.000 1977 COM2 64 0R0 251 1.8 8.9 76.2 1.0149 0.00 0.0M
271860.000 1977 COM2 64 0R0 252 2.0 8.9 76.2 1.0150 0.00 0.0M
271920.000 1977 COM2 64 0R0 192 2.3 8.9 76.3 1.0150 0.00 0.0M
271980.000 1977 COM2 64 0R0 243 1.3 8.8 76.3 1.0149 0.00 0.0M
272040.000 1977 COM2 64 0R0 227 2.8 8.8 76.4 1.0149 0.00 0.0M
272100.000 1977 COM2 64 0R0 239 1.8 8.8 76.5 1.0149 0.00 0.0M
272160.000 1977 COM2 64 0R0 200 2.9 8.8 76.6 1.0149 0.00 0.0M
272220.000 1977 COM2 64 0R0 221 2.6 8.8 76.8 1.0149 0.00 0.0M
272280.000 1977 COM2 64 0R0 222 2.5 8.8 76.6 1.0149 0.00 0.0M
272340.000 1977 COM2 64 0R0 231 2.9 8.8 76.7 1.0149 0.00 0.0M
272400.000 1977 COM2 64 0R0 218 3.0 8.8 76.7 1.0149 0.00 0.0M
272460.000 1977 COM2 64 0R0 222 2.6 8.8 76.8 1.0149 0.00 0.0M
272520.000 1977 COM2 64 0R0 249 0.5 8.7 76.8 1.0149 0.00 0.0M
272580.000 1977 COM2 64 0R0 241 1.5 8.7 77.0 1.0149 0.00 0.0M
272640.000 1977 COM2 64 0R0 204 2.2 8.7 77.1 1.0150 0.00 0.0M
272700.000 1977 COM2 64 0R0 261 2.2 8.7 77.3 1.0150 0.00 0.0M
272760.000 1977 COM2 64 0R0 223 2.1 8.7 77.2 1.0150 0.00 0.0M
272820.000 1977 COM2 64 0R0 199 1.7 8.7 77.1 1.0150 0.00 0.0M
272880.000 1977 COM2 64 0R0 230 2.1 8.7 77.3 1.0150 0.00 0.0M
272940.000 1977 COM2 64 0R0 193 2.6 8.7 77.2 1.0150 0.00 0.0M
273000.000 1977 COM2 64 0R0 259 1.7 8.7 77.3 1.0150 0.00 0.0M
273060.000 1977 COM2 64 0R0 195 2.8 8.7 77.5 1.0150 0.00 0.0M
273120.000 1977 COM2 64 0R0 238 1.7 8.6 77.5 1.0149 0.00 0.0M
273180.000 1977 COM2 64 0R0 220 3.0 8.6 77.5 1.0149 0.00 0.0M
273240.000 1977 COM2 64 0R0 215 3.5 8.6 77.7 1.0149 0.00 0.0M
273300.000 1977 COM2 64 0R0 215 3.6 8.6 77.8 1.0149 0.00 0.0M
273360.000 1977 COM2 64 0R0 215 2.2 8.6 77.9 1.0149 0.00 0.0M
273420.000 1977 COM2 64 0R0 229 3.2 8.6 77.9 1.0149 0.00 0.0M
273480.000 1977 COM2 64 0R0 220 3.0 8.6 78.0 1.0149 0.00 0.0M
273540.000 1977 COM2 64 0R0 205 3.0 8.6 78.1 1.0148 0.00 0.0M
273600.000 1977 COM2 64 0R0 211 2.8 8.6 78.0 1.0148 0.00 0.0M
273660.000 1977 COM2 64 0R0 220 3.1 8.6 78.1 1.0148 0.00 0.0M
273720.000 1977 COM2 64 0R0 200 3.6 8.5 78.3 1.0148 0.00 0.0M
273780.000 1977 COM2 64 0R0 188 2.5 8.5 78.3 1.0148 0.00 0.0M
273840.000 1977 COM2 64 0R0 203 4.0 8.5 78.3 1.0148 0.00 0.0M
273900.000 1977 COM2 64 0R0 212 2.9 8.5 78.4 1.0148 0.00 0.0M
273960.000 1977 COM2 64 0R0 205 2.7 8.5 78.4 1.0148 0.00 0.0M
274020.000 1977 COM2 64 0R0 199 4.2 8.5 78.3 1.0148 0.00 0.0M
274080.000 1977 COM2 64 0R0 198 3.1 8.5 78.5 1.0148 0.00 0.0M
274140.000 1977 COM2 64 0R0 182 3.5 8.5 78.5 1.0148 0.00 0.0M
274200.000 1977 COM2 64 0R0 205 2.7 8.5 78.5 1.0147 0.00 0.0M
274260.000 1977 COM2 64 0R0 227 3.4 8.5 78.9 1.0147 0.00 0.0M
274320.000 1977 COM2 64 0R0 212 4.3 8.5 78.9 1.0147 0.00 0.0M
274380.000 1977 COM2 64 0R0 229 2.9 8.5 78.8 1.0146 0.00 0.0M
274440.000 1977 COM2 64 0R0 209 3.2 8.5 78.8 1.0146 0.00 0.0M
274500.000 1977 COM2 64 0R0 213 3.4 8.5 78.8 1.0146 0.00 0.0M
274560.000 1977 COM2 64 0R0 213 4.4 8.6 78.8 1.0146 0.00 0.0M
274620.000 1977 COM2 64 0R0 218 3.5 8.6 78.7 1.0146 0.00 0.0M
274680.000 1977 COM2 64 0R0 204 4.3 8.6 78.7 1.0146 0.00 0.0M
274740.000 1977 COM2 64 0R0 218 3.5 8.6 78.8 1.0146 0.00 0.0M
274800.000 1977 COM2 64 0R0 233 2.5 8.6 78.9 1.0145 0.00 0.0M
274860.000 1977 COM2 64 0R0 206 4.2 8.6 78.8 1.0145 0.00 0.0M
274920.000 1977 COM2 64 0R0 214 3.2 8.6 78.9 1.0145 0.00 0.0M
274980.000 1977 COM2 64 0R0 223 4.1 8.6 78.7 1.0145 0.00 0.0M
275040.000 1977 COM2 64 0R0 223 4.1 8.6 78.9 1.0144 0.00 0.0M
275100.000 1977 COM2 64 0R0 254 2.2 8.6 78.7 1.0144 0.00 0.0M
275160.000 1977 COM2 64 0R0 223 3.0 8.6 78.8 1.0144 0.00 0.0M
275220.000 1977 COM2 64 0R0 199 3.1 8.6 78.9 1.0144 0.00 0.0M
275280.000 1977 COM2 64 0R0 218 2.4 8.6 78.8 1.0144 0.00 0.0M
275340.000 1977 COM2 64 0R0 226 2.9 8.5 79.0 1.0143 0.00 0.0M
275400.000 1977 COM2 64 0R0 227 3.4 8.5 78.9 1.0143 0.00 0.0M
275460.000 1977 COM2 64 0R0 194 3.7 8.5 78.9 1.0143 0.00 0.0M
275520.000 1977 COM2 64 0R0 209 3.0 8.5 79.1 1.0142 0.00 0.0M
275580.000 1977 COM2 64 0R0 213 2.1 8.5 79.2 1.0142 0.00 0.0M
275640.000 1977 COM2 64 0R0 195 3.7 8.5 79.2 1.0142 0.00 0.0M
275700.000 1977 COM2 64 0R0 191 2.7 8.5 79.2 1.0142 0.00 0.0M
275760.000 1977 COM2 64 0R0 174 2.6 8.5 79.1 1.0141 0.00 0.0M
275820.000 1977 COM2 64 0R0 197 3.5 8.5 79.2 1.0141 0.00 0.0M
275880.000 1977 COM2 64 0R0 151 1.6 8.4 79.5 1.0141 0.00 0.0M
275940.000 1977 COM2 64 0R0 152 2.2 8.4 79.5 1.0140 0.00 0.0M
276000.000 1977 COM2 64 0R0 122 1.9 8.3 79.6 1.0140 0.00 0.0M
276060.000 1977 COM2 64 0R0 153 2.7 8.3 79.6 1.0140 0.00 0.0M
276120.000 1977 COM2 64 0R0 163 2.7 8.3 79.7 1.0139 0.00 0.0M
276180.000 1977 COM2 64 0R0 109 0.6 8.3 79.7 1.0139 0.00 0.0M
276240.000 1977 COM2 64 0R0 143 2.0 8.3 79.7 1.0139 0.00 0.0M
276300.000 1977 COM2 64 0R0 159 2.8 8.3 79.9 1.0138 0.00 0.0M
276360.000 1977 COM2 64 0R0 191 2.5 8.3 80.0 1.0138 0.00 0.0M
276420.000 1977 COM2 64 0R0 164 2.5 8.2 80.0 1.0138 0.00 0.0M
276480.000 1977 COM2 64 0R0 129 1.7 8.2 80.1 1.0138 0.00 0.0M
276540.000 1977 COM2 64 0R0 132 1.1 8.2 80.1 1.0138 0.00 0.0M
276600.100 1977 COM2 64 0R0 157 2.3 8.2 80.2 1.0137 0.00 0.0M
276660.000 1977 COM2 64 0R0 168 1.9 8.2 80.2 1.0137 0.00 0.0M
276720.000 1977 COM2 64 0R0 160 2.7 8.2 80.1 1.0137 0.00 0.0M
276780.000 1977 COM2 64 0R0 155 1.5 8.2 80.2 1.0137 0.00 0.0M
276840.000 1977 COM2 64 0R0 123 1.1 8.2 80.2 1.0137 0.00 0.0M
276900.000 1977 COM2 64 0R0 156 2.3 8.2 80.4 1.0136 0.00 0.0M
276960.000 1977 COM2 64 0R0 168 1.5 8.2 80.3 1.0136 0.00 0.0M
277020.000 1977 COM2 64 0R0 138 1.5 8.2 80.4 1.0135 0.00 0.0M
277080.000 1977 COM2 64 0R0 169 2.7 8.2 80.4 1.0135 0.00 0.0M
277140.000 1977 COM2 64 0R0 188 2.0 8.2 80.4 1.0135 0.00 0.0M
277200.000 1977 COM2 64 0R0 168 2.7 8.1 80.6 1.0135 0.00 0.0M
277260.000 1977 COM2 64 0R0 152 2.4 8.1 80.7 1.0135 0.00 0.0M
277320.000 1977 COM2 64 0R0 190 2.0 8.1 81.1 1.0135 0.00 0.0M
277380.000 1977 COM2 64 0R0 205 2.3 8.1 81.0 1.0135 0.00 0.0M
277440.000 1977 COM2 64 0R0 175 1.7 8.0 81.4 1.0134 0.00 0.0M
277500.000 1977 COM2 64 0R0 188 1.8 8.0 81.5 1.0134 0.00 0.0M
277560.000 1977 COM2 64 0R0 172 3.1 8.0 81.7 1.0134 0.00 0.0M
277620.000 1977 COM2 64 0R0 183 2.2 8.0 81.7 1.0133 0.00 0.0M
277680.000 1977 COM2 64 0R0 192 2.3 7.9 81.8 1.0133 0.00 0.0M
277740.000 1977 COM2 64 0R0 203 2.3 7.9 81.8 1.0133 0.00 0.0M
277800.000 1977 COM2 64 0R0 185 2.0 7.8 82.0 1.0133 0.00 0.0M
277860.000 1977 COM2 64 0R0 178 2.2 7.8 82.2 1.0133 0.00 0.0M
277920.000 1977 COM2 64 0R0 178 2.3 7.8 82.2 1.0133 0.00 0.0M
277980.000 1977 COM2 64 0R0 161 1.8 7.8 82.3 1.0133 0.00 0.0M
278040.000 1977 COM2 64 0R0 105 0.8 7.8 82.8 1.0133 0.00 0.0M
278100.000 1977 COM2 64 0R0 143 0.9 7.8 82.4 1.0133 0.00 0.0M
278160.000 1977 COM2 64 0R0 171 3.5 7.8 82.5 1.0133 0.00 0.0M
278220.000 1977 COM2 64 0R0 178 2.4 7.8 82.4 1.0132 0.00 0.0M
278280.000 1977 COM2 64 0R0 169 2.6 7.8 82.5 1.0132 0.00 0.0M
278340.000 1977 COM2 64 0R0 197 2.3 7.8 82.5 1.0132 0.00 0.0M
278400.000 1977 COM2 64 0R0 152 2.7 7.7 82.4 1.0131 0.00 0.0M
278460.000 1977 COM2 64 0R0 153 3.4 7.7 82.9 1.0131 0.00 0.0M
278520.000 1977 COM2 64 0R0 159 3.3 7.6 83.5 1.0130 0.00 0.0M
278580.000 1977 COM2 64 0R0 177 3.6 7.6 83.3 1.0130 0.00 0.0M
278640.000 1977 COM2 64 0R0 162 4.3 7.6 83.5 1.0130 0.00 0.0M
278700.000 1977 COM2 64 0R0 191 2.9 7.6 84.1 1.0130 0.00 0.0M
278760.000 1977 COM2 64 0R0 200 3.5 7.6 83.8 1.0130 0.00 0.0M
278820.000 1977 COM2 64 0R0 174 4.1 7.5 83.9 1.0130 0.00 0.0M
278880.000 1977 COM2 64 0R0 178 3.0 7.5 84.5 1.0130 0.00 0.0M
278940.000 1977 COM2 64 0R0 204 2.8 7.5 84.6 1.0130 0.00 0.0M
279000.000 1977 COM2 64 0R0 184 3.2 7.5 84.7 1.0130 0.00 0.0M
279060.000 1977 COM2 64 0R0 182 3.8 7.5 84.5 1.0130 0.00 0.0M
279120.000 1977 COM2 64 0R0 184 4.1 7.5 84.7 1.0129 0.00 0.0M
279180.000 1977 COM2 64 0R0 170 3.2 7.5 84.8 1.0129 0.00 0.0M
279240.000 1977 COM2 64 0R0 171 3.6 7.5 85.1 1.0129 0.00 0.0M
279300.000 1977 COM2 64 0R0 169 3.0 7.5 85.0 1.0129 0.00 0.0M
279360.000 1977 COM2 64 0R0 179 3.7 7.5 85.0 1.0128 0.00 0.0M
279420.000 1977 COM2 64 0R0 170 3.7 7.5 85.1 1.0128 0.00 0.0M
279480.000 1977 COM2 64 0R0 204 3.0 7.5 85.1 1.0128 0.00 0.0M
279540.000 1977 COM2 64 0R0 163 3.7 7.5 84.9 1.0128 0.00 0.0M
279600.000 1977 COM2 64 0R0 161 2.1 7.5 84.9 1.0128 0.00 0.0M
279660.000 1977 COM2 64 0R0 180 3.0 7.5 84.9 1.0127 0.00 0.0M
279720.000 1977 COM2 64 0R0 179 3.8 7.4 85.0 1.0127 0.00 0.0M
279780.000 1977 COM2 64 0R0 173 2.5 7.4 85.1 1.0127 0.00 0.0M
279840.000 1977 COM2 64 0R0 195 3.1 7.4 85.3 1.0127 0.00 0.0M
279900.000 1977 COM2 64 0R0 178 2.4 7.4 85.3 1.0127 0.00 0.0M
279960.000 1977 COM2 64 0R0 131 0.6 7.4 85.2 1.0126 0.00 0.0M
280020.000 1977 COM2 64 0R0 183 3.0 7.4 85.1 1.0126 0.00 0.0M
280080.000 1977 COM2 64 0R0 193 3.1 7.4 85.1 1.0126 0.00 0.0M
280140.000 1977 COM2 64 0R0 221 3.5 7.4 85.0 1.0126 0.00 0.0M
280200.000 1977 COM2 64 0R0 175 3.3 7.4 85.1 1.0125 0.00 0.0M
280260.000 1977 COM2 64 0R0 166 2.1 7.5 85.1 1.0126 0.00 0.0M
280320.000 1977 COM2 64 0R0 181 2.9 7.5 84.6 1.0126 0.00 0.0M
280380.000 1977 COM2 64 0R0 192 2.8 7.5 84.7 1.0126 0.00 0.0M
280440.000 1977 COM2 64 0R0 205 2.0 7.5 84.9 1.0126 0.00 0.0M
280500.000 1977 COM2 64 0R0 174 2.7 7.4 85.0 1.0125 0.00 0.0M
280560.000 1977 COM2 64 0R0 143 1.7 7.4 85.2 1.0125 0.00 0.0M
280620.000 1977 COM2 64 0R0 167 3.3 7.4 85.3 1.0125 0.00 0.0M
280680.000 1977 COM2 64 0R0 204 2.6 7.4 85.3 1.0125 0.00 0.0M
280740.000 1977 COM2 64 0R0 199 2.4 7.4 85.1 1.0125 0.00 0.0M
280800.000 1977 COM2 64 0R0 168 2.5 7.4 84.9 1.0125 0.00 0.0M
280860.000 1977 COM2 64 0R0 192 2.4 7.4 85.3 1.0125 0.00 0.0M
280920.000 1977 COM2 64 0R0 168 2.7 7.4 85.2 1.0125 0.00 0.0M
280980.000 1977 COM2 64 0R0 187 3.0 7.4 85.5 1.0125 0.00 0.0M
281040.000 1977 COM2 64 0R0 150 2.1 7.3 85.6 1.0124 0.00 0.0M
281100.000 1977 COM2 64 0R0 161 2.4 7.3 85.8 1.0124 0.00 0.0M
281160.000 1977 COM2 64 0R0 152 1.5 7.3 85.8 1.0124 0.00 0.0M
281220.000 1977 COM2 64 0R0 173 2.5 7.3 85.7 1.0124 0.00 0.0M
281280.000 1977 COM2 64 0R0 186 2.5 7.3 85.6 1.0124 0.00 0.0M
281340.000 1977 COM2 64 0R0 201 2.1 7.3 85.6 1.0124 0.00 0.0M
281400.000 1977 COM2 64 0R0 180 2.1 7.3 85.5 1.0124 0.00 0.0M
281460.000 1977 COM2 64 0R0 147 1.2 7.3 85.5 1.0124 0.00 0.0M
281520.000 1977 COM2 64 0R0 226 1.1 7.3 85.5 1.0124 0.00 0.0M
281580.000 1977 COM2 64 0R0 200 1.5 7.3 85.7 1.0124 0.00 0.0M
281640.000 1977 COM2 64 0R0 174 1.2 7.3 85.6 1.0124 0.00 0.0M
281700.000 1977 COM2 64 0R0 203 0.7 7.4 85.4 1.0124 0.00 0.0M
281760.000 1977 COM2 64 0R0 220 0.7 7.4 85.3 1.0124 0.00 0.0M
281820.000 1977 COM2 64 0R0 137 0.7 7.4 85.2 1.0124 0.00 0.0M
281880.000 1977 COM2 64 0R0 090 0.3 7.4 85.0 1.0125 0.00 0.0M
281940.000 1977 COM2 64 0R0 237 1.0 7.4 84.9 1.0125 0.00 0.0M
282000.000 1977 COM2 64 0R0 251 2.1 7.5 84.8 1.0125 0.00 0.0M
282060.000 1977 COM2 64 0R0 226 1.9 7.4 84.8 1.0124 0.00 0.0M
282120.000 1977 COM2 64 0R0 219 1.3 7.5 85.0 1.0124 0.00 0.0M
282180.000 1977 COM2 64 0R0 186 1.7 7.5 84.9 1.0124 0.00 0.0M
282240.000 1977 COM2 64 0R0 188 2.3 7.5 84.7 1.0124 0.00 0.0M
282300.000 1977 COM2 64 0R0 160 1.3 7.5 84.7 1.0124 0.00 0.0M
282360.000 1977 COM2 64 0R0 177 1.7 7.5 84.9 1.0124 0.00 0.0M
282420.000 1977 COM2 64 0R0 209 1.6 7.5 84.8 1.0124 0.00 0.0M
282480.000 1977 COM2 64 0R0 233 0.9 7.4 85.0 1.0124 0.00 0.0M
282540.000 1977 COM2 64 0R0 223 1.5 7.4 84.8 1.0124 0.00 0.0M
282600.000 1977 COM2 64 0R0 226 2.5 7.4 84.9 1.0124 0.00 0.0M
282660.000 1977 COM2 64 0R0 243 1.8 7.4 85.0 1.0124 0.00 0.0M
282720.000 1977 COM2 64 0R0 250 2.7 7.4 84.9 1.0124 0.00 0.0M
282780.000 1977 COM2 64 0R0 190 1.7 7.4 84.9 1.0124 0.00 0.0M
282840.000 1977 COM2 64 0R0 226 2.5 7.4 84.9 1.0124 0.00 0.0M
282900.000 1977 COM2 64 0R0 220 2.1 7.4 84.9 1.0124 0.00 0.0M
282960.000 1977 COM2 64 0R0 229 1.9 7.4 84.9 1.0124 0.00 0.0M
283020.000 1977 COM2 64 0R0 263 1.7 7.4 85.0 1.0124 0.00 0.0M
283080.000 1977 COM2 64 0R0 234 2.3 7.4 85.0 1.0124 0.00 0.0M
283140.000 1977 COM2 64 0R0 231 1.7 7.4 85.0 1.0124 0.00 0.0M
283200.000 1977 COM2 64 0R0 237 2.3 7.4 85.1 1.0124 0.00 0.0M
283260.000 1977 COM2 64 0R0 277 0.4 7.4 85.2 1.0124 0.00 0.0M
283320.000 1977 COM2 64 0R0 229 1.9 7.4 85.1 1.0124 0.00 0.0M
283380.000 1977 COM2 64 0R0 237 0.9 7.4 85.3 1.0124 0.00 0.0M
283440.000 1977 COM2 64 0R0 238 2.1 7.4 85.2 1.0124 0.00 0.0M
283500.000 1977 COM2 64 0R0 199 2.0 7.4 85.1 1.0124 0.00 0.0M
283560.000 1977 COM2 64 0R0 217 1.0 7.5 85.1 1.0123 0.00 0.0M
283620.000 1977 COM2 64 0R0 205 1.3 7.5 84.9 1.0123 0.00 0.0M
283680.000 1977 COM2 64 0R0 250 0.9 7.5 84.9 1.0123 0.00 0.0M
283740.000 1977 COM2 64 0R0 227 1.4 7.5 84.9 1.0123 0.00 0.0M
283800.000 1977 COM2 64 0R0 256 0.8 7.5 84.9 1.0123 0.00 0.0M
283860.000 1977 COM2 64 0R0 237 1.6 7.5 84.7 1.0123 0.00 0.0M
283920.000 1977 COM2 64 0R0 235 1.5 7.5 84.6 1.0123 0.00 0.0M
283980.000 1977 COM2 64 0R0 241 1.3 7.5 84.6 1.0123 0.00 0.0M
284040.000 1977 COM2 64 0R0 223 1.6 7.5 84.6 1.0123 0.00 0.0M
284100.000 1977 COM2 64 0R0 218 2.1 7.5 84.6 1.0122 0.00 0.0M
284160.000 1977 COM2 64 0R0 197 1.8 7.5 84.5 1.0122 0.00 0.0M
284220.000 1977 COM2 64 0R0 222 2.2 7.5 84.6 1.0122 0.00 0.0M
284280.000 1977 COM2 64 0R0 202 2.1 7.5 84.7 1.0122 0.00 0.0M
284340.000 1977 COM2 64 0R0 229 1.9 7.4 84.7 1.0122 0.00 0.0M
284400.000 1977 COM2 64 0R0 225 2.2 7.4 84.9 1.0123 0.00 0.0M
284460.000 1977 COM2 64 0R0 223 1.4 7.4 85.1 1.0123 0.00 0.0M
284520.000 1977 COM2 64 0R0 257 0.6 7.4 85.1 1.0123 0.00 0.0M
284580.000 1977 COM2 64 0R0 217 1.4 7.4 84.9 1.0123 0.00 0.0M
284640.000 1977 COM2 64 0R0 229 1.1 7.4 84.9 1.0123 0.00 0.0M
284700.000 1977 COM2 64 0R0 243 0.8 7.4 84.8 1.0123 0.00 0.0M
284760.000 1977 COM2 64 0R0 193 1.8 7.4 84.9 1.0122 0.00 0.0M
284820.000 1977 COM2 64 0R0 207 2.2 7.4 84.7 1.0121 0.00 0.0M
284880.000 1977 COM2 64 0R0 213 2.0 7.4 84.6 1.0121 0.00 0.0M
284940.000 1977 COM2 64 0R0 218 2.0 7.4 84.7 1.0121 0.00 0.0M
285000.000 1977 COM2 64 0R0 232 1.5 7.4 84.8 1.0122 0.00 0.0M
285060.000 1977 COM2 64 0R0 238 1.6 7.4 84.8 1.0122 0.00 0.0M
285120.000 1977 COM2 64 0R0 227 1.6 7.4 84.8 1.0122 0.00 0.0M
285180.000 1977 COM2 64 0R0 207 2.3 7.4 84.9 1.0121 0.00 0.0M
285240.000 1977 COM2 64 0R0 203 1.9 7.4 84.9 1.0121 0.00 0.0M
285300.000 1977 COM2 64 0R0 188 1.7 7.4 84.6 1.0120 0.00 0.0M
285360.100 1977 COM2 64 0R0 158 2.2 7.4 84.5 1.0119 0.00 0.0M
285420.000 1977 COM2 64 0R0 166 2.6 7.3 84.4 1.0119 0.00 0.0M
285480.000 1977 COM2 64 0R0 185 3.2 7.3 85.0 1.0119 0.00 0.0M
285540.000 1977 COM2 64 0R0 185 2.9 7.3 85.6 1.0119 0.00 0.0M
285600.000 1977 COM2 64 0R0 193 2.2 7.2 85.6 1.0119 0.00 0.0M
285660.000 1977 COM2 64 0R0 195 2.3 7.2 85.8 1.0120 0.00 0.0M
285720.000 1977 COM2 64 0R0 180 2.4 7.2 85.8 1.0119 0.00 0.0M
285780.000 1977 COM2 64 0R0 224 2.7 7.1 85.9 1.0119 0.00 0.0M
285840.000 1977 COM2 64 0R0 233 2.9 7.1 85.9 1.0119 0.00 0.0M
285900.100 1977 COM2 64 0R0 216 2.5 7.1 86.2 1.0119 0.00 0.0M
285960.000 1977 COM2 64 0R0 213 2.5 7.1 85.9 1.0119 0.00 0.0M
286020.000 1977 COM2 64 0R0 208 1.7 7.1 86.0 1.0118 0.00 0.0M
286080.000 1977 COM2 64 0R0 214 2.1 7.1 86.0 1.0118 0.00 0.0M
286140.000 1977 COM2 64 0R0 221 1.5 7.1 86.2 1.0118 0.00 0.0M
286200.000 1977 COM2 64 0R0 214 1.3 7.1 86.2 1.0118 0.00 0.0M
286260.000 1977 COM2 64 0R0 199 1.2 7.1 86.0 1.0118 0.00 0.0M
286320.000 1977 COM2 64 0R0 201 2.7 7.1 86.3 1.0118 0.00 0.0M
286380.000 1977 COM2 64 0R0 195 1.6 7.1 86.5 1.0118 0.00 0.0M
286440.000 1977 COM2 64 0R0 170 2.0 7.1 86.3 1.0118 0.00 0.0M
286500.000 1977 COM2 64 0R0 179 2.5 7.1 86.4 1.0118 0.00 0.0M
286560.000 1977 COM2 64 0R0 176 2.4 7.1 86.4 1.0117 0.00 0.0M
286620.000 1977 COM2 64 0R0 162 1.6 7.0 86.6 1.0117 0.00 0.0M
286680.000 1977 COM2 64 0R0 170 3.6 7.0 86.9 1.0117 0.00 0.0M
286740.000 1977 COM2 64 0R0 174 3.0 7.0 87.1 1.0117 0.00 0.0M
286800.000 1977 COM2 64 0R0 171 2.5 7.0 87.2 1.0116 0.00 0.0M
286860.000 1977 COM2 64 0R0 179 2.8 7.0 87.3 1.0115 0.00 0.0M
286920.000 1977 COM2 64 0R0 189 2.1 7.0 87.2 1.0115 0.00 0.0M
286980.000 1977 COM2 64 0R0 191 2.9 6.9 87.1 1.0115 0.00 0.0M
287040.000 1977 COM2 64 0R0 189 2.3 6.9 87.3 1.0114 0.00 0.0M
287100.000 1977 COM2 64 0R0 192 2.7 6.8 87.4 1.0114 0.00 0.0M
287160.000 1977 COM2 64 0R0 186 2.4 6.8 88.1 1.0114 0.00 0.0M
287220.000 1977 COM2 64 0R0 199 2.9 6.9 88.6 1.0114 0.00 0.0M
287280.000 1977 COM2 64 0R0 203 2.2 6.9 88.7 1.0114 0.00 0.0M
287340.000 1977 COM2 64 0R0 235 1.6 6.9 88.4 1.0115 0.00 0.0M
287400.000 1977 COM2 64 0R0 250 2.1 6.9 88.2 1.0115 0.00 0.0M
287460.000 1977 COM2 64 0R0 215 2.0 6.9 88.3 1.0115 0.00 0.0M
287520.000 1977 COM2 64 0R0 210 4.3 7.0 88.2 1.0114 0.00 0.0M
287580.000 1977 COM2 64 0R0 199 4.0 7.0 88.1 1.0113 0.00 0.0M
287640.000 1977 COM2 64 0R0 213 4.0 7.0 87.7 1.0113 0.00 0.0M
287700.000 1977 COM2 64 0R0 240 3.1 7.0 87.9 1.0113 0.00 0.0M
287760.000 1977 COM2 64 0R0 231 3.7 7.0 88.0 1.0114 0.00 0.0M
287820.000 1977 COM2 64 0R0 227 1.6 7.1 87.9 1.0114 0.00 0.0M
287880.000 1977 COM2 64 0R0 203 1.3 7.1 87.6 1.0115 0.00 0.0M
287940.000 1977 COM2 64 0R0 233 1.7 7.1 87.4 1.0115 0.00 0.0M
288000.000 1977 COM2 64 0R0 223 2.6 7.1 87.3 1.0116 0.00 0.0M
288060.000 1977 COM2 64 0R0 222 2.5 7.1 87.4 1.0115 0.00 0.0M
288120.000 1977 COM2 64 0R0 203 2.5 7.1 87.3 1.0115 0.00 0.0M
288180.000 1977 COM2 64 0R0 263 1.1 7.1 87.4 1.0115 0.00 0.0M
288240.000 1977 COM2 64 0R0 220 3.2 7.1 87.3 1.0114 0.00 0.0M
288300.000 1977 COM2 64 0R0 229 3.5 7.1 87.2 1.0113 0.00 0.0M
288360.000 1977 COM2 64 0R0 208 3.4 7.1 87.1 1.0112 0.00 0.0M
288420.000 1977 COM2 64 0R0 227 3.0 7.1 87.1 1.0112 0.00 0.0M
288480.000 1977 COM2 64 0R0 215 3.1 7.1 87.0 1.0112 0.00 0.0M
288540.000 1977 COM2 64 0R0 231 2.7 7.1 87.0 1.0112 0.00 0.0M
288600.000 1977 COM2 64 0R0 227 2.2 7.1 87.0 1.0112 0.00 0.0M
288660.000 1977 COM2 64 0R0 228 2.7 7.1 86.9 1.0112 0.00 0.0M
288720.000 1977 COM2 64 0R0 232 2.4 7.1 87.0 1.0111 0.00 0.0M
288780.000 1977 COM2 64 0R0 222 2.8 7.1 87.0 1.0111 0.00 0.0M
288840.000 1977 COM2 64 0R0 224 3.2 7.1 87.0 1.0111 0.00 0.0M
288900.000 1977 COM2 64 0R0 254 1.9 7.1 86.8 1.0111 0.00 0.0M
288960.000 1977 COM2 64 0R0 212 3.3 7.1 86.9 1.0111 0.00 0.0M
289020.000 1977 COM2 64 0R0 212 3.2 7.1 86.9 1.0110 0.00 0.0M
289080.000 1977 COM2 64 0R0 214 3.2 7.1 86.9 1.0110 0.00 0.0M
289140.000 1977 COM2 64 0R0 225 3.4 7.1 86.9 1.0109 0.00 0.0M
289200.000 1977 COM2 64 0R0 207 2.7 7.1 86.9 1.0109 0.00 0.0M
289260.000 1977 COM2 64 0R0 217 3.6 7.0 87.1 1.0109 0.00 0.0M
289320.000 1977 COM2 64 0R0 239 3.1 7.0 87.1 1.0109 0.00 0.0M
289380.000 1977 COM2 64 0R0 226 3.3 7.0 87.2 1.0109 0.00 0.0M
289440.000 1977 COM2 64 0R0 238 2.6 6.9 87.2 1.0109 0.00 0.0M
289500.000 1977 COM2 64 0R0 228 3.5 6.9 87.4 1.0108 0.00 0.0M
289560.000 1977 COM2 64 0R0 250 2.2 6.9 87.5 1.0108 0.00 0.0M
289620.000 1977 COM2 64 0R0 228 4.0 6.9 87.3 1.0108 0.00 0.0M
289680.000 1977 COM2 64 0R0 218 2.5 6.9 87.4 1.0109 0.00 0.0M
289740.000 1977 COM2 64 0R0 228 1.1 6.9 87.4 1.0109 0.00 0.0M
289800.000 1977 COM2 64 0R0 205 1.0 6.9 87.4 1.0109 0.00 0.0M
289860.000 1977 COM2 64 0R0 211 1.2 6.9 87.5 1.0110 0.00 0.0M
289920.000 1977 COM2 64 0R0 252 2.0 6.9 87.4 1.0110 0.00 0.0M
289980.000 1977 COM2 64 0R0 223 3.5 6.9 87.4 1.0110 0.00 0.0M
290040.100 1977 COM2 64 0R0 223 3.1 6.9 87.5 1.0110 0.00 0.0M
290100.000 1977 COM2 64 0R0 226 2.8 6.9 87.6 1.0109 0.00 0.0M
290160.000 1977 COM2 64 0R0 225 2.7 6.9 87.6 1.0109 0.00 0.0M
290220.000 1977 COM2 64 0R0 226 2.8 6.9 87.5 1.0109 0.00 0.0M
290280.000 1977 COM2 64 0R0 218 1.6 6.9 87.5 1.0109 0.00 0.0M
290340.000 1977 COM2 64 0R0 234 3.0 7.0 87.7 1.0109 0.00 0.0M
290400.000 1977 COM2 64 0R0 202 3.2 7.0 87.6 1.0109 0.00 0.0M
290460.000 1977 COM2 64 0R0 225 1.3 7.0 87.4 1.0110 0.00 0.0M
290520.000 1977 COM2 64 0R0 264 1.6 7.0 87.3 1.0110 0.00 0.0M
290580.000 1977 COM2 64 0R0 231 1.7 7.0 87.2 1.0110 0.00 0.0M
290640.000 1977 COM2 64 0R0 259 0.5 7.0 87.2 1.0110 0.00 0.0M
290700.000 1977 COM2 64 0R0 229 1.9 7.0 87.2 1.0110 0.00 0.0M
290760.000 1977 COM2 64 0R0 256 1.7 7.0 87.4 1.0110 0.00 0.0M
290820.000 1977 COM2 64 0R0 245 3.1 7.0 87.3 1.0110 0.00 0.0M
290880.000 1977 COM2 64 0R0 244 2.7 7.1 87.4 1.0110 0.00 0.0M
290940.000 1977 COM2 64 0R0 237 1.4 7.1 87.3 1.0109 0.00 0.0M
291000.000 1977 COM2 64 0R0 205 1.8 7.1 87.2 1.0109 0.00 0.0M
291060.000 1977 COM2 64 0R0 225 3.3 7.1 87.1 1.0109 0.00 0.0M
291120.000 1977 COM2 64 0R0 233 2.7 7.1 87.1 1.0109 0.00 0.0M
291180.000 1977 COM2 64 0R0 214 3.0 7.1 87.2 1.0109 0.00 0.0M
291240.000 1977 COM2 64 0R0 231 1.4 7.1 87.2 1.0109 0.00 0.0M
291300.000 1977 COM2 64 0R0 226 3.3 7.1 87.1 1.0109 0.00 0.0M
291360.000 1977 COM2 64 0R0 219 2.4 7.1 87.3 1.0109 0.00 0.0M
291420.000 1977 COM2 64 0R0 214 2.8 7.1 87.1 1.0110 0.00 0.0M
291480.000 1977 COM2 64 0R0 224 3.2 7.1 86.9 1.0109 0.00 0.0M
291540.000 1977 COM2 64 0R0 236 3.2 7.1 87.0 1.0109 0.00 0.0M
291600.000 1977 COM2 64 0R0 204 3.0 7.1 87.0 1.0109 0.00 0.0M
291660.000 1977 COM2 64 0R0 238 3.8 7.0 87.1 1.0109 0.00 0.0M
291720.000 1977 COM2 64 0R0 218 3.2 7.0 87.2 1.0109 0.00 0.0M
291780.000 1977 COM2 64 0R0 223 3.6 7.0 87.2 1.0109 0.00 0.0M
291840.000 1977 COM2 64 0R0 208 2.4 7.0 87.2 1.0109 0.00 0.0M
291900.000 1977 COM2 64 0R0 216 4.4 7.0 87.2 1.0109 0.00 0.0M
291960.000 1977 COM2 64 0R0 224 4.5 7.0 87.3 1.0109 0.00 0.0M
292020.000 1977 COM2 64 0R0 197 3.2 7.0 87.3 1.0108 0.00 0.0M
292080.000 1977 COM2 64 0R0 216 2.4 6.9 87.1 1.0108 0.00 0.0M
292140.000 1977 COM2 64 0R0 195 3.1 6.9 87.3 1.0108 0.00 0.0M
292200.000 1977 COM2 64 0R0 212 3.9 6.9 87.5 1.0108 0.00 0.0M
292260.000 1977 COM2 64 0R0 214 4.4 6.8 87.6 1.0108 0.00 0.0M
292320.000 1977 COM2 64 0R0 184 2.9 6.8 87.9 1.0108 0.00 0.0M
292380.000 1977 COM2 64 0R0 192 2.7 6.8 87.8 1.0107 0.00 0.0M
292440.000 1977 COM2 64 0R0 216 2.0 6.8 87.9 1.0107 0.00 0.0M
292500.100 1977 COM2 64 0R0 208 3.3 6.7 88.1 1.0107 0.00 0.0M
292560.000 1977 COM2 64 0R0 214 3.9 6.7 88.0 1.0107 0.00 0.0M
292620.000 1977 COM2 64 0R0 225 3.1 6.7 88.4 1.0107 0.00 0.0M
292680.000 1977 COM2 64 0R0 217 3.7 6.7 88.4 1.0107 0.00 0.0M
292740.000 1977 COM2 64 0R0 204 3.3 6.6 88.5 1.0106 0.00 0.0M
292800.000 1977 COM2 64 0R0 208 2.9 6.6 88.5 1.0106 0.00 0.0M
292860.000 1977 COM2 64 0R0 241 3.0 6.6 88.4 1.0106 0.00 0.0M
292920.000 1977 COM2 64 0R0 222 3.6 6.6 88.5 1.0106 0.00 0.0M
292980.000 1977 COM2 64 0R0 199 2.5 6.6 88.6 1.0106 0.00 0.0M
293040.000 1977 COM2 64 0R0 228 2.4 6.5 88.5 1.0106 0.00 0.0M
293100.000 1977 COM2 64 0R0 242 3.0 6.5 88.6 1.0106 0.00 0.0M
293160.000 1977 COM2 64 0R0 212 2.7 6.5 88.8 1.0106 0.00 0.0M
293220.000 1977 COM2 64 0R0 203 3.7 6.5 88.6 1.0106 0.00 0.0M
293280.000 1977 COM2 64 0R0 213 2.7 6.4 88.9 1.0106 0.00 0.0M
293340.000 1977 COM2 64 0R0 184 3.2 6.4 89.1 1.0106 0.00 0.0M
293400.000 1977 COM2 64 0R0 225 3.0 6.4 89.0 1.0105 0.00 0.0M
293460.000 1977 COM2 64 0R0 224 3.0 6.4 89.2 1.0105 0.00 0.0M
293520.000 1977 COM2 64 0R0 208 3.8 6.4 89.2 1.0105 0.00 0.0M
293580.000 1977 COM2 64 0R0 202 4.3 6.4 89.4 1.0105 0.00 0.0M
293640.000 1977 COM2 64 0R0 213 3.9 6.5 89.5 1.0105 0.00 0.0M
293700.000 1977 COM2 64 0R0 223 3.4 6.4 89.3 1.0105 0.00 0.0M
293760.000 1977 COM2 64 0R0 208 4.1 6.4 89.4 1.0105 0.00 0.0M
293820.000 1977 COM2 64 0R0 226 3.0 6.5 89.4 1.0105 0.00 0.0M
293880.000 1977 COM2 64 0R0 219 4.0 6.4 89.3 1.0104 0.00 0.0M
293940.000 1977 COM2 64 0R0 217 3.4 6.5 89.3 1.0104 0.00 0.0M
294000.000 1977 COM2 64 0R0 221 2.9 6.4 89.3 1.0104 0.00 0.0M
294060.000 1977 COM2 64 0R0 233 3.4 6.4 89.3 1.0104 0.00 0.0M
294120.000 1977 COM2 64 0R0 225 3.1 6.4 89.3 1.0104 0.00 0.0M
294180.000 1977 COM2 64 0R0 222 3.2 6.4 89.2 1.0104 0.00 0.0M
294240.000 1977 COM2 64 0R0 219 3.9 6.4 89.3 1.0104 0.00 0.0M
294300.000 1977 COM2 64 0R0 239 3.1 6.4 89.4 1.0104 0.00 0.0M
294360.000 1977 COM2 64 0R0 213 3.3 6.4 89.5 1.0104 0.00 0.0M
294420.000 1977 COM2 64 0R0 229 2.2 6.4 89.3 1.0104 0.00 0.0M
294480.000 1977 COM2 64 0R0 244 2.5 6.4 89.4 1.0104 0.00 0.0M
294540.000 1977 COM2 64 0R0 217 4.1 6.4 89.4 1.0104 0.00 0.0M
294600.000 1977 COM2 64 0R0 207 3.4 6.4 89.5 1.0104 0.00 0.0M
294660.000 1977 COM2 64 0R0 209 3.4 6.4 89.4 1.0103 0.00 0.0M
294720.000 1977 COM2 64 0R0 224 3.6 6.4 89.3 1.0103 0.00 0.0M
294780.000 1977 COM2 64 0R0 228 2.3 6.4 89.5 1.0103 0.00 0.0M
294840.000 1977 COM2 64 0R0 212 2.9 6.4 89.4 1.0103 0.00 0.0M
294900.000 1977 COM2 64 0R0 209 3.2 6.4 89.3 1.0103 0.00 0.0M
294960.000 1977 COM2 64 0R0 221 3.6 6.4 89.3 1.0103 0.00 0.0M
295020.000 1977 COM2 64 0R0 234 3.7 6.4 89.5 1.0103 0.00 0.0M
295080.000 1977 COM2 64 0R0 222 3.0 6.4 89.5 1.0103 0.00 0.0M
295140.000 1977 COM2 64 0R0 236 2.8 6.4 89.7 1.0103 0.00 0.0M
295200.000 1977 COM2 64 0R0 229 3.2 6.4 89.7 1.0103 0.00 0.0M
295260.000 1977 COM2 64 0R0 212 3.4 6.4 89.7 1.0103 0.00 0.0M
295320.000 1977 COM2 64 0R0 211 3.0 6.4 89.7 1.0103 0.00 0.0M
295380.000 1977 COM2 64 0R0 204 3.4 6.4 89.8 1.0102 0.00 0.0M
295440.100 1977 COM2 64 0R0 209 3.8 6.4 89.8 1.0102 0.00 0.0M
295500.000 1977 COM2 64 0R0 202 2.9 6.4 89.8 1.0102 0.00 0.0M
295560.000 1977 COM2 64 0R0 206 3.4 6.4 89.7 1.0102 0.00 0.0M
295620.000 1977 COM2 64 0R0 224 4.1 6.4 89.7 1.0102 0.00 0.0M
295680.000 1977 COM2 64 0R0 211 3.7 6.4 89.8 1.0102 0.00 0.0M
295740.000 1977 COM2 64 0R0 230 2.8 6.4 89.7 1.0102 0.00 0.0M
295800.000 1977 COM2 64 0R0 213 3.7 6.4 89.8 1.0102 0.00 0.0M
295860.100 1977 COM2 64 0R0 203 4.0 6.4 89.9 1.0101 0.00 0.0M
295920.000 1977 COM2 64 0R0 196 3.1 6.4 89.8 1.0102 0.00 0.0M
295980.000 1977 COM2 64 0R0 207 3.8 6.3 89.9 1.0102 0.00 0.0M
296040.000 1977 COM2 64 0R0 203 3.5 6.4 90.0 1.0102 0.00 0.0M
296100.000 1977 COM2 64 0R0 194 2.0 6.4 90.0 1.0102 0.00 0.0M
296160.000 1977 COM2 64 0R0 214 4.0 6.3 90.0 1.0101 0.00 0.0M
296220.000 1977 COM2 64 0R0 223 3.2 6.3 90.0 1.0101 0.00 0.0M
296280.000 1977 COM2 64 0R0 214 3.3 6.3 89.9 1.0101 0.00 0.0M
296340.000 1977 COM2 64 0R0 227 3.2 6.3 90.1 1.0101 0.00 0.0M
296400.000 1977 COM2 64 0R0 221 3.7 6.3 90.1 1.0101 0.00 0.0M
296460.000 1977 COM2 64 0R0 203 3.5 6.3 90.1 1.0101 0.00 0.0M
296520.000 1977 COM2 64 0R0 185 2.1 6.3 90.1 1.0102 0.00 0.0M
296580.000 1977 COM2 64 0R0 223 4.6 6.3 90.2 1.0102 0.00 0.0M
296640.000 1977 COM2 64 0R0 237 2.3 6.3 90.4 1.0101 0.00 0.0M
296700.000 1977 COM2 64 0R0 215 3.7 6.3 90.4 1.0101 0.00 0.0M
296760.000 1977 COM2 64 0R0 211 3.2 6.3 90.4 1.0101 0.00 0.0M
296820.000 1977 COM2 64 0R0 232 3.1 6.3 90.4 1.0102 0.00 0.0M
296880.000 1977 COM2 64 0R0 239 4.1 6.4 90.5 1.0102 0.00 0.0M
296940.000 1977 COM2 64 0R0 214 3.7 6.4 90.5 1.0102 0.00 0.0M
297000.000 1977 COM2 64 0R0 240 1.9 6.4 90.5 1.0101 0.00 0.0M
297060.000 1977 COM2 64 0R0 193 3.4 6.4 90.4 1.0101 0.00 0.0M
297120.000 1977 COM2 64 0R0 220 2.4 6.4 90.3 1.0101 0.00 0.0M
297180.000 1977 COM2 64 0R0 220 3.5 6.4 90.3 1.0101 0.00 0.0M
297240.000 1977 COM2 64 0R0 223 2.8 6.4 90.4 1.0100 0.00 0.0M
297300.000 1977 COM2 64 0R0 225 3.8 6.4 90.3 1.0101 0.00 0.0M
297360.000 1977 COM2 64 0R0 205 2.3 6.4 90.3 1.0100 0.00 0.0M
297420.100 1977 COM2 64 0R0 212 2.5 6.4 90.3 1.0100 0.00 0.0M
297480.000 1977 COM2 64 0R0 231 2.1 6.4 90.3 1.0100 0.00 0.0M
297540.000 1977 COM2 64 0R0 195 3.5 6.4 90.3 1.0100 0.00 0.0M
297600.000 1977 COM2 64 0R0 243 3.6 6.4 90.2 1.0099 0.00 0.0M
297660.000 1977 COM2 64 0R0 223 4.3 6.4 90.3 1.0099 0.00 0.0M
297720.000 1977 COM2 64 0R0 218 5.2 6.4 90.4 1.0098 0.00 0.0M
297780.000 1977 COM2 64 0R0 209 4.8 6.5 90.8 1.0098 0.00 0.0M
297840.000 1977 COM2 64 0R0 202 4.6 6.5 90.7 1.0099 0.00 0.0M
297900.000 1977 COM2 64 0R0 218 4.4 6.5 90.6 1.0099 0.00 0.0M
297960.000 1977 COM2 64 0R0 208 3.6 6.5 90.5 1.0099 0.00 0.0M
298020.000 1977 COM2 64 0R0 221 1.9 6.5 90.3 1.0100 0.00 0.0M
298080.000 1977 COM2 64 0R0 224 5.0 6.4 90.2 1.0100 0.00 0.0M
298140.000 1977 COM2 64 0R0 231 2.6 6.4 90.4 1.0100 0.00 0.0M
298200.000 1977 COM2 64 0R0 218 3.0 6.4 90.3 1.0100 0.00 0.0M
298260.000 1977 COM2 64 0R0 201 3.9 6.4 90.3 1.0100 0.00 0.0M
298320.000 1977 COM2 64 0R0 213 1.1 6.4 90.5 1.0100 0.00 0.0M
298380.000 1977 COM2 64 0R0 218 3.7 6.4 90.5 1.0100 0.00 0.0M
298440.000 1977 COM2 64 0R0 216 3.8 6.4 90.6 1.0101 0.00 0.0M
298500.000 1977 COM2 64 0R0 197 3.5 6.5 90.7 1.0100 0.00 0.0M
298560.000 1977 COM2 64 0R0 207 2.7 6.5 90.6 1.0101 0.00 0.0M
298620.000 1977 COM2 64 0R0 221 3.7 6.5 90.5 1.0101 0.00 0.0M
298680.000 1977 COM2 64 0R0 235 2.3 6.5 90.5 1.0101 0.00 0.0M
298740.000 1977 COM2 64 0R0 216 4.0 6.5 90.5 1.0101 0.00 0.0M
298800.000 1977 COM2 64 0R0 206 3.5 6.5 90.4 1.0101 0.00 0.0M
298860.000 1977 COM2 64 0R0 249 1.5 6.5 90.3 1.0101 0.00 0.0M
298920.000 1977 COM2 64 0R0 231 4.3 6.5 90.3 1.0101 0.00 0.0M
298980.000 1977 COM2 64 0R0 255 1.9 6.6 90.4 1.0101 0.00 0.0M
299040.000 1977 COM2 64 0R0 215 3.9 6.6 90.3 1.0101 0.00 0.0M
299100.000 1977 COM2 64 0R0 228 3.2 6.6 90.3 1.0101 0.00 0.0M
299160.000 1977 COM2 64 0R0 218 3.7 6.6 90.2 1.0101 0.00 0.0M
299220.000 1977 COM2 64 0R0 233 3.7 6.6 90.2 1.0101 0.00 0.0M
299280.000 1977 COM2 64 0R0 228 3.0 6.6 90.1 1.0101 0.00 0.0M
299340.000 1977 COM2 64 0R0 225 3.5 6.6 90.1 1.0101 0.00 0.0M
299400.000 1977 COM2 64 0R0 241 2.8 6.6 90.2 1.0101 0.00 0.0M
299460.000 1977 COM2 64 0R0 211 2.9 6.6 90.2 1.0101 0.00 0.0M
299520.000 1977 COM2 64 0R0 207 2.2 6.6 90.1 1.0102 0.00 0.0M
299580.000 1977 COM2 64 0R0 197 0.6 6.6 90.1 1.0102 0.00 0.0M
299640.000 1977 COM2 64 0R0 267 1.5 6.6 90.1 1.0101 0.00 0.0M
299700.000 1977 COM2 64 0R0 210 3.4 6.6 90.1 1.0102 0.00 0.0M
299760.000 1977 COM2 64 0R0 217 2.4 6.6 90.0 1.0102 0.00 0.0M
299820.000 1977 COM2 64 0R0 221 2.1 6.6 90.1 1.0102 0.00 0.0M
299880.000 1977 COM2 64 0R0 193 3.5 6.6 90.1 1.0102 0.00 0.0M
299940.000 1977 COM2 64 0R0 195 1.7 6.6 90.2 1.0102 0.00 0.0M
300000.000 1977 COM2 64 0R0 209 2.1 6.6 90.1 1.0101 0.00 0.0M
300060.000 1977 COM2 64 0R0 205 3.4 6.6 90.0 1.0101 0.00 0.0M
300120.000 1977 COM2 64 0R0 216 3.6 6.6 90.0 1.0101 0.00 0.0M
300180.000 1977 COM2 64 0R0 228 3.4 6.7 90.0 1.0101 0.00 0.0M
300240.000 1977 COM2 64 0R0 243 2.3 6.7 90.0 1.0102 0.00 0.0M
300300.000 1977 COM2 64 0R0 215 2.4 6.7 89.9 1.0101 0.00 0.0M
300360.000 1977 COM2 64 0R0 211 3.2 6.7 89.9 1.0102 0.00 0.0M
300420.000 1977 COM2 64 0R0 219 4.1 6.7 89.8 1.0102 0.00 0.0M
300480.000 1977 COM2 64 0R0 215 2.2 6.6 89.8 1.0102 0.00 0.0M
300540.000 1977 COM2 64 0R0 185 3.6 6.7 89.8 1.0102 0.00 0.0M
300600.000 1977 COM2 64 0R0 218 2.7 6.6 89.8 1.0102 0.00 0.0M
300660.000 1977 COM2 64 0R0 236 2.6 6.7 89.8 1.0102 0.00 0.0M
300720.000 1977 COM2 64 0R0 236 3.1 6.7 89.8 1.0103 0.00 0.0M
300780.000 1977 COM2 64 0R0 244 2.8 6.7 89.8 1.0102 0.00 0.0M
300840.000 1977 COM2 64 0R0 203 2.3 6.7 89.8 1.0103 0.00 0.0M
300900.000 1977 COM2 64 0R0 227 2.6 6.7 89.7 1.0103 0.00 0.0M
300960.000 1977 COM2 64 0R0 244 2.3 6.7 89.7 1.0102 0.00 0.0M
301020.000 1977 COM2 64 0R0 194 1.9 6.7 89.6 1.0103 0.00 0.0M
301080.000 1977 COM2 64 0R0 230 3.2 6.7 89.6 1.0103 0.00 0.0M
301140.000 1977 COM2 64 0R0 239 1.6 6.7 89.5 1.0103 0.00 0.0M
301200.000 1977 COM2 64 0R0 217 3.5 6.7 89.5 1.0103 0.00 0.0M
301260.000 1977 COM2 64 0R0 230 3.3 6.7 89.4 1.0103 0.00 0.0M
301320.000 1977 COM2 64 0R0 221 2.4 6.7 89.4 1.0103 0.00 0.0M
301380.000 1977 COM2 64 0R0 203 1.3 6.7 89.5 1.0104 0.00 0.0M
301440.000 1977 COM2 64 0R0 243 2.3 6.7 89.4 1.0104 0.00 0.0M
301500.000 1977 COM2 64 0R0 233 2.4 6.7 89.4 1.0104 0.00 0.0M
301560.100 1977 COM2 64 0R0 232 2.0 6.8 89.3 1.0104 0.00 0.0M
301620.000 1977 COM2 64 0R0 243 2.2 6.8 89.2 1.0104 0.00 0.0M
301680.000 1977 COM2 64 0R0 234 3.7 6.8 89.1 1.0105 0.00 0.0M
301740.000 1977 COM2 64 0R0 234 3.7 6.8 89.1 1.0105 0.00 0.0M
301800.000 1977 COM2 64 0R0 244 3.3 6.8 89.1 1.0105 0.00 0.0M
301860.000 1977 COM2 64 0R0 224 4.0 6.8 89.0 1.0105 0.00 0.0M
301920.000 1977 COM2 64 0R0 244 1.9 6.8 89.0 1.0105 0.00 0.0M
301980.000 1977 COM2 64 0R0 218 1.8 6.8 88.8 1.0105 0.00 0.0M
302040.000 1977 COM2 64 0R0 232 3.0 6.8 88.7 1.0105 0.00 0.0M
302100.000 1977 COM2 64 0R0 242 1.5 6.8 88.8 1.0104 0.00 0.0M
302160.000 1977 COM2 64 0R0 241 1.8 6.8 88.7 1.0104 0.00 0.0M
302220.000 1977 COM2 64 0R0 236 2.2 6.8 88.7 1.0103 0.00 0.0M
302280.000 1977 COM2 64 0R0 216 3.5 6.9 88.5 1.0103 0.00 0.0M
302340.000 1977 COM2 64 0R0 237 3.5 6.9 88.5 1.0103 0.00 0.0M
302400.000 1977 COM2 64 0R0 246 2.3 6.9 88.4 1.0104 0.00 0.0M
302460.000 1977 COM2 64 0R0 207 3.0 6.9 88.4 1.0104 0.00 0.0M
302520.000 1977 COM2 64 0R0 216 3.0 6.9 88.3 1.0104 0.00 0.0M
302580.000 1977 COM2 64 0R0 208 3.1 6.9 88.3 1.0104 0.00 0.0M
302640.000 1977 COM2 64 0R0 225 2.7 6.9 88.2 1.0104 0.00 0.0M
302700.000 1977 COM2 64 0R0 233 3.0 7.0 88.1 1.0104 0.00 0.0M
302760.000 1977 COM2 64 0R0 214 1.5 7.0 88.0 1.0104 0.00 0.0M
302820.000 1977 COM2 64 0R0 243 2.1 7.0 87.9 1.0104 0.00 0.0M
302880.000 1977 COM2 64 0R0 254 1.1 7.0 87.8 1.0104 0.00 0.0M
302940.000 1977 COM2 64 0R0 205 1.4 7.1 87.7 1.0104 0.00 0.0M
303000.000 1977 COM2 64 0R0 219 1.9 7.1 87.5 1.0104 0.00 0.0M
303060.000 1977 COM2 64 0R0 223 1.6 7.1 87.5 1.0104 0.00 0.0M
303120.000 1977 COM2 64 0R0 238 1.0 7.1 87.5 1.0104 0.00 0.0M
303180.000 1977 COM2 64 0R0 284 1.2 7.1 87.4 1.0104 0.00 0.0M
303240.000 1977 COM2 64 0R0 190 2.1 7.1 87.4 1.0104 0.00 0.0M
303300.000 1977 COM2 64 0R0 218 2.0 7.1 87.2 1.0104 0.00 0.0M
303360.000 1977 COM2 64 0R0 222 1.0 7.1 87.2 1.0105 0.00 0.0M
303420.000 1977 COM2 64 0R0 186 2.3 7.1 87.2 1.0105 0.00 0.0M
303480.000 1977 COM2 64 0R0 207 2.9 7.1 87.1 1.0105 0.00 0.0M
303540.000 1977 COM2 64 0R0 226 3.1 7.1 86.9 1.0105 0.00 0.0M
303600.000 1977 COM2 64 0R0 182 0.8 7.2 86.9 1.0105 0.00 0.0M
303660.000 1977 COM2 64 0R0 219 2.3 7.2 86.9 1.0105 0.00 0.0M
303720.000 1977 COM2 64 0R0 224 2.3 7.2 86.8 1.0105 0.00 0.0M
303780.000 1977 COM2 64 0R0 196 3.2 7.2 86.7 1.0104 0.00 0.0M
303840.000 1977 COM2 64 0R0 221 2.4 7.2 86.6 1.0104 0.00 0.0M
303900.000 1977 COM2 64 0R0 241 3.2 7.1 86.6 1.0104 0.00 0.0M
303960.000 1977 COM2 64 0R0 228 3.9 7.1 86.8 1.0104 0.00 0.0M
304020.000 1977 COM2 64 0R0 231 2.7 7.1 86.8 1.0104 0.00 0.0M
304080.000 1977 COM2 64 0R0 213 3.0 7.1 86.8 1.0104 0.00 0.0M
304140.000 1977 COM2 64 0R0 241 1.7 7.2 86.7 1.0104 0.00 0.0M
304200.000 1977 COM2 64 0R0 236 2.4 7.2 86.7 1.0104 0.00 0.0M
304260.000 1977 COM2 64 0R0 229 3.7 7.2 86.6 1.0105 0.00 0.0M
304320.000 1977 COM2 64 0R0 210 3.2 7.2 86.5 1.0105 0.00 0.0M
304380.000 1977 COM2 64 0R0 198 1.9 7.2 86.5 1.0104 0.00 0.0M
304440.000 1977 COM2 64 0R0 213 2.4 7.3 86.4 1.0104 0.00 0.0M
304500.000 1977 COM2 64 0R0 220 2.9 7.3 86.3 1.0104 0.00 0.0M
304560.000 1977 COM2 64 0R0 221 1.1 7.3 86.3 1.0104 0.00 0.0M
304620.000 1977 COM2 64 0R0 200 2.9 7.3 86.3 1.0105 0.00 0.0M
304680.000 1977 COM2 64 0R0 193 1.4 7.3 86.0 1.0105 0.00 0.0M
304740.100 1977 COM2 64 0R0 240 0.8 7.3 85.9 1.0105 0.00 0.0M
304800.000 1977 COM2 64 0R0 188 1.7 7.4 86.3 1.0105 0.00 0.0M
304860.000 1977 COM2 64 0R0 177 1.0 7.4 86.2 1.0105 0.00 0.0M
304920.100 1977 COM2 64 0R0 199 2.2 7.5 86.1 1.0105 0.00 0.0M
304980.000 1977 COM2 64 0R0 187 2.6 7.5 85.5 1.0105 0.00 0.0M
305040.000 1977 COM2 64 0R0 232 3.4 7.5 85.2 1.0105 0.00 0.0M
305100.000 1977 COM2 64 0R0 224 2.8 7.5 84.9 1.0104 0.00 0.0M
305160.000 1977 COM2 64 0R0 218 2.9 7.5 85.2 1.0105 0.00 0.0M
305220.000 1977 COM2 64 0R0 216 3.4 7.5 85.2 1.0104 0.00 0.0M
305280.000 1977 COM2 64 0R0 185 3.8 7.4 85.3 1.0105 0.00 0.0M
305340.000 1977 COM2 64 0R0 226 3.4 7.4 85.4 1.0105 0.00 0.0M
305400.000 1977 COM2 64 0R0 227 3.1 7.4 85.3 1.0105 0.00 0.0M
305460.000 1977 COM2 64 0R0 231 3.8 7.4 85.3 1.0105 0.00 0.0M
305520.000 1977 COM2 64 0R0 213 1.4 7.4 85.5 1.0105 0.00 0.0M
305580.000 1977 COM2 64 0R0 196 2.0 7.4 85.4 1.0105 0.00 0.0M
305640.100 1977 COM2 64 0R0 236 2.2 7.5 85.4 1.0105 0.00 0.0M
305700.000 1977 COM2 64 0R0 225 1.0 7.5 85.2 1.0105 0.00 0.0M
305760.000 1977 COM2 64 0R0 195 3.0 7.5 85.2 1.0105 0.00 0.0M
305820.000 1977 COM2 64 0R0 235 2.5 7.5 85.0 1.0105 0.00 0.0M
305880.000 1977 COM2 64 0R0 196 1.5 7.5 85.2 1.0105 0.00 0.0M
305940.000 1977 COM2 64 0R0 208 1.9 7.4 85.2 1.0105 0.00 0.0M
306000.000 1977 COM2 64 0R0 205 2.8 7.4 85.2 1.0105 0.00 0.0M
306060.000 1977 COM2 64 0R0 224 2.7 7.4 84.9 1.0105 0.00 0.0M
306120.000 1977 COM2 64 0R0 244 1.8 7.4 85.1 1.0106 0.00 0.0M
306180.000 1977 COM2 64 0R0 237 2.4 7.4 85.3 1.0106 0.00 0.0M
306240.000 1977 COM2 64 0R0 230 2.6 7.4 85.2 1.0106 0.00 0.0M
306300.000 1977 COM2 64 0R0 207 3.1 7.4 85.2 1.0105 0.00 0.0M
306360.000 1977 COM2 64 0R0 209 3.6 7.4 84.9 1.0105 0.00 0.0M
306420.000 1977 COM2 64 0R0 217 2.9 7.4 84.8 1.0105 0.00 0.0M
306480.000 1977 COM2 64 0R0 217 1.8 7.4 85.1 1.0105 0.00 0.0M
306540.000 1977 COM2 64 0R0 256 1.6 7.4 85.2 1.0105 0.00 0.0M
306600.000 1977 COM2 64 0R0 228 3.1 7.5 85.0 1.0105 0.00 0.0M
306660.000 1977 COM2 64 0R0 242 1.3 7.5 84.6 1.0106 0.00 0.0M
306720.000 1977 COM2 64 0R0 208 2.3 7.6 84.6 1.0106 0.00 0.0M
306780.000 1977 COM2 64 0R0 218 1.9 7.6 84.3 1.0106 0.00 0.0M
306840.000 1977 COM2 64 0R0 237 3.3 7.6 84.2 1.0106 0.00 0.0M
306900.000 1977 COM2 64 0R0 291 1.1 7.6 84.1 1.0106 0.00 0.0M
306960.000 1977 COM2 64 0R0 204 2.4 7.7 84.2 1.0106 0.00 0.0M
307020.000 1977 COM2 64 0R0 186 2.3 7.8 83.8 1.0106 0.00 0.0M
307080.000 1977 COM2 64 0R0 238 2.3 7.8 83.9 1.0106 0.00 0.0M
307140.000 1977 COM2 64 0R0 218 1.8 7.9 83.5 1.0106 0.00 0.0M
307200.000 1977 COM2 64 0R0 224 1.4 7.9 83.1 1.0106 0.00 0.0M
307260.000 1977 COM2 64 0R0 161 2.1 7.9 82.6 1.0106 0.00 0.0M
307320.000 1977 COM2 64 0R0 239 2.7 8.0 82.8 1.0106 0.00 0.0M
307380.000 1977 COM2 64 0R0 235 3.8 8.0 82.5 1.0107 0.00 0.0M
307440.000 1977 COM2 64 0R0 225 2.5 8.0 82.2 1.0107 0.00 0.0M
307500.000 1977 COM2 64 0R0 245 0.8 8.0 82.3 1.0107 0.00 0.0M
307560.000 1977 COM2 64 0R0 226 2.7 8.1 82.2 1.0108 0.00 0.0M
307620.000 1977 COM2 64 0R0 210 1.1 8.1 81.7 1.0108 0.00 0.0M
307680.000 1977 COM2 64 0R0 267 2.3 8.2 81.5 1.0108 0.00 0.0M
307740.000 1977 COM2 64 0R0 211 2.7 8.2 81.3 1.0107 0.00 0.0M
307800.000 1977 COM2 64 0R0 232 2.4 8.3 80.7 1.0107 0.00 0.0M
307860.000 1977 COM2 64 0R0 254 1.7 8.3 80.7 1.0107 0.00 0.0M
307920.000 1977 COM2 64 0R0 204 1.9 8.3 80.7 1.0107 0.00 0.0M
307980.000 1977 COM2 64 0R0 252 2.7 8.4 80.3 1.0108 0.00 0.0M
308040.000 1977 COM2 64 0R0 247 1.2 8.4 79.8 1.0108 0.00 0.0M
308100.000 1977 COM2 64 0R0 243 2.1 8.4 80.2 1.0108 0.00 0.0M
308160.000 1977 COM2 64 0R0 260 0.9 8.5 79.5 1.0108 0.00 0.0M
308220.200 1977 COM2 64 0R0 244 3.2 8.6 79.1 1.0109 0.00 0.0M
308280.000 1977 COM2 64 0R0 241 1.2 8.6 77.7 1.0109 0.00 0.0M
308340.000 1977 COM2 64 0R0 184 3.2 8.7 76.7 1.0108 0.00 0.0M
308400.000 1977 COM2 64 0R0 225 3.8 8.7 76.7 1.0108 0.00 0.0M
308460.000 1977 COM2 64 0R0 197 3.6 8.7 76.6 1.0109 0.00 0.0M
308520.000 1977 COM2 64 0R0 199 0.9 8.6 76.3 1.0109 0.00 0.0M
308580.000 1977 COM2 64 0R0 271 3.2 8.7 76.3 1.0109 0.00 0.0M
308640.000 1977 COM2 64 0R0 231 1.5 8.7 75.6 1.0108 0.00 0.0M
308700.000 1977 COM2 64 0R0 231 0.8 8.7 74.9 1.0108 0.00 0.0M
308760.000 1977 COM2 64 0R0 223 1.8 8.8 75.3 1.0108 0.00 0.0M
308820.000 1977 COM2 64 0R0 217 2.3 8.8 74.7 1.0108 0.00 0.0M
308880.000 1977 COM2 64 0R0 211 3.2 8.9 74.0 1.0108 0.00 0.0M
308940.000 1977 COM2 64 0R0 217 1.6 8.9 74.5 1.0109 0.00 0.0M
309000.000 1977 COM2 64 0R0 248 2.9 8.9 74.2 1.0109 0.00 0.0M
309060.000 1977 COM2 64 0R0 192 2.0 9.0 73.2 1.0109 0.00 0.0M
309120.000 1977 COM2 64 0R0 213 2.6 9.1 73.0 1.0109 0.00 0.0M
309180.000 1977 COM2 64 0R0 250 3.0 9.1 73.2 1.0109 0.00 0.0M
309240.000 1977 COM2 64 0R0 233 4.1 9.2 71.6 1.0108 0.00 0.0M
309300.000 1977 COM2 64 0R0 239 2.2 9.2 71.7 1.0108 0.00 0.0M
309360.000 1977 COM2 64 0R0 230 2.5 9.3 71.4 1.0108 0.00 0.0M
309420.000 1977 COM2 64 0R0 246 1.5 9.3 71.9 1.0108 0.00 0.0M
309480.000 1977 COM2 64 0R0 247 2.6 9.3 71.3 1.0108 0.00 0.0M
309540.000 1977 COM2 64 0R0 240 2.6 9.3 69.5 1.0108 0.00 0.0M
309600.000 1977 COM2 64 0R0 167 1.0 9.4 68.9 1.0108 0.00 0.0M
309660.000 1977 COM2 64 0R0 236 1.5 9.4 69.6 1.0108 0.00 0.0M
309720.000 1977 COM2 64 0R0 229 2.4 9.5 69.1 1.0109 0.00 0.0M
309780.000 1977 COM2 64 0R0 224 1.2 9.5 69.7 1.0108 0.00 0.0M
309840.000 1977 COM2 64 0R0 246 1.9 9.6 69.6 1.0108 0.00 0.0M
309900.000 1977 COM2 64 0R0 237 2.5 9.7 67.1 1.0108 0.00 0.0M
309960.000 1977 COM2 64 0R0 205 1.7 9.7 66.6 1.0108 0.00 0.0M
310020.000 1977 COM2 64 0R0 235 1.3 9.7 67.0 1.0108 0.00 0.0M
310080.000 1977 COM2 64 0R0 213 4.4 9.8 66.4 1.0108 0.00 0.0M
310140.000 1977 COM2 64 0R0 270 1.3 9.9 66.2 1.0108 0.00 0.0M
310200.000 1977 COM2 64 0R0 250 2.7 9.9 65.3 1.0108 0.00 0.0M
310260.000 1977 COM2 65 0R0 255 2.6 10.0 64.1 1.0108 0.00 0.0M
310320.000 1977 COM2 65 0R0 252 3.1 10.1 64.4 1.0109 0.00 0.0M
310380.000 1977 COM2 65 0R0 212 3.3 10.2 63.0 1.0108 0.00 0.0M
310440.000 1977 COM2 65 0R0 205 2.6 10.2 63.8 1.0109 0.00 0.0M
310500.000 1977 COM2 65 0R0 220 1.7 10.4 62.5 1.0108 0.00 0.0M
310560.000 1977 COM2 65 0R0 308 0.4 10.5 61.1 1.0109 0.00 0.0M
310620.000 1977 COM2 65 0R0 204 3.2 10.6 61.9 1.0109 0.00 0.0M
310680.000 1977 COM2 65 0R0 310 1.8 10.7 60.7 1.0109 0.00 0.0M
310740.000 1977 COM2 65 0R0 245 2.4 10.7 59.0 1.0108 0.00 0.0M
310800.000 1977 COM2 65 0R0 240 2.9 10.7 57.9 1.0107 0.00 0.0M
310860.000 1977 COM2 65 0R0 257 1.7 10.6 56.5 1.0108 0.00 0.0M
310920.000 1977 COM2 65 0R0 243 1.7 10.6 58.3 1.0108 0.00 0.0M
310980.000 1977 COM2 65 0R0 245 4.0 10.6 57.7 1.0109 0.00 0.0M
311040.000 1977 COM2 65 0R0 273 3.3 10.7 57.7 1.0109 0.00 0.0M
311100.000 1977 COM2 65 0R0 262 2.5 10.7 57.5 1.0109 0.00 0.0M
311160.000 1977 COM2 65 0R0 254 1.1 10.7 57.2 1.0109 0.00 0.0M
311220.000 1977 COM2 65 0R0 249 3.5 10.7 57.2 1.0109 0.00 0.0M
311280.000 1977 COM2 65 0R0 272 2.7 10.7 56.4 1.0109 0.00 0.0M
311340.000 1977 COM2 65 0R0 177 1.0 10.7 56.6 1.0109 0.00 0.0M
311400.000 1977 COM2 65 0R0 296 1.2 10.7 56.7 1.0110 0.00 0.0M
311460.000 1977 COM2 65 0R0 242 2.4 10.7 56.8 1.0110 0.00 0.0M
311520.000 1977 COM2 65 0R0 283 0.9 10.7 56.8 1.0109 0.00 0.0M
311580.000 1977 COM2 65 0R0 248 1.2 10.7 56.5 1.0109 0.00 0.0M
311640.000 1977 COM2 65 0R0 245 2.6 10.7 56.5 1.0109 0.00 0.0M
311700.000 1977 COM2 65 0R0 228 1.7 10.7 56.8 1.0109 0.00 0.0M
311760.000 1977 COM2 65 0R0 323 2.4 10.7 57.1 1.0109 0.00 0.0M
311820.000 1977 COM2 65 0R0 264 1.5 10.7 55.7 1.0109 0.00 0.0M
311880.000 1977 COM2 65 0R0 260 1.5 10.7 55.9 1.0109 0.00 0.0M
311940.000 1977 COM2 65 0R0 278 3.6 10.7 55.8 1.0109 0.00 0.0M
312000.000 1977 COM2 65 0R0 226 2.0 10.7 54.7 1.0109 0.00 0.0M
312060.000 1977 COM2 65 0R0 261 2.1 10.7 55.8 1.0110 0.00 0.0M
312120.000 1977 COM2 65 0R0 240 3.1 10.6 55.0 1.0110 0.00 0.0M
312180.000 1977 COM2 65 0R0 251 1.6 10.6 55.4 1.0109 0.00 0.0M
312240.000 1977 COM2 65 0R0 210 1.8 10.7 55.7 1.0109 0.00 0.0M
312300.000 1977 COM2 65 0R0 269 3.2 10.7 55.4 1.0110 0.00 0.0M
312360.000 1977 COM2 65 0R0 188 2.0 10.7 54.6 1.0110 0.00 0.0M
312420.000 1977 COM2 65 0R0 215 1.5 10.8 54.5 1.0110 0.00 0.0M
312480.000 1977 COM2 65 0R0 245 3.5 10.9 54.4 1.0110 0.00 0.0M
312540.000 1977 COM2 65 0R0 210 2.6 10.9 54.2 1.0110 0.00 0.0M
312600.000 1977 COM2 65 0R0 216 1.5 10.9 54.2 1.0109 0.00 0.0M
312660.000 1977 COM2 65 0R0 243 4.3 11.0 54.5 1.0109 0.00 0.0M
312720.000 1977 COM2 65 0R0 224 0.7 11.1 53.4 1.0109 0.00 0.0M
312780.000 1977 COM2 65 0R0 255 3.0 11.2 53.2 1.0109 0.00 0.0M
312840.000 1977 COM2 65 0R0 233 4.5 11.2 53.1 1.0109 0.00 0.0M
312900.000 1977 COM2 65 0R0 247 2.0 11.3 52.3 1.0109 0.00 0.0M
312960.000 1977 COM2 65 0R0 219 3.8 11.3 52.2 1.0109 0.00 0.0M
313020.000 1977 COM2 65 0R0 196 0.9 11.4 52.1 1.0110 0.00 0.0M
313080.000 1977 COM2 65 0R0 249 3.4 11.5 51.1 1.0110 0.00 0.0M
313140.000 1977 COM2 65 0R0 223 3.5 11.5 51.1 1.0110 0.00 0.0M
313200.000 1977 COM2 65 0R0 243 1.1 11.6 51.4 1.0110 0.00 0.0M
313260.000 1977 COM2 65 0R0 238 1.4 11.7 50.5 1.0110 0.00 0.0M
313320.000 1977 COM2 65 0R0 265 3.2 11.8 50.4 1.0110 0.00 0.0M
313380.000 1977 COM2 65 0R0 230 1.4 11.9 50.2 1.0110 0.00 0.0M
313440.000 1977 COM2 65 0R0 221 1.5 11.9 50.2 1.0110 0.00 0.0M
313500.000 1977 COM2 65 0R0 270 2.2 12.1 49.7 1.0109 0.00 0.0M
313560.000 1977 COM2 65 0R0 227 1.5 12.2 48.8 1.0109 0.00 0.0M
313620.000 1977 COM2 65 0R0 262 1.1 12.3 48.5 1.0109 0.00 0.0M
313680.100 1977 COM2 65 0R0 225 3.3 12.4 47.4 1.0109 0.00 0.0M
313740.000 1977 COM2 65 0R0 281 0.7 12.4 46.9 1.0109 0.00 0.0M
313800.100 1977 COM2 65 0R0 201 2.7 12.4 47.2 1.0109 0.00 0.0M
313860.000 1977 COM2 65 0R0 222 1.5 12.4 47.3 1.0109 0.00 0.0M
313920.000 1977 COM2 65 0R0 222 1.8 12.6 47.2 1.0110 0.00 0.0M
313980.000 1977 COM2 65 0R0 244 2.4 12.7 46.3 1.0109 0.00 0.0M
314040.000 1977 COM2 65 0R0 266 1.4 12.8 45.3 1.0110 0.00 0.0M
314100.000 1977 COM2 65 0R0 242 3.7 12.9 45.8 1.0110 0.00 0.0M
314160.000 1977 COM2 65 0R0 238 1.5 13.0 44.3 1.0109 0.00 0.0M
314220.000 1977 COM2 65 0R0 250 3.7 13.0 44.2 1.0109 0.00 0.0M
314280.100 1977 COM2 65 0R0 223 3.1 13.1 43.5 1.0110 0.00 0.0M
314340.000 1977 COM2 65 0R0 220 2.2 13.1 43.8 1.0110 0.00 0.0M
314400.000 1977 COM2 65 0R0 265 3.8 13.2 43.0 1.0109 0.00 0.0M
314460.000 1977 COM2 65 0R0 261 2.4 13.3 42.6 1.0109 0.00 0.0M
314520.000 1977 COM2 65 0R0 249 3.8 13.3 42.6 1.0109 0.00 0.0M
314580.000 1977 COM2 65 0R0 129 1.3 13.3 41.8 1.0108 0.00 0.0M
314640.000 1977 COM2 65 0R0 278 2.2 13.4 42.6 1.0109 0.00 0.0M
314700.000 1977 COM2 65 0R0 200 1.7 13.5 42.0 1.0109 0.00 0.0M
314760.000 1977 COM2 65 0R0 248 2.7 13.6 40.7 1.0109 0.00 0.0M
314820.000 1977 COM2 65 0R0 272 3.7 13.7 40.3 1.0108 0.00 0.0M
314880.000 1977 COM2 65 0R0 270 3.2 13.7 39.6 1.0109 0.00 0.0M
314940.000 1977 COM2 65 0R0 284 3.9 13.8 39.2 1.0108 0.00 0.0M
315000.000 1977 COM2 65 0R0 287 3.1 13.9 39.7 1.0109 0.00 0.0M
315060.000 1977 COM2 65 0R0 240 2.2 14.0 39.3 1.0109 0.00 0.0M
315120.000 1977 COM2 65 0R0 286 1.9 14.0 38.6 1.0108 0.00 0.0M
315180.000 1977 COM2 65 0R0 242 2.6 14.1 38.4 1.0108 0.00 0.0M
315240.000 1977 COM2 65 0R0 298 2.3 14.2 37.6 1.0108 0.00 0.0M
315300.000 1977 COM2 65 0R0 268 1.8 14.2 37.8 1.0108 0.00 0.0M
315360.000 1977 COM2 65 0R0 237 4.9 14.3 37.6 1.0109 0.00 0.0M
315420.000 1977 COM2 65 0R0 227 2.0 14.4 37.6 1.0109 0.00 0.0M
315480.000 1977 COM2 65 0R0 256 2.0 14.4 37.1 1.0108 0.00 0.0M
315540.000 1977 COM2 65 0R0 271 2.7 14.5 36.9 1.0108 0.00 0.0M
315600.000 1977 COM2 65 0R0 254 4.3 14.6 36.8 1.0109 0.00 0.0M
315660.000 1977 COM2 65 0R0 200 1.7 14.6 36.5 1.0109 0.00 0.0M
315720.000 1977 COM2 65 0R0 213 3.0 14.6 36.7 1.0109 0.00 0.0M
315780.000 1977 COM2 65 0R0 248 3.8 14.6 36.2 1.0108 0.00 0.0M
315840.000 1977 COM2 65 0R0 233 1.7 14.7 36.3 1.0108 0.00 0.0M
315900.000 1977 COM2 65 0R0 262 2.9 14.7 36.4 1.0108 0.00 0.0M
315960.000 1977 COM2 65 0R0 285 2.9 14.7 36.5 1.0108 0.00 0.0M
316020.000 1977 COM2 65 0R0 267 3.1 14.7 36.3 1.0108 0.00 0.0M
316080.000 1977 COM2 65 0R0 280 4.9 14.8 35.9 1.0108 0.00 0.0M
316140.000 1977 COM2 65 0R0 277 3.6 14.8 36.0 1.0107 0.00 0.0M
316200.000 1977 COM2 65 0R0 281 1.8 14.9 35.9 1.0107 0.00 0.0M
316260.000 1977 COM2 65 0R0 262 2.0 15.0 35.9 1.0107 0.00 0.0M
316320.000 1977 COM2 65 0R0 233 2.3 15.0 35.4 1.0107 0.00 0.0M
316380.000 1977 COM2 65 0R0 251 2.7 15.0 35.4 1.0106 0.00 0.0M
316440.000 1977 COM2 65 0R0 240 3.5 15.1 35.6 1.0106 0.00 0.0M
316500.000 1977 COM2 65 0R0 242 3.1 15.2 35.4 1.0106 0.00 0.0M
316560.000 1977 COM2 65 0R0 255 2.4 15.2 35.0 1.0105 0.00 0.0M
316620.000 1977 COM2 65 0R0 264 1.4 15.2 35.4 1.0106 0.00 0.0M
316680.000 1977 COM2 65 0R0 241 0.9 15.3 35.4 1.0106 0.00 0.0M
316740.000 1977 COM2 65 0R0 199 3.1 15.4 35.3 1.0106 0.00 0.0M
316800.000 1977 COM2 65 0R0 236 1.3 15.4 34.9 1.0105 0.00 0.0M
316860.000 1977 COM2 65 0R0 290 3.6 15.5 34.7 1.0105 0.00 0.0M
316920.000 1977 COM2 65 0R0 267 2.8 15.5 34.6 1.0104 0.00 0.0M
316980.000 1977 COM2 65 0R0 280 4.2 15.5 34.6 1.0105 0.00 0.0M
317040.000 1977 COM2 65 0R0 265 2.9 15.6 34.4 1.0105 0.00 0.0M
317100.000 1977 COM2 65 0R0 259 4.0 15.6 34.1 1.0106 0.00 0.0M
317160.000 1977 COM2 65 0R0 241 1.7 15.6 33.9 1.0106 0.00 0.0M
317220.000 1977 COM2 65 0R0 243 3.0 15.6 34.5 1.0106 0.00 0.0M
317280.000 1977 COM2 65 0R0 286 1.9 15.6 34.3 1.0105 0.00 0.0M
317340.000 1977 COM2 65 0R0 302 0.8 15.7 34.1 1.0105 0.00 0.0M
317400.000 1977 COM2 65 0R0 228 3.5 15.8 33.6 1.0105 0.00 0.0M
317460.000 1977 COM2 65 0R0 250 2.7 15.8 34.0 1.0104 0.00 0.0M
317520.000 1977 COM2 65 0R0 221 2.7 15.8 34.3 1.0105 0.00 0.0M
317580.000 1977 COM2 65 0R0 258 2.2 15.8 34.3 1.0104 0.00 0.0M
317640.000 1977 COM2 65 0R0 166 0.2 15.9 33.3 1.0105 0.00 0.0M
317700.000 1977 COM2 65 0R0 275 2.7 16.0 33.7 1.0104 0.00 0.0M
317760.000 1977 COM2 65 0R0 211 2.9 16.0 33.4 1.0103 0.00 0.0M
317820.000 1977 COM2 65 0R0 214 3.7 16.0 33.8 1.0103 0.00 0.0M
317880.000 1977 COM2 65 0R0 294 3.3 16.0 33.5 1.0104 0.00 0.0M
317940.000 1977 COM2 65 0R0 256 2.9 16.1 33.4 1.0103 0.00 0.0M
318000.000 1977 COM2 65 0R0 267 4.2 16.1 33.2 1.0103 0.00 0.0M
318060.000 1977 COM2 65 0R0 244 3.2 16.1 33.1 1.0103 0.00 0.0M
318120.000 1977 COM2 65 0R0 273 4.1 16.1 33.4 1.0103 0.00 0.0M
318180.000 1977 COM2 65 0R0 309 1.6 16.1 33.2 1.0103 0.00 0.0M
318240.000 1977 COM2 65 0R0 259 2.5 16.1 33.1 1.0102 0.00 0.0M
318300.000 1977 COM2 65 0R0 253 2.1 16.1 33.0 1.0102 0.00 0.0M
318360.000 1977 COM2 65 0R0 273 5.2 16.2 33.0 1.0102 0.00 0.0M
318420.000 1977 COM2 65 0R0 251 3.3 16.2 33.1 1.0102 0.00 0.0M
318480.000 1977 COM2 65 0R0 272 4.1 16.2 32.8 1.0102 0.00 0.0M
318540.000 1977 COM2 65 0R0 251 2.6 16.2 33.1 1.0102 0.00 0.0M
318600.000 1977 COM2 65 0R0 279 2.7 16.2 33.1 1.0102 0.00 0.0M
318660.000 1977 COM2 65 0R0 249 2.7 16.2 33.0 1.0102 0.00 0.0M
318720.000 1977 COM2 65 0R0 241 2.1 16.2 32.9 1.0101 0.00 0.0M
318780.000 1977 COM2 65 0R0 257 3.3 16.2 33.1 1.0101 0.00 0.0M
318840.000 1977 COM2 65 0R0 283 4.5 16.2 33.3 1.0102 0.00 0.0M
318900.000 1977 COM2 65 0R0 263 4.4 16.3 32.9 1.0102 0.00 0.0M
318960.000 1977 COM2 65 0R0 268 4.5 16.2 33.2 1.0102 0.00 0.0M
319020.000 1977 COM2 65 0R0 266 2.7 16.3 32.7 1.0102 0.00 0.0M
319080.000 1977 COM2 65 0R0 241 2.6 16.2 33.3 1.0101 0.00 0.0M
319140.000 1977 COM2 65 0R0 209 2.8 16.3 32.9 1.0102 0.00 0.0M
319200.000 1977 COM2 65 0R0 275 5.0 16.3 33.0 1.0102 0.00 0.0M
319260.000 1977 COM2 65 0R0 269 3.1 16.3 33.1 1.0101 0.00 0.0M
319320.000 1977 COM2 65 0R0 220 2.5 16.3 32.9 1.0101 0.00 0.0M
319380.000 1977 COM2 65 0R0 305 2.4 16.4 33.0 1.0101 0.00 0.0M
319440.000 1977 COM2 65 0R0 258 5.1 16.5 32.6 1.0101 0.00 0.0M
319500.000 1977 COM2 65 0R0 254 1.5 16.5 32.8 1.0101 0.00 0.0M
319560.000 1977 COM2 65 0R0 273 2.3 16.5 32.6 1.0101 0.00 0.0M
319620.000 1977 COM2 65 0R0 240 2.5 16.5 32.6 1.0100 0.00 0.0M
319680.000 1977 COM2 65 0R0 259 4.2 16.5 32.8 1.0100 0.00 0.0M
319740.000 1977 COM2 65 0R0 222 2.3 16.5 32.7 1.0099 0.00 0.0M
319800.000 1977 COM2 65 0R0 256 1.4 16.4 33.1 1.0100 0.00 0.0M
319860.000 1977 COM2 65 0R0 237 3.5 16.5 32.8 1.0100 0.00 0.0M
319920.000 1977 COM2 65 0R0 294 2.4 16.5 32.6 1.0101 0.00 0.0M
319980.000 1977 COM2 65 0R0 274 1.7 16.5 32.8 1.0100 0.00 0.0M
320040.000 1977 COM2 65 0R0 246 3.0 16.4 33.0 1.0100 0.00 0.0M
320100.000 1977 COM2 65 0R0 279 2.2 16.4 32.4 1.0100 0.00 0.0M
320160.000 1977 COM2 65 0R0 272 3.0 16.3 32.7 1.0100 0.00 0.0M
320220.000 1977 COM2 65 0R0 288 4.1 16.3 32.6 1.0100 0.00 0.0M
320280.000 1977 COM2 65 0R0 284 4.0 16.3 33.0 1.0100 0.00 0.0M
320340.000 1977 COM2 65 0R0 281 4.7 16.3 32.9 1.0100 0.00 0.0M
320400.000 1977 COM2 65 0R0 258 3.6 16.3 33.0 1.0100 0.00 0.0M
320460.000 1977 COM2 65 0R0 213 2.2 16.3 33.0 1.0100 0.00 0.0M
320520.000 1977 COM2 65 0R0 252 2.4 16.4 32.7 1.0099 0.00 0.0M
320580.000 1977 COM2 65 0R0 253 7.4 16.4 32.6 1.0098 0.00 0.0M
320640.000 1977 COM2 65 0R0 250 4.1 16.3 32.8 1.0099 0.00 0.0M
320700.000 1977 COM2 65 0R0 220 2.2 16.3 32.5 1.0099 0.00 0.0M
320760.000 1977 COM2 65 0R0 281 3.3 16.3 32.8 1.0099 0.00 0.0M
320820.000 1977 COM2 65 0R0 327 1.8 16.3 32.9 1.0099 0.00 0.0M
320880.000 1977 COM2 65 0R0 238 1.8 16.3 32.8 1.0099 0.00 0.0M
320940.000 1977 COM2 65 0R0 237 4.1 16.4 32.8 1.0098 0.00 0.0M
321000.000 1977 COM2 65 0R0 252 2.0 16.4 33.0 1.0098 0.00 0.0M
321060.000 1977 COM2 65 0R0 265 1.9 16.4 32.9 1.0099 0.00 0.0M
321120.000 1977 COM2 65 0R0 262 2.2 16.4 33.3 1.0100 0.00 0.0M
321180.000 1977 COM2 65 0R0 232 1.4 16.5 32.9 1.0100 0.00 0.0M
321240.000 1977 COM2 65 0R0 261 4.7 16.6 33.0 1.0101 0.00 0.0M
321300.000 1977 COM2 65 0R0 242 1.9 16.6 32.7 1.0101 0.00 0.0M
321360.000 1977 COM2 65 0R0 207 2.2 16.7 32.4 1.0101 0.00 0.0M
321420.000 1977 COM2 65 0R0 334 2.0 16.8 32.0 1.0102 0.00 0.0M
321480.000 1977 COM2 65 0R0 294 2.0 16.7 32.0 1.0101 0.00 0.0M
321540.000 1977 COM2 65 0R0 260 2.1 16.6 32.3 1.0100 0.00 0.0M
321600.000 1977 COM2 65 0R0 276 1.9 16.6 32.3 1.0100 0.00 0.0M
321660.000 1977 COM2 65 0R0 277 1.6 16.7 32.2 1.0101 0.00 0.0M
321720.100 1977 COM2 65 0R0 272 1.6 16.8 32.2 1.0101 0.00 0.0M
321780.100 1977 COM2 65 0R0 282 2.6 16.8 32.1 1.0100 0.00 0.0M
321840.000 1977 COM2 65 0R0 277 6.5 16.7 32.1 1.0100 0.00 0.0M
321900.000 1977 COM2 65 0R0 281 6.2 16.6 32.2 1.0100 0.00 0.0M
321960.000 1977 COM2 65 0R0 290 2.3 16.6 32.2 1.0101 0.00 0.0M
322020.000 1977 COM2 65 0R0 298 2.1 16.6 32.2 1.0100 0.00 0.0M
322080.000 1977 COM2 65 0R0 261 1.7 16.7 31.8 1.0100 0.00 0.0M
322140.000 1977 COM2 65 0R0 230 0.9 16.8 31.8 1.0101 0.00 0.0M
322200.000 1977 COM2 65 0R0 275 5.9 16.8 31.9 1.0101 0.00 0.0M
322260.000 1977 COM2 65 0R0 206 1.1 16.7 31.7 1.0101 0.00 0.0M
322320.000 1977 COM2 65 0R0 276 5.0 16.7 32.0 1.0101 0.00 0.0M
322380.000 1977 COM2 65 0R0 314 4.3 16.6 32.2 1.0101 0.00 0.0M
322440.000 1977 COM2 65 0R0 242 2.1 16.6 32.2 1.0101 0.00 0.0M
322500.000 1977 COM2 65 0R0 286 3.3 16.6 32.0 1.0101 0.00 0.0M
322560.000 1977 COM2 65 0R0 214 1.4 16.6 32.2 1.0101 0.00 0.0M
322620.000 1977 COM2 65 0R0 310 1.6 16.7 32.3 1.0101 0.00 0.0M
322680.000 1977 COM2 65 0R0 286 2.9 16.7 31.7 1.0101 0.00 0.0M
322740.000 1977 COM2 65 0R0 265 3.2 16.7 32.1 1.0101 0.00 0.0M
322800.000 1977 COM2 65 0R0 258 3.4 16.7 32.1 1.0101 0.00 0.0M
322860.000 1977 COM2 65 0R0 279 2.5 16.7 31.8 1.0100 0.00 0.0M
322920.000 1977 COM2 65 0R0 310 2.6 16.8 31.8 1.0100 0.00 0.0M
322980.000 1977 COM2 65 0R0 282 5.1 16.9 31.7 1.0100 0.00 0.0M
323040.000 1977 COM2 65 0R0 278 5.8 16.9 31.5 1.0100 0.00 0.0M
323100.000 1977 COM2 65 0R0 260 4.1 16.9 31.6 1.0100 0.00 0.0M
323160.000 1977 COM2 65 0R0 293 4.3 16.9 31.7 1.0100 0.00 0.0M
323220.000 1977 COM2 65 0R0 257 4.1 17.0 31.4 1.0100 0.00 0.0M
323280.000 1977 COM2 65 0R0 236 3.3 17.0 31.3 1.0100 0.00 0.0M
323340.000 1977 COM2 65 0R0 333 4.1 17.1 31.3 1.0101 0.00 0.0M
323400.000 1977 COM2 65 0R0 278 3.4 17.1 30.6 1.0101 0.00 0.0M
323460.000 1977 COM2 65 0R0 325 2.1 17.0 30.8 1.0101 0.00 0.0M
323520.000 1977 COM2 65 0R0 342 1.1 17.0 30.8 1.0101 0.00 0.0M
323580.000 1977 COM2 65 0R0 285 0.6 17.1 30.7 1.0101 0.00 0.0M
323640.000 1977 COM2 65 0R0 315 0.9 17.0 30.8 1.0101 0.00 0.0M
323700.000 1977 COM2 65 0R0 309 3.1 17.0 30.9 1.0102 0.00 0.0M
323760.000 1977 COM2 65 0R0 292 3.3 16.9 30.3 1.0101 0.00 0.0M
323820.000 1977 COM2 65 0R0 285 2.2 16.9 30.5 1.0102 0.00 0.0M
323880.000 1977 COM2 65 0R0 292 5.5 16.9 30.5 1.0102 0.00 0.0M
323940.000 1977 COM2 65 0R0 299 5.7 16.9 30.2 1.0101 0.00 0.0M
324000.000 1977 COM2 65 0R0 272 3.6 16.9 30.5 1.0102 0.00 0.0M
324060.000 1977 COM2 65 0R0 262 1.8 17.0 30.3 1.0102 0.00 0.0M
324120.000 1977 COM2 65 0R0 289 8.5 17.0 30.0 1.0102 0.00 0.0M
324180.000 1977 COM2 65 0R0 283 3.9 17.1 30.2 1.0102 0.00 0.0M
324240.000 1977 COM2 65 0R0 290 4.1 17.0 30.2 1.0102 0.00 0.0M
324300.000 1977 COM2 65 0R0 278 5.6 17.0 30.1 1.0100 0.00 0.0M
324360.000 1977 COM2 65 0R0 279 3.3 16.9 29.7 1.0102 0.00 0.0M
324420.000 1977 COM2 65 0R0 273 4.0 16.9 29.8 1.0102 0.00 0.0M
324480.000 1977 COM2 65 0R0 286 4.3 16.9 29.8 1.0102 0.00 0.0M
324540.000 1977 COM2 65 0R0 104 0.4 16.9 30.0 1.0101 0.00 0.0M
324600.000 1977 COM2 65 0R0 289 4.0 16.9 29.7 1.0103 0.00 0.0M
324660.000 1977 COM2 65 0R0 264 2.4 17.0 29.6 1.0102 0.00 0.0M
324720.000 1977 COM2 65 0R0 275 4.5 17.1 29.5 1.0102 0.00 0.0M
324780.000 1977 COM2 65 0R0 224 1.6 17.2 29.3 1.0103 0.00 0.0M
324840.000 1977 COM2 65 0R0 304 3.2 17.2 29.3 1.0103 0.00 0.0M
324900.000 1977 COM2 65 0R0 294 5.1 17.2 29.2 1.0103 0.00 0.0M
324960.000 1977 COM2 65 0R0 265 4.6 17.1 29.4 1.0102 0.00 0.0M
325020.000 1977 COM2 65 0R0 268 5.8 17.1 29.4 1.0102 0.00 0.0M
325080.000 1977 COM2 65 0R0 238 2.3 17.0 29.3 1.0101 0.00 0.0M
325140.000 1977 COM2 65 0R0 303 7.0 17.1 29.2 1.0102 0.00 0.0M
325200.000 1977 COM2 65 0R0 300 8.1 17.0 29.0 1.0102 0.00 0.0M
325260.000 1977 COM2 65 0R0 274 3.9 17.0 29.2 1.0102 0.00 0.0M
325320.000 1977 COM2 65 0R0 309 5.2 17.0 29.3 1.0100 0.00 0.0M
325380.000 1977 COM2 65 0R0 298 5.4 17.0 29.5 1.0101 0.00 0.0M
325440.000 1977 COM2 65 0R0 281 5.1 17.0 29.6 1.0100 0.00 0.0M
325500.000 1977 COM2 65 0R0 276 3.9 17.0 29.9 1.0100 0.00 0.0M
325560.000 1977 COM2 65 0R0 255 1.3 17.0 29.8 1.0100 0.00 0.0M
325620.000 1977 COM2 65 0R0 162 0.7 17.0 30.0 1.0100 0.00 0.0M
325680.000 1977 COM2 65 0R0 265 1.3 17.2 29.8 1.0100 0.00 0.0M
325740.000 1977 COM2 65 0R0 298 4.6 17.3 29.7 1.0100 0.00 0.0M
325800.000 1977 COM2 65 0R0 271 3.6 17.4 29.7 1.0100 0.00 0.0M
325860.000 1977 COM2 65 0R0 290 2.0 17.4 29.1 1.0100 0.00 0.0M
325920.000 1977 COM2 65 0R0 285 3.8 17.4 29.1 1.0099 0.00 0.0M
325980.000 1977 COM2 65 0R0 291 1.2 17.4 29.3 1.0099 0.00 0.0M
326040.000 1977 COM2 65 0R0 289 6.3 17.3 29.2 1.0100 0.00 0.0M
326100.000 1977 COM2 65 0R0 327 0.6 17.2 29.4 1.0098 0.00 0.0M
326160.000 1977 COM2 65 0R0 346 3.9 17.1 29.5 1.0099 0.00 0.0M
326220.000 1977 COM2 65 0R0 282 1.2 17.1 29.3 1.0099 0.00 0.0M
326280.000 1977 COM2 65 0R0 349 0.8 17.2 29.5 1.0099 0.00 0.0M
326340.000 1977 COM2 65 0R0 237 1.6 17.3 28.6 1.0099 0.00 0.0M
326400.000 1977 COM2 65 0R0 220 1.5 17.3 28.1 1.0098 0.00 0.0M
326460.000 1977 COM2 65 0R0 328 4.2 17.5 27.9 1.0099 0.00 0.0M
326520.000 1977 COM2 65 0R0 268 2.5 17.6 27.0 1.0098 0.00 0.0M
326580.000 1977 COM2 65 0R0 284 2.9 17.6 27.0 1.0099 0.00 0.0M
326640.000 1977 COM2 65 0R0 274 4.9 17.5 26.3 1.0098 0.00 0.0M
326700.000 1977 COM2 65 0R0 294 0.6 17.5 26.0 1.0099 0.00 0.0M
326760.100 1977 COM2 65 0R0 312 3.1 17.5 25.7 1.0099 0.00 0.0M
326820.000 1977 COM2 65 0R0 295 6.1 17.5 25.9 1.0099 0.00 0.0M
326880.000 1977 COM2 65 0R0 321 6.2 17.4 26.2 1.0099 0.00 0.0M
326940.000 1977 COM2 65 0R0 276 2.9 17.4 26.2 1.0099 0.00 0.0M
327000.000 1977 COM2 65 0R0 296 7.7 17.4 26.6 1.0099 0.00 0.0M
327060.000 1977 COM2 65 0R0 224 0.9 17.3 26.1 1.0100 0.00 0.0M
327120.000 1977 COM2 65 0R0 305 3.5 17.2 26.2 1.0099 0.00 0.0M
327180.000 1977 COM2 65 0R0 299 5.7 17.3 25.9 1.0099 0.00 0.0M
327240.000 1977 COM2 65 0R0 302 4.2 17.3 26.0 1.0099 0.00 0.0M
327300.000 1977 COM2 65 0R0 294 7.8 17.2 26.1 1.0100 0.00 0.0M
327360.000 1977 COM2 65 0R0 281 1.5 17.2 25.8 1.0100 0.00 0.0M
327420.000 1977 COM2 65 0R0 313 1.0 17.2 26.1 1.0099 0.00 0.0M
327480.000 1977 COM2 65 0R0 286 8.3 17.3 25.9 1.0100 0.00 0.0M
327540.000 1977 COM2 65 0R0 275 4.8 17.4 25.8 1.0099 0.00 0.0M
327600.000 1977 COM2 65 0R0 315 6.5 17.4 25.7 1.0100 0.00 0.0M
327660.000 1977 COM2 65 0R0 310 4.9 17.4 25.5 1.0099 0.00 0.0M
327720.000 1977 COM2 65 0R0 286 7.0 17.3 25.2 1.0099 0.00 0.0M
327780.000 1977 COM2 65 0R0 257 1.5 17.3 25.2 1.0099 0.00 0.0M
327840.000 1977 COM2 65 0R0 352 1.5 17.3 25.1 1.0100 0.00 0.0M
327900.000 1977 COM2 65 0R0 302 0.9 17.4 24.7 1.0099 0.00 0.0M
327960.000 1977 COM2 65 0R0 331 1.5 17.5 25.1 1.0101 0.00 0.0M
328020.000 1977 COM2 65 0R0 333 4.7 17.6 25.1 1.0101 0.00 0.0M
328080.000 1977 COM2 65 0R0 273 4.9 17.5 25.1 1.0102 0.00 0.0M
328140.000 1977 COM2 65 0R0 287 2.6 17.5 24.9 1.0101 0.00 0.0M
328200.000 1977 COM2 65 0R0 047 1.3 17.4 24.2 1.0100 0.00 0.0M
328260.000 1977 COM2 65 0R0 260 0.8 17.3 24.6 1.0101 0.00 0.0M
328320.000 1977 COM2 65 0R0 314 5.6 17.3 24.8 1.0102 0.00 0.0M
328380.000 1977 COM2 65 0R0 306 6.3 17.3 24.4 1.0100 0.00 0.0M
328440.000 1977 COM2 65 0R0 289 1.4 17.2 24.4 1.0100 0.00 0.0M
328500.000 1977 COM2 65 0R0 309 4.9 17.2 23.8 1.0100 0.00 0.0M
328560.000 1977 COM2 65 0R0 336 0.7 17.2 24.6 1.0100 0.00 0.0M
328620.000 1977 COM2 65 0R0 283 4.6 17.2 24.7 1.0101 0.00 0.0M
328680.000 1977 COM2 65 0R0 178 0.8 17.2 24.6 1.0101 0.00 0.0M
328740.000 1977 COM2 65 0R0 288 3.4 17.2 24.6 1.0102 0.00 0.0M
328800.000 1977 COM2 65 0R0 286 4.8 17.2 24.3 1.0102 0.00 0.0M
328860.000 1977 COM2 65 0R0 303 1.3 17.2 24.6 1.0103 0.00 0.0M
328920.000 1977 COM2 65 0R0 344 4.9 17.2 24.1 1.0101 0.00 0.0M
328980.000 1977 COM2 65 0R0 289 0.7 17.2 24.3 1.0102 0.00 0.0M
329040.000 1977 COM2 65 0R0 179 0.6 17.2 24.5 1.0103 0.00 0.0M
329100.000 1977 COM2 65 0R0 319 1.4 17.2 24.6 1.0103 0.00 0.0M
329160.000 1977 COM2 65 0R0 307 3.0 17.4 24.0 1.0102 0.00 0.0M
329220.000 1977 COM2 65 0R0 311 1.1 17.4 24.0 1.0103 0.00 0.0M
329280.000 1977 COM2 65 0R0 300 3.7 17.4 24.0 1.0104 0.00 0.0M
329340.000 1977 COM2 65 0R0 005 1.7 17.4 23.7 1.0104 0.00 0.0M
329400.000 1977 COM2 65 0R0 291 4.6 17.4 24.0 1.0104 0.00 0.0M
329460.000 1977 COM2 65 0R0 306 1.9 17.4 24.1 1.0104 0.00 0.0M
329520.000 1977 COM2 65 0R0 298 2.9 17.4 24.4 1.0104 0.00 0.0M
329580.000 1977 COM2 65 0R0 303 5.1 17.4 24.1 1.0105 0.00 0.0M
329640.000 1977 COM2 65 0R0 302 1.1 17.4 24.4 1.0105 0.00 0.0M
329700.000 1977 COM2 65 0R0 283 1.9 17.4 24.0 1.0105 0.00 0.0M
329760.000 1977 COM2 65 0R0 316 1.4 17.4 24.0 1.0105 0.00 0.0M
329820.000 1977 COM2 65 0R0 283 3.0 17.4 23.7 1.0105 0.00 0.0M
329880.000 1977 COM2 65 0R0 303 2.8 17.4 23.7 1.0104 0.00 0.0M
329940.000 1977 COM2 65 0R0 264 3.9 17.4 23.7 1.0104 0.00 0.0M
330000.000 1977 COM2 65 0R0 266 4.2 17.4 23.8 1.0105 0.00 0.0M
330060.000 1977 COM2 65 0R0 196 1.3 17.3 24.0 1.0105 0.00 0.0M
330120.000 1977 COM2 65 0R0 217 1.1 17.3 24.0 1.0105 0.00 0.0M
330180.000 1977 COM2 65 0R0 301 6.4 17.3 24.0 1.0105 0.00 0.0M
330240.000 1977 COM2 65 0R0 296 3.6 17.3 24.5 1.0106 0.00 0.0M
330300.000 1977 COM2 65 0R0 257 1.7 17.2 24.2 1.0106 0.00 0.0M
330360.000 1977 COM2 65 0R0 284 6.8 17.2 24.4 1.0107 0.00 0.0M
330420.000 1977 COM2 65 0R0 312 2.4 17.1 24.4 1.0105 0.00 0.0M
330480.000 1977 COM2 65 0R0 281 3.8 17.1 24.3 1.0106 0.00 0.0M
330540.000 1977 COM2 65 0R0 292 7.7 17.0 24.5 1.0106 0.00 0.0M
330600.000 1977 COM2 65 0R0 253 1.4 17.0 24.5 1.0106 0.00 0.0M
330660.000 1977 COM2 65 0R0 281 1.4 16.9 24.7 1.0107 0.00 0.0M
330720.000 1977 COM2 65 0R0 279 3.3 17.1 24.6 1.0107 0.00 0.0M
330780.000 1977 COM2 65 0R0 312 1.6 17.2 24.4 1.0107 0.00 0.0M
330840.000 1977 COM2 65 0R0 227 1.4 17.2 24.6 1.0107 0.00 0.0M
330900.000 1977 COM2 65 0R0 203 1.4 17.1 24.5 1.0107 0.00 0.0M
330960.000 1977 COM2 65 0R0 266 2.2 17.1 24.6 1.0107 0.00 0.0M
331020.000 1977 COM2 65 0R0 323 3.8 17.1 24.6 1.0108 0.00 0.0M
331080.000 1977 COM2 65 0R0 333 0.2 17.0 24.8 1.0108 0.00 0.0M
331140.000 1977 COM2 65 0R0 311 2.6 17.1 24.7 1.0109 0.00 0.0M
331200.000 1977 COM2 65 0R0 282 0.4 17.1 24.7 1.0109 0.00 0.0M
331260.000 1977 COM2 65 0R0 273 0.4 17.2 24.8 1.0110 0.00 0.0M
331320.000 1977 COM2 65 0R0 257 2.7 17.2 25.0 1.0110 0.00 0.0M
331380.000 1977 COM2 65 0R0 295 2.8 17.2 24.5 1.0109 0.00 0.0M
331440.000 1977 COM2 65 0R0 282 3.8 17.1 24.8 1.0109 0.00 0.0M
331500.000 1977 COM2 65 0R0 289 4.2 17.0 25.1 1.0110 0.00 0.0M
331560.000 1977 COM2 65 0R0 268 3.6 17.0 24.8 1.0110 0.00 0.0M
331620.000 1977 COM2 65 0R0 265 1.4 16.9 25.0 1.0109 0.00 0.0M
331680.000 1977 COM2 65 0R0 004 0.6 17.0 25.1 1.0110 0.00 0.0M
331740.000 1977 COM2 65 0R0 267 2.3 17.0 25.1 1.0110 0.00 0.0M
331800.000 1977 COM2 65 0R0 013 1.2 17.1 24.8 1.0109 0.00 0.0M
331860.000 1977 COM2 65 0R0 260 1.4 17.1 24.9 1.0109 0.00 0.0M
331920.000 1977 COM2 65 0R0 295 3.1 17.1 24.9 1.0109 0.00 0.0M
331980.000 1977 COM2 65 0R0 312 5.8 17.0 25.1 1.0110 0.00 0.0M
332040.000 1977 COM2 65 0R0 317 2.4 16.9 25.3 1.0110 0.00 0.0M
332100.000 1977 COM2 65 0R0 306 1.9 16.8 25.2 1.0110 0.00 0.0M
332160.000 1977 COM2 65 0R0 287 2.4 16.8 25.6 1.0110 0.00 0.0M
332220.000 1977 COM2 65 0R0 264 2.9 16.8 25.5 1.0110 0.00 0.0M
332280.000 1977 COM2 65 0R0 285 2.4 16.8 25.5 1.0110 0.00 0.0M
332340.000 1977 COM2 65 0R0 295 2.4 16.8 25.4 1.0111 0.00 0.0M
332400.000 1977 COM2 65 0R0 285 5.6 16.9 25.3 1.0111 0.00 0.0M
332460.000 1977 COM2 65 0R0 296 4.7 16.9 25.4 1.0111 0.00 0.0M
332520.000 1977 COM2 65 0R0 356 1.7 16.8 25.4 1.0111 0.00 0.0M
332580.000 1977 COM2 65 0R0 260 3.2 16.8 25.5 1.0111 0.00 0.0M
332640.100 1977 COM2 65 0R0 280 1.4 16.7 25.7 1.0111 0.00 0.0M
332700.000 1977 COM2 65 0R0 276 3.1 16.8 25.3 1.0111 0.00 0.0M
332760.000 1977 COM2 65 0R0 254 2.0 16.7 25.5 1.0111 0.00 0.0M
332820.000 1977 COM2 65 0R0 336 1.0 16.7 25.6 1.0111 0.00 0.0M
332880.000 1977 COM2 65 0R0 274 2.1 16.7 25.9 1.0111 0.00 0.0M
332940.000 1977 COM2 65 0R0 263 2.9 16.7 25.7 1.0111 0.00 0.0M
333000.000 1977 COM2 65 0R0 289 3.7 16.6 25.7 1.0112 0.00 0.0M
333060.000 1977 COM2 65 0R0 286 1.9 16.7 25.9 1.0112 0.00 0.0M
333120.000 1977 COM2 65 0R0 324 3.3 16.7 25.9 1.0112 0.00 0.0M
333180.000 1977 COM2 65 0R0 320 2.0 16.7 25.9 1.0112 0.00 0.0M
333240.000 1977 COM2 65 0R0 293 3.4 16.6 25.8 1.0112 0.00 0.0M
333300.000 1977 COM2 65 0R0 309 1.1 16.6 25.8 1.0112 0.00 0.0M
333360.000 1977 COM2 65 0R0 300 3.6 16.6 25.8 1.0113 0.00 0.0M
333420.000 1977 COM2 65 0R0 267 2.1 16.6 25.7 1.0113 0.00 0.0M
333480.000 1977 COM2 65 0R0 315 3.4 16.6 25.6 1.0113 0.00 0.0M
333540.000 1977 COM2 65 0R0 271 1.7 16.6 25.7 1.0113 0.00 0.0M
333600.000 1977 COM2 65 0R0 272 1.8 16.6 25.8 1.0114 0.00 0.0M
333660.000 1977 COM2 65 0R0 256 1.5 16.6 25.7 1.0114 0.00 0.0M
333720.000 1977 COM2 65 0R0 281 3.5 16.6 25.5 1.0114 0.00 0.0M
333780.000 1977 COM2 65 0R0 172 0.5 16.6 25.9 1.0114 0.00 0.0M
333840.000 1977 COM2 65 0R0 303 1.5 16.6 25.9 1.0115 0.00 0.0M
333900.000 1977 COM2 65 0R0 270 2.0 16.6 25.4 1.0114 0.00 0.0M
333960.000 1977 COM2 65 0R0 285 1.1 16.6 25.5 1.0114 0.00 0.0M
334020.000 1977 COM2 65 0R0 265 2.8 16.5 25.7 1.0114 0.00 0.0M
334080.000 1977 COM2 65 0R0 243 1.7 16.5 25.7 1.0114 0.00 0.0M
334140.000 1977 COM2 65 0R0 294 1.8 16.5 25.7 1.0115 0.00 0.0M
334200.000 1977 COM2 65 0R0 296 2.7 16.5 25.7 1.0115 0.00 0.0M
334260.000 1977 COM2 65 0R0 281 3.0 16.5 25.9 1.0115 0.00 0.0M
334320.000 1977 COM2 65 0R0 293 6.0 16.5 25.7 1.0115 0.00 0.0M
334380.000 1977 COM2 65 0R0 315 1.1 16.5 25.7 1.0115 0.00 0.0M
334440.000 1977 COM2 65 0R0 285 2.9 16.4 26.1 1.0116 0.00 0.0M
334500.000 1977 COM2 65 0R0 260 1.3 16.4 25.7 1.0116 0.00 0.0M
334560.000 1977 COM2 65 0R0 320 0.6 16.4 26.0 1.0116 0.00 0.0M
334620.000 1977 COM2 65 0R0 134 0.6 16.4 25.7 1.0116 0.00 0.0M
334680.000 1977 COM2 65 0R0 259 0.5 16.4 25.8 1.0116 0.00 0.0M
334740.000 1977 COM2 65 0R0 302 2.1 16.4 25.6 1.0117 0.00 0.0M
334800.000 1977 COM2 65 0R0 319 0.5 16.4 25.7 1.0117 0.00 0.0M
334860.000 1977 COM2 65 0R0 024 0.3 16.4 26.2 1.0117 0.00 0.0M
334920.000 1977 COM2 65 0R0 318 0.9 16.4 25.7 1.0118 0.00 0.0M
334980.000 1977 COM2 65 0R0 344 4.4 16.4 25.3 1.0118 0.00 0.0M
335040.000 1977 COM2 65 0R0 032 0.6 16.4 25.4 1.0119 0.00 0.0M
335100.000 1977 COM2 65 0R0 341 3.2 16.3 25.6 1.0119 0.00 0.0M
335160.000 1977 COM2 65 0R0 330 1.6 16.3 24.2 1.0119 0.00 0.0M
335220.000 1977 COM2 65 0R0 289 0.7 16.3 24.2 1.0119 0.00 0.0M
335280.000 1977 COM2 65 0R0 317 4.8 16.2 24.3 1.0120 0.00 0.0M
335340.000 1977 COM2 65 0R0 347 4.8 16.2 23.4 1.0120 0.00 0.0M
335400.000 1977 COM2 65 0R0 066 0.7 16.2 23.0 1.0121 0.00 0.0M
335460.000 1977 COM2 65 0R0 347 1.8 16.1 23.2 1.0120 0.00 0.0M
335520.000 1977 COM2 65 0R0 025 0.5 16.1 22.6 1.0120 0.00 0.0M
335580.100 1977 COM2 65 0R0 349 3.4 16.0 22.7 1.0121 0.00 0.0M
335640.100 1977 COM2 65 0R0 009 1.5 16.0 22.5 1.0121 0.00 0.0M
335700.000 1977 COM2 65 0R0 009 1.8 15.9 22.8 1.0121 0.00 0.0M
335760.000 1977 COM2 65 0R0 347 1.4 15.9 22.5 1.0121 0.00 0.0M
335820.100 1977 COM2 65 0R0 303 1.1 15.8 22.5 1.0122 0.00 0.0M
335880.100 1977 COM2 65 0R0 290 2.4 15.8 22.7 1.0122 0.00 0.0M
335940.100 1977 COM2 65 0R0 342 2.3 15.7 22.1 1.0122 0.00 0.0M
336000.100 1977 COM2 65 0R0 335 3.2 15.7 22.3 1.0122 0.00 0.0M
336060.000 1977 COM2 65 0R0 332 3.8 15.6 21.8 1.0122 0.00 0.0M
336120.000 1977 COM2 65 0R0 299 1.5 15.5 21.8 1.0123 0.00 0.0M
336180.000 1977 COM2 65 0R0 004 2.6 15.5 21.8 1.0122 0.00 0.0M
336240.000 1977 COM2 65 0R0 341 3.5 15.4 21.8 1.0123 0.00 0.0M
336300.000 1977 COM2 65 0R0 028 2.6 15.4 21.8 1.0123 0.00 0.0M
336360.000 1977 COM2 65 0R0 348 2.4 15.3 21.9 1.0123 0.00 0.0M
336420.000 1977 COM2 65 0R0 336 1.7 15.2 22.3 1.0124 0.00 0.0M
336480.000 1977 COM2 65 0R0 353 0.6 15.2 22.0 1.0124 0.00 0.0M
336540.000 1977 COM2 65 0R0 345 5.5 15.2 22.1 1.0124 0.00 0.0M
336600.000 1977 COM2 65 0R0 311 0.8 15.1 22.1 1.0124 0.00 0.0M
336660.000 1977 COM2 65 0R0 352 3.3 15.1 22.1 1.0125 0.00 0.0M
336720.000 1977 COM2 65 0R0 336 2.0 15.1 22.1 1.0125 0.00 0.0M
336780.000 1977 COM2 65 0R0 337 2.4 15.0 22.1 1.0126 0.00 0.0M
336840.000 1977 COM2 65 0R0 294 0.5 15.0 22.3 1.0126 0.00 0.0M
336900.000 1977 COM2 65 0R0 358 1.4 14.9 22.3 1.0126 0.00 0.0M
336960.000 1977 COM2 65 0R0 350 2.3 14.9 22.4 1.0126 0.00 0.0M
337020.000 1977 COM2 65 0R0 346 5.3 14.8 22.7 1.0126 0.00 0.0M
337080.000 1977 COM2 65 0R0 344 1.5 14.8 22.6 1.0127 0.00 0.0M
337140.000 1977 COM2 65 0R0 338 3.8 14.8 22.5 1.0127 0.00 0.0M
337200.000 1977 COM2 65 0R0 290 3.3 14.8 22.6 1.0127 0.00 0.0M
337260.000 1977 COM2 65 0R0 298 1.4 14.7 22.6 1.0127 0.00 0.0M
337320.000 1977 COM2 65 0R0 072 0.6 14.7 22.7 1.0127 0.00 0.0M
337380.000 1977 COM2 65 0R0 311 1.2 14.6 22.9 1.0127 0.00 0.0M
337440.000 1977 COM2 65 0R0 307 3.5 14.6 22.9 1.0127 0.00 0.0M
337500.000 1977 COM2 65 0R0 301 4.3 14.6 22.8 1.0128 0.00 0.0M
337560.000 1977 COM2 65 0R0 354 1.7 14.5 23.0 1.0128 0.00 0.0M
337620.000 1977 COM2 65 0R0 319 1.7 14.5 23.0 1.0128 0.00 0.0M
337680.000 1977 COM2 65 0R0 339 2.6 14.5 23.0 1.0128 0.00 0.0M
337740.000 1977 COM2 65 0R0 004 0.8 14.5 23.1 1.0128 0.00 0.0M
337800.000 1977 COM2 65 0R0 340 4.6 14.4 23.0 1.0129 0.00 0.0M
337860.000 1977 COM2 65 0R0 296 1.6 14.4 23.1 1.0129 0.00 0.0M
337920.000 1977 COM2 65 0R0 346 0.8 14.4 23.3 1.0130 0.00 0.0M
337980.000 1977 COM2 65 0R0 350 2.0 14.4 23.3 1.0130 0.00 0.0M
338040.000 1977 COM2 65 0R0 062 1.3 14.4 23.3 1.0131 0.00 0.0M
338100.000 1977 COM2 65 0R0 036 1.6 14.3 23.3 1.0131 0.00 0.0M
338160.000 1977 COM2 65 0R0 356 1.5 14.3 23.4 1.0132 0.00 0.0M
338220.000 1977 COM2 65 0R0 003 1.4 14.2 23.3 1.0132 0.00 0.0M
338280.000 1977 COM2 65 0R0 053 1.0 14.2 23.6 1.0132 0.00 0.0M
338340.000 1977 COM2 65 0R0 016 1.2 14.1 23.8 1.0132 0.00 0.0M
338400.000 1977 COM2 65 0R0 304 0.4 14.1 24.1 1.0133 0.00 0.0M
338460.000 1977 COM2 65 0R0 343 2.4 14.1 24.1 1.0132 0.00 0.0M
338520.000 1977 COM2 65 0R0 346 4.2 14.0 24.1 1.0133 0.00 0.0M
338580.000 1977 COM2 65 0R0 037 1.7 14.0 24.0 1.0133 0.00 0.0M
338640.000 1977 COM2 65 0R0 338 0.4 14.0 24.6 1.0133 0.00 0.0M
338700.000 1977 COM2 65 0R0 016 1.6 14.0 24.2 1.0133 0.00 0.0M
338760.000 1977 COM2 65 0R0 317 2.3 14.0 24.5 1.0133 0.00 0.0M
338820.000 1977 COM2 65 0R0 305 2.0 13.9 24.4 1.0133 0.00 0.0M
338880.000 1977 COM2 65 0R0 006 0.7 13.9 24.4 1.0134 0.00 0.0M
338940.000 1977 COM2 65 0R0 005 1.1 13.8 24.6 1.0134 0.00 0.0M
339000.000 1977 COM2 65 0R0 010 1.7 13.8 24.7 1.0134 0.00 0.0M
339060.000 1977 COM2 65 0R0 344 2.0 13.7 24.8 1.0135 0.00 0.0M
339120.000 1977 COM2 65 0R0 028 0.9 13.7 25.0 1.0135 0.00 0.0M
339180.000 1977 COM2 65 0R0 032 0.6 13.6 25.0 1.0135 0.00 0.0M
339240.100 1977 COM2 65 0R0 019 1.1 13.6 25.3 1.0136 0.00 0.0M
339300.000 1977 COM2 65 0R0 031 1.7 13.6 25.3 1.0136 0.00 0.0M
339360.100 1977 COM2 65 0R0 024 2.2 13.5 25.5 1.0136 0.00 0.0M
339420.000 1977 COM2 65 0R0 000 1.7 13.5 25.9 1.0137 0.00 0.0M
339480.000 1977 COM2 65 0R0 011 2.6 13.5 25.8 1.0137 0.00 0.0M
339540.000 1977 COM2 65 0R0 346 4.2 13.4 25.9 1.0137 0.00 0.0M
339600.000 1977 COM2 65 0R0 052 0.9 13.4 26.1 1.0137 0.00 0.0M
339660.000 1977 COM2 65 0R0 014 2.0 13.3 26.5 1.0138 0.00 0.0M
339720.000 1977 COM2 65 0R0 026 3.3 13.3 26.7 1.0138 0.00 0.0M
339780.000 1977 COM2 65 0R0 015 2.6 13.2 26.7 1.0138 0.00 0.0M
339840.000 1977 COM2 65 0R0 345 3.1 13.2 26.9 1.0139 0.00 0.0M
339900.000 1977 COM2 65 0R0 350 2.0 13.2 26.8 1.0139 0.00 0.0M
339960.000 1977 COM2 65 0R0 014 2.5 13.2 26.9 1.0139 0.00 0.0M
340020.000 1977 COM2 65 0R0 009 1.8 13.2 26.9 1.0139 0.00 0.0M
340080.000 1977 COM2 65 0R0 027 1.8 13.1 27.1 1.0139 0.00 0.0M
340140.000 1977 COM2 65 0R0 338 1.9 13.1 27.3 1.0139 0.00 0.0M
340200.000 1977 COM2 65 0R0 358 3.4 13.0 27.4 1.0139 0.00 0.0M
340260.000 1977 COM2 65 0R0 341 4.6 13.0 27.5 1.0139 0.00 0.0M
340320.000 1977 COM2 65 0R0 343 0.9 13.0 27.6 1.0139 0.00 0.0M
340380.000 1977 COM2 65 0R0 317 1.4 12.9 27.8 1.0139 0.00 0.0M
340440.000 1977 COM2 65 0R0 002 1.1 12.9 27.8 1.0139 0.00 0.0M
340500.000 1977 COM2 65 0R0 023 2.5 12.9 27.9 1.0139 0.00 0.0M
340560.000 1977 COM2 65 0R0 315 1.4 12.9 28.1 1.0139 0.00 0.0M
340620.000 1977 COM2 65 0R0 337 2.0 12.8 28.2 1.0140 0.00 0.0M
340680.000 1977 COM2 65 0R0 038 1.1 12.8 28.0 1.0139 0.00 0.0M
340740.000 1977 COM2 65 0R0 344 1.5 12.8 28.1 1.0140 0.00 0.0M
340800.000 1977 COM2 65 0R0 348 2.0 12.7 28.3 1.0140 0.00 0.0M
340860.000 1977 COM2 65 0R0 042 1.7 12.7 28.3 1.0140 0.00 0.0M
340920.000 1977 COM2 65 0R0 341 3.1 12.7 28.5 1.0140 0.00 0.0M
340980.000 1977 COM2 65 0R0 023 2.3 12.6 28.4 1.0141 0.00 0.0M
341040.000 1977 COM2 65 0R0 004 2.4 12.6 28.7 1.0141 0.00 0.0M
341100.000 1977 COM2 65 0R0 351 3.0 12.6 28.6 1.0141 0.00 0.0M
341160.000 1977 COM2 65 0R0 041 4.0 12.5 28.8 1.0142 0.00 0.0M
341220.000 1977 COM2 65 0R0 020 1.8 12.5 28.8 1.0142 0.00 0.0M
341280.000 1977 COM2 65 0R0 346 6.0 12.5 28.8 1.0142 0.00 0.0M
341340.000 1977 COM2 65 0R0 007 1.7 12.5 28.9 1.0142 0.00 0.0M
341400.000 1977 COM2 65 0R0 338 2.9 12.5 28.9 1.0142 0.00 0.0M
341460.000 1977 COM2 65 0R0 035 3.0 12.5 28.9 1.0142 0.00 0.0M
341520.000 1977 COM2 65 0R0 337 2.5 12.5 28.9 1.0142 0.00 0.0M
341580.000 1977 COM2 65 0R0 297 1.5 12.4 29.1 1.0142 0.00 0.0M
341640.000 1977 COM2 65 0R0 352 2.0 12.4 29.0 1.0142 0.00 0.0M
341700.000 1977 COM2 65 0R0 342 1.2 12.4 29.1 1.0142 0.00 0.0M
341760.000 1977 COM2 65 0R0 032 2.2 12.4 29.3 1.0142 0.00 0.0M
341820.000 1977 COM2 65 0R0 351 1.9 12.4 29.5 1.0142 0.00 0.0M
341880.000 1977 COM2 65 0R0 070 1.5 12.4 29.3 1.0142 0.00 0.0M
341940.000 1977 COM2 65 0R0 347 3.5 12.3 29.3 1.0142 0.00 0.0M
342000.000 1977 COM2 65 0R0 020 2.3 12.3 29.3 1.0143 0.00 0.0M
342060.000 1977 COM2 65 0R0 344 4.1 12.3 29.2 1.0142 0.00 0.0M
342120.000 1977 COM2 65 0R0 037 0.8 12.3 29.3 1.0143 0.00 0.0M
342180.000 1977 COM2 65 0R0 047 1.7 12.3 29.3 1.0143 0.00 0.0M
342240.000 1977 COM2 65 0R0 021 1.1 12.3 29.4 1.0144 0.00 0.0M
342300.000 1977 COM2 65 0R0 339 3.2 12.3 29.4 1.0144 0.00 0.0M
342360.000 1977 COM2 65 0R0 345 3.0 12.2 29.6 1.0144 0.00 0.0M
342420.000 1977 COM2 65 0R0 339 2.8 12.2 29.6 1.0144 0.00 0.0M
342480.000 1977 COM2 65 0R0 345 0.9 12.2 29.7 1.0144 0.00 0.0M
342540.000 1977 COM2 65 0R0 347 2.3 12.2 29.6 1.0144 0.00 0.0M
342600.000 1977 COM2 65 0R0 345 3.0 12.2 29.7 1.0144 0.00 0.0M
342660.000 1977 COM2 65 0R0 012 2.0 12.2 29.6 1.0144 0.00 0.0M
342720.000 1977 COM2 65 0R0 323 3.0 12.2 29.8 1.0144 0.00 0.0M
342780.000 1977 COM2 65 0R0 306 3.3 12.1 29.7 1.0144 0.00 0.0M
342840.000 1977 COM2 65 0R0 279 1.2 12.1 29.8 1.0144 0.00 0.0M
342900.000 1977 COM2 65 0R0 352 1.2 12.1 29.8 1.0144 0.00 0.0M
342960.000 1977 COM2 65 0R0 355 1.8 12.1 29.9 1.0145 0.00 0.0M
343020.000 1977 COM2 65 0R0 329 1.7 12.1 30.1 1.0145 0.00 0.0M
343080.000 1977 COM2 65 0R0 010 0.6 12.1 30.0 1.0145 0.00 0.0M
343140.000 1977 COM2 65 0R0 296 0.6 12.1 30.1 1.0145 0.00 0.0M
343200.000 1977 COM2 65 0R0 327 0.7 12.0 30.0 1.0145 0.00 0.0M
343260.000 1977 COM2 65 0R0 317 3.1 12.0 30.6 1.0146 0.00 0.0M
343320.000 1977 COM2 65 0R0 030 1.0 12.0 30.2 1.0146 0.00 0.0M
343380.000 1977 COM2 65 0R0 014 1.0 11.9 30.3 1.0147 0.00 0.0M
343440.000 1977 COM2 65 0R0 349 2.3 11.9 30.3 1.0147 0.00 0.0M
343500.000 1977 COM2 65 0R0 358 2.1 11.9 30.3 1.0147 0.00 0.0M
343560.000 1977 COM2 65 0R0 358 1.9 11.9 30.6 1.0148 0.00 0.0M
343620.000 1977 COM2 65 0R0 356 2.5 11.9 30.7 1.0148 0.00 0.0M
343680.000 1977 COM2 65 0R0 343 2.7 11.9 30.6 1.0147 0.00 0.0M
343740.000 1977 COM2 65 0R0 347 4.0 11.9 30.6 1.0148 0.00 0.0M
343800.000 1977 COM2 65 0R0 038 0.8 11.9 30.7 1.0148 0.00 0.0M
343860.000 1977 COM2 65 0R0 022 1.2 11.8 30.8 1.0148 0.00 0.0M
343920.000 1977 COM2 65 0R0 344 3.4 11.8 30.8 1.0148 0.00 0.0M
343980.000 1977 COM2 65 0R0 358 0.4 11.8 30.8 1.0148 0.00 0.0M
344040.000 1977 COM2 65 0R0 060 0.6 11.8 30.9 1.0148 0.00 0.0M
344100.000 1977 COM2 65 0R0 327 1.1 11.7 31.2 1.0148 0.00 0.0M
344160.000 1977 COM2 65 0R0 310 2.6 11.7 31.3 1.0148 0.00 0.0M
344220.000 1977 COM2 65 0R0 354 0.9 11.7 31.1 1.0147 0.00 0.0M
344280.000 1977 COM2 65 0R0 344 2.1 11.7 31.2 1.0147 0.00 0.0M
344340.000 1977 COM2 65 0R0 310 1.1 11.6 31.3 1.0147 0.00 0.0M
344400.000 1977 COM2 65 0R0 006 1.7 11.6 31.5 1.0148 0.00 0.0M
344460.000 1977 COM2 65 0R0 254 0.6 11.6 31.7 1.0148 0.00 0.0M
344520.000 1977 COM2 65 0R0 327 0.6 11.6 31.5 1.0149 0.00 0.0M
344580.000 1977 COM2 65 0R0 336 1.6 11.5 31.7 1.0149 0.00 0.0M
344640.000 1977 COM2 65 0R0 090 0.2 11.5 31.7 1.0150 0.00 0.0M
344700.000 1977 COM2 65 0R0 279 0.4 11.5 31.6 1.0151 0.00 0.0M
344760.000 1977 COM2 65 0R0 063 0.3 11.4 32.0 1.0151 0.00 0.0M
344820.000 1977 COM2 65 0R0 267 0.2 11.4 31.7 1.0152 0.00 0.0M
344880.000 1977 COM2 65 0R0 304 1.0 11.4 32.1 1.0152 0.00 0.0M
344940.000 1977 COM2 65 0R0 284 0.3 11.3 32.3 1.0152 0.00 0.0M
345000.000 1977 COM2 65 0R0 079 1.6 11.3 32.3 1.0153 0.00 0.0M
345060.000 1977 COM2 65 0R0 304 1.3 11.3 32.3 1.0153 0.00 0.0M
345120.000 1977 COM2 65 0R0 344 0.3 11.4 32.3 1.0154 0.00 0.0M
345180.000 1977 COM2 65 0R0 213 0.5 11.4 32.5 1.0154 0.00 0.0M
345240.000 1977 COM2 65 0R0 275 1.4 11.4 32.0 1.0154 0.00 0.0M
345300.000 1977 COM2 65 0R0 354 0.4 11.3 32.6 1.0154 0.00 0.0M
345360.000 1977 COM2 65 0R0 342 2.1 11.3 32.6 1.0154 0.00 0.0M
345420.000 1977 COM2 65 0R0 280 2.0 11.3 32.3 1.0154 0.00 0.0M
345480.000 1977 COM2 65 0R0 015 1.1 11.3 32.5 1.0154 0.00 0.0M
345540.000 1977 COM2 65 0R0 083 0.9 11.3 32.4 1.0154 0.00 0.0M
