TO [s] WNc [w] C StringLn ASCIIString
---------------------------------------
0.000 1970 COM2 65 0R0 180 3.7 23.0 74.8 1.0084 0.00 0.0M
60.000 1970 COM2 65 0R0 157 3.2 23.0 75.2 1.0084 0.00 0.0M
120.000 1970 COM2 65 0R0 139 3.1 22.9 74.8 1.0084 0.00 0.0M
180.000 1970 COM2 65 0R0 137 2.1 22.9 74.9 1.0084 0.00 0.0M
240.000 1970 COM2 65 0R0 097 1.8 22.9 74.9 1.0084 0.00 0.0M
300.000 1970 COM2 65 0R0 166 4.3 22.9 74.9 1.0084 0.00 0.0M
360.000 1970 COM2 65 0R0 158 3.2 22.9 74.9 1.0084 0.00 0.0M
420.000 1970 COM2 65 0R0 199 4.1 22.9 74.9 1.0084 0.00 0.0M
480.000 1970 COM2 65 0R0 163 3.3 22.9 75.2 1.0084 0.00 0.0M
540.000 1970 COM2 65 0R0 152 4.7 22.8 75.3 1.0084 0.00 0.0M
600.000 1970 COM2 65 0R0 187 3.8 22.8 75.3 1.0084 0.00 0.0M
660.000 1970 COM2 65 0R0 150 1.6 22.8 75.5 1.0084 0.00 0.0M
720.000 1970 COM2 65 0R0 152 2.1 22.8 75.3 1.0084 0.00 0.0M
780.000 1970 COM2 65 0R0 157 1.7 22.8 75.3 1.0084 0.00 0.0M
840.000 1970 COM2 65 0R0 194 2.8 22.7 75.5 1.0084 0.00 0.0M
900.000 1970 COM2 65 0R0 135 2.9 22.7 75.5 1.0084 0.00 0.0M
960.000 1970 COM2 65 0R0 167 2.3 22.7 75.1 1.0084 0.00 0.0M
1020.000 1970 COM2 65 0R0 156 1.6 22.7 75.7 1.0084 0.00 0.0M
1080.000 1970 COM2 65 0R0 159 3.4 22.7 75.5 1.0084 0.00 0.0M
1140.000 1970 COM2 65 0R0 132 1.9 22.7 75.8 1.0084 0.00 0.0M
1200.000 1970 COM2 65 0R0 158 3.7 22.7 75.7 1.0084 0.00 0.0M
1260.000 1970 COM2 65 0R0 157 2.5 22.7 75.9 1.0084 0.00 0.0M
1320.000 1970 COM2 65 0R0 183 4.4 22.6 75.6 1.0085 0.00 0.0M
1380.000 1970 COM2 65 0R0 220 2.1 22.6 76.2 1.0084 0.00 0.0M
1440.000 1970 COM2 65 0R0 164 5.1 22.6 76.2 1.0085 0.00 0.0M
1500.000 1970 COM2 65 0R0 191 3.3 22.6 76.0 1.0085 0.00 0.0M
1560.000 1970 COM2 65 0R0 187 3.5 22.6 75.9 1.0085 0.00 0.0M
1620.000 1970 COM2 65 0R0 172 4.8 22.6 76.1 1.0085 0.00 0.0M
1680.000 1970 COM2 65 0R0 155 3.4 22.6 76.2 1.0085 0.00 0.0M
1740.000 1970 COM2 65 0R0 159 4.7 22.6 76.2 1.0085 0.00 0.0M
1800.000 1970 COM2 65 0R0 168 4.0 22.6 76.0 1.0086 0.00 0.0M
1860.000 1970 COM2 65 0R0 143 3.0 22.6 76.0 1.0085 0.00 0.0M
1920.000 1970 COM2 65 0R0 151 3.6 22.6 75.7 1.0086 0.00 0.0M
1980.000 1970 COM2 65 0R0 172 5.1 22.6 75.8 1.0085 0.00 0.0M
2040.000 1970 COM2 65 0R0 171 5.8 22.6 75.8 1.0085 0.00 0.0M
2100.000 1970 COM2 65 0R0 151 5.0 22.6 75.8 1.0085 0.00 0.0M
2160.000 1970 COM2 65 0R0 180 3.1 22.6 75.7 1.0086 0.00 0.0M
2220.000 1970 COM2 65 0R0 143 2.5 22.6 75.9 1.0086 0.00 0.0M
2280.000 1970 COM2 65 0R0 119 2.9 22.5 75.6 1.0086 0.00 0.0M
2340.000 1970 COM2 65 0R0 153 3.2 22.6 75.3 1.0086 0.00 0.0M
2400.000 1970 COM2 65 0R0 208 3.8 22.6 75.2 1.0086 0.00 0.0M
2460.000 1970 COM2 65 0R0 187 4.3 22.6 75.3 1.0086 0.00 0.0M
2520.000 1970 COM2 65 0R0 145 1.1 22.5 75.6 1.0086 0.00 0.0M
2580.000 1970 COM2 65 0R0 148 1.3 22.5 75.1 1.0086 0.00 0.0M
2640.000 1970 COM2 65 0R0 172 5.0 22.5 75.2 1.0086 0.00 0.0M
2700.000 1970 COM2 65 0R0 210 2.3 22.5 75.7 1.0087 0.00 0.0M
2760.000 1970 COM2 65 0R0 183 3.1 22.5 75.9 1.0086 0.00 0.0M
2820.000 1970 COM2 65 0R0 139 2.4 22.4 76.1 1.0086 0.00 0.0M
2880.000 1970 COM2 65 0R0 092 1.1 22.4 76.1 1.0086 0.00 0.0M
2940.000 1970 COM2 65 0R0 142 4.1 22.4 75.9 1.0086 0.00 0.0M
3000.000 1970 COM2 65 0R0 147 1.8 22.4 75.9 1.0086 0.00 0.0M
3060.000 1970 COM2 65 0R0 194 3.9 22.4 75.8 1.0087 0.00 0.0M
3120.000 1970 COM2 65 0R0 147 3.1 22.4 75.9 1.0086 0.00 0.0M
3180.000 1970 COM2 65 0R0 166 3.1 22.4 75.9 1.0087 0.00 0.0M
3240.000 1970 COM2 65 0R0 199 5.4 22.4 76.2 1.0087 0.00 0.0M
3300.000 1970 COM2 65 0R0 120 1.8 22.4 76.0 1.0086 0.00 0.0M
3360.000 1970 COM2 65 0R0 151 2.4 22.4 75.7 1.0087 0.00 0.0M
3420.000 1970 COM2 65 0R0 197 3.5 22.3 75.9 1.0087 0.00 0.0M
3480.000 1970 COM2 65 0R0 158 3.3 22.3 75.9 1.0087 0.00 0.0M
3540.000 1970 COM2 65 0R0 219 5.6 22.3 75.9 1.0087 0.00 0.0M
3600.000 1970 COM2 65 0R0 177 4.8 22.4 76.2 1.0086 0.00 0.0M
3660.000 1970 COM2 65 0R0 154 4.2 22.4 76.1 1.0087 0.00 0.0M
3720.000 1970 COM2 65 0R0 181 5.1 22.4 75.6 1.0086 0.00 0.0M
3780.000 1970 COM2 65 0R0 160 4.0 22.4 75.9 1.0087 0.00 0.0M
3840.000 1970 COM2 65 0R0 178 5.0 22.4 75.7 1.0087 0.00 0.0M
3900.000 1970 COM2 65 0R0 141 2.8 22.4 75.8 1.0087 0.00 0.0M
3960.000 1970 COM2 65 0R0 165 4.7 22.4 75.9 1.0087 0.00 0.0M
4020.000 1970 COM2 65 0R0 141 3.7 22.4 75.6 1.0087 0.00 0.0M
4080.000 1970 COM2 65 0R0 163 5.4 22.4 75.5 1.0087 0.00 0.0M
4140.000 1970 COM2 65 0R0 181 5.4 22.4 76.0 1.0087 0.00 0.0M
4200.000 1970 COM2 65 0R0 117 1.7 22.4 75.9 1.0087 0.00 0.0M
4260.000 1970 COM2 65 0R0 147 2.9 22.4 75.8 1.0088 0.00 0.0M
4320.000 1970 COM2 65 0R0 197 3.4 22.4 75.5 1.0088 0.00 0.0M
4380.000 1970 COM2 65 0R0 167 1.4 22.4 75.8 1.0088 0.00 0.0M
4440.000 1970 COM2 65 0R0 214 5.5 22.4 75.7 1.0088 0.00 0.0M
4500.000 1970 COM2 65 0R0 195 6.0 22.4 76.1 1.0088 0.00 0.0M
4560.000 1970 COM2 65 0R0 187 4.8 22.4 76.0 1.0088 0.00 0.0M
4620.000 1970 COM2 65 0R0 120 1.5 22.4 75.9 1.0087 0.00 0.0M
4680.000 1970 COM2 65 0R0 211 3.7 22.4 75.3 1.0087 0.00 0.0M
4740.000 1970 COM2 65 0R0 142 3.2 22.4 75.6 1.0087 0.00 0.0M
4800.100 1970 COM2 65 0R0 152 3.1 22.4 75.6 1.0088 0.00 0.0M
4860.000 1970 COM2 65 0R0 160 2.6 22.4 75.6 1.0088 0.00 0.0M
4920.000 1970 COM2 65 0R0 167 5.7 22.4 75.7 1.0088 0.00 0.0M
4980.000 1970 COM2 65 0R0 177 3.6 22.4 76.6 1.0087 0.00 0.0M
5040.000 1970 COM2 65 0R0 162 4.1 22.4 76.0 1.0087 0.00 0.0M
5100.000 1970 COM2 65 0R0 176 4.3 22.4 75.9 1.0087 0.00 0.0M
5160.000 1970 COM2 65 0R0 189 3.9 22.3 75.7 1.0087 0.00 0.0M
5220.000 1970 COM2 65 0R0 135 3.6 22.3 75.9 1.0087 0.00 0.0M
5280.000 1970 COM2 65 0R0 110 2.0 22.3 75.9 1.0087 0.00 0.0M
5340.000 1970 COM2 65 0R0 183 5.1 22.3 75.6 1.0087 0.00 0.0M
5400.000 1970 COM2 65 0R0 145 1.0 22.3 76.2 1.0087 0.00 0.0M
5460.000 1970 COM2 65 0R0 151 2.7 22.3 75.8 1.0087 0.00 0.0M
5520.000 1970 COM2 65 0R0 140 3.1 22.3 75.8 1.0087 0.00 0.0M
5580.000 1970 COM2 65 0R0 175 4.5 22.3 75.6 1.0087 0.00 0.0M
5640.000 1970 COM2 65 0R0 137 4.5 22.3 76.5 1.0087 0.00 0.0M
5700.000 1970 COM2 65 0R0 157 4.2 22.3 75.9 1.0087 0.00 0.0M
5760.000 1970 COM2 65 0R0 169 4.8 22.3 76.0 1.0087 0.00 0.0M
5820.000 1970 COM2 65 0R0 164 6.3 22.3 75.7 1.0087 0.00 0.0M
5880.000 1970 COM2 65 0R0 145 4.2 22.3 76.3 1.0087 0.00 0.0M
5940.000 1970 COM2 65 0R0 092 1.3 22.4 76.3 1.0087 0.00 0.0M
6000.000 1970 COM2 65 0R0 167 6.6 22.3 75.9 1.0087 0.00 0.0M
6060.000 1970 COM2 65 0R0 167 4.2 22.3 75.8 1.0087 0.00 0.0M
6120.000 1970 COM2 65 0R0 156 2.8 22.3 76.0 1.0087 0.00 0.0M
6180.000 1970 COM2 65 0R0 196 2.9 22.3 76.2 1.0087 0.00 0.0M
6240.000 1970 COM2 65 0R0 175 4.0 22.3 76.1 1.0087 0.00 0.0M
6300.000 1970 COM2 65 0R0 172 6.0 22.3 76.2 1.0087 0.00 0.0M
6360.000 1970 COM2 65 0R0 139 3.8 22.3 76.6 1.0087 0.00 0.0M
6420.000 1970 COM2 65 0R0 179 3.6 22.3 76.4 1.0087 0.00 0.0M
6480.000 1970 COM2 65 0R0 121 1.6 22.3 76.4 1.0087 0.00 0.0M
6540.000 1970 COM2 65 0R0 163 4.5 22.3 76.5 1.0087 0.00 0.0M
6600.000 1970 COM2 65 0R0 172 5.7 22.3 77.1 1.0087 0.00 0.0M
6660.000 1970 COM2 65 0R0 117 2.8 22.3 76.3 1.0087 0.00 0.0M
6720.000 1970 COM2 65 0R0 221 4.7 22.3 76.2 1.0087 0.00 0.0M
6780.000 1970 COM2 65 0R0 150 4.0 22.3 76.3 1.0087 0.00 0.0M
6840.000 1970 COM2 65 0R0 210 5.4 22.2 76.4 1.0087 0.00 0.0M
6900.000 1970 COM2 65 0R0 151 1.9 22.2 77.6 1.0087 0.00 0.0M
6960.000 1970 COM2 65 0R0 168 4.6 22.3 76.6 1.0087 0.00 0.0M
7020.000 1970 COM2 65 0R0 167 4.1 22.3 77.2 1.0087 0.00 0.0M
7080.000 1970 COM2 65 0R0 128 3.2 22.3 77.4 1.0087 0.00 0.0M
7140.000 1970 COM2 65 0R0 140 4.5 22.2 77.0 1.0087 0.00 0.0M
7200.000 1970 COM2 65 0R0 127 2.8 22.2 77.2 1.0087 0.00 0.0M
7260.000 1970 COM2 65 0R0 169 7.6 22.2 76.4 1.0086 0.00 0.0M
7320.000 1970 COM2 65 0R0 174 3.9 22.2 76.7 1.0087 0.00 0.0M
7380.000 1970 COM2 65 0R0 171 4.3 22.2 77.4 1.0087 0.00 0.0M
7440.000 1970 COM2 65 0R0 184 3.7 22.2 77.5 1.0088 0.00 0.0M
7500.000 1970 COM2 65 0R0 167 4.7 22.2 77.6 1.0088 0.00 0.0M
7560.000 1970 COM2 65 0R0 184 2.9 22.2 77.6 1.0088 0.00 0.0M
7620.000 1970 COM2 65 0R0 143 2.6 22.1 77.6 1.0088 0.00 0.0M
7680.000 1970 COM2 65 0R0 163 4.3 22.1 77.7 1.0088 0.00 0.0M
7740.000 1970 COM2 65 0R0 188 5.3 22.1 77.9 1.0088 0.00 0.0M
7800.000 1970 COM2 65 0R0 177 4.6 22.1 78.2 1.0088 0.00 0.0M
7860.000 1970 COM2 65 0R0 164 3.7 22.1 78.6 1.0088 0.00 0.0M
7920.000 1970 COM2 65 0R0 211 3.8 22.1 78.6 1.0088 0.00 0.0M
7980.000 1970 COM2 65 0R0 191 3.8 22.1 78.4 1.0087 0.00 0.0M
8040.000 1970 COM2 65 0R0 160 4.6 22.1 78.6 1.0087 0.00 0.0M
8100.000 1970 COM2 65 0R0 175 3.1 22.1 78.1 1.0087 0.00 0.0M
8160.000 1970 COM2 65 0R0 157 2.7 22.1 78.2 1.0087 0.00 0.0M
8220.000 1970 COM2 65 0R0 149 1.8 22.1 78.6 1.0087 0.00 0.0M
8280.000 1970 COM2 65 0R0 157 2.0 22.1 78.1 1.0087 0.00 0.0M
8340.000 1970 COM2 65 0R0 168 4.0 22.1 78.3 1.0087 0.00 0.0M
8400.000 1970 COM2 65 0R0 153 3.1 22.1 78.4 1.0087 0.00 0.0M
8460.000 1970 COM2 65 0R0 167 6.6 22.1 78.5 1.0087 0.00 0.0M
8520.000 1970 COM2 65 0R0 179 4.1 22.1 78.4 1.0087 0.00 0.0M
8580.000 1970 COM2 65 0R0 194 3.6 22.0 78.7 1.0087 0.00 0.0M
8640.000 1970 COM2 65 0R0 157 3.9 22.0 78.9 1.0086 0.00 0.0M
8700.000 1970 COM2 65 0R0 203 6.0 22.0 78.9 1.0086 0.00 0.0M
8760.000 1970 COM2 65 0R0 170 4.3 22.0 79.5 1.0086 0.00 0.0M
8820.000 1970 COM2 65 0R0 157 3.5 22.0 79.5 1.0087 0.00 0.0M
8880.000 1970 COM2 65 0R0 183 3.5 22.0 79.1 1.0087 0.00 0.0M
8940.000 1970 COM2 65 0R0 187 5.7 22.0 78.9 1.0086 0.00 0.0M
9000.000 1970 COM2 65 0R0 162 3.3 22.0 79.7 1.0086 0.00 0.0M
9060.000 1970 COM2 65 0R0 166 4.3 22.0 79.5 1.0086 0.00 0.0M
9120.000 1970 COM2 65 0R0 166 1.4 22.0 79.6 1.0086 0.00 0.0M
9180.000 1970 COM2 65 0R0 147 3.3 22.0 79.2 1.0086 0.00 0.0M
9240.000 1970 COM2 65 0R0 164 6.2 22.0 79.5 1.0085 0.00 0.0M
9300.000 1970 COM2 65 0R0 135 2.9 22.0 79.8 1.0085 0.00 0.0M
9360.000 1970 COM2 65 0R0 153 2.1 22.0 79.9 1.0084 0.00 0.0M
9420.000 1970 COM2 65 0R0 174 4.3 21.9 79.9 1.0085 0.00 0.0M
9480.000 1970 COM2 65 0R0 120 2.8 21.9 80.2 1.0085 0.00 0.0M
9540.000 1970 COM2 65 0R0 145 2.6 21.9 79.9 1.0085 0.00 0.0M
9600.000 1970 COM2 65 0R0 200 4.1 21.9 80.0 1.0085 0.00 0.0M
9660.000 1970 COM2 65 0R0 197 5.3 21.9 80.6 1.0084 0.00 0.0M
9720.000 1970 COM2 65 0R0 178 3.9 21.9 80.7 1.0084 0.00 0.0M
9780.000 1970 COM2 65 0R0 142 2.2 21.9 80.8 1.0085 0.00 0.0M
9840.000 1970 COM2 65 0R0 166 5.6 21.8 80.6 1.0085 0.00 0.0M
9900.000 1970 COM2 65 0R0 157 5.2 21.8 80.6 1.0085 0.00 0.0M
9960.000 1970 COM2 65 0R0 163 2.8 21.8 80.9 1.0085 0.00 0.0M
10020.000 1970 COM2 65 0R0 177 5.8 21.8 80.8 1.0085 0.00 0.0M
10080.000 1970 COM2 65 0R0 150 2.5 21.8 80.7 1.0084 0.00 0.0M
10140.000 1970 COM2 65 0R0 138 1.9 21.8 81.1 1.0085 0.00 0.0M
10200.000 1970 COM2 65 0R0 188 5.9 21.9 80.9 1.0084 0.00 0.0M
10260.000 1970 COM2 65 0R0 173 4.3 21.9 81.1 1.0084 0.00 0.0M
10320.000 1970 COM2 65 0R0 129 3.4 21.8 81.2 1.0084 0.00 0.0M
10380.000 1970 COM2 65 0R0 202 4.3 21.8 81.0 1.0085 0.00 0.0M
10440.000 1970 COM2 65 0R0 181 5.7 21.8 81.1 1.0084 0.00 0.0M
10500.000 1970 COM2 65 0R0 172 3.6 21.8 81.5 1.0084 0.00 0.0M
10560.000 1970 COM2 65 0R0 138 4.0 21.8 81.6 1.0085 0.00 0.0M
10620.000 1970 COM2 65 0R0 202 5.5 21.9 80.9 1.0084 0.00 0.0M
10680.000 1970 COM2 65 0R0 186 5.9 21.8 81.1 1.0084 0.00 0.0M
10740.000 1970 COM2 65 0R0 139 0.9 21.8 81.3 1.0084 0.00 0.0M
10800.000 1970 COM2 65 0R0 165 3.5 21.8 80.7 1.0084 0.00 0.0M
10860.000 1970 COM2 65 0R0 194 3.6 21.9 81.4 1.0083 0.00 0.0M
10920.000 1970 COM2 65 0R0 164 4.4 21.9 81.1 1.0083 0.00 0.0M
10980.000 1970 COM2 65 0R0 089 1.2 21.9 81.4 1.0083 0.00 0.0M
11040.000 1970 COM2 65 0R0 149 4.3 21.9 81.0 1.0083 0.00 0.0M
11100.000 1970 COM2 65 0R0 226 2.8 21.9 81.0 1.0083 0.00 0.0M
11160.000 1970 COM2 65 0R0 160 2.2 21.9 80.8 1.0083 0.00 0.0M
11220.000 1970 COM2 65 0R0 194 4.2 21.9 81.0 1.0083 0.00 0.0M
11280.000 1970 COM2 65 0R0 152 2.5 21.9 81.0 1.0083 0.00 0.0M
11340.000 1970 COM2 65 0R0 175 4.9 21.9 80.9 1.0083 0.00 0.0M
11400.000 1970 COM2 65 0R0 198 3.2 21.9 81.1 1.0082 0.00 0.0M
11460.000 1970 COM2 65 0R0 123 1.6 21.9 81.1 1.0083 0.00 0.0M
11520.000 1970 COM2 65 0R0 169 3.1 21.9 81.0 1.0083 0.00 0.0M
11580.000 1970 COM2 65 0R0 173 1.3 21.9 81.3 1.0083 0.00 0.0M
11640.000 1970 COM2 65 0R0 185 4.7 21.9 81.0 1.0083 0.00 0.0M
11700.000 1970 COM2 65 0R0 175 2.6 21.9 81.4 1.0082 0.00 0.0M
11760.000 1970 COM2 65 0R0 118 1.5 21.9 81.3 1.0082 0.00 0.0M
11820.000 1970 COM2 65 0R0 197 2.4 21.9 81.1 1.0082 0.00 0.0M
11880.000 1970 COM2 65 0R0 165 0.7 21.9 81.2 1.0082 0.00 0.0M
11940.000 1970 COM2 65 0R0 172 4.5 21.9 81.0 1.0082 0.00 0.0M
12000.000 1970 COM2 65 0R0 166 5.2 21.9 81.3 1.0081 0.00 0.0M
12060.000 1970 COM2 65 0R0 141 2.4 21.9 81.5 1.0081 0.00 0.0M
12120.000 1970 COM2 65 0R0 176 3.4 21.9 81.2 1.0081 0.00 0.0M
12180.000 1970 COM2 65 0R0 135 1.9 21.9 81.4 1.0081 0.00 0.0M
12240.100 1970 COM2 65 0R0 125 1.9 21.9 81.2 1.0081 0.00 0.0M
12300.000 1970 COM2 65 0R0 147 3.5 21.9 81.2 1.0081 0.00 0.0M
12360.000 1970 COM2 65 0R0 169 6.4 21.9 81.3 1.0081 0.00 0.0M
12420.000 1970 COM2 65 0R0 191 1.2 21.9 81.4 1.0080 0.00 0.0M
12480.000 1970 COM2 65 0R0 173 4.4 21.9 81.4 1.0080 0.00 0.0M
12540.000 1970 COM2 65 0R0 263 2.7 21.9 81.9 1.0080 0.00 0.0M
12600.000 1970 COM2 65 0R0 150 4.6 22.0 81.5 1.0080 0.00 0.0M
12660.000 1970 COM2 65 0R0 104 1.9 22.0 81.3 1.0080 0.00 0.0M
12720.000 1970 COM2 65 0R0 200 6.0 22.0 81.4 1.0081 0.00 0.0M
12780.000 1970 COM2 65 0R0 158 4.0 22.0 81.3 1.0080 0.00 0.0M
12840.000 1970 COM2 65 0R0 157 2.1 22.0 81.3 1.0081 0.00 0.0M
12900.000 1970 COM2 65 0R0 240 3.6 22.0 81.2 1.0081 0.00 0.0M
12960.000 1970 COM2 65 0R0 124 2.1 22.0 81.6 1.0080 0.00 0.0M
13020.000 1970 COM2 65 0R0 148 4.5 22.0 81.1 1.0081 0.00 0.0M
13080.100 1970 COM2 65 0R0 186 4.1 22.0 81.1 1.0080 0.00 0.0M
13140.100 1970 COM2 65 0R0 162 3.2 22.0 81.8 1.0079 0.00 0.0M
13200.000 1970 COM2 65 0R0 223 3.5 22.0 81.6 1.0079 0.00 0.0M
13260.100 1970 COM2 65 0R0 109 1.8 22.0 81.3 1.0079 0.00 0.0M
13320.100 1970 COM2 65 0R0 200 3.8 22.0 81.3 1.0079 0.00 0.0M
13380.000 1970 COM2 65 0R0 195 5.9 22.0 81.7 1.0078 0.00 0.0M
13440.000 1970 COM2 65 0R0 193 5.6 22.0 81.5 1.0078 0.00 0.0M
13500.100 1970 COM2 65 0R0 116 4.1 22.0 81.8 1.0078 0.00 0.0M
13560.000 1970 COM2 65 0R0 177 3.6 22.0 81.5 1.0078 0.00 0.0M
13620.100 1970 COM2 65 0R0 154 2.7 22.0 81.5 1.0078 0.00 0.0M
13680.000 1970 COM2 65 0R0 159 4.7 22.0 81.6 1.0077 0.00 0.0M
13740.100 1970 COM2 65 0R0 170 3.7 22.0 81.6 1.0077 0.00 0.0M
13800.100 1970 COM2 65 0R0 171 3.6 22.0 82.1 1.0076 0.00 0.0M
13860.000 1970 COM2 65 0R0 131 2.0 22.0 81.8 1.0076 0.00 0.0M
13920.100 1970 COM2 65 0R0 188 7.1 22.0 81.9 1.0077 0.00 0.0M
13980.100 1970 COM2 65 0R0 149 4.1 22.0 81.8 1.0076 0.00 0.0M
14040.000 1970 COM2 65 0R0 169 5.7 22.0 81.8 1.0077 0.00 0.0M
14100.100 1970 COM2 65 0R0 183 5.0 22.0 81.9 1.0077 0.00 0.0M
14160.100 1970 COM2 65 0R0 196 4.2 22.0 82.0 1.0077 0.00 0.0M
14220.100 1970 COM2 65 0R0 188 3.6 22.0 82.5 1.0077 0.00 0.0M
14280.100 1970 COM2 65 0R0 222 7.2 22.0 82.3 1.0077 0.00 0.0M
14340.100 1970 COM2 65 0R0 186 6.2 22.1 82.1 1.0077 0.00 0.0M
14400.100 1970 COM2 65 0R0 198 3.8 22.1 82.0 1.0077 0.00 0.0M
14460.100 1970 COM2 65 0R0 154 2.3 22.1 82.6 1.0077 0.00 0.0M
14520.100 1970 COM2 65 0R0 184 4.9 22.1 81.9 1.0077 0.00 0.0M
14580.000 1970 COM2 65 0R0 197 4.7 22.1 82.8 1.0077 0.00 0.0M
14640.000 1970 COM2 65 0R0 143 2.4 22.1 81.7 1.0077 0.00 0.0M
14700.000 1970 COM2 65 0R0 176 3.4 22.1 81.5 1.0076 0.00 0.0M
14760.100 1970 COM2 65 0R0 249 3.1 22.1 82.1 1.0077 0.00 0.0M
14820.100 1970 COM2 65 0R0 200 6.4 22.1 82.0 1.0077 0.00 0.0M
14880.000 1970 COM2 65 0R0 174 5.2 22.1 82.3 1.0076 0.00 0.0M
14940.100 1970 COM2 65 0R0 158 4.5 22.1 82.3 1.0076 0.00 0.0M
15000.000 1970 COM2 65 0R0 169 3.6 22.1 81.8 1.0075 0.00 0.0M
15060.000 1970 COM2 65 0R0 143 3.3 22.1 81.9 1.0076 0.00 0.0M
15120.100 1970 COM2 65 0R0 131 3.1 22.1 81.9 1.0075 0.00 0.0M
15180.100 1970 COM2 65 0R0 126 2.9 22.1 82.1 1.0075 0.00 0.0M
15240.100 1970 COM2 65 0R0 202 6.3 22.1 81.5 1.0074 0.00 0.0M
15300.000 1970 COM2 65 0R0 170 8.8 22.1 82.5 1.0075 0.00 0.0M
15360.000 1970 COM2 65 0R0 183 6.6 22.1 82.5 1.0074 0.00 0.0M
15420.000 1970 COM2 65 0R0 153 5.7 22.1 82.5 1.0075 0.00 0.0M
15480.000 1970 COM2 65 0R0 177 7.0 22.1 82.3 1.0075 0.00 0.0M
15540.000 1970 COM2 65 0R0 181 3.7 22.1 82.5 1.0074 0.00 0.0M
15600.000 1970 COM2 65 0R0 182 6.7 22.1 82.4 1.0075 0.00 0.0M
15660.000 1970 COM2 65 0R0 165 5.7 22.1 83.2 1.0074 0.00 0.0M
15720.000 1970 COM2 65 0R0 158 2.9 22.2 82.5 1.0075 0.00 0.0M
15780.000 1970 COM2 65 0R0 195 7.1 22.2 82.4 1.0075 0.00 0.0M
15840.000 1970 COM2 65 0R0 187 5.8 22.2 82.5 1.0074 0.00 0.0M
15900.000 1970 COM2 65 0R0 161 5.6 22.2 82.6 1.0075 0.00 0.0M
15960.000 1970 COM2 65 0R0 127 1.2 22.2 83.1 1.0075 0.00 0.0M
16020.000 1970 COM2 65 0R0 137 1.1 22.2 82.3 1.0075 0.00 0.0M
16080.000 1970 COM2 65 0R0 164 4.0 22.2 81.9 1.0075 0.00 0.0M
16140.000 1970 COM2 65 0R0 240 3.0 22.2 82.0 1.0074 0.00 0.0M
16200.000 1970 COM2 65 0R0 213 2.9 22.2 82.6 1.0074 0.00 0.0M
16260.000 1970 COM2 65 0R0 133 1.8 22.2 82.7 1.0075 0.00 0.0M
16320.000 1970 COM2 65 0R0 132 2.9 22.2 81.9 1.0075 0.00 0.0M
16380.000 1970 COM2 65 0R0 181 5.1 22.2 82.2 1.0075 0.00 0.0M
16440.000 1970 COM2 65 0R0 169 6.0 22.2 82.3 1.0075 0.00 0.0M
16500.000 1970 COM2 65 0R0 158 2.6 22.2 82.7 1.0076 0.00 0.0M
16560.100 1970 COM2 65 0R0 169 5.9 22.2 82.5 1.0076 0.00 0.0M
16620.000 1970 COM2 65 0R0 160 4.9 22.2 82.4 1.0076 0.00 0.0M
16680.100 1970 COM2 65 0R0 163 5.2 22.2 82.4 1.0076 0.00 0.0M
16740.000 1970 COM2 65 0R0 209 5.2 22.2 82.6 1.0076 0.00 0.0M
16800.000 1970 COM2 65 0R0 168 5.2 22.2 82.7 1.0076 0.00 0.0M
16860.000 1970 COM2 65 0R0 175 3.1 22.2 82.4 1.0076 0.00 0.0M
16920.000 1970 COM2 65 0R0 105 1.4 22.2 82.5 1.0076 0.00 0.0M
16980.000 1970 COM2 65 0R0 161 4.3 22.2 82.4 1.0076 0.00 0.0M
17040.000 1970 COM2 65 0R0 113 1.8 22.2 82.5 1.0075 0.00 0.0M
17100.000 1970 COM2 65 0R0 160 1.3 22.2 82.4 1.0076 0.00 0.0M
17160.000 1970 COM2 65 0R0 176 4.0 22.2 82.1 1.0076 0.00 0.0M
17220.000 1970 COM2 65 0R0 143 3.4 22.2 82.3 1.0076 0.00 0.0M
17280.000 1970 COM2 65 0R0 140 3.5 22.2 82.5 1.0076 0.00 0.0M
17340.000 1970 COM2 65 0R0 164 4.1 22.2 82.5 1.0075 0.00 0.0M
17400.000 1970 COM2 65 0R0 193 5.3 22.2 82.6 1.0075 0.00 0.0M
17460.000 1970 COM2 65 0R0 208 7.9 22.2 82.6 1.0075 0.00 0.0M
17520.000 1970 COM2 65 0R0 215 4.6 22.2 82.6 1.0075 0.00 0.0M
17580.000 1970 COM2 65 0R0 194 7.4 22.2 82.7 1.0075 0.00 0.0M
17640.000 1970 COM2 65 0R0 205 7.5 22.2 82.7 1.0075 0.00 0.0M
17700.000 1970 COM2 65 0R0 191 5.6 22.2 83.3 1.0075 0.00 0.0M
17760.000 1970 COM2 65 0R0 111 4.3 22.2 83.1 1.0075 0.00 0.0M
17820.000 1970 COM2 65 0R0 168 7.1 22.2 82.5 1.0075 0.00 0.0M
17880.000 1970 COM2 65 0R0 171 5.8 22.2 83.3 1.0076 0.00 0.0M
17940.000 1970 COM2 65 0R0 196 5.6 22.2 83.5 1.0076 0.00 0.0M
18000.000 1970 COM2 65 0R0 169 3.8 22.2 83.3 1.0076 0.00 0.0M
18060.000 1970 COM2 65 0R0 206 3.8 22.2 83.5 1.0076 0.00 0.0M
18120.000 1970 COM2 65 0R0 148 3.6 22.2 83.3 1.0076 0.00 0.0M
18180.000 1970 COM2 65 0R0 202 3.3 22.2 83.0 1.0076 0.00 0.0M
18240.000 1970 COM2 65 0R0 144 5.3 22.2 83.3 1.0075 0.00 0.0M
18300.000 1970 COM2 65 0R0 166 2.8 22.2 82.8 1.0075 0.00 0.0M
18360.000 1970 COM2 65 0R0 117 1.4 22.2 82.8 1.0075 0.00 0.0M
18420.000 1970 COM2 65 0R0 188 6.4 22.2 82.5 1.0074 0.00 0.0M
18480.000 1970 COM2 65 0R0 178 4.0 22.2 83.2 1.0074 0.00 0.0M
18540.000 1970 COM2 65 0R0 155 6.5 22.1 83.1 1.0074 0.00 0.0M
18600.000 1970 COM2 65 0R0 181 4.6 22.2 83.0 1.0074 0.00 0.0M
18660.000 1970 COM2 65 0R0 175 6.2 22.1 83.3 1.0075 0.00 0.0M
18720.000 1970 COM2 65 0R0 169 5.0 22.1 83.2 1.0075 0.00 0.0M
18780.000 1970 COM2 65 0R0 130 1.7 22.1 83.2 1.0075 0.00 0.0M
18840.000 1970 COM2 65 0R0 186 6.6 22.1 83.1 1.0074 0.00 0.0M
18900.100 1970 COM2 65 0R0 165 6.3 22.1 83.4 1.0074 0.00 0.0M
18960.000 1970 COM2 65 0R0 192 4.9 22.1 83.7 1.0074 0.00 0.0M
19020.000 1970 COM2 65 0R0 170 6.9 22.1 84.0 1.0074 0.00 0.0M
19080.000 1970 COM2 65 0R0 206 3.6 22.1 83.5 1.0075 0.00 0.0M
19140.000 1970 COM2 65 0R0 150 1.8 22.1 83.9 1.0075 0.00 0.0M
19200.000 1970 COM2 65 0R0 170 5.8 22.2 83.3 1.0075 0.00 0.0M
19260.000 1970 COM2 65 0R0 182 4.2 22.2 83.3 1.0074 0.00 0.0M
19320.000 1970 COM2 65 0R0 151 1.5 22.1 83.3 1.0074 0.00 0.0M
19380.000 1970 COM2 65 0R0 138 3.8 22.1 83.4 1.0074 0.00 0.0M
19440.000 1970 COM2 65 0R0 133 2.2 22.1 83.3 1.0074 0.00 0.0M
19500.000 1970 COM2 65 0R0 151 3.7 22.1 83.2 1.0073 0.00 0.0M
19560.100 1970 COM2 65 0R0 141 3.0 22.1 83.2 1.0073 0.00 0.0M
19620.000 1970 COM2 65 0R0 166 2.8 22.1 83.3 1.0073 0.00 0.0M
19680.000 1970 COM2 65 0R0 152 4.0 22.1 83.2 1.0073 0.00 0.0M
19740.000 1970 COM2 65 0R0 152 3.6 22.1 83.5 1.0072 0.00 0.0M
19800.000 1970 COM2 65 0R0 151 5.6 22.1 83.4 1.0072 0.00 0.0M
19860.000 1970 COM2 65 0R0 121 2.0 22.1 83.3 1.0071 0.00 0.0M
19920.000 1970 COM2 65 0R0 162 5.0 22.1 83.4 1.0072 0.00 0.0M
19980.000 1970 COM2 65 0R0 171 3.6 22.1 83.3 1.0071 0.00 0.0M
20040.000 1970 COM2 65 0R0 145 3.3 22.1 83.4 1.0072 0.00 0.0M
20100.000 1970 COM2 65 0R0 207 3.4 22.1 83.5 1.0071 0.00 0.0M
20160.000 1970 COM2 65 0R0 191 3.2 22.1 83.4 1.0071 0.00 0.0M
20220.000 1970 COM2 65 0R0 109 2.9 22.1 83.6 1.0070 0.00 0.0M
20280.000 1970 COM2 65 0R0 158 4.1 22.1 83.4 1.0070 0.00 0.0M
20340.000 1970 COM2 65 0R0 164 3.9 22.1 83.4 1.0069 0.00 0.0M
20400.000 1970 COM2 65 0R0 142 1.4 22.1 83.6 1.0070 0.00 0.0M
20460.000 1970 COM2 65 0R0 125 1.9 22.1 83.5 1.0070 0.00 0.0M
20520.000 1970 COM2 65 0R0 175 3.9 22.0 83.4 1.0069 0.00 0.0M
20580.000 1970 COM2 65 0R0 137 2.0 22.0 83.5 1.0069 0.00 0.0M
20640.000 1970 COM2 65 0R0 144 4.1 22.0 83.5 1.0070 0.00 0.0M
20700.000 1970 COM2 65 0R0 129 1.8 22.0 83.6 1.0069 0.00 0.0M
20760.000 1970 COM2 65 0R0 178 4.3 22.0 83.5 1.0069 0.00 0.0M
20820.000 1970 COM2 65 0R0 137 2.1 22.0 83.8 1.0070 0.00 0.0M
20880.000 1970 COM2 65 0R0 108 1.7 22.0 83.6 1.0071 0.00 0.0M
20940.000 1970 COM2 65 0R0 084 1.7 22.0 83.4 1.0071 0.00 0.0M
21000.000 1970 COM2 65 0R0 151 4.7 22.0 83.6 1.0071 0.00 0.0M
21060.000 1970 COM2 65 0R0 187 4.1 22.0 83.8 1.0071 0.00 0.0M
21120.000 1970 COM2 65 0R0 189 2.3 22.0 83.9 1.0071 0.00 0.0M
21180.000 1970 COM2 65 0R0 164 1.6 22.0 83.9 1.0071 0.00 0.0M
21240.000 1970 COM2 65 0R0 194 6.0 22.0 83.7 1.0071 0.00 0.0M
21300.000 1970 COM2 65 0R0 186 1.4 22.0 84.1 1.0071 0.00 0.0M
21360.000 1970 COM2 65 0R0 167 5.2 22.0 83.6 1.0071 0.00 0.0M
21420.000 1970 COM2 65 0R0 176 5.7 22.0 84.0 1.0071 0.00 0.0M
21480.000 1970 COM2 65 0R0 203 5.1 22.0 84.0 1.0071 0.00 0.0M
21540.000 1970 COM2 65 0R0 127 1.8 22.0 84.3 1.0071 0.00 0.0M
21600.100 1970 COM2 65 0R0 180 5.0 22.0 84.1 1.0071 0.00 0.0M
21660.000 1970 COM2 65 0R0 164 3.5 22.0 84.4 1.0071 0.00 0.0M
21720.000 1970 COM2 65 0R0 167 3.7 22.0 84.1 1.0072 0.00 0.0M
21780.000 1970 COM2 65 0R0 155 3.6 22.0 84.2 1.0072 0.00 0.0M
21840.000 1970 COM2 65 0R0 164 4.7 22.0 84.2 1.0072 0.00 0.0M
21900.000 1970 COM2 65 0R0 158 2.8 22.0 84.2 1.0072 0.00 0.0M
21960.000 1970 COM2 65 0R0 148 3.2 22.0 84.5 1.0072 0.00 0.0M
22020.000 1970 COM2 65 0R0 151 3.3 22.0 84.2 1.0072 0.00 0.0M
22080.000 1970 COM2 65 0R0 186 4.5 22.0 84.2 1.0072 0.00 0.0M
22140.000 1970 COM2 65 0R0 155 2.5 22.0 84.2 1.0072 0.00 0.0M
22200.000 1970 COM2 65 0R0 223 3.2 22.0 84.2 1.0072 0.00 0.0M
22260.000 1970 COM2 65 0R0 146 4.0 22.0 84.4 1.0072 0.00 0.0M
22320.000 1970 COM2 65 0R0 168 8.4 22.0 84.4 1.0072 0.00 0.0M
22380.000 1970 COM2 65 0R0 174 4.3 22.0 84.3 1.0072 0.00 0.0M
22440.000 1970 COM2 65 0R0 146 2.5 22.0 84.8 1.0072 0.00 0.0M
22500.000 1970 COM2 65 0R0 189 4.3 22.0 84.1 1.0072 0.00 0.0M
22560.000 1970 COM2 65 0R0 189 4.6 22.0 84.8 1.0072 0.00 0.0M
22620.000 1970 COM2 65 0R0 168 5.4 22.1 84.7 1.0072 0.00 0.0M
22680.100 1970 COM2 65 0R0 215 4.2 22.1 84.4 1.0071 0.00 0.0M
22740.000 1970 COM2 65 0R0 111 2.8 22.1 84.7 1.0071 0.00 0.0M
22800.000 1970 COM2 65 0R0 151 2.6 22.1 84.4 1.0071 0.00 0.0M
22860.000 1970 COM2 65 0R0 175 5.2 22.1 84.6 1.0071 0.00 0.0M
22920.000 1970 COM2 65 0R0 170 3.6 22.0 84.7 1.0071 0.00 0.0M
22980.000 1970 COM2 65 0R0 145 3.9 22.0 85.5 1.0071 0.00 0.0M
23040.000 1970 COM2 65 0R0 163 1.6 22.0 85.5 1.0071 0.00 0.0M
23100.100 1970 COM2 65 0R0 151 4.7 22.0 85.9 1.0071 0.00 0.0M
23160.000 1970 COM2 65 0R0 136 1.9 22.0 85.5 1.0070 0.00 0.0M
23220.000 1970 COM2 65 0R0 170 4.8 22.0 85.4 1.0070 0.00 0.0M
23280.000 1970 COM2 65 0R0 213 4.7 22.0 85.2 1.0070 0.00 0.0M
23340.000 1970 COM2 65 0R0 176 3.7 21.9 85.2 1.0070 0.00 0.0M
23400.100 1970 COM2 65 0R0 138 1.9 21.9 85.7 1.0069 0.00 0.0M
23460.000 1970 COM2 65 0R0 190 5.2 21.9 85.3 1.0070 0.00 0.0M
23520.000 1970 COM2 65 0R0 163 5.6 21.9 85.9 1.0069 0.00 0.0M
23580.000 1970 COM2 65 0R0 184 3.5 21.9 85.8 1.0069 0.00 0.0M
23640.000 1970 COM2 65 0R0 147 3.0 21.9 86.0 1.0069 0.00 0.0M
23700.000 1970 COM2 65 0R0 231 2.6 21.9 85.9 1.0069 0.00 0.0M
23760.000 1970 COM2 65 0R0 201 2.7 21.9 85.8 1.0069 0.00 0.0M
23820.000 1970 COM2 65 0R0 179 4.1 21.9 85.6 1.0069 0.00 0.0M
23880.000 1970 COM2 65 0R0 180 4.9 21.9 86.0 1.0069 0.00 0.0M
23940.000 1970 COM2 65 0R0 189 2.7 21.9 86.1 1.0068 0.00 0.0M
24000.000 1970 COM2 65 0R0 150 3.8 21.9 86.1 1.0069 0.00 0.0M
24060.000 1970 COM2 65 0R0 182 3.9 21.9 86.1 1.0068 0.00 0.0M
24120.000 1970 COM2 65 0R0 121 2.4 21.9 86.1 1.0068 0.00 0.0M
24180.000 1970 COM2 65 0R0 149 3.4 21.9 85.7 1.0067 0.00 0.0M
24240.000 1970 COM2 65 0R0 166 6.4 21.9 85.9 1.0068 0.00 0.0M
24300.000 1970 COM2 65 0R0 137 2.7 21.9 85.9 1.0067 0.00 0.0M
24360.000 1970 COM2 65 0R0 166 2.8 21.9 86.0 1.0067 0.00 0.0M
24420.000 1970 COM2 65 0R0 155 3.7 21.9 86.0 1.0068 0.00 0.0M
24480.000 1970 COM2 65 0R0 163 4.3 21.9 86.0 1.0068 0.00 0.0M
24540.000 1970 COM2 65 0R0 172 3.3 21.9 86.0 1.0067 0.00 0.0M
24600.000 1970 COM2 65 0R0 125 1.4 22.0 86.1 1.0068 0.00 0.0M
24660.000 1970 COM2 65 0R0 179 4.1 22.0 85.7 1.0068 0.00 0.0M
24720.000 1970 COM2 65 0R0 163 4.0 22.0 86.2 1.0068 0.00 0.0M
24780.000 1970 COM2 65 0R0 177 4.4 22.0 86.4 1.0067 0.00 0.0M
24840.100 1970 COM2 65 0R0 132 2.0 22.0 86.3 1.0067 0.00 0.0M
24900.000 1970 COM2 65 0R0 160 1.5 22.0 86.2 1.0067 0.00 0.0M
24960.000 1970 COM2 65 0R0 196 3.6 22.0 86.2 1.0067 0.00 0.0M
25020.000 1970 COM2 65 0R0 151 2.7 22.0 86.2 1.0067 0.00 0.0M
25080.000 1970 COM2 65 0R0 170 5.6 22.0 86.2 1.0067 0.00 0.0M
25140.100 1970 COM2 65 0R0 173 5.9 22.0 86.0 1.0067 0.00 0.0M
25200.000 1970 COM2 65 0R0 156 3.6 22.0 85.8 1.0067 0.00 0.0M
25260.000 1970 COM2 65 0R0 168 3.6 22.0 86.3 1.0068 0.00 0.0M
25320.000 1970 COM2 65 0R0 197 2.3 22.0 86.4 1.0067 0.00 0.0M
25380.000 1970 COM2 65 0R0 160 2.5 22.0 86.3 1.0067 0.00 0.0M
25440.000 1970 COM2 65 0R0 150 2.9 22.0 86.2 1.0067 0.00 0.0M
25500.000 1970 COM2 65 0R0 167 6.6 22.0 86.1 1.0066 0.00 0.0M
25560.000 1970 COM2 65 0R0 163 4.1 22.0 86.6 1.0066 0.00 0.0M
25620.000 1970 COM2 65 0R0 154 3.6 22.0 86.6 1.0066 0.00 0.0M
25680.000 1970 COM2 65 0R0 168 4.4 22.0 86.2 1.0066 0.00 0.0M
25740.000 1970 COM2 65 0R0 165 4.6 22.1 86.1 1.0066 0.00 0.0M
25800.000 1970 COM2 65 0R0 167 2.5 22.1 86.1 1.0066 0.00 0.0M
25860.000 1970 COM2 65 0R0 142 4.4 22.0 86.1 1.0065 0.00 0.0M
25920.000 1970 COM2 65 0R0 133 2.5 22.0 86.1 1.0065 0.00 0.0M
25980.000 1970 COM2 65 0R0 143 2.1 22.0 86.3 1.0065 0.00 0.0M
26040.000 1970 COM2 65 0R0 130 2.4 22.0 86.8 1.0066 0.00 0.0M
26100.000 1970 COM2 65 0R0 167 3.6 22.0 86.7 1.0066 0.00 0.0M
26160.000 1970 COM2 65 0R0 196 3.3 22.0 86.6 1.0066 0.00 0.0M
26220.100 1970 COM2 65 0R0 159 4.0 22.0 86.7 1.0066 0.00 0.0M
26280.000 1970 COM2 65 0R0 184 2.2 22.0 86.9 1.0066 0.00 0.0M
26340.000 1970 COM2 65 0R0 119 1.4 22.0 86.9 1.0066 0.00 0.0M
26400.000 1970 COM2 65 0R0 138 0.6 22.0 86.9 1.0066 0.00 0.0M
26460.000 1970 COM2 65 0R0 130 2.3 22.0 86.8 1.0066 0.00 0.0M
26520.000 1970 COM2 65 0R0 160 4.2 22.0 86.6 1.0066 0.00 0.0M
26580.000 1970 COM2 65 0R0 168 3.7 22.0 86.9 1.0066 0.00 0.0M
26640.000 1970 COM2 65 0R0 171 2.9 22.0 86.9 1.0066 0.00 0.0M
26700.000 1970 COM2 65 0R0 153 2.1 22.1 86.8 1.0066 0.00 0.0M
26760.000 1970 COM2 65 0R0 231 3.2 22.1 86.5 1.0066 0.00 0.0M
26820.000 1970 COM2 65 0R0 189 2.8 22.1 86.8 1.0065 0.00 0.0M
26880.000 1970 COM2 65 0R0 148 2.9 22.1 86.6 1.0065 0.00 0.0M
26940.000 1970 COM2 65 0R0 160 1.5 22.1 86.6 1.0065 0.00 0.0M
27000.000 1970 COM2 65 0R0 173 5.1 22.1 86.0 1.0065 0.00 0.0M
27060.000 1970 COM2 65 0R0 132 2.4 22.1 86.2 1.0065 0.00 0.0M
27120.000 1970 COM2 65 0R0 201 3.9 22.1 86.1 1.0065 0.00 0.0M
27180.000 1970 COM2 65 0R0 177 3.5 22.2 86.5 1.0065 0.00 0.0M
27240.000 1970 COM2 65 0R0 122 2.1 22.2 86.3 1.0065 0.00 0.0M
27300.000 1970 COM2 65 0R0 174 3.9 22.2 86.4 1.0065 0.00 0.0M
27360.000 1970 COM2 65 0R0 149 3.6 22.2 86.5 1.0065 0.00 0.0M
27420.000 1970 COM2 65 0R0 186 4.8 22.2 86.5 1.0065 0.00 0.0M
27480.000 1970 COM2 65 0R0 187 3.5 22.2 86.2 1.0064 0.00 0.0M
27540.000 1970 COM2 65 0R0 170 1.8 22.2 86.0 1.0064 0.00 0.0M
27600.000 1970 COM2 65 0R0 168 4.0 22.2 86.1 1.0064 0.00 0.0M
27660.000 1970 COM2 65 0R0 175 3.9 22.2 86.0 1.0064 0.00 0.0M
27720.000 1970 COM2 65 0R0 179 5.4 22.2 86.4 1.0063 0.00 0.0M
27780.000 1970 COM2 65 0R0 156 4.4 22.2 86.2 1.0063 0.00 0.0M
27840.000 1970 COM2 65 0R0 156 4.4 22.2 86.0 1.0063 0.00 0.0M
27900.100 1970 COM2 65 0R0 170 4.1 22.2 86.0 1.0062 0.00 0.0M
27960.000 1970 COM2 65 0R0 153 1.5 22.3 85.8 1.0062 0.00 0.0M
28020.000 1970 COM2 65 0R0 192 3.4 22.2 85.5 1.0062 0.00 0.0M
28080.000 1970 COM2 65 0R0 187 4.4 22.3 85.9 1.0062 0.00 0.0M
28140.000 1970 COM2 65 0R0 183 4.0 22.3 85.9 1.0062 0.00 0.0M
28200.000 1970 COM2 65 0R0 128 1.4 22.3 86.0 1.0062 0.00 0.0M
28260.000 1970 COM2 65 0R0 206 5.5 22.3 85.6 1.0062 0.00 0.0M
28320.000 1970 COM2 65 0R0 160 5.9 22.3 85.6 1.0062 0.00 0.0M
28380.000 1970 COM2 65 0R0 156 2.9 22.3 85.6 1.0060 0.00 0.0M
28440.000 1970 COM2 65 0R0 170 2.5 22.3 85.7 1.0061 0.00 0.0M
28500.000 1970 COM2 65 0R0 157 1.5 22.3 85.5 1.0061 0.00 0.0M
28560.000 1970 COM2 65 0R0 199 4.8 22.3 85.3 1.0061 0.00 0.0M
28620.000 1970 COM2 65 0R0 137 2.3 22.3 85.5 1.0060 0.00 0.0M
28680.000 1970 COM2 65 0R0 104 2.8 22.3 85.3 1.0060 0.00 0.0M
28740.100 1970 COM2 65 0R0 177 5.6 22.3 85.5 1.0060 0.00 0.0M
28800.000 1970 COM2 65 0R0 144 3.2 22.3 85.4 1.0060 0.00 0.0M
28860.000 1970 COM2 65 0R0 179 3.6 22.3 85.4 1.0060 0.00 0.0M
28920.000 1970 COM2 65 0R0 223 1.1 22.3 85.5 1.0060 0.00 0.0M
28980.000 1970 COM2 65 0R0 106 1.8 22.3 85.4 1.0060 0.00 0.0M
29040.000 1970 COM2 65 0R0 150 4.1 22.3 85.3 1.0060 0.00 0.0M
29100.000 1970 COM2 65 0R0 202 4.3 22.3 85.4 1.0060 0.00 0.0M
29160.000 1970 COM2 65 0R0 123 2.7 22.3 85.4 1.0060 0.00 0.0M
29220.000 1970 COM2 65 0R0 180 4.3 22.3 85.3 1.0060 0.00 0.0M
29280.000 1970 COM2 65 0R0 160 3.3 22.3 85.5 1.0059 0.00 0.0M
29340.000 1970 COM2 65 0R0 200 3.6 22.3 85.9 1.0060 0.00 0.0M
29400.000 1970 COM2 65 0R0 090 1.2 22.3 85.5 1.0059 0.00 0.0M
29460.000 1970 COM2 65 0R0 187 3.0 22.3 85.3 1.0060 0.00 0.0M
29520.000 1970 COM2 65 0R0 165 3.6 22.3 85.4 1.0060 0.00 0.0M
29580.000 1970 COM2 65 0R0 145 1.7 22.3 85.3 1.0060 0.00 0.0M
29640.000 1970 COM2 65 0R0 152 3.1 22.3 85.4 1.0059 0.00 0.0M
29700.000 1970 COM2 65 0R0 131 2.5 22.3 85.4 1.0059 0.00 0.0M
29760.000 1970 COM2 65 0R0 138 3.1 22.3 85.2 1.0060 0.00 0.0M
29820.000 1970 COM2 65 0R0 121 2.2 22.3 85.1 1.0060 0.00 0.0M
29880.000 1970 COM2 65 0R0 202 3.3 22.3 85.2 1.0059 0.00 0.0M
29940.000 1970 COM2 65 0R0 109 3.4 22.3 85.1 1.0059 0.00 0.0M
30000.000 1970 COM2 65 0R0 195 5.0 22.3 85.1 1.0059 0.00 0.0M
30060.000 1970 COM2 65 0R0 141 2.4 22.3 85.3 1.0059 0.00 0.0M
30120.000 1970 COM2 65 0R0 155 2.8 22.3 85.5 1.0059 0.00 0.0M
30180.000 1970 COM2 65 0R0 228 3.6 22.3 85.2 1.0059 0.00 0.0M
30240.000 1970 COM2 65 0R0 180 5.3 22.3 85.3 1.0059 0.00 0.0M
30300.000 1970 COM2 65 0R0 170 3.5 22.3 85.3 1.0059 0.00 0.0M
30360.000 1970 COM2 65 0R0 164 1.9 22.3 85.3 1.0059 0.00 0.0M
30420.000 1970 COM2 65 0R0 162 3.5 22.3 85.1 1.0059 0.00 0.0M
30480.000 1970 COM2 65 0R0 084 2.1 22.3 85.1 1.0059 0.00 0.0M
30540.000 1970 COM2 65 0R0 147 2.1 22.3 85.3 1.0059 0.00 0.0M
30600.000 1970 COM2 65 0R0 143 2.6 22.3 85.2 1.0058 0.00 0.0M
30660.000 1970 COM2 65 0R0 158 5.0 22.3 85.5 1.0058 0.00 0.0M
30720.000 1970 COM2 65 0R0 214 5.0 22.3 85.5 1.0058 0.00 0.0M
30780.000 1970 COM2 65 0R0 172 6.0 22.3 85.5 1.0058 0.00 0.0M
30840.000 1970 COM2 65 0R0 176 6.3 22.3 85.5 1.0057 0.00 0.0M
30900.000 1970 COM2 65 0R0 167 3.0 22.3 85.8 1.0057 0.00 0.0M
30960.000 1970 COM2 65 0R0 195 3.9 22.3 85.4 1.0058 0.00 0.0M
31020.000 1970 COM2 65 0R0 190 2.2 22.4 85.4 1.0058 0.00 0.0M
31080.000 1970 COM2 65 0R0 151 2.9 22.4 85.2 1.0058 0.00 0.0M
31140.000 1970 COM2 65 0R0 121 2.1 22.4 85.3 1.0058 0.00 0.0M
31200.000 1970 COM2 65 0R0 189 5.9 22.4 85.3 1.0058 0.00 0.0M
31260.000 1970 COM2 65 0R0 145 3.5 22.4 85.7 1.0057 0.00 0.0M
31320.000 1970 COM2 65 0R0 119 1.8 22.4 85.4 1.0057 0.00 0.0M
31380.000 1970 COM2 65 0R0 180 3.1 22.4 85.2 1.0057 0.00 0.0M
31440.000 1970 COM2 65 0R0 141 3.5 22.4 85.4 1.0057 0.00 0.0M
31500.000 1970 COM2 65 0R0 194 5.0 22.4 85.5 1.0056 0.00 0.0M
31560.000 1970 COM2 65 0R0 120 0.8 22.4 85.6 1.0057 0.00 0.0M
31620.000 1970 COM2 65 0R0 149 2.6 22.4 84.9 1.0057 0.00 0.0M
31680.000 1970 COM2 65 0R0 191 5.1 22.4 85.2 1.0058 0.00 0.0M
31740.000 1970 COM2 65 0R0 171 4.0 22.4 85.3 1.0058 0.00 0.0M
31800.000 1970 COM2 65 0R0 161 6.2 22.4 85.2 1.0058 0.00 0.0M
31860.000 1970 COM2 65 0R0 126 4.8 22.5 85.6 1.0058 0.00 0.0M
31920.000 1970 COM2 65 0R0 128 2.1 22.5 85.3 1.0057 0.00 0.0M
31980.000 1970 COM2 65 0R0 186 3.9 22.5 84.7 1.0058 0.00 0.0M
32040.000 1970 COM2 65 0R0 188 6.2 22.5 85.2 1.0058 0.00 0.0M
32100.000 1970 COM2 65 0R0 120 3.6 22.5 84.9 1.0058 0.00 0.0M
32160.000 1970 COM2 65 0R0 171 6.1 22.5 84.7 1.0058 0.00 0.0M
32220.000 1970 COM2 65 0R0 135 2.4 22.5 84.9 1.0057 0.00 0.0M
32280.000 1970 COM2 65 0R0 163 5.0 22.5 84.7 1.0058 0.00 0.0M
32340.000 1970 COM2 65 0R0 155 2.4 22.5 84.7 1.0058 0.00 0.0M
32400.000 1970 COM2 65 0R0 109 2.0 22.5 84.7 1.0058 0.00 0.0M
32460.000 1970 COM2 65 0R0 158 5.0 22.5 84.7 1.0058 0.00 0.0M
32520.000 1970 COM2 65 0R0 184 4.2 22.5 85.1 1.0058 0.00 0.0M
32580.000 1970 COM2 65 0R0 176 4.3 22.5 85.1 1.0058 0.00 0.0M
32640.000 1970 COM2 65 0R0 188 5.6 22.6 84.7 1.0057 0.00 0.0M
32700.000 1970 COM2 65 0R0 169 3.7 22.5 84.7 1.0057 0.00 0.0M
32760.000 1970 COM2 65 0R0 135 3.5 22.6 84.8 1.0057 0.00 0.0M
32820.000 1970 COM2 65 0R0 155 2.3 22.5 84.7 1.0057 0.00 0.0M
32880.000 1970 COM2 65 0R0 134 2.7 22.5 84.5 1.0057 0.00 0.0M
32940.000 1970 COM2 65 0R0 136 4.4 22.5 84.3 1.0057 0.00 0.0M
33000.000 1970 COM2 65 0R0 163 5.6 22.5 84.5 1.0057 0.00 0.0M
33060.100 1970 COM2 65 0R0 151 1.8 22.5 84.6 1.0056 0.00 0.0M
33120.000 1970 COM2 65 0R0 198 2.9 22.6 84.4 1.0057 0.00 0.0M
33180.000 1970 COM2 65 0R0 166 2.9 22.5 84.6 1.0057 0.00 0.0M
33240.000 1970 COM2 65 0R0 179 4.1 22.5 84.3 1.0056 0.00 0.0M
33300.000 1970 COM2 65 0R0 157 3.2 22.5 84.5 1.0056 0.00 0.0M
33360.000 1970 COM2 65 0R0 159 3.6 22.6 84.5 1.0057 0.00 0.0M
33420.000 1970 COM2 65 0R0 182 4.7 22.6 84.4 1.0056 0.00 0.0M
33480.000 1970 COM2 65 0R0 182 3.8 22.6 84.4 1.0056 0.00 0.0M
33540.000 1970 COM2 65 0R0 144 3.8 22.6 84.5 1.0056 0.00 0.0M
33600.000 1970 COM2 65 0R0 164 4.9 22.6 84.4 1.0056 0.00 0.0M
33660.000 1970 COM2 65 0R0 157 6.2 22.6 84.3 1.0055 0.00 0.0M
33720.000 1970 COM2 65 0R0 165 2.7 22.6 84.1 1.0055 0.00 0.0M
33780.000 1970 COM2 65 0R0 140 3.7 22.6 84.2 1.0055 0.00 0.0M
33840.000 1970 COM2 65 0R0 173 5.0 22.6 84.0 1.0055 0.00 0.0M
33900.000 1970 COM2 65 0R0 198 7.1 22.7 83.9 1.0055 0.00 0.0M
33960.000 1970 COM2 65 0R0 172 6.1 22.7 83.9 1.0055 0.00 0.0M
34020.000 1970 COM2 65 0R0 158 3.4 22.7 84.0 1.0055 0.00 0.0M
34080.000 1970 COM2 65 0R0 203 3.4 22.7 84.3 1.0056 0.00 0.0M
34140.000 1970 COM2 65 0R0 149 3.1 22.8 84.1 1.0056 0.00 0.0M
34200.000 1970 COM2 65 0R0 170 7.5 22.8 83.6 1.0056 0.00 0.0M
34260.000 1970 COM2 65 0R0 163 4.5 22.8 83.9 1.0055 0.00 0.0M
34320.000 1970 COM2 65 0R0 150 4.9 22.8 83.4 1.0055 0.00 0.0M
34380.000 1970 COM2 65 0R0 195 5.5 22.8 83.6 1.0055 0.00 0.0M
34440.000 1970 COM2 65 0R0 143 3.9 22.8 83.6 1.0055 0.00 0.0M
34500.000 1970 COM2 65 0R0 128 2.0 22.8 83.5 1.0055 0.00 0.0M
34560.000 1970 COM2 65 0R0 153 2.7 22.8 83.1 1.0055 0.00 0.0M
34620.000 1970 COM2 65 0R0 179 5.2 22.8 83.2 1.0055 0.00 0.0M
34680.000 1970 COM2 65 0R0 162 5.3 22.8 83.4 1.0055 0.00 0.0M
34740.000 1970 COM2 65 0R0 175 3.5 22.8 83.6 1.0055 0.00 0.0M
34800.000 1970 COM2 65 0R0 115 3.0 22.8 83.8 1.0055 0.00 0.0M
34860.000 1970 COM2 65 0R0 077 2.0 22.8 83.1 1.0055 0.00 0.0M
34920.000 1970 COM2 65 0R0 111 4.0 22.8 83.0 1.0054 0.00 0.0M
34980.000 1970 COM2 65 0R0 167 4.2 22.8 83.1 1.0054 0.00 0.0M
35040.000 1970 COM2 65 0R0 176 3.1 22.9 83.1 1.0054 0.00 0.0M
35100.000 1970 COM2 65 0R0 153 3.9 22.9 83.0 1.0054 0.00 0.0M
35160.000 1970 COM2 65 0R0 207 4.3 22.9 82.8 1.0053 0.00 0.0M
35220.000 1970 COM2 65 0R0 142 1.6 22.9 82.6 1.0053 0.00 0.0M
35280.000 1970 COM2 65 0R0 166 5.6 22.9 82.5 1.0052 0.00 0.0M
35340.000 1970 COM2 65 0R0 191 4.9 22.9 82.7 1.0052 0.00 0.0M
35400.000 1970 COM2 65 0R0 183 8.9 22.9 82.9 1.0052 0.00 0.0M
35460.000 1970 COM2 65 0R0 153 5.4 22.9 82.9 1.0051 0.00 0.0M
35520.000 1970 COM2 65 0R0 166 7.5 22.9 83.3 1.0052 0.00 0.0M
35580.000 1970 COM2 65 0R0 156 6.2 23.0 82.3 1.0052 0.00 0.0M
35640.000 1970 COM2 65 0R0 174 7.3 23.0 82.2 1.0052 0.00 0.0M
35700.000 1970 COM2 65 0R0 173 4.0 23.0 82.3 1.0052 0.00 0.0M
35760.000 1970 COM2 65 0R0 154 3.3 23.0 82.2 1.0052 0.00 0.0M
35820.000 1970 COM2 65 0R0 107 1.5 23.0 82.2 1.0052 0.00 0.0M
35880.000 1970 COM2 65 0R0 143 2.7 23.0 82.0 1.0052 0.00 0.0M
35940.000 1970 COM2 65 0R0 170 7.8 23.0 82.0 1.0052 0.00 0.0M
36000.000 1970 COM2 65 0R0 185 4.2 23.0 82.3 1.0052 0.00 0.0M
36060.000 1970 COM2 65 0R0 146 3.0 23.0 82.1 1.0052 0.00 0.0M
36120.000 1970 COM2 65 0R0 148 4.2 23.0 82.1 1.0052 0.00 0.0M
36180.000 1970 COM2 65 0R0 183 7.1 23.0 82.3 1.0052 0.00 0.0M
36240.000 1970 COM2 65 0R0 186 4.7 23.0 82.2 1.0052 0.00 0.0M
36300.000 1970 COM2 65 0R0 160 5.7 23.1 82.1 1.0052 0.00 0.0M
36360.000 1970 COM2 65 0R0 174 4.3 23.1 81.8 1.0052 0.00 0.0M
36420.000 1970 COM2 65 0R0 153 5.0 23.1 82.4 1.0052 0.00 0.0M
36480.000 1970 COM2 65 0R0 168 6.8 23.1 81.7 1.0052 0.00 0.0M
36540.000 1970 COM2 65 0R0 138 1.5 23.1 81.9 1.0051 0.00 0.0M
36600.000 1970 COM2 65 0R0 173 8.0 23.1 81.5 1.0052 0.00 0.0M
36660.000 1970 COM2 65 0R0 180 7.3 23.1 81.5 1.0052 0.00 0.0M
36720.000 1970 COM2 65 0R0 229 2.0 23.1 81.6 1.0052 0.00 0.0M
36780.000 1970 COM2 65 0R0 169 5.1 23.1 82.0 1.0052 0.00 0.0M
36840.000 1970 COM2 65 0R0 172 6.0 23.1 81.9 1.0053 0.00 0.0M
36900.000 1970 COM2 65 0R0 175 7.4 23.1 82.1 1.0051 0.00 0.0M
36960.000 1970 COM2 65 0R0 193 5.8 23.1 81.8 1.0052 0.00 0.0M
37020.000 1970 COM2 65 0R0 125 4.0 23.1 81.6 1.0051 0.00 0.0M
37080.000 1970 COM2 65 0R0 180 5.5 23.1 81.3 1.0051 0.00 0.0M
37140.000 1970 COM2 65 0R0 147 5.6 23.1 81.5 1.0052 0.00 0.0M
37200.000 1970 COM2 65 0R0 190 5.8 23.1 81.6 1.0052 0.00 0.0M
37260.000 1970 COM2 65 0R0 177 6.5 23.1 82.0 1.0052 0.00 0.0M
37320.000 1970 COM2 65 0R0 117 2.4 23.1 82.0 1.0052 0.00 0.0M
37380.000 1970 COM2 65 0R0 177 5.9 23.1 81.7 1.0052 0.00 0.0M
37440.000 1970 COM2 65 0R0 189 4.7 23.1 81.9 1.0052 0.00 0.0M
37500.000 1970 COM2 65 0R0 177 3.8 23.1 81.7 1.0051 0.00 0.0M
37560.000 1970 COM2 65 0R0 166 6.9 23.1 81.8 1.0052 0.00 0.0M
37620.000 1970 COM2 65 0R0 190 6.1 23.1 81.6 1.0051 0.00 0.0M
37680.000 1970 COM2 65 0R0 187 4.8 23.1 81.7 1.0051 0.00 0.0M
37740.000 1970 COM2 65 0R0 174 8.0 23.1 82.1 1.0052 0.00 0.0M
37800.000 1970 COM2 65 0R0 171 2.1 23.1 81.6 1.0052 0.00 0.0M
37860.000 1970 COM2 65 0R0 115 3.5 23.1 81.6 1.0051 0.00 0.0M
37920.000 1970 COM2 65 0R0 162 5.2 23.1 81.5 1.0051 0.01 0.0M
37980.000 1970 COM2 65 0R0 188 6.5 23.1 81.9 1.0051 0.00 0.0M
38040.000 1970 COM2 65 0R0 136 2.9 23.0 82.0 1.0050 0.00 0.0M
38100.000 1970 COM2 65 0R0 111 3.5 23.0 82.4 1.0051 0.00 0.0M
38160.000 1970 COM2 65 0R0 167 4.2 23.0 83.1 1.0051 0.01 0.0M
38220.000 1970 COM2 65 0R0 156 4.5 23.0 83.4 1.0051 0.00 0.0M
38280.000 1970 COM2 65 0R0 171 7.5 22.9 83.0 1.0050 0.00 0.0M
38340.000 1970 COM2 65 0R0 212 3.9 22.9 83.7 1.0051 0.00 0.0M
38400.000 1970 COM2 65 0R0 151 2.0 22.9 83.6 1.0051 0.00 0.0M
38460.000 1970 COM2 65 0R0 167 5.8 22.9 83.6 1.0051 0.00 0.0M
38520.000 1970 COM2 65 0R0 156 3.6 23.0 83.6 1.0051 0.00 0.0M
38580.000 1970 COM2 65 0R0 189 3.6 23.0 83.2 1.0051 0.00 0.0M
38640.000 1970 COM2 65 0R0 129 2.7 22.9 83.3 1.0051 0.00 0.0M
38700.000 1970 COM2 65 0R0 110 3.6 22.9 83.2 1.0052 0.00 0.0M
38760.000 1970 COM2 65 0R0 167 5.3 22.9 83.3 1.0051 0.00 0.0M
38820.000 1970 COM2 65 0R0 165 4.9 22.9 83.4 1.0051 0.00 0.0M
38880.000 1970 COM2 65 0R0 182 5.4 22.9 83.1 1.0052 0.00 0.0M
38940.000 1970 COM2 65 0R0 221 3.1 22.9 83.5 1.0051 0.00 0.0M
39000.000 1970 COM2 65 0R0 169 8.3 22.9 83.7 1.0051 0.00 0.0M
39060.000 1970 COM2 65 0R0 163 0.8 22.9 82.9 1.0050 0.00 0.0M
39120.000 1970 COM2 65 0R0 209 4.2 22.9 83.0 1.0051 0.00 0.0M
39180.000 1970 COM2 65 0R0 082 2.3 22.9 83.7 1.0051 0.00 0.0M
39240.000 1970 COM2 65 0R0 193 3.9 22.9 83.5 1.0052 0.00 0.0M
39300.000 1970 COM2 65 0R0 220 3.0 22.9 83.5 1.0051 0.01 0.0M
39360.000 1970 COM2 65 0R0 204 6.2 22.8 84.1 1.0051 0.00 0.0M
39420.100 1970 COM2 65 0R0 125 2.2 22.8 84.3 1.0050 0.00 0.0M
39480.000 1970 COM2 65 0R0 174 5.3 22.8 84.3 1.0050 0.00 0.0M
39540.100 1970 COM2 65 0R0 194 6.1 22.8 84.1 1.0051 0.00 0.0M
39600.000 1970 COM2 65 0R0 182 2.4 22.8 84.6 1.0050 0.00 0.0M
39660.100 1970 COM2 65 0R0 184 7.5 22.8 84.7 1.0050 0.00 0.0M
39720.100 1970 COM2 65 0R0 161 6.4 22.8 84.4 1.0050 0.00 0.0M
39780.000 1970 COM2 65 0R0 195 3.3 22.8 84.2 1.0049 0.01 0.0M
39840.100 1970 COM2 65 0R0 117 1.8 22.8 84.8 1.0050 0.01 0.0M
39900.100 1970 COM2 65 0R0 145 3.9 22.7 84.7 1.0050 0.02 0.0M
39960.100 1970 COM2 65 0R0 166 5.8 22.7 85.4 1.0050 0.01 0.0M
40020.100 1970 COM2 65 0R0 174 6.4 22.6 86.0 1.0050 0.02 0.0M
40080.100 1970 COM2 65 0R0 171 5.8 22.6 86.0 1.0048 0.00 0.0M
40140.100 1970 COM2 65 0R0 178 4.4 22.6 85.9 1.0050 0.00 0.0M
40200.100 1970 COM2 65 0R0 185 5.3 22.5 86.9 1.0050 0.00 0.0M
40260.100 1970 COM2 65 0R0 169 8.2 22.5 86.9 1.0049 0.01 0.0M
40320.000 1970 COM2 65 0R0 171 7.7 22.5 86.9 1.0049 0.01 0.0M
40380.100 1970 COM2 65 0R0 165 5.0 22.5 86.8 1.0049 0.00 0.0M
40440.000 1970 COM2 65 0R0 094 2.5 22.5 87.0 1.0049 0.00 0.0M
40500.000 1970 COM2 65 0R0 197 4.3 22.5 87.2 1.0050 0.00 0.0M
40560.000 1970 COM2 65 0R0 159 3.4 22.4 87.4 1.0050 0.00 0.0M
40620.000 1970 COM2 65 0R0 163 2.9 22.4 87.8 1.0050 0.03 0.0M
40680.000 1970 COM2 65 0R0 175 3.5 22.4 87.7 1.0050 0.09 0.0M
40740.000 1970 COM2 65 0R0 167 2.9 22.3 88.2 1.0050 0.00 0.0M
40800.000 1970 COM2 65 0R0 139 3.7 22.3 88.7 1.0050 0.00 0.0M
40860.000 1970 COM2 65 0R0 147 3.5 22.2 88.7 1.0050 0.00 0.0M
40920.000 1970 COM2 65 0R0 177 4.8 22.2 89.1 1.0050 0.00 0.0M
40980.000 1970 COM2 65 0R0 205 3.4 22.3 89.2 1.0050 0.00 0.0M
41040.000 1970 COM2 65 0R0 168 3.4 22.3 89.1 1.0050 0.00 0.0M
41100.000 1970 COM2 65 0R0 203 4.1 22.3 89.0 1.0050 0.00 0.0M
41160.000 1970 COM2 65 0R0 157 3.9 22.3 89.2 1.0050 0.00 0.0M
41220.000 1970 COM2 65 0R0 121 1.8 22.2 89.3 1.0050 0.00 0.0M
41280.000 1970 COM2 65 0R0 164 5.8 22.2 89.2 1.0051 0.00 0.0M
41340.000 1970 COM2 65 0R0 203 4.1 22.2 89.3 1.0050 0.00 0.0M
41400.000 1970 COM2 65 0R0 176 4.9 22.2 89.5 1.0050 0.00 0.0M
41460.000 1970 COM2 65 0R0 193 4.5 22.3 89.4 1.0051 0.00 0.0M
41520.000 1970 COM2 65 0R0 193 3.5 22.3 89.4 1.0050 0.01 0.0M
41580.000 1970 COM2 65 0R0 201 5.4 22.3 89.6 1.0051 0.03 0.0M
41640.000 1970 COM2 65 0R0 119 2.6 22.3 89.3 1.0051 0.02 0.0M
41700.000 1970 COM2 65 0R0 239 7.6 22.2 89.5 1.0051 0.03 0.0M
41760.000 1970 COM2 65 0R0 139 1.8 22.2 89.7 1.0051 0.07 0.0M
41820.000 1970 COM2 65 0R0 169 0.9 22.1 90.1 1.0051 0.00 0.0M
41880.000 1970 COM2 65 0R0 153 6.0 22.1 90.2 1.0051 0.00 0.0M
41940.000 1970 COM2 65 0R0 182 6.0 22.1 90.1 1.0050 0.00 0.0M
42000.000 1970 COM2 65 0R0 182 3.3 22.1 90.3 1.0051 0.00 0.0M
42060.000 1970 COM2 65 0R0 185 5.3 22.0 90.5 1.0051 0.00 0.0M
42120.000 1970 COM2 65 0R0 160 5.6 22.0 90.5 1.0051 0.00 0.0M
42180.000 1970 COM2 65 0R0 178 3.1 22.0 90.6 1.0050 0.00 0.0M
42240.000 1970 COM2 65 0R0 164 5.0 22.0 90.7 1.0051 0.00 0.0M
42300.000 1970 COM2 65 0R0 174 5.5 22.0 90.4 1.0050 0.00 0.0M
42360.000 1970 COM2 65 0R0 198 6.2 22.0 90.4 1.0050 0.00 0.0M
42420.000 1970 COM2 65 0R0 100 1.3 22.0 90.4 1.0050 0.01 0.0M
42480.000 1970 COM2 65 0R0 190 6.2 22.0 90.5 1.0050 0.00 0.0M
42540.000 1970 COM2 65 0R0 134 1.8 22.0 90.4 1.0050 0.00 0.0M
42600.000 1970 COM2 65 0R0 179 4.1 22.0 90.5 1.0050 0.00 0.0M
42660.000 1970 COM2 65 0R0 176 2.8 22.0 90.4 1.0050 0.00 0.0M
42720.000 1970 COM2 65 0R0 184 3.8 22.0 90.5 1.0050 0.00 0.0M
42780.000 1970 COM2 65 0R0 140 5.1 22.0 90.4 1.0050 0.00 0.0M
42840.000 1970 COM2 65 0R0 119 1.4 22.0 90.3 1.0049 0.00 0.0M
42900.000 1970 COM2 65 0R0 146 2.3 22.0 90.3 1.0050 0.00 0.0M
42960.000 1970 COM2 65 0R0 171 6.0 22.0 90.4 1.0050 0.00 0.0M
43020.000 1970 COM2 65 0R0 151 4.5 22.0 90.5 1.0049 0.00 0.0M
43080.000 1970 COM2 65 0R0 170 6.1 22.0 90.3 1.0049 0.00 0.0M
43140.000 1970 COM2 65 0R0 189 5.4 22.0 90.6 1.0050 0.00 0.0M
43200.000 1970 COM2 65 0R0 157 6.9 22.0 90.6 1.0050 0.00 0.0M
43260.000 1970 COM2 65 0R0 138 4.6 22.1 90.5 1.0049 0.00 0.0M
43320.000 1970 COM2 65 0R0 180 4.6 22.1 90.5 1.0049 0.01 0.0M
43380.000 1970 COM2 65 0R0 197 5.1 22.1 90.6 1.0050 0.00 0.0M
43440.000 1970 COM2 65 0R0 186 5.4 22.1 90.6 1.0050 0.00 0.0M
43500.000 1970 COM2 65 0R0 140 3.5 22.1 90.6 1.0049 0.00 0.0M
43560.000 1970 COM2 65 0R0 168 7.1 22.1 90.5 1.0050 0.00 0.0M
43620.000 1970 COM2 65 0R0 160 5.2 22.1 90.6 1.0049 0.01 0.0M
43680.000 1970 COM2 65 0R0 128 2.3 22.1 90.8 1.0050 0.03 0.0M
43740.000 1970 COM2 65 0R0 164 5.1 22.1 91.1 1.0051 0.16 0.0M
43800.000 1970 COM2 65 0R0 183 3.7 22.1 91.0 1.0051 0.28 0.0M
43860.000 1970 COM2 65 0R0 161 5.5 22.1 91.4 1.0051 0.23 0.0M
43920.000 1970 COM2 65 0R0 163 3.7 22.0 91.4 1.0050 0.25 0.0M
43980.000 1970 COM2 65 0R0 109 3.1 22.0 91.5 1.0051 0.34 0.0M
44040.000 1970 COM2 65 0R0 105 2.3 22.0 91.8 1.0051 0.30 0.0M
44100.000 1970 COM2 65 0R0 129 2.3 21.9 92.0 1.0050 0.30 0.0M
44160.000 1970 COM2 65 0R0 178 7.0 21.9 92.1 1.0050 0.19 0.0M
44220.000 1970 COM2 65 0R0 140 4.2 21.9 92.2 1.0050 0.07 0.0M
44280.000 1970 COM2 65 0R0 149 2.8 21.8 92.3 1.0050 0.01 0.0M
44340.000 1970 COM2 65 0R0 158 5.6 21.8 92.5 1.0050 0.01 0.0M
44400.000 1970 COM2 65 0R0 156 4.6 21.8 92.6 1.0050 0.01 0.0M
44460.000 1970 COM2 65 0R0 139 4.5 21.8 92.9 1.0050 0.02 0.0M
44520.000 1970 COM2 65 0R0 100 2.5 21.8 92.8 1.0051 0.02 0.0M
44580.000 1970 COM2 65 0R0 174 6.2 21.8 92.8 1.0051 0.02 0.0M
44640.000 1970 COM2 65 0R0 198 3.8 21.8 92.9 1.0050 0.00 0.0M
44700.000 1970 COM2 65 0R0 182 5.9 21.8 92.8 1.0050 0.00 0.0M
44760.000 1970 COM2 65 0R0 164 4.9 21.8 92.8 1.0050 0.00 0.0M
44820.000 1970 COM2 65 0R0 165 5.1 21.8 92.8 1.0049 0.00 0.0M
44880.000 1970 COM2 65 0R0 161 7.1 21.9 93.0 1.0051 0.00 0.0M
44940.000 1970 COM2 65 0R0 144 3.5 21.9 92.9 1.0051 0.00 0.0M
45000.000 1970 COM2 65 0R0 133 3.3 21.9 92.8 1.0051 0.00 0.0M
45060.000 1970 COM2 65 0R0 168 7.2 21.9 92.9 1.0051 0.00 0.0M
45120.000 1970 COM2 65 0R0 145 4.1 21.9 92.9 1.0051 0.00 0.0M
45180.000 1970 COM2 65 0R0 146 3.7 21.9 92.9 1.0051 0.00 0.0M
45240.000 1970 COM2 65 0R0 135 2.6 21.9 92.9 1.0051 0.00 0.0M
45300.000 1970 COM2 65 0R0 179 7.0 21.9 92.8 1.0051 0.00 0.0M
45360.000 1970 COM2 65 0R0 187 5.3 21.9 92.8 1.0051 0.00 0.0M
45420.000 1970 COM2 65 0R0 187 3.2 22.0 93.1 1.0051 0.00 0.0M
45480.000 1970 COM2 65 0R0 198 4.6 22.0 93.1 1.0051 0.00 0.0M
45540.000 1970 COM2 65 0R0 183 3.4 22.0 92.9 1.0052 0.00 0.0M
45600.000 1970 COM2 65 0R0 169 2.3 22.0 92.9 1.0052 0.00 0.0M
45660.000 1970 COM2 65 0R0 136 2.1 22.0 92.8 1.0052 0.00 0.0M
45720.000 1970 COM2 65 0R0 196 6.0 22.0 92.9 1.0052 0.00 0.0M
45780.000 1970 COM2 65 0R0 216 4.0 22.0 93.0 1.0051 0.00 0.0M
45840.000 1970 COM2 65 0R0 225 6.6 22.0 93.2 1.0052 0.00 0.0M
45900.000 1970 COM2 65 0R0 141 3.4 22.0 93.0 1.0051 0.00 0.0M
45960.000 1970 COM2 65 0R0 199 3.5 22.0 92.9 1.0051 0.00 0.0M
46020.000 1970 COM2 65 0R0 174 6.0 22.0 92.8 1.0051 0.00 0.0M
46080.000 1970 COM2 65 0R0 113 1.6 22.0 92.8 1.0052 0.00 0.0M
46140.000 1970 COM2 65 0R0 138 3.6 22.0 92.8 1.0052 0.00 0.0M
46200.000 1970 COM2 65 0R0 170 6.9 22.0 92.9 1.0052 0.00 0.0M
46260.000 1970 COM2 65 0R0 144 4.0 22.0 92.9 1.0051 0.00 0.0M
46320.000 1970 COM2 65 0R0 126 1.7 22.0 92.8 1.0052 0.00 0.0M
46380.000 1970 COM2 65 0R0 200 3.9 22.0 92.8 1.0052 0.00 0.0M
46440.000 1970 COM2 65 0R0 178 7.0 22.0 92.9 1.0052 0.00 0.0M
46500.000 1970 COM2 65 0R0 113 2.4 22.0 92.8 1.0052 0.00 0.0M
46560.000 1970 COM2 65 0R0 166 6.3 22.1 92.8 1.0052 0.00 0.0M
46620.000 1970 COM2 65 0R0 177 4.6 22.1 92.8 1.0051 0.00 0.0M
46680.000 1970 COM2 65 0R0 120 2.2 22.1 92.7 1.0052 0.00 0.0M
46740.000 1970 COM2 65 0R0 179 7.6 22.1 92.6 1.0052 0.00 0.0M
46800.000 1970 COM2 65 0R0 145 2.2 22.1 92.6 1.0051 0.00 0.0M
46860.000 1970 COM2 65 0R0 126 1.4 22.1 92.7 1.0051 0.00 0.0M
46920.000 1970 COM2 65 0R0 155 5.9 22.1 92.7 1.0051 0.00 0.0M
46980.000 1970 COM2 65 0R0 198 5.5 22.1 92.7 1.0051 0.00 0.0M
47040.000 1970 COM2 65 0R0 195 8.3 22.1 92.7 1.0051 0.00 0.0M
47100.000 1970 COM2 65 0R0 133 2.8 22.1 92.6 1.0049 0.00 0.0M
47160.000 1970 COM2 65 0R0 177 4.1 22.1 92.5 1.0051 0.00 0.0M
47220.100 1970 COM2 65 0R0 173 4.2 22.1 92.5 1.0051 0.00 0.0M
47280.000 1970 COM2 65 0R0 116 2.3 22.1 92.7 1.0051 0.00 0.0M
47340.000 1970 COM2 65 0R0 205 6.9 22.1 92.8 1.0052 0.00 0.0M
47400.000 1970 COM2 65 0R0 197 5.0 22.1 92.8 1.0049 0.00 0.0M
47460.000 1970 COM2 65 0R0 218 7.5 22.1 92.9 1.0051 0.00 0.0M
47520.000 1970 COM2 65 0R0 195 3.9 22.1 92.7 1.0050 0.00 0.0M
47580.000 1970 COM2 65 0R0 177 5.4 22.1 92.7 1.0051 0.00 0.0M
47640.000 1970 COM2 65 0R0 227 7.4 22.2 92.8 1.0051 0.00 0.0M
47700.000 1970 COM2 65 0R0 182 8.5 22.2 92.8 1.0050 0.00 0.0M
47760.000 1970 COM2 65 0R0 216 5.5 22.2 92.6 1.0050 0.00 0.0M
47820.000 1970 COM2 65 0R0 205 8.6 22.2 92.6 1.0051 0.00 0.0M
47880.000 1970 COM2 65 0R0 214 3.3 22.2 92.5 1.0051 0.00 0.0M
47940.000 1970 COM2 65 0R0 151 4.2 22.2 92.4 1.0051 0.00 0.0M
48000.000 1970 COM2 65 0R0 217 6.8 22.2 92.5 1.0051 0.00 0.0M
48060.000 1970 COM2 65 0R0 188 4.0 22.2 92.6 1.0051 0.00 0.0M
48120.000 1970 COM2 65 0R0 253 2.2 22.2 92.3 1.0051 0.00 0.0M
48180.000 1970 COM2 65 0R0 199 4.1 22.2 92.3 1.0051 0.00 0.0M
48240.000 1970 COM2 65 0R0 146 4.3 22.2 92.3 1.0051 0.00 0.0M
48300.000 1970 COM2 65 0R0 243 3.3 22.2 92.4 1.0051 0.00 0.0M
48360.000 1970 COM2 65 0R0 198 3.1 22.2 92.3 1.0051 0.00 0.0M
48420.000 1970 COM2 65 0R0 174 5.0 22.2 92.3 1.0051 0.00 0.0M
48480.000 1970 COM2 65 0R0 193 4.2 22.2 92.4 1.0050 0.00 0.0M
48540.000 1970 COM2 65 0R0 216 2.9 22.2 92.3 1.0051 0.00 0.0M
48600.100 1970 COM2 65 0R0 238 4.5 22.2 92.4 1.0050 0.00 0.0M
48660.000 1970 COM2 65 0R0 218 3.5 22.2 92.2 1.0050 0.00 0.0M
48720.100 1970 COM2 65 0R0 227 6.0 22.2 92.4 1.0050 0.00 0.0M
48780.000 1970 COM2 65 0R0 184 3.6 22.2 92.0 1.0050 0.00 0.0M
48840.100 1970 COM2 65 0R0 195 7.0 22.2 92.2 1.0050 0.00 0.0M
48900.000 1970 COM2 65 0R0 195 4.2 22.3 92.3 1.0049 0.00 0.0M
48960.100 1970 COM2 65 0R0 184 5.1 22.3 92.5 1.0049 0.00 0.0M
49020.000 1970 COM2 65 0R0 228 3.4 22.3 92.4 1.0049 0.00 0.0M
49080.000 1970 COM2 65 0R0 246 1.2 22.3 92.3 1.0049 0.00 0.0M
49140.000 1970 COM2 65 0R0 165 5.8 22.3 92.2 1.0050 0.00 0.0M
49200.000 1970 COM2 65 0R0 206 6.0 22.3 92.3 1.0049 0.00 0.0M
49260.000 1970 COM2 65 0R0 204 6.5 22.3 92.1 1.0048 0.00 0.0M
49320.000 1970 COM2 65 0R0 216 6.4 22.3 92.1 1.0048 0.00 0.0M
49380.000 1970 COM2 65 0R0 185 5.2 22.3 91.9 1.0049 0.00 0.0M
49440.000 1970 COM2 65 0R0 206 3.4 22.4 92.2 1.0048 0.00 0.0M
49500.000 1970 COM2 65 0R0 201 5.9 22.4 92.1 1.0049 0.00 0.0M
49560.000 1970 COM2 65 0R0 241 4.9 22.4 91.8 1.0049 0.00 0.0M
49620.000 1970 COM2 65 0R0 223 5.0 22.3 91.7 1.0048 0.00 0.0M
49680.000 1970 COM2 65 0R0 209 3.1 22.3 91.7 1.0048 0.00 0.0M
49740.000 1970 COM2 65 0R0 202 1.4 22.3 91.6 1.0049 0.00 0.0M
49800.000 1970 COM2 65 0R0 192 4.2 22.3 91.7 1.0049 0.00 0.0M
49860.000 1970 COM2 65 0R0 203 3.7 22.3 92.0 1.0048 0.00 0.0M
49920.000 1970 COM2 65 0R0 124 3.1 22.4 92.0 1.0048 0.00 0.0M
49980.000 1970 COM2 65 0R0 199 6.4 22.4 92.1 1.0048 0.00 0.0M
50040.000 1970 COM2 65 0R0 241 3.5 22.4 91.9 1.0048 0.00 0.0M
50100.000 1970 COM2 65 0R0 203 5.1 22.4 91.9 1.0048 0.00 0.0M
50160.000 1970 COM2 65 0R0 193 3.5 22.4 91.9 1.0048 0.00 0.0M
50220.000 1970 COM2 65 0R0 192 1.5 22.4 92.0 1.0048 0.00 0.0M
50280.000 1970 COM2 65 0R0 232 2.5 22.5 91.8 1.0048 0.00 0.0M
50340.000 1970 COM2 65 0R0 209 5.7 22.5 91.8 1.0048 0.00 0.0M
50400.000 1970 COM2 65 0R0 239 1.5 22.5 91.6 1.0048 0.00 0.0M
50460.000 1970 COM2 65 0R0 194 4.1 22.5 91.5 1.0048 0.00 0.0M
50520.000 1970 COM2 65 0R0 209 6.1 22.5 91.4 1.0048 0.00 0.0M
50580.100 1970 COM2 65 0R0 185 5.0 22.5 91.5 1.0047 0.00 0.0M
50640.000 1970 COM2 65 0R0 208 8.3 22.5 91.5 1.0048 0.00 0.0M
50700.000 1970 COM2 65 0R0 213 5.4 22.5 91.2 1.0047 0.00 0.0M
50760.000 1970 COM2 65 0R0 233 5.7 22.5 91.3 1.0047 0.00 0.0M
50820.100 1970 COM2 65 0R0 165 7.0 22.5 91.2 1.0048 0.00 0.0M
50880.000 1970 COM2 65 0R0 221 7.6 22.5 91.5 1.0048 0.00 0.0M
50940.000 1970 COM2 65 0R0 248 4.6 22.5 91.2 1.0048 0.00 0.0M
51000.000 1970 COM2 65 0R0 214 5.8 22.5 91.2 1.0048 0.00 0.0M
51060.000 1970 COM2 65 0R0 214 3.6 22.5 91.4 1.0048 0.00 0.0M
51120.000 1970 COM2 65 0R0 144 2.9 22.5 91.4 1.0048 0.01 0.0M
51180.000 1970 COM2 65 0R0 189 6.0 22.6 91.4 1.0049 0.00 0.0M
51240.000 1970 COM2 65 0R0 217 5.9 22.6 91.4 1.0049 0.01 0.0M
51300.000 1970 COM2 65 0R0 229 5.6 22.6 91.2 1.0049 0.00 0.0M
51360.000 1970 COM2 65 0R0 220 5.7 22.5 91.2 1.0049 0.01 0.0M
51420.000 1970 COM2 65 0R0 219 5.9 22.6 91.3 1.0049 0.00 0.0M
51480.000 1970 COM2 65 0R0 187 5.5 22.6 91.2 1.0049 0.00 0.0M
51540.000 1970 COM2 65 0R0 188 2.9 22.6 91.2 1.0050 0.00 0.0M
51600.000 1970 COM2 65 0R0 192 3.9 22.6 91.2 1.0050 0.00 0.0M
51660.000 1970 COM2 65 0R0 235 5.1 22.6 91.3 1.0050 0.00 0.0M
51720.000 1970 COM2 65 0R0 164 5.1 22.5 91.2 1.0050 0.00 0.0M
51780.000 1970 COM2 65 0R0 239 2.4 22.6 91.3 1.0050 0.00 0.0M
51840.100 1970 COM2 65 0R0 247 1.4 22.6 91.3 1.0051 0.00 0.0M
51900.000 1970 COM2 65 0R0 216 4.4 22.6 91.2 1.0051 0.00 0.0M
51960.000 1970 COM2 65 0R0 206 4.3 22.6 91.3 1.0051 0.00 0.0M
52020.000 1970 COM2 65 0R0 241 4.4 22.6 91.3 1.0051 0.00 0.0M
52080.000 1970 COM2 65 0R0 211 3.4 22.6 91.3 1.0051 0.01 0.0M
52140.000 1970 COM2 65 0R0 220 4.1 22.6 91.4 1.0052 0.00 0.0M
52200.000 1970 COM2 65 0R0 169 3.8 22.6 91.3 1.0051 0.01 0.0M
52260.100 1970 COM2 65 0R0 277 2.2 22.6 91.6 1.0052 0.01 0.0M
52320.000 1970 COM2 65 0R0 181 4.6 22.6 91.4 1.0052 0.00 0.0M
52380.000 1970 COM2 65 0R0 212 6.2 22.6 91.5 1.0052 0.01 0.0M
52440.000 1970 COM2 65 0R0 216 4.9 22.6 91.6 1.0051 0.00 0.0M
52500.000 1970 COM2 65 0R0 201 2.1 22.6 91.3 1.0052 0.01 0.0M
52560.000 1970 COM2 65 0R0 234 4.4 22.6 91.3 1.0052 0.01 0.0M
52620.100 1970 COM2 65 0R0 228 4.7 22.6 91.3 1.0052 0.01 0.0M
52680.000 1970 COM2 65 0R0 222 4.8 22.6 91.3 1.0052 0.01 0.0M
52740.100 1970 COM2 65 0R0 219 2.9 22.6 91.3 1.0052 0.01 0.0M
52800.100 1970 COM2 65 0R0 165 5.9 22.6 91.3 1.0052 0.01 0.0M
52860.100 1970 COM2 65 0R0 213 4.2 22.6 91.4 1.0052 0.00 0.0M
52920.100 1970 COM2 65 0R0 163 3.2 22.6 91.4 1.0052 0.01 0.0M
52980.100 1970 COM2 65 0R0 209 4.0 22.6 91.5 1.0052 0.00 0.0M
53040.100 1970 COM2 65 0R0 194 3.4 22.6 91.5 1.0052 0.01 0.0M
53100.100 1970 COM2 65 0R0 223 6.1 22.6 91.5 1.0052 0.00 0.0M
53160.000 1970 COM2 65 0R0 182 5.2 22.6 91.5 1.0051 0.00 0.0M
53220.000 1970 COM2 65 0R0 220 3.6 22.6 91.5 1.0051 0.00 0.0M
53280.000 1970 COM2 65 0R0 225 3.7 22.7 91.6 1.0051 0.00 0.0M
53340.000 1970 COM2 65 0R0 169 3.1 22.7 91.5 1.0051 0.00 0.0M
53400.000 1970 COM2 65 0R0 188 4.7 22.7 91.6 1.0052 0.01 0.0M
53460.000 1970 COM2 65 0R0 249 3.1 22.7 91.6 1.0051 0.00 0.0M
53520.000 1970 COM2 65 0R0 194 4.6 22.7 91.4 1.0051 0.00 0.0M
53580.000 1970 COM2 65 0R0 173 3.3 22.7 91.5 1.0051 0.00 0.0M
53640.000 1970 COM2 65 0R0 230 4.7 22.7 91.5 1.0052 0.00 0.0M
53700.000 1970 COM2 65 0R0 216 5.5 22.7 91.4 1.0051 0.00 0.0M
53760.000 1970 COM2 65 0R0 227 4.5 22.7 91.3 1.0051 0.00 0.0M
53820.000 1970 COM2 65 0R0 196 4.4 22.7 91.6 1.0051 0.00 0.0M
53880.000 1970 COM2 65 0R0 208 5.3 22.7 91.5 1.0051 0.00 0.0M
53940.000 1970 COM2 65 0R0 221 4.6 22.8 91.3 1.0051 0.00 0.0M
54000.000 1970 COM2 65 0R0 189 4.5 22.8 91.4 1.0052 0.00 0.0M
54060.000 1970 COM2 65 0R0 187 5.9 22.8 91.5 1.0051 0.01 0.0M
54120.000 1970 COM2 65 0R0 223 4.8 22.8 91.4 1.0052 0.00 0.0M
54180.000 1970 COM2 65 0R0 186 4.6 22.8 91.3 1.0052 0.00 0.0M
54240.000 1970 COM2 65 0R0 187 6.0 22.8 91.5 1.0052 0.01 0.0M
54300.000 1970 COM2 65 0R0 210 3.5 22.8 91.5 1.0052 0.01 0.0M
54360.000 1970 COM2 65 0R0 194 4.6 22.8 91.5 1.0052 0.00 0.0M
54420.000 1970 COM2 65 0R0 227 4.6 22.8 91.4 1.0052 0.00 0.0M
54480.000 1970 COM2 65 0R0 179 5.3 22.8 91.6 1.0053 0.01 0.0M
54540.000 1970 COM2 65 0R0 222 4.0 22.8 91.7 1.0053 0.00 0.0M
54600.000 1970 COM2 65 0R0 214 3.7 22.8 91.4 1.0053 0.00 0.0M
54660.000 1970 COM2 65 0R0 260 0.9 22.8 91.3 1.0053 0.01 0.0M
54720.000 1970 COM2 65 0R0 216 4.6 22.8 91.6 1.0054 0.00 0.0M
54780.000 1970 COM2 65 0R0 233 4.0 22.8 91.3 1.0053 0.00 0.0M
54840.000 1970 COM2 65 0R0 223 4.0 22.8 91.3 1.0053 0.00 0.0M
54900.000 1970 COM2 65 0R0 219 4.9 22.8 91.3 1.0053 0.00 0.0M
54960.000 1970 COM2 65 0R0 245 1.2 22.9 91.5 1.0053 0.00 0.0M
55020.000 1970 COM2 65 0R0 190 3.0 22.9 91.7 1.0053 0.00 0.0M
55080.000 1970 COM2 65 0R0 200 4.8 22.9 91.7 1.0053 0.00 0.0M
55140.000 1970 COM2 65 0R0 168 3.0 22.9 91.5 1.0053 0.00 0.0M
55200.000 1970 COM2 65 0R0 181 4.1 22.9 91.3 1.0053 0.00 0.0M
55260.000 1970 COM2 65 0R0 229 4.0 23.0 91.4 1.0053 0.00 0.0M
55320.000 1970 COM2 65 0R0 220 6.3 23.0 91.4 1.0053 0.00 0.0M
55380.000 1970 COM2 65 0R0 199 4.2 23.0 91.3 1.0053 0.01 0.0M
55440.000 1970 COM2 65 0R0 214 4.6 23.0 91.2 1.0053 0.01 0.0M
55500.000 1970 COM2 65 0R0 237 3.6 23.0 91.2 1.0054 0.01 0.0M
55560.000 1970 COM2 65 0R0 189 5.6 23.0 91.2 1.0054 0.00 0.0M
55620.000 1970 COM2 65 0R0 233 3.0 23.0 91.2 1.0054 0.00 0.0M
55680.000 1970 COM2 65 0R0 186 5.1 23.0 91.1 1.0054 0.00 0.0M
55740.000 1970 COM2 65 0R0 204 6.4 23.0 91.2 1.0054 0.00 0.0M
55800.000 1970 COM2 65 0R0 222 3.8 23.1 90.9 1.0054 0.00 0.0M
55860.000 1970 COM2 65 0R0 193 4.5 23.1 91.1 1.0054 0.00 0.0M
55920.000 1970 COM2 65 0R0 193 3.3 23.1 91.0 1.0054 0.00 0.0M
55980.000 1970 COM2 65 0R0 191 5.9 23.1 91.0 1.0054 0.00 0.0M
56040.000 1970 COM2 65 0R0 230 4.4 23.1 90.9 1.0054 0.00 0.0M
56100.000 1970 COM2 65 0R0 209 4.9 23.1 90.9 1.0054 0.00 0.0M
56160.000 1970 COM2 65 0R0 215 4.4 23.2 90.9 1.0054 0.00 0.0M
56220.000 1970 COM2 65 0R0 203 4.7 23.2 90.5 1.0054 0.00 0.0M
56280.000 1970 COM2 65 0R0 190 4.3 23.2 90.9 1.0054 0.00 0.0M
56340.000 1970 COM2 65 0R0 204 3.5 23.2 90.6 1.0054 0.00 0.0M
56400.000 1970 COM2 65 0R0 184 3.7 23.3 90.7 1.0054 0.00 0.0M
56460.000 1970 COM2 65 0R0 219 4.1 23.3 90.9 1.0054 0.00 0.0M
56520.000 1970 COM2 65 0R0 224 3.3 23.3 90.5 1.0054 0.00 0.0M
56580.000 1970 COM2 65 0R0 232 4.5 23.4 91.1 1.0055 0.00 0.0M
56640.000 1970 COM2 65 0R0 200 5.4 23.4 90.6 1.0055 0.00 0.0M
56700.000 1970 COM2 65 0R0 230 3.6 23.4 90.4 1.0054 0.00 0.0M
56760.000 1970 COM2 65 0R0 228 5.3 23.4 90.4 1.0055 0.00 0.0M
56820.000 1970 COM2 65 0R0 244 1.9 23.5 89.9 1.0055 0.00 0.0M
56880.000 1970 COM2 65 0R0 205 4.1 23.5 89.8 1.0055 0.00 0.0M
56940.000 1970 COM2 65 0R0 219 3.4 23.5 90.0 1.0055 0.00 0.0M
57000.000 1970 COM2 65 0R0 239 4.0 23.6 90.2 1.0055 0.00 0.0M
57060.000 1970 COM2 65 0R0 213 4.2 23.6 90.1 1.0055 0.00 0.0M
57120.000 1970 COM2 65 0R0 205 3.4 23.6 89.5 1.0055 0.00 0.0M
57180.000 1970 COM2 65 0R0 166 3.8 23.6 90.0 1.0055 0.00 0.0M
57240.000 1970 COM2 65 0R0 198 3.6 23.6 90.1 1.0055 0.00 0.0M
57300.000 1970 COM2 65 0R0 217 4.3 23.6 90.0 1.0055 0.00 0.0M
57360.000 1970 COM2 65 0R0 209 3.3 23.6 90.0 1.0055 0.00 0.0M
57420.000 1970 COM2 65 0R0 190 4.0 23.6 89.6 1.0055 0.00 0.0M
57480.000 1970 COM2 65 0R0 248 4.8 23.6 90.0 1.0055 0.00 0.0M
57540.000 1970 COM2 65 0R0 180 4.8 23.6 89.9 1.0055 0.00 0.0M
57600.000 1970 COM2 65 0R0 207 5.9 23.6 89.4 1.0055 0.00 0.0M
57660.000 1970 COM2 65 0R0 189 0.8 23.6 89.3 1.0055 0.00 0.0M
57720.000 1970 COM2 65 0R0 205 3.1 23.6 89.1 1.0055 0.00 0.0M
57780.000 1970 COM2 65 0R0 246 2.6 23.7 89.5 1.0055 0.00 0.0M
57840.000 1970 COM2 65 0R0 213 3.8 23.7 89.7 1.0055 0.00 0.0M
57900.000 1970 COM2 65 0R0 237 1.9 23.7 89.3 1.0055 0.00 0.0M
57960.000 1970 COM2 65 0R0 251 2.5 23.7 89.5 1.0055 0.00 0.0M
58020.000 1970 COM2 65 0R0 161 2.7 23.7 89.4 1.0056 0.00 0.0M
58080.000 1970 COM2 65 0R0 147 0.7 23.7 89.2 1.0056 0.00 0.0M
58140.000 1970 COM2 65 0R0 288 1.2 23.7 89.1 1.0056 0.00 0.0M
58200.000 1970 COM2 65 0R0 154 1.9 23.8 88.8 1.0056 0.00 0.0M
58260.000 1970 COM2 65 0R0 240 1.4 23.8 88.7 1.0056 0.00 0.0M
58320.000 1970 COM2 65 0R0 175 1.4 23.8 88.6 1.0056 0.00 0.0M
58380.000 1970 COM2 65 0R0 233 5.3 23.8 88.8 1.0056 0.00 0.0M
58440.000 1970 COM2 65 0R0 240 3.8 23.8 88.6 1.0056 0.00 0.0M
58500.000 1970 COM2 65 0R0 240 4.4 23.8 88.2 1.0056 0.00 0.0M
58560.000 1970 COM2 65 0R0 233 1.5 23.8 87.8 1.0056 0.00 0.0M
58620.000 1970 COM2 65 0R0 173 3.2 23.8 88.2 1.0057 0.00 0.0M
58680.000 1970 COM2 65 0R0 212 1.4 23.8 88.0 1.0057 0.00 0.0M
58740.000 1970 COM2 65 0R0 140 1.3 23.8 88.4 1.0057 0.00 0.0M
58800.000 1970 COM2 65 0R0 187 6.5 23.8 88.3 1.0057 0.00 0.0M
58860.000 1970 COM2 65 0R0 245 4.5 23.8 88.0 1.0056 0.00 0.0M
58920.000 1970 COM2 65 0R0 241 3.7 23.8 88.2 1.0056 0.00 0.0M
58980.000 1970 COM2 65 0R0 231 4.6 23.8 87.7 1.0056 0.00 0.0M
59040.000 1970 COM2 65 0R0 182 4.9 23.8 87.8 1.0055 0.00 0.0M
59100.000 1970 COM2 65 0R0 204 4.5 23.8 88.3 1.0055 0.00 0.0M
59160.000 1970 COM2 65 0R0 228 2.2 23.9 87.9 1.0055 0.00 0.0M
59220.000 1970 COM2 65 0R0 225 3.8 23.9 88.0 1.0055 0.00 0.0M
59280.000 1970 COM2 65 0R0 205 4.6 23.9 87.8 1.0055 0.00 0.0M
59340.000 1970 COM2 65 0R0 199 5.5 23.9 87.5 1.0055 0.00 0.0M
59400.000 1970 COM2 65 0R0 228 3.5 23.9 87.5 1.0054 0.00 0.0M
59460.000 1970 COM2 65 0R0 226 4.0 23.9 88.0 1.0055 0.00 0.0M
59520.000 1970 COM2 65 0R0 219 4.7 23.9 87.5 1.0055 0.00 0.0M
59580.000 1970 COM2 65 0R0 214 2.8 23.9 87.5 1.0055 0.00 0.0M
59640.000 1970 COM2 65 0R0 236 4.5 23.9 88.1 1.0055 0.00 0.0M
59700.000 1970 COM2 65 0R0 234 5.9 23.9 87.5 1.0055 0.00 0.0M
59760.000 1970 COM2 65 0R0 211 3.6 24.0 87.6 1.0055 0.00 0.0M
59820.000 1970 COM2 65 0R0 190 4.3 24.0 88.1 1.0055 0.00 0.0M
59880.000 1970 COM2 65 0R0 186 5.6 24.0 87.8 1.0055 0.00 0.0M
59940.000 1970 COM2 65 0R0 197 4.1 24.0 87.2 1.0054 0.00 0.0M
60000.000 1970 COM2 65 0R0 224 5.3 24.0 87.7 1.0055 0.00 0.0M
60060.000 1970 COM2 65 0R0 163 3.8 24.0 87.7 1.0055 0.00 0.0M
60120.000 1970 COM2 65 0R0 242 3.1 24.0 87.3 1.0056 0.00 0.0M
60180.000 1970 COM2 65 0R0 244 2.6 24.0 86.5 1.0056 0.00 0.0M
60240.000 1970 COM2 65 0R0 195 1.9 24.1 86.7 1.0056 0.00 0.0M
60300.000 1970 COM2 65 0R0 239 4.4 24.1 86.9 1.0056 0.00 0.0M
60360.000 1970 COM2 65 0R0 236 2.1 24.1 86.6 1.0056 0.00 0.0M
60420.000 1970 COM2 65 0R0 226 3.6 24.1 86.7 1.0056 0.00 0.0M
60480.000 1970 COM2 65 0R0 177 4.0 24.1 86.6 1.0056 0.00 0.0M
60540.000 1970 COM2 65 0R0 252 4.3 24.1 87.0 1.0056 0.00 0.0M
60600.000 1970 COM2 65 0R0 200 4.9 24.1 86.6 1.0055 0.00 0.0M
60660.000 1970 COM2 65 0R0 215 3.4 24.1 86.8 1.0055 0.00 0.0M
60720.000 1970 COM2 65 0R0 198 5.5 24.1 86.9 1.0056 0.00 0.0M
60780.000 1970 COM2 65 0R0 239 4.4 24.1 87.0 1.0055 0.00 0.0M
60840.000 1970 COM2 65 0R0 239 5.0 24.1 86.8 1.0055 0.00 0.0M
60900.000 1970 COM2 65 0R0 214 3.8 24.0 86.9 1.0055 0.00 0.0M
60960.000 1970 COM2 65 0R0 168 3.9 24.0 86.6 1.0054 0.00 0.0M
61020.000 1970 COM2 65 0R0 203 3.8 24.1 87.1 1.0055 0.00 0.0M
61080.000 1970 COM2 65 0R0 204 6.6 24.1 87.0 1.0054 0.00 0.0M
61140.000 1970 COM2 65 0R0 202 4.3 24.1 86.5 1.0053 0.00 0.0M
61200.000 1970 COM2 65 0R0 158 2.6 24.1 86.8 1.0053 0.00 0.0M
61260.000 1970 COM2 65 0R0 251 3.7 24.1 87.3 1.0053 0.00 0.0M
61320.000 1970 COM2 65 0R0 227 3.9 24.1 86.8 1.0052 0.00 0.0M
61380.000 1970 COM2 65 0R0 185 4.4 24.1 86.6 1.0052 0.00 0.0M
61440.000 1970 COM2 65 0R0 200 5.3 24.1 86.4 1.0051 0.00 0.0M
61500.100 1970 COM2 65 0R0 240 3.1 24.1 87.1 1.0051 0.00 0.0M
61560.000 1970 COM2 65 0R0 198 2.4 24.1 86.7 1.0051 0.00 0.0M
61620.100 1970 COM2 65 0R0 170 2.4 24.1 87.0 1.0051 0.00 0.0M
61680.000 1970 COM2 65 0R0 188 2.6 24.2 87.2 1.0051 0.00 0.0M
61740.000 1970 COM2 65 0R0 218 5.7 24.2 87.1 1.0051 0.00 0.0M
61800.000 1970 COM2 65 0R0 209 4.5 24.2 86.3 1.0051 0.00 0.0M
61860.000 1970 COM2 65 0R0 142 2.0 24.2 87.1 1.0051 0.00 0.0M
61920.000 1970 COM2 65 0R0 275 2.7 24.2 87.1 1.0052 0.00 0.0M
61980.000 1970 COM2 65 0R0 217 1.4 24.2 87.1 1.0051 0.00 0.0M
62040.000 1970 COM2 65 0R0 234 2.1 24.3 86.3 1.0052 0.00 0.0M
62100.000 1970 COM2 65 0R0 204 3.2 24.3 86.4 1.0052 0.00 0.0M
62160.000 1970 COM2 65 0R0 198 2.5 24.3 86.2 1.0052 0.00 0.0M
62220.000 1970 COM2 65 0R0 226 3.9 24.3 86.6 1.0052 0.00 0.0M
62280.000 1970 COM2 65 0R0 201 5.3 24.3 85.2 1.0052 0.00 0.0M
62340.000 1970 COM2 65 0R0 216 1.3 24.3 85.9 1.0051 0.00 0.0M
62400.000 1970 COM2 65 0R0 209 4.4 24.3 86.1 1.0052 0.00 0.0M
62460.000 1970 COM2 65 0R0 201 2.7 24.3 85.6 1.0052 0.00 0.0M
62520.000 1970 COM2 65 0R0 207 5.3 24.3 86.2 1.0052 0.00 0.0M
62580.100 1970 COM2 65 0R0 208 4.6 24.3 86.2 1.0051 0.00 0.0M
62640.000 1970 COM2 65 0R0 222 3.4 24.3 85.8 1.0051 0.00 0.0M
62700.100 1970 COM2 65 0R0 225 5.7 24.3 86.0 1.0051 0.00 0.0M
62760.100 1970 COM2 65 0R0 217 5.6 24.3 85.9 1.0050 0.00 0.0M
62820.100 1970 COM2 65 0R0 213 7.0 24.3 85.6 1.0050 0.00 0.0M
62880.100 1970 COM2 65 0R0 212 6.8 24.3 85.6 1.0049 0.00 0.0M
62940.100 1970 COM2 65 0R0 174 6.1 24.3 85.6 1.0050 0.00 0.0M
63000.100 1970 COM2 65 0R0 201 7.4 24.3 85.6 1.0049 0.00 0.0M
63060.100 1970 COM2 65 0R0 202 3.3 24.3 85.1 1.0050 0.00 0.0M
63120.100 1970 COM2 65 0R0 262 3.4 24.3 85.3 1.0050 0.00 0.0M
63180.100 1970 COM2 65 0R0 221 3.3 24.3 85.0 1.0050 0.00 0.0M
63240.100 1970 COM2 65 0R0 228 2.5 24.3 85.4 1.0050 0.00 0.0M
63300.100 1970 COM2 65 0R0 266 2.1 24.4 85.4 1.0050 0.00 0.0M
63360.100 1970 COM2 65 0R0 192 4.8 24.4 84.7 1.0050 0.00 0.0M
63420.100 1970 COM2 65 0R0 231 4.7 24.4 85.3 1.0049 0.00 0.0M
63480.100 1970 COM2 65 0R0 194 2.5 24.4 85.3 1.0049 0.00 0.0M
63540.100 1970 COM2 65 0R0 194 3.5 24.3 85.1 1.0049 0.00 0.0M
63600.100 1970 COM2 65 0R0 198 5.8 24.3 85.1 1.0049 0.00 0.0M
63660.100 1970 COM2 65 0R0 204 5.8 24.3 84.9 1.0049 0.00 0.0M
63720.100 1970 COM2 65 0R0 204 1.2 24.3 85.5 1.0049 0.00 0.0M
63780.100 1970 COM2 65 0R0 218 3.0 24.3 85.6 1.0049 0.00 0.0M
63840.100 1970 COM2 65 0R0 208 4.5 24.3 85.6 1.0049 0.00 0.0M
63900.100 1970 COM2 65 0R0 185 4.7 24.3 85.3 1.0049 0.00 0.0M
63960.100 1970 COM2 65 0R0 209 5.3 24.3 86.0 1.0049 0.00 0.0M
64020.000 1970 COM2 65 0R0 145 1.4 24.3 85.5 1.0049 0.00 0.0M
64080.100 1970 COM2 65 0R0 231 4.7 24.3 85.9 1.0049 0.00 0.0M
64140.100 1970 COM2 65 0R0 252 1.6 24.3 85.5 1.0049 0.00 0.0M
64200.100 1970 COM2 65 0R0 226 3.3 24.3 85.3 1.0049 0.00 0.0M
64260.100 1970 COM2 65 0R0 225 4.7 24.3 85.3 1.0049 0.00 0.0M
64320.000 1970 COM2 65 0R0 242 1.9 24.3 85.2 1.0049 0.00 0.0M
64380.100 1970 COM2 65 0R0 243 3.7 24.3 85.5 1.0049 0.00 0.0M
64440.100 1970 COM2 65 0R0 250 5.1 24.3 85.1 1.0049 0.00 0.0M
64500.100 1970 COM2 65 0R0 235 5.0 24.3 85.1 1.0049 0.00 0.0M
64560.100 1970 COM2 65 0R0 222 5.1 24.3 85.1 1.0049 0.00 0.0M
64620.000 1970 COM2 65 0R0 193 5.0 24.3 84.5 1.0048 0.00 0.0M
64680.100 1970 COM2 65 0R0 169 3.8 24.3 84.8 1.0048 0.00 0.0M
64740.100 1970 COM2 65 0R0 227 2.9 24.3 84.8 1.0048 0.00 0.0M
64800.000 1970 COM2 65 0R0 215 3.6 24.3 84.9 1.0048 0.00 0.0M
64860.000 1970 COM2 65 0R0 236 2.9 24.3 84.6 1.0049 0.00 0.0M
64920.100 1970 COM2 65 0R0 196 1.2 24.3 84.8 1.0049 0.00 0.0M
64980.000 1970 COM2 65 0R0 224 4.8 24.3 85.0 1.0049 0.00 0.0M
65040.100 1970 COM2 65 0R0 219 4.7 24.3 84.4 1.0049 0.00 0.0M
65100.100 1970 COM2 65 0R0 229 1.4 24.3 84.6 1.0049 0.00 0.0M
65160.100 1970 COM2 65 0R0 187 5.5 24.3 84.8 1.0049 0.00 0.0M
65220.000 1970 COM2 65 0R0 234 4.8 24.4 84.5 1.0048 0.00 0.0M
65280.000 1970 COM2 65 0R0 221 4.4 24.4 84.3 1.0047 0.00 0.0M
65340.100 1970 COM2 65 0R0 193 5.0 24.4 84.4 1.0048 0.00 0.0M
65400.100 1970 COM2 65 0R0 217 3.5 24.4 84.7 1.0048 0.00 0.0M
65460.100 1970 COM2 65 0R0 233 5.6 24.4 84.2 1.0048 0.00 0.0M
65520.100 1970 COM2 65 0R0 222 4.5 24.4 83.7 1.0048 0.00 0.0M
65580.100 1970 COM2 65 0R0 245 2.2 24.4 84.0 1.0048 0.00 0.0M
65640.000 1970 COM2 65 0R0 218 5.9 24.4 84.0 1.0048 0.00 0.0M
65700.000 1970 COM2 65 0R0 235 3.1 24.4 83.9 1.0047 0.00 0.0M
65760.100 1970 COM2 65 0R0 192 2.3 24.4 84.0 1.0048 0.00 0.0M
65820.100 1970 COM2 65 0R0 219 4.3 24.4 84.1 1.0048 0.00 0.0M
65880.000 1970 COM2 65 0R0 277 3.0 24.4 84.0 1.0048 0.00 0.0M
65940.100 1970 COM2 65 0R0 200 5.2 24.4 83.3 1.0048 0.00 0.0M
66000.100 1970 COM2 65 0R0 216 5.2 24.4 83.2 1.0048 0.00 0.0M
66060.000 1970 COM2 65 0R0 222 3.0 24.4 83.6 1.0048 0.00 0.0M
66120.100 1970 COM2 65 0R0 165 2.0 24.4 83.3 1.0048 0.00 0.0M
66180.100 1970 COM2 65 0R0 181 3.7 24.4 83.5 1.0049 0.00 0.0M
66240.100 1970 COM2 65 0R0 205 2.4 24.4 83.5 1.0048 0.00 0.0M
66300.100 1970 COM2 65 0R0 247 2.9 24.4 83.4 1.0049 0.00 0.0M
66360.100 1970 COM2 65 0R0 209 3.8 24.4 83.3 1.0049 0.00 0.0M
66420.100 1970 COM2 65 0R0 236 1.4 24.4 83.4 1.0049 0.00 0.0M
66480.000 1970 COM2 65 0R0 164 5.7 24.4 83.5 1.0049 0.00 0.0M
66540.000 1970 COM2 65 0R0 185 3.3 24.4 83.3 1.0049 0.00 0.0M
66600.000 1970 COM2 65 0R0 215 4.0 24.4 83.5 1.0049 0.00 0.0M
66660.000 1970 COM2 65 0R0 225 3.4 24.4 83.3 1.0049 0.00 0.0M
66720.000 1970 COM2 65 0R0 243 1.9 24.4 83.1 1.0049 0.00 0.0M
66780.000 1970 COM2 65 0R0 225 4.5 24.4 83.2 1.0049 0.00 0.0M
66840.000 1970 COM2 65 0R0 236 5.5 24.4 83.0 1.0049 0.00 0.0M
66900.000 1970 COM2 65 0R0 210 2.9 24.4 82.5 1.0049 0.00 0.0M
66960.000 1970 COM2 65 0R0 222 2.6 24.4 82.9 1.0049 0.00 0.0M
67020.000 1970 COM2 65 0R0 210 3.7 24.5 82.7 1.0049 0.00 0.0M
67080.000 1970 COM2 65 0R0 260 4.1 24.5 82.5 1.0049 0.00 0.0M
67140.000 1970 COM2 65 0R0 199 4.3 24.5 82.8 1.0049 0.00 0.0M
67200.000 1970 COM2 65 0R0 228 2.3 24.5 82.6 1.0049 0.00 0.0M
67260.000 1970 COM2 65 0R0 164 2.8 24.5 82.8 1.0049 0.00 0.0M
67320.000 1970 COM2 65 0R0 228 5.7 24.5 82.8 1.0049 0.00 0.0M
67380.000 1970 COM2 65 0R0 247 2.8 24.5 82.5 1.0049 0.00 0.0M
67440.000 1970 COM2 65 0R0 153 2.0 24.5 82.6 1.0050 0.00 0.0M
67500.000 1970 COM2 65 0R0 244 2.0 24.5 82.3 1.0050 0.00 0.0M
67560.000 1970 COM2 65 0R0 251 1.9 24.5 82.1 1.0049 0.00 0.0M
67620.000 1970 COM2 65 0R0 222 1.2 24.5 82.1 1.0049 0.00 0.0M
67680.000 1970 COM2 65 0R0 252 1.1 24.5 82.1 1.0049 0.00 0.0M
67740.000 1970 COM2 65 0R0 231 2.8 24.5 82.0 1.0050 0.00 0.0M
67800.000 1970 COM2 65 0R0 227 3.0 24.5 81.8 1.0050 0.00 0.0M
67860.000 1970 COM2 65 0R0 213 5.4 24.5 82.0 1.0050 0.00 0.0M
67920.000 1970 COM2 65 0R0 154 1.1 24.5 81.7 1.0049 0.00 0.0M
67980.000 1970 COM2 65 0R0 251 2.2 24.5 81.3 1.0050 0.00 0.0M
68040.000 1970 COM2 65 0R0 194 2.2 24.5 81.6 1.0049 0.00 0.0M
68100.000 1970 COM2 65 0R0 203 2.2 24.5 81.6 1.0050 0.00 0.0M
68160.000 1970 COM2 65 0R0 294 2.0 24.5 81.4 1.0050 0.00 0.0M
68220.000 1970 COM2 65 0R0 229 2.4 24.5 81.3 1.0050 0.00 0.0M
68280.000 1970 COM2 65 0R0 269 1.7 24.6 81.3 1.0050 0.00 0.0M
68340.000 1970 COM2 65 0R0 239 1.4 24.5 81.3 1.0051 0.00 0.0M
68400.000 1970 COM2 65 0R0 244 3.7 24.6 81.2 1.0051 0.00 0.0M
68460.000 1970 COM2 65 0R0 245 3.0 24.6 81.3 1.0051 0.00 0.0M
68520.000 1970 COM2 65 0R0 223 1.4 24.6 80.2 1.0051 0.00 0.0M
68580.000 1970 COM2 65 0R0 164 2.4 24.6 80.9 1.0051 0.00 0.0M
68640.000 1970 COM2 65 0R0 155 1.4 24.6 80.9 1.0051 0.00 0.0M
68700.000 1970 COM2 65 0R0 235 3.9 24.6 81.1 1.0051 0.00 0.0M
68760.000 1970 COM2 65 0R0 238 3.1 24.6 80.9 1.0050 0.00 0.0M
68820.000 1970 COM2 65 0R0 274 3.1 24.6 80.8 1.0050 0.00 0.0M
68880.000 1970 COM2 65 0R0 244 2.6 24.6 80.9 1.0051 0.00 0.0M
68940.000 1970 COM2 65 0R0 233 4.5 24.6 80.2 1.0050 0.00 0.0M
69000.000 1970 COM2 65 0R0 238 3.0 24.6 80.3 1.0050 0.00 0.0M
69060.000 1970 COM2 65 0R0 240 2.4 24.6 80.5 1.0051 0.00 0.0M
69120.000 1970 COM2 65 0R0 231 5.1 24.6 80.4 1.0051 0.00 0.0M
69180.000 1970 COM2 65 0R0 199 2.8 24.6 80.4 1.0051 0.00 0.0M
69240.000 1970 COM2 65 0R0 213 3.4 24.6 80.4 1.0051 0.00 0.0M
69300.000 1970 COM2 65 0R0 234 3.0 24.6 80.4 1.0050 0.00 0.0M
69360.000 1970 COM2 65 0R0 193 1.6 24.6 80.4 1.0050 0.00 0.0M
69420.000 1970 COM2 65 0R0 225 1.4 24.5 80.6 1.0050 0.00 0.0M
69480.000 1970 COM2 65 0R0 268 1.9 24.5 81.0 1.0050 0.00 0.0M
69540.000 1970 COM2 65 0R0 221 3.9 24.5 80.8 1.0050 0.00 0.0M
69600.000 1970 COM2 65 0R0 213 3.2 24.5 80.9 1.0050 0.00 0.0M
69660.000 1970 COM2 65 0R0 222 2.4 24.5 80.9 1.0050 0.00 0.0M
69720.000 1970 COM2 65 0R0 236 3.8 24.5 81.2 1.0050 0.00 0.0M
69780.000 1970 COM2 65 0R0 171 1.2 24.5 81.4 1.0050 0.02 0.0M
69840.000 1970 COM2 65 0R0 233 3.1 24.4 81.4 1.0050 0.01 0.0M
69900.000 1970 COM2 65 0R0 235 1.4 24.4 82.1 1.0050 0.01 0.0M
69960.000 1970 COM2 65 0R0 206 2.8 24.4 82.4 1.0050 0.00 0.0M
70020.000 1970 COM2 65 0R0 204 0.6 24.4 82.3 1.0050 0.01 0.0M
70080.000 1970 COM2 65 0R0 241 5.2 24.4 82.8 1.0050 0.01 0.0M
70140.000 1970 COM2 65 0R0 231 3.2 24.4 82.1 1.0050 0.01 0.0M
70200.000 1970 COM2 65 0R0 222 3.2 24.4 82.1 1.0050 0.00 0.0M
70260.000 1970 COM2 65 0R0 222 3.8 24.3 82.1 1.0050 0.01 0.0M
70320.000 1970 COM2 65 0R0 221 1.8 24.3 82.6 1.0050 0.00 0.0M
70380.000 1970 COM2 65 0R0 257 2.9 24.3 83.4 1.0050 0.01 0.0M
70440.100 1970 COM2 65 0R0 236 2.3 24.3 83.1 1.0050 0.00 0.0M
70500.000 1970 COM2 65 0R0 263 2.2 24.2 83.3 1.0050 0.00 0.0M
70560.100 1970 COM2 65 0R0 239 2.9 24.2 83.2 1.0051 0.00 0.0M
70620.000 1970 COM2 65 0R0 225 3.5 24.2 83.3 1.0051 0.00 0.0M
70680.000 1970 COM2 65 0R0 232 2.2 24.2 83.0 1.0050 0.01 0.0M
70740.000 1970 COM2 65 0R0 234 2.1 24.2 83.8 1.0051 0.00 0.0M
70800.000 1970 COM2 65 0R0 225 1.1 24.2 84.1 1.0051 0.00 0.0M
70860.000 1970 COM2 65 0R0 236 3.0 24.2 83.7 1.0051 0.00 0.0M
70920.000 1970 COM2 65 0R0 229 4.6 24.2 83.8 1.0051 0.01 0.0M
70980.000 1970 COM2 65 0R0 217 2.4 24.2 83.8 1.0051 0.00 0.0M
71040.000 1970 COM2 65 0R0 217 2.9 24.2 84.4 1.0052 0.00 0.0M
71100.000 1970 COM2 65 0R0 186 2.2 24.1 84.2 1.0052 0.00 0.0M
71160.000 1970 COM2 65 0R0 228 3.4 24.1 84.5 1.0052 0.00 0.0M
71220.000 1970 COM2 65 0R0 218 3.3 24.1 84.3 1.0052 0.00 0.0M
71280.000 1970 COM2 65 0R0 224 1.9 24.1 84.3 1.0052 0.00 0.0M
71340.000 1970 COM2 65 0R0 217 1.9 24.1 84.7 1.0052 0.00 0.0M
71400.000 1970 COM2 65 0R0 237 1.7 24.1 84.7 1.0052 0.00 0.0M
71460.000 1970 COM2 65 0R0 222 1.9 24.1 84.9 1.0052 0.00 0.0M
71520.000 1970 COM2 65 0R0 229 1.6 24.1 84.7 1.0051 0.00 0.0M
71580.000 1970 COM2 65 0R0 194 1.9 24.1 85.2 1.0051 0.00 0.0M
71640.000 1970 COM2 65 0R0 208 2.6 24.1 85.0 1.0051 0.00 0.0M
71700.000 1970 COM2 65 0R0 215 2.9 24.1 84.8 1.0051 0.00 0.0M
71760.000 1970 COM2 65 0R0 248 1.3 24.1 85.0 1.0051 0.00 0.0M
71820.000 1970 COM2 65 0R0 271 1.4 24.1 85.1 1.0051 0.00 0.0M
71880.000 1970 COM2 65 0R0 188 1.7 24.2 84.8 1.0051 0.00 0.0M
71940.000 1970 COM2 65 0R0 229 3.6 24.2 85.2 1.0051 0.00 0.0M
72000.000 1970 COM2 65 0R0 229 2.3 24.2 84.6 1.0051 0.00 0.0M
72060.000 1970 COM2 65 0R0 236 1.9 24.2 84.8 1.0051 0.00 0.0M
72120.000 1970 COM2 65 0R0 273 1.2 24.2 85.1 1.0051 0.00 0.0M
72180.000 1970 COM2 65 0R0 226 3.0 24.3 84.5 1.0050 0.00 0.0M
72240.000 1970 COM2 65 0R0 236 3.3 24.3 84.8 1.0050 0.00 0.0M
72300.000 1970 COM2 65 0R0 230 3.5 24.3 84.7 1.0050 0.00 0.0M
72360.000 1970 COM2 65 0R0 213 3.0 24.4 84.2 1.0050 0.00 0.0M
72420.000 1970 COM2 65 0R0 205 5.2 24.4 84.4 1.0050 0.00 0.0M
72480.000 1970 COM2 65 0R0 218 4.0 24.4 84.3 1.0050 0.00 0.0M
72540.000 1970 COM2 65 0R0 233 2.9 24.4 84.3 1.0050 0.00 0.0M
72600.000 1970 COM2 65 0R0 174 3.9 24.4 84.2 1.0051 0.00 0.0M
72660.000 1970 COM2 65 0R0 232 2.6 24.4 84.6 1.0051 0.00 0.0M
72720.000 1970 COM2 65 0R0 275 1.2 24.5 84.6 1.0051 0.00 0.0M
72780.000 1970 COM2 65 0R0 187 3.6 24.5 84.8 1.0051 0.00 0.0M
72840.000 1970 COM2 65 0R0 240 4.3 24.6 84.2 1.0051 0.00 0.0M
72900.000 1970 COM2 65 0R0 221 3.4 24.6 83.2 1.0051 0.00 0.0M
72960.000 1970 COM2 65 0R0 190 4.8 24.7 83.6 1.0051 0.00 0.0M
73020.000 1970 COM2 65 0R0 208 3.6 24.7 83.5 1.0051 0.00 0.0M
73080.000 1970 COM2 65 0R0 214 3.7 24.7 83.7 1.0051 0.00 0.0M
73140.000 1970 COM2 65 0R0 192 4.1 24.7 83.2 1.0050 0.00 0.0M
73200.000 1970 COM2 65 0R0 237 2.8 24.7 83.0 1.0051 0.00 0.0M
73260.000 1970 COM2 65 0R0 189 4.4 24.7 83.3 1.0051 0.00 0.0M
73320.000 1970 COM2 65 0R0 213 2.1 24.7 83.1 1.0051 0.00 0.0M
73380.000 1970 COM2 65 0R0 193 4.5 24.8 82.7 1.0051 0.00 0.0M
73440.000 1970 COM2 65 0R0 191 5.3 24.8 82.7 1.0051 0.00 0.0M
73500.000 1970 COM2 65 0R0 187 5.5 24.8 82.7 1.0051 0.00 0.0M
73560.000 1970 COM2 65 0R0 212 4.0 24.8 82.7 1.0051 0.00 0.0M
73620.000 1970 COM2 65 0R0 215 3.2 24.8 83.0 1.0052 0.00 0.0M
73680.000 1970 COM2 65 0R0 174 2.0 24.8 82.6 1.0052 0.00 0.0M
73740.000 1970 COM2 65 0R0 223 2.9 24.8 83.0 1.0052 0.00 0.0M
73800.000 1970 COM2 65 0R0 322 1.4 24.8 83.3 1.0052 0.00 0.0M
73860.000 1970 COM2 65 0R0 228 6.7 24.8 82.2 1.0052 0.00 0.0M
73920.000 1970 COM2 65 0R0 159 3.9 24.8 81.7 1.0052 0.00 0.0M
73980.000 1970 COM2 65 0R0 230 3.3 24.8 81.6 1.0052 0.00 0.0M
74040.000 1970 COM2 65 0R0 239 4.1 24.8 81.9 1.0052 0.00 0.0M
74100.000 1970 COM2 65 0R0 204 1.8 24.9 81.8 1.0052 0.00 0.0M
74160.000 1970 COM2 65 0R0 277 1.7 24.9 81.9 1.0052 0.00 0.0M
74220.000 1970 COM2 65 0R0 223 2.9 24.9 82.3 1.0052 0.00 0.0M
74280.000 1970 COM2 65 0R0 236 3.3 24.9 82.0 1.0052 0.00 0.0M
74340.000 1970 COM2 65 0R0 238 1.9 24.9 81.9 1.0052 0.00 0.0M
74400.000 1970 COM2 65 0R0 217 4.4 24.9 81.7 1.0052 0.00 0.0M
74460.000 1970 COM2 65 0R0 231 3.9 24.9 81.3 1.0052 0.00 0.0M
74520.000 1970 COM2 65 0R0 211 2.0 24.9 81.6 1.0052 0.00 0.0M
74580.000 1970 COM2 65 0R0 226 4.9 24.9 81.6 1.0052 0.00 0.0M
74640.000 1970 COM2 65 0R0 211 0.8 24.9 81.8 1.0053 0.00 0.0M
74700.000 1970 COM2 65 0R0 245 3.3 24.9 82.0 1.0053 0.00 0.0M
74760.000 1970 COM2 65 0R0 287 2.5 24.9 81.8 1.0053 0.00 0.0M
74820.000 1970 COM2 65 0R0 237 1.9 24.9 81.6 1.0053 0.00 0.0M
74880.000 1970 COM2 65 0R0 271 3.8 24.9 81.6 1.0053 0.00 0.0M
74940.000 1970 COM2 65 0R0 237 3.2 24.9 81.3 1.0053 0.00 0.0M
75000.000 1970 COM2 65 0R0 199 3.4 24.9 81.5 1.0053 0.00 0.0M
75060.000 1970 COM2 65 0R0 165 5.0 24.9 81.7 1.0053 0.00 0.0M
75120.000 1970 COM2 65 0R0 232 3.4 24.9 81.7 1.0053 0.00 0.0M
75180.000 1970 COM2 65 0R0 219 4.5 24.9 81.8 1.0053 0.00 0.0M
75240.000 1970 COM2 65 0R0 247 2.8 24.9 81.4 1.0053 0.00 0.0M
75300.000 1970 COM2 65 0R0 239 2.6 24.9 81.5 1.0053 0.00 0.0M
75360.000 1970 COM2 65 0R0 233 4.2 24.9 81.8 1.0053 0.00 0.0M
75420.000 1970 COM2 65 0R0 214 5.1 24.9 81.6 1.0053 0.00 0.0M
75480.000 1970 COM2 65 0R0 267 2.3 24.9 81.3 1.0052 0.00 0.0M
75540.000 1970 COM2 65 0R0 185 2.8 24.9 81.3 1.0053 0.00 0.0M
75600.000 1970 COM2 65 0R0 211 2.9 24.9 81.5 1.0054 0.00 0.0M
75660.000 1970 COM2 65 0R0 166 3.6 24.9 81.7 1.0053 0.00 0.0M
75720.000 1970 COM2 65 0R0 236 4.7 24.9 81.6 1.0053 0.00 0.0M
75780.000 1970 COM2 65 0R0 188 3.7 24.9 81.4 1.0053 0.00 0.0M
75840.000 1970 COM2 65 0R0 257 2.9 24.9 81.5 1.0053 0.00 0.0M
75900.000 1970 COM2 65 0R0 218 2.4 24.9 81.3 1.0054 0.00 0.0M
75960.000 1970 COM2 65 0R0 235 4.1 24.9 81.3 1.0054 0.00 0.0M
76020.000 1970 COM2 65 0R0 239 2.4 24.9 81.2 1.0054 0.00 0.0M
76080.000 1970 COM2 65 0R0 232 4.1 24.9 81.5 1.0054 0.00 0.0M
76140.100 1970 COM2 65 0R0 226 3.3 24.9 81.3 1.0054 0.00 0.0M
76200.100 1970 COM2 65 0R0 231 4.5 24.9 81.5 1.0055 0.00 0.0M
76260.000 1970 COM2 65 0R0 203 1.4 24.9 81.4 1.0055 0.00 0.0M
76320.000 1970 COM2 65 0R0 242 2.7 24.9 81.3 1.0055 0.00 0.0M
76380.000 1970 COM2 65 0R0 225 2.1 24.9 81.5 1.0055 0.00 0.0M
76440.000 1970 COM2 65 0R0 225 3.6 24.9 81.4 1.0055 0.00 0.0M
76500.000 1970 COM2 65 0R0 189 3.3 24.9 81.5 1.0055 0.00 0.0M
76560.000 1970 COM2 65 0R0 210 2.2 24.9 81.6 1.0055 0.00 0.0M
76620.000 1970 COM2 65 0R0 210 4.4 24.9 81.7 1.0055 0.00 0.0M
76680.000 1970 COM2 65 0R0 228 2.7 24.8 81.6 1.0055 0.00 0.0M
76740.000 1970 COM2 65 0R0 244 2.6 24.8 81.6 1.0055 0.00 0.0M
76800.000 1970 COM2 65 0R0 194 3.3 24.8 81.2 1.0055 0.00 0.0M
76860.000 1970 COM2 65 0R0 207 2.1 24.8 82.0 1.0055 0.00 0.0M
76920.100 1970 COM2 65 0R0 202 2.2 24.9 81.8 1.0055 0.00 0.0M
76980.000 1970 COM2 65 0R0 161 1.6 24.9 81.6 1.0055 0.00 0.0M
77040.100 1970 COM2 65 0R0 211 3.2 24.9 81.5 1.0055 0.00 0.0M
77100.100 1970 COM2 65 0R0 198 5.9 24.9 81.5 1.0055 0.00 0.0M
77160.000 1970 COM2 65 0R0 241 2.9 24.9 80.6 1.0055 0.00 0.0M
77220.100 1970 COM2 65 0R0 203 3.1 24.9 80.4 1.0055 0.00 0.0M
77280.000 1970 COM2 65 0R0 165 4.7 24.9 80.7 1.0055 0.00 0.0M
77340.000 1970 COM2 65 0R0 235 4.8 24.9 80.0 1.0055 0.00 0.0M
77400.000 1970 COM2 65 0R0 195 3.7 25.0 79.8 1.0055 0.00 0.0M
77460.100 1970 COM2 65 0R0 210 3.2 25.0 79.8 1.0055 0.00 0.0M
77520.000 1970 COM2 65 0R0 232 4.8 25.0 79.7 1.0055 0.00 0.0M
77580.000 1970 COM2 65 0R0 234 4.5 24.9 79.2 1.0055 0.00 0.0M
77640.000 1970 COM2 65 0R0 230 3.1 24.9 78.8 1.0055 0.00 0.0M
77700.000 1970 COM2 65 0R0 211 1.8 24.9 78.6 1.0055 0.00 0.0M
77760.000 1970 COM2 65 0R0 218 4.4 24.9 78.6 1.0056 0.00 0.0M
77820.100 1970 COM2 65 0R0 264 1.3 24.9 78.5 1.0056 0.00 0.0M
77880.000 1970 COM2 65 0R0 233 3.3 24.9 78.5 1.0056 0.00 0.0M
77940.100 1970 COM2 65 0R0 209 5.7 24.9 77.8 1.0056 0.00 0.0M
78000.000 1970 COM2 65 0R0 213 2.8 25.0 78.0 1.0056 0.00 0.0M
78060.000 1970 COM2 65 0R0 228 3.2 25.0 78.1 1.0057 0.00 0.0M
78120.000 1970 COM2 65 0R0 238 1.7 25.0 78.1 1.0057 0.00 0.0M
78180.000 1970 COM2 65 0R0 212 3.4 24.9 78.3 1.0057 0.00 0.0M
78240.100 1970 COM2 65 0R0 269 0.9 24.9 78.0 1.0057 0.00 0.0M
78300.100 1970 COM2 65 0R0 246 2.8 24.9 78.1 1.0057 0.00 0.0M
78360.000 1970 COM2 65 0R0 230 1.8 24.9 78.1 1.0057 0.00 0.0M
78420.000 1970 COM2 65 0R0 231 5.3 24.9 78.2 1.0058 0.00 0.0M
78480.000 1970 COM2 65 0R0 241 2.5 24.9 78.0 1.0057 0.00 0.0M
78540.000 1970 COM2 65 0R0 241 2.1 24.9 78.0 1.0058 0.00 0.0M
78600.000 1970 COM2 65 0R0 235 1.4 24.9 78.0 1.0058 0.00 0.0M
78660.000 1970 COM2 65 0R0 230 3.6 24.9 78.0 1.0058 0.00 0.0M
78720.000 1970 COM2 65 0R0 211 2.6 24.9 78.0 1.0058 0.00 0.0M
78780.000 1970 COM2 65 0R0 211 0.6 24.9 78.0 1.0059 0.00 0.0M
78840.000 1970 COM2 65 0R0 226 3.5 24.9 78.1 1.0059 0.00 0.0M
78900.200 1970 COM2 65 0R0 236 3.7 24.9 78.1 1.0059 0.00 0.0M
78960.000 1970 COM2 65 0R0 242 2.6 24.9 78.1 1.0059 0.00 0.0M
79020.000 1970 COM2 65 0R0 259 4.2 24.9 78.2 1.0059 0.00 0.0M
79080.000 1970 COM2 65 0R0 193 2.4 24.9 78.3 1.0059 0.00 0.0M
79140.000 1970 COM2 65 0R0 270 2.4 24.8 78.4 1.0059 0.00 0.0M
79200.000 1970 COM2 65 0R0 238 7.4 24.8 78.4 1.0059 0.00 0.0M
79260.000 1970 COM2 65 0R0 229 4.5 24.8 78.0 1.0058 0.00 0.0M
79320.000 1970 COM2 65 0R0 220 3.3 24.8 78.1 1.0059 0.00 0.0M
79380.000 1970 COM2 65 0R0 226 4.3 24.8 78.3 1.0059 0.00 0.0M
79440.000 1970 COM2 65 0R0 245 2.7 24.8 78.3 1.0059 0.00 0.0M
79500.000 1970 COM2 65 0R0 244 3.8 24.8 78.3 1.0059 0.00 0.0M
79560.000 1970 COM2 65 0R0 254 1.5 24.8 78.1 1.0059 0.00 0.0M
79620.000 1970 COM2 65 0R0 240 3.9 24.8 78.1 1.0059 0.00 0.0M
79680.000 1970 COM2 65 0R0 232 2.7 24.8 78.0 1.0059 0.00 0.0M
79740.000 1970 COM2 65 0R0 205 2.8 24.8 78.1 1.0058 0.00 0.0M
79800.000 1970 COM2 65 0R0 250 2.2 24.8 78.1 1.0058 0.00 0.0M
79860.000 1970 COM2 65 0R0 249 0.9 24.8 78.0 1.0058 0.00 0.0M
79920.000 1970 COM2 65 0R0 314 0.6 24.8 78.0 1.0059 0.00 0.0M
79980.000 1970 COM2 65 0R0 221 3.5 24.8 78.0 1.0059 0.00 0.0M
80040.000 1970 COM2 65 0R0 287 1.3 24.8 78.0 1.0058 0.00 0.0M
80100.000 1970 COM2 65 0R0 246 3.3 24.8 78.1 1.0058 0.00 0.0M
80160.000 1970 COM2 65 0R0 255 2.3 24.8 77.7 1.0058 0.00 0.0M
80220.000 1970 COM2 65 0R0 250 1.2 24.8 78.0 1.0059 0.00 0.0M
80280.000 1970 COM2 65 0R0 241 1.3 24.8 77.7 1.0059 0.00 0.0M
80340.000 1970 COM2 65 0R0 242 2.8 24.8 77.9 1.0059 0.00 0.0M
80400.000 1970 COM2 65 0R0 248 2.2 24.8 78.0 1.0059 0.00 0.0M
80460.000 1970 COM2 65 0R0 216 0.7 24.8 77.6 1.0059 0.00 0.0M
80520.000 1970 COM2 65 0R0 239 2.5 24.8 78.0 1.0059 0.00 0.0M
80580.000 1970 COM2 65 0R0 265 0.5 24.8 77.4 1.0059 0.00 0.0M
80640.000 1970 COM2 65 0R0 265 2.6 24.8 77.7 1.0060 0.00 0.0M
80700.000 1970 COM2 65 0R0 247 2.9 24.8 77.8 1.0060 0.00 0.0M
80760.000 1970 COM2 65 0R0 293 1.8 24.8 77.3 1.0060 0.00 0.0M
80820.000 1970 COM2 65 0R0 248 3.4 24.8 77.6 1.0060 0.00 0.0M
80880.000 1970 COM2 65 0R0 254 2.3 24.8 77.4 1.0060 0.00 0.0M
80940.000 1970 COM2 65 0R0 288 2.0 24.8 77.5 1.0060 0.00 0.0M
81000.000 1970 COM2 65 0R0 217 3.0 24.8 77.5 1.0060 0.00 0.0M
81060.000 1970 COM2 65 0R0 254 1.6 24.8 77.4 1.0060 0.00 0.0M
81120.000 1970 COM2 65 0R0 272 2.1 24.8 77.4 1.0061 0.00 0.0M
81180.000 1970 COM2 65 0R0 297 1.5 24.8 77.5 1.0061 0.00 0.0M
81240.000 1970 COM2 65 0R0 229 2.0 24.8 77.5 1.0061 0.00 0.0M
81300.000 1970 COM2 65 0R0 223 1.9 24.7 77.5 1.0061 0.00 0.0M
81360.000 1970 COM2 65 0R0 156 1.3 24.7 77.4 1.0061 0.00 0.0M
81420.000 1970 COM2 65 0R0 233 3.8 24.7 77.5 1.0060 0.00 0.0M
81480.000 1970 COM2 65 0R0 239 2.1 24.7 77.3 1.0060 0.00 0.0M
81540.100 1970 COM2 65 0R0 242 1.6 24.7 77.2 1.0060 0.00 0.0M
81600.000 1970 COM2 65 0R0 205 3.0 24.7 77.3 1.0060 0.00 0.0M
81660.000 1970 COM2 65 0R0 247 2.7 24.7 77.4 1.0061 0.00 0.0M
81720.000 1970 COM2 65 0R0 237 2.0 24.7 77.3 1.0061 0.00 0.0M
81780.000 1970 COM2 65 0R0 283 2.0 24.7 77.2 1.0060 0.00 0.0M
81840.000 1970 COM2 65 0R0 213 2.9 24.7 77.3 1.0061 0.00 0.0M
81900.000 1970 COM2 65 0R0 268 1.4 24.7 77.4 1.0061 0.00 0.0M
81960.000 1970 COM2 65 0R0 242 1.9 24.7 77.2 1.0061 0.00 0.0M
82020.000 1970 COM2 65 0R0 252 3.5 24.7 77.4 1.0061 0.00 0.0M
82080.000 1970 COM2 65 0R0 293 0.6 24.7 77.4 1.0062 0.00 0.0M
82140.000 1970 COM2 65 0R0 267 1.8 24.7 76.7 1.0062 0.00 0.0M
82200.000 1970 COM2 65 0R0 229 0.4 24.7 77.1 1.0062 0.00 0.0M
82260.000 1970 COM2 65 0R0 240 2.0 24.6 77.2 1.0062 0.00 0.0M
82320.000 1970 COM2 65 0R0 221 3.2 24.6 77.6 1.0062 0.00 0.0M
82380.000 1970 COM2 65 0R0 225 3.2 24.6 77.6 1.0062 0.00 0.0M
82440.000 1970 COM2 65 0R0 278 2.3 24.6 77.7 1.0063 0.00 0.0M
82500.000 1970 COM2 65 0R0 225 1.2 24.6 77.7 1.0063 0.00 0.0M
82560.000 1970 COM2 65 0R0 266 1.6 24.6 77.7 1.0063 0.00 0.0M
82620.000 1970 COM2 65 0R0 241 1.3 24.6 77.9 1.0063 0.00 0.0M
82680.000 1970 COM2 65 0R0 224 2.1 24.6 77.5 1.0063 0.00 0.0M
82740.000 1970 COM2 65 0R0 227 2.2 24.6 77.6 1.0062 0.00 0.0M
82800.000 1970 COM2 65 0R0 254 2.3 24.6 77.7 1.0062 0.00 0.0M
82860.000 1970 COM2 65 0R0 223 1.3 24.6 77.9 1.0062 0.00 0.0M
82920.000 1970 COM2 65 0R0 219 1.3 24.6 77.7 1.0062 0.00 0.0M
82980.100 1970 COM2 65 0R0 233 1.5 24.6 77.9 1.0062 0.00 0.0M
83040.100 1970 COM2 65 0R0 246 2.0 24.6 77.8 1.0062 0.00 0.0M
83100.000 1970 COM2 65 0R0 229 1.4 24.5 78.0 1.0063 0.00 0.0M
83160.000 1970 COM2 65 0R0 233 1.7 24.5 77.8 1.0062 0.00 0.0M
83220.100 1970 COM2 65 0R0 238 2.0 24.5 78.1 1.0063 0.00 0.0M
83280.000 1970 COM2 65 0R0 239 1.2 24.5 78.1 1.0063 0.00 0.0M
83340.000 1970 COM2 65 0R0 208 1.8 24.5 78.1 1.0063 0.00 0.0M
83400.000 1970 COM2 65 0R0 265 0.6 24.5 78.3 1.0063 0.00 0.0M
83460.000 1970 COM2 65 0R0 213 1.4 24.5 78.1 1.0063 0.00 0.0M
83520.000 1970 COM2 65 0R0 251 1.3 24.5 78.3 1.0063 0.00 0.0M
83580.000 1970 COM2 65 0R0 230 1.7 24.5 78.4 1.0063 0.00 0.0M
83640.000 1970 COM2 65 0R0 221 1.9 24.5 78.3 1.0063 0.00 0.0M
83700.000 1970 COM2 65 0R0 240 1.1 24.5 78.5 1.0063 0.00 0.0M
83760.000 1970 COM2 65 0R0 248 1.9 24.5 78.5 1.0063 0.00 0.0M
83820.000 1970 COM2 65 0R0 225 1.1 24.4 78.5 1.0063 0.00 0.0M
83880.000 1970 COM2 65 0R0 234 1.8 24.4 78.6 1.0064 0.00 0.0M
83940.000 1970 COM2 65 0R0 217 1.9 24.4 78.7 1.0064 0.00 0.0M
84000.000 1970 COM2 65 0R0 241 0.7 24.4 78.9 1.0064 0.00 0.0M
84060.000 1970 COM2 65 0R0 223 2.3 24.4 79.0 1.0064 0.00 0.0M
84120.000 1970 COM2 65 0R0 234 2.1 24.4 78.9 1.0063 0.00 0.0M
84180.000 1970 COM2 65 0R0 237 1.5 24.4 79.1 1.0063 0.00 0.0M
84240.000 1970 COM2 65 0R0 290 1.3 24.4 79.1 1.0063 0.00 0.0M
84300.000 1970 COM2 65 0R0 237 1.2 24.4 79.2 1.0063 0.00 0.0M
84360.000 1970 COM2 65 0R0 249 1.8 24.3 79.0 1.0063 0.00 0.0M
84420.000 1970 COM2 65 0R0 247 0.7 24.3 79.3 1.0063 0.00 0.0M
84480.000 1970 COM2 65 0R0 256 0.6 24.3 79.1 1.0063 0.00 0.0M
84540.000 1970 COM2 65 0R0 251 1.0 24.3 78.3 1.0064 0.00 0.0M
84600.000 1970 COM2 65 0R0 258 1.5 24.3 79.3 1.0064 0.00 0.0M
84660.000 1970 COM2 65 0R0 243 1.4 24.3 79.6 1.0064 0.00 0.0M
84720.000 1970 COM2 65 0R0 238 1.8 24.3 79.7 1.0064 0.00 0.0M
84780.000 1970 COM2 65 0R0 245 1.1 24.3 79.8 1.0064 0.00 0.0M
84840.000 1970 COM2 65 0R0 239 0.6 24.2 79.7 1.0064 0.00 0.0M
84900.100 1970 COM2 65 0R0 221 0.8 24.2 79.8 1.0063 0.00 0.0M
84960.000 1970 COM2 65 0R0 239 1.3 24.2 79.8 1.0064 0.00 0.0M
85020.000 1970 COM2 65 0R0 230 1.1 24.2 79.9 1.0064 0.00 0.0M
85080.000 1970 COM2 65 0R0 214 1.6 24.2 79.8 1.0064 0.00 0.0M
85140.000 1970 COM2 65 0R0 241 1.6 24.2 80.0 1.0063 0.00 0.0M
85200.000 1970 COM2 65 0R0 222 1.7 24.2 80.0 1.0063 0.00 0.0M
85260.000 1970 COM2 65 0R0 225 1.7 24.2 80.1 1.0063 0.00 0.0M
85320.000 1970 COM2 65 0R0 221 1.8 24.2 80.0 1.0063 0.00 0.0M
85380.000 1970 COM2 65 0R0 222 1.9 24.2 80.1 1.0063 0.00 0.0M
85440.000 1970 COM2 65 0R0 254 1.3 24.2 80.2 1.0063 0.00 0.0M
85500.000 1970 COM2 65 0R0 224 1.3 24.1 80.3 1.0063 0.00 0.0M
85560.000 1970 COM2 65 0R0 236 1.6 24.1 80.2 1.0063 0.00 0.0M
85620.000 1970 COM2 65 0R0 227 2.1 24.1 80.3 1.0064 0.00 0.0M
85680.000 1970 COM2 65 0R0 233 1.1 24.1 80.3 1.0063 0.00 0.0M
85740.000 1970 COM2 65 0R0 219 1.4 24.1 80.4 1.0064 0.00 0.0M
85800.000 1970 COM2 65 0R0 212 1.6 24.1 80.5 1.0064 0.00 0.0M
85860.000 1970 COM2 65 0R0 200 1.7 24.1 80.6 1.0064 0.00 0.0M
85920.000 1970 COM2 65 0R0 214 2.0 24.1 80.6 1.0064 0.00 0.0M
85980.000 1970 COM2 65 0R0 226 1.9 24.1 80.6 1.0064 0.00 0.0M
86040.000 1970 COM2 65 0R0 228 1.7 24.1 80.7 1.0064 0.00 0.0M
86100.000 1970 COM2 65 0R0 225 1.2 24.1 80.8 1.0064 0.00 0.0M
86160.000 1970 COM2 65 0R0 228 1.1 24.1 80.9 1.0064 0.00 0.0M
86220.000 1970 COM2 65 0R0 224 1.6 24.0 80.9 1.0064 0.00 0.0M
86280.000 1970 COM2 65 0R0 226 1.7 24.0 81.1 1.0064 0.00 0.0M
86340.000 1970 COM2 65 0R0 241 1.8 24.0 81.0 1.0064 0.00 0.0M
