TO [s] WNc [w] C StringLn ASCIIString
---------------------------------------
259200.000 1972 COM2 65 0R0 164 4.4 19.7 87.3 0.9991 0.00 0.0M
259260.000 1972 COM2 65 0R0 152 1.8 19.7 88.0 0.9991 0.00 0.0M
259320.000 1972 COM2 65 0R0 134 1.9 19.7 87.6 0.9990 0.00 0.0M
259380.000 1972 COM2 65 0R0 163 3.3 19.7 87.8 0.9991 0.00 0.0M
259440.000 1972 COM2 65 0R0 157 2.8 19.7 87.8 0.9990 0.00 0.0M
259500.000 1972 COM2 65 0R0 181 2.4 19.6 87.9 0.9990 0.00 0.0M
259560.000 1972 COM2 65 0R0 138 1.7 19.6 87.7 0.9990 0.00 0.0M
259620.000 1972 COM2 65 0R0 158 2.0 19.6 87.5 0.9990 0.00 0.0M
259680.000 1972 COM2 65 0R0 154 1.4 19.6 87.6 0.9990 0.00 0.0M
259740.000 1972 COM2 65 0R0 113 1.4 19.6 87.6 0.9990 0.00 0.0M
259800.000 1972 COM2 65 0R0 137 1.8 19.6 87.7 0.9990 0.00 0.0M
259860.000 1972 COM2 65 0R0 143 2.3 19.5 87.9 0.9990 0.00 0.0M
259920.000 1972 COM2 65 0R0 136 1.8 19.5 88.1 0.9990 0.00 0.0M
259980.000 1972 COM2 65 0R0 142 1.3 19.5 88.0 0.9990 0.00 0.0M
260040.000 1972 COM2 65 0R0 142 1.6 19.5 87.9 0.9990 0.00 0.0M
260100.000 1972 COM2 65 0R0 132 1.4 19.4 87.9 0.9990 0.00 0.0M
260160.000 1972 COM2 65 0R0 148 1.7 19.4 87.9 0.9990 0.00 0.0M
260220.000 1972 COM2 65 0R0 179 1.9 19.4 88.1 0.9990 0.00 0.0M
260280.000 1972 COM2 65 0R0 145 2.6 19.4 88.0 0.9990 0.00 0.0M
260340.000 1972 COM2 65 0R0 121 1.2 19.4 88.5 0.9990 0.00 0.0M
260400.000 1972 COM2 65 0R0 167 3.0 19.4 88.5 0.9990 0.00 0.0M
260460.000 1972 COM2 65 0R0 162 2.8 19.4 88.6 0.9990 0.00 0.0M
260520.000 1972 COM2 65 0R0 148 3.5 19.4 88.9 0.9989 0.00 0.0M
260580.000 1972 COM2 65 0R0 157 2.4 19.4 88.8 0.9989 0.00 0.0M
260640.000 1972 COM2 65 0R0 194 1.3 19.4 88.8 0.9989 0.00 0.0M
260700.000 1972 COM2 65 0R0 207 1.6 19.4 88.5 0.9989 0.00 0.0M
260760.000 1972 COM2 65 0R0 198 1.4 19.4 89.0 0.9988 0.00 0.0M
260820.000 1972 COM2 65 0R0 181 0.8 19.4 89.3 0.9988 0.00 0.0M
260880.000 1972 COM2 65 0R0 132 0.6 19.4 89.0 0.9988 0.00 0.0M
260940.000 1972 COM2 65 0R0 156 1.3 19.4 88.8 0.9988 0.00 0.0M
261000.000 1972 COM2 65 0R0 158 1.4 19.3 88.6 0.9988 0.00 0.0M
261060.000 1972 COM2 65 0R0 169 1.1 19.3 88.5 0.9988 0.00 0.0M
261120.000 1972 COM2 65 0R0 105 1.3 19.3 89.0 0.9988 0.00 0.0M
261180.000 1972 COM2 65 0R0 139 2.3 19.3 89.3 0.9988 0.00 0.0M
261240.000 1972 COM2 65 0R0 149 1.7 19.3 89.2 0.9988 0.00 0.0M
261300.000 1972 COM2 65 0R0 139 2.0 19.3 89.1 0.9989 0.00 0.0M
261360.000 1972 COM2 65 0R0 152 1.7 19.3 89.0 0.9989 0.00 0.0M
261420.000 1972 COM2 65 0R0 130 1.3 19.3 89.2 0.9989 0.00 0.0M
261480.000 1972 COM2 65 0R0 164 1.9 19.2 89.2 0.9988 0.00 0.0M
261540.000 1972 COM2 65 0R0 140 1.1 19.2 89.0 0.9988 0.00 0.0M
261600.000 1972 COM2 65 0R0 157 2.9 19.2 89.3 0.9988 0.00 0.0M
261660.000 1972 COM2 65 0R0 156 1.8 19.2 89.6 0.9988 0.00 0.0M
261720.000 1972 COM2 65 0R0 158 1.9 19.2 89.5 0.9989 0.00 0.0M
261780.000 1972 COM2 65 0R0 151 1.5 19.2 89.6 0.9989 0.00 0.0M
261840.000 1972 COM2 65 0R0 159 2.4 19.2 89.7 0.9988 0.00 0.0M
261900.000 1972 COM2 65 0R0 139 1.2 19.2 89.4 0.9988 0.00 0.0M
261960.000 1972 COM2 65 0R0 106 0.5 19.2 89.5 0.9988 0.00 0.0M
262020.000 1972 COM2 65 0R0 191 1.6 19.1 89.5 0.9988 0.00 0.0M
262080.000 1972 COM2 65 0R0 168 1.2 19.1 89.8 0.9988 0.00 0.0M
262140.000 1972 COM2 65 0R0 169 1.3 19.1 89.7 0.9989 0.00 0.0M
262200.000 1972 COM2 65 0R0 202 0.7 19.1 89.6 0.9989 0.00 0.0M
262260.000 1972 COM2 65 0R0 247 0.3 19.1 89.8 0.9989 0.00 0.0M
262320.000 1972 COM2 65 0R0 142 0.8 19.1 89.6 0.9989 0.00 0.0M
262380.000 1972 COM2 65 0R0 170 0.4 19.1 89.7 0.9990 0.00 0.0M
262440.000 1972 COM2 65 0R0 105 0.5 19.1 90.0 0.9990 0.00 0.0M
262500.000 1972 COM2 65 0R0 180 1.6 19.1 89.8 0.9990 0.00 0.0M
262560.000 1972 COM2 65 0R0 084 0.4 19.1 89.7 0.9991 0.00 0.0M
262620.000 1972 COM2 65 0R0 134 0.8 19.0 89.7 0.9991 0.00 0.0M
262680.000 1972 COM2 65 0R0 131 2.0 19.0 89.8 0.9991 0.00 0.0M
262740.000 1972 COM2 65 0R0 152 1.9 19.0 89.9 0.9991 0.00 0.0M
262800.000 1972 COM2 65 0R0 154 1.9 19.0 90.1 0.9991 0.00 0.0M
262860.100 1972 COM2 65 0R0 150 2.1 19.0 90.1 0.9992 0.00 0.0M
262920.000 1972 COM2 65 0R0 124 1.7 19.0 90.2 0.9992 0.00 0.0M
262980.000 1972 COM2 65 0R0 116 1.4 19.0 90.1 0.9993 0.00 0.0M
263040.000 1972 COM2 65 0R0 128 1.7 19.0 90.0 0.9993 0.00 0.0M
263100.000 1972 COM2 65 0R0 126 1.9 19.0 90.0 0.9993 0.00 0.0M
263160.000 1972 COM2 65 0R0 120 1.5 19.0 90.0 0.9993 0.00 0.0M
263220.000 1972 COM2 65 0R0 121 2.0 18.9 90.0 0.9993 0.00 0.0M
263280.000 1972 COM2 65 0R0 138 1.2 18.9 90.1 0.9993 0.00 0.0M
263340.000 1972 COM2 65 0R0 120 1.9 18.9 90.1 0.9994 0.00 0.0M
263400.000 1972 COM2 65 0R0 111 2.2 18.9 90.2 0.9995 0.00 0.0M
263460.000 1972 COM2 65 0R0 106 1.4 18.9 90.1 0.9995 0.00 0.0M
263520.000 1972 COM2 65 0R0 133 1.5 18.9 90.1 0.9995 0.00 0.0M
263580.000 1972 COM2 65 0R0 125 2.1 18.9 90.1 0.9995 0.00 0.0M
263640.000 1972 COM2 65 0R0 124 2.2 18.9 90.1 0.9995 0.00 0.0M
263700.000 1972 COM2 65 0R0 114 1.5 18.9 90.1 0.9995 0.00 0.0M
263760.000 1972 COM2 65 0R0 119 1.2 18.9 90.2 0.9995 0.00 0.0M
263820.000 1972 COM2 65 0R0 126 2.6 18.9 90.2 0.9995 0.00 0.0M
263880.000 1972 COM2 65 0R0 095 1.4 18.9 90.3 0.9995 0.00 0.0M
263940.000 1972 COM2 65 0R0 130 2.3 18.9 90.2 0.9994 0.00 0.0M
264000.000 1972 COM2 65 0R0 116 1.3 18.9 90.2 0.9994 0.00 0.0M
264060.000 1972 COM2 65 0R0 149 1.1 18.8 90.1 0.9994 0.00 0.0M
264120.000 1972 COM2 65 0R0 152 0.9 18.8 90.3 0.9995 0.00 0.0M
264180.000 1972 COM2 65 0R0 133 0.6 18.8 90.2 0.9995 0.00 0.0M
264240.000 1972 COM2 65 0R0 126 1.4 18.8 90.3 0.9995 0.00 0.0M
264300.000 1972 COM2 65 0R0 119 1.2 18.8 90.4 0.9996 0.00 0.0M
264360.000 1972 COM2 65 0R0 131 1.3 18.8 90.4 0.9996 0.00 0.0M
264420.000 1972 COM2 65 0R0 129 1.4 18.8 90.3 0.9996 0.00 0.0M
264480.000 1972 COM2 65 0R0 140 0.7 18.8 90.4 0.9996 0.00 0.0M
264540.000 1972 COM2 65 0R0 130 1.0 18.8 90.4 0.9995 0.00 0.0M
264600.000 1972 COM2 65 0R0 137 0.8 18.7 90.2 0.9995 0.00 0.0M
264660.000 1972 COM2 65 0R0 166 1.6 18.7 90.4 0.9995 0.00 0.0M
264720.000 1972 COM2 65 0R0 145 1.6 18.7 90.6 0.9995 0.00 0.0M
264780.000 1972 COM2 65 0R0 133 1.8 18.7 90.6 0.9995 0.00 0.0M
264840.000 1972 COM2 65 0R0 137 1.3 18.7 90.8 0.9996 0.00 0.0M
264900.000 1972 COM2 65 0R0 177 1.4 18.7 90.7 0.9996 0.00 0.0M
264960.000 1972 COM2 65 0R0 146 1.8 18.7 90.7 0.9996 0.00 0.0M
265020.000 1972 COM2 65 0R0 148 2.0 18.7 90.9 0.9996 0.00 0.0M
265080.000 1972 COM2 65 0R0 119 2.0 18.7 91.0 0.9996 0.00 0.0M
265140.000 1972 COM2 65 0R0 145 1.7 18.7 91.2 0.9995 0.00 0.0M
265200.000 1972 COM2 65 0R0 142 2.1 18.7 91.2 0.9995 0.00 0.0M
265260.000 1972 COM2 65 0R0 104 0.7 18.6 91.0 0.9995 0.00 0.0M
265320.000 1972 COM2 65 0R0 164 1.8 18.6 91.2 0.9995 0.00 0.0M
265380.000 1972 COM2 65 0R0 128 1.1 18.6 91.4 0.9995 0.00 0.0M
265440.000 1972 COM2 65 0R0 154 1.6 18.6 91.4 0.9995 0.00 0.0M
265500.100 1972 COM2 65 0R0 162 3.0 18.6 91.5 0.9995 0.00 0.0M
265560.000 1972 COM2 65 0R0 164 3.0 18.6 91.6 0.9994 0.00 0.0M
265620.000 1972 COM2 65 0R0 169 2.3 18.6 91.8 0.9994 0.00 0.0M
265680.000 1972 COM2 65 0R0 172 3.9 18.7 91.8 0.9994 0.00 0.0M
265740.000 1972 COM2 65 0R0 143 1.9 18.7 92.0 0.9993 0.00 0.0M
265800.000 1972 COM2 65 0R0 182 2.8 18.7 92.2 0.9994 0.00 0.0M
265860.000 1972 COM2 65 0R0 130 0.6 18.7 92.1 0.9994 0.00 0.0M
265920.000 1972 COM2 65 0R0 168 1.6 18.7 92.1 0.9993 0.00 0.0M
265980.000 1972 COM2 65 0R0 187 1.8 18.7 92.0 0.9993 0.00 0.0M
266040.000 1972 COM2 65 0R0 220 1.1 18.7 92.0 0.9993 0.00 0.0M
266100.000 1972 COM2 65 0R0 160 1.1 18.7 92.0 0.9993 0.00 0.0M
266160.000 1972 COM2 65 0R0 192 1.2 18.7 91.9 0.9993 0.00 0.0M
266220.000 1972 COM2 65 0R0 180 1.9 18.7 91.8 0.9993 0.00 0.0M
266280.000 1972 COM2 65 0R0 118 1.4 18.7 92.0 0.9993 0.00 0.0M
266340.000 1972 COM2 65 0R0 161 2.4 18.7 92.1 0.9993 0.00 0.0M
266400.000 1972 COM2 65 0R0 147 2.8 18.7 92.2 0.9993 0.00 0.0M
266460.000 1972 COM2 65 0R0 137 2.6 18.7 92.2 0.9993 0.00 0.0M
266520.000 1972 COM2 65 0R0 170 3.0 18.7 92.3 0.9993 0.00 0.0M
266580.000 1972 COM2 65 0R0 146 1.3 18.7 92.4 0.9993 0.00 0.0M
266640.000 1972 COM2 65 0R0 153 2.8 18.7 92.1 0.9992 0.00 0.0M
266700.000 1972 COM2 65 0R0 156 2.7 18.7 92.1 0.9992 0.00 0.0M
266760.000 1972 COM2 65 0R0 165 3.1 18.7 92.1 0.9992 0.00 0.0M
266820.000 1972 COM2 65 0R0 154 3.5 18.6 92.2 0.9991 0.00 0.0M
266880.000 1972 COM2 65 0R0 129 0.9 18.6 92.1 0.9991 0.00 0.0M
266940.000 1972 COM2 65 0R0 164 2.0 18.6 92.2 0.9991 0.00 0.0M
267000.100 1972 COM2 65 0R0 163 2.8 18.6 92.1 0.9991 0.00 0.0M
267060.000 1972 COM2 65 0R0 160 3.2 18.6 92.1 0.9991 0.00 0.0M
267120.000 1972 COM2 65 0R0 163 2.3 18.6 92.2 0.9990 0.00 0.0M
267180.000 1972 COM2 65 0R0 121 1.1 18.6 92.1 0.9990 0.00 0.0M
267240.000 1972 COM2 65 0R0 151 2.7 18.5 92.0 0.9990 0.00 0.0M
267300.000 1972 COM2 65 0R0 111 1.8 18.5 92.1 0.9990 0.00 0.0M
267360.000 1972 COM2 65 0R0 145 1.9 18.6 92.3 0.9990 0.00 0.0M
267420.000 1972 COM2 65 0R0 160 2.3 18.6 92.2 0.9990 0.00 0.0M
267480.000 1972 COM2 65 0R0 150 1.7 18.6 92.3 0.9990 0.00 0.0M
267540.000 1972 COM2 65 0R0 136 1.6 18.6 92.2 0.9990 0.00 0.0M
267600.000 1972 COM2 65 0R0 162 2.0 18.5 92.1 0.9990 0.00 0.0M
267660.000 1972 COM2 65 0R0 142 1.3 18.5 92.1 0.9990 0.00 0.0M
267720.000 1972 COM2 65 0R0 144 1.9 18.5 92.1 0.9989 0.00 0.0M
267780.000 1972 COM2 65 0R0 155 2.0 18.5 92.1 0.9989 0.00 0.0M
267840.000 1972 COM2 65 0R0 179 1.5 18.5 92.3 0.9989 0.00 0.0M
267900.000 1972 COM2 65 0R0 183 1.3 18.5 92.2 0.9988 0.00 0.0M
267960.000 1972 COM2 65 0R0 176 0.6 18.5 92.3 0.9988 0.00 0.0M
268020.000 1972 COM2 65 0R0 018 0.2 18.5 92.3 0.9989 0.00 0.0M
268080.000 1972 COM2 65 0R0 127 0.6 18.5 92.3 0.9989 0.00 0.0M
268140.000 1972 COM2 65 0R0 122 1.0 18.5 92.3 0.9989 0.00 0.0M
268200.000 1972 COM2 65 0R0 203 1.6 18.6 92.4 0.9989 0.00 0.0M
268260.000 1972 COM2 65 0R0 154 2.2 18.6 92.4 0.9989 0.00 0.0M
268320.000 1972 COM2 65 0R0 174 1.3 18.6 92.4 0.9989 0.00 0.0M
268380.000 1972 COM2 65 0R0 157 0.8 18.6 92.4 0.9989 0.00 0.0M
268440.000 1972 COM2 65 0R0 140 0.4 18.6 92.3 0.9989 0.00 0.0M
268500.000 1972 COM2 65 0R0 108 0.4 18.6 92.3 0.9989 0.00 0.0M
268560.000 1972 COM2 65 0R0 146 2.0 18.6 92.3 0.9989 0.00 0.0M
268620.000 1972 COM2 65 0R0 161 0.5 18.6 92.3 0.9988 0.00 0.0M
268680.000 1972 COM2 65 0R0 100 1.1 18.6 92.3 0.9988 0.00 0.0M
268740.000 1972 COM2 65 0R0 132 1.8 18.6 92.3 0.9988 0.00 0.0M
268800.000 1972 COM2 65 0R0 182 2.3 18.6 92.3 0.9988 0.00 0.0M
268860.000 1972 COM2 65 0R0 120 1.1 18.6 92.3 0.9988 0.00 0.0M
268920.000 1972 COM2 65 0R0 209 1.6 18.6 92.4 0.9988 0.00 0.0M
268980.000 1972 COM2 65 0R0 134 0.9 18.6 92.4 0.9988 0.00 0.0M
269040.000 1972 COM2 65 0R0 243 1.1 18.6 92.4 0.9988 0.00 0.0M
269100.000 1972 COM2 65 0R0 241 1.8 18.6 92.4 0.9987 0.00 0.0M
269160.100 1972 COM2 65 0R0 174 2.4 18.6 92.5 0.9987 0.00 0.0M
269220.000 1972 COM2 65 0R0 233 1.4 18.6 92.5 0.9987 0.00 0.0M
269280.000 1972 COM2 65 0R0 214 0.6 18.6 92.5 0.9987 0.00 0.0M
269340.000 1972 COM2 65 0R0 186 1.1 18.6 92.5 0.9987 0.00 0.0M
269400.000 1972 COM2 65 0R0 203 0.7 18.6 92.5 0.9988 0.00 0.0M
269460.000 1972 COM2 65 0R0 185 0.4 18.6 92.5 0.9988 0.00 0.0M
269520.000 1972 COM2 65 0R0 228 1.7 18.6 92.5 0.9989 0.00 0.0M
269580.000 1972 COM2 65 0R0 179 1.3 18.6 92.5 0.9989 0.00 0.0M
269640.100 1972 COM2 65 0R0 180 2.0 18.6 92.4 0.9990 0.00 0.0M
269700.100 1972 COM2 65 0R0 248 1.6 18.6 92.4 0.9990 0.00 0.0M
269760.100 1972 COM2 65 0R0 187 0.8 18.6 92.5 0.9990 0.00 0.0M
269820.100 1972 COM2 65 0R0 221 3.0 18.6 92.5 0.9989 0.00 0.0M
269880.000 1972 COM2 65 0R0 261 1.3 18.6 92.5 0.9989 0.00 0.0M
269940.100 1972 COM2 65 0R0 216 1.0 18.6 92.5 0.9989 0.00 0.0M
270000.000 1972 COM2 65 0R0 223 1.2 18.6 92.5 0.9989 0.00 0.0M
270060.000 1972 COM2 65 0R0 243 1.7 18.6 92.6 0.9989 0.00 0.0M
270120.100 1972 COM2 65 0R0 304 0.4 18.6 92.6 0.9989 0.00 0.0M
270180.000 1972 COM2 65 0R0 240 2.2 18.6 92.6 0.9989 0.00 0.0M
270240.100 1972 COM2 65 0R0 232 0.8 18.6 92.5 0.9989 0.00 0.0M
270300.000 1972 COM2 65 0R0 234 1.6 18.6 92.5 0.9989 0.00 0.0M
270360.100 1972 COM2 65 0R0 228 2.0 18.5 92.5 0.9988 0.00 0.0M
270420.000 1972 COM2 65 0R0 217 2.5 18.5 92.5 0.9988 0.00 0.0M
270480.000 1972 COM2 65 0R0 205 3.2 18.5 92.5 0.9989 0.00 0.0M
270540.100 1972 COM2 65 0R0 185 2.2 18.5 92.5 0.9989 0.00 0.0M
270600.000 1972 COM2 65 0R0 267 1.0 18.5 92.5 0.9989 0.00 0.0M
270660.000 1972 COM2 65 0R0 231 2.8 18.5 92.5 0.9990 0.00 0.0M
270720.100 1972 COM2 65 0R0 162 1.2 18.5 92.6 0.9990 0.00 0.0M
270780.100 1972 COM2 65 0R0 217 1.6 18.5 92.7 0.9990 0.00 0.0M
270840.100 1972 COM2 65 0R0 187 2.0 18.5 92.7 0.9991 0.00 0.0M
270900.000 1972 COM2 65 0R0 255 1.3 18.5 92.7 0.9991 0.00 0.0M
270960.100 1972 COM2 65 0R0 150 1.0 18.5 92.6 0.9991 0.00 0.0M
271020.000 1972 COM2 65 0R0 104 0.6 18.5 92.6 0.9991 0.00 0.0M
271080.000 1972 COM2 65 0R0 137 0.9 18.5 92.6 0.9990 0.00 0.0M
271140.000 1972 COM2 65 0R0 109 0.8 18.4 92.6 0.9990 0.00 0.0M
271200.000 1972 COM2 65 0R0 154 1.4 18.4 92.6 0.9991 0.00 0.0M
271260.000 1972 COM2 65 0R0 145 1.3 18.4 92.6 0.9991 0.00 0.0M
271320.000 1972 COM2 65 0R0 213 0.7 18.4 92.6 0.9991 0.00 0.0M
271380.000 1972 COM2 65 0R0 139 1.8 18.4 92.6 0.9991 0.00 0.0M
271440.000 1972 COM2 65 0R0 130 1.4 18.4 92.6 0.9991 0.00 0.0M
271500.000 1972 COM2 65 0R0 132 0.4 18.4 92.6 0.9992 0.00 0.0M
271560.000 1972 COM2 65 0R0 094 1.9 18.4 92.6 0.9992 0.00 0.0M
271620.000 1972 COM2 65 0R0 211 1.8 18.4 92.6 0.9992 0.00 0.0M
271680.000 1972 COM2 65 0R0 105 0.9 18.4 92.6 0.9993 0.00 0.0M
271740.000 1972 COM2 65 0R0 116 1.5 18.4 92.6 0.9992 0.00 0.0M
271800.000 1972 COM2 65 0R0 149 2.4 18.4 92.6 0.9992 0.00 0.0M
271860.000 1972 COM2 65 0R0 138 2.4 18.4 92.7 0.9992 0.00 0.0M
271920.000 1972 COM2 65 0R0 125 1.6 18.4 92.7 0.9992 0.00 0.0M
271980.000 1972 COM2 65 0R0 155 1.5 18.3 92.6 0.9992 0.00 0.0M
272040.000 1972 COM2 65 0R0 142 3.2 18.3 92.7 0.9991 0.00 0.0M
272100.000 1972 COM2 65 0R0 150 0.7 18.3 92.7 0.9991 0.00 0.0M
272160.000 1972 COM2 65 0R0 241 1.3 18.3 92.7 0.9991 0.00 0.0M
272220.000 1972 COM2 65 0R0 237 3.9 18.3 92.8 0.9990 0.00 0.0M
272280.000 1972 COM2 65 0R0 190 3.0 18.3 92.8 0.9991 0.00 0.0M
272340.000 1972 COM2 65 0R0 213 2.5 18.3 92.7 0.9990 0.00 0.0M
272400.000 1972 COM2 65 0R0 199 2.1 18.2 92.5 0.9990 0.00 0.0M
272460.000 1972 COM2 65 0R0 229 2.7 18.2 92.4 0.9990 0.00 0.0M
272520.000 1972 COM2 65 0R0 224 1.4 18.2 92.4 0.9989 0.00 0.0M
272580.000 1972 COM2 65 0R0 268 2.4 18.2 92.4 0.9989 0.00 0.0M
272640.000 1972 COM2 65 0R0 225 4.3 18.2 92.4 0.9989 0.00 0.0M
272700.000 1972 COM2 65 0R0 175 2.0 18.2 92.2 0.9989 0.00 0.0M
272760.000 1972 COM2 65 0R0 228 3.0 18.2 92.2 0.9988 0.00 0.0M
272820.000 1972 COM2 65 0R0 182 4.5 18.1 92.0 0.9988 0.00 0.0M
272880.000 1972 COM2 65 0R0 222 2.6 18.1 91.9 0.9988 0.00 0.0M
272940.000 1972 COM2 65 0R0 184 2.5 18.1 91.9 0.9988 0.00 0.0M
273000.000 1972 COM2 65 0R0 221 1.5 18.1 91.8 0.9987 0.00 0.0M
273060.000 1972 COM2 65 0R0 216 3.0 18.1 91.8 0.9987 0.00 0.0M
273120.000 1972 COM2 65 0R0 225 3.1 18.1 91.8 0.9987 0.00 0.0M
273180.000 1972 COM2 65 0R0 221 3.5 18.1 91.7 0.9986 0.00 0.0M
273240.000 1972 COM2 65 0R0 212 2.5 18.1 91.6 0.9986 0.00 0.0M
273300.000 1972 COM2 65 0R0 189 2.0 18.1 91.6 0.9986 0.00 0.0M
273360.000 1972 COM2 65 0R0 210 3.0 18.1 91.6 0.9986 0.00 0.0M
273420.000 1972 COM2 65 0R0 193 3.4 18.1 91.4 0.9985 0.00 0.0M
273480.000 1972 COM2 65 0R0 200 2.2 18.1 91.3 0.9985 0.00 0.0M
273540.000 1972 COM2 65 0R0 231 3.5 18.1 91.0 0.9985 0.00 0.0M
273600.000 1972 COM2 65 0R0 231 2.3 18.0 90.8 0.9985 0.00 0.0M
273660.000 1972 COM2 65 0R0 240 2.0 18.0 90.5 0.9985 0.00 0.0M
273720.000 1972 COM2 65 0R0 210 2.5 18.0 90.4 0.9985 0.00 0.0M
273780.000 1972 COM2 65 0R0 206 3.0 18.0 90.5 0.9985 0.00 0.0M
273840.000 1972 COM2 65 0R0 233 3.1 18.0 90.5 0.9985 0.00 0.0M
273900.000 1972 COM2 65 0R0 197 3.2 18.0 90.5 0.9985 0.00 0.0M
273960.000 1972 COM2 65 0R0 269 0.8 18.0 90.5 0.9985 0.00 0.0M
274020.000 1972 COM2 65 0R0 215 2.1 18.0 90.5 0.9985 0.00 0.0M
274080.000 1972 COM2 65 0R0 219 2.1 18.0 90.4 0.9985 0.00 0.0M
274140.000 1972 COM2 65 0R0 240 2.9 18.0 90.4 0.9985 0.00 0.0M
274200.000 1972 COM2 65 0R0 198 2.4 18.0 90.5 0.9985 0.00 0.0M
274260.000 1972 COM2 65 0R0 230 2.0 18.0 90.4 0.9985 0.00 0.0M
274320.000 1972 COM2 65 0R0 232 3.0 18.0 90.5 0.9984 0.00 0.0M
274380.000 1972 COM2 65 0R0 239 2.3 18.0 90.5 0.9984 0.00 0.0M
274440.000 1972 COM2 65 0R0 236 2.8 18.0 90.5 0.9984 0.00 0.0M
274500.000 1972 COM2 65 0R0 242 1.3 18.0 90.5 0.9984 0.00 0.0M
274560.000 1972 COM2 65 0R0 239 2.5 18.0 90.5 0.9984 0.00 0.0M
274620.000 1972 COM2 65 0R0 216 1.7 18.0 90.6 0.9984 0.00 0.0M
274680.000 1972 COM2 65 0R0 230 1.3 17.9 90.6 0.9983 0.00 0.0M
274740.000 1972 COM2 65 0R0 250 1.5 18.0 90.7 0.9984 0.00 0.0M
274800.000 1972 COM2 65 0R0 224 2.4 17.9 90.7 0.9984 0.00 0.0M
274860.000 1972 COM2 65 0R0 244 2.2 17.9 90.7 0.9984 0.00 0.0M
274920.000 1972 COM2 65 0R0 235 1.2 17.9 90.8 0.9984 0.00 0.0M
274980.000 1972 COM2 65 0R0 252 2.2 17.9 90.8 0.9983 0.00 0.0M
275040.000 1972 COM2 65 0R0 212 0.7 17.9 90.8 0.9983 0.00 0.0M
275100.000 1972 COM2 65 0R0 265 0.8 17.9 90.8 0.9983 0.00 0.0M
275160.000 1972 COM2 65 0R0 244 1.8 17.9 90.9 0.9983 0.00 0.0M
275220.000 1972 COM2 65 0R0 231 2.3 17.9 90.9 0.9983 0.00 0.0M
275280.000 1972 COM2 65 0R0 223 1.2 17.9 90.9 0.9982 0.00 0.0M
275340.000 1972 COM2 65 0R0 290 1.9 17.8 91.0 0.9982 0.00 0.0M
275400.000 1972 COM2 65 0R0 247 1.8 17.8 91.0 0.9982 0.00 0.0M
275460.000 1972 COM2 65 0R0 224 2.0 17.8 91.0 0.9983 0.00 0.0M
275520.000 1972 COM2 65 0R0 236 1.4 17.8 91.0 0.9983 0.00 0.0M
275580.000 1972 COM2 65 0R0 236 0.9 17.8 91.0 0.9983 0.00 0.0M
275640.000 1972 COM2 65 0R0 272 1.8 17.8 91.1 0.9983 0.00 0.0M
275700.000 1972 COM2 65 0R0 223 0.5 17.7 91.1 0.9983 0.00 0.0M
275760.000 1972 COM2 65 0R0 274 1.3 17.7 91.1 0.9983 0.00 0.0M
275820.000 1972 COM2 65 0R0 232 1.0 17.7 91.1 0.9983 0.00 0.0M
275880.000 1972 COM2 65 0R0 246 0.9 17.7 91.1 0.9983 0.00 0.0M
275940.000 1972 COM2 65 0R0 245 1.1 17.7 91.0 0.9982 0.00 0.0M
276000.000 1972 COM2 65 0R0 213 0.9 17.7 91.1 0.9982 0.00 0.0M
276060.000 1972 COM2 65 0R0 255 0.6 17.7 91.1 0.9981 0.00 0.0M
276120.000 1972 COM2 65 0R0 268 1.5 17.7 91.1 0.9981 0.00 0.0M
276180.000 1972 COM2 65 0R0 264 1.0 17.7 91.1 0.9981 0.00 0.0M
276240.000 1972 COM2 65 0R0 259 1.7 17.7 91.1 0.9981 0.00 0.0M
276300.000 1972 COM2 65 0R0 256 0.6 17.6 91.1 0.9982 0.00 0.0M
276360.000 1972 COM2 65 0R0 245 1.5 17.6 91.1 0.9982 0.00 0.0M
276420.000 1972 COM2 65 0R0 216 0.9 17.6 91.0 0.9983 0.00 0.0M
276480.000 1972 COM2 65 0R0 246 1.0 17.6 91.0 0.9983 0.00 0.0M
276540.000 1972 COM2 65 0R0 241 0.4 17.6 91.0 0.9983 0.00 0.0M
276600.000 1972 COM2 65 0R0 256 0.9 17.6 91.0 0.9983 0.00 0.0M
276660.000 1972 COM2 65 0R0 241 1.8 17.6 91.0 0.9983 0.00 0.0M
276720.000 1972 COM2 65 0R0 235 1.7 17.6 91.0 0.9982 0.00 0.0M
276780.000 1972 COM2 65 0R0 267 2.2 17.6 91.0 0.9982 0.00 0.0M
276840.000 1972 COM2 65 0R0 286 1.2 17.6 91.1 0.9982 0.00 0.0M
276900.000 1972 COM2 65 0R0 278 1.4 17.6 91.1 0.9982 0.00 0.0M
276960.000 1972 COM2 65 0R0 239 1.5 17.6 91.1 0.9982 0.00 0.0M
277020.000 1972 COM2 65 0R0 187 0.9 17.6 91.1 0.9982 0.00 0.0M
277080.000 1972 COM2 65 0R0 230 1.9 17.6 91.0 0.9982 0.00 0.0M
277140.000 1972 COM2 65 0R0 251 1.2 17.6 91.0 0.9983 0.00 0.0M
277200.100 1972 COM2 65 0R0 322 0.6 17.6 91.0 0.9983 0.00 0.0M
277260.000 1972 COM2 65 0R0 229 0.8 17.5 91.0 0.9983 0.00 0.0M
277320.000 1972 COM2 65 0R0 252 2.1 17.5 91.0 0.9983 0.00 0.0M
277380.000 1972 COM2 65 0R0 251 2.6 17.5 91.0 0.9983 0.00 0.0M
277440.000 1972 COM2 65 0R0 256 2.3 17.5 91.0 0.9983 0.00 0.0M
277500.000 1972 COM2 65 0R0 089 0.5 17.5 91.0 0.9984 0.00 0.0M
277560.000 1972 COM2 65 0R0 258 1.9 17.5 91.1 0.9984 0.00 0.0M
277620.000 1972 COM2 65 0R0 270 1.2 17.5 91.1 0.9984 0.00 0.0M
277680.000 1972 COM2 65 0R0 245 1.7 17.4 91.0 0.9984 0.00 0.0M
277740.000 1972 COM2 65 0R0 285 0.6 17.4 91.1 0.9983 0.00 0.0M
277800.000 1972 COM2 65 0R0 244 0.9 17.4 91.0 0.9983 0.00 0.0M
277860.000 1972 COM2 65 0R0 254 1.5 17.4 91.0 0.9983 0.00 0.0M
277920.000 1972 COM2 65 0R0 232 0.8 17.4 91.0 0.9983 0.00 0.0M
277980.000 1972 COM2 65 0R0 267 0.6 17.4 90.9 0.9982 0.00 0.0M
278040.000 1972 COM2 65 0R0 223 1.5 17.3 90.9 0.9982 0.00 0.0M
278100.000 1972 COM2 65 0R0 254 3.0 17.3 90.7 0.9981 0.00 0.0M
278160.000 1972 COM2 65 0R0 232 1.2 17.3 90.7 0.9982 0.00 0.0M
278220.000 1972 COM2 65 0R0 244 1.3 17.3 90.7 0.9982 0.00 0.0M
278280.100 1972 COM2 65 0R0 249 1.4 17.3 90.7 0.9983 0.00 0.0M
278340.100 1972 COM2 65 0R0 243 1.4 17.2 90.7 0.9983 0.00 0.0M
278400.100 1972 COM2 65 0R0 235 1.9 17.2 90.7 0.9983 0.00 0.0M
278460.100 1972 COM2 65 0R0 256 1.5 17.2 90.6 0.9984 0.00 0.0M
278520.100 1972 COM2 65 0R0 202 1.9 17.2 90.6 0.9984 0.00 0.0M
278580.100 1972 COM2 65 0R0 190 1.2 17.2 90.6 0.9984 0.00 0.0M
278640.100 1972 COM2 65 0R0 204 2.0 17.2 90.4 0.9985 0.00 0.0M
278700.100 1972 COM2 65 0R0 225 1.8 17.2 90.5 0.9985 0.00 0.0M
278760.100 1972 COM2 65 0R0 248 1.5 17.1 90.5 0.9985 0.00 0.0M
278820.100 1972 COM2 65 0R0 225 1.0 17.1 90.5 0.9985 0.00 0.0M
278880.100 1972 COM2 65 0R0 193 1.6 17.1 90.5 0.9984 0.00 0.0M
278940.100 1972 COM2 65 0R0 232 1.4 17.1 90.5 0.9985 0.00 0.0M
279000.100 1972 COM2 65 0R0 225 2.0 17.1 90.5 0.9985 0.00 0.0M
279060.100 1972 COM2 65 0R0 190 0.9 17.1 90.5 0.9985 0.00 0.0M
279120.100 1972 COM2 65 0R0 256 1.2 17.1 90.5 0.9985 0.00 0.0M
279180.100 1972 COM2 65 0R0 189 0.7 17.1 90.5 0.9985 0.00 0.0M
279240.100 1972 COM2 65 0R0 240 1.5 17.1 90.4 0.9985 0.00 0.0M
279300.100 1972 COM2 65 0R0 234 1.9 17.0 90.4 0.9985 0.00 0.0M
279360.100 1972 COM2 65 0R0 240 1.2 17.0 90.4 0.9985 0.00 0.0M
279420.100 1972 COM2 65 0R0 230 1.6 17.0 90.4 0.9985 0.00 0.0M
279480.100 1972 COM2 65 0R0 265 1.6 17.0 90.5 0.9985 0.00 0.0M
279540.100 1972 COM2 65 0R0 249 2.3 17.0 90.5 0.9984 0.00 0.0M
279600.100 1972 COM2 65 0R0 254 0.8 17.0 90.5 0.9984 0.00 0.0M
279660.100 1972 COM2 65 0R0 267 1.5 17.0 90.6 0.9984 0.00 0.0M
279720.100 1972 COM2 65 0R0 262 0.8 16.9 90.6 0.9984 0.00 0.0M
279780.100 1972 COM2 65 0R0 261 1.4 16.9 90.6 0.9983 0.00 0.0M
279840.100 1972 COM2 65 0R0 268 0.5 16.9 90.6 0.9983 0.00 0.0M
279900.100 1972 COM2 65 0R0 268 0.8 16.9 90.6 0.9983 0.00 0.0M
279960.100 1972 COM2 65 0R0 238 0.5 16.9 90.6 0.9983 0.00 0.0M
280020.000 1972 COM2 65 0R0 237 1.0 16.9 90.6 0.9983 0.00 0.0M
280080.100 1972 COM2 65 0R0 220 2.1 16.9 90.6 0.9984 0.00 0.0M
280140.000 1972 COM2 65 0R0 243 1.6 16.9 90.6 0.9984 0.00 0.0M
280200.100 1972 COM2 65 0R0 226 1.3 16.9 90.7 0.9984 0.00 0.0M
280260.000 1972 COM2 65 0R0 311 0.8 16.9 90.7 0.9984 0.00 0.0M
280320.000 1972 COM2 65 0R0 231 2.4 16.9 90.6 0.9984 0.00 0.0M
280380.100 1972 COM2 65 0R0 214 1.8 16.8 90.6 0.9984 0.00 0.0M
280440.100 1972 COM2 65 0R0 179 1.2 16.8 90.7 0.9984 0.00 0.0M
280500.000 1972 COM2 65 0R0 246 0.9 16.8 90.7 0.9984 0.00 0.0M
280560.000 1972 COM2 65 0R0 183 0.4 16.8 90.8 0.9984 0.00 0.0M
280620.000 1972 COM2 65 0R0 208 1.5 16.8 90.8 0.9984 0.00 0.0M
280680.000 1972 COM2 65 0R0 227 3.0 16.8 90.7 0.9984 0.00 0.0M
280740.000 1972 COM2 65 0R0 226 2.5 16.7 90.7 0.9984 0.00 0.0M
280800.000 1972 COM2 65 0R0 192 1.8 16.7 90.8 0.9984 0.00 0.0M
280860.000 1972 COM2 65 0R0 159 1.0 16.7 90.9 0.9984 0.00 0.0M
280920.000 1972 COM2 65 0R0 206 2.8 16.7 90.9 0.9984 0.00 0.0M
280980.000 1972 COM2 65 0R0 197 1.7 16.7 90.9 0.9984 0.00 0.0M
281040.000 1972 COM2 65 0R0 228 1.5 16.7 91.0 0.9984 0.00 0.0M
281100.000 1972 COM2 65 0R0 247 0.8 16.6 91.1 0.9984 0.00 0.0M
281160.000 1972 COM2 65 0R0 189 1.6 16.7 91.1 0.9984 0.00 0.0M
281220.000 1972 COM2 65 0R0 172 0.4 16.7 91.1 0.9984 0.00 0.0M
281280.000 1972 COM2 65 0R0 226 1.2 16.6 91.1 0.9984 0.00 0.0M
281340.000 1972 COM2 65 0R0 260 1.0 16.6 91.2 0.9984 0.00 0.0M
281400.000 1972 COM2 65 0R0 246 1.7 16.6 91.1 0.9984 0.00 0.0M
281460.000 1972 COM2 65 0R0 247 1.2 16.6 91.2 0.9983 0.00 0.0M
281520.000 1972 COM2 65 0R0 259 1.7 16.6 91.1 0.9983 0.00 0.0M
281580.000 1972 COM2 65 0R0 285 1.0 16.6 91.1 0.9982 0.00 0.0M
281640.000 1972 COM2 65 0R0 156 0.3 16.6 91.1 0.9982 0.00 0.0M
281700.000 1972 COM2 65 0R0 279 1.7 16.6 91.0 0.9982 0.00 0.0M
281760.000 1972 COM2 65 0R0 306 1.1 16.5 91.0 0.9982 0.00 0.0M
281820.000 1972 COM2 65 0R0 235 1.0 16.5 91.0 0.9982 0.00 0.0M
281880.000 1972 COM2 65 0R0 306 0.6 16.5 91.0 0.9982 0.00 0.0M
281940.000 1972 COM2 65 0R0 227 1.0 16.5 91.0 0.9982 0.00 0.0M
282000.000 1972 COM2 65 0R0 300 0.6 16.5 91.0 0.9982 0.00 0.0M
282060.000 1972 COM2 65 0R0 261 0.3 16.5 91.0 0.9982 0.00 0.0M
282120.000 1972 COM2 65 0R0 242 0.7 16.5 91.0 0.9982 0.00 0.0M
282180.000 1972 COM2 65 0R0 246 0.8 16.5 91.0 0.9981 0.00 0.0M
282240.000 1972 COM2 65 0R0 260 1.5 16.5 91.0 0.9981 0.00 0.0M
282300.000 1972 COM2 65 0R0 327 0.6 16.5 91.1 0.9981 0.00 0.0M
282360.000 1972 COM2 65 0R0 298 1.5 16.5 91.0 0.9981 0.00 0.0M
282420.000 1972 COM2 65 0R0 272 1.9 16.4 91.0 0.9981 0.00 0.0M
282480.000 1972 COM2 65 0R0 285 2.1 16.4 91.0 0.9981 0.00 0.0M
282540.000 1972 COM2 65 0R0 262 3.0 16.4 91.0 0.9981 0.00 0.0M
282600.000 1972 COM2 65 0R0 257 2.4 16.3 91.0 0.9981 0.00 0.0M
282660.000 1972 COM2 65 0R0 264 1.3 16.3 91.1 0.9981 0.00 0.0M
282720.000 1972 COM2 65 0R0 281 2.5 16.3 91.2 0.9982 0.00 0.0M
282780.000 1972 COM2 65 0R0 257 0.8 16.2 91.2 0.9982 0.00 0.0M
282840.000 1972 COM2 65 0R0 287 2.3 16.2 91.2 0.9982 0.00 0.0M
282900.000 1972 COM2 65 0R0 222 0.7 16.2 91.3 0.9982 0.00 0.0M
282960.000 1972 COM2 65 0R0 219 0.6 16.2 91.4 0.9983 0.00 0.0M
283020.000 1972 COM2 65 0R0 249 1.1 16.1 91.4 0.9983 0.00 0.0M
283080.000 1972 COM2 65 0R0 259 0.3 16.1 91.3 0.9983 0.00 0.0M
283140.000 1972 COM2 65 0R0 302 1.2 16.1 91.4 0.9982 0.00 0.0M
283200.100 1972 COM2 65 0R0 311 1.0 16.1 91.3 0.9982 0.00 0.0M
283260.000 1972 COM2 65 0R0 152 0.5 16.1 91.4 0.9982 0.00 0.0M
283320.000 1972 COM2 65 0R0 259 2.4 16.1 91.4 0.9982 0.00 0.0M
283380.000 1972 COM2 65 0R0 263 2.3 16.0 91.4 0.9982 0.00 0.0M
283440.000 1972 COM2 65 0R0 277 1.8 16.0 91.4 0.9981 0.00 0.0M
283500.000 1972 COM2 65 0R0 258 2.3 16.0 91.4 0.9982 0.00 0.0M
283560.000 1972 COM2 65 0R0 295 1.2 16.0 91.4 0.9982 0.00 0.0M
283620.000 1972 COM2 65 0R0 286 0.9 16.0 91.4 0.9982 0.00 0.0M
283680.000 1972 COM2 65 0R0 254 1.7 16.0 91.4 0.9982 0.00 0.0M
283740.000 1972 COM2 65 0R0 297 1.0 15.9 91.4 0.9982 0.00 0.0M
283800.000 1972 COM2 65 0R0 256 0.8 15.9 91.4 0.9983 0.00 0.0M
283860.000 1972 COM2 65 0R0 288 0.9 15.9 91.4 0.9983 0.00 0.0M
283920.100 1972 COM2 65 0R0 245 0.6 15.9 91.4 0.9983 0.00 0.0M
283980.000 1972 COM2 65 0R0 245 0.3 15.9 91.4 0.9983 0.00 0.0M
284040.000 1972 COM2 65 0R0 187 0.5 15.9 91.4 0.9983 0.00 0.0M
284100.100 1972 COM2 65 0R0 238 0.4 15.9 91.3 0.9984 0.00 0.0M
284160.000 1972 COM2 65 0R0 238 0.3 15.9 91.3 0.9984 0.00 0.0M
284220.000 1972 COM2 65 0R0 169 0.1 15.8 91.3 0.9984 0.00 0.0M
284280.000 1972 COM2 65 0R0 249 0.6 15.8 91.3 0.9984 0.00 0.0M
284340.000 1972 COM2 65 0R0 184 0.7 15.8 91.3 0.9984 0.00 0.0M
284400.000 1972 COM2 65 0R0 213 0.9 15.8 91.3 0.9984 0.00 0.0M
284460.000 1972 COM2 65 0R0 265 0.4 15.8 91.3 0.9984 0.00 0.0M
284520.100 1972 COM2 65 0R0 276 1.4 15.8 91.2 0.9984 0.00 0.0M
284580.000 1972 COM2 65 0R0 246 0.9 15.8 91.2 0.9984 0.00 0.0M
284640.100 1972 COM2 65 0R0 219 0.4 15.8 91.3 0.9984 0.00 0.0M
284700.000 1972 COM2 65 0R0 249 0.9 15.8 91.2 0.9984 0.00 0.0M
284760.100 1972 COM2 65 0R0 284 0.9 15.8 91.2 0.9984 0.00 0.0M
284820.000 1972 COM2 65 0R0 221 0.1 15.8 91.2 0.9984 0.00 0.0M
284880.000 1972 COM2 65 0R0 216 0.3 15.8 91.1 0.9984 0.00 0.0M
284940.100 1972 COM2 65 0R0 162 0.4 15.8 91.2 0.9984 0.00 0.0M
285000.000 1972 COM2 65 0R0 258 0.9 15.7 91.2 0.9984 0.00 0.0M
285060.000 1972 COM2 65 0R0 274 1.2 15.7 91.1 0.9984 0.00 0.0M
285120.000 1972 COM2 65 0R0 257 0.7 15.7 91.0 0.9984 0.00 0.0M
285180.000 1972 COM2 65 0R0 284 0.9 15.7 91.0 0.9984 0.00 0.0M
285240.000 1972 COM2 65 0R0 280 0.6 15.7 90.9 0.9984 0.00 0.0M
285300.000 1972 COM2 65 0R0 276 2.4 15.7 90.7 0.9983 0.00 0.0M
285360.000 1972 COM2 65 0R0 306 1.6 15.6 90.3 0.9983 0.00 0.0M
285420.000 1972 COM2 65 0R0 001 0.3 15.6 90.2 0.9983 0.00 0.0M
285480.000 1972 COM2 65 0R0 270 0.5 15.5 89.7 0.9983 0.00 0.0M
285540.000 1972 COM2 65 0R0 290 1.3 15.5 89.6 0.9983 0.00 0.0M
285600.000 1972 COM2 65 0R0 249 0.5 15.5 89.3 0.9983 0.00 0.0M
285660.000 1972 COM2 65 0R0 299 1.1 15.5 88.9 0.9983 0.00 0.0M
285720.000 1972 COM2 65 0R0 291 1.5 15.5 88.6 0.9983 0.00 0.0M
285780.000 1972 COM2 65 0R0 307 0.9 15.5 88.6 0.9983 0.00 0.0M
285840.000 1972 COM2 65 0R0 277 0.8 15.5 88.4 0.9983 0.00 0.0M
285900.000 1972 COM2 65 0R0 281 1.2 15.5 88.3 0.9983 0.00 0.0M
285960.000 1972 COM2 65 0R0 306 0.8 15.5 88.1 0.9982 0.00 0.0M
286020.000 1972 COM2 65 0R0 321 0.9 15.5 87.9 0.9982 0.00 0.0M
286080.000 1972 COM2 65 0R0 341 0.3 15.5 87.8 0.9982 0.00 0.0M
286140.000 1972 COM2 65 0R0 282 2.0 15.5 87.2 0.9982 0.00 0.0M
286200.000 1972 COM2 65 0R0 286 1.5 15.5 87.1 0.9982 0.00 0.0M
286260.000 1972 COM2 65 0R0 266 0.2 15.5 86.7 0.9982 0.00 0.0M
286320.000 1972 COM2 65 0R0 344 0.3 15.5 86.6 0.9982 0.00 0.0M
286380.000 1972 COM2 65 0R0 001 0.7 15.5 86.1 0.9983 0.00 0.0M
286440.000 1972 COM2 65 0R0 274 0.8 15.5 86.1 0.9983 0.00 0.0M
286500.000 1972 COM2 65 0R0 305 0.5 15.5 84.9 0.9983 0.00 0.0M
286560.000 1972 COM2 65 0R0 297 1.1 15.5 84.6 0.9982 0.00 0.0M
286620.000 1972 COM2 65 0R0 142 0.4 15.5 85.1 0.9982 0.00 0.0M
286680.000 1972 COM2 65 0R0 041 0.4 15.5 85.3 0.9983 0.00 0.0M
286740.000 1972 COM2 65 0R0 276 0.4 15.5 83.7 0.9983 0.00 0.0M
286800.000 1972 COM2 65 0R0 356 0.5 15.5 83.8 0.9984 0.00 0.0M
286860.000 1972 COM2 65 0R0 317 1.1 15.5 84.1 0.9984 0.00 0.0M
286920.000 1972 COM2 65 0R0 279 0.5 15.5 84.1 0.9984 0.00 0.0M
286980.000 1972 COM2 65 0R0 234 0.4 15.5 83.5 0.9984 0.00 0.0M
287040.000 1972 COM2 65 0R0 297 1.1 15.5 83.9 0.9984 0.00 0.0M
287100.000 1972 COM2 65 0R0 030 0.5 15.5 83.3 0.9984 0.00 0.0M
287160.100 1972 COM2 65 0R0 285 1.9 15.5 83.1 0.9984 0.00 0.0M
287220.000 1972 COM2 65 0R0 011 0.1 15.5 83.4 0.9985 0.00 0.0M
287280.100 1972 COM2 65 0R0 021 0.4 15.5 83.6 0.9985 0.00 0.0M
287340.000 1972 COM2 65 0R0 304 0.7 15.5 82.2 0.9985 0.00 0.0M
287400.000 1972 COM2 65 0R0 348 0.3 15.5 82.8 0.9985 0.00 0.0M
287460.000 1972 COM2 65 0R0 299 0.8 15.5 82.6 0.9985 0.00 0.0M
287520.000 1972 COM2 65 0R0 359 0.7 15.5 82.7 0.9985 0.00 0.0M
287580.000 1972 COM2 65 0R0 025 0.4 15.5 82.3 0.9985 0.00 0.0M
287640.000 1972 COM2 65 0R0 097 0.4 15.5 82.4 0.9984 0.00 0.0M
287700.000 1972 COM2 65 0R0 010 0.4 15.5 81.5 0.9984 0.00 0.0M
287760.000 1972 COM2 65 0R0 345 1.5 15.5 81.8 0.9984 0.00 0.0M
287820.000 1972 COM2 65 0R0 287 1.4 15.4 81.7 0.9984 0.00 0.0M
287880.000 1972 COM2 65 0R0 289 1.1 15.4 82.4 0.9984 0.00 0.0M
287940.000 1972 COM2 65 0R0 013 0.2 15.4 82.5 0.9984 0.00 0.0M
288000.000 1972 COM2 65 0R0 225 0.4 15.4 82.5 0.9985 0.00 0.0M
288060.000 1972 COM2 65 0R0 304 2.1 15.4 81.8 0.9985 0.00 0.0M
288120.000 1972 COM2 65 0R0 099 0.3 15.4 81.9 0.9985 0.00 0.0M
288180.100 1972 COM2 65 0R0 155 0.2 15.4 82.6 0.9985 0.00 0.0M
288240.000 1972 COM2 65 0R0 270 1.4 15.4 82.4 0.9985 0.00 0.0M
288300.000 1972 COM2 65 0R0 218 0.8 15.3 82.3 0.9985 0.00 0.0M
288360.000 1972 COM2 65 0R0 272 1.3 15.3 82.3 0.9985 0.00 0.0M
288420.000 1972 COM2 65 0R0 277 2.1 15.3 81.3 0.9985 0.00 0.0M
288480.000 1972 COM2 65 0R0 296 1.8 15.2 81.7 0.9985 0.00 0.0M
288540.000 1972 COM2 65 0R0 074 0.4 15.2 81.9 0.9985 0.00 0.0M
288600.000 1972 COM2 65 0R0 257 1.6 15.2 81.6 0.9985 0.00 0.0M
288660.000 1972 COM2 65 0R0 273 1.4 15.1 81.9 0.9984 0.00 0.0M
288720.000 1972 COM2 65 0R0 228 0.4 15.1 82.0 0.9984 0.00 0.0M
288780.000 1972 COM2 65 0R0 244 0.5 15.1 81.7 0.9984 0.00 0.0M
288840.000 1972 COM2 65 0R0 290 1.8 15.0 81.0 0.9985 0.00 0.0M
288900.000 1972 COM2 65 0R0 253 2.2 15.0 80.8 0.9985 0.00 0.0M
288960.000 1972 COM2 65 0R0 270 1.8 15.0 80.5 0.9985 0.00 0.0M
289020.000 1972 COM2 65 0R0 258 1.1 15.0 80.0 0.9985 0.00 0.0M
289080.000 1972 COM2 65 0R0 301 2.6 14.9 79.3 0.9985 0.00 0.0M
289140.000 1972 COM2 65 0R0 293 2.9 14.9 78.6 0.9985 0.00 0.0M
289200.000 1972 COM2 65 0R0 300 1.0 14.9 79.7 0.9985 0.00 0.0M
289260.000 1972 COM2 65 0R0 347 1.4 14.9 80.1 0.9985 0.00 0.0M
289320.000 1972 COM2 65 0R0 025 0.4 14.8 80.1 0.9984 0.00 0.0M
289380.000 1972 COM2 65 0R0 153 0.4 14.8 80.2 0.9984 0.00 0.0M
289440.000 1972 COM2 65 0R0 287 2.0 14.8 79.2 0.9985 0.00 0.0M
289500.000 1972 COM2 65 0R0 192 1.1 14.8 79.2 0.9985 0.00 0.0M
289560.000 1972 COM2 65 0R0 296 1.5 14.8 78.6 0.9985 0.00 0.0M
289620.000 1972 COM2 65 0R0 268 1.4 14.7 79.1 0.9985 0.00 0.0M
289680.000 1972 COM2 65 0R0 296 3.1 14.7 77.9 0.9985 0.00 0.0M
289740.000 1972 COM2 65 0R0 277 1.8 14.7 78.7 0.9985 0.00 0.0M
289800.000 1972 COM2 65 0R0 279 1.1 14.7 78.5 0.9985 0.00 0.0M
289860.000 1972 COM2 65 0R0 288 1.9 14.6 78.2 0.9985 0.00 0.0M
289920.000 1972 COM2 65 0R0 114 0.4 14.6 78.8 0.9985 0.00 0.0M
289980.000 1972 COM2 65 0R0 286 3.4 14.6 77.1 0.9985 0.00 0.0M
290040.000 1972 COM2 65 0R0 304 1.2 14.6 77.3 0.9985 0.00 0.0M
290100.000 1972 COM2 65 0R0 264 1.1 14.6 75.8 0.9985 0.00 0.0M
290160.000 1972 COM2 65 0R0 206 0.9 14.5 76.3 0.9985 0.00 0.0M
290220.000 1972 COM2 65 0R0 354 0.5 14.5 75.7 0.9986 0.00 0.0M
290280.000 1972 COM2 65 0R0 085 0.3 14.5 75.5 0.9986 0.00 0.0M
290340.000 1972 COM2 65 0R0 304 1.4 14.5 74.8 0.9986 0.00 0.0M
290400.000 1972 COM2 65 0R0 310 2.1 14.5 73.7 0.9987 0.00 0.0M
290460.000 1972 COM2 65 0R0 252 0.7 14.5 74.3 0.9987 0.00 0.0M
290520.000 1972 COM2 65 0R0 294 2.0 14.5 73.2 0.9987 0.00 0.0M
290580.000 1972 COM2 65 0R0 265 2.5 14.4 72.6 0.9987 0.00 0.0M
290640.000 1972 COM2 65 0R0 302 2.1 14.4 73.0 0.9988 0.00 0.0M
290700.000 1972 COM2 65 0R0 254 0.7 14.4 72.8 0.9988 0.00 0.0M
290760.000 1972 COM2 65 0R0 268 2.2 14.4 71.9 0.9988 0.00 0.0M
290820.000 1972 COM2 65 0R0 296 0.5 14.4 73.3 0.9989 0.00 0.0M
290880.000 1972 COM2 65 0R0 278 2.4 14.4 72.5 0.9989 0.00 0.0M
290940.000 1972 COM2 65 0R0 270 2.1 14.4 72.5 0.9989 0.00 0.0M
291000.000 1972 COM2 65 0R0 282 2.8 14.4 72.4 0.9989 0.00 0.0M
291060.000 1972 COM2 65 0R0 173 0.3 14.3 73.2 0.9989 0.00 0.0M
291120.000 1972 COM2 65 0R0 268 3.1 14.3 71.9 0.9989 0.00 0.0M
291180.000 1972 COM2 65 0R0 282 1.7 14.3 72.0 0.9989 0.00 0.0M
291240.000 1972 COM2 65 0R0 282 1.6 14.3 72.7 0.9989 0.00 0.0M
291300.000 1972 COM2 65 0R0 290 2.7 14.3 71.5 0.9989 0.00 0.0M
291360.000 1972 COM2 65 0R0 306 1.5 14.3 72.5 0.9989 0.00 0.0M
291420.000 1972 COM2 65 0R0 316 3.5 14.3 70.5 0.9989 0.00 0.0M
291480.000 1972 COM2 65 0R0 175 0.9 14.3 72.4 0.9989 0.00 0.0M
291540.000 1972 COM2 65 0R0 335 1.3 14.3 71.6 0.9990 0.00 0.0M
291600.000 1972 COM2 65 0R0 286 2.3 14.3 71.2 0.9990 0.00 0.0M
291660.000 1972 COM2 65 0R0 315 2.4 14.3 71.2 0.9990 0.00 0.0M
291720.000 1972 COM2 65 0R0 274 2.2 14.2 70.0 0.9990 0.00 0.0M
291780.000 1972 COM2 65 0R0 257 0.3 14.2 70.3 0.9990 0.00 0.0M
291840.000 1972 COM2 65 0R0 191 0.8 14.2 70.5 0.9989 0.00 0.0M
291900.000 1972 COM2 65 0R0 325 0.6 14.2 70.1 0.9990 0.00 0.0M
291960.000 1972 COM2 65 0R0 298 3.0 14.2 69.2 0.9989 0.00 0.0M
292020.000 1972 COM2 65 0R0 297 1.4 14.2 69.2 0.9989 0.00 0.0M
292080.000 1972 COM2 65 0R0 275 1.1 14.2 70.7 0.9989 0.00 0.0M
292140.000 1972 COM2 65 0R0 305 1.0 14.2 70.3 0.9989 0.00 0.0M
292200.000 1972 COM2 65 0R0 293 2.1 14.2 69.4 0.9989 0.00 0.0M
292260.000 1972 COM2 65 0R0 159 0.5 14.2 71.1 0.9988 0.00 0.0M
292320.000 1972 COM2 65 0R0 281 1.5 14.2 70.3 0.9988 0.00 0.0M
292380.000 1972 COM2 65 0R0 296 1.2 14.2 69.9 0.9988 0.00 0.0M
292440.000 1972 COM2 65 0R0 294 1.6 14.2 69.5 0.9987 0.00 0.0M
292500.000 1972 COM2 65 0R0 273 1.4 14.2 70.4 0.9987 0.00 0.0M
292560.000 1972 COM2 65 0R0 261 0.5 14.2 71.1 0.9987 0.00 0.0M
292620.000 1972 COM2 65 0R0 245 0.2 14.2 71.3 0.9987 0.00 0.0M
292680.000 1972 COM2 65 0R0 309 0.4 14.2 71.1 0.9987 0.00 0.0M
292740.000 1972 COM2 65 0R0 213 0.4 14.2 71.7 0.9987 0.00 0.0M
292800.000 1972 COM2 65 0R0 025 0.2 14.1 71.7 0.9987 0.00 0.0M
292860.000 1972 COM2 65 0R0 257 0.4 14.1 71.6 0.9988 0.00 0.0M
292920.000 1972 COM2 65 0R0 202 0.8 14.1 71.8 0.9988 0.00 0.0M
292980.000 1972 COM2 65 0R0 208 0.7 14.1 72.7 0.9988 0.00 0.0M
293040.000 1972 COM2 65 0R0 287 0.2 14.1 73.0 0.9988 0.00 0.0M
293100.000 1972 COM2 65 0R0 262 0.7 14.1 72.7 0.9988 0.00 0.0M
293160.000 1972 COM2 65 0R0 316 0.4 14.0 73.2 0.9988 0.00 0.0M
293220.000 1972 COM2 65 0R0 167 0.4 14.0 73.4 0.9987 0.00 0.0M
293280.000 1972 COM2 65 0R0 159 0.2 14.0 73.5 0.9987 0.00 0.0M
293340.000 1972 COM2 65 0R0 181 0.5 14.0 74.6 0.9988 0.00 0.0M
293400.000 1972 COM2 65 0R0 185 0.2 13.9 74.8 0.9988 0.00 0.0M
293460.000 1972 COM2 65 0R0 249 0.5 13.9 75.3 0.9988 0.00 0.0M
293520.000 1972 COM2 65 0R0 257 0.6 13.9 75.1 0.9988 0.00 0.0M
293580.000 1972 COM2 65 0R0 272 1.7 13.9 75.0 0.9989 0.00 0.0M
293640.000 1972 COM2 65 0R0 256 1.2 13.8 75.5 0.9989 0.00 0.0M
293700.000 1972 COM2 65 0R0 245 0.5 13.8 75.8 0.9989 0.00 0.0M
293760.000 1972 COM2 65 0R0 277 1.4 13.7 76.0 0.9989 0.00 0.0M
293820.000 1972 COM2 65 0R0 237 0.5 13.7 76.9 0.9989 0.00 0.0M
293880.000 1972 COM2 65 0R0 275 1.0 13.7 76.7 0.9989 0.00 0.0M
293940.000 1972 COM2 65 0R0 301 1.5 13.6 77.1 0.9989 0.00 0.0M
294000.000 1972 COM2 65 0R0 270 0.9 13.6 76.9 0.9989 0.00 0.0M
294060.000 1972 COM2 65 0R0 276 1.2 13.5 77.2 0.9989 0.00 0.0M
294120.000 1972 COM2 65 0R0 262 1.1 13.5 77.2 0.9989 0.00 0.0M
294180.000 1972 COM2 65 0R0 282 1.3 13.4 77.4 0.9989 0.00 0.0M
294240.000 1972 COM2 65 0R0 324 0.5 13.4 76.6 0.9989 0.00 0.0M
294300.000 1972 COM2 65 0R0 276 1.3 13.4 77.0 0.9989 0.00 0.0M
294360.000 1972 COM2 65 0R0 259 0.5 13.3 77.3 0.9989 0.00 0.0M
294420.000 1972 COM2 65 0R0 282 1.6 13.3 76.5 0.9989 0.00 0.0M
294480.000 1972 COM2 65 0R0 214 0.2 13.3 77.3 0.9988 0.00 0.0M
294540.000 1972 COM2 65 0R0 304 0.4 13.3 76.6 0.9988 0.00 0.0M
294600.000 1972 COM2 65 0R0 285 0.4 13.3 77.4 0.9988 0.00 0.0M
294660.000 1972 COM2 65 0R0 308 0.1 13.3 77.2 0.9988 0.00 0.0M
294720.000 1972 COM2 65 0R0 324 0.2 13.3 76.4 0.9988 0.00 0.0M
294780.000 1972 COM2 65 0R0 250 0.3 13.3 76.2 0.9988 0.00 0.0M
294840.000 1972 COM2 65 0R0 273 1.3 13.3 76.0 0.9988 0.00 0.0M
294900.000 1972 COM2 65 0R0 291 0.7 13.3 75.8 0.9988 0.00 0.0M
294960.000 1972 COM2 65 0R0 254 1.4 13.3 75.1 0.9988 0.00 0.0M
295020.000 1972 COM2 65 0R0 280 1.7 13.3 74.9 0.9987 0.00 0.0M
295080.000 1972 COM2 65 0R0 275 1.2 13.3 74.7 0.9987 0.00 0.0M
295140.000 1972 COM2 65 0R0 187 0.1 13.3 74.3 0.9987 0.00 0.0M
295200.000 1972 COM2 65 0R0 285 1.2 13.3 73.4 0.9986 0.00 0.0M
295260.000 1972 COM2 65 0R0 294 1.6 13.3 73.3 0.9986 0.00 0.0M
295320.000 1972 COM2 65 0R0 252 0.5 13.3 75.8 0.9986 0.00 0.0M
295380.000 1972 COM2 65 0R0 321 0.8 13.3 71.9 0.9986 0.00 0.0M
295440.000 1972 COM2 65 0R0 293 2.4 13.3 71.5 0.9985 0.00 0.0M
295500.000 1972 COM2 65 0R0 218 0.3 13.3 73.8 0.9985 0.00 0.0M
295560.000 1972 COM2 65 0R0 281 2.1 13.3 71.6 0.9985 0.00 0.0M
295620.000 1972 COM2 65 0R0 291 1.3 13.2 70.7 0.9985 0.00 0.0M
295680.000 1972 COM2 65 0R0 280 1.7 13.2 71.9 0.9986 0.00 0.0M
295740.000 1972 COM2 65 0R0 289 1.6 13.2 70.0 0.9986 0.00 0.0M
295800.000 1972 COM2 65 0R0 296 1.9 13.2 71.5 0.9986 0.00 0.0M
295860.000 1972 COM2 65 0R0 287 1.8 13.2 72.0 0.9986 0.00 0.0M
295920.000 1972 COM2 65 0R0 291 1.5 13.2 71.4 0.9986 0.00 0.0M
295980.000 1972 COM2 65 0R0 282 1.6 13.2 70.4 0.9986 0.00 0.0M
296040.000 1972 COM2 65 0R0 303 1.8 13.2 70.1 0.9986 0.00 0.0M
296100.000 1972 COM2 65 0R0 271 1.7 13.2 69.9 0.9986 0.00 0.0M
296160.000 1972 COM2 65 0R0 322 0.8 13.2 70.6 0.9986 0.00 0.0M
296220.000 1972 COM2 65 0R0 269 1.1 13.2 69.1 0.9986 0.00 0.0M
296280.000 1972 COM2 65 0R0 286 1.8 13.2 70.1 0.9986 0.00 0.0M
296340.000 1972 COM2 65 0R0 310 1.9 13.2 69.5 0.9986 0.00 0.0M
296400.000 1972 COM2 65 0R0 294 1.5 13.2 69.4 0.9986 0.00 0.0M
296460.000 1972 COM2 65 0R0 302 2.3 13.2 68.9 0.9986 0.00 0.0M
296520.000 1972 COM2 65 0R0 319 0.9 13.2 69.2 0.9986 0.00 0.0M
296580.000 1972 COM2 65 0R0 290 2.0 13.2 68.8 0.9986 0.00 0.0M
296640.000 1972 COM2 65 0R0 309 0.4 13.1 70.0 0.9986 0.00 0.0M
296700.000 1972 COM2 65 0R0 314 1.4 13.1 68.5 0.9985 0.00 0.0M
296760.000 1972 COM2 65 0R0 292 2.8 13.1 67.9 0.9985 0.00 0.0M
296820.000 1972 COM2 65 0R0 290 1.7 13.1 68.9 0.9985 0.00 0.0M
296880.000 1972 COM2 65 0R0 304 1.4 13.1 67.0 0.9985 0.00 0.0M
296940.000 1972 COM2 65 0R0 289 1.7 13.1 68.0 0.9985 0.00 0.0M
297000.000 1972 COM2 65 0R0 277 1.6 13.1 68.2 0.9985 0.00 0.0M
297060.000 1972 COM2 65 0R0 295 2.3 13.1 67.3 0.9985 0.00 0.0M
297120.000 1972 COM2 65 0R0 281 0.8 13.1 67.8 0.9985 0.00 0.0M
297180.000 1972 COM2 65 0R0 285 2.7 13.1 66.1 0.9985 0.00 0.0M
297240.000 1972 COM2 65 0R0 269 0.8 13.1 67.0 0.9985 0.00 0.0M
297300.000 1972 COM2 65 0R0 287 1.2 13.1 66.4 0.9985 0.00 0.0M
297360.000 1972 COM2 65 0R0 285 1.4 13.1 66.8 0.9985 0.00 0.0M
297420.000 1972 COM2 65 0R0 304 1.5 13.0 65.8 0.9985 0.00 0.0M
297480.000 1972 COM2 65 0R0 228 0.8 13.0 67.4 0.9985 0.00 0.0M
297540.000 1972 COM2 65 0R0 310 1.2 13.0 65.8 0.9985 0.00 0.0M
297600.000 1972 COM2 65 0R0 132 0.5 13.0 66.6 0.9985 0.00 0.0M
297660.000 1972 COM2 65 0R0 330 0.8 13.1 66.4 0.9986 0.00 0.0M
297720.000 1972 COM2 65 0R0 288 1.1 13.0 65.9 0.9986 0.00 0.0M
297780.000 1972 COM2 65 0R0 274 0.6 13.0 66.2 0.9987 0.00 0.0M
297840.000 1972 COM2 65 0R0 289 1.3 13.0 66.0 0.9987 0.00 0.0M
297900.000 1972 COM2 65 0R0 247 0.9 13.0 65.9 0.9987 0.00 0.0M
297960.000 1972 COM2 65 0R0 298 1.4 13.0 65.9 0.9987 0.00 0.0M
298020.000 1972 COM2 65 0R0 282 1.9 13.0 65.5 0.9987 0.00 0.0M
298080.000 1972 COM2 65 0R0 295 1.0 13.0 66.1 0.9988 0.00 0.0M
298140.000 1972 COM2 65 0R0 250 0.3 13.0 66.2 0.9988 0.00 0.0M
298200.000 1972 COM2 65 0R0 176 0.4 13.0 67.9 0.9988 0.00 0.0M
298260.000 1972 COM2 65 0R0 279 0.5 13.0 66.6 0.9988 0.00 0.0M
298320.000 1972 COM2 65 0R0 273 1.4 13.0 66.8 0.9988 0.00 0.0M
298380.000 1972 COM2 65 0R0 181 0.7 13.0 67.5 0.9988 0.00 0.0M
298440.000 1972 COM2 65 0R0 277 1.6 13.0 67.5 0.9988 0.00 0.0M
298500.000 1972 COM2 65 0R0 263 1.3 12.9 66.6 0.9988 0.00 0.0M
298560.000 1972 COM2 65 0R0 283 1.2 12.9 67.4 0.9988 0.00 0.0M
298620.000 1972 COM2 65 0R0 207 0.3 12.9 67.9 0.9988 0.00 0.0M
298680.000 1972 COM2 65 0R0 284 0.5 12.9 69.1 0.9988 0.00 0.0M
298740.000 1972 COM2 65 0R0 232 0.9 12.9 70.1 0.9988 0.00 0.0M
298800.000 1972 COM2 65 0R0 296 0.4 12.9 66.5 0.9988 0.00 0.0M
298860.000 1972 COM2 65 0R0 259 0.8 12.9 65.8 0.9988 0.00 0.0M
298920.000 1972 COM2 65 0R0 241 0.4 12.9 69.3 0.9987 0.00 0.0M
298980.000 1972 COM2 65 0R0 238 0.4 12.8 70.0 0.9987 0.00 0.0M
299040.000 1972 COM2 65 0R0 252 1.4 12.8 71.7 0.9987 0.00 0.0M
299100.000 1972 COM2 65 0R0 243 1.4 12.8 71.1 0.9987 0.00 0.0M
299160.000 1972 COM2 65 0R0 248 0.9 12.8 70.8 0.9988 0.00 0.0M
299220.000 1972 COM2 65 0R0 250 0.8 12.7 71.2 0.9988 0.00 0.0M
299280.000 1972 COM2 65 0R0 205 0.3 12.7 71.7 0.9988 0.00 0.0M
299340.000 1972 COM2 65 0R0 260 0.9 12.6 71.6 0.9988 0.00 0.0M
299400.100 1972 COM2 65 0R0 308 0.5 12.6 71.0 0.9989 0.00 0.0M
299460.000 1972 COM2 65 0R0 232 0.5 12.6 71.3 0.9989 0.00 0.0M
299520.000 1972 COM2 65 0R0 241 0.5 12.6 72.1 0.9989 0.00 0.0M
299580.000 1972 COM2 65 0R0 230 0.9 12.5 72.5 0.9989 0.00 0.0M
299640.000 1972 COM2 65 0R0 248 0.4 12.5 72.4 0.9989 0.00 0.0M
299700.000 1972 COM2 65 0R0 219 0.5 12.5 72.1 0.9989 0.00 0.0M
299760.100 1972 COM2 65 0R0 245 0.8 12.5 72.0 0.9989 0.00 0.0M
299820.100 1972 COM2 65 0R0 244 0.5 12.5 72.8 0.9989 0.00 0.0M
299880.000 1972 COM2 65 0R0 271 0.2 12.5 73.4 0.9989 0.00 0.0M
299940.000 1972 COM2 65 0R0 250 0.2 12.5 73.1 0.9989 0.00 0.0M
300000.000 1972 COM2 65 0R0 259 0.7 12.5 71.9 0.9988 0.00 0.0M
300060.000 1972 COM2 65 0R0 204 0.4 12.4 73.0 0.9988 0.00 0.0M
300120.000 1972 COM2 65 0R0 244 0.7 12.4 72.9 0.9988 0.00 0.0M
300180.100 1972 COM2 65 0R0 257 0.5 12.4 72.5 0.9988 0.00 0.0M
300240.100 1972 COM2 65 0R0 210 0.5 12.4 72.9 0.9987 0.00 0.0M
300300.000 1972 COM2 65 0R0 238 0.6 12.4 73.1 0.9987 0.00 0.0M
300360.100 1972 COM2 65 0R0 252 0.6 12.4 73.1 0.9987 0.00 0.0M
300420.000 1972 COM2 65 0R0 221 0.2 12.4 73.5 0.9987 0.00 0.0M
300480.000 1972 COM2 65 0R0 245 0.6 12.4 74.1 0.9987 0.00 0.0M
300540.000 1972 COM2 65 0R0 266 1.1 12.4 74.0 0.9987 0.00 0.0M
300600.000 1972 COM2 65 0R0 224 0.3 12.3 72.8 0.9987 0.00 0.0M
300660.000 1972 COM2 65 0R0 289 0.6 12.3 72.7 0.9987 0.00 0.0M
300720.100 1972 COM2 65 0R0 276 1.2 12.3 72.4 0.9987 0.00 0.0M
300780.000 1972 COM2 65 0R0 283 1.6 12.3 72.4 0.9986 0.00 0.0M
300840.000 1972 COM2 65 0R0 276 2.3 12.2 70.5 0.9986 0.00 0.0M
300900.000 1972 COM2 65 0R0 261 1.5 12.2 70.9 0.9986 0.00 0.0M
300960.000 1972 COM2 65 0R0 273 1.9 12.2 70.4 0.9986 0.00 0.0M
301020.000 1972 COM2 65 0R0 298 1.3 12.2 70.9 0.9986 0.00 0.0M
301080.000 1972 COM2 65 0R0 270 1.8 12.1 70.8 0.9986 0.00 0.0M
301140.000 1972 COM2 65 0R0 257 1.7 12.1 70.6 0.9986 0.00 0.0M
301200.000 1972 COM2 65 0R0 263 1.5 12.1 69.9 0.9985 0.00 0.0M
301260.000 1972 COM2 65 0R0 261 0.8 12.1 70.0 0.9985 0.00 0.0M
301320.000 1972 COM2 65 0R0 279 1.4 12.1 69.7 0.9985 0.00 0.0M
301380.100 1972 COM2 65 0R0 256 1.4 12.1 69.8 0.9985 0.00 0.0M
301440.100 1972 COM2 65 0R0 274 2.3 12.1 68.9 0.9984 0.00 0.0M
301500.000 1972 COM2 65 0R0 287 2.0 12.1 69.2 0.9984 0.00 0.0M
301560.000 1972 COM2 65 0R0 261 0.9 12.1 70.0 0.9984 0.00 0.0M
301620.000 1972 COM2 65 0R0 270 1.8 12.1 70.6 0.9984 0.00 0.0M
301680.000 1972 COM2 65 0R0 269 0.7 12.1 71.6 0.9984 0.00 0.0M
301740.000 1972 COM2 65 0R0 263 1.1 12.1 70.7 0.9984 0.00 0.0M
301800.000 1972 COM2 65 0R0 282 0.7 12.0 70.2 0.9984 0.00 0.0M
301860.000 1972 COM2 65 0R0 246 1.4 12.0 69.4 0.9985 0.00 0.0M
301920.000 1972 COM2 65 0R0 229 0.3 12.0 71.5 0.9985 0.00 0.0M
301980.000 1972 COM2 65 0R0 257 0.8 12.0 71.2 0.9985 0.00 0.0M
302040.000 1972 COM2 65 0R0 270 0.8 12.0 69.9 0.9985 0.00 0.0M
302100.000 1972 COM2 65 0R0 261 0.9 12.0 70.1 0.9984 0.00 0.0M
302160.000 1972 COM2 65 0R0 313 0.2 12.0 71.1 0.9984 0.00 0.0M
302220.000 1972 COM2 65 0R0 336 0.2 12.1 70.5 0.9984 0.00 0.0M
302280.000 1972 COM2 65 0R0 004 0.7 12.1 70.0 0.9984 0.00 0.0M
302340.000 1972 COM2 65 0R0 269 0.1 12.2 69.5 0.9984 0.00 0.0M
302400.000 1972 COM2 65 0R0 041 0.2 12.2 69.1 0.9985 0.00 0.0M
302460.000 1972 COM2 65 0R0 339 0.2 12.3 69.3 0.9985 0.00 0.0M
302520.000 1972 COM2 65 0R0 224 0.2 12.3 70.0 0.9985 0.00 0.0M
302580.000 1972 COM2 65 0R0 208 0.5 12.4 67.3 0.9985 0.00 0.0M
302640.000 1972 COM2 65 0R0 270 0.2 12.5 68.0 0.9985 0.00 0.0M
302700.000 1972 COM2 65 0R0 292 1.2 12.6 66.3 0.9986 0.00 0.0M
302760.000 1972 COM2 65 0R0 154 0.3 12.6 66.6 0.9986 0.00 0.0M
302820.000 1972 COM2 65 0R0 270 0.7 12.6 66.5 0.9986 0.00 0.0M
302880.000 1972 COM2 65 0R0 218 0.5 12.7 69.3 0.9986 0.00 0.0M
302940.000 1972 COM2 65 0R0 232 0.6 12.7 69.1 0.9986 0.00 0.0M
303000.000 1972 COM2 65 0R0 170 0.6 12.8 69.2 0.9986 0.00 0.0M
303060.000 1972 COM2 65 0R0 290 0.9 12.9 68.9 0.9986 0.00 0.0M
303120.000 1972 COM2 65 0R0 309 0.4 12.9 69.2 0.9987 0.00 0.0M
303180.000 1972 COM2 65 0R0 279 0.9 12.9 66.8 0.9987 0.00 0.0M
303240.000 1972 COM2 65 0R0 300 0.3 12.9 69.3 0.9987 0.00 0.0M
303300.000 1972 COM2 65 0R0 196 0.5 12.9 69.3 0.9987 0.00 0.0M
303360.000 1972 COM2 65 0R0 252 1.0 13.0 68.8 0.9987 0.00 0.0M
303420.000 1972 COM2 65 0R0 301 1.5 13.0 65.7 0.9987 0.00 0.0M
303480.000 1972 COM2 65 0R0 232 1.2 13.0 65.6 0.9986 0.00 0.0M
303540.000 1972 COM2 65 0R0 247 0.7 13.0 66.8 0.9987 0.00 0.0M
303600.000 1972 COM2 65 0R0 284 0.6 13.0 66.0 0.9987 0.00 0.0M
303660.000 1972 COM2 65 0R0 263 1.6 12.9 66.0 0.9987 0.00 0.0M
303720.000 1972 COM2 65 0R0 284 1.4 12.9 65.9 0.9987 0.00 0.0M
303780.000 1972 COM2 65 0R0 255 1.3 12.9 65.2 0.9987 0.00 0.0M
303840.000 1972 COM2 65 0R0 236 0.8 12.9 66.8 0.9988 0.00 0.0M
303900.000 1972 COM2 65 0R0 318 0.7 13.0 66.2 0.9988 0.00 0.0M
303960.000 1972 COM2 65 0R0 144 0.5 13.1 67.3 0.9988 0.00 0.0M
304020.000 1972 COM2 65 0R0 149 0.3 13.2 67.2 0.9988 0.00 0.0M
304080.000 1972 COM2 65 0R0 297 0.4 13.3 67.0 0.9988 0.00 0.0M
304140.000 1972 COM2 65 0R0 279 0.5 13.4 66.0 0.9989 0.00 0.0M
304200.000 1972 COM2 65 0R0 330 0.3 13.4 66.1 0.9989 0.00 0.0M
304260.000 1972 COM2 65 0R0 282 1.5 13.5 65.4 0.9989 0.00 0.0M
304320.000 1972 COM2 65 0R0 259 1.2 13.5 63.1 0.9989 0.00 0.0M
304380.000 1972 COM2 65 0R0 287 0.8 13.5 63.8 0.9989 0.00 0.0M
304440.000 1972 COM2 65 0R0 242 0.5 13.4 63.1 0.9989 0.00 0.0M
304500.000 1972 COM2 65 0R0 242 0.9 13.4 63.9 0.9989 0.00 0.0M
304560.000 1972 COM2 65 0R0 253 1.2 13.4 63.4 0.9989 0.00 0.0M
304620.000 1972 COM2 65 0R0 235 1.7 13.4 62.4 0.9989 0.00 0.0M
304680.000 1972 COM2 65 0R0 271 1.5 13.5 63.1 0.9989 0.00 0.0M
304740.000 1972 COM2 65 0R0 252 0.7 13.5 63.1 0.9989 0.00 0.0M
304800.000 1972 COM2 65 0R0 264 1.5 13.5 63.1 0.9989 0.00 0.0M
304860.000 1972 COM2 65 0R0 275 2.0 13.6 60.8 0.9990 0.00 0.0M
304920.000 1972 COM2 65 0R0 280 1.0 13.5 62.2 0.9990 0.00 0.0M
304980.000 1972 COM2 65 0R0 260 0.8 13.5 62.1 0.9990 0.00 0.0M
305040.000 1972 COM2 65 0R0 249 0.7 13.5 61.6 0.9991 0.00 0.0M
305100.000 1972 COM2 65 0R0 270 1.6 13.5 61.1 0.9991 0.00 0.0M
305160.000 1972 COM2 65 0R0 259 1.6 13.5 61.7 0.9991 0.00 0.0M
305220.000 1972 COM2 65 0R0 255 1.7 13.5 61.3 0.9991 0.00 0.0M
305280.000 1972 COM2 65 0R0 246 1.8 13.4 60.8 0.9991 0.00 0.0M
305340.000 1972 COM2 65 0R0 236 0.8 13.4 61.2 0.9991 0.00 0.0M
305400.000 1972 COM2 65 0R0 226 0.5 13.4 61.3 0.9991 0.00 0.0M
305460.000 1972 COM2 65 0R0 300 0.5 13.4 61.6 0.9991 0.00 0.0M
305520.000 1972 COM2 65 0R0 257 2.3 13.4 60.9 0.9991 0.00 0.0M
305580.000 1972 COM2 65 0R0 266 1.8 13.5 59.9 0.9991 0.00 0.0M
305640.000 1972 COM2 65 0R0 268 0.9 13.5 60.7 0.9991 0.00 0.0M
305700.000 1972 COM2 65 0R0 257 1.3 13.5 61.0 0.9991 0.00 0.0M
305760.000 1972 COM2 65 0R0 275 0.5 13.5 59.0 0.9991 0.00 0.0M
305820.000 1972 COM2 65 0R0 204 0.2 13.5 60.0 0.9991 0.00 0.0M
305880.000 1972 COM2 65 0R0 275 2.9 13.6 57.4 0.9991 0.00 0.0M
305940.000 1972 COM2 65 0R0 278 2.4 13.6 58.3 0.9991 0.00 0.0M
306000.000 1972 COM2 65 0R0 261 1.7 13.6 59.2 0.9991 0.00 0.0M
306060.000 1972 COM2 65 0R0 271 2.0 13.6 59.2 0.9991 0.00 0.0M
306120.000 1972 COM2 65 0R0 288 1.6 13.6 57.8 0.9991 0.00 0.0M
306180.000 1972 COM2 65 0R0 313 1.2 13.5 59.4 0.9991 0.00 0.0M
306240.000 1972 COM2 65 0R0 258 1.3 13.5 59.8 0.9991 0.00 0.0M
306300.000 1972 COM2 65 0R0 272 2.7 13.5 58.3 0.9991 0.00 0.0M
306360.000 1972 COM2 65 0R0 300 0.5 13.5 59.8 0.9991 0.00 0.0M
306420.000 1972 COM2 65 0R0 246 1.3 13.6 59.0 0.9991 0.00 0.0M
306480.000 1972 COM2 65 0R0 336 0.5 13.6 59.8 0.9991 0.00 0.0M
306540.000 1972 COM2 65 0R0 263 1.4 13.7 59.2 0.9991 0.00 0.0M
306600.000 1972 COM2 65 0R0 280 2.9 13.8 56.8 0.9991 0.00 0.0M
306660.000 1972 COM2 65 0R0 254 1.5 13.7 58.0 0.9990 0.00 0.0M
306720.000 1972 COM2 65 0R0 027 0.7 13.8 59.1 0.9990 0.00 0.0M
306780.000 1972 COM2 65 0R0 257 0.7 14.0 57.8 0.9990 0.00 0.0M
306840.000 1972 COM2 65 0R0 302 3.0 14.0 56.8 0.9990 0.00 0.0M
306900.000 1972 COM2 65 0R0 287 4.0 14.0 55.7 0.9990 0.00 0.0M
306960.000 1972 COM2 65 0R0 063 1.3 13.9 56.4 0.9990 0.00 0.0M
307020.000 1972 COM2 65 0R0 194 0.4 13.8 57.2 0.9990 0.00 0.0M
307080.000 1972 COM2 65 0R0 293 1.3 13.7 56.3 0.9991 0.00 0.0M
307140.000 1972 COM2 65 0R0 289 3.1 13.6 56.2 0.9991 0.00 0.0M
307200.000 1972 COM2 65 0R0 226 1.2 13.5 57.4 0.9991 0.00 0.0M
307260.000 1972 COM2 65 0R0 296 2.4 13.5 57.0 0.9991 0.00 0.0M
307320.000 1972 COM2 65 0R0 297 2.0 13.5 56.6 0.9991 0.00 0.0M
307380.000 1972 COM2 65 0R0 300 2.6 13.4 56.5 0.9991 0.00 0.0M
307440.000 1972 COM2 65 0R0 298 2.9 13.4 57.8 0.9991 0.00 0.0M
307500.000 1972 COM2 65 0R0 184 0.8 13.4 58.1 0.9991 0.00 0.0M
307560.000 1972 COM2 65 0R0 263 0.6 13.4 56.1 0.9991 0.00 0.0M
307620.000 1972 COM2 65 0R0 282 1.3 13.5 57.2 0.9991 0.00 0.0M
307680.000 1972 COM2 65 0R0 292 3.2 13.6 53.7 0.9991 0.00 0.0M
307740.000 1972 COM2 65 0R0 299 1.7 13.6 56.1 0.9991 0.00 0.0M
307800.000 1972 COM2 65 0R0 286 3.8 13.7 54.2 0.9991 0.00 0.0M
307860.000 1972 COM2 65 0R0 284 2.9 13.8 54.8 0.9991 0.00 0.0M
307920.000 1972 COM2 65 0R0 289 1.1 13.9 55.0 0.9991 0.00 0.0M
307980.000 1972 COM2 65 0R0 320 2.8 13.9 53.4 0.9991 0.00 0.0M
308040.000 1972 COM2 65 0R0 294 3.1 13.9 53.9 0.9991 0.00 0.0M
308100.000 1972 COM2 65 0R0 232 1.4 13.8 54.4 0.9991 0.00 0.0M
308160.000 1972 COM2 65 0R0 246 0.7 13.8 55.1 0.9991 0.00 0.0M
308220.000 1972 COM2 65 0R0 085 0.6 13.9 53.7 0.9991 0.00 0.0M
308280.000 1972 COM2 65 0R0 281 3.7 14.0 52.7 0.9991 0.00 0.0M
308340.000 1972 COM2 65 0R0 312 0.8 14.0 53.9 0.9991 0.00 0.0M
308400.000 1972 COM2 65 0R0 354 0.3 14.0 53.7 0.9991 0.00 0.0M
308460.000 1972 COM2 65 0R0 184 0.6 14.0 54.0 0.9991 0.00 0.0M
308520.000 1972 COM2 65 0R0 296 3.2 14.0 52.5 0.9991 0.00 0.0M
308580.000 1972 COM2 65 0R0 300 1.0 13.9 54.4 0.9991 0.00 0.0M
308640.000 1972 COM2 65 0R0 308 1.2 13.9 54.4 0.9991 0.00 0.0M
308700.000 1972 COM2 65 0R0 269 0.5 13.9 52.5 0.9990 0.00 0.0M
308760.000 1972 COM2 65 0R0 308 3.3 13.9 52.6 0.9990 0.00 0.0M
308820.000 1972 COM2 65 0R0 327 0.5 13.8 54.3 0.9990 0.00 0.0M
308880.000 1972 COM2 65 0R0 290 2.5 13.8 53.7 0.9990 0.00 0.0M
308940.000 1972 COM2 65 0R0 278 0.9 13.8 55.0 0.9990 0.00 0.0M
309000.000 1972 COM2 65 0R0 311 3.1 13.8 53.3 0.9991 0.00 0.0M
309060.000 1972 COM2 65 0R0 254 1.6 13.8 54.6 0.9991 0.00 0.0M
309120.000 1972 COM2 65 0R0 336 0.7 13.8 53.8 0.9991 0.00 0.0M
309180.000 1972 COM2 65 0R0 282 1.5 13.9 54.7 0.9991 0.00 0.0M
309240.000 1972 COM2 65 0R0 268 2.4 13.9 53.8 0.9990 0.00 0.0M
309300.000 1972 COM2 65 0R0 319 0.8 14.0 54.9 0.9991 0.00 0.0M
309360.000 1972 COM2 65 0R0 294 1.5 14.1 54.9 0.9991 0.00 0.0M
309420.000 1972 COM2 65 0R0 269 0.9 14.3 54.7 0.9991 0.00 0.0M
309480.000 1972 COM2 65 0R0 250 0.3 14.5 54.3 0.9991 0.00 0.0M
309540.000 1972 COM2 65 0R0 298 3.3 14.7 51.9 0.9990 0.00 0.0M
309600.000 1972 COM2 65 0R0 329 0.9 14.7 52.8 0.9990 0.00 0.0M
309660.000 1972 COM2 65 0R0 277 1.9 14.6 52.4 0.9991 0.00 0.0M
309720.000 1972 COM2 65 0R0 274 2.4 14.6 52.0 0.9991 0.00 0.0M
309780.000 1972 COM2 65 0R0 276 0.7 14.6 51.8 0.9991 0.00 0.0M
309840.000 1972 COM2 65 0R0 296 2.6 14.6 50.8 0.9991 0.00 0.0M
309900.000 1972 COM2 65 0R0 249 0.5 14.6 52.0 0.9991 0.00 0.0M
309960.000 1972 COM2 65 0R0 289 4.6 14.5 50.4 0.9991 0.00 0.0M
310020.000 1972 COM2 65 0R0 008 0.9 14.5 51.5 0.9991 0.00 0.0M
310080.000 1972 COM2 65 0R0 266 1.8 14.5 51.2 0.9991 0.00 0.0M
310140.000 1972 COM2 65 0R0 285 4.8 14.5 51.2 0.9991 0.00 0.0M
310200.000 1972 COM2 65 0R0 300 1.3 14.5 52.8 0.9991 0.00 0.0M
310260.000 1972 COM2 65 0R0 279 0.4 14.6 53.3 0.9991 0.00 0.0M
310320.000 1972 COM2 65 0R0 266 0.8 14.8 53.3 0.9991 0.00 0.0M
310380.000 1972 COM2 65 0R0 180 0.7 15.0 52.4 0.9991 0.00 0.0M
310440.000 1972 COM2 65 0R0 294 2.2 15.2 51.4 0.9991 0.00 0.0M
310500.000 1972 COM2 65 0R0 131 0.3 15.3 49.7 0.9991 0.00 0.0M
310560.000 1972 COM2 65 0R0 285 3.3 15.3 49.6 0.9991 0.00 0.0M
310620.000 1972 COM2 65 0R0 339 1.5 15.2 49.5 0.9991 0.00 0.0M
310680.100 1972 COM2 65 0R0 312 2.5 15.2 49.8 0.9991 0.00 0.0M
310740.100 1972 COM2 65 0R0 287 2.6 15.2 50.2 0.9991 0.00 0.0M
310800.100 1972 COM2 65 0R0 310 3.2 15.1 49.4 0.9991 0.00 0.0M
310860.100 1972 COM2 65 0R0 249 0.7 15.1 51.0 0.9991 0.00 0.0M
310920.100 1972 COM2 65 0R0 220 1.7 15.1 49.8 0.9990 0.00 0.0M
310980.100 1972 COM2 65 0R0 260 0.9 15.2 50.0 0.9990 0.00 0.0M
311040.100 1972 COM2 65 0R0 299 2.0 15.2 49.9 0.9990 0.00 0.0M
311100.100 1972 COM2 65 0R0 001 1.3 15.2 49.3 0.9990 0.00 0.0M
311160.100 1972 COM2 65 0R0 136 0.6 15.3 51.1 0.9989 0.00 0.0M
311220.100 1972 COM2 65 0R0 066 0.3 15.4 49.5 0.9989 0.00 0.0M
311280.100 1972 COM2 65 0R0 319 2.7 15.5 47.2 0.9989 0.00 0.0M
311340.100 1972 COM2 65 0R0 265 1.2 15.5 48.6 0.9988 0.00 0.0M
311400.000 1972 COM2 65 0R0 310 0.9 15.5 47.4 0.9988 0.00 0.0M
311460.000 1972 COM2 65 0R0 206 0.5 15.5 49.1 0.9988 0.00 0.0M
311520.000 1972 COM2 65 0R0 222 1.6 15.5 47.9 0.9988 0.00 0.0M
311580.000 1972 COM2 65 0R0 041 1.7 15.6 47.0 0.9987 0.00 0.0M
311640.000 1972 COM2 65 0R0 327 0.9 15.7 48.7 0.9987 0.00 0.0M
311700.000 1972 COM2 65 0R0 277 2.5 15.8 47.6 0.9987 0.00 0.0M
311760.000 1972 COM2 65 0R0 029 0.6 15.9 48.4 0.9987 0.00 0.0M
311820.000 1972 COM2 65 0R0 304 1.0 16.0 46.6 0.9987 0.00 0.0M
311880.000 1972 COM2 65 0R0 100 0.6 16.0 47.8 0.9987 0.00 0.0M
311940.000 1972 COM2 65 0R0 311 0.3 16.1 49.1 0.9986 0.00 0.0M
312000.000 1972 COM2 65 0R0 318 1.2 16.2 47.6 0.9986 0.00 0.0M
312060.000 1972 COM2 65 0R0 175 1.3 16.3 47.8 0.9986 0.00 0.0M
312120.000 1972 COM2 65 0R0 309 1.7 16.4 48.1 0.9986 0.00 0.0M
312180.000 1972 COM2 65 0R0 348 2.4 16.4 45.7 0.9987 0.00 0.0M
312240.000 1972 COM2 65 0R0 305 3.5 16.1 46.5 0.9987 0.00 0.0M
312300.000 1972 COM2 65 0R0 301 2.7 16.0 45.8 0.9986 0.00 0.0M
312360.000 1972 COM2 65 0R0 315 3.0 16.0 46.5 0.9986 0.00 0.0M
312420.000 1972 COM2 65 0R0 303 4.6 15.9 46.9 0.9986 0.00 0.0M
312480.000 1972 COM2 65 0R0 271 2.4 15.8 47.1 0.9986 0.00 0.0M
312540.000 1972 COM2 65 0R0 323 2.0 15.9 46.8 0.9986 0.00 0.0M
312600.000 1972 COM2 65 0R0 295 4.3 15.9 46.1 0.9986 0.00 0.0M
312660.000 1972 COM2 65 0R0 300 1.1 15.8 46.8 0.9986 0.00 0.0M
312720.000 1972 COM2 65 0R0 316 3.6 15.8 45.6 0.9985 0.00 0.0M
312780.000 1972 COM2 65 0R0 291 0.9 15.7 46.2 0.9985 0.00 0.0M
312840.000 1972 COM2 65 0R0 309 3.4 15.7 46.6 0.9985 0.00 0.0M
312900.000 1972 COM2 65 0R0 285 1.3 15.7 47.7 0.9985 0.00 0.0M
312960.000 1972 COM2 65 0R0 280 2.3 15.7 46.7 0.9985 0.00 0.0M
313020.000 1972 COM2 65 0R0 268 1.5 15.8 47.2 0.9985 0.00 0.0M
313080.000 1972 COM2 65 0R0 291 3.2 15.9 47.4 0.9985 0.00 0.0M
313140.000 1972 COM2 65 0R0 298 3.7 15.9 45.7 0.9985 0.00 0.0M
313200.000 1972 COM2 65 0R0 308 2.8 15.9 45.2 0.9985 0.00 0.0M
313260.000 1972 COM2 65 0R0 308 3.8 15.9 44.6 0.9985 0.00 0.0M
313320.000 1972 COM2 65 0R0 295 2.0 15.9 44.5 0.9985 0.00 0.0M
313380.000 1972 COM2 65 0R0 224 1.0 16.0 45.5 0.9985 0.00 0.0M
313440.000 1972 COM2 65 0R0 330 2.9 16.2 44.2 0.9985 0.00 0.0M
313500.000 1972 COM2 65 0R0 260 1.9 16.2 43.7 0.9985 0.00 0.0M
313560.000 1972 COM2 65 0R0 301 4.2 16.3 43.5 0.9985 0.00 0.0M
313620.000 1972 COM2 65 0R0 302 2.7 16.2 45.0 0.9985 0.00 0.0M
313680.000 1972 COM2 65 0R0 295 3.1 16.2 44.5 0.9984 0.00 0.0M
313740.000 1972 COM2 65 0R0 281 3.2 16.2 44.3 0.9984 0.00 0.0M
313800.000 1972 COM2 65 0R0 344 2.7 16.3 43.7 0.9983 0.00 0.0M
313860.000 1972 COM2 65 0R0 330 1.7 16.3 44.5 0.9983 0.00 0.0M
313920.000 1972 COM2 65 0R0 291 4.6 16.4 41.5 0.9983 0.00 0.0M
313980.000 1972 COM2 65 0R0 303 1.9 16.4 43.1 0.9983 0.00 0.0M
314040.000 1972 COM2 65 0R0 279 1.9 16.5 43.1 0.9983 0.00 0.0M
314100.000 1972 COM2 65 0R0 192 0.7 16.6 43.6 0.9983 0.00 0.0M
314160.000 1972 COM2 65 0R0 321 0.5 16.7 43.9 0.9982 0.00 0.0M
314220.000 1972 COM2 65 0R0 225 0.9 17.0 43.1 0.9982 0.00 0.0M
314280.000 1972 COM2 65 0R0 018 0.7 17.1 42.6 0.9983 0.00 0.0M
314340.000 1972 COM2 65 0R0 001 0.8 17.2 43.4 0.9983 0.00 0.0M
314400.000 1972 COM2 65 0R0 293 1.7 17.2 41.0 0.9983 0.00 0.0M
314460.000 1972 COM2 65 0R0 278 2.0 17.2 38.8 0.9984 0.00 0.0M
314520.000 1972 COM2 65 0R0 310 1.1 17.1 38.5 0.9983 0.00 0.0M
314580.000 1972 COM2 65 0R0 339 2.6 16.9 39.9 0.9984 0.00 0.0M
314640.000 1972 COM2 65 0R0 352 3.1 16.9 39.1 0.9983 0.00 0.0M
314700.000 1972 COM2 65 0R0 337 2.7 16.8 39.1 0.9983 0.00 0.0M
314760.100 1972 COM2 65 0R0 337 2.7 16.7 39.9 0.9983 0.00 0.0M
314820.000 1972 COM2 65 0R0 282 2.4 16.7 40.0 0.9983 0.00 0.0M
314880.100 1972 COM2 65 0R0 320 1.5 16.6 40.0 0.9983 0.00 0.0M
314940.100 1972 COM2 65 0R0 312 2.2 16.6 40.3 0.9984 0.00 0.0M
315000.100 1972 COM2 65 0R0 321 0.6 16.6 42.3 0.9984 0.00 0.0M
315060.100 1972 COM2 65 0R0 244 0.8 16.8 42.3 0.9984 0.00 0.0M
315120.100 1972 COM2 65 0R0 325 0.8 17.0 42.2 0.9984 0.00 0.0M
315180.100 1972 COM2 65 0R0 310 2.0 17.2 40.8 0.9984 0.00 0.0M
315240.100 1972 COM2 65 0R0 266 1.6 17.3 40.8 0.9984 0.00 0.0M
315300.100 1972 COM2 65 0R0 059 0.9 17.4 40.9 0.9984 0.00 0.0M
315360.100 1972 COM2 65 0R0 057 1.0 17.4 39.9 0.9984 0.00 0.0M
315420.100 1972 COM2 65 0R0 294 0.3 17.4 40.9 0.9984 0.00 0.0M
315480.100 1972 COM2 65 0R0 273 1.2 17.4 40.7 0.9984 0.00 0.0M
315540.100 1972 COM2 65 0R0 269 2.4 17.4 39.5 0.9984 0.00 0.0M
315600.100 1972 COM2 65 0R0 252 0.9 17.4 39.8 0.9984 0.00 0.0M
315660.100 1972 COM2 65 0R0 278 0.4 17.5 40.5 0.9984 0.00 0.0M
315720.100 1972 COM2 65 0R0 007 1.8 17.6 38.3 0.9985 0.00 0.0M
315780.100 1972 COM2 65 0R0 053 1.6 17.4 38.7 0.9985 0.00 0.0M
315840.100 1972 COM2 65 0R0 104 0.6 17.3 40.4 0.9985 0.00 0.0M
315900.000 1972 COM2 65 0R0 057 0.7 17.4 40.6 0.9986 0.00 0.0M
315960.100 1972 COM2 65 0R0 300 0.3 17.6 39.7 0.9986 0.00 0.0M
316020.100 1972 COM2 65 0R0 293 1.5 17.8 38.9 0.9987 0.00 0.0M
316080.100 1972 COM2 65 0R0 304 1.5 17.8 38.5 0.9987 0.00 0.0M
316140.100 1972 COM2 65 0R0 292 2.3 17.8 38.4 0.9987 0.00 0.0M
316200.100 1972 COM2 65 0R0 307 2.0 17.6 36.4 0.9987 0.00 0.0M
316260.100 1972 COM2 65 0R0 282 0.4 17.4 38.2 0.9988 0.00 0.0M
316320.100 1972 COM2 65 0R0 329 2.0 17.3 38.6 0.9987 0.00 0.0M
316380.100 1972 COM2 65 0R0 021 1.3 17.3 38.1 0.9987 0.00 0.0M
316440.000 1972 COM2 65 0R0 054 0.8 17.2 40.2 0.9987 0.00 0.0M
316500.000 1972 COM2 65 0R0 352 1.1 17.3 38.5 0.9986 0.00 0.0M
316560.100 1972 COM2 65 0R0 250 0.8 17.4 40.6 0.9986 0.00 0.0M
316620.000 1972 COM2 65 0R0 236 1.3 17.7 38.5 0.9986 0.00 0.0M
316680.100 1972 COM2 65 0R0 218 1.3 17.9 38.3 0.9986 0.00 0.0M
316740.000 1972 COM2 65 0R0 292 2.2 18.1 37.6 0.9986 0.00 0.0M
316800.100 1972 COM2 65 0R0 293 2.5 18.1 34.2 0.9986 0.00 0.0M
316860.000 1972 COM2 65 0R0 288 2.6 17.9 35.4 0.9986 0.00 0.0M
316920.100 1972 COM2 65 0R0 261 1.0 17.7 37.4 0.9986 0.00 0.0M
316980.100 1972 COM2 65 0R0 286 3.3 17.5 37.0 0.9986 0.00 0.0M
317040.100 1972 COM2 65 0R0 301 2.2 17.3 37.2 0.9986 0.00 0.0M
317100.100 1972 COM2 65 0R0 285 2.9 17.2 37.1 0.9985 0.00 0.0M
317160.000 1972 COM2 65 0R0 283 3.1 17.1 37.7 0.9985 0.00 0.0M
317220.000 1972 COM2 65 0R0 291 1.8 17.1 38.6 0.9985 0.00 0.0M
317280.000 1972 COM2 65 0R0 324 0.9 17.1 37.6 0.9984 0.00 0.0M
317340.000 1972 COM2 65 0R0 278 0.9 17.1 37.5 0.9984 0.00 0.0M
317400.000 1972 COM2 65 0R0 321 1.8 17.2 37.5 0.9983 0.00 0.0M
317460.000 1972 COM2 65 0R0 315 0.8 17.1 39.1 0.9982 0.00 0.0M
317520.000 1972 COM2 65 0R0 298 3.7 17.2 37.3 0.9982 0.00 0.0M
317580.000 1972 COM2 65 0R0 273 1.2 17.3 38.7 0.9982 0.00 0.0M
317640.000 1972 COM2 65 0R0 262 2.3 17.3 37.1 0.9982 0.00 0.0M
317700.000 1972 COM2 65 0R0 286 4.8 17.3 37.1 0.9981 0.00 0.0M
317760.000 1972 COM2 65 0R0 277 3.9 17.3 37.8 0.9980 0.00 0.0M
317820.000 1972 COM2 65 0R0 273 2.0 17.3 38.1 0.9981 0.00 0.0M
317880.000 1972 COM2 65 0R0 307 1.3 17.3 38.6 0.9980 0.00 0.0M
317940.000 1972 COM2 65 0R0 311 1.4 17.4 37.8 0.9980 0.00 0.0M
318000.000 1972 COM2 65 0R0 247 1.0 17.4 37.6 0.9980 0.00 0.0M
318060.000 1972 COM2 65 0R0 196 0.4 17.4 39.5 0.9980 0.00 0.0M
318120.000 1972 COM2 65 0R0 058 0.4 17.5 39.3 0.9979 0.00 0.0M
318180.000 1972 COM2 65 0R0 265 2.6 17.8 38.0 0.9979 0.00 0.0M
318240.000 1972 COM2 65 0R0 203 0.6 17.9 38.4 0.9978 0.00 0.0M
318300.000 1972 COM2 65 0R0 265 1.1 17.9 38.7 0.9978 0.00 0.0M
318360.000 1972 COM2 65 0R0 261 1.7 18.1 38.0 0.9978 0.00 0.0M
318420.000 1972 COM2 65 0R0 209 1.2 18.2 37.4 0.9978 0.00 0.0M
318480.000 1972 COM2 65 0R0 317 1.9 18.3 37.1 0.9977 0.00 0.0M
318540.000 1972 COM2 65 0R0 260 3.3 18.2 37.1 0.9977 0.00 0.0M
318600.000 1972 COM2 65 0R0 310 3.1 18.0 36.1 0.9977 0.00 0.0M
318660.000 1972 COM2 65 0R0 289 1.9 17.7 37.4 0.9976 0.00 0.0M
318720.000 1972 COM2 65 0R0 204 0.6 17.6 38.1 0.9976 0.00 0.0M
318780.000 1972 COM2 65 0R0 318 4.4 17.6 37.1 0.9976 0.00 0.0M
318840.000 1972 COM2 65 0R0 274 0.7 17.7 38.2 0.9976 0.00 0.0M
318900.000 1972 COM2 65 0R0 284 3.7 17.7 37.0 0.9975 0.00 0.0M
318960.000 1972 COM2 65 0R0 287 2.0 17.5 37.4 0.9975 0.00 0.0M
319020.000 1972 COM2 65 0R0 262 2.0 17.4 38.5 0.9975 0.00 0.0M
319080.000 1972 COM2 65 0R0 289 4.6 17.4 37.3 0.9976 0.00 0.0M
319140.000 1972 COM2 65 0R0 184 0.8 17.3 39.1 0.9976 0.00 0.0M
319200.000 1972 COM2 65 0R0 271 3.5 17.4 37.9 0.9976 0.00 0.0M
319260.000 1972 COM2 65 0R0 326 2.0 17.5 38.4 0.9977 0.00 0.0M
319320.000 1972 COM2 65 0R0 014 0.7 17.7 38.0 0.9976 0.00 0.0M
319380.000 1972 COM2 65 0R0 328 2.1 17.7 37.5 0.9976 0.00 0.0M
319440.000 1972 COM2 65 0R0 008 1.9 17.7 37.4 0.9976 0.00 0.0M
319500.000 1972 COM2 65 0R0 346 1.4 17.7 37.4 0.9976 0.00 0.0M
319560.000 1972 COM2 65 0R0 039 0.9 17.7 38.6 0.9976 0.00 0.0M
319620.000 1972 COM2 65 0R0 071 1.4 17.8 37.9 0.9976 0.00 0.0M
319680.000 1972 COM2 65 0R0 015 0.5 17.9 37.5 0.9976 0.00 0.0M
319740.000 1972 COM2 65 0R0 354 0.9 18.0 37.6 0.9976 0.00 0.0M
319800.000 1972 COM2 65 0R0 121 0.4 18.1 38.7 0.9975 0.00 0.0M
319860.000 1972 COM2 65 0R0 285 2.1 18.3 38.1 0.9975 0.00 0.0M
319920.000 1972 COM2 65 0R0 344 3.0 18.3 37.1 0.9975 0.00 0.0M
319980.000 1972 COM2 65 0R0 002 0.8 18.1 37.0 0.9975 0.00 0.0M
320040.000 1972 COM2 65 0R0 241 0.3 18.0 37.9 0.9975 0.00 0.0M
320100.000 1972 COM2 65 0R0 185 0.6 18.1 40.0 0.9975 0.00 0.0M
320160.000 1972 COM2 65 0R0 260 1.8 18.3 34.5 0.9975 0.00 0.0M
320220.000 1972 COM2 65 0R0 273 3.3 18.2 35.4 0.9975 0.00 0.0M
320280.000 1972 COM2 65 0R0 279 2.2 18.1 36.2 0.9975 0.00 0.0M
320340.000 1972 COM2 65 0R0 284 2.6 18.0 35.7 0.9975 0.00 0.0M
320400.000 1972 COM2 65 0R0 305 1.3 17.8 36.5 0.9975 0.00 0.0M
320460.000 1972 COM2 65 0R0 264 2.1 17.7 36.5 0.9974 0.00 0.0M
320520.000 1972 COM2 65 0R0 292 2.5 17.6 36.1 0.9974 0.00 0.0M
320580.000 1972 COM2 65 0R0 246 1.2 17.6 36.6 0.9974 0.00 0.0M
320640.000 1972 COM2 65 0R0 233 2.0 17.7 36.7 0.9974 0.00 0.0M
320700.000 1972 COM2 65 0R0 287 3.6 17.8 34.8 0.9974 0.00 0.0M
320760.000 1972 COM2 65 0R0 309 3.3 17.7 35.8 0.9973 0.00 0.0M
320820.000 1972 COM2 65 0R0 286 2.1 17.7 35.6 0.9973 0.00 0.0M
320880.000 1972 COM2 65 0R0 292 2.6 17.6 35.6 0.9973 0.00 0.0M
320940.000 1972 COM2 65 0R0 297 1.8 17.5 36.8 0.9973 0.00 0.0M
321000.000 1972 COM2 65 0R0 211 1.0 17.5 37.4 0.9972 0.00 0.0M
321060.000 1972 COM2 65 0R0 276 1.1 17.6 36.9 0.9972 0.00 0.0M
321120.000 1972 COM2 65 0R0 169 0.7 17.8 37.2 0.9972 0.00 0.0M
321180.000 1972 COM2 65 0R0 295 1.2 18.0 36.6 0.9971 0.00 0.0M
321240.000 1972 COM2 65 0R0 300 1.9 18.2 36.0 0.9971 0.00 0.0M
321300.000 1972 COM2 65 0R0 241 0.6 18.3 34.2 0.9971 0.00 0.0M
321360.000 1972 COM2 65 0R0 301 2.3 18.4 34.1 0.9970 0.00 0.0M
321420.000 1972 COM2 65 0R0 358 1.0 18.5 34.1 0.9970 0.00 0.0M
321480.000 1972 COM2 65 0R0 010 1.7 18.5 34.6 0.9970 0.00 0.0M
321540.000 1972 COM2 65 0R0 347 1.6 18.5 33.7 0.9969 0.00 0.0M
321600.000 1972 COM2 65 0R0 301 3.2 18.4 34.2 0.9970 0.00 0.0M
321660.000 1972 COM2 65 0R0 328 1.0 18.2 35.2 0.9970 0.00 0.0M
321720.000 1972 COM2 65 0R0 328 1.0 18.1 35.9 0.9970 0.00 0.0M
321780.000 1972 COM2 65 0R0 186 0.6 18.1 36.0 0.9970 0.00 0.0M
321840.000 1972 COM2 65 0R0 109 0.2 18.2 35.8 0.9970 0.00 0.0M
321900.000 1972 COM2 65 0R0 010 0.6 18.2 34.7 0.9969 0.00 0.0M
321960.000 1972 COM2 65 0R0 339 0.6 18.2 35.0 0.9969 0.00 0.0M
322020.000 1972 COM2 65 0R0 292 2.4 18.3 35.5 0.9969 0.00 0.0M
322080.000 1972 COM2 65 0R0 286 3.1 18.5 33.6 0.9968 0.00 0.0M
322140.000 1972 COM2 65 0R0 285 3.5 18.6 34.6 0.9968 0.00 0.0M
322200.000 1972 COM2 65 0R0 195 1.1 18.4 35.9 0.9968 0.00 0.0M
322260.000 1972 COM2 65 0R0 304 1.3 18.4 35.1 0.9968 0.00 0.0M
322320.000 1972 COM2 65 0R0 278 1.6 18.3 33.1 0.9968 0.00 0.0M
322380.000 1972 COM2 65 0R0 200 0.8 18.2 35.3 0.9968 0.00 0.0M
322440.000 1972 COM2 65 0R0 292 0.4 18.3 35.9 0.9968 0.00 0.0M
322500.000 1972 COM2 65 0R0 177 1.0 18.6 35.3 0.9968 0.00 0.0M
322560.000 1972 COM2 65 0R0 106 0.6 18.9 35.4 0.9969 0.00 0.0M
322620.000 1972 COM2 65 0R0 299 2.3 19.2 34.9 0.9969 0.00 0.0M
322680.000 1972 COM2 65 0R0 257 2.1 19.3 35.0 0.9969 0.00 0.0M
322740.000 1972 COM2 65 0R0 067 0.5 19.3 34.9 0.9968 0.00 0.0M
322800.000 1972 COM2 65 0R0 040 0.3 19.4 34.9 0.9968 0.00 0.0M
322860.000 1972 COM2 65 0R0 265 0.6 19.4 35.0 0.9967 0.00 0.0M
322920.000 1972 COM2 65 0R0 051 0.3 19.4 34.3 0.9967 0.00 0.0M
322980.000 1972 COM2 65 0R0 293 1.0 19.4 34.5 0.9967 0.00 0.0M
323040.000 1972 COM2 65 0R0 319 0.8 19.5 33.6 0.9967 0.00 0.0M
323100.000 1972 COM2 65 0R0 306 0.7 19.4 34.2 0.9967 0.00 0.0M
323160.000 1972 COM2 65 0R0 329 0.3 19.4 33.0 0.9968 0.00 0.0M
323220.000 1972 COM2 65 0R0 310 3.3 19.4 31.9 0.9968 0.00 0.0M
323280.000 1972 COM2 65 0R0 313 1.2 19.2 32.0 0.9969 0.00 0.0M
323340.000 1972 COM2 65 0R0 029 0.5 18.9 32.5 0.9969 0.00 0.0M
323400.000 1972 COM2 65 0R0 273 0.8 18.8 32.3 0.9968 0.00 0.0M
323460.000 1972 COM2 65 0R0 301 1.3 18.8 33.2 0.9968 0.00 0.0M
323520.000 1972 COM2 65 0R0 171 0.6 18.9 33.8 0.9968 0.00 0.0M
323580.000 1972 COM2 65 0R0 243 1.9 18.9 33.6 0.9968 0.00 0.0M
323640.000 1972 COM2 65 0R0 280 1.8 18.9 33.7 0.9968 0.00 0.0M
323700.000 1972 COM2 65 0R0 275 1.4 18.9 33.7 0.9968 0.00 0.0M
323760.000 1972 COM2 65 0R0 281 3.0 18.8 33.3 0.9969 0.00 0.0M
323820.000 1972 COM2 65 0R0 289 2.7 18.7 33.4 0.9969 0.00 0.0M
323880.000 1972 COM2 65 0R0 271 0.8 18.5 34.8 0.9969 0.00 0.0M
323940.000 1972 COM2 65 0R0 285 2.1 18.4 33.4 0.9969 0.00 0.0M
324000.000 1972 COM2 65 0R0 273 1.5 18.3 35.5 0.9968 0.00 0.0M
324060.000 1972 COM2 65 0R0 270 2.5 18.3 34.4 0.9968 0.00 0.0M
324120.000 1972 COM2 65 0R0 275 1.9 18.4 35.3 0.9968 0.00 0.0M
324180.000 1972 COM2 65 0R0 281 2.4 18.4 33.8 0.9968 0.00 0.0M
324240.100 1972 COM2 65 0R0 296 2.8 18.3 34.3 0.9968 0.00 0.0M
324300.000 1972 COM2 65 0R0 271 1.3 18.2 35.7 0.9968 0.00 0.0M
324360.100 1972 COM2 65 0R0 278 2.7 18.2 35.2 0.9968 0.00 0.0M
324420.000 1972 COM2 65 0R0 296 2.0 18.2 35.5 0.9968 0.00 0.0M
324480.000 1972 COM2 65 0R0 203 0.6 18.1 36.2 0.9968 0.00 0.0M
324540.000 1972 COM2 65 0R0 261 0.8 18.2 36.1 0.9968 0.00 0.0M
324600.000 1972 COM2 65 0R0 298 2.5 18.2 35.3 0.9968 0.00 0.0M
324660.000 1972 COM2 65 0R0 315 3.7 18.2 35.1 0.9968 0.00 0.0M
324720.000 1972 COM2 65 0R0 292 3.2 18.1 35.3 0.9968 0.00 0.0M
324780.000 1972 COM2 65 0R0 301 2.7 18.1 36.0 0.9968 0.00 0.0M
324840.000 1972 COM2 65 0R0 304 3.3 18.1 35.1 0.9968 0.00 0.0M
324900.000 1972 COM2 65 0R0 310 0.5 18.0 35.6 0.9968 0.00 0.0M
324960.000 1972 COM2 65 0R0 314 0.8 18.0 36.0 0.9968 0.00 0.0M
325020.000 1972 COM2 65 0R0 332 0.9 18.0 36.5 0.9968 0.00 0.0M
325080.000 1972 COM2 65 0R0 294 2.4 18.0 37.1 0.9968 0.00 0.0M
325140.000 1972 COM2 65 0R0 295 1.4 17.9 37.1 0.9968 0.00 0.0M
325200.000 1972 COM2 65 0R0 348 0.4 18.0 38.8 0.9968 0.00 0.0M
325260.000 1972 COM2 65 0R0 193 0.7 18.1 36.2 0.9968 0.00 0.0M
325320.000 1972 COM2 65 0R0 193 0.8 18.2 37.1 0.9968 0.00 0.0M
325380.000 1972 COM2 65 0R0 254 0.5 18.3 37.0 0.9968 0.00 0.0M
325440.000 1972 COM2 65 0R0 309 2.8 18.3 35.5 0.9968 0.00 0.0M
325500.000 1972 COM2 65 0R0 275 1.1 18.2 37.0 0.9969 0.00 0.0M
325560.000 1972 COM2 65 0R0 280 0.7 18.2 36.7 0.9968 0.00 0.0M
325620.000 1972 COM2 65 0R0 234 0.5 18.2 36.4 0.9968 0.00 0.0M
325680.000 1972 COM2 65 0R0 280 4.1 18.2 36.3 0.9967 0.00 0.0M
325740.000 1972 COM2 65 0R0 296 2.3 18.2 35.9 0.9967 0.00 0.0M
325800.000 1972 COM2 65 0R0 194 0.4 18.1 36.4 0.9967 0.00 0.0M
325860.000 1972 COM2 65 0R0 228 0.4 18.1 38.2 0.9968 0.00 0.0M
325920.000 1972 COM2 65 0R0 131 0.4 18.2 37.2 0.9968 0.00 0.0M
325980.000 1972 COM2 65 0R0 305 2.1 18.3 36.0 0.9968 0.00 0.0M
326040.000 1972 COM2 65 0R0 309 3.1 18.2 35.9 0.9968 0.00 0.0M
326100.000 1972 COM2 65 0R0 305 1.1 18.2 37.4 0.9968 0.00 0.0M
326160.000 1972 COM2 65 0R0 251 1.1 18.2 36.8 0.9968 0.00 0.0M
326220.000 1972 COM2 65 0R0 263 0.7 18.2 36.5 0.9968 0.00 0.0M
326280.000 1972 COM2 65 0R0 260 1.4 18.1 35.5 0.9968 0.00 0.0M
326340.000 1972 COM2 65 0R0 277 2.3 18.0 35.7 0.9967 0.00 0.0M
326400.000 1972 COM2 65 0R0 292 2.9 18.0 35.5 0.9967 0.00 0.0M
326460.000 1972 COM2 65 0R0 268 1.4 17.9 35.2 0.9967 0.00 0.0M
326520.000 1972 COM2 65 0R0 246 1.8 17.8 36.5 0.9967 0.00 0.0M
326580.000 1972 COM2 65 0R0 261 0.4 17.8 36.5 0.9967 0.00 0.0M
326640.000 1972 COM2 65 0R0 289 1.8 17.9 36.6 0.9967 0.00 0.0M
326700.000 1972 COM2 65 0R0 308 1.0 17.9 35.9 0.9967 0.00 0.0M
326760.000 1972 COM2 65 0R0 278 2.6 17.9 35.9 0.9967 0.00 0.0M
326820.000 1972 COM2 65 0R0 297 1.9 17.8 36.0 0.9966 0.00 0.0M
326880.000 1972 COM2 65 0R0 032 0.8 17.8 35.8 0.9966 0.00 0.0M
326940.000 1972 COM2 65 0R0 274 2.0 17.8 36.7 0.9966 0.00 0.0M
327000.000 1972 COM2 65 0R0 312 1.4 17.8 36.4 0.9966 0.00 0.0M
327060.000 1972 COM2 65 0R0 298 1.5 17.9 35.9 0.9967 0.00 0.0M
327120.000 1972 COM2 65 0R0 321 0.5 17.9 36.7 0.9968 0.00 0.0M
327180.000 1972 COM2 65 0R0 311 0.7 17.9 36.1 0.9968 0.00 0.0M
327240.100 1972 COM2 65 0R0 245 0.3 17.9 35.9 0.9968 0.00 0.0M
327300.000 1972 COM2 65 0R0 285 1.5 17.9 36.3 0.9968 0.00 0.0M
327360.100 1972 COM2 65 0R0 298 1.8 17.9 36.5 0.9967 0.00 0.0M
327420.000 1972 COM2 65 0R0 282 0.4 17.9 36.6 0.9967 0.00 0.0M
327480.100 1972 COM2 65 0R0 337 1.5 17.9 36.6 0.9966 0.00 0.0M
327540.000 1972 COM2 65 0R0 297 2.2 17.9 36.9 0.9967 0.00 0.0M
327600.000 1972 COM2 65 0R0 216 0.3 17.9 37.7 0.9968 0.00 0.0M
327660.000 1972 COM2 65 0R0 238 0.7 17.9 37.7 0.9969 0.00 0.0M
327720.000 1972 COM2 65 0R0 281 0.9 18.0 37.4 0.9970 0.00 0.0M
327780.000 1972 COM2 65 0R0 270 0.7 18.0 37.2 0.9969 0.00 0.0M
327840.000 1972 COM2 65 0R0 291 2.3 18.0 36.7 0.9968 0.00 0.0M
327900.000 1972 COM2 65 0R0 295 2.1 18.0 37.3 0.9968 0.00 0.0M
327960.000 1972 COM2 65 0R0 270 2.0 17.9 37.6 0.9968 0.00 0.0M
328020.000 1972 COM2 65 0R0 254 2.5 17.9 38.6 0.9968 0.00 0.0M
328080.000 1972 COM2 65 0R0 264 2.1 18.0 37.2 0.9968 0.00 0.0M
328140.000 1972 COM2 65 0R0 271 1.3 18.0 37.9 0.9968 0.00 0.0M
328200.000 1972 COM2 65 0R0 223 0.7 18.0 38.3 0.9968 0.00 0.0M
328260.000 1972 COM2 65 0R0 195 0.9 18.0 38.1 0.9968 0.00 0.0M
328320.000 1972 COM2 65 0R0 276 2.1 18.0 37.0 0.9968 0.00 0.0M
328380.000 1972 COM2 65 0R0 239 0.5 17.9 38.5 0.9968 0.00 0.0M
328440.000 1972 COM2 65 0R0 271 1.6 17.9 38.2 0.9969 0.00 0.0M
328500.000 1972 COM2 65 0R0 297 3.6 17.9 37.3 0.9970 0.00 0.0M
328560.000 1972 COM2 65 0R0 305 2.2 17.9 37.9 0.9970 0.00 0.0M
328620.100 1972 COM2 65 0R0 351 1.4 17.8 38.0 0.9971 0.00 0.0M
328680.000 1972 COM2 65 0R0 282 0.9 17.8 38.7 0.9971 0.00 0.0M
328740.000 1972 COM2 65 0R0 278 1.3 17.9 38.7 0.9972 0.00 0.0M
328800.100 1972 COM2 65 0R0 322 0.9 17.9 39.0 0.9972 0.00 0.0M
328860.100 1972 COM2 65 0R0 281 1.5 17.9 38.4 0.9973 0.00 0.0M
328920.000 1972 COM2 65 0R0 295 2.8 17.9 38.0 0.9973 0.00 0.0M
328980.000 1972 COM2 65 0R0 272 2.0 17.9 38.5 0.9972 0.00 0.0M
329040.000 1972 COM2 65 0R0 292 1.4 17.9 39.0 0.9972 0.00 0.0M
329100.000 1972 COM2 65 0R0 283 1.6 17.9 39.3 0.9971 0.00 0.0M
329160.000 1972 COM2 65 0R0 237 0.7 17.9 39.3 0.9970 0.00 0.0M
329220.000 1972 COM2 65 0R0 280 0.4 17.9 39.8 0.9969 0.00 0.0M
329280.100 1972 COM2 65 0R0 291 1.4 17.9 39.1 0.9970 0.00 0.0M
329340.000 1972 COM2 65 0R0 293 1.6 18.0 39.6 0.9971 0.00 0.0M
329400.000 1972 COM2 65 0R0 290 2.1 17.9 39.5 0.9971 0.00 0.0M
329460.100 1972 COM2 65 0R0 296 1.5 17.9 39.7 0.9971 0.00 0.0M
329520.100 1972 COM2 65 0R0 292 2.1 17.9 39.1 0.9969 0.00 0.0M
329580.000 1972 COM2 65 0R0 114 0.7 17.8 40.6 0.9968 0.00 0.0M
329640.100 1972 COM2 65 0R0 295 2.4 17.8 38.9 0.9968 0.00 0.0M
329700.000 1972 COM2 65 0R0 279 0.9 17.7 39.7 0.9968 0.00 0.0M
329760.000 1972 COM2 65 0R0 308 0.9 17.7 40.8 0.9968 0.00 0.0M
329820.000 1972 COM2 65 0R0 090 0.6 17.6 40.7 0.9967 0.00 0.0M
329880.100 1972 COM2 65 0R0 340 0.7 17.6 39.8 0.9965 0.00 0.0M
329940.100 1972 COM2 65 0R0 290 2.5 17.7 39.6 0.9964 0.00 0.0M
330000.000 1972 COM2 65 0R0 314 2.6 17.7 39.5 0.9965 0.00 0.0M
330060.100 1972 COM2 65 0R0 341 2.8 17.7 39.0 0.9967 0.00 0.0M
330120.000 1972 COM2 65 0R0 314 0.6 17.6 40.0 0.9967 0.00 0.0M
330180.000 1972 COM2 65 0R0 291 1.0 17.6 39.4 0.9967 0.00 0.0M
330240.000 1972 COM2 65 0R0 350 1.1 17.6 40.2 0.9966 0.00 0.0M
330300.000 1972 COM2 65 0R0 324 0.4 17.6 39.9 0.9965 0.00 0.0M
330360.100 1972 COM2 65 0R0 308 2.6 17.6 39.8 0.9965 0.00 0.0M
330420.100 1972 COM2 65 0R0 293 1.4 17.6 39.8 0.9965 0.00 0.0M
330480.000 1972 COM2 65 0R0 290 2.4 17.5 40.3 0.9966 0.00 0.0M
330540.000 1972 COM2 65 0R0 302 1.7 17.5 39.7 0.9965 0.00 0.0M
330600.000 1972 COM2 65 0R0 273 0.5 17.5 41.4 0.9964 0.00 0.0M
330660.000 1972 COM2 65 0R0 280 1.7 17.5 39.5 0.9964 0.00 0.0M
330720.000 1972 COM2 65 0R0 274 1.2 17.5 40.1 0.9964 0.00 0.0M
330780.000 1972 COM2 65 0R0 063 0.3 17.5 40.5 0.9965 0.00 0.0M
330840.000 1972 COM2 65 0R0 168 0.3 17.5 40.1 0.9966 0.00 0.0M
330900.000 1972 COM2 65 0R0 129 0.7 17.5 40.9 0.9966 0.00 0.0M
330960.100 1972 COM2 65 0R0 182 0.4 17.5 40.4 0.9968 0.00 0.0M
331020.000 1972 COM2 65 0R0 278 2.3 17.5 39.0 0.9968 0.00 0.0M
331080.000 1972 COM2 65 0R0 302 2.8 17.4 39.4 0.9968 0.00 0.0M
331140.000 1972 COM2 65 0R0 293 1.8 17.4 39.9 0.9968 0.00 0.0M
331200.000 1972 COM2 65 0R0 296 1.8 17.3 40.0 0.9967 0.00 0.0M
331260.000 1972 COM2 65 0R0 315 0.5 17.3 40.0 0.9966 0.00 0.0M
331320.000 1972 COM2 65 0R0 356 0.5 17.3 40.5 0.9966 0.00 0.0M
331380.000 1972 COM2 65 0R0 324 0.6 17.4 40.6 0.9966 0.00 0.0M
331440.000 1972 COM2 65 0R0 300 1.5 17.4 39.9 0.9966 0.00 0.0M
331500.000 1972 COM2 65 0R0 261 1.1 17.4 39.1 0.9967 0.00 0.0M
331560.000 1972 COM2 65 0R0 271 1.2 17.4 40.0 0.9969 0.00 0.0M
331620.000 1972 COM2 65 0R0 251 0.9 17.4 40.7 0.9972 0.00 0.0M
331680.000 1972 COM2 65 0R0 252 2.0 17.4 40.5 0.9973 0.00 0.0M
331740.000 1972 COM2 65 0R0 252 2.0 17.4 40.1 0.9974 0.00 0.0M
331800.200 1972 COM2 65 0R0 218 0.7 17.4 40.7 0.9974 0.00 0.0M
331860.000 1972 COM2 65 0R0 275 1.8 17.4 40.5 0.9974 0.00 0.0M
331920.000 1972 COM2 65 0R0 244 1.0 17.4 41.3 0.9973 0.00 0.0M
331980.000 1972 COM2 65 0R0 285 2.0 17.4 39.5 0.9972 0.00 0.0M
332040.000 1972 COM2 65 0R0 288 0.9 17.4 40.2 0.9971 0.00 0.0M
332100.000 1972 COM2 65 0R0 264 1.3 17.4 40.7 0.9969 0.00 0.0M
332160.000 1972 COM2 65 0R0 081 0.3 17.4 41.2 0.9967 0.00 0.0M
332220.000 1972 COM2 65 0R0 288 1.1 17.4 40.5 0.9968 0.00 0.0M
332280.000 1972 COM2 65 0R0 267 1.4 17.4 41.3 0.9968 0.00 0.0M
332340.000 1972 COM2 65 0R0 255 0.5 17.4 41.2 0.9968 0.00 0.0M
332400.000 1972 COM2 65 0R0 317 0.5 17.4 41.3 0.9965 0.00 0.0M
332460.000 1972 COM2 65 0R0 276 0.3 17.4 41.1 0.9962 0.00 0.0M
332520.000 1972 COM2 65 0R0 352 0.3 17.4 41.1 0.9962 0.00 0.0M
332580.000 1972 COM2 65 0R0 278 2.0 17.4 40.0 0.9964 0.00 0.0M
332640.000 1972 COM2 65 0R0 272 0.6 17.4 41.6 0.9965 0.00 0.0M
332700.000 1972 COM2 65 0R0 299 2.1 17.4 40.4 0.9966 0.00 0.0M
332760.000 1972 COM2 65 0R0 176 0.5 17.4 41.1 0.9967 0.00 0.0M
332820.000 1972 COM2 65 0R0 254 1.6 17.4 41.1 0.9967 0.00 0.0M
332880.000 1972 COM2 65 0R0 263 2.3 17.4 40.5 0.9968 0.00 0.0M
332940.000 1972 COM2 65 0R0 273 2.5 17.3 40.7 0.9968 0.00 0.0M
333000.000 1972 COM2 65 0R0 276 2.4 17.3 40.1 0.9968 0.00 0.0M
333060.000 1972 COM2 65 0R0 250 2.1 17.3 41.3 0.9968 0.00 0.0M
333120.000 1972 COM2 65 0R0 228 1.5 17.2 41.2 0.9969 0.00 0.0M
333180.000 1972 COM2 65 0R0 237 1.5 17.2 40.9 0.9970 0.00 0.0M
333240.000 1972 COM2 65 0R0 267 1.7 17.2 41.2 0.9970 0.00 0.0M
333300.000 1972 COM2 65 0R0 278 0.9 17.2 42.1 0.9969 0.00 0.0M
333360.000 1972 COM2 65 0R0 274 1.4 17.2 41.7 0.9968 0.00 0.0M
333420.000 1972 COM2 65 0R0 295 1.5 17.2 41.8 0.9968 0.00 0.0M
333480.000 1972 COM2 65 0R0 283 2.5 17.2 41.1 0.9968 0.00 0.0M
333540.000 1972 COM2 65 0R0 277 1.2 17.2 41.6 0.9969 0.00 0.0M
333600.000 1972 COM2 65 0R0 178 0.5 17.2 42.7 0.9968 0.00 0.0M
333660.000 1972 COM2 65 0R0 265 1.6 17.2 40.9 0.9968 0.00 0.0M
333720.000 1972 COM2 65 0R0 241 0.7 17.2 42.1 0.9968 0.00 0.0M
333780.000 1972 COM2 65 0R0 241 1.1 17.2 42.1 0.9968 0.00 0.0M
333840.000 1972 COM2 65 0R0 275 1.1 17.2 42.2 0.9968 0.00 0.0M
333900.000 1972 COM2 65 0R0 257 1.3 17.2 42.1 0.9967 0.00 0.0M
333960.000 1972 COM2 65 0R0 245 0.9 17.2 41.2 0.9967 0.00 0.0M
334020.000 1972 COM2 65 0R0 318 0.7 17.1 42.3 0.9967 0.00 0.0M
334080.000 1972 COM2 65 0R0 284 1.7 17.1 40.7 0.9967 0.00 0.0M
334140.000 1972 COM2 65 0R0 263 1.1 17.1 41.8 0.9967 0.00 0.0M
334200.000 1972 COM2 65 0R0 290 1.6 17.1 41.9 0.9967 0.00 0.0M
334260.000 1972 COM2 65 0R0 261 1.4 17.1 41.5 0.9967 0.00 0.0M
334320.000 1972 COM2 65 0R0 267 1.3 17.1 41.4 0.9967 0.00 0.0M
334380.000 1972 COM2 65 0R0 280 2.2 17.0 41.3 0.9967 0.00 0.0M
334440.000 1972 COM2 65 0R0 281 2.6 17.0 41.0 0.9967 0.00 0.0M
334500.000 1972 COM2 65 0R0 144 0.5 17.0 42.5 0.9968 0.00 0.0M
334560.000 1972 COM2 65 0R0 319 1.4 17.0 42.5 0.9969 0.00 0.0M
334620.000 1972 COM2 65 0R0 249 1.7 17.1 41.0 0.9971 0.00 0.0M
334680.000 1972 COM2 65 0R0 251 0.6 17.1 42.2 0.9972 0.00 0.0M
334740.000 1972 COM2 65 0R0 267 1.7 17.1 42.4 0.9972 0.00 0.0M
334800.000 1972 COM2 65 0R0 246 2.2 17.1 42.8 0.9973 0.00 0.0M
334860.000 1972 COM2 65 0R0 260 2.1 17.1 42.3 0.9973 0.00 0.0M
334920.000 1972 COM2 65 0R0 264 1.1 17.0 43.4 0.9972 0.00 0.0M
334980.000 1972 COM2 65 0R0 253 1.9 17.0 43.2 0.9971 0.00 0.0M
335040.000 1972 COM2 65 0R0 256 1.7 17.0 43.3 0.9971 0.00 0.0M
335100.000 1972 COM2 65 0R0 264 1.7 17.0 42.9 0.9972 0.00 0.0M
335160.000 1972 COM2 65 0R0 256 3.0 17.0 42.4 0.9973 0.00 0.0M
335220.000 1972 COM2 65 0R0 248 2.8 17.0 42.6 0.9973 0.00 0.0M
335280.000 1972 COM2 65 0R0 251 2.6 17.0 42.9 0.9973 0.00 0.0M
335340.000 1972 COM2 65 0R0 170 0.4 17.0 44.0 0.9972 0.00 0.0M
335400.000 1972 COM2 65 0R0 269 0.7 17.0 43.8 0.9970 0.00 0.0M
335460.000 1972 COM2 65 0R0 248 1.2 17.0 42.8 0.9970 0.00 0.0M
335520.000 1972 COM2 65 0R0 279 1.6 16.9 43.1 0.9969 0.00 0.0M
335580.000 1972 COM2 65 0R0 225 0.5 16.9 44.2 0.9969 0.00 0.0M
335640.000 1972 COM2 65 0R0 245 1.0 16.9 44.0 0.9970 0.00 0.0M
335700.000 1972 COM2 65 0R0 218 0.6 16.9 44.0 0.9970 0.00 0.0M
335760.000 1972 COM2 65 0R0 268 0.8 16.9 44.2 0.9969 0.00 0.0M
335820.000 1972 COM2 65 0R0 222 0.5 16.9 44.3 0.9968 0.00 0.0M
335880.000 1972 COM2 65 0R0 265 0.9 16.9 43.6 0.9967 0.00 0.0M
335940.000 1972 COM2 65 0R0 300 1.2 16.8 43.3 0.9965 0.00 0.0M
336000.000 1972 COM2 65 0R0 270 1.5 16.8 43.5 0.9964 0.00 0.0M
336060.000 1972 COM2 65 0R0 246 1.3 16.7 43.6 0.9963 0.00 0.0M
336120.000 1972 COM2 65 0R0 206 0.7 16.7 44.3 0.9963 0.00 0.0M
336180.000 1972 COM2 65 0R0 309 1.1 16.7 44.0 0.9964 0.00 0.0M
336240.000 1972 COM2 65 0R0 278 2.4 16.7 43.5 0.9964 0.00 0.0M
336300.000 1972 COM2 65 0R0 240 0.9 16.6 44.6 0.9964 0.00 0.0M
336360.000 1972 COM2 65 0R0 294 1.2 16.6 44.1 0.9965 0.00 0.0M
336420.000 1972 COM2 65 0R0 283 1.2 16.6 44.4 0.9965 0.00 0.0M
336480.000 1972 COM2 65 0R0 282 2.5 16.6 44.7 0.9965 0.00 0.0M
336540.000 1972 COM2 65 0R0 294 2.1 16.6 43.7 0.9964 0.00 0.0M
336600.000 1972 COM2 65 0R0 296 1.9 16.6 44.2 0.9963 0.00 0.0M
336660.000 1972 COM2 65 0R0 292 1.8 16.5 44.3 0.9964 0.00 0.0M
336720.000 1972 COM2 65 0R0 281 1.2 16.5 44.4 0.9967 0.00 0.0M
336780.000 1972 COM2 65 0R0 254 1.0 16.5 45.3 0.9969 0.00 0.0M
336840.000 1972 COM2 65 0R0 282 1.6 16.5 45.2 0.9972 0.00 0.0M
336900.100 1972 COM2 65 0R0 235 1.6 16.5 45.3 0.9974 0.00 0.0M
336960.100 1972 COM2 65 0R0 251 1.6 16.6 45.8 0.9974 0.00 0.0M
337020.000 1972 COM2 65 0R0 248 0.9 16.6 45.1 0.9975 0.00 0.0M
337080.000 1972 COM2 65 0R0 266 0.7 16.6 45.6 0.9974 0.00 0.0M
337140.000 1972 COM2 65 0R0 234 1.1 16.6 44.4 0.9973 0.00 0.0M
337200.000 1972 COM2 65 0R0 247 0.7 16.6 45.4 0.9972 0.00 0.0M
337260.000 1972 COM2 65 0R0 251 0.6 16.7 45.2 0.9971 0.00 0.0M
337320.000 1972 COM2 65 0R0 265 0.5 16.7 43.8 0.9970 0.00 0.0M
337380.000 1972 COM2 65 0R0 199 0.4 16.7 45.3 0.9968 0.00 0.0M
337440.000 1972 COM2 65 0R0 287 1.6 16.7 44.6 0.9967 0.00 0.0M
337500.000 1972 COM2 65 0R0 265 1.9 16.7 44.3 0.9966 0.00 0.0M
337560.000 1972 COM2 65 0R0 222 0.7 16.7 44.4 0.9966 0.00 0.0M
337620.000 1972 COM2 65 0R0 268 0.9 16.7 44.8 0.9966 0.00 0.0M
337680.000 1972 COM2 65 0R0 286 0.9 16.7 44.8 0.9966 0.00 0.0M
337740.000 1972 COM2 65 0R0 255 0.4 16.7 45.4 0.9966 0.00 0.0M
337800.000 1972 COM2 65 0R0 285 1.4 16.8 44.7 0.9965 0.00 0.0M
337860.000 1972 COM2 65 0R0 118 0.4 16.8 45.0 0.9966 0.00 0.0M
337920.000 1972 COM2 65 0R0 247 1.1 16.8 44.4 0.9967 0.00 0.0M
337980.000 1972 COM2 65 0R0 257 1.4 16.8 43.7 0.9968 0.00 0.0M
338040.000 1972 COM2 65 0R0 291 0.6 16.8 44.8 0.9968 0.00 0.0M
338100.000 1972 COM2 65 0R0 265 1.2 16.8 44.7 0.9967 0.00 0.0M
338160.000 1972 COM2 65 0R0 294 0.6 16.8 45.0 0.9967 0.00 0.0M
338220.000 1972 COM2 65 0R0 278 0.8 16.8 45.1 0.9968 0.00 0.0M
338280.000 1972 COM2 65 0R0 261 1.3 16.8 45.3 0.9969 0.00 0.0M
338340.000 1972 COM2 65 0R0 225 0.9 16.8 45.3 0.9968 0.00 0.0M
338400.000 1972 COM2 65 0R0 210 0.4 16.8 45.8 0.9967 0.00 0.0M
338460.000 1972 COM2 65 0R0 269 1.5 16.8 44.4 0.9965 0.00 0.0M
338520.000 1972 COM2 65 0R0 065 0.4 16.8 45.2 0.9964 0.00 0.0M
338580.000 1972 COM2 65 0R0 279 1.8 16.8 44.1 0.9965 0.00 0.0M
338640.000 1972 COM2 65 0R0 193 0.4 16.7 45.9 0.9965 0.00 0.0M
338700.000 1972 COM2 65 0R0 271 1.5 16.7 45.1 0.9965 0.00 0.0M
338760.000 1972 COM2 65 0R0 300 0.7 16.7 46.1 0.9965 0.00 0.0M
338820.000 1972 COM2 65 0R0 214 0.5 16.6 45.8 0.9964 0.00 0.0M
338880.000 1972 COM2 65 0R0 292 1.1 16.6 45.6 0.9965 0.00 0.0M
338940.000 1972 COM2 65 0R0 247 0.5 16.6 45.8 0.9965 0.00 0.0M
339000.000 1972 COM2 65 0R0 275 0.8 16.6 45.7 0.9966 0.00 0.0M
339060.000 1972 COM2 65 0R0 209 0.3 16.6 46.4 0.9966 0.00 0.0M
339120.000 1972 COM2 65 0R0 229 0.6 16.6 46.5 0.9966 0.00 0.0M
339180.000 1972 COM2 65 0R0 272 1.0 16.6 46.1 0.9966 0.00 0.0M
339240.000 1972 COM2 65 0R0 267 0.8 16.5 45.8 0.9966 0.00 0.0M
339300.000 1972 COM2 65 0R0 266 1.9 16.5 45.5 0.9966 0.00 0.0M
339360.000 1972 COM2 65 0R0 277 0.9 16.4 45.8 0.9966 0.00 0.0M
339420.000 1972 COM2 65 0R0 301 0.6 16.4 46.0 0.9966 0.00 0.0M
339480.000 1972 COM2 65 0R0 279 1.8 16.3 46.3 0.9966 0.00 0.0M
339540.000 1972 COM2 65 0R0 269 1.6 16.3 47.1 0.9967 0.00 0.0M
339600.000 1972 COM2 65 0R0 252 0.6 16.3 47.3 0.9967 0.00 0.0M
339660.000 1972 COM2 65 0R0 283 1.8 16.3 47.3 0.9967 0.00 0.0M
339720.000 1972 COM2 65 0R0 275 1.0 16.3 47.3 0.9967 0.00 0.0M
339780.000 1972 COM2 65 0R0 213 0.5 16.2 47.7 0.9967 0.00 0.0M
339840.000 1972 COM2 65 0R0 262 1.6 16.2 47.3 0.9966 0.00 0.0M
339900.000 1972 COM2 65 0R0 277 2.4 16.2 47.2 0.9965 0.00 0.0M
339960.100 1972 COM2 65 0R0 289 0.8 16.2 47.9 0.9966 0.00 0.0M
340020.000 1972 COM2 65 0R0 239 0.8 16.2 48.5 0.9967 0.00 0.0M
340080.100 1972 COM2 65 0R0 231 0.8 16.2 48.4 0.9969 0.00 0.0M
340140.100 1972 COM2 65 0R0 330 0.2 16.2 48.4 0.9970 0.00 0.0M
340200.100 1972 COM2 65 0R0 290 0.8 16.2 47.7 0.9969 0.00 0.0M
340260.100 1972 COM2 65 0R0 270 1.7 16.2 47.7 0.9968 0.00 0.0M
340320.100 1972 COM2 65 0R0 278 2.1 16.2 47.4 0.9968 0.00 0.0M
340380.100 1972 COM2 65 0R0 271 1.5 16.1 47.7 0.9969 0.00 0.0M
340440.100 1972 COM2 65 0R0 146 0.6 16.1 48.9 0.9970 0.00 0.0M
340500.100 1972 COM2 65 0R0 231 1.2 16.1 48.8 0.9971 0.00 0.0M
340560.100 1972 COM2 65 0R0 240 1.6 16.1 49.3 0.9971 0.00 0.0M
340620.100 1972 COM2 65 0R0 171 1.5 16.1 49.4 0.9972 0.00 0.0M
340680.100 1972 COM2 65 0R0 272 0.2 16.1 49.6 0.9972 0.00 0.0M
340740.100 1972 COM2 65 0R0 209 0.2 16.2 49.7 0.9972 0.00 0.0M
340800.100 1972 COM2 65 0R0 258 0.3 16.2 49.7 0.9972 0.00 0.0M
340860.100 1972 COM2 65 0R0 263 0.9 16.2 48.6 0.9971 0.00 0.0M
340920.100 1972 COM2 65 0R0 312 0.4 16.2 49.2 0.9970 0.00 0.0M
340980.100 1972 COM2 65 0R0 205 0.4 16.2 48.7 0.9969 0.00 0.0M
341040.100 1972 COM2 65 0R0 249 0.5 16.2 49.7 0.9969 0.00 0.0M
341100.100 1972 COM2 65 0R0 279 1.2 16.2 47.2 0.9969 0.00 0.0M
341160.000 1972 COM2 65 0R0 271 0.8 16.1 49.2 0.9969 0.00 0.0M
341220.000 1972 COM2 65 0R0 241 0.5 16.1 49.9 0.9969 0.00 0.0M
341280.000 1972 COM2 65 0R0 275 0.4 16.1 48.9 0.9969 0.00 0.0M
341340.000 1972 COM2 65 0R0 303 0.6 16.1 49.3 0.9969 0.00 0.0M
341400.000 1972 COM2 65 0R0 308 0.6 16.1 49.9 0.9969 0.00 0.0M
341460.000 1972 COM2 65 0R0 329 0.6 16.1 49.1 0.9968 0.00 0.0M
341520.000 1972 COM2 65 0R0 277 1.9 16.0 47.7 0.9968 0.00 0.0M
341580.000 1972 COM2 65 0R0 271 1.1 16.0 49.9 0.9967 0.00 0.0M
341640.000 1972 COM2 65 0R0 279 1.3 16.0 49.0 0.9968 0.00 0.0M
341700.000 1972 COM2 65 0R0 258 1.0 16.0 48.7 0.9968 0.00 0.0M
341760.000 1972 COM2 65 0R0 286 1.9 16.0 48.0 0.9968 0.00 0.0M
341820.000 1972 COM2 65 0R0 242 0.5 16.0 48.7 0.9967 0.00 0.0M
341880.000 1972 COM2 65 0R0 268 0.7 16.0 49.6 0.9967 0.00 0.0M
341940.000 1972 COM2 65 0R0 306 1.4 15.9 49.1 0.9966 0.00 0.0M
342000.000 1972 COM2 65 0R0 300 1.7 15.9 48.0 0.9964 0.00 0.0M
342060.000 1972 COM2 65 0R0 299 1.5 15.9 48.4 0.9963 0.00 0.0M
342120.000 1972 COM2 65 0R0 303 1.6 15.9 48.4 0.9962 0.00 0.0M
342180.000 1972 COM2 65 0R0 322 0.8 15.9 49.1 0.9963 0.00 0.0M
342240.000 1972 COM2 65 0R0 287 1.1 15.9 49.3 0.9963 0.00 0.0M
342300.000 1972 COM2 65 0R0 273 1.4 15.9 49.2 0.9963 0.00 0.0M
342360.000 1972 COM2 65 0R0 294 0.4 15.8 50.3 0.9963 0.00 0.0M
342420.000 1972 COM2 65 0R0 324 0.6 15.8 50.4 0.9962 0.00 0.0M
342480.000 1972 COM2 65 0R0 276 2.0 15.8 49.0 0.9962 0.00 0.0M
342540.000 1972 COM2 65 0R0 276 0.5 15.8 50.3 0.9962 0.00 0.0M
342600.000 1972 COM2 65 0R0 298 1.3 15.7 50.5 0.9962 0.00 0.0M
342660.000 1972 COM2 65 0R0 296 1.1 15.7 50.9 0.9962 0.00 0.0M
342720.000 1972 COM2 65 0R0 258 0.9 15.7 51.2 0.9963 0.00 0.0M
342780.000 1972 COM2 65 0R0 301 0.4 15.6 51.2 0.9963 0.00 0.0M
342840.100 1972 COM2 65 0R0 291 1.6 15.6 51.2 0.9963 0.00 0.0M
342900.100 1972 COM2 65 0R0 291 1.9 15.6 51.3 0.9963 0.00 0.0M
342960.000 1972 COM2 65 0R0 293 1.2 15.5 51.6 0.9963 0.00 0.0M
343020.000 1972 COM2 65 0R0 278 1.4 15.5 51.8 0.9964 0.00 0.0M
343080.000 1972 COM2 65 0R0 293 1.7 15.4 51.0 0.9964 0.00 0.0M
343140.000 1972 COM2 65 0R0 282 1.7 15.4 51.9 0.9964 0.00 0.0M
343200.000 1972 COM2 65 0R0 290 1.2 15.4 52.3 0.9963 0.00 0.0M
343260.000 1972 COM2 65 0R0 286 1.0 15.4 52.2 0.9963 0.00 0.0M
343320.000 1972 COM2 65 0R0 287 1.2 15.3 52.4 0.9963 0.00 0.0M
343380.000 1972 COM2 65 0R0 287 1.2 15.3 52.2 0.9963 0.00 0.0M
343440.000 1972 COM2 65 0R0 272 1.2 15.3 52.5 0.9963 0.00 0.0M
343500.000 1972 COM2 65 0R0 279 1.9 15.3 50.8 0.9964 0.00 0.0M
343560.000 1972 COM2 65 0R0 287 1.4 15.3 51.7 0.9964 0.00 0.0M
343620.000 1972 COM2 65 0R0 294 1.8 15.3 51.7 0.9965 0.00 0.0M
343680.000 1972 COM2 65 0R0 275 1.2 15.3 51.4 0.9965 0.00 0.0M
343740.000 1972 COM2 65 0R0 273 1.5 15.3 51.2 0.9965 0.00 0.0M
343800.000 1972 COM2 65 0R0 219 0.4 15.3 52.5 0.9965 0.00 0.0M
343860.000 1972 COM2 65 0R0 300 2.1 15.3 50.7 0.9965 0.00 0.0M
343920.000 1972 COM2 65 0R0 271 1.1 15.3 51.6 0.9965 0.00 0.0M
343980.000 1972 COM2 65 0R0 302 1.2 15.3 51.1 0.9965 0.00 0.0M
344040.000 1972 COM2 65 0R0 287 2.3 15.3 50.2 0.9964 0.00 0.0M
344100.000 1972 COM2 65 0R0 257 1.8 15.3 50.6 0.9964 0.00 0.0M
344160.000 1972 COM2 65 0R0 222 0.6 15.3 50.1 0.9964 0.00 0.0M
344220.000 1972 COM2 65 0R0 269 1.8 15.3 50.1 0.9965 0.00 0.0M
344280.000 1972 COM2 65 0R0 272 1.7 15.3 50.1 0.9966 0.00 0.0M
344340.000 1972 COM2 65 0R0 279 1.1 15.3 49.8 0.9966 0.00 0.0M
344400.000 1972 COM2 65 0R0 277 1.2 15.3 51.0 0.9966 0.00 0.0M
344460.000 1972 COM2 65 0R0 290 1.7 15.3 50.1 0.9966 0.00 0.0M
344520.000 1972 COM2 65 0R0 293 1.2 15.3 49.7 0.9966 0.00 0.0M
344580.000 1972 COM2 65 0R0 294 1.6 15.3 50.1 0.9966 0.00 0.0M
344640.000 1972 COM2 65 0R0 245 1.1 15.2 49.4 0.9966 0.00 0.0M
344700.000 1972 COM2 65 0R0 287 2.2 15.2 49.4 0.9966 0.00 0.0M
344760.000 1972 COM2 65 0R0 306 2.4 15.2 49.6 0.9966 0.00 0.0M
344820.000 1972 COM2 65 0R0 267 0.4 15.2 50.2 0.9967 0.00 0.0M
344880.000 1972 COM2 65 0R0 227 0.9 15.2 50.6 0.9968 0.00 0.0M
344940.000 1972 COM2 65 0R0 232 0.7 15.2 51.0 0.9970 0.00 0.0M
345000.000 1972 COM2 65 0R0 243 0.7 15.1 51.8 0.9971 0.00 0.0M
345060.000 1972 COM2 65 0R0 267 1.2 15.1 50.7 0.9971 0.00 0.0M
345120.000 1972 COM2 65 0R0 339 0.2 15.1 51.6 0.9972 0.00 0.0M
345180.000 1972 COM2 65 0R0 277 1.2 15.1 51.8 0.9973 0.00 0.0M
345240.000 1972 COM2 65 0R0 254 2.1 15.0 51.5 0.9973 0.00 0.0M
345300.000 1972 COM2 65 0R0 254 1.3 15.0 52.5 0.9974 0.00 0.0M
345360.000 1972 COM2 65 0R0 260 2.1 15.0 52.5 0.9975 0.00 0.0M
345420.000 1972 COM2 65 0R0 227 1.2 15.0 52.9 0.9976 0.00 0.0M
345480.000 1972 COM2 65 0R0 206 0.8 15.0 52.8 0.9977 0.00 0.0M
345540.000 1972 COM2 65 0R0 250 1.7 14.9 53.3 0.9976 0.00 0.0M
