TO [s] WNc [w] C StringLn ASCIIString
---------------------------------------
172800.000 1961 COM2 65 0R0 073 2.2 18.9 91.6 1.0045 0.00 0.0M
172860.000 1961 COM2 65 0R0 071 1.0 18.9 91.4 1.0045 0.00 0.0M
172920.000 1961 COM2 65 0R0 113 1.0 18.9 91.7 1.0045 0.00 0.0M
172980.000 1961 COM2 65 0R0 066 1.6 18.9 91.8 1.0044 0.00 0.0M
173040.000 1961 COM2 65 0R0 083 0.4 18.9 91.7 1.0044 0.01 0.0M
173100.000 1961 COM2 65 0R0 060 1.8 18.9 91.6 1.0043 0.00 0.0M
173160.000 1961 COM2 65 0R0 053 0.7 18.9 91.8 1.0043 0.00 0.0M
173220.000 1961 COM2 65 0R0 069 1.7 18.9 91.9 1.0042 0.00 0.0M
173280.000 1961 COM2 65 0R0 086 1.7 18.9 91.8 1.0041 0.00 0.0M
173340.000 1961 COM2 65 0R0 086 0.9 18.8 91.9 1.0041 0.00 0.0M
173400.000 1961 COM2 65 0R0 079 1.5 18.8 92.1 1.0040 0.01 0.0M
173460.000 1961 COM2 65 0R0 058 1.5 18.8 92.1 1.0040 0.00 0.0M
173520.000 1961 COM2 65 0R0 057 1.8 18.8 92.0 1.0040 0.00 0.0M
173580.000 1961 COM2 65 0R0 086 1.7 18.8 92.1 1.0040 0.00 0.0M
173640.000 1961 COM2 65 0R0 179 0.3 18.8 92.1 1.0040 0.00 0.0M
173700.000 1961 COM2 65 0R0 031 0.2 18.8 92.2 1.0040 0.00 0.0M
173760.000 1961 COM2 65 0R0 096 1.1 18.8 92.1 1.0040 0.00 0.0M
173820.000 1961 COM2 65 0R0 036 1.9 18.8 92.0 1.0040 0.00 0.0M
173880.000 1961 COM2 65 0R0 143 0.4 18.8 92.0 1.0040 0.00 0.0M
173940.000 1961 COM2 65 0R0 080 2.1 18.8 92.0 1.0040 0.00 0.0M
174000.000 1961 COM2 65 0R0 022 1.6 18.8 92.0 1.0039 0.00 0.0M
174060.000 1961 COM2 65 0R0 016 0.6 18.8 92.0 1.0039 0.00 0.0M
174120.000 1961 COM2 65 0R0 087 0.7 18.8 91.9 1.0040 0.00 0.0M
174180.000 1961 COM2 65 0R0 022 1.1 18.8 91.9 1.0039 0.00 0.0M
174240.000 1961 COM2 65 0R0 081 0.7 18.8 92.0 1.0039 0.00 0.0M
174300.000 1961 COM2 65 0R0 007 1.1 18.8 91.9 1.0039 0.00 0.0M
174360.000 1961 COM2 65 0R0 022 1.6 18.8 91.9 1.0038 0.00 0.0M
174420.000 1961 COM2 65 0R0 352 0.5 18.8 92.0 1.0038 0.00 0.0M
174480.000 1961 COM2 65 0R0 052 0.4 18.8 92.0 1.0038 0.00 0.0M
174540.000 1961 COM2 65 0R0 063 2.6 18.8 92.0 1.0038 0.00 0.0M
174600.000 1961 COM2 65 0R0 036 1.4 18.8 92.1 1.0038 0.00 0.0M
174660.000 1961 COM2 65 0R0 043 2.0 18.8 92.2 1.0038 0.00 0.0M
174720.000 1961 COM2 65 0R0 038 1.7 18.8 92.1 1.0038 0.00 0.0M
174780.000 1961 COM2 65 0R0 002 1.6 18.8 92.1 1.0038 0.00 0.0M
174840.000 1961 COM2 65 0R0 035 1.4 18.8 92.1 1.0038 0.00 0.0M
174900.000 1961 COM2 65 0R0 047 1.1 18.8 92.2 1.0039 0.00 0.0M
174960.000 1961 COM2 65 0R0 128 0.6 18.8 92.1 1.0039 0.00 0.0M
175020.000 1961 COM2 65 0R0 012 1.9 18.8 92.1 1.0039 0.00 0.0M
175080.000 1961 COM2 65 0R0 032 1.7 18.8 92.1 1.0039 0.00 0.0M
175140.000 1961 COM2 65 0R0 027 1.6 18.8 92.1 1.0039 0.00 0.0M
175200.000 1961 COM2 65 0R0 337 1.8 18.8 92.1 1.0039 0.00 0.0M
175260.000 1961 COM2 65 0R0 020 1.3 18.8 92.0 1.0039 0.00 0.0M
175320.000 1961 COM2 65 0R0 035 1.5 18.8 92.0 1.0039 0.00 0.0M
175380.000 1961 COM2 65 0R0 351 0.8 18.8 92.0 1.0039 0.00 0.0M
175440.000 1961 COM2 65 0R0 036 1.8 18.8 91.9 1.0040 0.00 0.0M
175500.000 1961 COM2 65 0R0 004 1.0 18.8 91.8 1.0040 0.00 0.0M
175560.000 1961 COM2 65 0R0 018 1.7 18.8 91.8 1.0040 0.00 0.0M
175620.000 1961 COM2 65 0R0 040 0.9 18.8 91.8 1.0040 0.00 0.0M
175680.000 1961 COM2 65 0R0 044 2.3 18.8 91.8 1.0040 0.00 0.0M
175740.000 1961 COM2 65 0R0 005 1.5 18.8 91.8 1.0041 0.00 0.0M
175800.100 1961 COM2 65 0R0 030 1.5 18.8 91.7 1.0041 0.00 0.0M
175860.000 1961 COM2 65 0R0 004 0.7 18.8 91.8 1.0041 0.00 0.0M
175920.000 1961 COM2 65 0R0 019 2.2 18.8 91.7 1.0041 0.00 0.0M
175980.000 1961 COM2 65 0R0 018 0.8 18.8 91.9 1.0041 0.00 0.0M
176040.000 1961 COM2 65 0R0 018 2.2 18.8 91.9 1.0041 0.00 0.0M
176100.000 1961 COM2 65 0R0 021 1.7 18.8 91.9 1.0041 0.00 0.0M
176160.000 1961 COM2 65 0R0 014 1.1 18.8 91.9 1.0040 0.00 0.0M
176220.000 1961 COM2 65 0R0 026 0.4 18.8 92.0 1.0040 0.00 0.0M
176280.000 1961 COM2 65 0R0 358 1.3 18.8 92.1 1.0039 0.00 0.0M
176340.000 1961 COM2 65 0R0 027 2.0 18.8 92.0 1.0039 0.00 0.0M
176400.000 1961 COM2 65 0R0 342 0.5 18.8 92.0 1.0039 0.00 0.0M
176460.000 1961 COM2 65 0R0 359 1.0 18.8 92.0 1.0039 0.00 0.0M
176520.000 1961 COM2 65 0R0 359 1.7 18.8 91.9 1.0039 0.00 0.0M
176580.000 1961 COM2 65 0R0 044 1.5 18.8 92.0 1.0040 0.00 0.0M
176640.000 1961 COM2 65 0R0 346 0.5 18.8 92.1 1.0040 0.00 0.0M
176700.000 1961 COM2 65 0R0 040 1.8 18.8 92.1 1.0040 0.00 0.0M
176760.000 1961 COM2 65 0R0 008 1.3 18.8 92.0 1.0040 0.00 0.0M
176820.000 1961 COM2 65 0R0 035 1.9 18.8 92.2 1.0041 0.00 0.0M
176880.000 1961 COM2 65 0R0 018 1.7 18.8 92.1 1.0041 0.00 0.0M
176940.000 1961 COM2 65 0R0 021 0.7 18.8 92.0 1.0041 0.00 0.0M
177000.000 1961 COM2 65 0R0 021 1.6 18.8 92.2 1.0041 0.00 0.0M
177060.000 1961 COM2 65 0R0 351 1.1 18.8 92.1 1.0041 0.00 0.0M
177120.000 1961 COM2 65 0R0 000 1.7 18.8 92.0 1.0042 0.00 0.0M
177180.000 1961 COM2 65 0R0 030 1.8 18.8 92.0 1.0042 0.00 0.0M
177240.000 1961 COM2 65 0R0 032 1.5 18.8 91.9 1.0042 0.00 0.0M
177300.000 1961 COM2 65 0R0 356 0.6 18.8 91.9 1.0043 0.00 0.0M
177360.000 1961 COM2 65 0R0 349 0.7 18.8 91.8 1.0043 0.00 0.0M
177420.000 1961 COM2 65 0R0 025 1.2 18.8 91.9 1.0042 0.00 0.0M
177480.000 1961 COM2 65 0R0 343 1.5 18.8 91.8 1.0042 0.00 0.0M
177540.000 1961 COM2 65 0R0 042 0.5 18.8 91.7 1.0042 0.00 0.0M
177600.000 1961 COM2 65 0R0 341 1.9 18.8 91.6 1.0041 0.00 0.0M
177660.000 1961 COM2 65 0R0 029 1.6 18.8 91.6 1.0040 0.00 0.0M
177720.000 1961 COM2 65 0R0 333 2.0 18.8 91.6 1.0040 0.00 0.0M
177780.000 1961 COM2 65 0R0 337 2.1 18.8 91.5 1.0039 0.00 0.0M
177840.000 1961 COM2 65 0R0 359 1.5 18.8 91.5 1.0039 0.00 0.0M
177900.000 1961 COM2 65 0R0 019 1.5 18.8 91.5 1.0040 0.00 0.0M
177960.000 1961 COM2 65 0R0 033 1.2 18.8 91.5 1.0040 0.00 0.0M
178020.000 1961 COM2 65 0R0 348 1.3 18.8 91.5 1.0040 0.00 0.0M
178080.000 1961 COM2 65 0R0 032 1.9 18.8 91.6 1.0040 0.00 0.0M
178140.000 1961 COM2 65 0R0 016 1.5 18.8 91.6 1.0040 0.00 0.0M
178200.000 1961 COM2 65 0R0 352 1.2 18.8 91.6 1.0040 0.00 0.0M
178260.000 1961 COM2 65 0R0 054 0.8 18.8 91.6 1.0040 0.00 0.0M
178320.000 1961 COM2 65 0R0 352 1.5 18.8 91.5 1.0039 0.00 0.0M
178380.000 1961 COM2 65 0R0 064 1.2 18.8 91.3 1.0039 0.00 0.0M
178440.000 1961 COM2 65 0R0 357 0.5 18.8 91.5 1.0039 0.00 0.0M
178500.000 1961 COM2 65 0R0 017 2.6 18.9 91.6 1.0039 0.00 0.0M
178560.000 1961 COM2 65 0R0 354 1.1 18.8 91.5 1.0039 0.00 0.0M
178620.000 1961 COM2 65 0R0 018 2.2 18.8 91.4 1.0039 0.00 0.0M
178680.000 1961 COM2 65 0R0 009 2.0 18.8 91.5 1.0040 0.00 0.0M
178740.000 1961 COM2 65 0R0 017 2.3 18.8 91.6 1.0040 0.00 0.0M
178800.000 1961 COM2 65 0R0 003 0.9 18.8 91.6 1.0041 0.00 0.0M
178860.000 1961 COM2 65 0R0 339 2.7 18.8 91.6 1.0041 0.00 0.0M
178920.000 1961 COM2 65 0R0 351 1.5 18.8 91.5 1.0042 0.00 0.0M
178980.000 1961 COM2 65 0R0 005 1.2 18.8 91.5 1.0042 0.00 0.0M
179040.000 1961 COM2 65 0R0 023 1.6 18.8 91.3 1.0042 0.00 0.0M
179100.000 1961 COM2 65 0R0 019 1.9 18.8 91.4 1.0041 0.00 0.0M
179160.000 1961 COM2 65 0R0 039 1.5 18.9 91.5 1.0041 0.00 0.0M
179220.000 1961 COM2 65 0R0 019 1.5 18.9 91.5 1.0040 0.00 0.0M
179280.000 1961 COM2 65 0R0 020 1.9 18.9 91.5 1.0040 0.00 0.0M
179340.000 1961 COM2 65 0R0 348 2.5 18.9 91.5 1.0040 0.00 0.0M
179400.000 1961 COM2 65 0R0 005 1.4 18.9 91.5 1.0040 0.00 0.0M
179460.000 1961 COM2 65 0R0 008 1.0 18.8 91.6 1.0040 0.00 0.0M
179520.000 1961 COM2 65 0R0 335 1.6 18.8 91.7 1.0040 0.00 0.0M
179580.000 1961 COM2 65 0R0 352 1.8 18.8 91.7 1.0040 0.00 0.0M
179640.000 1961 COM2 65 0R0 005 1.1 18.8 91.7 1.0040 0.00 0.0M
179700.000 1961 COM2 65 0R0 007 0.9 18.8 91.7 1.0040 0.00 0.0M
179760.000 1961 COM2 65 0R0 339 2.4 18.8 91.6 1.0041 0.00 0.0M
179820.100 1961 COM2 65 0R0 013 1.7 18.8 91.6 1.0041 0.00 0.0M
179880.000 1961 COM2 65 0R0 354 0.9 18.8 91.7 1.0041 0.00 0.0M
179940.000 1961 COM2 65 0R0 008 2.1 18.8 91.7 1.0041 0.00 0.0M
180000.000 1961 COM2 65 0R0 014 0.8 18.8 91.7 1.0041 0.00 0.0M
180060.100 1961 COM2 65 0R0 027 1.7 18.8 91.6 1.0041 0.00 0.0M
180120.000 1961 COM2 65 0R0 026 2.1 18.8 91.8 1.0040 0.00 0.0M
180180.000 1961 COM2 65 0R0 008 1.1 18.8 91.7 1.0040 0.00 0.0M
180240.000 1961 COM2 65 0R0 015 3.2 18.8 91.7 1.0040 0.00 0.0M
180300.000 1961 COM2 65 0R0 346 1.3 18.8 91.7 1.0040 0.00 0.0M
180360.000 1961 COM2 65 0R0 050 1.1 18.8 91.7 1.0041 0.00 0.0M
180420.000 1961 COM2 65 0R0 042 0.8 18.8 91.6 1.0041 0.00 0.0M
180480.000 1961 COM2 65 0R0 339 1.2 18.8 91.7 1.0042 0.00 0.0M
180540.000 1961 COM2 65 0R0 010 1.4 18.8 91.8 1.0042 0.00 0.0M
180600.000 1961 COM2 65 0R0 359 1.6 18.9 91.8 1.0043 0.00 0.0M
180660.000 1961 COM2 65 0R0 031 0.8 18.9 91.7 1.0043 0.00 0.0M
180720.000 1961 COM2 65 0R0 012 1.8 18.9 91.8 1.0043 0.00 0.0M
180780.000 1961 COM2 65 0R0 001 2.4 18.8 91.7 1.0042 0.00 0.0M
180840.000 1961 COM2 65 0R0 014 1.2 18.8 91.6 1.0041 0.00 0.0M
180900.000 1961 COM2 65 0R0 013 1.2 18.8 91.7 1.0041 0.00 0.0M
180960.000 1961 COM2 65 0R0 027 3.2 18.8 91.9 1.0041 0.00 0.0M
181020.000 1961 COM2 65 0R0 342 0.3 18.8 91.8 1.0041 0.00 0.0M
181080.000 1961 COM2 65 0R0 025 1.5 18.8 91.7 1.0041 0.00 0.0M
181140.000 1961 COM2 65 0R0 014 1.3 18.8 91.6 1.0041 0.00 0.0M
181200.000 1961 COM2 65 0R0 350 1.1 18.8 91.7 1.0041 0.00 0.0M
181260.000 1961 COM2 65 0R0 015 0.9 18.8 91.7 1.0041 0.00 0.0M
181320.000 1961 COM2 65 0R0 020 1.8 18.8 91.6 1.0040 0.00 0.0M
181380.000 1961 COM2 65 0R0 358 1.2 18.8 91.7 1.0039 0.00 0.0M
181440.000 1961 COM2 65 0R0 025 1.8 18.8 91.8 1.0039 0.00 0.0M
181500.000 1961 COM2 65 0R0 039 1.4 18.8 91.8 1.0039 0.00 0.0M
181560.000 1961 COM2 65 0R0 334 0.7 18.8 91.8 1.0039 0.00 0.0M
181620.000 1961 COM2 65 0R0 007 1.7 18.8 91.9 1.0040 0.00 0.0M
181680.000 1961 COM2 65 0R0 030 1.2 18.8 91.8 1.0040 0.00 0.0M
181740.000 1961 COM2 65 0R0 339 1.2 18.8 91.9 1.0040 0.00 0.0M
181800.000 1961 COM2 65 0R0 354 1.6 18.8 91.8 1.0041 0.00 0.0M
181860.000 1961 COM2 65 0R0 007 2.5 18.8 91.8 1.0041 0.00 0.0M
181920.000 1961 COM2 65 0R0 351 0.9 18.8 91.7 1.0041 0.00 0.0M
181980.000 1961 COM2 65 0R0 019 1.8 18.8 91.8 1.0042 0.00 0.0M
182040.100 1961 COM2 65 0R0 027 0.8 18.8 91.9 1.0042 0.00 0.0M
182100.000 1961 COM2 65 0R0 036 2.2 18.8 91.9 1.0042 0.00 0.0M
182160.000 1961 COM2 65 0R0 050 1.3 18.8 91.8 1.0041 0.00 0.0M
182220.000 1961 COM2 65 0R0 332 1.2 18.8 91.8 1.0041 0.00 0.0M
182280.000 1961 COM2 65 0R0 011 1.3 18.8 91.9 1.0042 0.00 0.0M
182340.000 1961 COM2 65 0R0 045 1.4 18.8 91.9 1.0042 0.00 0.0M
182400.000 1961 COM2 65 0R0 029 1.3 18.8 91.9 1.0042 0.00 0.0M
182460.000 1961 COM2 65 0R0 341 1.0 18.8 91.8 1.0042 0.00 0.0M
182520.000 1961 COM2 65 0R0 006 1.0 18.8 91.8 1.0042 0.00 0.0M
182580.000 1961 COM2 65 0R0 011 1.3 18.8 91.8 1.0042 0.00 0.0M
182640.000 1961 COM2 65 0R0 342 1.2 18.8 91.8 1.0042 0.00 0.0M
182700.000 1961 COM2 65 0R0 063 1.0 18.8 91.8 1.0042 0.00 0.0M
182760.000 1961 COM2 65 0R0 032 1.7 18.8 91.8 1.0041 0.00 0.0M
182820.000 1961 COM2 65 0R0 353 1.6 18.8 91.8 1.0041 0.00 0.0M
182880.000 1961 COM2 65 0R0 352 0.4 18.8 91.9 1.0041 0.00 0.0M
182940.000 1961 COM2 65 0R0 035 0.7 18.8 92.0 1.0041 0.00 0.0M
183000.000 1961 COM2 65 0R0 014 1.3 18.8 91.9 1.0041 0.00 0.0M
183060.000 1961 COM2 65 0R0 357 1.6 18.8 91.9 1.0041 0.00 0.0M
183120.000 1961 COM2 65 0R0 028 2.6 18.8 91.9 1.0042 0.00 0.0M
183180.000 1961 COM2 65 0R0 033 1.1 18.8 91.9 1.0042 0.00 0.0M
183240.000 1961 COM2 65 0R0 312 1.3 18.8 91.9 1.0042 0.00 0.0M
183300.000 1961 COM2 65 0R0 035 0.3 18.8 92.0 1.0042 0.00 0.0M
183360.000 1961 COM2 65 0R0 021 0.7 18.8 92.0 1.0042 0.00 0.0M
183420.000 1961 COM2 65 0R0 342 2.8 18.8 92.0 1.0042 0.00 0.0M
183480.000 1961 COM2 65 0R0 353 1.3 18.8 92.0 1.0042 0.00 0.0M
183540.000 1961 COM2 65 0R0 014 1.6 18.8 92.0 1.0042 0.00 0.0M
183600.000 1961 COM2 65 0R0 357 1.1 18.8 92.0 1.0042 0.00 0.0M
183660.000 1961 COM2 65 0R0 358 0.9 18.8 92.1 1.0042 0.00 0.0M
183720.000 1961 COM2 65 0R0 334 2.5 18.8 92.1 1.0042 0.00 0.0M
183780.000 1961 COM2 65 0R0 019 2.2 18.8 92.1 1.0042 0.00 0.0M
183840.000 1961 COM2 65 0R0 052 1.2 18.8 92.1 1.0041 0.00 0.0M
183900.000 1961 COM2 65 0R0 013 0.8 18.8 92.2 1.0041 0.00 0.0M
183960.000 1961 COM2 65 0R0 027 1.4 18.8 92.2 1.0041 0.00 0.0M
184020.000 1961 COM2 65 0R0 007 1.3 18.8 92.3 1.0041 0.00 0.0M
184080.000 1961 COM2 65 0R0 335 0.7 18.8 92.3 1.0040 0.00 0.0M
184140.000 1961 COM2 65 0R0 025 1.9 18.8 92.3 1.0040 0.00 0.0M
184200.000 1961 COM2 65 0R0 021 1.8 18.8 92.4 1.0040 0.00 0.0M
184260.000 1961 COM2 65 0R0 011 2.0 18.8 92.5 1.0040 0.00 0.0M
184320.000 1961 COM2 65 0R0 017 1.2 18.8 92.5 1.0040 0.00 0.0M
184380.000 1961 COM2 65 0R0 326 0.9 18.8 92.5 1.0041 0.00 0.0M
184440.000 1961 COM2 65 0R0 036 1.6 18.8 92.5 1.0041 0.00 0.0M
184500.000 1961 COM2 65 0R0 329 1.4 18.8 92.6 1.0041 0.00 0.0M
184560.000 1961 COM2 65 0R0 016 1.2 18.8 92.6 1.0041 0.00 0.0M
184620.000 1961 COM2 65 0R0 305 0.5 18.8 92.6 1.0040 0.00 0.0M
184680.000 1961 COM2 65 0R0 058 0.8 18.8 92.6 1.0040 0.00 0.0M
184740.000 1961 COM2 65 0R0 002 1.0 18.8 92.7 1.0040 0.00 0.0M
184800.000 1961 COM2 65 0R0 104 0.4 18.8 92.8 1.0041 0.00 0.0M
184860.000 1961 COM2 65 0R0 344 0.3 18.8 92.8 1.0041 0.00 0.0M
184920.000 1961 COM2 65 0R0 029 1.6 18.8 92.7 1.0041 0.00 0.0M
184980.000 1961 COM2 65 0R0 014 1.1 18.8 92.7 1.0040 0.00 0.0M
185040.000 1961 COM2 65 0R0 344 0.8 18.8 92.7 1.0040 0.00 0.0M
185100.000 1961 COM2 65 0R0 017 0.9 18.8 92.8 1.0039 0.00 0.0M
185160.000 1961 COM2 65 0R0 048 0.7 18.8 92.8 1.0039 0.00 0.0M
185220.000 1961 COM2 65 0R0 016 1.5 18.8 92.8 1.0040 0.00 0.0M
185280.000 1961 COM2 65 0R0 345 1.2 18.8 92.8 1.0040 0.00 0.0M
185340.000 1961 COM2 65 0R0 354 0.4 18.8 92.8 1.0041 0.00 0.0M
185400.000 1961 COM2 65 0R0 009 1.0 18.8 92.8 1.0041 0.00 0.0M
185460.000 1961 COM2 65 0R0 330 0.8 18.8 92.8 1.0041 0.00 0.0M
185520.000 1961 COM2 65 0R0 007 0.6 18.8 92.8 1.0041 0.00 0.0M
185580.000 1961 COM2 65 0R0 330 1.2 18.8 92.8 1.0041 0.00 0.0M
185640.000 1961 COM2 65 0R0 342 0.8 18.8 92.8 1.0042 0.00 0.0M
185700.000 1961 COM2 65 0R0 027 0.8 18.8 92.8 1.0042 0.00 0.0M
185760.000 1961 COM2 65 0R0 345 2.0 18.8 92.8 1.0042 0.00 0.0M
185820.000 1961 COM2 65 0R0 330 1.6 18.8 92.8 1.0042 0.00 0.0M
185880.000 1961 COM2 65 0R0 312 2.2 18.8 92.8 1.0042 0.00 0.0M
185940.000 1961 COM2 65 0R0 014 0.7 18.8 92.8 1.0043 0.00 0.0M
186000.000 1961 COM2 65 0R0 341 1.5 18.8 92.8 1.0043 0.00 0.0M
186060.000 1961 COM2 65 0R0 343 0.6 18.8 92.8 1.0043 0.00 0.0M
186120.000 1961 COM2 65 0R0 340 2.1 18.8 92.8 1.0043 0.00 0.0M
186180.000 1961 COM2 65 0R0 331 2.3 18.8 92.7 1.0043 0.00 0.0M
186240.000 1961 COM2 65 0R0 348 1.6 18.8 92.6 1.0043 0.00 0.0M
186300.000 1961 COM2 65 0R0 020 0.6 18.8 92.6 1.0043 0.00 0.0M
186360.000 1961 COM2 65 0R0 003 0.3 18.8 92.7 1.0042 0.00 0.0M
186420.000 1961 COM2 65 0R0 349 1.2 18.8 92.7 1.0042 0.00 0.0M
186480.000 1961 COM2 65 0R0 004 1.3 18.8 92.7 1.0042 0.00 0.0M
186540.000 1961 COM2 65 0R0 340 3.6 18.8 92.7 1.0042 0.00 0.0M
186600.000 1961 COM2 65 0R0 027 1.1 18.8 92.6 1.0042 0.00 0.0M
186660.000 1961 COM2 65 0R0 340 1.5 18.8 92.6 1.0042 0.00 0.0M
186720.000 1961 COM2 65 0R0 337 1.6 18.8 92.6 1.0042 0.00 0.0M
186780.000 1961 COM2 65 0R0 341 0.7 18.8 92.7 1.0042 0.00 0.0M
186840.000 1961 COM2 65 0R0 323 1.2 18.8 92.7 1.0042 0.00 0.0M
186900.000 1961 COM2 65 0R0 031 0.4 18.8 92.7 1.0041 0.00 0.0M
186960.000 1961 COM2 65 0R0 075 0.5 18.8 92.7 1.0041 0.00 0.0M
187020.000 1961 COM2 65 0R0 347 2.7 18.8 92.6 1.0041 0.00 0.0M
187080.000 1961 COM2 65 0R0 344 1.4 18.8 92.5 1.0041 0.00 0.0M
187140.000 1961 COM2 65 0R0 346 0.7 18.8 92.6 1.0041 0.00 0.0M
187200.000 1961 COM2 65 0R0 009 2.0 18.8 92.6 1.0041 0.00 0.0M
187260.000 1961 COM2 65 0R0 087 0.3 18.8 92.5 1.0041 0.00 0.0M
187320.000 1961 COM2 65 0R0 309 1.3 18.8 92.5 1.0041 0.00 0.0M
187380.000 1961 COM2 65 0R0 339 0.8 18.8 92.5 1.0041 0.00 0.0M
187440.000 1961 COM2 65 0R0 331 0.5 18.8 92.5 1.0040 0.00 0.0M
187500.000 1961 COM2 65 0R0 026 1.0 18.8 92.5 1.0040 0.00 0.0M
187560.000 1961 COM2 65 0R0 335 1.8 18.8 92.5 1.0040 0.00 0.0M
187620.000 1961 COM2 65 0R0 328 2.2 18.8 92.4 1.0040 0.00 0.0M
187680.000 1961 COM2 65 0R0 345 2.3 18.8 92.4 1.0040 0.00 0.0M
187740.000 1961 COM2 65 0R0 358 0.9 18.8 92.4 1.0040 0.00 0.0M
187800.000 1961 COM2 65 0R0 027 1.6 18.8 92.3 1.0040 0.00 0.0M
187860.000 1961 COM2 65 0R0 035 2.0 18.8 92.2 1.0040 0.00 0.0M
187920.000 1961 COM2 65 0R0 326 1.2 18.8 92.1 1.0040 0.00 0.0M
187980.000 1961 COM2 65 0R0 349 0.7 18.8 92.2 1.0040 0.00 0.0M
188040.000 1961 COM2 65 0R0 358 1.1 18.8 92.2 1.0040 0.00 0.0M
188100.000 1961 COM2 65 0R0 357 1.8 18.8 92.2 1.0041 0.00 0.0M
188160.000 1961 COM2 65 0R0 025 1.5 18.8 92.1 1.0041 0.00 0.0M
188220.000 1961 COM2 65 0R0 336 1.8 18.8 92.1 1.0041 0.00 0.0M
188280.000 1961 COM2 65 0R0 040 0.5 18.8 92.1 1.0041 0.00 0.0M
188340.000 1961 COM2 65 0R0 340 2.2 18.8 92.1 1.0041 0.00 0.0M
188400.000 1961 COM2 65 0R0 007 1.4 18.8 92.0 1.0041 0.00 0.0M
188460.000 1961 COM2 65 0R0 341 0.9 18.8 92.1 1.0041 0.00 0.0M
188520.000 1961 COM2 65 0R0 340 1.1 18.8 92.0 1.0040 0.00 0.0M
188580.000 1961 COM2 65 0R0 021 1.9 18.8 92.0 1.0040 0.00 0.0M
188640.000 1961 COM2 65 0R0 026 1.5 18.8 92.0 1.0039 0.00 0.0M
188700.000 1961 COM2 65 0R0 024 1.5 18.8 92.0 1.0039 0.00 0.0M
188760.000 1961 COM2 65 0R0 022 1.4 18.8 92.0 1.0039 0.00 0.0M
188820.000 1961 COM2 65 0R0 070 0.4 18.8 92.0 1.0038 0.00 0.0M
188880.000 1961 COM2 65 0R0 348 1.5 18.8 91.9 1.0038 0.00 0.0M
188940.000 1961 COM2 65 0R0 003 0.6 18.8 91.8 1.0038 0.00 0.0M
189000.000 1961 COM2 65 0R0 352 0.5 18.8 91.8 1.0037 0.00 0.0M
189060.000 1961 COM2 65 0R0 354 1.8 18.8 91.8 1.0037 0.00 0.0M
189120.000 1961 COM2 65 0R0 025 0.4 18.8 91.8 1.0036 0.00 0.0M
189180.000 1961 COM2 65 0R0 350 1.7 18.8 91.7 1.0036 0.00 0.0M
189240.000 1961 COM2 65 0R0 317 0.9 18.8 91.8 1.0036 0.00 0.0M
189300.000 1961 COM2 65 0R0 343 1.2 18.8 91.8 1.0036 0.00 0.0M
189360.000 1961 COM2 65 0R0 358 1.1 18.8 91.8 1.0036 0.00 0.0M
189420.000 1961 COM2 65 0R0 344 0.8 18.8 91.8 1.0035 0.00 0.0M
189480.000 1961 COM2 65 0R0 006 1.3 18.8 91.8 1.0035 0.00 0.0M
189540.000 1961 COM2 65 0R0 244 0.4 18.8 91.8 1.0035 0.00 0.0M
189600.000 1961 COM2 65 0R0 091 0.7 18.8 91.8 1.0035 0.00 0.0M
189660.000 1961 COM2 65 0R0 027 1.2 18.8 91.8 1.0035 0.00 0.0M
189720.000 1961 COM2 65 0R0 000 0.6 18.8 91.8 1.0035 0.00 0.0M
189780.000 1961 COM2 65 0R0 022 0.5 18.8 91.9 1.0035 0.00 0.0M
189840.000 1961 COM2 65 0R0 356 1.3 18.8 91.8 1.0035 0.00 0.0M
189900.000 1961 COM2 65 0R0 349 1.1 18.8 91.9 1.0035 0.00 0.0M
189960.000 1961 COM2 65 0R0 342 1.7 18.8 91.9 1.0035 0.00 0.0M
190020.000 1961 COM2 65 0R0 276 0.4 18.8 91.8 1.0035 0.00 0.0M
190080.000 1961 COM2 65 0R0 001 0.4 18.8 91.8 1.0035 0.00 0.0M
190140.000 1961 COM2 65 0R0 343 2.0 18.8 91.9 1.0035 0.00 0.0M
190200.000 1961 COM2 65 0R0 345 2.0 18.8 91.7 1.0035 0.00 0.0M
190260.000 1961 COM2 65 0R0 320 1.0 18.8 91.7 1.0035 0.00 0.0M
190320.000 1961 COM2 65 0R0 350 1.4 18.8 91.6 1.0036 0.00 0.0M
190380.000 1961 COM2 65 0R0 031 0.3 18.8 91.8 1.0036 0.00 0.0M
190440.000 1961 COM2 65 0R0 008 0.5 18.8 91.7 1.0036 0.00 0.0M
190500.000 1961 COM2 65 0R0 328 1.0 18.8 91.8 1.0036 0.00 0.0M
190560.000 1961 COM2 65 0R0 283 1.6 18.8 91.8 1.0035 0.00 0.0M
190620.000 1961 COM2 65 0R0 001 1.4 18.8 91.6 1.0035 0.00 0.0M
190680.000 1961 COM2 65 0R0 081 0.2 18.8 91.7 1.0035 0.00 0.0M
190740.000 1961 COM2 65 0R0 298 0.9 18.8 91.7 1.0035 0.00 0.0M
190800.000 1961 COM2 65 0R0 019 1.0 18.8 91.7 1.0035 0.00 0.0M
190860.000 1961 COM2 65 0R0 063 0.3 18.8 91.7 1.0035 0.00 0.0M
190920.000 1961 COM2 65 0R0 318 0.8 18.8 91.7 1.0035 0.00 0.0M
190980.000 1961 COM2 65 0R0 008 1.4 18.8 91.5 1.0034 0.00 0.0M
191040.000 1961 COM2 65 0R0 349 1.7 18.8 91.5 1.0034 0.00 0.0M
191100.000 1961 COM2 65 0R0 292 0.7 18.8 91.6 1.0034 0.00 0.0M
191160.000 1961 COM2 65 0R0 343 0.6 18.8 91.5 1.0034 0.00 0.0M
191220.000 1961 COM2 65 0R0 338 1.1 18.8 91.5 1.0034 0.00 0.0M
191280.000 1961 COM2 65 0R0 356 1.7 18.8 91.5 1.0034 0.00 0.0M
191340.000 1961 COM2 65 0R0 347 2.1 18.8 91.3 1.0034 0.00 0.0M
191400.000 1961 COM2 65 0R0 346 1.8 18.8 91.3 1.0034 0.00 0.0M
191460.000 1961 COM2 65 0R0 342 1.3 18.8 91.3 1.0034 0.00 0.0M
191520.000 1961 COM2 65 0R0 326 0.7 18.8 91.4 1.0034 0.00 0.0M
191580.000 1961 COM2 65 0R0 327 0.3 18.8 91.5 1.0034 0.00 0.0M
191640.000 1961 COM2 65 0R0 329 1.4 18.8 91.4 1.0033 0.00 0.0M
191700.000 1961 COM2 65 0R0 334 0.9 18.8 91.3 1.0033 0.00 0.0M
191760.000 1961 COM2 65 0R0 084 0.4 18.8 91.3 1.0033 0.00 0.0M
191820.000 1961 COM2 65 0R0 329 0.8 18.8 91.3 1.0033 0.00 0.0M
191880.000 1961 COM2 65 0R0 020 0.7 18.8 91.3 1.0033 0.00 0.0M
191940.000 1961 COM2 65 0R0 010 0.3 18.8 91.3 1.0033 0.00 0.0M
192000.000 1961 COM2 65 0R0 031 0.8 18.8 91.3 1.0032 0.00 0.0M
192060.000 1961 COM2 65 0R0 017 0.2 18.8 91.4 1.0032 0.00 0.0M
192120.000 1961 COM2 65 0R0 057 1.0 18.8 91.4 1.0032 0.00 0.0M
192180.000 1961 COM2 65 0R0 007 1.1 18.8 91.4 1.0033 0.00 0.0M
192240.000 1961 COM2 65 0R0 028 0.9 18.7 91.4 1.0033 0.00 0.0M
192300.000 1961 COM2 65 0R0 300 1.5 18.7 91.5 1.0033 0.00 0.0M
192360.000 1961 COM2 65 0R0 007 0.8 18.7 91.4 1.0033 0.00 0.0M
192420.000 1961 COM2 65 0R0 343 1.4 18.7 91.4 1.0033 0.00 0.0M
192480.000 1961 COM2 65 0R0 061 0.3 18.7 91.5 1.0033 0.00 0.0M
192540.000 1961 COM2 65 0R0 352 0.4 18.7 91.5 1.0033 0.00 0.0M
192600.000 1961 COM2 65 0R0 332 0.3 18.7 91.5 1.0033 0.00 0.0M
192660.000 1961 COM2 65 0R0 334 1.0 18.7 91.5 1.0034 0.00 0.0M
192720.000 1961 COM2 65 0R0 349 1.8 18.7 91.5 1.0034 0.00 0.0M
192780.000 1961 COM2 65 0R0 055 0.7 18.7 91.5 1.0034 0.00 0.0M
192840.000 1961 COM2 65 0R0 025 1.7 18.7 91.5 1.0034 0.00 0.0M
192900.000 1961 COM2 65 0R0 081 0.4 18.7 91.5 1.0035 0.00 0.0M
192960.000 1961 COM2 65 0R0 335 0.4 18.7 91.5 1.0035 0.00 0.0M
193020.000 1961 COM2 65 0R0 341 1.4 18.7 91.5 1.0035 0.00 0.0M
193080.000 1961 COM2 65 0R0 357 0.9 18.7 91.4 1.0034 0.00 0.0M
193140.000 1961 COM2 65 0R0 212 0.3 18.7 91.4 1.0034 0.00 0.0M
193200.000 1961 COM2 65 0R0 017 0.5 18.7 91.5 1.0034 0.00 0.0M
193260.000 1961 COM2 65 0R0 351 1.4 18.7 91.4 1.0034 0.00 0.0M
193320.000 1961 COM2 65 0R0 004 0.4 18.7 91.4 1.0034 0.00 0.0M
193380.000 1961 COM2 65 0R0 340 0.9 18.7 91.5 1.0034 0.00 0.0M
193440.000 1961 COM2 65 0R0 311 0.8 18.7 91.4 1.0034 0.00 0.0M
193500.000 1961 COM2 65 0R0 068 0.5 18.7 91.5 1.0034 0.00 0.0M
193560.000 1961 COM2 65 0R0 349 1.6 18.7 91.4 1.0034 0.00 0.0M
193620.000 1961 COM2 65 0R0 026 0.7 18.7 91.4 1.0034 0.00 0.0M
193680.000 1961 COM2 65 0R0 031 0.8 18.7 91.5 1.0034 0.00 0.0M
193740.000 1961 COM2 65 0R0 034 1.8 18.7 91.5 1.0034 0.00 0.0M
193800.000 1961 COM2 65 0R0 322 1.2 18.7 91.3 1.0034 0.00 0.0M
193860.000 1961 COM2 65 0R0 030 1.5 18.7 91.4 1.0034 0.00 0.0M
193920.000 1961 COM2 65 0R0 017 0.7 18.6 91.4 1.0034 0.00 0.0M
193980.000 1961 COM2 65 0R0 048 2.1 18.6 91.4 1.0034 0.00 0.0M
194040.000 1961 COM2 65 0R0 325 1.0 18.6 91.4 1.0034 0.00 0.0M
194100.000 1961 COM2 65 0R0 005 0.3 18.6 91.4 1.0034 0.00 0.0M
194160.000 1961 COM2 65 0R0 344 3.1 18.6 91.5 1.0034 0.00 0.0M
194220.000 1961 COM2 65 0R0 068 1.0 18.6 91.5 1.0033 0.00 0.0M
194280.000 1961 COM2 65 0R0 033 0.8 18.6 91.4 1.0033 0.00 0.0M
194340.000 1961 COM2 65 0R0 026 0.6 18.6 91.4 1.0034 0.00 0.0M
194400.000 1961 COM2 65 0R0 014 1.2 18.6 91.4 1.0034 0.00 0.0M
194460.000 1961 COM2 65 0R0 012 1.2 18.6 91.3 1.0034 0.00 0.0M
194520.000 1961 COM2 65 0R0 320 1.4 18.6 91.4 1.0034 0.00 0.0M
194580.000 1961 COM2 65 0R0 346 2.7 18.6 91.4 1.0034 0.00 0.0M
194640.000 1961 COM2 65 0R0 303 0.3 18.6 91.4 1.0034 0.00 0.0M
194700.000 1961 COM2 65 0R0 356 1.0 18.6 91.4 1.0034 0.00 0.0M
194760.100 1961 COM2 65 0R0 062 1.2 18.6 91.5 1.0034 0.00 0.0M
194820.000 1961 COM2 65 0R0 008 0.9 18.6 91.5 1.0034 0.00 0.0M
194880.000 1961 COM2 65 0R0 355 1.0 18.6 91.5 1.0033 0.00 0.0M
194940.000 1961 COM2 65 0R0 016 0.9 18.6 91.5 1.0034 0.00 0.0M
195000.000 1961 COM2 65 0R0 339 3.1 18.6 91.5 1.0034 0.00 0.0M
195060.000 1961 COM2 65 0R0 344 0.6 18.6 91.4 1.0034 0.00 0.0M
195120.000 1961 COM2 65 0R0 302 1.7 18.6 91.5 1.0034 0.00 0.0M
195180.000 1961 COM2 65 0R0 272 0.3 18.5 91.5 1.0034 0.00 0.0M
195240.000 1961 COM2 65 0R0 032 0.3 18.6 91.6 1.0034 0.00 0.0M
195300.000 1961 COM2 65 0R0 314 0.9 18.6 91.5 1.0034 0.00 0.0M
195360.000 1961 COM2 65 0R0 329 0.8 18.6 91.4 1.0034 0.00 0.0M
195420.000 1961 COM2 65 0R0 297 1.1 18.6 91.5 1.0035 0.00 0.0M
195480.000 1961 COM2 65 0R0 316 0.2 18.6 91.5 1.0035 0.00 0.0M
195540.000 1961 COM2 65 0R0 300 0.4 18.6 91.5 1.0035 0.00 0.0M
195600.000 1961 COM2 65 0R0 032 0.2 18.6 91.4 1.0035 0.00 0.0M
195660.000 1961 COM2 65 0R0 335 1.4 18.6 91.3 1.0035 0.00 0.0M
195720.000 1961 COM2 65 0R0 354 0.2 18.6 91.3 1.0034 0.00 0.0M
195780.000 1961 COM2 65 0R0 328 0.3 18.6 91.3 1.0034 0.00 0.0M
195840.000 1961 COM2 65 0R0 354 0.7 18.6 91.4 1.0034 0.00 0.0M
195900.000 1961 COM2 65 0R0 306 1.7 18.6 91.3 1.0034 0.00 0.0M
195960.000 1961 COM2 65 0R0 327 1.2 18.6 91.2 1.0034 0.00 0.0M
196020.000 1961 COM2 65 0R0 323 0.1 18.6 91.2 1.0034 0.00 0.0M
196080.000 1961 COM2 65 0R0 345 0.5 18.6 91.2 1.0034 0.00 0.0M
196140.000 1961 COM2 65 0R0 264 0.5 18.6 91.2 1.0034 0.00 0.0M
196200.000 1961 COM2 65 0R0 331 0.8 18.6 91.2 1.0034 0.00 0.0M
196260.000 1961 COM2 65 0R0 121 0.1 18.6 91.1 1.0034 0.00 0.0M
196320.000 1961 COM2 65 0R0 237 0.5 18.6 91.1 1.0034 0.00 0.0M
196380.000 1961 COM2 65 0R0 290 1.9 18.6 91.2 1.0034 0.00 0.0M
196440.000 1961 COM2 65 0R0 006 0.2 18.6 90.9 1.0034 0.00 0.0M
196500.000 1961 COM2 65 0R0 048 0.2 18.6 91.0 1.0034 0.00 0.0M
196560.000 1961 COM2 65 0R0 119 0.5 18.6 91.0 1.0033 0.00 0.0M
196620.000 1961 COM2 65 0R0 081 0.6 18.6 91.0 1.0033 0.00 0.0M
196680.000 1961 COM2 65 0R0 340 0.2 18.6 90.8 1.0033 0.00 0.0M
196740.000 1961 COM2 65 0R0 122 0.1 18.6 90.8 1.0033 0.00 0.0M
196800.000 1961 COM2 65 0R0 319 0.7 18.6 90.9 1.0034 0.00 0.0M
196860.000 1961 COM2 65 0R0 021 0.2 18.6 90.9 1.0033 0.00 0.0M
196920.000 1961 COM2 65 0R0 035 0.6 18.6 90.8 1.0033 0.00 0.0M
196980.000 1961 COM2 65 0R0 343 0.8 18.6 90.8 1.0033 0.00 0.0M
197040.000 1961 COM2 65 0R0 018 0.6 18.6 90.8 1.0033 0.00 0.0M
197100.000 1961 COM2 65 0R0 024 0.2 18.6 90.9 1.0033 0.00 0.0M
197160.000 1961 COM2 65 0R0 019 0.9 18.6 90.9 1.0033 0.00 0.0M
197220.000 1961 COM2 65 0R0 060 0.5 18.6 90.9 1.0032 0.00 0.0M
197280.000 1961 COM2 65 0R0 079 0.6 18.6 90.9 1.0032 0.00 0.0M
197340.000 1961 COM2 65 0R0 342 0.6 18.6 90.9 1.0032 0.00 0.0M
197400.000 1961 COM2 65 0R0 236 0.3 18.6 90.9 1.0032 0.00 0.0M
197460.000 1961 COM2 65 0R0 099 0.1 18.6 90.8 1.0032 0.00 0.0M
197520.000 1961 COM2 65 0R0 356 0.5 18.6 90.8 1.0032 0.00 0.0M
197580.000 1961 COM2 65 0R0 051 0.2 18.6 90.9 1.0032 0.00 0.0M
197640.000 1961 COM2 65 0R0 007 0.7 18.6 90.8 1.0033 0.00 0.0M
197700.000 1961 COM2 65 0R0 358 0.6 18.6 90.9 1.0033 0.00 0.0M
197760.000 1961 COM2 65 0R0 005 0.5 18.6 90.9 1.0033 0.00 0.0M
197820.000 1961 COM2 65 0R0 297 1.3 18.6 90.8 1.0033 0.00 0.0M
197880.000 1961 COM2 65 0R0 045 0.4 18.6 90.8 1.0032 0.00 0.0M
197940.000 1961 COM2 65 0R0 190 0.2 18.6 90.9 1.0032 0.00 0.0M
198000.000 1961 COM2 65 0R0 037 0.6 18.6 90.7 1.0032 0.00 0.0M
198060.000 1961 COM2 65 0R0 328 0.4 18.6 90.8 1.0032 0.00 0.0M
198120.000 1961 COM2 65 0R0 334 0.7 18.6 90.8 1.0032 0.00 0.0M
198180.000 1961 COM2 65 0R0 044 0.5 18.6 90.7 1.0032 0.00 0.0M
198240.000 1961 COM2 65 0R0 057 0.5 18.6 90.8 1.0032 0.00 0.0M
198300.000 1961 COM2 65 0R0 027 0.6 18.6 90.8 1.0032 0.00 0.0M
198360.000 1961 COM2 65 0R0 341 0.6 18.6 90.7 1.0032 0.00 0.0M
198420.000 1961 COM2 65 0R0 040 0.2 18.6 90.7 1.0033 0.00 0.0M
198480.000 1961 COM2 65 0R0 121 0.2 18.6 90.7 1.0033 0.00 0.0M
198540.000 1961 COM2 65 0R0 275 0.3 18.6 90.8 1.0034 0.00 0.0M
198600.000 1961 COM2 65 0R0 314 0.3 18.6 90.7 1.0034 0.00 0.0M
198660.000 1961 COM2 65 0R0 098 0.3 18.6 90.7 1.0034 0.00 0.0M
198720.000 1961 COM2 65 0R0 108 0.2 18.6 90.7 1.0034 0.00 0.0M
198780.000 1961 COM2 65 0R0 337 1.4 18.6 90.8 1.0034 0.00 0.0M
198840.000 1961 COM2 65 0R0 354 0.6 18.6 90.7 1.0035 0.00 0.0M
198900.000 1961 COM2 65 0R0 099 0.1 18.6 90.7 1.0035 0.00 0.0M
198960.000 1961 COM2 65 0R0 019 0.5 18.6 90.7 1.0035 0.00 0.0M
199020.000 1961 COM2 65 0R0 052 0.7 18.6 90.8 1.0035 0.00 0.0M
199080.000 1961 COM2 65 0R0 046 0.3 18.6 90.8 1.0035 0.00 0.0M
199140.000 1961 COM2 65 0R0 346 0.5 18.6 90.7 1.0034 0.00 0.0M
199200.000 1961 COM2 65 0R0 337 0.2 18.6 90.8 1.0034 0.00 0.0M
199260.000 1961 COM2 65 0R0 174 0.2 18.6 90.8 1.0034 0.00 0.0M
199320.000 1961 COM2 65 0R0 037 0.2 18.6 90.8 1.0034 0.00 0.0M
199380.000 1961 COM2 65 0R0 093 0.4 18.6 91.0 1.0033 0.00 0.0M
199440.000 1961 COM2 65 0R0 304 0.3 18.6 91.0 1.0033 0.00 0.0M
199500.000 1961 COM2 65 0R0 349 0.4 18.6 90.9 1.0033 0.00 0.0M
199560.000 1961 COM2 65 0R0 347 0.5 18.6 90.9 1.0033 0.00 0.0M
199620.000 1961 COM2 65 0R0 051 0.3 18.6 91.0 1.0033 0.00 0.0M
199680.000 1961 COM2 65 0R0 216 0.3 18.6 90.9 1.0033 0.00 0.0M
199740.000 1961 COM2 65 0R0 026 0.6 18.6 91.0 1.0033 0.00 0.0M
199800.000 1961 COM2 65 0R0 064 0.4 18.6 91.0 1.0033 0.00 0.0M
199860.000 1961 COM2 65 0R0 203 0.1 18.6 91.1 1.0033 0.00 0.0M
199920.000 1961 COM2 65 0R0 194 0.3 18.5 91.0 1.0033 0.00 0.0M
199980.000 1961 COM2 65 0R0 298 1.0 18.5 91.0 1.0033 0.00 0.0M
200040.000 1961 COM2 65 0R0 356 0.8 18.5 91.0 1.0033 0.00 0.0M
200100.000 1961 COM2 65 0R0 275 0.7 18.5 91.1 1.0034 0.00 0.0M
200160.000 1961 COM2 65 0R0 301 0.6 18.5 91.0 1.0034 0.00 0.0M
200220.000 1961 COM2 65 0R0 313 1.0 18.5 91.0 1.0034 0.00 0.0M
200280.000 1961 COM2 65 0R0 323 0.7 18.5 91.0 1.0034 0.00 0.0M
200340.000 1961 COM2 65 0R0 327 0.8 18.5 91.1 1.0034 0.00 0.0M
200400.000 1961 COM2 65 0R0 045 0.7 18.5 90.9 1.0034 0.00 0.0M
200460.000 1961 COM2 65 0R0 009 0.6 18.5 91.0 1.0034 0.00 0.0M
200520.000 1961 COM2 65 0R0 326 0.4 18.5 91.0 1.0034 0.00 0.0M
200580.000 1961 COM2 65 0R0 340 0.9 18.5 90.9 1.0034 0.00 0.0M
200640.000 1961 COM2 65 0R0 251 0.4 18.5 91.0 1.0034 0.00 0.0M
200700.000 1961 COM2 65 0R0 318 1.0 18.5 91.0 1.0034 0.00 0.0M
200760.000 1961 COM2 65 0R0 261 0.6 18.6 91.0 1.0034 0.00 0.0M
200820.000 1961 COM2 65 0R0 271 0.4 18.5 91.0 1.0034 0.00 0.0M
200880.000 1961 COM2 65 0R0 089 0.3 18.5 91.0 1.0034 0.00 0.0M
200940.000 1961 COM2 65 0R0 069 0.1 18.6 91.0 1.0034 0.00 0.0M
201000.000 1961 COM2 65 0R0 192 0.2 18.5 90.9 1.0035 0.00 0.0M
201060.000 1961 COM2 65 0R0 282 0.3 18.5 91.0 1.0035 0.00 0.0M
201120.100 1961 COM2 65 0R0 293 1.2 18.5 91.0 1.0035 0.00 0.0M
201180.000 1961 COM2 65 0R0 297 0.6 18.5 91.0 1.0035 0.00 0.0M
201240.000 1961 COM2 65 0R0 048 0.1 18.6 91.1 1.0035 0.00 0.0M
201300.000 1961 COM2 65 0R0 208 0.4 18.6 91.2 1.0035 0.00 0.0M
201360.000 1961 COM2 65 0R0 019 0.2 18.6 91.2 1.0035 0.00 0.0M
201420.000 1961 COM2 65 0R0 050 0.2 18.6 91.1 1.0035 0.00 0.0M
201480.000 1961 COM2 65 0R0 270 0.9 18.6 91.0 1.0034 0.00 0.0M
201540.000 1961 COM2 65 0R0 292 1.0 18.6 90.8 1.0034 0.00 0.0M
201600.000 1961 COM2 65 0R0 310 0.4 18.6 90.9 1.0035 0.00 0.0M
201660.000 1961 COM2 65 0R0 272 0.9 18.6 90.8 1.0035 0.00 0.0M
201720.000 1961 COM2 65 0R0 310 0.3 18.6 90.9 1.0034 0.00 0.0M
201780.000 1961 COM2 65 0R0 215 0.3 18.6 90.9 1.0034 0.00 0.0M
201840.000 1961 COM2 65 0R0 277 0.8 18.6 90.9 1.0034 0.00 0.0M
201900.000 1961 COM2 65 0R0 227 0.2 18.6 90.9 1.0034 0.00 0.0M
201960.000 1961 COM2 65 0R0 150 0.6 18.6 91.0 1.0034 0.00 0.0M
202020.000 1961 COM2 65 0R0 160 0.1 18.6 91.1 1.0034 0.00 0.0M
202080.000 1961 COM2 65 0R0 267 0.7 18.6 91.0 1.0034 0.00 0.0M
202140.000 1961 COM2 65 0R0 118 0.2 18.6 91.0 1.0034 0.00 0.0M
202200.000 1961 COM2 65 0R0 016 0.1 18.6 91.0 1.0034 0.00 0.0M
202260.000 1961 COM2 65 0R0 350 0.8 18.6 90.9 1.0034 0.00 0.0M
202320.000 1961 COM2 65 0R0 080 0.3 18.6 90.7 1.0033 0.00 0.0M
202380.000 1961 COM2 65 0R0 042 0.2 18.6 90.7 1.0033 0.00 0.0M
202440.000 1961 COM2 65 0R0 348 0.4 18.6 90.7 1.0033 0.00 0.0M
202500.000 1961 COM2 65 0R0 334 0.6 18.6 90.7 1.0033 0.00 0.0M
202560.000 1961 COM2 65 0R0 061 0.5 18.6 90.7 1.0033 0.00 0.0M
202620.000 1961 COM2 65 0R0 354 0.3 18.6 90.7 1.0033 0.00 0.0M
202680.000 1961 COM2 65 0R0 354 0.4 18.6 90.7 1.0033 0.00 0.0M
202740.000 1961 COM2 65 0R0 327 0.5 18.6 90.7 1.0033 0.00 0.0M
202800.000 1961 COM2 65 0R0 344 1.0 18.6 90.6 1.0033 0.00 0.0M
202860.000 1961 COM2 65 0R0 340 1.1 18.6 90.6 1.0033 0.00 0.0M
202920.000 1961 COM2 65 0R0 306 0.5 18.6 90.6 1.0033 0.00 0.0M
202980.000 1961 COM2 65 0R0 070 0.2 18.6 90.6 1.0033 0.00 0.0M
203040.000 1961 COM2 65 0R0 347 0.4 18.6 90.6 1.0033 0.00 0.0M
203100.000 1961 COM2 65 0R0 329 0.3 18.6 90.5 1.0033 0.00 0.0M
203160.000 1961 COM2 65 0R0 281 1.2 18.6 90.7 1.0033 0.00 0.0M
203220.000 1961 COM2 65 0R0 322 0.7 18.6 90.8 1.0033 0.00 0.0M
203280.000 1961 COM2 65 0R0 145 0.4 18.6 90.8 1.0033 0.00 0.0M
203340.000 1961 COM2 65 0R0 267 0.5 18.6 90.8 1.0034 0.00 0.0M
203400.000 1961 COM2 65 0R0 264 0.6 18.7 90.8 1.0033 0.00 0.0M
203460.000 1961 COM2 65 0R0 345 0.3 18.7 90.8 1.0033 0.00 0.0M
203520.000 1961 COM2 65 0R0 237 0.2 18.7 90.9 1.0033 0.00 0.0M
203580.000 1961 COM2 65 0R0 257 0.3 18.7 90.8 1.0032 0.00 0.0M
203640.000 1961 COM2 65 0R0 292 0.6 18.7 90.8 1.0032 0.00 0.0M
203700.000 1961 COM2 65 0R0 143 0.2 18.7 90.9 1.0032 0.00 0.0M
203760.000 1961 COM2 65 0R0 205 0.4 18.7 90.9 1.0032 0.00 0.0M
203820.000 1961 COM2 65 0R0 259 0.8 18.7 90.9 1.0032 0.00 0.0M
203880.000 1961 COM2 65 0R0 167 0.3 18.7 90.8 1.0032 0.00 0.0M
203940.000 1961 COM2 65 0R0 061 0.2 18.7 90.8 1.0032 0.00 0.0M
204000.000 1961 COM2 65 0R0 020 0.1 18.7 90.8 1.0032 0.00 0.0M
204060.000 1961 COM2 65 0R0 348 1.0 18.7 90.8 1.0032 0.00 0.0M
204120.000 1961 COM2 65 0R0 295 0.5 18.7 90.8 1.0032 0.00 0.0M
204180.000 1961 COM2 65 0R0 336 0.1 18.7 90.8 1.0032 0.00 0.0M
204240.000 1961 COM2 65 0R0 193 0.2 18.7 90.8 1.0033 0.00 0.0M
204300.000 1961 COM2 65 0R0 304 0.4 18.7 91.0 1.0033 0.00 0.0M
204360.000 1961 COM2 65 0R0 273 0.2 18.7 91.0 1.0032 0.00 0.0M
204420.000 1961 COM2 65 0R0 016 0.3 18.7 91.0 1.0032 0.00 0.0M
204480.000 1961 COM2 65 0R0 335 0.5 18.7 90.9 1.0032 0.00 0.0M
204540.000 1961 COM2 65 0R0 199 0.2 18.7 91.0 1.0032 0.00 0.0M
204600.000 1961 COM2 65 0R0 322 0.4 18.7 90.8 1.0032 0.00 0.0M
204660.000 1961 COM2 65 0R0 308 0.1 18.7 90.9 1.0033 0.00 0.0M
204720.000 1961 COM2 65 0R0 245 0.3 18.7 90.8 1.0033 0.00 0.0M
204780.000 1961 COM2 65 0R0 282 1.3 18.7 90.9 1.0033 0.00 0.0M
204840.000 1961 COM2 65 0R0 284 0.5 18.7 90.9 1.0033 0.00 0.0M
204900.000 1961 COM2 65 0R0 205 0.2 18.7 90.9 1.0033 0.00 0.0M
204960.000 1961 COM2 65 0R0 077 0.1 18.7 90.9 1.0033 0.00 0.0M
205020.000 1961 COM2 65 0R0 259 0.5 18.7 90.9 1.0033 0.00 0.0M
205080.000 1961 COM2 65 0R0 259 0.1 18.7 90.9 1.0033 0.00 0.0M
205140.000 1961 COM2 65 0R0 336 0.4 18.7 90.9 1.0033 0.00 0.0M
205200.000 1961 COM2 65 0R0 047 0.2 18.7 90.8 1.0033 0.00 0.0M
205260.000 1961 COM2 65 0R0 269 0.3 18.7 90.9 1.0032 0.00 0.0M
205320.100 1961 COM2 65 0R0 331 0.3 18.7 90.8 1.0032 0.00 0.0M
205380.000 1961 COM2 65 0R0 248 0.6 18.7 90.8 1.0032 0.00 0.0M
205440.000 1961 COM2 65 0R0 299 0.3 18.7 90.9 1.0032 0.00 0.0M
205500.000 1961 COM2 65 0R0 269 0.8 18.7 90.8 1.0031 0.00 0.0M
205560.000 1961 COM2 65 0R0 323 0.1 18.7 90.9 1.0031 0.00 0.0M
205620.000 1961 COM2 65 0R0 288 0.2 18.7 90.9 1.0030 0.00 0.0M
205680.000 1961 COM2 65 0R0 144 0.2 18.7 91.0 1.0030 0.00 0.0M
205740.000 1961 COM2 65 0R0 163 0.6 18.7 91.0 1.0030 0.00 0.0M
205800.000 1961 COM2 65 0R0 245 0.3 18.7 91.0 1.0030 0.00 0.0M
205860.000 1961 COM2 65 0R0 211 0.7 18.7 91.0 1.0030 0.00 0.0M
205920.000 1961 COM2 65 0R0 186 0.8 18.7 90.7 1.0030 0.00 0.0M
205980.000 1961 COM2 65 0R0 151 0.2 18.7 90.7 1.0030 0.00 0.0M
206040.000 1961 COM2 65 0R0 094 0.3 18.7 90.7 1.0030 0.00 0.0M
206100.000 1961 COM2 65 0R0 146 0.2 18.7 90.6 1.0030 0.00 0.0M
206160.000 1961 COM2 65 0R0 195 0.4 18.8 90.5 1.0030 0.00 0.0M
206220.000 1961 COM2 65 0R0 171 0.2 18.8 90.3 1.0030 0.00 0.0M
206280.000 1961 COM2 65 0R0 187 0.7 18.8 90.2 1.0030 0.00 0.0M
206340.000 1961 COM2 65 0R0 270 0.4 18.8 90.2 1.0030 0.00 0.0M
206400.000 1961 COM2 65 0R0 218 0.7 18.8 90.3 1.0031 0.00 0.0M
206460.000 1961 COM2 65 0R0 217 0.9 18.8 90.3 1.0031 0.00 0.0M
206520.000 1961 COM2 65 0R0 195 0.8 18.8 90.5 1.0032 0.00 0.0M
206580.000 1961 COM2 65 0R0 288 0.4 18.8 90.6 1.0032 0.00 0.0M
206640.000 1961 COM2 65 0R0 229 0.5 18.8 90.7 1.0032 0.00 0.0M
206700.000 1961 COM2 65 0R0 134 0.6 18.8 90.8 1.0032 0.00 0.0M
206760.000 1961 COM2 65 0R0 186 0.6 18.8 90.7 1.0032 0.00 0.0M
206820.000 1961 COM2 65 0R0 154 0.3 18.8 90.8 1.0032 0.00 0.0M
206880.000 1961 COM2 65 0R0 187 1.0 18.8 90.7 1.0032 0.00 0.0M
206940.000 1961 COM2 65 0R0 174 0.7 18.8 90.7 1.0032 0.00 0.0M
207000.000 1961 COM2 65 0R0 124 0.3 18.8 90.6 1.0032 0.00 0.0M
207060.000 1961 COM2 65 0R0 106 0.2 18.7 90.5 1.0032 0.00 0.0M
207120.100 1961 COM2 65 0R0 073 0.2 18.7 90.6 1.0032 0.00 0.0M
207180.000 1961 COM2 65 0R0 132 0.4 18.7 90.6 1.0032 0.00 0.0M
207240.000 1961 COM2 65 0R0 305 0.3 18.7 90.4 1.0032 0.00 0.0M
207300.000 1961 COM2 65 0R0 110 0.3 18.7 90.5 1.0032 0.00 0.0M
207360.000 1961 COM2 65 0R0 353 0.3 18.7 90.7 1.0033 0.00 0.0M
207420.000 1961 COM2 65 0R0 162 0.8 18.8 90.7 1.0033 0.00 0.0M
207480.000 1961 COM2 65 0R0 193 1.2 18.7 90.9 1.0033 0.00 0.0M
207540.000 1961 COM2 65 0R0 198 1.2 18.7 91.0 1.0033 0.00 0.0M
207600.000 1961 COM2 65 0R0 195 0.8 18.7 91.1 1.0033 0.00 0.0M
207660.000 1961 COM2 65 0R0 219 0.5 18.7 90.9 1.0033 0.00 0.0M
207720.000 1961 COM2 65 0R0 242 0.5 18.6 91.0 1.0034 0.00 0.0M
207780.000 1961 COM2 65 0R0 294 0.7 18.7 91.2 1.0034 0.00 0.0M
207840.000 1961 COM2 65 0R0 251 0.5 18.7 91.3 1.0034 0.00 0.0M
207900.100 1961 COM2 65 0R0 287 0.5 18.6 91.3 1.0035 0.00 0.0M
207960.000 1961 COM2 65 0R0 238 1.2 18.7 91.3 1.0035 0.00 0.0M
208020.000 1961 COM2 65 0R0 218 0.3 18.7 91.4 1.0034 0.00 0.0M
208080.000 1961 COM2 65 0R0 270 0.3 18.7 91.5 1.0035 0.00 0.0M
208140.000 1961 COM2 65 0R0 276 0.9 18.7 91.5 1.0034 0.00 0.0M
208200.000 1961 COM2 65 0R0 255 0.6 18.7 91.5 1.0034 0.00 0.0M
208260.000 1961 COM2 65 0R0 213 0.2 18.7 91.5 1.0034 0.00 0.0M
208320.000 1961 COM2 65 0R0 189 0.1 18.7 91.5 1.0035 0.00 0.0M
208380.000 1961 COM2 65 0R0 236 0.5 18.7 91.6 1.0035 0.00 0.0M
208440.000 1961 COM2 65 0R0 293 0.5 18.6 91.6 1.0035 0.00 0.0M
208500.000 1961 COM2 65 0R0 246 0.3 18.7 91.7 1.0035 0.00 0.0M
208560.000 1961 COM2 65 0R0 282 0.8 18.6 91.7 1.0035 0.00 0.0M
208620.000 1961 COM2 65 0R0 265 0.7 18.6 91.7 1.0036 0.00 0.0M
208680.000 1961 COM2 65 0R0 283 1.4 18.6 91.7 1.0036 0.00 0.0M
208740.000 1961 COM2 65 0R0 005 0.4 18.6 91.8 1.0036 0.00 0.0M
208800.000 1961 COM2 65 0R0 149 0.4 18.6 91.9 1.0036 0.00 0.0M
208860.000 1961 COM2 65 0R0 264 1.4 18.6 91.8 1.0036 0.00 0.0M
208920.000 1961 COM2 65 0R0 245 1.4 18.6 91.8 1.0036 0.00 0.0M
208980.000 1961 COM2 65 0R0 283 0.9 18.6 91.8 1.0036 0.00 0.0M
209040.000 1961 COM2 65 0R0 245 0.6 18.6 91.8 1.0036 0.00 0.0M
209100.000 1961 COM2 65 0R0 283 1.2 18.6 91.9 1.0036 0.00 0.0M
209160.000 1961 COM2 65 0R0 296 1.0 18.6 91.9 1.0035 0.00 0.0M
209220.000 1961 COM2 65 0R0 283 0.9 18.6 91.9 1.0035 0.00 0.0M
209280.000 1961 COM2 65 0R0 263 1.0 18.6 91.8 1.0036 0.00 0.0M
209340.000 1961 COM2 65 0R0 279 1.8 18.6 91.9 1.0036 0.00 0.0M
209400.000 1961 COM2 65 0R0 299 1.4 18.5 91.9 1.0036 0.00 0.0M
209460.000 1961 COM2 65 0R0 313 0.5 18.5 91.9 1.0035 0.00 0.0M
209520.000 1961 COM2 65 0R0 292 1.9 18.5 91.9 1.0035 0.00 0.0M
209580.000 1961 COM2 65 0R0 292 1.2 18.5 91.9 1.0036 0.00 0.0M
209640.000 1961 COM2 65 0R0 299 1.5 18.5 91.9 1.0036 0.00 0.0M
209700.000 1961 COM2 65 0R0 216 0.3 18.5 91.9 1.0036 0.00 0.0M
209760.000 1961 COM2 65 0R0 268 0.9 18.5 91.9 1.0036 0.00 0.0M
209820.000 1961 COM2 65 0R0 283 0.8 18.5 91.9 1.0036 0.00 0.0M
209880.000 1961 COM2 65 0R0 270 0.8 18.5 91.9 1.0036 0.00 0.0M
209940.000 1961 COM2 65 0R0 248 0.5 18.5 92.0 1.0037 0.00 0.0M
210000.000 1961 COM2 65 0R0 281 1.3 18.5 91.9 1.0037 0.00 0.0M
210060.100 1961 COM2 65 0R0 249 0.6 18.5 91.9 1.0037 0.00 0.0M
210120.000 1961 COM2 65 0R0 240 0.5 18.5 92.0 1.0038 0.00 0.0M
210180.000 1961 COM2 65 0R0 265 0.6 18.5 92.0 1.0038 0.00 0.0M
210240.000 1961 COM2 65 0R0 280 1.0 18.5 92.0 1.0038 0.00 0.0M
210300.000 1961 COM2 65 0R0 267 1.4 18.5 92.0 1.0038 0.00 0.0M
210360.000 1961 COM2 65 0R0 305 1.4 18.5 91.9 1.0037 0.00 0.0M
210420.000 1961 COM2 65 0R0 284 0.7 18.5 91.9 1.0037 0.00 0.0M
210480.000 1961 COM2 65 0R0 242 0.7 18.5 91.9 1.0037 0.00 0.0M
210540.000 1961 COM2 65 0R0 297 2.1 18.5 91.9 1.0037 0.00 0.0M
210600.000 1961 COM2 65 0R0 289 1.9 18.5 91.8 1.0037 0.00 0.0M
210660.000 1961 COM2 65 0R0 279 3.0 18.5 91.7 1.0037 0.00 0.0M
210720.000 1961 COM2 65 0R0 263 1.5 18.5 91.7 1.0037 0.00 0.0M
210780.000 1961 COM2 65 0R0 318 1.3 18.5 91.7 1.0037 0.00 0.0M
210840.000 1961 COM2 65 0R0 299 2.1 18.5 91.6 1.0036 0.00 0.0M
210900.000 1961 COM2 65 0R0 235 0.4 18.5 91.6 1.0036 0.00 0.0M
210960.000 1961 COM2 65 0R0 295 1.3 18.5 91.6 1.0036 0.00 0.0M
211020.000 1961 COM2 65 0R0 309 1.8 18.5 91.7 1.0036 0.00 0.0M
211080.000 1961 COM2 65 0R0 278 2.6 18.5 91.6 1.0036 0.00 0.0M
211140.000 1961 COM2 65 0R0 286 1.7 18.5 91.5 1.0036 0.00 0.0M
211200.000 1961 COM2 65 0R0 288 1.8 18.5 91.5 1.0036 0.00 0.0M
211260.000 1961 COM2 65 0R0 299 1.2 18.5 91.4 1.0036 0.00 0.0M
211320.000 1961 COM2 65 0R0 276 0.5 18.5 91.5 1.0035 0.00 0.0M
211380.000 1961 COM2 65 0R0 295 1.6 18.5 91.5 1.0035 0.00 0.0M
211440.000 1961 COM2 65 0R0 315 1.2 18.5 91.5 1.0035 0.00 0.0M
211500.000 1961 COM2 65 0R0 229 0.3 18.5 91.4 1.0035 0.00 0.0M
211560.000 1961 COM2 65 0R0 099 0.3 18.5 91.4 1.0035 0.00 0.0M
211620.000 1961 COM2 65 0R0 297 0.8 18.5 91.4 1.0036 0.00 0.0M
211680.000 1961 COM2 65 0R0 297 0.9 18.5 91.4 1.0036 0.00 0.0M
211740.000 1961 COM2 65 0R0 290 1.7 18.5 91.4 1.0036 0.00 0.0M
211800.000 1961 COM2 65 0R0 299 1.5 18.5 91.4 1.0036 0.00 0.0M
211860.000 1961 COM2 65 0R0 297 1.2 18.5 91.5 1.0037 0.00 0.0M
211920.000 1961 COM2 65 0R0 305 1.5 18.5 91.4 1.0037 0.00 0.0M
211980.000 1961 COM2 65 0R0 298 3.0 18.5 91.4 1.0037 0.00 0.0M
212040.000 1961 COM2 65 0R0 107 0.5 18.5 91.3 1.0038 0.00 0.0M
212100.000 1961 COM2 65 0R0 296 1.9 18.5 91.4 1.0038 0.00 0.0M
212160.000 1961 COM2 65 0R0 270 0.7 18.5 91.3 1.0038 0.00 0.0M
212220.000 1961 COM2 65 0R0 283 1.3 18.5 91.2 1.0038 0.00 0.0M
212280.000 1961 COM2 65 0R0 326 0.7 18.5 91.2 1.0038 0.00 0.0M
212340.000 1961 COM2 65 0R0 272 0.6 18.5 91.2 1.0038 0.00 0.0M
212400.000 1961 COM2 65 0R0 273 1.9 18.5 91.1 1.0038 0.00 0.0M
212460.000 1961 COM2 65 0R0 293 0.7 18.5 91.1 1.0038 0.00 0.0M
212520.000 1961 COM2 65 0R0 287 2.8 18.5 90.9 1.0038 0.00 0.0M
212580.000 1961 COM2 65 0R0 292 2.9 18.5 90.8 1.0039 0.00 0.0M
212640.000 1961 COM2 65 0R0 315 0.3 18.6 90.7 1.0039 0.00 0.0M
212700.000 1961 COM2 65 0R0 335 0.2 18.6 90.6 1.0040 0.00 0.0M
212760.000 1961 COM2 65 0R0 294 0.7 18.6 90.5 1.0040 0.00 0.0M
212820.000 1961 COM2 65 0R0 264 1.2 18.6 90.4 1.0039 0.00 0.0M
212880.000 1961 COM2 65 0R0 332 0.3 18.6 90.2 1.0039 0.00 0.0M
212940.000 1961 COM2 65 0R0 046 0.4 18.6 90.3 1.0040 0.00 0.0M
213000.000 1961 COM2 65 0R0 261 1.1 18.6 90.2 1.0040 0.00 0.0M
213060.000 1961 COM2 65 0R0 147 0.7 18.7 89.9 1.0040 0.00 0.0M
213120.000 1961 COM2 65 0R0 344 1.3 18.7 89.8 1.0040 0.00 0.0M
213180.000 1961 COM2 65 0R0 326 1.0 18.7 89.1 1.0040 0.00 0.0M
213240.100 1961 COM2 65 0R0 300 0.4 18.7 89.1 1.0040 0.00 0.0M
213300.000 1961 COM2 65 0R0 296 2.7 18.7 88.8 1.0040 0.00 0.0M
213360.100 1961 COM2 65 0R0 346 1.0 18.7 88.5 1.0040 0.00 0.0M
213420.000 1961 COM2 65 0R0 028 1.8 18.8 88.8 1.0040 0.00 0.0M
213480.000 1961 COM2 65 0R0 126 1.7 18.8 88.7 1.0040 0.00 0.0M
213540.000 1961 COM2 65 0R0 353 0.6 18.8 88.5 1.0040 0.00 0.0M
213600.000 1961 COM2 65 0R0 034 0.5 18.8 88.1 1.0040 0.00 0.0M
213660.000 1961 COM2 65 0R0 289 1.3 18.8 88.1 1.0041 0.00 0.0M
213720.000 1961 COM2 65 0R0 341 0.4 18.8 88.1 1.0041 0.00 0.0M
213780.000 1961 COM2 65 0R0 306 0.7 18.8 88.3 1.0041 0.00 0.0M
213840.000 1961 COM2 65 0R0 334 0.3 18.9 88.2 1.0041 0.00 0.0M
213900.000 1961 COM2 65 0R0 192 0.2 18.9 88.2 1.0041 0.00 0.0M
213960.000 1961 COM2 65 0R0 342 2.8 18.9 88.0 1.0041 0.00 0.0M
214020.000 1961 COM2 65 0R0 283 0.3 18.9 87.6 1.0041 0.00 0.0M
214080.000 1961 COM2 65 0R0 334 2.3 18.9 87.3 1.0041 0.00 0.0M
214140.000 1961 COM2 65 0R0 232 0.1 18.9 87.3 1.0041 0.00 0.0M
214200.000 1961 COM2 65 0R0 332 1.1 18.9 87.6 1.0041 0.00 0.0M
214260.000 1961 COM2 65 0R0 308 2.3 18.9 87.6 1.0042 0.00 0.0M
214320.000 1961 COM2 65 0R0 291 0.2 18.9 87.7 1.0042 0.00 0.0M
214380.000 1961 COM2 65 0R0 216 0.4 18.9 87.9 1.0042 0.00 0.0M
214440.000 1961 COM2 65 0R0 020 0.2 18.9 87.3 1.0042 0.00 0.0M
214500.000 1961 COM2 65 0R0 037 0.9 18.9 87.5 1.0043 0.00 0.0M
214560.000 1961 COM2 65 0R0 024 1.9 18.9 86.7 1.0043 0.00 0.0M
214620.000 1961 COM2 65 0R0 341 2.7 18.9 86.8 1.0043 0.00 0.0M
214680.000 1961 COM2 65 0R0 315 1.5 18.9 87.5 1.0044 0.00 0.0M
214740.000 1961 COM2 65 0R0 091 0.5 18.9 87.6 1.0044 0.00 0.0M
214800.000 1961 COM2 65 0R0 231 0.4 18.9 87.0 1.0044 0.00 0.0M
214860.000 1961 COM2 65 0R0 334 1.6 18.9 87.0 1.0044 0.00 0.0M
214920.000 1961 COM2 65 0R0 324 1.5 18.9 86.9 1.0044 0.00 0.0M
214980.000 1961 COM2 65 0R0 337 2.1 18.9 86.7 1.0045 0.00 0.0M
215040.000 1961 COM2 65 0R0 306 2.0 18.9 85.8 1.0045 0.00 0.0M
215100.000 1961 COM2 65 0R0 008 1.6 18.9 85.8 1.0045 0.00 0.0M
215160.000 1961 COM2 65 0R0 038 1.4 18.9 86.4 1.0045 0.00 0.0M
215220.000 1961 COM2 65 0R0 329 0.8 18.9 86.0 1.0045 0.00 0.0M
215280.000 1961 COM2 65 0R0 297 0.9 18.9 86.3 1.0045 0.00 0.0M
215340.000 1961 COM2 65 0R0 350 0.8 18.9 85.8 1.0045 0.00 0.0M
215400.000 1961 COM2 65 0R0 358 1.4 18.9 85.4 1.0045 0.00 0.0M
215460.000 1961 COM2 65 0R0 326 0.9 18.9 86.0 1.0045 0.00 0.0M
215520.000 1961 COM2 65 0R0 054 0.5 18.9 86.1 1.0045 0.00 0.0M
215580.000 1961 COM2 65 0R0 155 0.4 18.9 85.9 1.0045 0.00 0.0M
215640.000 1961 COM2 65 0R0 343 2.3 18.9 85.8 1.0045 0.00 0.0M
215700.000 1961 COM2 65 0R0 349 2.0 18.9 85.8 1.0045 0.00 0.0M
215760.000 1961 COM2 65 0R0 357 0.5 18.9 86.1 1.0045 0.00 0.0M
215820.000 1961 COM2 65 0R0 051 0.3 19.0 86.0 1.0045 0.00 0.0M
215880.000 1961 COM2 65 0R0 279 0.6 19.0 85.8 1.0045 0.00 0.0M
215940.000 1961 COM2 65 0R0 312 0.7 19.0 85.8 1.0045 0.00 0.0M
216000.000 1961 COM2 65 0R0 085 0.2 19.0 85.0 1.0045 0.00 0.0M
216060.000 1961 COM2 65 0R0 247 0.2 19.0 85.3 1.0045 0.00 0.0M
216120.000 1961 COM2 65 0R0 023 2.1 19.0 84.4 1.0045 0.00 0.0M
216180.000 1961 COM2 65 0R0 002 0.6 19.0 84.7 1.0045 0.00 0.0M
216240.000 1961 COM2 65 0R0 045 1.4 19.0 85.0 1.0045 0.00 0.0M
216300.100 1961 COM2 65 0R0 083 0.2 19.0 84.9 1.0046 0.00 0.0M
216360.000 1961 COM2 65 0R0 292 0.9 19.1 84.5 1.0046 0.00 0.0M
216420.000 1961 COM2 65 0R0 295 1.8 19.1 84.1 1.0046 0.00 0.0M
216480.000 1961 COM2 65 0R0 322 2.8 19.1 82.4 1.0047 0.00 0.0M
216540.000 1961 COM2 65 0R0 039 0.5 19.1 82.5 1.0047 0.00 0.0M
216600.000 1961 COM2 65 0R0 030 1.3 19.2 83.0 1.0047 0.00 0.0M
216660.000 1961 COM2 65 0R0 003 1.5 19.2 81.5 1.0047 0.00 0.0M
216720.000 1961 COM2 65 0R0 359 0.8 19.2 82.4 1.0047 0.00 0.0M
216780.100 1961 COM2 65 0R0 335 0.9 19.2 82.4 1.0048 0.00 0.0M
216840.000 1961 COM2 65 0R0 014 0.6 19.2 82.0 1.0048 0.00 0.0M
216900.000 1961 COM2 65 0R0 185 0.6 19.3 82.7 1.0048 0.00 0.0M
216960.000 1961 COM2 65 0R0 298 1.1 19.4 82.5 1.0048 0.00 0.0M
217020.000 1961 COM2 65 0R0 336 2.0 19.5 81.3 1.0048 0.00 0.0M
217080.000 1961 COM2 65 0R0 272 0.8 19.5 80.3 1.0048 0.00 0.0M
217140.000 1961 COM2 65 0R0 342 1.8 19.5 81.0 1.0049 0.00 0.0M
217200.000 1961 COM2 65 0R0 022 2.0 19.6 80.1 1.0049 0.00 0.0M
217260.100 1961 COM2 65 0R0 005 1.7 19.6 80.1 1.0049 0.00 0.0M
217320.000 1961 COM2 65 0R0 336 1.8 19.6 80.3 1.0049 0.00 0.0M
217380.000 1961 COM2 65 0R0 337 2.8 19.6 80.0 1.0049 0.00 0.0M
217440.100 1961 COM2 65 0R0 338 0.8 19.5 80.0 1.0049 0.00 0.0M
217500.000 1961 COM2 65 0R0 325 0.2 19.5 80.8 1.0049 0.00 0.0M
217560.100 1961 COM2 65 0R0 348 1.9 19.5 79.3 1.0049 0.00 0.0M
217620.000 1961 COM2 65 0R0 357 2.6 19.5 80.0 1.0049 0.00 0.0M
217680.000 1961 COM2 65 0R0 023 1.8 19.5 79.7 1.0049 0.00 0.0M
217740.000 1961 COM2 65 0R0 341 3.6 19.4 79.2 1.0049 0.00 0.0M
217800.000 1961 COM2 65 0R0 347 0.6 19.4 79.8 1.0049 0.00 0.0M
217860.000 1961 COM2 65 0R0 353 1.1 19.4 80.2 1.0049 0.00 0.0M
217920.000 1961 COM2 65 0R0 001 0.6 19.4 80.4 1.0049 0.00 0.0M
217980.000 1961 COM2 65 0R0 012 0.6 19.4 80.9 1.0049 0.00 0.0M
218040.100 1961 COM2 65 0R0 045 2.1 19.5 80.8 1.0049 0.00 0.0M
218100.000 1961 COM2 65 0R0 091 1.0 19.5 80.0 1.0049 0.00 0.0M
218160.000 1961 COM2 65 0R0 345 0.7 19.6 80.8 1.0049 0.00 0.0M
218220.000 1961 COM2 65 0R0 319 1.5 19.6 79.4 1.0049 0.00 0.0M
218280.000 1961 COM2 65 0R0 347 1.1 19.6 80.1 1.0049 0.00 0.0M
218340.000 1961 COM2 65 0R0 064 2.3 19.7 80.0 1.0049 0.00 0.0M
218400.000 1961 COM2 65 0R0 004 1.6 19.7 79.2 1.0049 0.00 0.0M
218460.000 1961 COM2 65 0R0 057 0.3 19.7 79.4 1.0049 0.00 0.0M
218520.000 1961 COM2 65 0R0 340 2.4 19.7 79.0 1.0049 0.00 0.0M
218580.000 1961 COM2 65 0R0 339 3.3 19.7 78.1 1.0049 0.00 0.0M
218640.000 1961 COM2 65 0R0 022 2.1 19.7 79.3 1.0049 0.00 0.0M
218700.000 1961 COM2 65 0R0 054 1.2 19.6 79.3 1.0049 0.00 0.0M
218760.000 1961 COM2 65 0R0 342 0.6 19.7 80.0 1.0049 0.00 0.0M
218820.000 1961 COM2 65 0R0 002 1.0 19.8 79.7 1.0049 0.00 0.0M
218880.000 1961 COM2 65 0R0 016 2.0 19.8 77.7 1.0049 0.00 0.0M
218940.000 1961 COM2 65 0R0 052 1.5 19.8 78.3 1.0049 0.00 0.0M
219000.000 1961 COM2 65 0R0 013 1.7 19.8 78.6 1.0049 0.00 0.0M
219060.000 1961 COM2 65 0R0 342 2.1 19.9 77.2 1.0049 0.00 0.0M
219120.000 1961 COM2 65 0R0 350 2.8 19.9 77.4 1.0050 0.00 0.0M
219180.000 1961 COM2 65 0R0 332 2.3 19.9 77.2 1.0050 0.00 0.0M
219240.000 1961 COM2 65 0R0 329 2.8 19.9 77.1 1.0050 0.00 0.0M
219300.000 1961 COM2 65 0R0 002 0.3 19.8 78.1 1.0050 0.00 0.0M
219360.000 1961 COM2 65 0R0 265 0.2 19.9 78.1 1.0050 0.00 0.0M
219420.000 1961 COM2 65 0R0 306 0.9 19.9 78.2 1.0050 0.00 0.0M
219480.000 1961 COM2 65 0R0 333 1.1 20.0 77.5 1.0050 0.00 0.0M
219540.000 1961 COM2 65 0R0 337 1.3 20.0 77.4 1.0050 0.00 0.0M
219600.000 1961 COM2 65 0R0 343 3.8 20.0 76.2 1.0050 0.00 0.0M
219660.000 1961 COM2 65 0R0 345 3.4 19.9 77.1 1.0051 0.00 0.0M
219720.100 1961 COM2 65 0R0 011 2.4 19.9 76.1 1.0051 0.00 0.0M
219780.000 1961 COM2 65 0R0 008 0.9 19.8 76.3 1.0051 0.00 0.0M
219840.000 1961 COM2 65 0R0 339 0.3 19.8 76.9 1.0050 0.00 0.0M
219900.100 1961 COM2 65 0R0 087 0.5 19.8 77.8 1.0050 0.00 0.0M
219960.000 1961 COM2 65 0R0 053 1.3 19.8 77.5 1.0050 0.00 0.0M
220020.000 1961 COM2 65 0R0 253 0.4 19.8 77.7 1.0050 0.00 0.0M
220080.000 1961 COM2 65 0R0 354 1.5 19.9 75.8 1.0050 0.00 0.0M
220140.000 1961 COM2 65 0R0 045 2.7 19.9 76.8 1.0050 0.00 0.0M
220200.100 1961 COM2 65 0R0 124 0.8 19.9 78.4 1.0049 0.00 0.0M
220260.000 1961 COM2 65 0R0 344 0.3 20.0 76.6 1.0049 0.00 0.0M
220320.000 1961 COM2 65 0R0 359 1.5 20.0 76.2 1.0049 0.00 0.0M
220380.000 1961 COM2 65 0R0 350 0.9 20.0 76.7 1.0049 0.00 0.0M
220440.000 1961 COM2 65 0R0 027 2.1 19.9 77.2 1.0049 0.00 0.0M
220500.000 1961 COM2 65 0R0 303 0.3 19.9 77.3 1.0050 0.00 0.0M
220560.100 1961 COM2 65 0R0 352 1.7 19.9 77.6 1.0050 0.00 0.0M
220620.000 1961 COM2 65 0R0 336 2.4 19.9 77.6 1.0050 0.00 0.0M
220680.000 1961 COM2 65 0R0 344 3.6 19.9 75.8 1.0050 0.00 0.0M
220740.000 1961 COM2 65 0R0 041 0.6 19.9 76.5 1.0051 0.00 0.0M
220800.000 1961 COM2 65 0R0 303 2.3 19.9 75.5 1.0051 0.00 0.0M
220860.000 1961 COM2 65 0R0 008 1.7 19.9 76.6 1.0051 0.00 0.0M
220920.000 1961 COM2 65 0R0 042 1.3 19.9 76.4 1.0052 0.00 0.0M
220980.000 1961 COM2 65 0R0 341 0.9 19.8 76.4 1.0052 0.00 0.0M
221040.000 1961 COM2 65 0R0 066 0.5 19.8 76.8 1.0052 0.00 0.0M
221100.000 1961 COM2 65 0R0 324 0.2 19.9 77.3 1.0053 0.00 0.0M
221160.000 1961 COM2 65 0R0 040 2.0 19.9 77.0 1.0053 0.00 0.0M
221220.000 1961 COM2 65 0R0 347 1.0 19.9 77.0 1.0053 0.00 0.0M
221280.000 1961 COM2 65 0R0 039 3.1 20.0 76.4 1.0053 0.00 0.0M
221340.000 1961 COM2 65 0R0 053 0.2 19.9 76.9 1.0053 0.00 0.0M
221400.000 1961 COM2 65 0R0 351 0.5 19.9 77.0 1.0053 0.00 0.0M
221460.000 1961 COM2 65 0R0 346 2.0 20.0 77.4 1.0053 0.00 0.0M
221520.000 1961 COM2 65 0R0 343 0.8 20.0 74.9 1.0053 0.00 0.0M
221580.000 1961 COM2 65 0R0 340 3.6 20.0 76.2 1.0053 0.00 0.0M
221640.000 1961 COM2 65 0R0 341 0.9 19.9 76.5 1.0054 0.00 0.0M
221700.000 1961 COM2 65 0R0 295 1.1 19.9 76.7 1.0054 0.00 0.0M
221760.000 1961 COM2 65 0R0 274 1.3 19.8 75.9 1.0054 0.00 0.0M
221820.000 1961 COM2 65 0R0 042 1.4 19.9 76.9 1.0054 0.00 0.0M
221880.000 1961 COM2 65 0R0 046 2.0 19.9 77.0 1.0055 0.00 0.0M
221940.000 1961 COM2 65 0R0 324 0.6 19.9 76.9 1.0055 0.00 0.0M
222000.000 1961 COM2 65 0R0 150 0.3 19.9 77.9 1.0055 0.00 0.0M
222060.000 1961 COM2 65 0R0 302 3.8 20.0 76.5 1.0055 0.00 0.0M
222120.000 1961 COM2 65 0R0 013 0.5 20.0 77.2 1.0055 0.00 0.0M
222180.000 1961 COM2 65 0R0 348 1.9 20.0 76.9 1.0056 0.00 0.0M
222240.000 1961 COM2 65 0R0 338 2.2 20.0 76.0 1.0055 0.00 0.0M
222300.000 1961 COM2 65 0R0 066 1.6 20.0 76.8 1.0055 0.00 0.0M
222360.000 1961 COM2 65 0R0 326 1.6 19.9 77.2 1.0054 0.00 0.0M
222420.000 1961 COM2 65 0R0 342 3.0 19.9 76.7 1.0054 0.00 0.0M
222480.000 1961 COM2 65 0R0 008 2.3 19.9 76.1 1.0054 0.00 0.0M
222540.000 1961 COM2 65 0R0 276 1.2 19.9 77.2 1.0054 0.00 0.0M
222600.000 1961 COM2 65 0R0 347 1.3 19.9 76.5 1.0055 0.00 0.0M
222660.000 1961 COM2 65 0R0 096 0.5 19.9 77.6 1.0055 0.00 0.0M
222720.000 1961 COM2 65 0R0 016 1.9 19.9 76.2 1.0055 0.00 0.0M
222780.000 1961 COM2 65 0R0 061 0.6 19.9 76.8 1.0055 0.00 0.0M
222840.000 1961 COM2 65 0R0 339 0.7 20.0 76.4 1.0055 0.00 0.0M
222900.000 1961 COM2 65 0R0 224 0.7 20.0 76.7 1.0055 0.00 0.0M
222960.000 1961 COM2 65 0R0 354 1.4 20.0 76.9 1.0055 0.00 0.0M
223020.000 1961 COM2 65 0R0 294 1.4 20.1 76.1 1.0055 0.00 0.0M
223080.000 1961 COM2 65 0R0 346 2.2 20.1 76.2 1.0055 0.00 0.0M
223140.000 1961 COM2 65 0R0 342 2.7 20.1 76.2 1.0055 0.00 0.0M
223200.000 1961 COM2 65 0R0 304 0.8 20.1 75.3 1.0055 0.00 0.0M
223260.000 1961 COM2 65 0R0 354 2.0 20.1 75.0 1.0055 0.00 0.0M
223320.000 1961 COM2 65 0R0 303 1.2 20.0 76.0 1.0056 0.00 0.0M
223380.000 1961 COM2 65 0R0 289 1.7 20.0 75.9 1.0056 0.00 0.0M
223440.000 1961 COM2 65 0R0 356 1.2 20.0 76.0 1.0056 0.00 0.0M
223500.000 1961 COM2 65 0R0 322 0.8 20.0 76.0 1.0056 0.00 0.0M
223560.000 1961 COM2 65 0R0 342 4.3 20.0 75.2 1.0056 0.00 0.0M
223620.000 1961 COM2 65 0R0 280 1.0 20.0 75.7 1.0056 0.00 0.0M
223680.000 1961 COM2 65 0R0 347 2.2 20.0 75.4 1.0056 0.00 0.0M
223740.000 1961 COM2 65 0R0 346 3.8 20.0 75.3 1.0056 0.00 0.0M
223800.000 1961 COM2 65 0R0 344 3.1 20.0 75.5 1.0056 0.00 0.0M
223860.000 1961 COM2 65 0R0 033 1.7 20.0 75.5 1.0055 0.00 0.0M
223920.000 1961 COM2 65 0R0 034 0.8 20.0 75.8 1.0055 0.00 0.0M
223980.000 1961 COM2 65 0R0 016 0.8 20.0 76.3 1.0056 0.00 0.0M
224040.000 1961 COM2 65 0R0 357 2.5 20.0 75.6 1.0055 0.00 0.0M
224100.000 1961 COM2 65 0R0 342 0.4 20.0 75.8 1.0055 0.00 0.0M
224160.000 1961 COM2 65 0R0 001 0.7 20.0 75.4 1.0055 0.00 0.0M
224220.000 1961 COM2 65 0R0 070 0.7 20.1 76.1 1.0055 0.00 0.0M
224280.000 1961 COM2 65 0R0 326 1.6 20.1 75.9 1.0056 0.00 0.0M
224340.000 1961 COM2 65 0R0 342 2.7 20.2 75.4 1.0056 0.00 0.0M
224400.000 1961 COM2 65 0R0 013 1.6 20.2 74.9 1.0056 0.00 0.0M
224460.000 1961 COM2 65 0R0 030 0.7 20.2 75.3 1.0056 0.00 0.0M
224520.000 1961 COM2 65 0R0 347 1.9 20.2 75.3 1.0056 0.00 0.0M
224580.000 1961 COM2 65 0R0 032 2.4 20.2 75.0 1.0056 0.00 0.0M
224640.000 1961 COM2 65 0R0 350 1.4 20.1 75.5 1.0056 0.00 0.0M
224700.000 1961 COM2 65 0R0 009 0.5 20.2 75.4 1.0056 0.00 0.0M
224760.000 1961 COM2 65 0R0 335 2.2 20.2 74.7 1.0057 0.00 0.0M
224820.000 1961 COM2 65 0R0 008 0.7 20.2 74.7 1.0056 0.00 0.0M
224880.000 1961 COM2 65 0R0 318 2.1 20.3 75.3 1.0057 0.00 0.0M
224940.000 1961 COM2 65 0R0 322 1.7 20.3 74.0 1.0056 0.00 0.0M
225000.000 1961 COM2 65 0R0 353 1.4 20.3 74.9 1.0057 0.00 0.0M
225060.000 1961 COM2 65 0R0 340 2.4 20.3 74.3 1.0057 0.00 0.0M
225120.000 1961 COM2 65 0R0 013 2.7 20.3 74.3 1.0057 0.00 0.0M
225180.000 1961 COM2 65 0R0 343 2.3 20.3 74.1 1.0057 0.00 0.0M
225240.000 1961 COM2 65 0R0 318 1.1 20.2 73.8 1.0058 0.00 0.0M
225300.000 1961 COM2 65 0R0 354 1.5 20.2 74.6 1.0058 0.00 0.0M
225360.000 1961 COM2 65 0R0 344 1.0 20.3 74.8 1.0058 0.00 0.0M
225420.000 1961 COM2 65 0R0 116 0.9 20.3 74.9 1.0058 0.00 0.0M
225480.000 1961 COM2 65 0R0 353 2.1 20.4 73.8 1.0058 0.00 0.0M
225540.000 1961 COM2 65 0R0 040 2.9 20.4 74.1 1.0058 0.00 0.0M
225600.000 1961 COM2 65 0R0 033 1.9 20.4 74.1 1.0057 0.00 0.0M
225660.000 1961 COM2 65 0R0 342 3.8 20.4 74.4 1.0058 0.00 0.0M
225720.000 1961 COM2 65 0R0 322 1.6 20.4 73.8 1.0058 0.00 0.0M
225780.000 1961 COM2 65 0R0 356 1.0 20.5 73.1 1.0058 0.00 0.0M
225840.000 1961 COM2 65 0R0 314 0.8 20.5 72.9 1.0058 0.00 0.0M
225900.000 1961 COM2 65 0R0 344 4.3 20.6 71.6 1.0059 0.00 0.0M
225960.000 1961 COM2 65 0R0 033 2.2 20.5 73.0 1.0059 0.00 0.0M
226020.000 1961 COM2 65 0R0 005 2.7 20.5 72.9 1.0059 0.00 0.0M
226080.000 1961 COM2 65 0R0 012 1.7 20.5 73.0 1.0059 0.00 0.0M
226140.000 1961 COM2 65 0R0 323 1.9 20.6 73.1 1.0059 0.00 0.0M
226200.000 1961 COM2 65 0R0 347 1.6 20.7 72.5 1.0060 0.00 0.0M
226260.000 1961 COM2 65 0R0 355 0.5 20.7 71.8 1.0060 0.00 0.0M
226320.000 1961 COM2 65 0R0 359 0.7 20.7 72.1 1.0060 0.00 0.0M
226380.000 1961 COM2 65 0R0 053 2.0 20.8 72.1 1.0060 0.00 0.0M
226440.000 1961 COM2 65 0R0 019 2.5 20.8 71.8 1.0060 0.00 0.0M
226500.000 1961 COM2 65 0R0 016 1.0 20.9 70.3 1.0060 0.00 0.0M
226560.000 1961 COM2 65 0R0 013 0.8 20.9 71.1 1.0060 0.00 0.0M
226620.000 1961 COM2 65 0R0 022 1.4 20.9 70.6 1.0061 0.00 0.0M
226680.000 1961 COM2 65 0R0 034 1.3 20.9 71.5 1.0061 0.00 0.0M
226740.000 1961 COM2 65 0R0 071 1.0 20.9 71.9 1.0061 0.00 0.0M
226800.000 1961 COM2 65 0R0 001 1.4 21.0 71.6 1.0061 0.00 0.0M
226860.000 1961 COM2 65 0R0 023 1.6 21.1 70.5 1.0062 0.00 0.0M
226920.000 1961 COM2 65 0R0 040 1.3 21.1 71.0 1.0062 0.00 0.0M
226980.000 1961 COM2 65 0R0 041 1.7 21.1 71.1 1.0061 0.00 0.0M
227040.000 1961 COM2 65 0R0 356 1.4 21.1 70.0 1.0061 0.00 0.0M
227100.000 1961 COM2 65 0R0 341 1.5 21.2 71.0 1.0061 0.00 0.0M
227160.000 1961 COM2 65 0R0 010 0.9 21.3 70.7 1.0061 0.00 0.0M
227220.000 1961 COM2 65 0R0 019 2.8 21.4 69.2 1.0061 0.00 0.0M
227280.000 1961 COM2 65 0R0 024 2.6 21.4 68.7 1.0061 0.00 0.0M
227340.000 1961 COM2 65 0R0 009 1.9 21.4 70.0 1.0061 0.00 0.0M
227400.000 1961 COM2 65 0R0 343 3.2 21.4 69.2 1.0061 0.00 0.0M
227460.000 1961 COM2 65 0R0 021 2.1 21.4 68.2 1.0061 0.00 0.0M
227520.000 1961 COM2 65 0R0 027 2.7 21.3 68.7 1.0061 0.00 0.0M
227580.000 1961 COM2 65 0R0 351 2.7 21.3 69.1 1.0061 0.00 0.0M
227640.000 1961 COM2 65 0R0 354 3.1 21.3 68.9 1.0061 0.00 0.0M
227700.000 1961 COM2 65 0R0 061 0.7 21.2 69.2 1.0061 0.00 0.0M
227760.000 1961 COM2 65 0R0 345 4.7 21.3 67.9 1.0061 0.00 0.0M
227820.000 1961 COM2 65 0R0 025 2.3 21.3 68.4 1.0061 0.00 0.0M
227880.000 1961 COM2 65 0R0 000 2.6 21.3 68.4 1.0061 0.00 0.0M
227940.000 1961 COM2 65 0R0 332 2.3 21.3 67.1 1.0061 0.00 0.0M
228000.000 1961 COM2 65 0R0 009 1.7 21.3 68.0 1.0061 0.00 0.0M
228060.000 1961 COM2 65 0R0 028 0.7 21.3 68.3 1.0061 0.00 0.0M
228120.000 1961 COM2 65 0R0 064 0.8 21.3 68.4 1.0061 0.00 0.0M
228180.000 1961 COM2 65 0R0 346 3.9 21.3 68.6 1.0061 0.00 0.0M
228240.000 1961 COM2 65 0R0 093 0.3 21.3 69.0 1.0061 0.00 0.0M
228300.000 1961 COM2 65 0R0 341 1.9 21.3 68.2 1.0062 0.00 0.0M
228360.000 1961 COM2 65 0R0 351 1.8 21.4 68.5 1.0062 0.00 0.0M
228420.000 1961 COM2 65 0R0 015 2.0 21.5 68.9 1.0062 0.00 0.0M
228480.000 1961 COM2 65 0R0 029 1.6 21.6 67.3 1.0062 0.00 0.0M
228540.000 1961 COM2 65 0R0 004 2.8 21.6 66.9 1.0062 0.00 0.0M
228600.000 1961 COM2 65 0R0 011 3.4 21.6 66.6 1.0063 0.00 0.0M
228660.000 1961 COM2 65 0R0 005 3.1 21.6 66.6 1.0063 0.00 0.0M
228720.000 1961 COM2 65 0R0 033 1.1 21.6 66.4 1.0063 0.00 0.0M
228780.000 1961 COM2 65 0R0 230 0.4 21.7 66.8 1.0062 0.00 0.0M
228840.000 1961 COM2 65 0R0 025 2.7 21.8 66.4 1.0062 0.00 0.0M
228900.000 1961 COM2 65 0R0 020 1.6 21.9 67.1 1.0062 0.00 0.0M
228960.000 1961 COM2 65 0R0 336 2.1 22.0 65.9 1.0062 0.00 0.0M
229020.000 1961 COM2 65 0R0 032 5.3 22.1 66.1 1.0062 0.00 0.0M
229080.000 1961 COM2 65 0R0 008 1.9 22.2 66.1 1.0062 0.00 0.0M
229140.000 1961 COM2 65 0R0 035 1.9 22.3 64.8 1.0062 0.00 0.0M
229200.000 1961 COM2 65 0R0 139 0.5 22.3 66.4 1.0062 0.00 0.0M
229260.000 1961 COM2 65 0R0 002 1.4 22.3 65.1 1.0062 0.00 0.0M
229320.000 1961 COM2 65 0R0 003 1.4 22.4 65.3 1.0062 0.00 0.0M
229380.000 1961 COM2 65 0R0 359 2.6 22.3 64.3 1.0062 0.00 0.0M
229440.000 1961 COM2 65 0R0 005 1.8 22.1 64.8 1.0063 0.00 0.0M
229500.000 1961 COM2 65 0R0 013 2.6 22.1 64.9 1.0063 0.00 0.0M
229560.000 1961 COM2 65 0R0 017 3.2 22.1 64.8 1.0063 0.00 0.0M
229620.000 1961 COM2 65 0R0 035 1.9 22.2 64.3 1.0063 0.00 0.0M
229680.100 1961 COM2 65 0R0 057 2.2 22.2 64.8 1.0063 0.00 0.0M
229740.000 1961 COM2 65 0R0 022 4.3 22.2 63.4 1.0063 0.00 0.0M
229800.000 1961 COM2 65 0R0 343 2.3 22.1 64.7 1.0063 0.00 0.0M
229860.000 1961 COM2 65 0R0 023 3.3 22.0 63.7 1.0063 0.00 0.0M
229920.000 1961 COM2 65 0R0 032 0.5 22.0 64.2 1.0063 0.00 0.0M
229980.000 1961 COM2 65 0R0 039 1.9 21.9 65.0 1.0063 0.00 0.0M
230040.100 1961 COM2 65 0R0 017 2.4 21.9 65.6 1.0063 0.00 0.0M
230100.000 1961 COM2 65 0R0 026 1.5 22.0 65.8 1.0063 0.00 0.0M
230160.000 1961 COM2 65 0R0 346 2.7 22.1 63.9 1.0063 0.00 0.0M
230220.000 1961 COM2 65 0R0 350 1.3 22.0 65.1 1.0062 0.00 0.0M
230280.000 1961 COM2 65 0R0 091 0.9 22.0 65.6 1.0062 0.00 0.0M
230340.100 1961 COM2 65 0R0 008 2.0 22.0 65.6 1.0062 0.00 0.0M
230400.000 1961 COM2 65 0R0 278 1.1 22.1 65.7 1.0063 0.00 0.0M
230460.000 1961 COM2 65 0R0 074 1.0 22.3 65.8 1.0063 0.00 0.0M
230520.100 1961 COM2 65 0R0 322 2.0 22.4 64.7 1.0063 0.00 0.0M
230580.000 1961 COM2 65 0R0 021 3.1 22.5 64.4 1.0063 0.00 0.0M
230640.100 1961 COM2 65 0R0 033 2.6 22.5 64.3 1.0063 0.00 0.0M
230700.100 1961 COM2 65 0R0 005 1.6 22.4 64.7 1.0064 0.00 0.0M
230760.100 1961 COM2 65 0R0 007 2.5 22.4 64.2 1.0064 0.00 0.0M
230820.100 1961 COM2 65 0R0 014 1.0 22.3 64.6 1.0064 0.00 0.0M
230880.000 1961 COM2 65 0R0 350 1.7 22.4 64.8 1.0064 0.00 0.0M
230940.000 1961 COM2 65 0R0 033 2.1 22.5 63.8 1.0064 0.00 0.0M
231000.000 1961 COM2 65 0R0 038 2.1 22.5 64.0 1.0064 0.00 0.0M
231060.000 1961 COM2 65 0R0 032 2.3 22.5 63.4 1.0064 0.00 0.0M
231120.000 1961 COM2 65 0R0 038 0.3 22.4 63.7 1.0065 0.00 0.0M
231180.000 1961 COM2 65 0R0 012 0.6 22.5 64.7 1.0065 0.00 0.0M
231240.000 1961 COM2 65 0R0 314 3.2 22.6 62.9 1.0065 0.00 0.0M
231300.000 1961 COM2 65 0R0 307 1.5 22.6 62.6 1.0066 0.00 0.0M
231360.000 1961 COM2 65 0R0 035 2.5 22.5 63.3 1.0066 0.00 0.0M
231420.000 1961 COM2 65 0R0 005 0.8 22.5 64.0 1.0066 0.00 0.0M
231480.000 1961 COM2 65 0R0 320 0.5 22.5 62.8 1.0066 0.00 0.0M
231540.000 1961 COM2 65 0R0 074 1.1 22.5 63.4 1.0066 0.00 0.0M
231600.000 1961 COM2 65 0R0 303 4.1 22.6 63.2 1.0066 0.00 0.0M
231660.000 1961 COM2 65 0R0 317 1.2 22.6 63.5 1.0067 0.00 0.0M
231720.000 1961 COM2 65 0R0 342 3.6 22.7 63.7 1.0067 0.00 0.0M
231780.000 1961 COM2 65 0R0 354 2.1 22.7 62.1 1.0067 0.00 0.0M
231840.000 1961 COM2 65 0R0 013 2.7 22.6 62.1 1.0067 0.00 0.0M
231900.000 1961 COM2 65 0R0 025 2.9 22.4 62.5 1.0067 0.00 0.0M
231960.000 1961 COM2 65 0R0 015 0.5 22.4 63.6 1.0067 0.00 0.0M
232020.000 1961 COM2 65 0R0 016 0.4 22.5 64.3 1.0067 0.00 0.0M
232080.000 1961 COM2 65 0R0 094 0.2 22.7 64.2 1.0067 0.00 0.0M
232140.000 1961 COM2 65 0R0 329 0.9 23.0 62.8 1.0068 0.00 0.0M
232200.000 1961 COM2 65 0R0 079 0.5 23.3 62.5 1.0068 0.00 0.0M
232260.000 1961 COM2 65 0R0 311 0.3 23.5 61.5 1.0068 0.00 0.0M
232320.000 1961 COM2 65 0R0 022 1.5 23.7 60.9 1.0068 0.00 0.0M
232380.000 1961 COM2 65 0R0 037 2.8 23.7 59.9 1.0068 0.00 0.0M
232440.000 1961 COM2 65 0R0 166 0.3 23.5 61.3 1.0068 0.00 0.0M
232500.000 1961 COM2 65 0R0 058 1.1 23.5 60.6 1.0068 0.00 0.0M
232560.000 1961 COM2 65 0R0 018 4.0 23.3 60.6 1.0068 0.00 0.0M
232620.000 1961 COM2 65 0R0 018 2.4 23.1 61.6 1.0068 0.00 0.0M
232680.000 1961 COM2 65 0R0 020 1.6 23.0 60.4 1.0068 0.00 0.0M
232740.000 1961 COM2 65 0R0 015 2.6 22.8 61.1 1.0068 0.00 0.0M
232800.000 1961 COM2 65 0R0 007 2.1 22.8 61.0 1.0068 0.00 0.0M
232860.000 1961 COM2 65 0R0 345 3.4 22.7 61.4 1.0068 0.00 0.0M
232920.000 1961 COM2 65 0R0 350 2.8 22.7 61.8 1.0068 0.00 0.0M
232980.000 1961 COM2 65 0R0 322 1.3 22.7 61.5 1.0068 0.00 0.0M
233040.000 1961 COM2 65 0R0 028 4.0 22.8 60.6 1.0069 0.00 0.0M
233100.000 1961 COM2 65 0R0 327 1.7 22.8 61.3 1.0069 0.00 0.0M
233160.000 1961 COM2 65 0R0 340 2.7 22.9 61.3 1.0069 0.00 0.0M
233220.000 1961 COM2 65 0R0 342 3.4 23.0 61.3 1.0069 0.00 0.0M
233280.000 1961 COM2 65 0R0 350 2.9 23.0 60.5 1.0069 0.00 0.0M
233340.000 1961 COM2 65 0R0 319 3.0 23.1 59.6 1.0069 0.00 0.0M
233400.000 1961 COM2 65 0R0 341 2.9 23.1 59.5 1.0069 0.00 0.0M
233460.000 1961 COM2 65 0R0 035 1.8 23.0 60.7 1.0069 0.00 0.0M
233520.000 1961 COM2 65 0R0 346 1.8 23.0 60.5 1.0069 0.00 0.0M
233580.000 1961 COM2 65 0R0 030 2.8 23.1 61.0 1.0068 0.00 0.0M
233640.000 1961 COM2 65 0R0 338 3.6 23.2 60.6 1.0068 0.00 0.0M
233700.000 1961 COM2 65 0R0 321 1.7 23.4 60.4 1.0068 0.00 0.0M
233760.000 1961 COM2 65 0R0 043 3.2 23.5 58.0 1.0068 0.00 0.0M
233820.000 1961 COM2 65 0R0 034 2.2 23.5 58.9 1.0068 0.00 0.0M
233880.000 1961 COM2 65 0R0 060 1.1 23.4 59.6 1.0068 0.00 0.0M
233940.000 1961 COM2 65 0R0 340 0.6 23.4 57.3 1.0068 0.00 0.0M
234000.000 1961 COM2 65 0R0 033 0.8 23.3 59.6 1.0068 0.00 0.0M
234060.000 1961 COM2 65 0R0 015 2.6 23.3 58.5 1.0068 0.00 0.0M
234120.000 1961 COM2 65 0R0 359 0.5 23.3 59.3 1.0068 0.00 0.0M
234180.000 1961 COM2 65 0R0 333 0.6 23.3 57.9 1.0068 0.00 0.0M
234240.000 1961 COM2 65 0R0 304 1.2 23.3 59.3 1.0068 0.00 0.0M
234300.000 1961 COM2 65 0R0 346 3.1 23.4 58.5 1.0068 0.00 0.0M
234360.000 1961 COM2 65 0R0 030 2.7 23.4 59.5 1.0068 0.00 0.0M
234420.000 1961 COM2 65 0R0 014 1.7 23.3 59.1 1.0068 0.00 0.0M
234480.000 1961 COM2 65 0R0 349 1.6 23.2 59.0 1.0068 0.00 0.0M
234540.000 1961 COM2 65 0R0 012 0.6 23.2 59.3 1.0068 0.00 0.0M
234600.000 1961 COM2 65 0R0 043 1.0 23.2 60.1 1.0068 0.00 0.0M
234660.000 1961 COM2 65 0R0 085 0.4 23.2 60.3 1.0068 0.00 0.0M
234720.000 1961 COM2 65 0R0 352 0.8 23.5 59.0 1.0069 0.00 0.0M
234780.000 1961 COM2 65 0R0 044 2.6 23.6 58.4 1.0069 0.00 0.0M
234840.000 1961 COM2 65 0R0 005 1.9 23.5 58.0 1.0069 0.00 0.0M
234900.000 1961 COM2 65 0R0 093 0.6 23.4 59.7 1.0069 0.00 0.0M
234960.000 1961 COM2 65 0R0 002 1.3 23.5 59.1 1.0069 0.00 0.0M
235020.000 1961 COM2 65 0R0 028 0.5 23.4 58.7 1.0069 0.00 0.0M
235080.000 1961 COM2 65 0R0 339 3.1 23.4 58.7 1.0069 0.00 0.0M
235140.000 1961 COM2 65 0R0 350 1.0 23.3 58.4 1.0069 0.00 0.0M
235200.000 1961 COM2 65 0R0 344 1.5 23.3 59.8 1.0069 0.00 0.0M
235260.000 1961 COM2 65 0R0 011 0.7 23.5 59.9 1.0069 0.00 0.0M
235320.000 1961 COM2 65 0R0 291 1.5 23.6 59.1 1.0069 0.00 0.0M
235380.000 1961 COM2 65 0R0 225 0.3 23.7 59.5 1.0069 0.00 0.0M
235440.000 1961 COM2 65 0R0 350 2.2 23.8 58.5 1.0070 0.00 0.0M
235500.100 1961 COM2 65 0R0 021 0.9 23.8 58.4 1.0070 0.00 0.0M
235560.000 1961 COM2 65 0R0 275 0.5 23.8 58.4 1.0069 0.00 0.0M
235620.000 1961 COM2 65 0R0 342 2.2 23.8 57.2 1.0069 0.00 0.0M
235680.000 1961 COM2 65 0R0 335 2.4 23.8 56.5 1.0069 0.00 0.0M
235740.000 1961 COM2 65 0R0 304 2.6 23.8 56.5 1.0069 0.00 0.0M
235800.000 1961 COM2 65 0R0 016 0.7 23.7 57.7 1.0069 0.00 0.0M
235860.000 1961 COM2 65 0R0 342 3.2 23.8 57.5 1.0069 0.00 0.0M
235920.000 1961 COM2 65 0R0 021 2.6 23.8 56.9 1.0069 0.00 0.0M
235980.000 1961 COM2 65 0R0 045 3.1 23.7 57.0 1.0069 0.00 0.0M
236040.100 1961 COM2 65 0R0 016 3.1 23.5 57.5 1.0069 0.00 0.0M
236100.000 1961 COM2 65 0R0 035 3.7 23.4 58.4 1.0069 0.00 0.0M
236160.000 1961 COM2 65 0R0 345 0.5 23.4 59.5 1.0069 0.00 0.0M
236220.000 1961 COM2 65 0R0 333 1.7 23.6 59.1 1.0069 0.00 0.0M
236280.000 1961 COM2 65 0R0 323 2.3 23.8 58.3 1.0070 0.00 0.0M
236340.000 1961 COM2 65 0R0 079 0.3 23.8 58.5 1.0070 0.00 0.0M
236400.000 1961 COM2 65 0R0 041 1.2 23.9 58.7 1.0070 0.00 0.0M
236460.000 1961 COM2 65 0R0 208 0.5 24.0 58.4 1.0070 0.00 0.0M
236520.000 1961 COM2 65 0R0 359 1.2 24.1 57.6 1.0070 0.00 0.0M
236580.000 1961 COM2 65 0R0 321 2.6 24.0 56.4 1.0070 0.00 0.0M
236640.000 1961 COM2 65 0R0 298 0.9 23.9 59.0 1.0070 0.00 0.0M
236700.000 1961 COM2 65 0R0 298 0.6 23.9 59.2 1.0070 0.00 0.0M
236760.000 1961 COM2 65 0R0 318 2.4 24.0 57.7 1.0070 0.00 0.0M
236820.000 1961 COM2 65 0R0 245 0.6 24.0 58.7 1.0070 0.00 0.0M
236880.000 1961 COM2 65 0R0 304 2.0 24.0 57.6 1.0070 0.00 0.0M
236940.000 1961 COM2 65 0R0 345 2.0 23.9 57.7 1.0070 0.00 0.0M
237000.000 1961 COM2 65 0R0 294 1.9 23.9 58.8 1.0071 0.00 0.0M
237060.000 1961 COM2 65 0R0 269 1.9 23.8 59.1 1.0071 0.00 0.0M
237120.000 1961 COM2 65 0R0 264 2.1 23.7 59.3 1.0071 0.00 0.0M
237180.000 1961 COM2 65 0R0 258 1.8 23.8 58.4 1.0071 0.00 0.0M
237240.000 1961 COM2 65 0R0 281 3.2 23.8 58.2 1.0071 0.00 0.0M
237300.000 1961 COM2 65 0R0 179 0.6 23.8 58.2 1.0071 0.00 0.0M
237360.000 1961 COM2 65 0R0 279 1.4 23.7 57.8 1.0071 0.00 0.0M
237420.000 1961 COM2 65 0R0 278 2.0 23.6 58.5 1.0070 0.00 0.0M
237480.000 1961 COM2 65 0R0 293 1.4 23.5 59.3 1.0071 0.00 0.0M
237540.000 1961 COM2 65 0R0 277 1.0 23.6 59.4 1.0071 0.00 0.0M
237600.000 1961 COM2 65 0R0 262 0.2 23.7 60.2 1.0071 0.00 0.0M
237660.000 1961 COM2 65 0R0 010 0.2 23.8 59.3 1.0071 0.00 0.0M
237720.100 1961 COM2 65 0R0 323 0.6 23.9 57.9 1.0071 0.00 0.0M
237780.000 1961 COM2 65 0R0 280 2.0 24.0 58.3 1.0071 0.00 0.0M
237840.000 1961 COM2 65 0R0 315 2.6 24.1 58.1 1.0070 0.00 0.0M
237900.000 1961 COM2 65 0R0 320 3.4 24.0 58.0 1.0070 0.00 0.0M
237960.000 1961 COM2 65 0R0 341 1.8 24.0 57.4 1.0070 0.00 0.0M
238020.000 1961 COM2 65 0R0 348 0.6 23.9 58.6 1.0070 0.00 0.0M
238080.000 1961 COM2 65 0R0 271 0.9 24.0 59.4 1.0069 0.00 0.0M
238140.000 1961 COM2 65 0R0 011 0.6 24.1 58.9 1.0069 0.00 0.0M
238200.000 1961 COM2 65 0R0 357 0.3 24.3 56.4 1.0070 0.00 0.0M
238260.000 1961 COM2 65 0R0 295 0.8 24.4 55.6 1.0070 0.00 0.0M
238320.000 1961 COM2 65 0R0 290 3.0 24.5 55.0 1.0070 0.00 0.0M
238380.000 1961 COM2 65 0R0 349 1.0 24.5 55.1 1.0069 0.00 0.0M
238440.000 1961 COM2 65 0R0 314 3.4 24.4 56.1 1.0070 0.00 0.0M
238500.000 1961 COM2 65 0R0 290 1.8 24.4 55.8 1.0069 0.00 0.0M
238560.000 1961 COM2 65 0R0 037 1.1 24.4 56.4 1.0069 0.00 0.0M
238620.000 1961 COM2 65 0R0 010 0.8 24.4 56.0 1.0070 0.00 0.0M
238680.000 1961 COM2 65 0R0 007 0.8 24.6 56.0 1.0070 0.00 0.0M
238740.000 1961 COM2 65 0R0 335 1.2 24.8 55.5 1.0070 0.00 0.0M
238800.000 1961 COM2 65 0R0 352 2.1 24.9 54.9 1.0070 0.00 0.0M
238860.000 1961 COM2 65 0R0 354 0.3 24.8 54.3 1.0070 0.00 0.0M
238920.000 1961 COM2 65 0R0 011 0.3 24.8 55.0 1.0070 0.00 0.0M
238980.000 1961 COM2 65 0R0 319 0.9 24.9 56.1 1.0071 0.00 0.0M
239040.000 1961 COM2 65 0R0 319 4.4 25.0 52.4 1.0071 0.00 0.0M
239100.000 1961 COM2 65 0R0 285 5.5 24.9 53.5 1.0070 0.00 0.0M
239160.000 1961 COM2 65 0R0 257 1.1 24.9 53.9 1.0071 0.00 0.0M
239220.000 1961 COM2 65 0R0 003 1.7 25.0 53.8 1.0071 0.00 0.0M
239280.000 1961 COM2 65 0R0 013 0.8 25.1 53.0 1.0071 0.00 0.0M
239340.000 1961 COM2 65 0R0 328 1.4 25.0 53.1 1.0071 0.00 0.0M
239400.000 1961 COM2 65 0R0 027 0.5 25.0 53.9 1.0070 0.00 0.0M
239460.000 1961 COM2 65 0R0 250 1.4 25.1 53.1 1.0069 0.00 0.0M
239520.000 1961 COM2 65 0R0 044 0.3 25.3 52.7 1.0070 0.00 0.0M
239580.000 1961 COM2 65 0R0 301 1.8 25.5 51.7 1.0070 0.00 0.0M
239640.000 1961 COM2 65 0R0 119 0.4 25.6 52.7 1.0070 0.00 0.0M
239700.000 1961 COM2 65 0R0 308 0.6 25.7 52.7 1.0070 0.00 0.0M
239760.000 1961 COM2 65 0R0 299 3.1 25.8 51.1 1.0071 0.00 0.0M
239820.000 1961 COM2 65 0R0 325 0.5 25.6 52.4 1.0070 0.00 0.0M
239880.000 1961 COM2 65 0R0 344 3.9 25.5 49.9 1.0070 0.00 0.0M
239940.000 1961 COM2 65 0R0 187 0.5 25.3 49.8 1.0070 0.00 0.0M
240000.000 1961 COM2 65 0R0 077 0.9 25.2 51.7 1.0070 0.00 0.0M
240060.000 1961 COM2 65 0R0 270 2.1 25.2 51.3 1.0069 0.00 0.0M
240120.000 1961 COM2 65 0R0 353 1.7 25.3 50.6 1.0069 0.00 0.0M
240180.000 1961 COM2 65 0R0 026 4.1 25.3 50.2 1.0070 0.00 0.0M
240240.000 1961 COM2 65 0R0 335 0.8 24.9 51.3 1.0070 0.00 0.0M
240300.000 1961 COM2 65 0R0 351 1.2 24.8 51.4 1.0070 0.00 0.0M
240360.000 1961 COM2 65 0R0 015 2.7 24.7 52.5 1.0070 0.00 0.0M
240420.000 1961 COM2 65 0R0 278 2.3 24.8 53.2 1.0071 0.00 0.0M
240480.000 1961 COM2 65 0R0 279 4.0 25.0 50.9 1.0071 0.00 0.0M
240540.000 1961 COM2 65 0R0 244 1.7 25.1 51.4 1.0071 0.00 0.0M
240600.000 1961 COM2 65 0R0 301 3.6 25.2 51.1 1.0071 0.00 0.0M
240660.000 1961 COM2 65 0R0 028 2.5 25.2 52.4 1.0071 0.00 0.0M
240720.000 1961 COM2 65 0R0 339 1.0 25.2 51.6 1.0071 0.00 0.0M
240780.000 1961 COM2 65 0R0 056 1.7 25.3 50.5 1.0071 0.00 0.0M
240840.000 1961 COM2 65 0R0 008 1.4 25.2 49.6 1.0071 0.00 0.0M
240900.000 1961 COM2 65 0R0 009 2.1 25.1 50.0 1.0071 0.00 0.0M
240960.000 1961 COM2 65 0R0 342 1.6 25.1 49.3 1.0071 0.00 0.0M
241020.000 1961 COM2 65 0R0 336 0.3 24.9 50.3 1.0071 0.00 0.0M
241080.000 1961 COM2 65 0R0 010 1.0 24.8 51.6 1.0071 0.00 0.0M
241140.000 1961 COM2 65 0R0 356 0.6 24.8 52.1 1.0070 0.00 0.0M
241200.000 1961 COM2 65 0R0 297 3.6 25.0 51.9 1.0071 0.00 0.0M
241260.000 1961 COM2 65 0R0 297 0.7 25.0 52.0 1.0070 0.00 0.0M
241320.000 1961 COM2 65 0R0 297 2.6 25.1 51.6 1.0071 0.00 0.0M
241380.000 1961 COM2 65 0R0 346 3.0 25.1 51.5 1.0071 0.00 0.0M
241440.000 1961 COM2 65 0R0 353 1.7 25.1 50.6 1.0070 0.00 0.0M
241500.000 1961 COM2 65 0R0 075 1.0 25.0 50.6 1.0071 0.00 0.0M
241560.000 1961 COM2 65 0R0 005 0.8 25.0 50.5 1.0071 0.00 0.0M
241620.000 1961 COM2 65 0R0 300 3.4 25.2 50.1 1.0071 0.00 0.0M
241680.000 1961 COM2 65 0R0 322 2.8 25.3 50.4 1.0071 0.00 0.0M
241740.000 1961 COM2 65 0R0 308 4.3 25.2 49.6 1.0071 0.00 0.0M
241800.000 1961 COM2 65 0R0 293 2.2 25.0 49.5 1.0071 0.00 0.0M
241860.000 1961 COM2 65 0R0 319 1.0 24.9 50.3 1.0071 0.00 0.0M
241920.000 1961 COM2 65 0R0 258 1.0 24.8 50.8 1.0071 0.00 0.0M
241980.000 1961 COM2 65 0R0 318 2.9 24.9 50.9 1.0071 0.00 0.0M
242040.000 1961 COM2 65 0R0 340 1.7 25.0 50.6 1.0072 0.00 0.0M
242100.000 1961 COM2 65 0R0 116 0.4 25.1 51.6 1.0072 0.00 0.0M
242160.000 1961 COM2 65 0R0 293 1.2 25.2 51.1 1.0072 0.00 0.0M
242220.000 1961 COM2 65 0R0 328 0.8 25.4 50.1 1.0072 0.00 0.0M
242280.000 1961 COM2 65 0R0 280 1.9 25.3 49.5 1.0071 0.00 0.0M
242340.000 1961 COM2 65 0R0 289 2.8 25.3 50.4 1.0071 0.00 0.0M
242400.000 1961 COM2 65 0R0 316 2.9 25.3 50.4 1.0071 0.00 0.0M
242460.000 1961 COM2 65 0R0 228 0.3 25.2 50.8 1.0071 0.00 0.0M
242520.000 1961 COM2 65 0R0 214 1.1 25.2 51.1 1.0071 0.00 0.0M
242580.000 1961 COM2 65 0R0 099 0.9 25.2 50.9 1.0071 0.00 0.0M
242640.000 1961 COM2 65 0R0 319 4.1 25.3 47.7 1.0071 0.00 0.0M
242700.000 1961 COM2 65 0R0 334 1.3 25.2 49.2 1.0071 0.00 0.0M
242760.000 1961 COM2 65 0R0 025 1.2 25.2 48.7 1.0071 0.00 0.0M
242820.000 1961 COM2 65 0R0 039 1.0 25.2 49.9 1.0071 0.00 0.0M
242880.000 1961 COM2 65 0R0 018 0.9 25.3 49.4 1.0071 0.00 0.0M
242940.000 1961 COM2 65 0R0 316 3.6 25.4 47.9 1.0071 0.00 0.0M
243000.000 1961 COM2 65 0R0 286 3.1 25.2 48.8 1.0071 0.00 0.0M
243060.000 1961 COM2 65 0R0 275 2.7 25.1 49.4 1.0071 0.00 0.0M
243120.000 1961 COM2 65 0R0 237 0.8 25.1 48.8 1.0071 0.00 0.0M
243180.000 1961 COM2 65 0R0 290 3.9 25.1 49.5 1.0071 0.00 0.0M
243240.000 1961 COM2 65 0R0 006 1.4 25.2 48.9 1.0071 0.00 0.0M
243300.000 1961 COM2 65 0R0 346 1.0 25.3 47.6 1.0072 0.00 0.0M
243360.100 1961 COM2 65 0R0 045 3.2 25.3 47.2 1.0072 0.00 0.0M
243420.100 1961 COM2 65 0R0 339 0.6 25.2 48.4 1.0072 0.00 0.0M
243480.000 1961 COM2 65 0R0 073 0.7 25.2 48.5 1.0072 0.00 0.0M
243540.000 1961 COM2 65 0R0 316 2.4 25.3 49.5 1.0072 0.00 0.0M
243600.000 1961 COM2 65 0R0 357 2.6 25.4 48.5 1.0072 0.00 0.0M
243660.000 1961 COM2 65 0R0 312 2.3 25.3 49.0 1.0072 0.00 0.0M
243720.100 1961 COM2 65 0R0 282 1.5 25.1 50.0 1.0072 0.00 0.0M
243780.100 1961 COM2 65 0R0 339 0.6 25.1 50.2 1.0072 0.00 0.0M
243840.000 1961 COM2 65 0R0 004 1.2 25.1 49.4 1.0072 0.00 0.0M
243900.000 1961 COM2 65 0R0 246 1.1 25.2 50.4 1.0072 0.00 0.0M
243960.000 1961 COM2 65 0R0 258 1.8 25.2 50.2 1.0072 0.00 0.0M
244020.000 1961 COM2 65 0R0 299 0.9 25.2 49.2 1.0072 0.00 0.0M
244080.000 1961 COM2 65 0R0 273 2.8 25.1 50.7 1.0071 0.00 0.0M
244140.000 1961 COM2 65 0R0 288 2.5 25.1 50.3 1.0071 0.00 0.0M
244200.000 1961 COM2 65 0R0 312 3.9 25.2 50.2 1.0071 0.00 0.0M
244260.000 1961 COM2 65 0R0 315 2.2 25.1 50.4 1.0071 0.00 0.0M
244320.000 1961 COM2 65 0R0 014 1.1 25.1 50.2 1.0071 0.00 0.0M
244380.000 1961 COM2 65 0R0 289 2.1 25.0 51.1 1.0071 0.00 0.0M
244440.000 1961 COM2 65 0R0 094 0.2 25.1 51.5 1.0071 0.00 0.0M
244500.000 1961 COM2 65 0R0 312 3.9 25.2 50.4 1.0071 0.00 0.0M
244560.000 1961 COM2 65 0R0 163 0.5 25.2 51.4 1.0072 0.00 0.0M
244620.000 1961 COM2 65 0R0 339 0.9 25.2 50.4 1.0072 0.00 0.0M
244680.000 1961 COM2 65 0R0 273 1.0 25.2 49.6 1.0072 0.00 0.0M
244740.000 1961 COM2 65 0R0 310 3.2 25.2 50.0 1.0072 0.00 0.0M
244800.000 1961 COM2 65 0R0 298 2.5 25.2 49.7 1.0072 0.00 0.0M
244860.000 1961 COM2 65 0R0 250 0.6 25.2 50.5 1.0072 0.00 0.0M
244920.000 1961 COM2 65 0R0 348 2.0 25.3 48.6 1.0072 0.00 0.0M
244980.000 1961 COM2 65 0R0 306 1.6 25.3 49.9 1.0072 0.00 0.0M
245040.000 1961 COM2 65 0R0 348 1.5 25.3 49.4 1.0073 0.00 0.0M
245100.100 1961 COM2 65 0R0 067 0.4 25.2 50.4 1.0073 0.00 0.0M
245160.000 1961 COM2 65 0R0 275 2.5 25.2 49.3 1.0073 0.00 0.0M
245220.000 1961 COM2 65 0R0 312 1.3 25.2 50.1 1.0073 0.00 0.0M
245280.000 1961 COM2 65 0R0 334 1.7 25.2 50.3 1.0073 0.00 0.0M
245340.000 1961 COM2 65 0R0 294 0.8 25.3 50.4 1.0073 0.00 0.0M
245400.000 1961 COM2 65 0R0 296 1.2 25.3 50.5 1.0073 0.00 0.0M
245460.000 1961 COM2 65 0R0 285 2.7 25.4 50.4 1.0074 0.00 0.0M
245520.000 1961 COM2 65 0R0 248 2.0 25.4 49.5 1.0073 0.00 0.0M
245580.000 1961 COM2 65 0R0 346 0.5 25.4 49.7 1.0073 0.00 0.0M
245640.000 1961 COM2 65 0R0 296 1.5 25.3 49.9 1.0073 0.00 0.0M
245700.100 1961 COM2 65 0R0 312 1.9 25.3 49.3 1.0073 0.00 0.0M
245760.100 1961 COM2 65 0R0 343 3.5 25.2 48.8 1.0073 0.00 0.0M
245820.000 1961 COM2 65 0R0 339 2.4 25.0 50.0 1.0072 0.00 0.0M
245880.000 1961 COM2 65 0R0 341 3.8 24.8 50.9 1.0072 0.00 0.0M
245940.000 1961 COM2 65 0R0 352 2.2 24.7 50.9 1.0071 0.00 0.0M
246000.100 1961 COM2 65 0R0 014 1.9 24.6 51.5 1.0071 0.00 0.0M
246060.000 1961 COM2 65 0R0 014 1.6 24.6 51.2 1.0071 0.00 0.0M
246120.000 1961 COM2 65 0R0 310 2.0 24.7 51.8 1.0071 0.00 0.0M
246180.000 1961 COM2 65 0R0 246 0.4 24.8 52.1 1.0071 0.00 0.0M
246240.000 1961 COM2 65 0R0 198 0.2 24.9 52.3 1.0071 0.00 0.0M
246300.000 1961 COM2 65 0R0 321 1.1 25.0 51.6 1.0072 0.00 0.0M
246360.100 1961 COM2 65 0R0 337 2.0 25.1 51.1 1.0072 0.00 0.0M
246420.000 1961 COM2 65 0R0 017 1.9 25.1 51.0 1.0072 0.00 0.0M
246480.100 1961 COM2 65 0R0 356 0.3 25.0 51.7 1.0072 0.00 0.0M
246540.000 1961 COM2 65 0R0 332 1.6 24.9 51.8 1.0072 0.00 0.0M
246600.000 1961 COM2 65 0R0 341 2.7 24.9 51.6 1.0072 0.00 0.0M
246660.000 1961 COM2 65 0R0 088 1.2 24.9 52.3 1.0072 0.00 0.0M
246720.000 1961 COM2 65 0R0 308 2.9 25.0 50.6 1.0072 0.00 0.0M
246780.000 1961 COM2 65 0R0 309 2.3 25.0 51.5 1.0072 0.00 0.0M
246840.000 1961 COM2 65 0R0 033 0.8 25.0 50.9 1.0072 0.00 0.0M
246900.000 1961 COM2 65 0R0 301 2.5 25.0 49.1 1.0072 0.00 0.0M
246960.000 1961 COM2 65 0R0 313 0.9 25.0 50.1 1.0072 0.00 0.0M
247020.000 1961 COM2 65 0R0 302 1.0 25.0 50.7 1.0072 0.00 0.0M
247080.000 1961 COM2 65 0R0 287 3.2 25.0 50.2 1.0072 0.00 0.0M
247140.000 1961 COM2 65 0R0 330 1.7 25.0 50.6 1.0072 0.00 0.0M
247200.200 1961 COM2 65 0R0 307 2.0 25.0 51.1 1.0072 0.00 0.0M
247260.000 1961 COM2 65 0R0 313 1.9 25.0 49.7 1.0072 0.00 0.0M
247320.000 1961 COM2 65 0R0 289 1.3 25.0 50.3 1.0072 0.00 0.0M
247380.000 1961 COM2 65 0R0 209 0.6 25.1 51.1 1.0072 0.00 0.0M
247440.000 1961 COM2 65 0R0 038 0.8 25.2 49.6 1.0072 0.00 0.0M
247500.000 1961 COM2 65 0R0 311 0.5 25.3 50.3 1.0072 0.00 0.0M
247560.000 1961 COM2 65 0R0 338 1.8 25.3 49.1 1.0072 0.00 0.0M
247620.000 1961 COM2 65 0R0 318 1.4 25.3 50.8 1.0073 0.00 0.0M
247680.000 1961 COM2 65 0R0 320 1.3 25.3 48.9 1.0072 0.00 0.0M
247740.000 1961 COM2 65 0R0 347 3.2 25.3 48.9 1.0072 0.00 0.0M
247800.000 1961 COM2 65 0R0 319 2.8 25.2 49.0 1.0072 0.00 0.0M
247860.000 1961 COM2 65 0R0 301 2.3 25.1 49.4 1.0071 0.00 0.0M
247920.000 1961 COM2 65 0R0 359 1.9 25.0 50.0 1.0071 0.00 0.0M
247980.000 1961 COM2 65 0R0 327 1.5 25.0 49.6 1.0071 0.00 0.0M
248040.000 1961 COM2 65 0R0 305 1.1 24.9 49.4 1.0071 0.00 0.0M
248100.000 1961 COM2 65 0R0 307 3.0 24.8 49.8 1.0071 0.00 0.0M
248160.000 1961 COM2 65 0R0 334 2.5 24.7 50.0 1.0071 0.00 0.0M
248220.000 1961 COM2 65 0R0 335 0.8 24.7 50.8 1.0071 0.00 0.0M
248280.000 1961 COM2 65 0R0 229 0.3 24.8 51.0 1.0071 0.00 0.0M
248340.000 1961 COM2 65 0R0 278 2.8 24.9 50.1 1.0071 0.00 0.0M
248400.000 1961 COM2 65 0R0 284 2.1 25.0 50.4 1.0071 0.00 0.0M
248460.000 1961 COM2 65 0R0 203 0.4 25.1 51.0 1.0071 0.00 0.0M
248520.000 1961 COM2 65 0R0 280 1.8 25.2 51.1 1.0072 0.00 0.0M
248580.000 1961 COM2 65 0R0 312 3.7 25.3 50.2 1.0072 0.00 0.0M
248640.000 1961 COM2 65 0R0 350 1.2 25.2 50.0 1.0071 0.00 0.0M
248700.000 1961 COM2 65 0R0 287 0.7 25.2 50.7 1.0072 0.00 0.0M
248760.000 1961 COM2 65 0R0 232 0.5 25.2 51.5 1.0071 0.00 0.0M
248820.000 1961 COM2 65 0R0 289 3.0 25.2 50.2 1.0071 0.00 0.0M
248880.000 1961 COM2 65 0R0 298 1.1 25.1 50.4 1.0072 0.00 0.0M
248940.000 1961 COM2 65 0R0 272 0.9 25.1 50.3 1.0072 0.00 0.0M
249000.000 1961 COM2 65 0R0 281 1.5 25.0 51.0 1.0072 0.00 0.0M
249060.000 1961 COM2 65 0R0 005 1.4 25.1 50.4 1.0072 0.00 0.0M
249120.000 1961 COM2 65 0R0 296 1.6 25.1 48.7 1.0071 0.00 0.0M
249180.000 1961 COM2 65 0R0 229 0.3 25.1 49.8 1.0072 0.00 0.0M
249240.000 1961 COM2 65 0R0 249 1.0 25.2 49.7 1.0071 0.00 0.0M
249300.000 1961 COM2 65 0R0 295 4.0 25.2 49.8 1.0071 0.00 0.0M
249360.000 1961 COM2 65 0R0 299 1.0 25.2 49.1 1.0071 0.00 0.0M
249420.000 1961 COM2 65 0R0 275 0.7 25.1 50.1 1.0071 0.00 0.0M
249480.000 1961 COM2 65 0R0 289 1.0 25.1 48.9 1.0071 0.00 0.0M
249540.000 1961 COM2 65 0R0 298 1.6 25.1 49.2 1.0071 0.00 0.0M
249600.000 1961 COM2 65 0R0 323 0.8 25.2 49.9 1.0071 0.00 0.0M
249660.000 1961 COM2 65 0R0 306 1.1 25.3 49.2 1.0072 0.00 0.0M
249720.000 1961 COM2 65 0R0 336 0.7 25.4 48.8 1.0072 0.00 0.0M
249780.000 1961 COM2 65 0R0 245 0.5 25.5 48.8 1.0072 0.00 0.0M
249840.000 1961 COM2 65 0R0 354 1.3 25.6 47.1 1.0071 0.00 0.0M
249900.000 1961 COM2 65 0R0 334 1.3 25.6 47.1 1.0071 0.00 0.0M
249960.000 1961 COM2 65 0R0 060 0.6 25.7 46.5 1.0071 0.00 0.0M
250020.000 1961 COM2 65 0R0 272 1.1 25.7 46.6 1.0071 0.00 0.0M
250080.000 1961 COM2 65 0R0 251 0.9 25.8 47.7 1.0071 0.00 0.0M
250140.000 1961 COM2 65 0R0 117 0.5 25.9 47.2 1.0071 0.00 0.0M
250200.000 1961 COM2 65 0R0 296 2.6 26.0 46.4 1.0071 0.00 0.0M
250260.000 1961 COM2 65 0R0 319 0.3 26.0 46.6 1.0072 0.00 0.0M
250320.000 1961 COM2 65 0R0 310 1.5 25.9 46.2 1.0072 0.00 0.0M
250380.000 1961 COM2 65 0R0 185 0.2 25.8 47.1 1.0072 0.00 0.0M
250440.000 1961 COM2 65 0R0 033 1.5 25.8 46.8 1.0072 0.00 0.0M
250500.000 1961 COM2 65 0R0 321 1.1 25.8 45.5 1.0072 0.00 0.0M
250560.000 1961 COM2 65 0R0 046 0.9 25.7 46.8 1.0072 0.00 0.0M
250620.000 1961 COM2 65 0R0 312 2.7 25.7 46.5 1.0072 0.00 0.0M
250680.000 1961 COM2 65 0R0 273 0.4 25.6 47.0 1.0072 0.00 0.0M
250740.000 1961 COM2 65 0R0 282 0.8 25.5 47.0 1.0072 0.00 0.0M
250800.000 1961 COM2 65 0R0 346 0.7 25.4 46.2 1.0072 0.00 0.0M
250860.000 1961 COM2 65 0R0 011 1.7 25.4 46.2 1.0072 0.00 0.0M
250920.000 1961 COM2 65 0R0 248 0.4 25.5 47.5 1.0072 0.00 0.0M
250980.000 1961 COM2 65 0R0 028 1.4 25.6 46.5 1.0072 0.00 0.0M
251040.000 1961 COM2 65 0R0 243 0.2 25.6 47.1 1.0072 0.00 0.0M
251100.000 1961 COM2 65 0R0 334 2.2 25.6 46.5 1.0072 0.00 0.0M
251160.000 1961 COM2 65 0R0 327 1.5 25.6 47.3 1.0072 0.00 0.0M
251220.000 1961 COM2 65 0R0 057 0.8 25.5 47.2 1.0072 0.00 0.0M
251280.000 1961 COM2 65 0R0 030 0.9 25.4 46.7 1.0072 0.00 0.0M
251340.000 1961 COM2 65 0R0 305 2.5 25.4 47.0 1.0072 0.00 0.0M
251400.000 1961 COM2 65 0R0 328 1.8 25.4 47.2 1.0073 0.00 0.0M
251460.000 1961 COM2 65 0R0 021 0.9 25.4 47.4 1.0073 0.00 0.0M
251520.000 1961 COM2 65 0R0 230 0.5 25.3 47.8 1.0073 0.00 0.0M
251580.000 1961 COM2 65 0R0 311 0.4 25.4 47.3 1.0073 0.00 0.0M
251640.000 1961 COM2 65 0R0 075 0.4 25.5 47.0 1.0073 0.00 0.0M
251700.000 1961 COM2 65 0R0 003 0.7 25.6 46.7 1.0073 0.00 0.0M
251760.000 1961 COM2 65 0R0 348 2.7 25.7 45.2 1.0073 0.00 0.0M
251820.000 1961 COM2 65 0R0 308 0.6 25.7 44.8 1.0073 0.00 0.0M
251880.000 1961 COM2 65 0R0 081 0.6 25.7 45.4 1.0073 0.00 0.0M
251940.000 1961 COM2 65 0R0 031 1.0 25.8 45.7 1.0073 0.00 0.0M
252000.000 1961 COM2 65 0R0 332 0.8 25.8 45.0 1.0073 0.00 0.0M
252060.000 1961 COM2 65 0R0 300 0.8 25.6 45.7 1.0073 0.00 0.0M
252120.000 1961 COM2 65 0R0 314 1.3 25.6 46.3 1.0073 0.00 0.0M
252180.000 1961 COM2 65 0R0 290 0.4 25.6 46.8 1.0073 0.00 0.0M
252240.000 1961 COM2 65 0R0 294 2.1 25.7 47.0 1.0073 0.00 0.0M
252300.000 1961 COM2 65 0R0 257 2.1 25.8 47.2 1.0073 0.00 0.0M
252360.000 1961 COM2 65 0R0 263 0.5 25.8 47.7 1.0073 0.00 0.0M
252420.000 1961 COM2 65 0R0 276 3.5 25.8 47.1 1.0073 0.00 0.0M
252480.000 1961 COM2 65 0R0 296 1.5 25.7 47.6 1.0074 0.00 0.0M
252540.000 1961 COM2 65 0R0 282 2.2 25.6 47.6 1.0074 0.00 0.0M
252600.000 1961 COM2 65 0R0 268 0.8 25.5 47.8 1.0074 0.00 0.0M
252660.000 1961 COM2 65 0R0 273 1.3 25.5 48.1 1.0074 0.00 0.0M
252720.000 1961 COM2 65 0R0 275 2.6 25.5 47.6 1.0075 0.00 0.0M
252780.000 1961 COM2 65 0R0 258 2.2 25.5 48.1 1.0074 0.00 0.0M
252840.000 1961 COM2 65 0R0 216 2.3 25.5 48.0 1.0074 0.00 0.0M
252900.000 1961 COM2 65 0R0 273 2.3 25.5 47.9 1.0074 0.00 0.0M
252960.000 1961 COM2 65 0R0 304 1.9 25.5 48.2 1.0075 0.00 0.0M
253020.000 1961 COM2 65 0R0 244 2.3 25.5 47.7 1.0075 0.00 0.0M
253080.000 1961 COM2 65 0R0 290 3.3 25.5 47.6 1.0075 0.00 0.0M
253140.000 1961 COM2 65 0R0 302 2.0 25.4 48.1 1.0076 0.00 0.0M
253200.000 1961 COM2 65 0R0 287 4.1 25.4 47.5 1.0076 0.00 0.0M
253260.000 1961 COM2 65 0R0 251 1.7 25.3 48.4 1.0076 0.00 0.0M
253320.000 1961 COM2 65 0R0 170 0.6 25.3 48.7 1.0076 0.00 0.0M
253380.000 1961 COM2 65 0R0 274 0.5 25.4 48.2 1.0076 0.00 0.0M
253440.000 1961 COM2 65 0R0 321 1.1 25.5 48.2 1.0076 0.00 0.0M
253500.000 1961 COM2 65 0R0 258 0.9 25.5 47.6 1.0076 0.00 0.0M
253560.000 1961 COM2 65 0R0 301 2.6 25.5 47.6 1.0077 0.00 0.0M
253620.000 1961 COM2 65 0R0 132 0.2 25.5 48.4 1.0077 0.00 0.0M
253680.000 1961 COM2 65 0R0 300 3.1 25.5 47.7 1.0077 0.00 0.0M
253740.000 1961 COM2 65 0R0 303 1.9 25.5 48.1 1.0077 0.00 0.0M
253800.000 1961 COM2 65 0R0 278 0.7 25.4 48.0 1.0077 0.00 0.0M
253860.000 1961 COM2 65 0R0 283 2.7 25.4 47.6 1.0077 0.00 0.0M
253920.000 1961 COM2 65 0R0 265 1.2 25.4 48.1 1.0077 0.00 0.0M
253980.000 1961 COM2 65 0R0 188 0.9 25.4 48.4 1.0077 0.00 0.0M
254040.000 1961 COM2 65 0R0 305 1.8 25.4 48.4 1.0077 0.00 0.0M
254100.000 1961 COM2 65 0R0 267 2.8 25.4 48.4 1.0077 0.00 0.0M
254160.000 1961 COM2 65 0R0 313 0.7 25.4 48.6 1.0077 0.00 0.0M
254220.000 1961 COM2 65 0R0 301 1.7 25.3 48.6 1.0078 0.00 0.0M
254280.000 1961 COM2 65 0R0 295 1.2 25.3 49.0 1.0078 0.00 0.0M
254340.000 1961 COM2 65 0R0 194 1.2 25.4 49.2 1.0078 0.00 0.0M
254400.000 1961 COM2 65 0R0 359 0.5 25.4 49.1 1.0078 0.00 0.0M
254460.000 1961 COM2 65 0R0 283 3.0 25.5 48.2 1.0078 0.00 0.0M
254520.000 1961 COM2 65 0R0 269 2.0 25.4 48.2 1.0078 0.00 0.0M
254580.000 1961 COM2 65 0R0 184 0.8 25.3 48.8 1.0079 0.00 0.0M
254640.000 1961 COM2 65 0R0 265 1.8 25.3 48.6 1.0079 0.00 0.0M
254700.000 1961 COM2 65 0R0 250 3.6 25.4 48.5 1.0079 0.00 0.0M
254760.000 1961 COM2 65 0R0 272 1.8 25.3 48.9 1.0079 0.00 0.0M
254820.000 1961 COM2 65 0R0 269 2.5 25.3 48.9 1.0079 0.00 0.0M
254880.000 1961 COM2 65 0R0 273 2.2 25.2 49.2 1.0079 0.00 0.0M
254940.000 1961 COM2 65 0R0 210 0.7 25.2 49.6 1.0079 0.00 0.0M
255000.000 1961 COM2 65 0R0 262 1.8 25.2 49.7 1.0080 0.00 0.0M
255060.000 1961 COM2 65 0R0 276 2.8 25.2 49.1 1.0080 0.00 0.0M
255120.000 1961 COM2 65 0R0 248 1.0 25.2 49.3 1.0080 0.00 0.0M
255180.000 1961 COM2 65 0R0 252 1.3 25.2 49.5 1.0080 0.00 0.0M
255240.000 1961 COM2 65 0R0 250 0.9 25.2 49.9 1.0081 0.00 0.0M
255300.000 1961 COM2 65 0R0 253 0.8 25.3 50.0 1.0081 0.00 0.0M
255360.000 1961 COM2 65 0R0 278 1.2 25.3 49.7 1.0081 0.00 0.0M
255420.000 1961 COM2 65 0R0 266 1.5 25.3 49.6 1.0081 0.00 0.0M
255480.000 1961 COM2 65 0R0 310 1.4 25.3 49.7 1.0081 0.00 0.0M
255540.000 1961 COM2 65 0R0 280 2.1 25.2 50.0 1.0081 0.00 0.0M
255600.000 1961 COM2 65 0R0 250 1.7 25.2 49.7 1.0081 0.00 0.0M
255660.000 1961 COM2 65 0R0 250 0.7 25.1 50.3 1.0081 0.00 0.0M
255720.000 1961 COM2 65 0R0 298 0.6 25.1 50.7 1.0082 0.00 0.0M
255780.000 1961 COM2 65 0R0 241 1.0 25.2 50.6 1.0082 0.00 0.0M
255840.000 1961 COM2 65 0R0 198 1.2 25.2 50.9 1.0082 0.00 0.0M
255900.000 1961 COM2 65 0R0 204 0.5 25.3 50.8 1.0082 0.00 0.0M
255960.000 1961 COM2 65 0R0 224 1.3 25.3 50.9 1.0083 0.00 0.0M
256020.000 1961 COM2 65 0R0 237 0.9 25.3 51.0 1.0083 0.00 0.0M
256080.000 1961 COM2 65 0R0 179 0.4 25.4 50.7 1.0083 0.00 0.0M
256140.000 1961 COM2 65 0R0 255 1.3 25.4 50.5 1.0083 0.00 0.0M
256200.000 1961 COM2 65 0R0 231 1.1 25.4 50.3 1.0083 0.00 0.0M
256260.000 1961 COM2 65 0R0 224 0.8 25.4 50.0 1.0083 0.00 0.0M
256320.000 1961 COM2 65 0R0 209 1.2 25.4 50.0 1.0083 0.00 0.0M
256380.000 1961 COM2 65 0R0 250 0.9 25.4 50.3 1.0083 0.00 0.0M
256440.000 1961 COM2 65 0R0 295 1.0 25.4 50.4 1.0083 0.00 0.0M
256500.100 1961 COM2 65 0R0 249 1.5 25.4 50.6 1.0083 0.00 0.0M
256560.000 1961 COM2 65 0R0 263 2.0 25.3 50.1 1.0084 0.00 0.0M
256620.100 1961 COM2 65 0R0 257 0.8 25.3 50.7 1.0084 0.00 0.0M
256680.000 1961 COM2 65 0R0 252 1.5 25.2 51.0 1.0084 0.00 0.0M
256740.000 1961 COM2 65 0R0 266 2.0 25.1 50.8 1.0084 0.00 0.0M
256800.000 1961 COM2 65 0R0 249 1.9 25.1 50.9 1.0084 0.00 0.0M
256860.000 1961 COM2 65 0R0 278 0.9 25.0 51.5 1.0084 0.00 0.0M
256920.000 1961 COM2 65 0R0 226 0.7 25.0 51.5 1.0084 0.00 0.0M
256980.000 1961 COM2 65 0R0 235 1.4 25.0 51.9 1.0084 0.00 0.0M
257040.000 1961 COM2 65 0R0 237 1.5 25.0 51.6 1.0084 0.00 0.0M
257100.000 1961 COM2 65 0R0 256 0.8 25.0 52.0 1.0084 0.00 0.0M
257160.000 1961 COM2 65 0R0 253 0.9 25.0 52.4 1.0084 0.00 0.0M
257220.000 1961 COM2 65 0R0 243 0.7 25.0 52.4 1.0084 0.00 0.0M
257280.000 1961 COM2 65 0R0 250 0.6 25.0 52.2 1.0084 0.00 0.0M
257340.000 1961 COM2 65 0R0 242 1.3 25.0 52.4 1.0084 0.00 0.0M
257400.000 1961 COM2 65 0R0 190 0.4 25.0 52.3 1.0085 0.00 0.0M
257460.000 1961 COM2 65 0R0 251 1.1 24.9 52.8 1.0085 0.00 0.0M
257520.000 1961 COM2 65 0R0 259 0.6 24.9 52.9 1.0085 0.00 0.0M
257580.000 1961 COM2 65 0R0 246 1.6 24.9 52.7 1.0085 0.00 0.0M
257640.000 1961 COM2 65 0R0 213 1.2 24.9 52.9 1.0085 0.00 0.0M
257700.000 1961 COM2 65 0R0 227 1.5 24.9 53.3 1.0085 0.00 0.0M
257760.000 1961 COM2 65 0R0 240 0.9 24.8 53.5 1.0085 0.00 0.0M
257820.000 1961 COM2 65 0R0 248 0.7 24.8 53.8 1.0085 0.00 0.0M
257880.000 1961 COM2 65 0R0 269 0.3 24.8 53.7 1.0085 0.00 0.0M
257940.000 1961 COM2 65 0R0 238 0.6 24.8 53.7 1.0085 0.00 0.0M
258000.000 1961 COM2 65 0R0 244 2.1 24.7 53.7 1.0085 0.00 0.0M
258060.000 1961 COM2 65 0R0 256 0.8 24.6 53.8 1.0085 0.00 0.0M
258120.000 1961 COM2 65 0R0 249 1.9 24.6 53.9 1.0085 0.00 0.0M
258180.000 1961 COM2 65 0R0 253 0.5 24.5 54.3 1.0085 0.00 0.0M
258240.000 1961 COM2 65 0R0 279 0.9 24.5 55.0 1.0086 0.00 0.0M
258300.000 1961 COM2 65 0R0 264 1.1 24.4 54.7 1.0086 0.00 0.0M
258360.000 1961 COM2 65 0R0 240 1.6 24.4 54.5 1.0086 0.00 0.0M
258420.000 1961 COM2 65 0R0 242 1.1 24.4 55.0 1.0086 0.00 0.0M
258480.000 1961 COM2 65 0R0 241 1.1 24.3 55.1 1.0086 0.00 0.0M
258540.000 1961 COM2 65 0R0 237 1.5 24.3 55.5 1.0086 0.00 0.0M
258600.000 1961 COM2 65 0R0 244 1.3 24.3 55.0 1.0086 0.00 0.0M
258660.000 1961 COM2 65 0R0 250 0.8 24.2 55.0 1.0086 0.00 0.0M
258720.000 1961 COM2 65 0R0 252 1.4 24.2 55.5 1.0086 0.00 0.0M
258780.000 1961 COM2 65 0R0 238 1.3 24.1 55.6 1.0086 0.00 0.0M
258840.000 1961 COM2 65 0R0 247 0.6 24.1 55.7 1.0086 0.00 0.0M
258900.000 1961 COM2 65 0R0 229 0.4 24.1 56.1 1.0086 0.00 0.0M
258960.000 1961 COM2 65 0R0 209 0.9 24.1 56.3 1.0086 0.00 0.0M
259020.000 1961 COM2 65 0R0 219 0.8 24.0 56.3 1.0086 0.00 0.0M
259080.000 1961 COM2 65 0R0 207 1.3 24.0 56.3 1.0087 0.00 0.0M
259140.000 1961 COM2 65 0R0 209 1.0 23.9 56.8 1.0087 0.00 0.0M
