TO [s] WNc [w] C StringLn ASCIIString
---------------------------------------
345600.000 1976 COM2 64 0R0 249 2.4 4.8 50.3 1.0086 0.00 0.0M
345660.000 1976 COM2 64 0R0 342 4.4 4.8 49.6 1.0085 0.00 0.0M
345720.000 1976 COM2 64 0R0 329 3.3 4.8 50.5 1.0086 0.00 0.0M
345780.000 1976 COM2 64 0R0 309 1.1 4.8 50.0 1.0086 0.00 0.0M
345840.000 1976 COM2 64 0R0 300 3.2 4.8 49.8 1.0086 0.00 0.0M
345900.000 1976 COM2 64 0R0 325 2.5 4.7 50.1 1.0086 0.00 0.0M
345960.000 1976 COM2 64 0R0 340 3.6 4.8 50.0 1.0086 0.00 0.0M
346020.000 1976 COM2 64 0R0 181 1.4 4.8 49.7 1.0086 0.00 0.0M
346080.000 1976 COM2 64 0R0 299 2.1 4.8 49.6 1.0086 0.00 0.0M
346140.000 1976 COM2 64 0R0 342 3.1 4.7 50.1 1.0088 0.00 0.0M
346200.000 1976 COM2 64 0R0 321 3.5 4.7 49.7 1.0088 0.00 0.0M
346260.000 1976 COM2 64 0R0 347 3.6 4.7 50.2 1.0088 0.00 0.0M
346320.000 1976 COM2 64 0R0 353 3.8 4.7 50.5 1.0088 0.00 0.0M
346380.000 1976 COM2 64 0R0 283 4.8 4.7 50.0 1.0088 0.00 0.0M
346440.000 1976 COM2 64 0R0 343 5.1 4.7 49.9 1.0089 0.00 0.0M
346500.000 1976 COM2 64 0R0 317 6.2 4.7 49.9 1.0089 0.00 0.0M
346560.000 1976 COM2 64 0R0 314 5.8 4.6 49.7 1.0089 0.00 0.0M
346620.000 1976 COM2 64 0R0 209 1.3 4.6 49.8 1.0089 0.00 0.0M
346680.000 1976 COM2 64 0R0 324 5.0 4.6 50.3 1.0090 0.00 0.0M
346740.000 1976 COM2 64 0R0 285 6.1 4.6 50.1 1.0091 0.00 0.0M
346800.000 1976 COM2 64 0R0 311 1.9 4.5 49.7 1.0091 0.00 0.0M
346860.000 1976 COM2 64 0R0 273 1.8 4.5 50.4 1.0091 0.00 0.0M
346920.000 1976 COM2 64 0R0 274 5.0 4.5 50.1 1.0090 0.00 0.0M
346980.000 1976 COM2 64 0R0 277 2.3 4.5 50.1 1.0092 0.00 0.0M
347040.000 1976 COM2 64 0R0 268 2.4 4.5 50.9 1.0093 0.00 0.0M
347100.000 1976 COM2 64 0R0 329 3.7 4.5 49.6 1.0092 0.00 0.0M
347160.000 1976 COM2 64 0R0 288 5.8 4.4 50.2 1.0092 0.00 0.0M
347220.000 1976 COM2 64 0R0 192 0.9 4.4 49.7 1.0092 0.00 0.0M
347280.000 1976 COM2 64 0R0 265 1.5 4.4 50.4 1.0092 0.00 0.0M
347340.000 1976 COM2 64 0R0 239 1.1 4.3 50.3 1.0092 0.00 0.0M
347400.000 1976 COM2 64 0R0 310 2.9 4.3 50.3 1.0092 0.00 0.0M
347460.000 1976 COM2 64 0R0 333 1.4 4.3 50.1 1.0093 0.00 0.0M
347520.000 1976 COM2 64 0R0 269 3.3 4.4 51.1 1.0092 0.00 0.0M
347580.000 1976 COM2 64 0R0 270 3.5 4.4 51.4 1.0093 0.00 0.0M
347640.000 1976 COM2 64 0R0 290 2.5 4.4 50.3 1.0092 0.00 0.0M
347700.000 1976 COM2 64 0R0 299 4.8 4.3 50.3 1.0092 0.00 0.0M
347760.000 1976 COM2 64 0R0 301 5.5 4.3 50.4 1.0093 0.00 0.0M
347820.000 1976 COM2 64 0R0 317 2.4 4.2 50.9 1.0092 0.00 0.0M
347880.000 1976 COM2 64 0R0 264 2.7 4.2 50.5 1.0092 0.00 0.0M
347940.000 1976 COM2 64 0R0 004 0.9 4.2 51.0 1.0093 0.00 0.0M
348000.000 1976 COM2 64 0R0 299 2.8 4.2 50.6 1.0093 0.00 0.0M
348060.000 1976 COM2 64 0R0 008 0.9 4.2 50.8 1.0093 0.00 0.0M
348120.000 1976 COM2 64 0R0 309 5.1 4.2 50.9 1.0093 0.00 0.0M
348180.000 1976 COM2 64 0R0 273 1.5 4.1 50.6 1.0092 0.00 0.0M
348240.000 1976 COM2 64 0R0 028 0.9 4.2 50.3 1.0092 0.00 0.0M
348300.000 1976 COM2 64 0R0 227 0.6 4.2 50.3 1.0093 0.00 0.0M
348360.000 1976 COM2 64 0R0 329 1.6 4.2 50.5 1.0093 0.00 0.0M
348420.000 1976 COM2 64 0R0 252 0.6 4.1 50.6 1.0092 0.00 0.0M
348480.000 1976 COM2 64 0R0 000 2.3 4.1 50.7 1.0092 0.00 0.0M
348540.000 1976 COM2 64 0R0 354 0.7 4.1 50.9 1.0092 0.00 0.0M
348600.000 1976 COM2 64 0R0 301 3.2 4.1 50.9 1.0092 0.00 0.0M
348660.000 1976 COM2 64 0R0 301 4.9 4.0 50.9 1.0092 0.00 0.0M
348720.000 1976 COM2 64 0R0 035 0.6 4.0 50.9 1.0093 0.00 0.0M
348780.000 1976 COM2 64 0R0 216 1.0 3.9 51.0 1.0093 0.00 0.0M
348840.000 1976 COM2 64 0R0 250 1.0 3.9 51.7 1.0094 0.00 0.0M
348900.000 1976 COM2 64 0R0 301 2.3 3.9 51.4 1.0094 0.00 0.0M
348960.000 1976 COM2 64 0R0 330 4.0 3.9 50.7 1.0094 0.00 0.0M
349020.000 1976 COM2 64 0R0 311 1.4 4.0 50.4 1.0094 0.00 0.0M
349080.000 1976 COM2 64 0R0 304 4.3 4.0 50.0 1.0093 0.00 0.0M
349140.000 1976 COM2 64 0R0 335 5.1 3.9 49.7 1.0093 0.00 0.0M
349200.000 1976 COM2 64 0R0 290 4.4 3.9 50.6 1.0094 0.00 0.0M
349260.000 1976 COM2 64 0R0 225 3.3 3.9 50.4 1.0093 0.00 0.0M
349320.000 1976 COM2 64 0R0 299 5.2 3.8 50.3 1.0092 0.00 0.0M
349380.000 1976 COM2 64 0R0 234 1.1 3.8 50.6 1.0093 0.00 0.0M
349440.000 1976 COM2 64 0R0 333 6.7 3.8 50.6 1.0093 0.00 0.0M
349500.000 1976 COM2 64 0R0 309 2.6 3.8 50.3 1.0093 0.00 0.0M
349560.000 1976 COM2 64 0R0 338 2.7 3.8 50.1 1.0093 0.00 0.0M
349620.000 1976 COM2 64 0R0 311 3.8 3.8 50.4 1.0094 0.00 0.0M
349680.000 1976 COM2 64 0R0 336 2.5 3.8 50.4 1.0094 0.00 0.0M
349740.000 1976 COM2 64 0R0 063 1.1 3.7 51.0 1.0094 0.00 0.0M
349800.000 1976 COM2 64 0R0 341 1.9 3.8 50.4 1.0094 0.00 0.0M
349860.000 1976 COM2 64 0R0 355 4.6 3.8 50.1 1.0094 0.00 0.0M
349920.000 1976 COM2 64 0R0 341 1.2 3.7 50.4 1.0094 0.00 0.0M
349980.000 1976 COM2 64 0R0 288 4.7 3.7 50.7 1.0094 0.00 0.0M
350040.000 1976 COM2 64 0R0 297 2.9 3.7 50.5 1.0094 0.00 0.0M
350100.000 1976 COM2 64 0R0 287 1.4 3.7 50.5 1.0094 0.00 0.0M
350160.000 1976 COM2 64 0R0 325 1.0 3.7 50.5 1.0094 0.00 0.0M
350220.000 1976 COM2 64 0R0 272 1.8 3.7 50.6 1.0095 0.00 0.0M
350280.000 1976 COM2 64 0R0 335 2.5 3.7 51.5 1.0095 0.00 0.0M
350340.000 1976 COM2 64 0R0 309 4.5 3.7 50.8 1.0095 0.00 0.0M
350400.000 1976 COM2 64 0R0 291 3.2 3.7 50.4 1.0095 0.00 0.0M
350460.000 1976 COM2 64 0R0 356 1.9 3.7 50.6 1.0095 0.00 0.0M
350520.000 1976 COM2 64 0R0 293 3.0 3.7 50.8 1.0095 0.00 0.0M
350580.000 1976 COM2 64 0R0 291 2.8 3.6 50.8 1.0095 0.00 0.0M
350640.000 1976 COM2 64 0R0 339 1.1 3.6 50.9 1.0095 0.00 0.0M
350700.000 1976 COM2 64 0R0 282 4.0 3.6 50.9 1.0095 0.00 0.0M
350760.000 1976 COM2 64 0R0 315 4.8 3.6 51.4 1.0095 0.00 0.0M
350820.000 1976 COM2 64 0R0 300 1.6 3.6 51.9 1.0095 0.00 0.0M
350880.000 1976 COM2 64 0R0 285 0.5 3.6 51.4 1.0095 0.00 0.0M
350940.000 1976 COM2 64 0R0 300 5.6 3.5 51.2 1.0095 0.00 0.0M
351000.000 1976 COM2 64 0R0 333 2.3 3.5 51.1 1.0095 0.00 0.0M
351060.000 1976 COM2 64 0R0 145 0.4 3.5 52.0 1.0095 0.00 0.0M
351120.000 1976 COM2 64 0R0 293 4.4 3.5 51.0 1.0095 0.00 0.0M
351180.100 1976 COM2 64 0R0 344 1.9 3.5 51.5 1.0095 0.00 0.0M
351240.100 1976 COM2 64 0R0 100 0.9 3.4 51.8 1.0095 0.00 0.0M
351300.000 1976 COM2 64 0R0 358 1.8 3.5 51.8 1.0095 0.00 0.0M
351360.000 1976 COM2 64 0R0 298 1.7 3.5 51.4 1.0096 0.00 0.0M
351420.000 1976 COM2 64 0R0 126 0.2 3.4 52.0 1.0096 0.00 0.0M
351480.000 1976 COM2 64 0R0 075 0.3 3.5 51.8 1.0096 0.00 0.0M
351540.000 1976 COM2 64 0R0 282 0.4 3.5 52.3 1.0096 0.00 0.0M
351600.000 1976 COM2 64 0R0 340 2.5 3.5 51.9 1.0097 0.00 0.0M
351660.000 1976 COM2 64 0R0 307 2.0 3.4 51.9 1.0097 0.00 0.0M
351720.000 1976 COM2 64 0R0 001 1.7 3.4 51.8 1.0097 0.00 0.0M
351780.000 1976 COM2 64 0R0 342 1.0 3.4 51.4 1.0097 0.00 0.0M
351840.000 1976 COM2 64 0R0 325 2.7 3.4 51.2 1.0097 0.00 0.0M
351900.000 1976 COM2 64 0R0 306 3.7 3.4 50.9 1.0097 0.00 0.0M
351960.000 1976 COM2 64 0R0 308 1.2 3.4 51.5 1.0097 0.00 0.0M
352020.000 1976 COM2 64 0R0 269 0.5 3.4 51.7 1.0097 0.00 0.0M
352080.000 1976 COM2 64 0R0 004 2.9 3.4 52.0 1.0097 0.00 0.0M
352140.000 1976 COM2 64 0R0 314 1.6 3.4 50.5 1.0097 0.00 0.0M
352200.000 1976 COM2 64 0R0 285 1.6 3.3 51.4 1.0097 0.00 0.0M
352260.000 1976 COM2 64 0R0 314 3.3 3.3 50.8 1.0097 0.00 0.0M
352320.000 1976 COM2 64 0R0 019 1.4 3.2 51.7 1.0097 0.00 0.0M
352380.000 1976 COM2 64 0R0 344 1.0 3.2 51.6 1.0097 0.00 0.0M
352440.000 1976 COM2 64 0R0 308 3.4 3.2 50.6 1.0097 0.00 0.0M
352500.000 1976 COM2 64 0R0 314 4.3 3.2 50.8 1.0097 0.00 0.0M
352560.000 1976 COM2 64 0R0 345 4.3 3.2 50.4 1.0096 0.00 0.0M
352620.000 1976 COM2 64 0R0 297 2.5 3.2 50.5 1.0097 0.00 0.0M
352680.000 1976 COM2 64 0R0 304 4.0 3.2 50.9 1.0097 0.00 0.0M
352740.000 1976 COM2 64 0R0 039 1.3 3.2 49.7 1.0097 0.00 0.0M
352800.000 1976 COM2 64 0R0 016 0.6 3.2 49.9 1.0097 0.00 0.0M
352860.000 1976 COM2 64 0R0 272 6.7 3.2 50.8 1.0097 0.00 0.0M
352920.000 1976 COM2 64 0R0 318 4.4 3.2 50.4 1.0096 0.00 0.0M
352980.000 1976 COM2 64 0R0 292 1.3 3.2 50.1 1.0097 0.00 0.0M
353040.000 1976 COM2 64 0R0 318 4.8 3.2 50.1 1.0097 0.00 0.0M
353100.000 1976 COM2 64 0R0 293 2.0 3.2 50.3 1.0097 0.00 0.0M
353160.000 1976 COM2 64 0R0 236 2.0 3.2 50.1 1.0097 0.00 0.0M
353220.000 1976 COM2 64 0R0 095 0.3 3.2 50.0 1.0096 0.00 0.0M
353280.000 1976 COM2 64 0R0 290 2.3 3.1 50.1 1.0097 0.00 0.0M
353340.000 1976 COM2 64 0R0 328 6.8 3.1 50.1 1.0097 0.00 0.0M
353400.000 1976 COM2 64 0R0 321 0.7 3.1 49.5 1.0096 0.00 0.0M
353460.000 1976 COM2 64 0R0 355 3.6 3.1 50.2 1.0097 0.00 0.0M
353520.000 1976 COM2 64 0R0 252 2.5 3.1 49.9 1.0097 0.00 0.0M
353580.000 1976 COM2 64 0R0 305 2.7 3.1 50.6 1.0097 0.00 0.0M
353640.000 1976 COM2 64 0R0 308 0.7 3.1 50.3 1.0097 0.00 0.0M
353700.000 1976 COM2 64 0R0 116 0.9 3.1 49.9 1.0097 0.00 0.0M
353760.000 1976 COM2 64 0R0 005 3.0 3.1 51.0 1.0097 0.00 0.0M
353820.000 1976 COM2 64 0R0 284 0.7 3.1 50.2 1.0097 0.00 0.0M
353880.000 1976 COM2 64 0R0 288 4.0 3.0 50.0 1.0097 0.00 0.0M
353940.000 1976 COM2 64 0R0 296 2.2 3.0 50.7 1.0097 0.00 0.0M
354000.000 1976 COM2 64 0R0 292 2.5 2.9 50.5 1.0097 0.00 0.0M
354060.000 1976 COM2 64 0R0 298 1.7 2.9 49.9 1.0097 0.00 0.0M
354120.000 1976 COM2 64 0R0 290 1.6 2.9 49.9 1.0097 0.00 0.0M
354180.000 1976 COM2 64 0R0 265 2.4 2.9 50.4 1.0097 0.00 0.0M
354240.000 1976 COM2 64 0R0 353 2.4 2.9 50.3 1.0097 0.00 0.0M
354300.000 1976 COM2 64 0R0 040 1.0 2.9 50.5 1.0097 0.00 0.0M
354360.000 1976 COM2 64 0R0 267 2.9 2.9 50.7 1.0098 0.00 0.0M
354420.000 1976 COM2 64 0R0 311 3.0 2.9 50.9 1.0098 0.00 0.0M
354480.000 1976 COM2 64 0R0 299 2.7 2.9 51.4 1.0098 0.00 0.0M
354540.000 1976 COM2 64 0R0 298 2.2 2.9 50.0 1.0098 0.00 0.0M
354600.000 1976 COM2 64 0R0 302 2.1 2.8 50.1 1.0099 0.00 0.0M
354660.000 1976 COM2 64 0R0 009 0.9 2.8 50.1 1.0099 0.00 0.0M
354720.000 1976 COM2 64 0R0 124 0.4 2.8 50.8 1.0100 0.00 0.0M
354780.000 1976 COM2 64 0R0 342 1.1 2.8 51.0 1.0100 0.00 0.0M
354840.000 1976 COM2 64 0R0 350 1.8 2.8 50.0 1.0099 0.00 0.0M
354900.100 1976 COM2 64 0R0 344 2.5 2.8 50.7 1.0099 0.00 0.0M
354960.000 1976 COM2 64 0R0 350 0.7 2.7 51.0 1.0099 0.00 0.0M
355020.000 1976 COM2 64 0R0 035 2.4 2.7 51.1 1.0099 0.00 0.0M
355080.000 1976 COM2 64 0R0 337 1.9 2.8 50.7 1.0098 0.00 0.0M
355140.000 1976 COM2 64 0R0 346 3.2 2.8 50.8 1.0099 0.00 0.0M
355200.000 1976 COM2 64 0R0 308 2.8 2.8 50.1 1.0099 0.00 0.0M
355260.000 1976 COM2 64 0R0 314 1.7 2.8 50.2 1.0099 0.00 0.0M
355320.000 1976 COM2 64 0R0 303 2.6 2.9 50.5 1.0099 0.00 0.0M
355380.000 1976 COM2 64 0R0 291 3.5 2.8 50.1 1.0099 0.00 0.0M
355440.000 1976 COM2 64 0R0 283 2.8 2.8 50.7 1.0099 0.00 0.0M
355500.000 1976 COM2 64 0R0 041 0.8 2.8 51.3 1.0099 0.00 0.0M
355560.000 1976 COM2 64 0R0 289 2.8 2.8 51.2 1.0100 0.00 0.0M
355620.000 1976 COM2 64 0R0 275 0.7 2.7 50.7 1.0100 0.00 0.0M
355680.000 1976 COM2 64 0R0 340 0.7 2.7 51.0 1.0100 0.00 0.0M
355740.000 1976 COM2 64 0R0 345 1.5 2.7 51.9 1.0100 0.00 0.0M
355800.000 1976 COM2 64 0R0 245 1.2 2.7 50.8 1.0100 0.00 0.0M
355860.000 1976 COM2 64 0R0 303 1.4 2.7 51.0 1.0099 0.00 0.0M
355920.000 1976 COM2 64 0R0 289 5.0 2.7 51.0 1.0100 0.00 0.0M
355980.000 1976 COM2 64 0R0 300 1.9 2.7 50.9 1.0100 0.00 0.0M
356040.000 1976 COM2 64 0R0 311 2.4 2.7 51.1 1.0100 0.00 0.0M
356100.000 1976 COM2 64 0R0 324 1.9 2.7 50.9 1.0100 0.00 0.0M
356160.000 1976 COM2 64 0R0 292 3.5 2.7 50.6 1.0100 0.00 0.0M
356220.000 1976 COM2 64 0R0 263 2.6 2.7 50.9 1.0099 0.00 0.0M
356280.000 1976 COM2 64 0R0 282 3.6 2.7 51.0 1.0100 0.00 0.0M
356340.000 1976 COM2 64 0R0 358 2.0 2.6 51.2 1.0100 0.00 0.0M
356400.000 1976 COM2 64 0R0 341 3.0 2.6 51.1 1.0100 0.00 0.0M
356460.000 1976 COM2 64 0R0 300 3.9 2.6 50.8 1.0100 0.00 0.0M
356520.000 1976 COM2 64 0R0 290 0.9 2.7 51.0 1.0099 0.00 0.0M
356580.000 1976 COM2 64 0R0 314 3.9 2.6 51.9 1.0100 0.00 0.0M
356640.000 1976 COM2 64 0R0 330 2.9 2.6 50.9 1.0099 0.00 0.0M
356700.000 1976 COM2 64 0R0 305 4.4 2.6 51.6 1.0099 0.00 0.0M
356760.000 1976 COM2 64 0R0 316 2.1 2.6 51.4 1.0100 0.00 0.0M
356820.000 1976 COM2 64 0R0 000 0.8 2.7 51.4 1.0100 0.00 0.0M
356880.000 1976 COM2 64 0R0 285 1.8 2.7 51.2 1.0100 0.00 0.0M
356940.000 1976 COM2 64 0R0 197 0.3 2.6 51.9 1.0100 0.00 0.0M
357000.000 1976 COM2 64 0R0 265 1.6 2.6 52.4 1.0100 0.00 0.0M
357060.000 1976 COM2 64 0R0 013 1.5 2.6 51.8 1.0100 0.00 0.0M
357120.000 1976 COM2 64 0R0 316 3.6 2.6 51.7 1.0100 0.00 0.0M
357180.000 1976 COM2 64 0R0 326 1.6 2.6 51.9 1.0100 0.00 0.0M
357240.000 1976 COM2 64 0R0 316 1.4 2.5 51.2 1.0100 0.00 0.0M
357300.000 1976 COM2 64 0R0 164 0.3 2.5 51.5 1.0101 0.00 0.0M
357360.000 1976 COM2 64 0R0 313 0.4 2.5 51.9 1.0101 0.00 0.0M
357420.000 1976 COM2 64 0R0 334 1.8 2.5 52.2 1.0101 0.00 0.0M
357480.000 1976 COM2 64 0R0 307 2.6 2.5 52.3 1.0101 0.00 0.0M
357540.000 1976 COM2 64 0R0 080 0.9 2.5 52.4 1.0101 0.00 0.0M
357600.000 1976 COM2 64 0R0 304 0.7 2.5 53.7 1.0102 0.00 0.0M
357660.000 1976 COM2 64 0R0 296 2.6 2.5 51.9 1.0102 0.00 0.0M
357720.000 1976 COM2 64 0R0 091 0.6 2.5 52.4 1.0102 0.00 0.0M
357780.000 1976 COM2 64 0R0 254 2.1 2.5 51.8 1.0102 0.00 0.0M
357840.000 1976 COM2 64 0R0 207 1.1 2.5 51.6 1.0102 0.00 0.0M
357900.000 1976 COM2 64 0R0 317 2.2 2.5 52.4 1.0103 0.00 0.0M
357960.000 1976 COM2 64 0R0 134 1.2 2.5 51.7 1.0103 0.00 0.0M
358020.000 1976 COM2 64 0R0 308 0.7 2.4 51.8 1.0103 0.00 0.0M
358080.000 1976 COM2 64 0R0 286 1.8 2.4 52.7 1.0103 0.00 0.0M
358140.000 1976 COM2 64 0R0 309 3.3 2.3 52.4 1.0103 0.00 0.0M
358200.000 1976 COM2 64 0R0 313 0.2 2.3 52.5 1.0103 0.00 0.0M
358260.000 1976 COM2 64 0R0 020 1.7 2.4 52.6 1.0103 0.00 0.0M
358320.000 1976 COM2 64 0R0 269 2.3 2.4 51.6 1.0103 0.00 0.0M
358380.000 1976 COM2 64 0R0 358 0.6 2.4 52.9 1.0103 0.00 0.0M
358440.000 1976 COM2 64 0R0 231 1.2 2.4 52.9 1.0104 0.00 0.0M
358500.000 1976 COM2 64 0R0 318 1.7 2.4 52.1 1.0104 0.00 0.0M
358560.000 1976 COM2 64 0R0 273 0.9 2.3 53.1 1.0104 0.00 0.0M
358620.000 1976 COM2 64 0R0 308 2.9 2.3 52.5 1.0104 0.00 0.0M
358680.000 1976 COM2 64 0R0 306 2.3 2.3 52.1 1.0104 0.00 0.0M
358740.000 1976 COM2 64 0R0 028 0.8 2.3 52.6 1.0104 0.00 0.0M
358800.000 1976 COM2 64 0R0 284 4.1 2.3 52.9 1.0104 0.00 0.0M
358860.000 1976 COM2 64 0R0 296 3.0 2.3 52.7 1.0104 0.00 0.0M
358920.000 1976 COM2 64 0R0 292 3.6 2.3 52.9 1.0105 0.00 0.0M
358980.000 1976 COM2 64 0R0 253 1.1 2.3 52.7 1.0104 0.00 0.0M
359040.000 1976 COM2 64 0R0 337 0.4 2.3 52.3 1.0105 0.00 0.0M
359100.000 1976 COM2 64 0R0 288 2.0 2.3 53.3 1.0105 0.00 0.0M
359160.000 1976 COM2 64 0R0 244 1.7 2.3 52.3 1.0105 0.00 0.0M
359220.000 1976 COM2 64 0R0 243 0.7 2.2 52.7 1.0105 0.00 0.0M
359280.000 1976 COM2 64 0R0 258 2.6 2.2 52.6 1.0106 0.00 0.0M
359340.000 1976 COM2 64 0R0 264 1.5 2.2 52.5 1.0106 0.00 0.0M
359400.000 1976 COM2 64 0R0 261 1.2 2.2 53.2 1.0106 0.00 0.0M
359460.000 1976 COM2 64 0R0 295 3.6 2.2 53.2 1.0106 0.00 0.0M
359520.000 1976 COM2 64 0R0 286 2.7 2.2 53.0 1.0106 0.00 0.0M
359580.000 1976 COM2 64 0R0 291 1.1 2.2 52.5 1.0106 0.00 0.0M
359640.000 1976 COM2 64 0R0 265 1.8 2.2 53.3 1.0106 0.00 0.0M
359700.000 1976 COM2 64 0R0 113 0.4 2.2 53.7 1.0106 0.00 0.0M
359760.000 1976 COM2 64 0R0 291 1.6 2.2 52.8 1.0106 0.00 0.0M
359820.000 1976 COM2 64 0R0 268 0.6 2.1 53.9 1.0106 0.00 0.0M
359880.000 1976 COM2 64 0R0 271 1.5 2.2 53.3 1.0106 0.00 0.0M
359940.000 1976 COM2 64 0R0 282 0.8 2.1 53.2 1.0106 0.00 0.0M
360000.000 1976 COM2 64 0R0 283 1.7 2.1 53.0 1.0106 0.00 0.0M
360060.000 1976 COM2 64 0R0 266 0.3 2.1 52.4 1.0106 0.00 0.0M
360120.000 1976 COM2 64 0R0 308 2.3 2.1 52.6 1.0106 0.00 0.0M
360180.000 1976 COM2 64 0R0 249 0.4 2.0 53.3 1.0106 0.00 0.0M
360240.000 1976 COM2 64 0R0 308 1.0 2.0 53.6 1.0106 0.00 0.0M
360300.000 1976 COM2 64 0R0 310 0.7 2.0 53.5 1.0106 0.00 0.0M
360360.000 1976 COM2 64 0R0 262 0.7 2.1 53.2 1.0106 0.00 0.0M
360420.000 1976 COM2 64 0R0 288 0.8 2.1 53.2 1.0106 0.00 0.0M
360480.000 1976 COM2 64 0R0 285 2.8 2.1 53.2 1.0106 0.00 0.0M
360540.000 1976 COM2 64 0R0 011 0.7 2.1 53.6 1.0106 0.00 0.0M
360600.000 1976 COM2 64 0R0 144 1.1 2.1 53.3 1.0105 0.00 0.0M
360660.000 1976 COM2 64 0R0 299 2.4 2.1 53.1 1.0105 0.00 0.0M
360720.000 1976 COM2 64 0R0 312 3.0 2.1 53.0 1.0105 0.00 0.0M
360780.000 1976 COM2 64 0R0 339 0.9 2.1 52.6 1.0105 0.00 0.0M
360840.000 1976 COM2 64 0R0 294 1.3 2.1 52.5 1.0105 0.00 0.0M
360900.000 1976 COM2 64 0R0 252 1.5 2.1 51.9 1.0105 0.00 0.0M
360960.000 1976 COM2 64 0R0 255 0.8 2.1 53.2 1.0105 0.00 0.0M
361020.000 1976 COM2 64 0R0 284 3.0 2.1 52.2 1.0106 0.00 0.0M
361080.000 1976 COM2 64 0R0 309 1.4 2.1 52.3 1.0106 0.00 0.0M
361140.000 1976 COM2 64 0R0 254 1.7 2.0 52.2 1.0106 0.00 0.0M
361200.000 1976 COM2 64 0R0 206 0.8 2.0 53.1 1.0106 0.00 0.0M
361260.000 1976 COM2 64 0R0 284 2.1 2.0 53.2 1.0106 0.00 0.0M
361320.000 1976 COM2 64 0R0 019 0.8 2.0 52.6 1.0106 0.00 0.0M
361380.000 1976 COM2 64 0R0 324 0.6 2.0 51.9 1.0106 0.00 0.0M
361440.000 1976 COM2 64 0R0 292 3.1 2.0 53.0 1.0106 0.00 0.0M
361500.000 1976 COM2 64 0R0 230 0.4 2.0 53.0 1.0106 0.00 0.0M
361560.000 1976 COM2 64 0R0 318 1.6 2.0 53.4 1.0106 0.00 0.0M
361620.000 1976 COM2 64 0R0 341 2.1 2.0 52.1 1.0106 0.00 0.0M
361680.000 1976 COM2 64 0R0 327 0.6 2.0 52.7 1.0106 0.00 0.0M
361740.000 1976 COM2 64 0R0 277 3.3 2.0 52.9 1.0105 0.00 0.0M
361800.000 1976 COM2 64 0R0 347 3.1 2.0 52.6 1.0105 0.00 0.0M
361860.000 1976 COM2 64 0R0 300 5.5 2.0 52.5 1.0104 0.00 0.0M
361920.000 1976 COM2 64 0R0 322 2.6 1.9 52.3 1.0105 0.00 0.0M
361980.000 1976 COM2 64 0R0 265 2.6 1.9 52.0 1.0105 0.00 0.0M
362040.000 1976 COM2 64 0R0 269 1.4 1.9 51.7 1.0105 0.00 0.0M
362100.000 1976 COM2 64 0R0 326 1.4 1.9 51.7 1.0105 0.00 0.0M
362160.000 1976 COM2 64 0R0 294 0.7 1.9 52.5 1.0105 0.00 0.0M
362220.000 1976 COM2 64 0R0 297 1.9 1.9 52.0 1.0105 0.00 0.0M
362280.000 1976 COM2 64 0R0 189 1.6 1.9 52.4 1.0105 0.00 0.0M
362340.000 1976 COM2 64 0R0 271 1.6 1.9 53.3 1.0106 0.00 0.0M
362400.000 1976 COM2 64 0R0 299 1.4 1.9 52.4 1.0106 0.00 0.0M
362460.000 1976 COM2 64 0R0 274 1.2 1.9 52.1 1.0107 0.00 0.0M
362520.000 1976 COM2 64 0R0 269 1.6 1.9 51.4 1.0107 0.00 0.0M
362580.000 1976 COM2 64 0R0 313 2.6 1.9 52.4 1.0107 0.00 0.0M
362640.000 1976 COM2 64 0R0 272 0.6 1.8 52.0 1.0107 0.00 0.0M
362700.000 1976 COM2 64 0R0 035 1.2 1.8 51.6 1.0106 0.00 0.0M
362760.000 1976 COM2 64 0R0 253 1.8 1.8 52.8 1.0106 0.00 0.0M
362820.000 1976 COM2 64 0R0 294 1.4 1.8 52.2 1.0106 0.00 0.0M
362880.000 1976 COM2 64 0R0 295 3.5 1.8 52.0 1.0106 0.00 0.0M
362940.000 1976 COM2 64 0R0 114 0.8 1.7 52.6 1.0106 0.00 0.0M
363000.000 1976 COM2 64 0R0 320 2.0 1.7 52.0 1.0106 0.00 0.0M
363060.000 1976 COM2 64 0R0 267 2.4 1.7 52.4 1.0106 0.00 0.0M
363120.000 1976 COM2 64 0R0 279 1.4 1.7 53.8 1.0106 0.00 0.0M
363180.000 1976 COM2 64 0R0 319 1.2 1.7 52.4 1.0107 0.00 0.0M
363240.000 1976 COM2 64 0R0 003 0.3 1.6 52.5 1.0106 0.00 0.0M
363300.000 1976 COM2 64 0R0 291 3.0 1.6 52.7 1.0106 0.00 0.0M
363360.100 1976 COM2 64 0R0 034 0.8 1.7 53.6 1.0106 0.00 0.0M
363420.000 1976 COM2 64 0R0 275 1.2 1.7 52.5 1.0107 0.00 0.0M
363480.000 1976 COM2 64 0R0 294 2.9 1.7 52.1 1.0107 0.00 0.0M
363540.000 1976 COM2 64 0R0 045 1.1 1.7 52.5 1.0107 0.00 0.0M
363600.000 1976 COM2 64 0R0 254 0.7 1.6 52.8 1.0107 0.00 0.0M
363660.000 1976 COM2 64 0R0 315 2.8 1.7 53.7 1.0108 0.00 0.0M
363720.000 1976 COM2 64 0R0 269 1.4 1.7 52.6 1.0108 0.00 0.0M
363780.000 1976 COM2 64 0R0 286 2.0 1.7 53.0 1.0108 0.00 0.0M
363840.000 1976 COM2 64 0R0 227 2.2 1.6 51.6 1.0108 0.00 0.0M
363900.000 1976 COM2 64 0R0 305 0.6 1.6 52.9 1.0108 0.00 0.0M
363960.000 1976 COM2 64 0R0 302 1.1 1.6 52.3 1.0108 0.00 0.0M
364020.000 1976 COM2 64 0R0 267 1.4 1.6 52.4 1.0108 0.00 0.0M
364080.000 1976 COM2 64 0R0 300 0.8 1.6 53.2 1.0108 0.00 0.0M
364140.000 1976 COM2 64 0R0 319 0.3 1.6 53.2 1.0108 0.00 0.0M
364200.000 1976 COM2 64 0R0 292 1.6 1.6 53.8 1.0107 0.00 0.0M
364260.000 1976 COM2 64 0R0 277 2.1 1.6 52.5 1.0107 0.00 0.0M
364320.000 1976 COM2 64 0R0 275 2.5 1.5 53.1 1.0107 0.00 0.0M
364380.000 1976 COM2 64 0R0 299 0.6 1.5 52.8 1.0106 0.00 0.0M
364440.000 1976 COM2 64 0R0 300 2.4 1.5 53.0 1.0106 0.00 0.0M
364500.000 1976 COM2 64 0R0 184 0.6 1.5 52.5 1.0106 0.00 0.0M
364560.000 1976 COM2 64 0R0 267 3.4 1.5 53.0 1.0106 0.00 0.0M
364620.000 1976 COM2 64 0R0 280 1.3 1.4 53.5 1.0106 0.00 0.0M
364680.000 1976 COM2 64 0R0 267 2.4 1.4 53.5 1.0106 0.00 0.0M
364740.000 1976 COM2 64 0R0 306 1.8 1.4 53.5 1.0106 0.00 0.0M
364800.000 1976 COM2 64 0R0 280 1.7 1.3 53.5 1.0106 0.00 0.0M
364860.000 1976 COM2 64 0R0 282 1.9 1.4 53.4 1.0106 0.00 0.0M
364920.000 1976 COM2 64 0R0 298 1.4 1.3 53.6 1.0106 0.00 0.0M
364980.000 1976 COM2 64 0R0 275 0.9 1.3 53.0 1.0106 0.00 0.0M
365040.000 1976 COM2 64 0R0 279 1.9 1.3 53.6 1.0106 0.00 0.0M
365100.000 1976 COM2 64 0R0 264 1.5 1.3 53.3 1.0106 0.00 0.0M
365160.000 1976 COM2 64 0R0 280 0.6 1.3 55.1 1.0106 0.00 0.0M
365220.000 1976 COM2 64 0R0 301 2.3 1.3 53.8 1.0106 0.00 0.0M
365280.000 1976 COM2 64 0R0 313 1.5 1.3 53.3 1.0107 0.00 0.0M
365340.000 1976 COM2 64 0R0 296 0.6 1.3 53.3 1.0106 0.00 0.0M
365400.000 1976 COM2 64 0R0 271 2.8 1.2 53.3 1.0106 0.00 0.0M
365460.000 1976 COM2 64 0R0 268 0.6 1.2 54.2 1.0106 0.00 0.0M
365520.000 1976 COM2 64 0R0 254 1.3 1.2 54.2 1.0106 0.00 0.0M
365580.000 1976 COM2 64 0R0 255 3.2 1.2 54.0 1.0105 0.00 0.0M
365640.000 1976 COM2 64 0R0 280 1.6 1.2 54.8 1.0105 0.00 0.0M
365700.000 1976 COM2 64 0R0 279 1.9 1.2 53.7 1.0105 0.00 0.0M
365760.000 1976 COM2 64 0R0 272 2.0 1.1 54.3 1.0104 0.00 0.0M
365820.000 1976 COM2 64 0R0 292 1.2 1.1 54.9 1.0104 0.00 0.0M
365880.000 1976 COM2 64 0R0 310 1.9 1.1 54.3 1.0105 0.00 0.0M
365940.000 1976 COM2 64 0R0 291 1.8 1.1 53.4 1.0105 0.00 0.0M
366000.000 1976 COM2 64 0R0 255 1.4 1.1 54.5 1.0105 0.00 0.0M
366060.000 1976 COM2 64 0R0 295 1.8 1.0 53.8 1.0105 0.00 0.0M
366120.000 1976 COM2 64 0R0 275 1.0 1.0 54.8 1.0106 0.00 0.0M
366180.000 1976 COM2 64 0R0 240 0.9 1.0 55.0 1.0106 0.00 0.0M
366240.000 1976 COM2 64 0R0 242 1.0 1.0 54.5 1.0105 0.00 0.0M
366300.000 1976 COM2 64 0R0 312 2.0 1.0 54.4 1.0105 0.00 0.0M
366360.000 1976 COM2 64 0R0 295 1.7 1.0 54.4 1.0105 0.00 0.0M
366420.000 1976 COM2 64 0R0 304 1.0 1.0 55.1 1.0105 0.00 0.0M
366480.000 1976 COM2 64 0R0 285 3.0 1.0 54.7 1.0105 0.00 0.0M
366540.000 1976 COM2 64 0R0 298 1.2 1.0 54.9 1.0104 0.00 0.0M
366600.000 1976 COM2 64 0R0 278 2.9 1.0 54.6 1.0104 0.00 0.0M
366660.000 1976 COM2 64 0R0 288 2.5 1.0 55.1 1.0104 0.00 0.0M
366720.000 1976 COM2 64 0R0 286 1.8 1.0 55.0 1.0103 0.00 0.0M
366780.000 1976 COM2 64 0R0 280 2.6 0.9 55.2 1.0103 0.00 0.0M
366840.000 1976 COM2 64 0R0 262 1.9 0.9 55.8 1.0103 0.00 0.0M
366900.000 1976 COM2 64 0R0 267 1.6 0.9 55.2 1.0104 0.00 0.0M
366960.000 1976 COM2 64 0R0 235 0.9 0.9 56.0 1.0104 0.00 0.0M
367020.000 1976 COM2 64 0R0 236 0.7 0.9 55.1 1.0104 0.00 0.0M
367080.000 1976 COM2 64 0R0 194 1.6 0.8 55.7 1.0105 0.00 0.0M
367140.000 1976 COM2 64 0R0 209 0.6 0.9 56.6 1.0105 0.00 0.0M
367200.000 1976 COM2 64 0R0 228 2.0 0.9 55.8 1.0105 0.00 0.0M
367260.000 1976 COM2 64 0R0 215 0.2 0.9 56.7 1.0105 0.00 0.0M
367320.000 1976 COM2 64 0R0 285 2.6 0.9 55.3 1.0104 0.00 0.0M
367380.000 1976 COM2 64 0R0 301 0.7 0.9 55.7 1.0104 0.00 0.0M
367440.000 1976 COM2 64 0R0 283 1.6 0.9 54.8 1.0102 0.00 0.0M
367500.000 1976 COM2 64 0R0 282 3.0 0.8 55.4 1.0103 0.00 0.0M
367560.000 1976 COM2 64 0R0 116 0.5 0.8 55.6 1.0102 0.00 0.0M
367620.000 1976 COM2 64 0R0 301 2.4 0.8 55.5 1.0102 0.00 0.0M
367680.000 1976 COM2 64 0R0 297 2.8 0.7 56.4 1.0103 0.00 0.0M
367740.000 1976 COM2 64 0R0 324 0.4 0.7 56.2 1.0103 0.00 0.0M
367800.000 1976 COM2 64 0R0 273 3.2 0.7 56.5 1.0103 0.00 0.0M
367860.000 1976 COM2 64 0R0 287 1.1 0.7 56.0 1.0103 0.00 0.0M
367920.000 1976 COM2 64 0R0 182 0.9 0.7 55.4 1.0103 0.00 0.0M
367980.000 1976 COM2 64 0R0 275 1.9 0.7 56.7 1.0103 0.00 0.0M
368040.000 1976 COM2 64 0R0 265 0.9 0.7 55.3 1.0104 0.00 0.0M
368100.000 1976 COM2 64 0R0 218 1.1 0.7 56.1 1.0104 0.00 0.0M
368160.000 1976 COM2 64 0R0 295 0.3 0.7 57.3 1.0104 0.00 0.0M
368220.000 1976 COM2 64 0R0 286 0.7 0.7 55.6 1.0104 0.00 0.0M
368280.000 1976 COM2 64 0R0 203 0.6 0.7 56.6 1.0104 0.00 0.0M
368340.000 1976 COM2 64 0R0 293 1.5 0.7 56.3 1.0103 0.00 0.0M
368400.000 1976 COM2 64 0R0 263 2.1 0.7 55.1 1.0103 0.00 0.0M
368460.000 1976 COM2 64 0R0 315 0.7 0.6 55.0 1.0103 0.00 0.0M
368520.000 1976 COM2 64 0R0 271 2.3 0.6 55.6 1.0103 0.00 0.0M
368580.000 1976 COM2 64 0R0 275 2.3 0.5 56.0 1.0103 0.00 0.0M
368640.000 1976 COM2 64 0R0 263 1.1 0.5 56.0 1.0103 0.00 0.0M
368700.000 1976 COM2 64 0R0 283 2.6 0.5 55.7 1.0104 0.00 0.0M
368760.000 1976 COM2 64 0R0 213 0.4 0.4 56.3 1.0104 0.00 0.0M
368820.000 1976 COM2 64 0R0 273 0.8 0.4 56.8 1.0104 0.00 0.0M
368880.000 1976 COM2 64 0R0 010 0.5 0.5 56.4 1.0104 0.00 0.0M
368940.000 1976 COM2 64 0R0 311 2.8 0.5 55.5 1.0104 0.00 0.0M
369000.000 1976 COM2 64 0R0 012 1.2 0.5 55.8 1.0104 0.00 0.0M
369060.000 1976 COM2 64 0R0 299 0.9 0.5 55.2 1.0104 0.00 0.0M
369120.000 1976 COM2 64 0R0 181 0.2 0.5 55.9 1.0104 0.00 0.0M
369180.000 1976 COM2 64 0R0 266 0.9 0.5 55.5 1.0104 0.00 0.0M
369240.000 1976 COM2 64 0R0 168 0.5 0.5 55.5 1.0104 0.00 0.0M
369300.000 1976 COM2 64 0R0 274 2.5 0.5 56.5 1.0104 0.00 0.0M
369360.000 1976 COM2 64 0R0 277 1.5 0.5 56.0 1.0104 0.00 0.0M
369420.000 1976 COM2 64 0R0 120 1.0 0.5 55.3 1.0103 0.00 0.0M
369480.000 1976 COM2 64 0R0 332 2.4 0.5 56.0 1.0103 0.00 0.0M
369540.000 1976 COM2 64 0R0 260 1.4 0.5 56.1 1.0103 0.00 0.0M
369600.000 1976 COM2 64 0R0 264 1.2 0.5 55.4 1.0103 0.00 0.0M
369660.000 1976 COM2 64 0R0 267 1.4 0.5 55.6 1.0103 0.00 0.0M
369720.000 1976 COM2 64 0R0 252 1.4 0.5 55.9 1.0104 0.00 0.0M
369780.000 1976 COM2 64 0R0 312 1.4 0.5 55.8 1.0105 0.00 0.0M
369840.000 1976 COM2 64 0R0 269 2.1 0.5 56.6 1.0105 0.00 0.0M
369900.000 1976 COM2 64 0R0 278 1.3 0.5 55.5 1.0105 0.00 0.0M
369960.000 1976 COM2 64 0R0 272 2.3 0.5 56.0 1.0104 0.00 0.0M
370020.000 1976 COM2 64 0R0 295 3.0 0.5 55.0 1.0104 0.00 0.0M
370080.000 1976 COM2 64 0R0 302 2.8 0.4 56.1 1.0104 0.00 0.0M
370140.000 1976 COM2 64 0R0 279 1.8 0.4 55.8 1.0104 0.00 0.0M
370200.000 1976 COM2 64 0R0 323 0.4 0.4 55.8 1.0103 0.00 0.0M
370260.000 1976 COM2 64 0R0 308 2.3 0.4 55.7 1.0102 0.00 0.0M
370320.000 1976 COM2 64 0R0 042 0.5 0.4 55.7 1.0102 0.00 0.0M
370380.000 1976 COM2 64 0R0 335 2.8 0.5 55.2 1.0101 0.00 0.0M
370440.000 1976 COM2 64 0R0 243 1.2 0.5 55.2 1.0101 0.00 0.0M
370500.000 1976 COM2 64 0R0 021 0.9 0.5 55.5 1.0100 0.00 0.0M
370560.000 1976 COM2 64 0R0 067 0.6 0.5 55.1 1.0100 0.00 0.0M
370620.000 1976 COM2 64 0R0 224 0.9 0.5 55.0 1.0101 0.00 0.0M
370680.000 1976 COM2 64 0R0 236 0.3 0.5 54.8 1.0101 0.00 0.0M
370740.000 1976 COM2 64 0R0 338 2.2 0.5 57.3 1.0101 0.00 0.0M
370800.000 1976 COM2 64 0R0 344 2.2 0.6 54.6 1.0101 0.00 0.0M
370860.000 1976 COM2 64 0R0 319 1.9 0.6 53.9 1.0102 0.00 0.0M
370920.000 1976 COM2 64 0R0 337 0.9 0.6 54.1 1.0102 0.00 0.0M
370980.000 1976 COM2 64 0R0 273 1.7 0.6 54.2 1.0102 0.00 0.0M
371040.000 1976 COM2 64 0R0 342 2.9 0.6 54.6 1.0102 0.00 0.0M
371100.000 1976 COM2 64 0R0 312 3.1 0.5 54.3 1.0102 0.00 0.0M
371160.000 1976 COM2 64 0R0 267 0.7 0.5 54.2 1.0103 0.00 0.0M
371220.000 1976 COM2 64 0R0 295 1.6 0.5 54.1 1.0103 0.00 0.0M
371280.000 1976 COM2 64 0R0 349 1.5 0.4 55.7 1.0103 0.00 0.0M
371340.000 1976 COM2 64 0R0 272 1.3 0.4 55.2 1.0103 0.00 0.0M
371400.000 1976 COM2 64 0R0 344 3.1 0.4 54.5 1.0103 0.00 0.0M
371460.000 1976 COM2 64 0R0 250 1.3 0.4 54.6 1.0103 0.00 0.0M
371520.000 1976 COM2 64 0R0 351 1.8 0.4 55.4 1.0103 0.00 0.0M
371580.000 1976 COM2 64 0R0 111 0.9 0.5 54.2 1.0103 0.00 0.0M
371640.000 1976 COM2 64 0R0 277 0.9 0.5 55.8 1.0103 0.00 0.0M
371700.000 1976 COM2 64 0R0 345 1.5 0.5 54.0 1.0104 0.00 0.0M
371760.000 1976 COM2 64 0R0 288 2.0 0.5 55.3 1.0103 0.00 0.0M
371820.000 1976 COM2 64 0R0 283 2.6 0.5 54.2 1.0103 0.00 0.0M
371880.000 1976 COM2 64 0R0 359 0.6 0.5 54.6 1.0104 0.00 0.0M
371940.000 1976 COM2 64 0R0 323 1.4 0.4 54.3 1.0104 0.00 0.0M
372000.000 1976 COM2 64 0R0 321 3.4 0.4 54.8 1.0104 0.00 0.0M
372060.000 1976 COM2 64 0R0 303 0.5 0.5 53.9 1.0104 0.00 0.0M
372120.000 1976 COM2 64 0R0 138 0.9 0.5 54.8 1.0103 0.00 0.0M
372180.000 1976 COM2 64 0R0 039 1.1 0.5 54.9 1.0103 0.00 0.0M
372240.000 1976 COM2 64 0R0 303 3.6 0.5 54.1 1.0103 0.00 0.0M
372300.000 1976 COM2 64 0R0 310 4.0 0.5 54.1 1.0103 0.00 0.0M
372360.000 1976 COM2 64 0R0 311 2.1 0.5 54.1 1.0103 0.00 0.0M
372420.000 1976 COM2 64 0R0 007 0.4 0.5 54.7 1.0103 0.00 0.0M
372480.000 1976 COM2 64 0R0 257 0.9 0.5 54.4 1.0103 0.00 0.0M
372540.000 1976 COM2 64 0R0 268 3.1 0.5 54.3 1.0102 0.00 0.0M
372600.000 1976 COM2 64 0R0 048 0.8 0.4 55.2 1.0102 0.00 0.0M
372660.000 1976 COM2 64 0R0 275 2.6 0.4 54.7 1.0102 0.00 0.0M
372720.000 1976 COM2 64 0R0 297 2.5 0.4 54.8 1.0102 0.00 0.0M
372780.000 1976 COM2 64 0R0 327 1.1 0.4 54.3 1.0102 0.00 0.0M
372840.000 1976 COM2 64 0R0 344 0.6 0.4 53.9 1.0101 0.00 0.0M
372900.000 1976 COM2 64 0R0 309 1.9 0.4 54.5 1.0101 0.00 0.0M
372960.000 1976 COM2 64 0R0 351 1.0 0.4 54.2 1.0101 0.00 0.0M
373020.000 1976 COM2 64 0R0 274 3.4 0.4 54.3 1.0101 0.00 0.0M
373080.000 1976 COM2 64 0R0 345 3.0 0.4 54.6 1.0102 0.00 0.0M
373140.000 1976 COM2 64 0R0 337 1.3 0.4 54.4 1.0102 0.00 0.0M
373200.000 1976 COM2 64 0R0 334 0.3 0.3 55.5 1.0102 0.00 0.0M
373260.000 1976 COM2 64 0R0 306 1.4 0.3 54.5 1.0102 0.00 0.0M
373320.000 1976 COM2 64 0R0 332 1.0 0.3 54.6 1.0102 0.00 0.0M
373380.000 1976 COM2 64 0R0 351 0.7 0.3 54.9 1.0102 0.00 0.0M
373440.000 1976 COM2 64 0R0 297 0.4 0.3 55.0 1.0102 0.00 0.0M
373500.000 1976 COM2 64 0R0 014 0.3 0.3 56.1 1.0102 0.00 0.0M
373560.000 1976 COM2 64 0R0 300 0.7 0.4 55.1 1.0102 0.00 0.0M
373620.000 1976 COM2 64 0R0 079 0.6 0.4 55.5 1.0102 0.00 0.0M
373680.000 1976 COM2 64 0R0 273 2.4 0.3 54.4 1.0102 0.00 0.0M
373740.000 1976 COM2 64 0R0 342 4.1 0.3 55.4 1.0102 0.00 0.0M
373800.000 1976 COM2 64 0R0 346 1.5 0.2 55.4 1.0102 0.00 0.0M
373860.000 1976 COM2 64 0R0 019 0.4 0.2 55.4 1.0101 0.00 0.0M
373920.000 1976 COM2 64 0R0 251 0.7 0.2 55.4 1.0102 0.00 0.0M
373980.000 1976 COM2 64 0R0 303 0.4 0.2 55.3 1.0102 0.00 0.0M
374040.000 1976 COM2 64 0R0 271 1.4 0.2 55.1 1.0103 0.00 0.0M
374100.000 1976 COM2 64 0R0 223 0.7 0.2 55.0 1.0103 0.00 0.0M
374160.000 1976 COM2 64 0R0 285 2.7 0.2 55.9 1.0103 0.00 0.0M
374220.000 1976 COM2 64 0R0 357 1.5 0.2 55.5 1.0102 0.00 0.0M
374280.000 1976 COM2 64 0R0 339 0.6 0.2 55.3 1.0102 0.00 0.0M
374340.000 1976 COM2 64 0R0 289 2.0 0.2 55.7 1.0102 0.00 0.0M
374400.000 1976 COM2 64 0R0 319 1.0 0.2 55.3 1.0102 0.00 0.0M
374460.000 1976 COM2 64 0R0 278 1.7 0.2 56.0 1.0102 0.00 0.0M
374520.000 1976 COM2 64 0R0 312 0.3 0.2 54.8 1.0103 0.00 0.0M
374580.000 1976 COM2 64 0R0 275 0.2 0.2 55.8 1.0102 0.00 0.0M
374640.000 1976 COM2 64 0R0 338 1.0 0.2 56.4 1.0102 0.00 0.0M
374700.000 1976 COM2 64 0R0 012 0.6 0.2 55.2 1.0101 0.00 0.0M
374760.000 1976 COM2 64 0R0 344 2.5 0.2 55.7 1.0101 0.00 0.0M
374820.000 1976 COM2 64 0R0 349 1.0 0.2 54.7 1.0101 0.00 0.0M
374880.000 1976 COM2 64 0R0 269 1.2 0.2 55.4 1.0101 0.00 0.0M
374940.000 1976 COM2 64 0R0 003 0.8 0.2 55.4 1.0101 0.00 0.0M
375000.000 1976 COM2 64 0R0 166 1.2 0.2 55.0 1.0101 0.00 0.0M
375060.000 1976 COM2 64 0R0 319 1.3 0.2 55.5 1.0102 0.00 0.0M
375120.000 1976 COM2 64 0R0 011 0.4 0.2 55.7 1.0103 0.00 0.0M
375180.000 1976 COM2 64 0R0 195 0.8 0.2 56.8 1.0103 0.00 0.0M
375240.000 1976 COM2 64 0R0 023 0.7 0.2 56.1 1.0102 0.00 0.0M
375300.000 1976 COM2 64 0R0 025 1.4 0.2 55.5 1.0103 0.00 0.0M
375360.000 1976 COM2 64 0R0 281 1.6 0.2 55.2 1.0103 0.00 0.0M
375420.000 1976 COM2 64 0R0 294 1.4 0.2 56.3 1.0103 0.00 0.0M
375480.000 1976 COM2 64 0R0 223 0.6 0.2 56.3 1.0103 0.00 0.0M
375540.000 1976 COM2 64 0R0 211 0.6 0.1 56.4 1.0103 0.00 0.0M
375600.000 1976 COM2 64 0R0 338 1.0 0.1 56.6 1.0103 0.00 0.0M
375660.000 1976 COM2 64 0R0 332 0.8 0.1 56.8 1.0103 0.00 0.0M
375720.000 1976 COM2 64 0R0 299 2.2 0.1 56.9 1.0103 0.00 0.0M
375780.000 1976 COM2 64 0R0 310 1.0 0.1 56.6 1.0103 0.00 0.0M
375840.000 1976 COM2 64 0R0 307 0.4 0.1 56.4 1.0103 0.00 0.0M
375900.000 1976 COM2 64 0R0 345 1.3 0.1 57.4 1.0104 0.00 0.0M
375960.000 1976 COM2 64 0R0 230 0.9 0.1 56.8 1.0104 0.00 0.0M
376020.000 1976 COM2 64 0R0 319 0.7 0.1 57.9 1.0104 0.00 0.0M
376080.000 1976 COM2 64 0R0 301 2.0 0.1 56.0 1.0104 0.00 0.0M
376140.000 1976 COM2 64 0R0 035 0.3 0.1 56.5 1.0103 0.00 0.0M
376200.000 1976 COM2 64 0R0 024 0.5 0.1 56.6 1.0103 0.00 0.0M
376260.000 1976 COM2 64 0R0 343 3.0 0.1 56.4 1.0103 0.00 0.0M
376320.000 1976 COM2 64 0R0 041 0.7 0.1 55.5 1.0103 0.00 0.0M
376380.000 1976 COM2 64 0R0 342 0.6 0.1 56.5 1.0103 0.00 0.0M
376440.000 1976 COM2 64 0R0 285 0.3 0.0 57.2 1.0103 0.00 0.0M
376500.000 1976 COM2 64 0R0 256 0.6 0.1 57.2 1.0103 0.00 0.0M
376560.000 1976 COM2 64 0R0 310 1.4 0.1 57.5 1.0103 0.00 0.0M
376620.000 1976 COM2 64 0R0 356 0.3 0.1 56.1 1.0103 0.00 0.0M
376680.000 1976 COM2 64 0R0 332 0.9 0.1 57.3 1.0102 0.00 0.0M
376740.000 1976 COM2 64 0R0 238 1.1 0.0 57.2 1.0102 0.00 0.0M
376800.000 1976 COM2 64 0R0 338 1.1 0.0 57.4 1.0102 0.00 0.0M
376860.000 1976 COM2 64 0R0 210 0.9 0.0 57.1 1.0102 0.00 0.0M
376920.000 1976 COM2 64 0R0 002 0.3 0.0 58.2 1.0102 0.00 0.0M
376980.000 1976 COM2 64 0R0 355 1.1 0.0 57.3 1.0103 0.00 0.0M
377040.000 1976 COM2 64 0R0 288 0.4 0.0 56.8 1.0103 0.00 0.0M
377100.000 1976 COM2 64 0R0 307 1.3 0.0 56.8 1.0103 0.00 0.0M
377160.000 1976 COM2 64 0R0 283 1.6 0.0 56.8 1.0102 0.00 0.0M
377220.000 1976 COM2 64 0R0 242 0.5 0.0 56.7 1.0103 0.00 0.0M
377280.000 1976 COM2 64 0R0 231 0.5 0.0 58.2 1.0103 0.00 0.0M
377340.000 1976 COM2 65 0R0 259 0.7 -0.1 57.7 1.0103 0.00 0.0M
377400.000 1976 COM2 65 0R0 009 0.5 -0.1 58.2 1.0103 0.00 0.0M
377460.000 1976 COM2 65 0R0 305 1.3 -0.1 58.2 1.0103 0.00 0.0M
377520.000 1976 COM2 65 0R0 271 0.8 -0.1 58.0 1.0103 0.00 0.0M
377580.000 1976 COM2 65 0R0 251 0.7 -0.1 58.2 1.0103 0.00 0.0M
377640.000 1976 COM2 65 0R0 225 1.1 -0.1 59.0 1.0104 0.00 0.0M
377700.000 1976 COM2 65 0R0 243 1.1 -0.1 59.1 1.0104 0.00 0.0M
377760.000 1976 COM2 65 0R0 164 0.8 -0.1 58.3 1.0104 0.00 0.0M
377820.000 1976 COM2 65 0R0 342 0.2 -0.1 59.3 1.0104 0.00 0.0M
377880.000 1976 COM2 65 0R0 298 0.3 -0.1 58.6 1.0103 0.00 0.0M
377940.000 1976 COM2 65 0R0 327 1.0 -0.1 57.9 1.0103 0.00 0.0M
378000.000 1976 COM2 65 0R0 258 0.2 -0.1 57.1 1.0103 0.00 0.0M
378060.000 1976 COM2 65 0R0 263 0.7 -0.1 58.8 1.0103 0.00 0.0M
378120.000 1976 COM2 65 0R0 315 1.0 -0.2 58.4 1.0102 0.00 0.0M
378180.000 1976 COM2 65 0R0 322 0.9 -0.2 58.2 1.0102 0.00 0.0M
378240.000 1976 COM2 65 0R0 308 1.2 -0.2 57.9 1.0102 0.00 0.0M
378300.000 1976 COM2 65 0R0 286 2.1 -0.1 58.6 1.0102 0.00 0.0M
378360.000 1976 COM2 65 0R0 220 0.4 -0.1 58.7 1.0102 0.00 0.0M
378420.000 1976 COM2 65 0R0 264 0.4 -0.1 58.6 1.0102 0.00 0.0M
378480.000 1976 COM2 65 0R0 185 0.2 -0.1 58.8 1.0102 0.00 0.0M
378540.000 1976 COM2 65 0R0 175 0.4 -0.1 59.2 1.0102 0.00 0.0M
378600.000 1976 COM2 65 0R0 352 0.3 -0.1 58.6 1.0102 0.00 0.0M
378660.000 1976 COM2 65 0R0 273 0.5 -0.2 58.0 1.0103 0.00 0.0M
378720.000 1976 COM2 65 0R0 278 0.7 -0.2 59.4 1.0103 0.00 0.0M
378780.000 1976 COM2 65 0R0 210 0.7 -0.2 60.1 1.0103 0.00 0.0M
378840.000 1976 COM2 65 0R0 272 0.9 -0.2 60.6 1.0103 0.00 0.0M
378900.000 1976 COM2 65 0R0 326 0.3 -0.2 60.2 1.0103 0.00 0.0M
378960.000 1976 COM2 65 0R0 338 0.4 -0.2 59.2 1.0103 0.00 0.0M
379020.000 1976 COM2 65 0R0 280 1.5 -0.2 58.6 1.0103 0.00 0.0M
379080.000 1976 COM2 65 0R0 256 1.6 -0.3 58.9 1.0103 0.00 0.0M
379140.000 1976 COM2 65 0R0 309 1.4 -0.3 59.8 1.0103 0.00 0.0M
379200.000 1976 COM2 65 0R0 282 0.5 -0.3 58.8 1.0103 0.00 0.0M
379260.000 1976 COM2 65 0R0 215 0.9 -0.4 59.4 1.0103 0.00 0.0M
379320.000 1976 COM2 65 0R0 260 0.9 -0.4 59.3 1.0103 0.00 0.0M
379380.000 1976 COM2 65 0R0 267 1.7 -0.4 59.6 1.0103 0.00 0.0M
379440.000 1976 COM2 65 0R0 256 1.3 -0.5 60.3 1.0103 0.00 0.0M
379500.000 1976 COM2 65 0R0 276 0.4 -0.5 59.8 1.0103 0.00 0.0M
379560.000 1976 COM2 65 0R0 006 0.3 -0.5 59.9 1.0103 0.00 0.0M
379620.000 1976 COM2 65 0R0 285 2.0 -0.5 58.6 1.0103 0.00 0.0M
379680.000 1976 COM2 65 0R0 272 1.5 -0.5 58.5 1.0103 0.00 0.0M
379740.000 1976 COM2 65 0R0 297 1.3 -0.6 58.7 1.0103 0.00 0.0M
379800.000 1976 COM2 65 0R0 287 0.7 -0.6 59.3 1.0103 0.00 0.0M
379860.000 1976 COM2 65 0R0 300 0.8 -0.6 59.8 1.0102 0.00 0.0M
379920.000 1976 COM2 65 0R0 065 0.2 -0.6 60.5 1.0102 0.00 0.0M
379980.000 1976 COM2 65 0R0 273 0.9 -0.5 59.9 1.0102 0.00 0.0M
380040.000 1976 COM2 65 0R0 348 0.3 -0.5 59.7 1.0102 0.00 0.0M
380100.000 1976 COM2 65 0R0 022 0.4 -0.5 59.8 1.0102 0.00 0.0M
380160.000 1976 COM2 65 0R0 242 0.4 -0.5 59.5 1.0102 0.00 0.0M
380220.000 1976 COM2 65 0R0 290 0.8 -0.5 60.2 1.0102 0.00 0.0M
380280.000 1976 COM2 65 0R0 309 0.8 -0.4 60.5 1.0101 0.00 0.0M
380340.000 1976 COM2 65 0R0 321 0.8 -0.4 59.6 1.0101 0.00 0.0M
380400.000 1976 COM2 65 0R0 337 1.6 -0.3 59.3 1.0101 0.00 0.0M
380460.000 1976 COM2 65 0R0 346 1.1 -0.4 58.9 1.0101 0.00 0.0M
380520.000 1976 COM2 65 0R0 087 0.8 -0.4 59.3 1.0101 0.00 0.0M
380580.000 1976 COM2 65 0R0 325 1.3 -0.3 58.9 1.0101 0.00 0.0M
380640.000 1976 COM2 65 0R0 314 0.2 -0.4 58.8 1.0101 0.00 0.0M
380700.000 1976 COM2 65 0R0 039 0.9 -0.4 60.0 1.0101 0.00 0.0M
380760.000 1976 COM2 65 0R0 004 0.3 -0.4 59.2 1.0101 0.00 0.0M
380820.000 1976 COM2 65 0R0 348 0.5 -0.5 59.9 1.0101 0.00 0.0M
380880.000 1976 COM2 65 0R0 294 1.3 -0.5 60.1 1.0101 0.00 0.0M
380940.000 1976 COM2 65 0R0 093 0.7 -0.5 59.8 1.0100 0.00 0.0M
381000.000 1976 COM2 65 0R0 290 2.7 -0.6 60.1 1.0100 0.00 0.0M
381060.000 1976 COM2 65 0R0 274 0.3 -0.6 59.7 1.0100 0.00 0.0M
381120.000 1976 COM2 65 0R0 288 0.8 -0.6 59.7 1.0100 0.00 0.0M
381180.000 1976 COM2 65 0R0 268 0.2 -0.6 59.8 1.0100 0.00 0.0M
381240.000 1976 COM2 65 0R0 301 1.7 -0.6 60.9 1.0100 0.00 0.0M
381300.000 1976 COM2 65 0R0 297 0.6 -0.6 60.4 1.0100 0.00 0.0M
381360.000 1976 COM2 65 0R0 012 0.3 -0.6 60.5 1.0100 0.00 0.0M
381420.000 1976 COM2 65 0R0 302 0.9 -0.6 60.0 1.0101 0.00 0.0M
381480.000 1976 COM2 65 0R0 311 1.6 -0.6 59.9 1.0101 0.00 0.0M
381540.000 1976 COM2 65 0R0 296 0.4 -0.6 59.6 1.0101 0.00 0.0M
381600.000 1976 COM2 65 0R0 305 1.0 -0.6 59.6 1.0101 0.00 0.0M
381660.000 1976 COM2 65 0R0 284 1.3 -0.6 59.5 1.0102 0.00 0.0M
381720.000 1976 COM2 65 0R0 287 1.6 -0.6 59.0 1.0102 0.00 0.0M
381780.000 1976 COM2 65 0R0 318 0.3 -0.6 59.7 1.0102 0.00 0.0M
381840.000 1976 COM2 65 0R0 340 0.2 -0.6 60.3 1.0102 0.00 0.0M
381900.000 1976 COM2 65 0R0 118 0.3 -0.6 61.1 1.0102 0.00 0.0M
381960.000 1976 COM2 65 0R0 050 0.9 -0.6 60.9 1.0102 0.00 0.0M
382020.000 1976 COM2 65 0R0 046 0.6 -0.6 59.7 1.0102 0.00 0.0M
382080.000 1976 COM2 65 0R0 028 0.7 -0.6 60.2 1.0102 0.00 0.0M
382140.000 1976 COM2 65 0R0 000 0.5 -0.6 59.9 1.0102 0.00 0.0M
382200.000 1976 COM2 65 0R0 290 1.2 -0.6 59.7 1.0101 0.00 0.0M
382260.000 1976 COM2 65 0R0 047 0.2 -0.6 58.7 1.0102 0.00 0.0M
382320.000 1976 COM2 65 0R0 304 2.4 -0.6 58.9 1.0102 0.00 0.0M
382380.000 1976 COM2 65 0R0 274 0.5 -0.7 59.3 1.0103 0.00 0.0M
382440.000 1976 COM2 65 0R0 218 0.3 -0.7 60.0 1.0103 0.00 0.0M
382500.000 1976 COM2 65 0R0 274 0.7 -0.7 59.9 1.0104 0.00 0.0M
382560.000 1976 COM2 65 0R0 300 1.2 -0.7 58.3 1.0104 0.00 0.0M
382620.000 1976 COM2 65 0R0 266 2.5 -0.7 59.9 1.0105 0.00 0.0M
382680.000 1976 COM2 65 0R0 277 2.1 -0.8 58.3 1.0105 0.00 0.0M
382740.000 1976 COM2 65 0R0 290 1.0 -0.8 59.3 1.0105 0.00 0.0M
382800.000 1976 COM2 65 0R0 296 1.8 -0.8 60.3 1.0105 0.00 0.0M
382860.000 1976 COM2 65 0R0 256 1.1 -0.8 59.8 1.0105 0.00 0.0M
382920.000 1976 COM2 65 0R0 274 1.5 -0.8 59.0 1.0106 0.00 0.0M
382980.000 1976 COM2 65 0R0 253 1.6 -0.8 60.1 1.0106 0.00 0.0M
383040.000 1976 COM2 65 0R0 315 0.5 -0.8 60.3 1.0107 0.00 0.0M
383100.000 1976 COM2 65 0R0 202 1.3 -0.8 60.7 1.0108 0.00 0.0M
383160.000 1976 COM2 65 0R0 226 0.9 -0.8 60.9 1.0108 0.00 0.0M
383220.000 1976 COM2 65 0R0 191 2.2 -0.7 61.3 1.0109 0.00 0.0M
383280.000 1976 COM2 65 0R0 236 2.0 -0.7 61.3 1.0109 0.00 0.0M
383340.000 1976 COM2 65 0R0 210 2.8 -0.7 61.0 1.0110 0.00 0.0M
383400.000 1976 COM2 65 0R0 203 1.5 -0.7 60.6 1.0110 0.00 0.0M
383460.000 1976 COM2 65 0R0 209 2.0 -0.7 60.8 1.0110 0.00 0.0M
383520.000 1976 COM2 65 0R0 237 1.4 -0.8 61.3 1.0111 0.00 0.0M
383580.000 1976 COM2 65 0R0 266 0.9 -0.9 61.5 1.0110 0.00 0.0M
383640.000 1976 COM2 65 0R0 310 1.4 -0.9 61.5 1.0110 0.00 0.0M
383700.000 1976 COM2 65 0R0 254 1.5 -0.9 61.4 1.0110 0.00 0.0M
383760.000 1976 COM2 65 0R0 232 1.0 -0.9 61.0 1.0110 0.00 0.0M
383820.000 1976 COM2 65 0R0 266 1.0 -1.0 62.1 1.0110 0.00 0.0M
383880.000 1976 COM2 65 0R0 296 1.5 -1.0 61.8 1.0109 0.00 0.0M
383940.000 1976 COM2 65 0R0 218 1.5 -1.0 62.2 1.0109 0.00 0.0M
384000.000 1976 COM2 65 0R0 261 1.7 -1.0 62.4 1.0109 0.00 0.0M
384060.000 1976 COM2 65 0R0 250 1.9 -1.0 62.1 1.0108 0.00 0.0M
384120.000 1976 COM2 65 0R0 216 0.5 -1.0 62.3 1.0108 0.00 0.0M
384180.000 1976 COM2 65 0R0 261 0.9 -1.0 62.1 1.0108 0.00 0.0M
384240.000 1976 COM2 65 0R0 289 0.5 -1.0 61.6 1.0108 0.00 0.0M
384300.000 1976 COM2 65 0R0 246 0.6 -1.0 61.6 1.0108 0.00 0.0M
384360.000 1976 COM2 65 0R0 286 1.2 -1.0 61.7 1.0107 0.00 0.0M
384420.000 1976 COM2 65 0R0 308 1.0 -1.0 61.8 1.0107 0.00 0.0M
384480.000 1976 COM2 65 0R0 012 0.5 -1.0 61.9 1.0107 0.00 0.0M
384540.000 1976 COM2 65 0R0 294 2.3 -1.0 61.3 1.0106 0.00 0.0M
384600.000 1976 COM2 65 0R0 274 1.4 -1.0 60.4 1.0106 0.00 0.0M
384660.000 1976 COM2 65 0R0 255 0.6 -1.0 59.3 1.0106 0.00 0.0M
384720.000 1976 COM2 65 0R0 327 1.8 -1.0 60.0 1.0106 0.00 0.0M
384780.000 1976 COM2 65 0R0 257 1.9 -1.0 60.0 1.0105 0.00 0.0M
384840.000 1976 COM2 65 0R0 256 1.1 -1.0 60.8 1.0105 0.00 0.0M
384900.000 1976 COM2 65 0R0 234 1.2 -1.0 60.5 1.0105 0.00 0.0M
384960.000 1976 COM2 65 0R0 267 1.3 -1.0 60.9 1.0106 0.00 0.0M
385020.000 1976 COM2 65 0R0 258 2.4 -1.0 60.7 1.0106 0.00 0.0M
385080.000 1976 COM2 65 0R0 273 2.0 -1.0 60.7 1.0106 0.00 0.0M
385140.000 1976 COM2 65 0R0 292 1.0 -1.1 60.4 1.0106 0.00 0.0M
385200.000 1976 COM2 65 0R0 296 1.0 -1.1 60.4 1.0106 0.00 0.0M
385260.000 1976 COM2 65 0R0 256 1.9 -1.1 60.8 1.0106 0.00 0.0M
385320.000 1976 COM2 65 0R0 248 1.8 -1.2 61.0 1.0107 0.00 0.0M
385380.000 1976 COM2 65 0R0 320 0.3 -1.2 60.5 1.0107 0.00 0.0M
385440.000 1976 COM2 65 0R0 284 0.8 -1.2 61.8 1.0107 0.00 0.0M
385500.000 1976 COM2 65 0R0 297 0.7 -1.2 62.7 1.0107 0.00 0.0M
385560.000 1976 COM2 65 0R0 275 1.3 -1.2 62.5 1.0107 0.00 0.0M
385620.000 1976 COM2 65 0R0 269 1.2 -1.1 62.2 1.0107 0.00 0.0M
385680.000 1976 COM2 65 0R0 225 0.4 -1.1 61.3 1.0107 0.00 0.0M
385740.000 1976 COM2 65 0R0 290 0.6 -1.2 61.9 1.0107 0.00 0.0M
385800.000 1976 COM2 65 0R0 247 0.5 -1.2 62.5 1.0107 0.00 0.0M
385860.000 1976 COM2 65 0R0 233 0.7 -1.2 62.9 1.0107 0.00 0.0M
385920.000 1976 COM2 65 0R0 281 1.8 -1.2 62.0 1.0107 0.00 0.0M
385980.000 1976 COM2 65 0R0 278 2.6 -1.2 61.8 1.0107 0.00 0.0M
386040.000 1976 COM2 65 0R0 288 1.8 -1.3 62.0 1.0107 0.00 0.0M
386100.000 1976 COM2 65 0R0 264 1.3 -1.4 62.6 1.0106 0.00 0.0M
386160.000 1976 COM2 65 0R0 281 2.1 -1.4 62.6 1.0106 0.00 0.0M
386220.000 1976 COM2 65 0R0 289 2.6 -1.4 62.6 1.0107 0.00 0.0M
386280.000 1976 COM2 65 0R0 259 1.2 -1.4 63.0 1.0107 0.00 0.0M
386340.000 1976 COM2 65 0R0 277 0.7 -1.4 63.0 1.0107 0.00 0.0M
386400.000 1976 COM2 65 0R0 291 0.8 -1.4 64.0 1.0108 0.00 0.0M
386460.000 1976 COM2 65 0R0 271 1.2 -1.4 63.8 1.0108 0.00 0.0M
386520.000 1976 COM2 65 0R0 269 1.3 -1.4 63.0 1.0108 0.00 0.0M
386580.000 1976 COM2 65 0R0 216 1.1 -1.4 62.6 1.0108 0.00 0.0M
386640.000 1976 COM2 65 0R0 261 1.1 -1.4 62.6 1.0107 0.00 0.0M
386700.000 1976 COM2 65 0R0 262 1.5 -1.4 62.8 1.0107 0.00 0.0M
386760.000 1976 COM2 65 0R0 286 1.2 -1.4 63.2 1.0107 0.00 0.0M
386820.000 1976 COM2 65 0R0 274 1.5 -1.5 62.7 1.0107 0.00 0.0M
386880.000 1976 COM2 65 0R0 218 0.7 -1.5 62.2 1.0107 0.00 0.0M
386940.000 1976 COM2 65 0R0 285 1.4 -1.5 62.7 1.0107 0.00 0.0M
387000.000 1976 COM2 65 0R0 294 0.7 -1.5 62.2 1.0107 0.00 0.0M
387060.000 1976 COM2 65 0R0 265 0.6 -1.5 63.1 1.0107 0.00 0.0M
387120.000 1976 COM2 65 0R0 284 1.1 -1.5 62.8 1.0107 0.00 0.0M
387180.000 1976 COM2 65 0R0 278 1.2 -1.5 61.8 1.0107 0.00 0.0M
387240.000 1976 COM2 65 0R0 278 0.9 -1.5 61.9 1.0107 0.00 0.0M
387300.000 1976 COM2 65 0R0 279 2.6 -1.5 62.8 1.0107 0.00 0.0M
387360.000 1976 COM2 65 0R0 220 0.7 -1.5 62.2 1.0107 0.00 0.0M
387420.000 1976 COM2 65 0R0 253 1.7 -1.5 62.0 1.0107 0.00 0.0M
387480.000 1976 COM2 65 0R0 253 2.0 -1.5 62.7 1.0107 0.00 0.0M
387540.000 1976 COM2 65 0R0 270 2.3 -1.5 62.7 1.0107 0.00 0.0M
387600.000 1976 COM2 65 0R0 222 0.5 -1.5 62.1 1.0108 0.00 0.0M
387660.000 1976 COM2 65 0R0 258 1.4 -1.6 63.3 1.0108 0.00 0.0M
387720.000 1976 COM2 65 0R0 290 0.5 -1.5 64.2 1.0108 0.00 0.0M
387780.000 1976 COM2 65 0R0 251 1.0 -1.5 64.1 1.0108 0.00 0.0M
387840.000 1976 COM2 65 0R0 293 0.9 -1.5 63.3 1.0108 0.00 0.0M
387900.000 1976 COM2 65 0R0 273 2.6 -1.5 62.5 1.0108 0.00 0.0M
387960.100 1976 COM2 65 0R0 262 0.6 -1.5 62.1 1.0107 0.00 0.0M
388020.000 1976 COM2 65 0R0 250 1.7 -1.5 62.2 1.0107 0.00 0.0M
388080.000 1976 COM2 65 0R0 242 0.6 -1.6 61.6 1.0107 0.00 0.0M
388140.000 1976 COM2 65 0R0 301 2.6 -1.6 62.7 1.0108 0.00 0.0M
388200.000 1976 COM2 65 0R0 286 2.6 -1.6 62.4 1.0108 0.00 0.0M
388260.000 1976 COM2 65 0R0 286 1.2 -1.6 63.4 1.0108 0.00 0.0M
388320.000 1976 COM2 65 0R0 203 0.9 -1.6 63.5 1.0108 0.00 0.0M
388380.000 1976 COM2 65 0R0 247 1.5 -1.6 63.4 1.0108 0.00 0.0M
388440.000 1976 COM2 65 0R0 204 0.8 -1.6 63.4 1.0108 0.00 0.0M
388500.000 1976 COM2 65 0R0 262 2.1 -1.6 63.6 1.0108 0.00 0.0M
388560.000 1976 COM2 65 0R0 233 1.4 -1.6 62.6 1.0108 0.00 0.0M
388620.000 1976 COM2 65 0R0 241 0.5 -1.6 63.0 1.0108 0.00 0.0M
388680.000 1976 COM2 65 0R0 268 2.7 -1.6 63.8 1.0109 0.00 0.0M
388740.000 1976 COM2 65 0R0 263 2.3 -1.7 63.0 1.0109 0.00 0.0M
388800.000 1976 COM2 65 0R0 289 2.7 -1.7 63.4 1.0109 0.00 0.0M
388860.000 1976 COM2 65 0R0 270 2.2 -1.7 62.9 1.0108 0.00 0.0M
388920.000 1976 COM2 65 0R0 280 2.0 -1.7 63.0 1.0109 0.00 0.0M
388980.000 1976 COM2 65 0R0 263 3.0 -1.7 62.8 1.0109 0.00 0.0M
389040.000 1976 COM2 65 0R0 277 3.3 -1.7 62.4 1.0109 0.00 0.0M
389100.000 1976 COM2 65 0R0 239 1.0 -1.8 62.9 1.0110 0.00 0.0M
389160.000 1976 COM2 65 0R0 277 2.1 -1.7 62.9 1.0110 0.00 0.0M
389220.000 1976 COM2 65 0R0 256 1.4 -1.8 62.8 1.0110 0.00 0.0M
389280.000 1976 COM2 65 0R0 277 0.9 -1.8 63.2 1.0110 0.00 0.0M
389340.000 1976 COM2 65 0R0 249 2.5 -1.7 62.7 1.0111 0.00 0.0M
389400.000 1976 COM2 65 0R0 234 2.3 -1.8 62.5 1.0111 0.00 0.0M
389460.000 1976 COM2 65 0R0 265 1.4 -1.7 62.5 1.0111 0.00 0.0M
389520.000 1976 COM2 65 0R0 281 2.1 -1.7 63.1 1.0111 0.00 0.0M
389580.000 1976 COM2 65 0R0 276 2.3 -1.7 61.8 1.0111 0.00 0.0M
389640.000 1976 COM2 65 0R0 269 2.5 -1.7 62.9 1.0111 0.00 0.0M
389700.000 1976 COM2 65 0R0 275 2.1 -1.7 62.4 1.0112 0.00 0.0M
389760.000 1976 COM2 65 0R0 241 1.1 -1.7 62.5 1.0112 0.00 0.0M
389820.000 1976 COM2 65 0R0 270 2.4 -1.7 62.6 1.0112 0.00 0.0M
389880.000 1976 COM2 65 0R0 198 0.7 -1.7 62.2 1.0112 0.00 0.0M
389940.000 1976 COM2 65 0R0 291 2.6 -1.7 61.8 1.0112 0.00 0.0M
390000.000 1976 COM2 65 0R0 257 0.3 -1.7 62.1 1.0112 0.00 0.0M
390060.000 1976 COM2 65 0R0 261 2.1 -1.6 62.7 1.0112 0.00 0.0M
390120.000 1976 COM2 65 0R0 294 3.1 -1.6 61.7 1.0112 0.00 0.0M
390180.000 1976 COM2 65 0R0 287 2.1 -1.7 61.9 1.0112 0.00 0.0M
390240.000 1976 COM2 65 0R0 258 1.5 -1.7 61.9 1.0112 0.00 0.0M
390300.000 1976 COM2 65 0R0 259 1.8 -1.7 61.8 1.0112 0.00 0.0M
390360.000 1976 COM2 65 0R0 302 1.8 -1.7 61.5 1.0112 0.00 0.0M
390420.000 1976 COM2 65 0R0 245 0.9 -1.6 61.8 1.0112 0.00 0.0M
390480.000 1976 COM2 65 0R0 284 0.8 -1.6 61.9 1.0113 0.00 0.0M
390540.000 1976 COM2 65 0R0 285 2.2 -1.6 61.2 1.0113 0.00 0.0M
390600.000 1976 COM2 65 0R0 309 1.1 -1.6 62.2 1.0113 0.00 0.0M
390660.000 1976 COM2 65 0R0 257 1.5 -1.6 61.5 1.0113 0.00 0.0M
390720.000 1976 COM2 65 0R0 267 2.6 -1.6 61.0 1.0113 0.00 0.0M
390780.000 1976 COM2 65 0R0 283 3.5 -1.7 62.4 1.0113 0.00 0.0M
390840.000 1976 COM2 65 0R0 257 1.4 -1.6 61.4 1.0113 0.00 0.0M
390900.000 1976 COM2 65 0R0 261 1.1 -1.6 62.0 1.0113 0.00 0.0M
390960.100 1976 COM2 65 0R0 258 1.1 -1.5 62.0 1.0114 0.00 0.0M
391020.000 1976 COM2 65 0R0 280 4.3 -1.4 62.1 1.0114 0.00 0.0M
391080.000 1976 COM2 65 0R0 305 2.6 -1.4 61.1 1.0114 0.00 0.0M
391140.000 1976 COM2 65 0R0 269 2.6 -1.4 61.2 1.0114 0.00 0.0M
391200.000 1976 COM2 65 0R0 266 1.9 -1.4 60.4 1.0115 0.00 0.0M
391260.000 1976 COM2 65 0R0 286 2.0 -1.5 60.5 1.0115 0.00 0.0M
391320.000 1976 COM2 65 0R0 262 2.7 -1.5 60.9 1.0115 0.00 0.0M
391380.000 1976 COM2 65 0R0 286 2.1 -1.5 61.0 1.0115 0.00 0.0M
391440.000 1976 COM2 65 0R0 265 1.9 -1.5 60.7 1.0115 0.00 0.0M
391500.000 1976 COM2 65 0R0 248 0.5 -1.5 60.5 1.0115 0.00 0.0M
391560.000 1976 COM2 65 0R0 285 1.1 -1.5 60.8 1.0115 0.00 0.0M
391620.000 1976 COM2 65 0R0 286 1.7 -1.5 61.2 1.0115 0.00 0.0M
391680.100 1976 COM2 65 0R0 280 1.3 -1.4 60.4 1.0115 0.00 0.0M
391740.000 1976 COM2 65 0R0 275 1.6 -1.3 61.2 1.0115 0.00 0.0M
391800.000 1976 COM2 65 0R0 310 0.4 -1.2 60.2 1.0115 0.00 0.0M
391860.000 1976 COM2 65 0R0 251 1.7 -1.2 60.5 1.0116 0.00 0.0M
391920.000 1976 COM2 65 0R0 263 2.4 -1.1 60.3 1.0116 0.00 0.0M
391980.000 1976 COM2 65 0R0 276 1.8 -1.1 59.1 1.0116 0.00 0.0M
392040.000 1976 COM2 65 0R0 281 0.7 -1.1 59.6 1.0116 0.00 0.0M
392100.000 1976 COM2 65 0R0 253 0.8 -1.1 59.8 1.0116 0.00 0.0M
392160.000 1976 COM2 65 0R0 275 2.1 -1.0 59.0 1.0116 0.00 0.0M
392220.000 1976 COM2 65 0R0 260 2.3 -0.9 59.1 1.0116 0.00 0.0M
392280.000 1976 COM2 65 0R0 281 1.0 -0.8 59.0 1.0115 0.00 0.0M
392340.000 1976 COM2 65 0R0 265 2.3 -0.8 58.8 1.0115 0.00 0.0M
392400.000 1976 COM2 65 0R0 309 2.0 -0.8 57.3 1.0115 0.00 0.0M
392460.000 1976 COM2 65 0R0 266 1.4 -0.8 58.5 1.0115 0.00 0.0M
392520.000 1976 COM2 65 0R0 287 1.6 -0.8 57.7 1.0115 0.00 0.0M
392580.000 1976 COM2 65 0R0 310 1.3 -0.8 58.7 1.0115 0.00 0.0M
392640.000 1976 COM2 65 0R0 243 0.6 -0.7 57.9 1.0116 0.00 0.0M
392700.000 1976 COM2 65 0R0 227 2.3 -0.7 57.5 1.0116 0.00 0.0M
392760.000 1976 COM2 65 0R0 299 0.8 -0.7 57.7 1.0116 0.00 0.0M
392820.000 1976 COM2 65 0R0 287 1.6 -0.7 58.2 1.0116 0.00 0.0M
392880.000 1976 COM2 65 0R0 241 1.0 -0.6 57.6 1.0116 0.00 0.0M
392940.000 1976 COM2 65 0R0 261 0.9 -0.5 57.6 1.0116 0.00 0.0M
393000.000 1976 COM2 65 0R0 280 2.2 -0.4 56.0 1.0116 0.00 0.0M
393060.000 1976 COM2 65 0R0 203 1.2 -0.4 57.1 1.0116 0.00 0.0M
393120.000 1976 COM2 65 0R0 250 2.1 -0.4 56.9 1.0116 0.00 0.0M
393180.000 1976 COM2 65 0R0 283 1.0 -0.3 55.8 1.0116 0.00 0.0M
393240.000 1976 COM2 65 0R0 314 0.8 -0.3 55.6 1.0116 0.00 0.0M
393300.000 1976 COM2 65 0R0 205 0.7 -0.3 55.6 1.0116 0.00 0.0M
393360.000 1976 COM2 65 0R0 191 1.2 -0.3 56.5 1.0116 0.00 0.0M
393420.000 1976 COM2 65 0R0 251 1.5 -0.2 55.7 1.0116 0.00 0.0M
393480.000 1976 COM2 65 0R0 262 0.9 -0.2 55.9 1.0116 0.00 0.0M
393540.000 1976 COM2 65 0R0 284 1.3 -0.1 55.4 1.0116 0.00 0.0M
393600.000 1976 COM2 65 0R0 226 1.4 -0.1 55.3 1.0116 0.00 0.0M
393660.000 1976 COM2 64 0R0 195 0.6 0.0 55.4 1.0116 0.00 0.0M
393720.000 1976 COM2 64 0R0 273 1.1 0.0 55.3 1.0116 0.00 0.0M
393780.000 1976 COM2 64 0R0 319 1.0 0.1 54.6 1.0116 0.00 0.0M
393840.000 1976 COM2 64 0R0 238 0.9 0.0 54.3 1.0115 0.00 0.0M
393900.000 1976 COM2 64 0R0 120 0.7 0.0 55.3 1.0115 0.00 0.0M
393960.000 1976 COM2 64 0R0 283 1.3 0.1 54.8 1.0115 0.00 0.0M
394020.000 1976 COM2 64 0R0 198 0.3 0.2 54.8 1.0116 0.00 0.0M
394080.000 1976 COM2 64 0R0 204 0.8 0.2 54.0 1.0116 0.00 0.0M
394140.000 1976 COM2 64 0R0 173 0.8 0.3 54.3 1.0116 0.00 0.0M
394200.000 1976 COM2 64 0R0 119 0.6 0.5 53.6 1.0116 0.00 0.0M
394260.000 1976 COM2 64 0R0 310 0.7 0.6 53.5 1.0116 0.00 0.0M
394320.000 1976 COM2 64 0R0 125 0.5 0.7 51.8 1.0116 0.00 0.0M
394380.000 1976 COM2 64 0R0 265 1.1 0.7 52.2 1.0116 0.00 0.0M
394440.000 1976 COM2 64 0R0 215 0.9 0.7 51.4 1.0116 0.00 0.0M
394500.000 1976 COM2 64 0R0 282 1.7 0.6 52.1 1.0115 0.00 0.0M
394560.000 1976 COM2 64 0R0 333 0.6 0.5 51.9 1.0115 0.00 0.0M
394620.000 1976 COM2 64 0R0 258 0.8 0.5 52.4 1.0115 0.00 0.0M
394680.000 1976 COM2 64 0R0 232 1.0 0.5 53.4 1.0115 0.00 0.0M
394740.000 1976 COM2 64 0R0 253 1.2 0.6 52.4 1.0115 0.00 0.0M
394800.000 1976 COM2 64 0R0 261 1.5 0.6 52.0 1.0115 0.00 0.0M
394860.000 1976 COM2 64 0R0 279 3.4 0.6 52.4 1.0115 0.00 0.0M
394920.000 1976 COM2 64 0R0 348 1.0 0.6 52.3 1.0116 0.00 0.0M
394980.000 1976 COM2 64 0R0 204 0.7 0.6 52.3 1.0116 0.00 0.0M
395040.000 1976 COM2 64 0R0 235 1.4 0.6 51.9 1.0116 0.00 0.0M
395100.000 1976 COM2 64 0R0 259 2.1 0.7 51.3 1.0116 0.00 0.0M
395160.000 1976 COM2 64 0R0 199 0.6 0.6 52.8 1.0116 0.00 0.0M
395220.000 1976 COM2 64 0R0 266 1.1 0.6 52.3 1.0116 0.00 0.0M
395280.000 1976 COM2 64 0R0 311 2.0 0.7 51.3 1.0116 0.00 0.0M
395340.000 1976 COM2 64 0R0 164 0.9 0.6 51.5 1.0116 0.00 0.0M
395400.000 1976 COM2 64 0R0 283 3.1 0.6 52.6 1.0117 0.00 0.0M
395460.000 1976 COM2 64 0R0 277 2.4 0.7 52.0 1.0117 0.00 0.0M
395520.000 1976 COM2 64 0R0 133 1.2 0.8 52.2 1.0117 0.00 0.0M
395580.000 1976 COM2 64 0R0 252 1.1 0.9 50.6 1.0116 0.00 0.0M
395640.000 1976 COM2 64 0R0 283 0.9 0.9 51.2 1.0116 0.00 0.0M
395700.000 1976 COM2 64 0R0 302 3.5 1.0 50.6 1.0117 0.00 0.0M
395760.000 1976 COM2 64 0R0 295 4.9 0.9 51.1 1.0117 0.00 0.0M
395820.000 1976 COM2 64 0R0 216 0.9 0.7 51.2 1.0116 0.00 0.0M
395880.000 1976 COM2 64 0R0 244 1.0 0.6 51.9 1.0117 0.00 0.0M
395940.000 1976 COM2 64 0R0 287 3.5 0.6 51.1 1.0117 0.00 0.0M
396000.000 1976 COM2 64 0R0 247 2.0 0.5 51.4 1.0117 0.00 0.0M
396060.000 1976 COM2 64 0R0 247 2.9 0.5 53.0 1.0116 0.00 0.0M
396120.000 1976 COM2 64 0R0 262 0.9 0.5 52.1 1.0117 0.00 0.0M
396180.000 1976 COM2 64 0R0 300 1.3 0.6 52.5 1.0116 0.00 0.0M
396240.000 1976 COM2 64 0R0 181 1.0 0.7 51.4 1.0117 0.00 0.0M
396300.000 1976 COM2 64 0R0 222 1.1 0.8 51.8 1.0116 0.00 0.0M
396360.000 1976 COM2 64 0R0 256 2.0 0.8 51.5 1.0116 0.00 0.0M
396420.000 1976 COM2 64 0R0 277 2.0 0.9 52.2 1.0116 0.00 0.0M
396480.000 1976 COM2 64 0R0 300 1.3 1.0 50.3 1.0116 0.00 0.0M
396540.000 1976 COM2 64 0R0 301 1.1 0.9 51.2 1.0116 0.00 0.0M
396600.000 1976 COM2 64 0R0 026 0.9 0.8 52.3 1.0116 0.00 0.0M
396660.000 1976 COM2 64 0R0 155 0.4 0.9 51.6 1.0116 0.00 0.0M
396720.000 1976 COM2 64 0R0 234 0.3 1.1 52.0 1.0116 0.00 0.0M
396780.000 1976 COM2 64 0R0 358 0.4 1.3 51.5 1.0116 0.00 0.0M
396840.000 1976 COM2 64 0R0 352 1.8 1.5 49.6 1.0116 0.00 0.0M
396900.000 1976 COM2 64 0R0 284 1.4 1.5 49.2 1.0116 0.00 0.0M
396960.000 1976 COM2 64 0R0 310 1.5 1.4 50.2 1.0115 0.00 0.0M
397020.000 1976 COM2 64 0R0 316 3.8 1.5 49.2 1.0115 0.00 0.0M
397080.000 1976 COM2 64 0R0 297 2.1 1.4 49.2 1.0115 0.00 0.0M
397140.000 1976 COM2 64 0R0 334 1.7 1.2 50.0 1.0115 0.00 0.0M
397200.000 1976 COM2 64 0R0 329 3.0 1.2 49.8 1.0115 0.00 0.0M
397260.000 1976 COM2 64 0R0 284 1.6 1.2 50.0 1.0115 0.00 0.0M
397320.000 1976 COM2 64 0R0 228 0.8 1.2 50.7 1.0115 0.00 0.0M
397380.000 1976 COM2 64 0R0 005 0.4 1.3 50.3 1.0115 0.00 0.0M
397440.000 1976 COM2 64 0R0 282 0.8 1.4 50.2 1.0115 0.00 0.0M
397500.000 1976 COM2 64 0R0 035 1.5 1.5 49.6 1.0115 0.00 0.0M
397560.000 1976 COM2 64 0R0 299 4.1 1.6 48.3 1.0115 0.00 0.0M
397620.000 1976 COM2 64 0R0 294 4.0 1.4 48.5 1.0115 0.00 0.0M
397680.000 1976 COM2 64 0R0 295 3.8 1.1 50.0 1.0116 0.00 0.0M
397740.000 1976 COM2 64 0R0 293 2.6 1.0 51.1 1.0116 0.00 0.0M
397800.000 1976 COM2 64 0R0 174 0.8 1.0 50.3 1.0116 0.00 0.0M
397860.000 1976 COM2 64 0R0 329 1.1 1.1 50.6 1.0115 0.00 0.0M
397920.000 1976 COM2 64 0R0 298 3.9 1.2 49.8 1.0115 0.00 0.0M
397980.000 1976 COM2 64 0R0 338 2.5 1.2 50.7 1.0115 0.00 0.0M
398040.000 1976 COM2 64 0R0 292 2.5 1.1 49.7 1.0115 0.00 0.0M
398100.000 1976 COM2 64 0R0 280 2.6 1.1 49.9 1.0115 0.00 0.0M
398160.000 1976 COM2 64 0R0 303 1.5 1.0 51.8 1.0115 0.00 0.0M
398220.000 1976 COM2 64 0R0 279 2.1 1.1 51.6 1.0114 0.00 0.0M
398280.000 1976 COM2 64 0R0 284 1.0 1.3 51.2 1.0115 0.00 0.0M
398340.000 1976 COM2 64 0R0 004 1.2 1.5 49.3 1.0114 0.00 0.0M
398400.000 1976 COM2 64 0R0 303 2.3 1.4 48.9 1.0114 0.00 0.0M
398460.000 1976 COM2 64 0R0 276 2.2 1.3 50.0 1.0114 0.00 0.0M
398520.000 1976 COM2 64 0R0 272 2.1 1.3 49.8 1.0113 0.00 0.0M
398580.000 1976 COM2 64 0R0 307 2.0 1.3 50.2 1.0113 0.00 0.0M
398640.000 1976 COM2 64 0R0 019 1.2 1.4 51.0 1.0112 0.00 0.0M
398700.000 1976 COM2 64 0R0 346 1.8 1.5 50.2 1.0112 0.00 0.0M
398760.000 1976 COM2 64 0R0 021 0.3 1.6 49.2 1.0112 0.00 0.0M
398820.000 1976 COM2 64 0R0 276 2.0 1.6 49.2 1.0112 0.00 0.0M
398880.000 1976 COM2 64 0R0 239 1.8 1.6 50.1 1.0111 0.00 0.0M
398940.000 1976 COM2 64 0R0 320 2.5 1.7 49.0 1.0111 0.00 0.0M
399000.000 1976 COM2 64 0R0 191 0.5 1.7 50.2 1.0111 0.00 0.0M
399060.000 1976 COM2 64 0R0 298 2.6 1.8 49.2 1.0111 0.00 0.0M
399120.000 1976 COM2 64 0R0 306 3.0 1.7 49.5 1.0111 0.00 0.0M
399180.000 1976 COM2 64 0R0 234 1.0 1.7 49.5 1.0111 0.00 0.0M
399240.000 1976 COM2 64 0R0 005 1.1 1.7 49.8 1.0111 0.00 0.0M
399300.000 1976 COM2 64 0R0 306 0.6 1.7 50.0 1.0111 0.00 0.0M
399360.000 1976 COM2 64 0R0 259 3.1 1.7 49.8 1.0110 0.00 0.0M
399420.000 1976 COM2 64 0R0 347 3.4 1.9 48.6 1.0110 0.00 0.0M
399480.000 1976 COM2 64 0R0 043 1.4 1.8 48.3 1.0110 0.00 0.0M
399540.000 1976 COM2 64 0R0 288 4.0 1.8 48.7 1.0110 0.00 0.0M
399600.000 1976 COM2 64 0R0 004 1.6 1.7 48.8 1.0110 0.00 0.0M
399660.000 1976 COM2 64 0R0 348 1.3 1.6 49.7 1.0110 0.00 0.0M
399720.000 1976 COM2 64 0R0 309 4.4 1.6 49.1 1.0109 0.00 0.0M
399780.000 1976 COM2 64 0R0 330 2.5 1.5 49.1 1.0109 0.00 0.0M
399840.000 1976 COM2 64 0R0 331 0.5 1.4 49.3 1.0109 0.00 0.0M
399900.000 1976 COM2 64 0R0 331 0.9 1.4 49.7 1.0109 0.00 0.0M
399960.000 1976 COM2 64 0R0 070 0.8 1.5 49.9 1.0109 0.00 0.0M
400020.000 1976 COM2 64 0R0 015 1.1 1.7 48.9 1.0109 0.00 0.0M
400080.000 1976 COM2 64 0R0 345 4.0 1.8 49.1 1.0109 0.00 0.0M
400140.000 1976 COM2 64 0R0 343 0.4 1.9 48.6 1.0109 0.00 0.0M
400200.000 1976 COM2 64 0R0 344 5.9 1.8 49.0 1.0109 0.00 0.0M
400260.000 1976 COM2 64 0R0 017 2.0 1.8 48.6 1.0108 0.00 0.0M
400320.000 1976 COM2 64 0R0 027 1.2 1.7 49.0 1.0108 0.00 0.0M
400380.000 1976 COM2 64 0R0 300 2.7 1.6 49.2 1.0108 0.00 0.0M
400440.000 1976 COM2 64 0R0 285 1.6 1.6 49.4 1.0108 0.00 0.0M
400500.000 1976 COM2 64 0R0 289 3.2 1.6 49.0 1.0108 0.00 0.0M
400560.000 1976 COM2 64 0R0 293 1.8 1.6 50.0 1.0108 0.00 0.0M
400620.000 1976 COM2 64 0R0 283 2.8 1.5 50.6 1.0108 0.00 0.0M
400680.000 1976 COM2 64 0R0 000 1.0 1.6 49.4 1.0107 0.00 0.0M
400740.000 1976 COM2 64 0R0 337 0.5 1.6 50.7 1.0108 0.00 0.0M
400800.000 1976 COM2 64 0R0 264 1.8 1.7 48.8 1.0108 0.00 0.0M
400860.000 1976 COM2 64 0R0 359 2.0 1.7 48.7 1.0107 0.00 0.0M
400920.000 1976 COM2 64 0R0 356 2.5 1.8 49.2 1.0108 0.00 0.0M
400980.000 1976 COM2 64 0R0 008 0.5 1.8 48.7 1.0108 0.00 0.0M
401040.000 1976 COM2 64 0R0 142 0.9 1.9 50.0 1.0108 0.00 0.0M
401100.000 1976 COM2 64 0R0 340 2.6 2.1 48.8 1.0108 0.00 0.0M
401160.000 1976 COM2 64 0R0 351 0.8 2.3 48.0 1.0108 0.00 0.0M
401220.000 1976 COM2 64 0R0 326 0.4 2.4 47.5 1.0108 0.00 0.0M
401280.000 1976 COM2 64 0R0 349 3.2 2.4 47.6 1.0108 0.00 0.0M
401340.000 1976 COM2 64 0R0 328 1.2 2.4 46.6 1.0108 0.00 0.0M
401400.000 1976 COM2 64 0R0 334 0.8 2.2 47.8 1.0108 0.00 0.0M
401460.000 1976 COM2 64 0R0 307 3.1 2.1 47.6 1.0108 0.00 0.0M
401520.000 1976 COM2 64 0R0 203 1.1 2.1 48.6 1.0108 0.00 0.0M
401580.000 1976 COM2 64 0R0 343 2.8 2.2 47.4 1.0108 0.00 0.0M
401640.000 1976 COM2 64 0R0 320 0.4 2.1 47.7 1.0108 0.00 0.0M
401700.000 1976 COM2 64 0R0 351 2.4 2.1 48.5 1.0108 0.00 0.0M
401760.000 1976 COM2 64 0R0 312 3.7 2.2 48.3 1.0108 0.00 0.0M
401820.000 1976 COM2 64 0R0 028 1.0 2.1 47.2 1.0107 0.00 0.0M
401880.000 1976 COM2 64 0R0 332 2.2 2.0 47.7 1.0107 0.00 0.0M
401940.000 1976 COM2 64 0R0 348 1.1 2.0 48.1 1.0106 0.00 0.0M
402000.000 1976 COM2 64 0R0 212 1.3 2.1 47.4 1.0106 0.00 0.0M
402060.000 1976 COM2 64 0R0 043 2.5 2.2 48.5 1.0107 0.00 0.0M
402120.000 1976 COM2 64 0R0 066 1.8 2.3 46.5 1.0107 0.00 0.0M
402180.000 1976 COM2 64 0R0 019 3.5 2.3 47.0 1.0107 0.00 0.0M
402240.000 1976 COM2 64 0R0 346 3.0 2.2 47.5 1.0107 0.00 0.0M
402300.000 1976 COM2 64 0R0 029 0.5 2.2 48.0 1.0106 0.00 0.0M
402360.000 1976 COM2 64 0R0 358 1.1 2.4 48.3 1.0106 0.00 0.0M
402420.000 1976 COM2 64 0R0 347 3.1 2.6 47.0 1.0106 0.00 0.0M
402480.000 1976 COM2 64 0R0 019 2.7 2.6 46.2 1.0107 0.00 0.0M
402540.000 1976 COM2 64 0R0 334 0.7 2.6 46.8 1.0106 0.00 0.0M
402600.000 1976 COM2 64 0R0 030 1.1 2.5 47.7 1.0107 0.00 0.0M
402660.000 1976 COM2 64 0R0 008 1.2 2.6 47.7 1.0107 0.00 0.0M
402720.000 1976 COM2 64 0R0 346 2.4 2.7 47.0 1.0106 0.00 0.0M
402780.000 1976 COM2 64 0R0 310 2.0 2.7 46.1 1.0106 0.00 0.0M
402840.000 1976 COM2 64 0R0 259 1.1 2.7 47.3 1.0105 0.00 0.0M
402900.000 1976 COM2 64 0R0 291 2.8 2.8 46.3 1.0105 0.00 0.0M
402960.000 1976 COM2 64 0R0 264 1.9 2.8 45.5 1.0105 0.00 0.0M
403020.000 1976 COM2 64 0R0 340 2.7 2.7 46.0 1.0105 0.00 0.0M
403080.000 1976 COM2 64 0R0 328 0.9 2.6 46.6 1.0105 0.00 0.0M
403140.000 1976 COM2 64 0R0 290 1.8 2.7 46.2 1.0105 0.00 0.0M
403200.000 1976 COM2 64 0R0 013 0.5 2.7 46.3 1.0105 0.00 0.0M
403260.000 1976 COM2 64 0R0 280 2.8 2.8 45.0 1.0105 0.00 0.0M
403320.000 1976 COM2 64 0R0 269 1.8 2.8 46.1 1.0105 0.00 0.0M
403380.000 1976 COM2 64 0R0 263 1.1 2.6 45.7 1.0104 0.00 0.0M
403440.000 1976 COM2 64 0R0 286 3.5 2.5 46.2 1.0104 0.00 0.0M
403500.000 1976 COM2 64 0R0 204 0.9 2.4 47.4 1.0104 0.00 0.0M
403560.000 1976 COM2 64 0R0 327 1.7 2.6 46.1 1.0104 0.00 0.0M
403620.000 1976 COM2 64 0R0 230 0.9 2.7 46.2 1.0104 0.00 0.0M
403680.000 1976 COM2 64 0R0 311 3.2 2.8 46.6 1.0104 0.00 0.0M
403740.000 1976 COM2 64 0R0 281 1.4 2.8 46.1 1.0104 0.00 0.0M
403800.000 1976 COM2 64 0R0 282 2.0 2.8 46.6 1.0103 0.00 0.0M
403860.000 1976 COM2 64 0R0 338 0.6 2.8 45.3 1.0103 0.00 0.0M
403920.000 1976 COM2 64 0R0 298 1.7 2.7 46.1 1.0103 0.00 0.0M
403980.000 1976 COM2 64 0R0 012 1.9 2.7 46.4 1.0103 0.00 0.0M
404040.000 1976 COM2 64 0R0 026 2.2 2.7 46.0 1.0102 0.00 0.0M
404100.000 1976 COM2 64 0R0 332 0.8 2.6 47.1 1.0102 0.00 0.0M
404160.000 1976 COM2 64 0R0 155 0.8 2.6 46.6 1.0101 0.00 0.0M
404220.000 1976 COM2 64 0R0 137 0.6 2.7 48.0 1.0101 0.00 0.0M
404280.000 1976 COM2 64 0R0 216 1.3 3.0 46.5 1.0101 0.00 0.0M
404340.000 1976 COM2 64 0R0 294 3.6 3.2 46.3 1.0101 0.00 0.0M
404400.000 1976 COM2 64 0R0 205 0.6 3.3 44.9 1.0100 0.00 0.0M
404460.000 1976 COM2 64 0R0 248 1.1 3.1 46.1 1.0101 0.00 0.0M
404520.000 1976 COM2 64 0R0 270 0.6 3.1 46.5 1.0101 0.00 0.0M
404580.000 1976 COM2 64 0R0 263 1.2 3.3 46.0 1.0100 0.00 0.0M
404640.000 1976 COM2 64 0R0 279 0.7 3.4 46.1 1.0100 0.00 0.0M
404700.000 1976 COM2 64 0R0 271 1.9 3.6 45.3 1.0100 0.00 0.0M
404760.000 1976 COM2 64 0R0 236 1.7 3.7 44.2 1.0100 0.00 0.0M
404820.000 1976 COM2 64 0R0 275 2.5 3.7 42.7 1.0100 0.00 0.0M
404880.000 1976 COM2 64 0R0 274 1.5 3.5 44.0 1.0100 0.00 0.0M
404940.000 1976 COM2 64 0R0 350 2.2 3.3 45.2 1.0100 0.00 0.0M
405000.000 1976 COM2 64 0R0 326 1.2 3.3 44.4 1.0100 0.00 0.0M
405060.000 1976 COM2 64 0R0 018 2.0 3.2 44.9 1.0100 0.00 0.0M
405120.000 1976 COM2 64 0R0 294 2.2 3.1 45.0 1.0100 0.00 0.0M
405180.000 1976 COM2 64 0R0 334 3.3 3.0 44.8 1.0100 0.00 0.0M
405240.000 1976 COM2 64 0R0 356 2.1 2.9 45.6 1.0100 0.00 0.0M
405300.000 1976 COM2 64 0R0 342 1.3 2.9 44.8 1.0100 0.00 0.0M
405360.000 1976 COM2 64 0R0 345 1.8 2.8 45.7 1.0100 0.00 0.0M
405420.000 1976 COM2 64 0R0 358 1.6 2.8 45.6 1.0100 0.00 0.0M
405480.000 1976 COM2 64 0R0 030 1.7 2.9 47.1 1.0100 0.00 0.0M
405540.000 1976 COM2 64 0R0 351 0.5 3.2 45.0 1.0099 0.00 0.0M
405600.000 1976 COM2 64 0R0 331 1.3 3.4 44.9 1.0099 0.00 0.0M
405660.000 1976 COM2 64 0R0 312 0.8 3.4 44.8 1.0099 0.00 0.0M
405720.000 1976 COM2 64 0R0 307 1.0 3.5 45.9 1.0099 0.00 0.0M
405780.000 1976 COM2 64 0R0 302 0.7 3.6 43.9 1.0098 0.00 0.0M
405840.000 1976 COM2 64 0R0 211 1.1 3.7 44.7 1.0098 0.00 0.0M
405900.000 1976 COM2 64 0R0 245 1.5 3.9 44.0 1.0098 0.00 0.0M
405960.000 1976 COM2 64 0R0 272 2.1 4.0 43.9 1.0098 0.00 0.0M
406020.000 1976 COM2 64 0R0 223 0.5 4.0 43.1 1.0098 0.00 0.0M
406080.000 1976 COM2 64 0R0 353 0.6 4.0 43.1 1.0098 0.00 0.0M
406140.000 1976 COM2 64 0R0 338 1.5 4.0 42.0 1.0098 0.00 0.0M
406200.000 1976 COM2 64 0R0 028 1.0 3.8 42.3 1.0098 0.00 0.0M
406260.000 1976 COM2 64 0R0 215 0.5 3.6 43.3 1.0098 0.00 0.0M
406320.000 1976 COM2 64 0R0 139 1.1 3.6 44.4 1.0098 0.00 0.0M
406380.000 1976 COM2 64 0R0 302 1.8 3.7 43.7 1.0098 0.00 0.0M
406440.000 1976 COM2 64 0R0 017 0.8 3.9 43.7 1.0098 0.00 0.0M
406500.000 1976 COM2 64 0R0 014 0.8 4.0 42.8 1.0098 0.00 0.0M
406560.000 1976 COM2 64 0R0 350 0.5 3.9 43.1 1.0097 0.00 0.0M
406620.000 1976 COM2 64 0R0 000 1.0 3.9 42.8 1.0097 0.00 0.0M
406680.000 1976 COM2 64 0R0 230 1.4 3.9 43.7 1.0097 0.00 0.0M
406740.000 1976 COM2 64 0R0 217 1.3 4.0 42.4 1.0097 0.00 0.0M
406800.000 1976 COM2 64 0R0 283 3.3 4.0 42.6 1.0097 0.00 0.0M
406860.000 1976 COM2 64 0R0 303 3.0 3.8 43.2 1.0098 0.00 0.0M
406920.000 1976 COM2 64 0R0 230 0.9 3.8 43.5 1.0097 0.00 0.0M
406980.000 1976 COM2 64 0R0 269 2.5 4.0 43.8 1.0097 0.00 0.0M
407040.000 1976 COM2 64 0R0 190 1.2 4.1 42.4 1.0097 0.00 0.0M
407100.000 1976 COM2 64 0R0 268 2.7 4.0 44.1 1.0097 0.00 0.0M
407160.000 1976 COM2 64 0R0 299 2.3 4.0 42.4 1.0097 0.00 0.0M
407220.000 1976 COM2 64 0R0 115 1.0 3.8 43.8 1.0097 0.00 0.0M
407280.000 1976 COM2 64 0R0 339 2.3 3.8 43.6 1.0097 0.00 0.0M
407340.000 1976 COM2 64 0R0 333 0.9 3.6 43.4 1.0096 0.00 0.0M
407400.000 1976 COM2 64 0R0 297 1.4 3.5 44.5 1.0096 0.00 0.0M
407460.000 1976 COM2 64 0R0 260 0.9 3.5 44.9 1.0096 0.00 0.0M
407520.000 1976 COM2 64 0R0 219 2.1 3.8 43.0 1.0095 0.00 0.0M
407580.000 1976 COM2 64 0R0 298 2.8 3.8 44.3 1.0095 0.00 0.0M
407640.000 1976 COM2 64 0R0 341 2.8 3.8 43.6 1.0095 0.00 0.0M
407700.000 1976 COM2 64 0R0 013 0.8 3.9 44.0 1.0095 0.00 0.0M
407760.000 1976 COM2 64 0R0 359 0.7 4.2 44.0 1.0095 0.00 0.0M
407820.000 1976 COM2 64 0R0 352 1.3 4.4 41.6 1.0095 0.00 0.0M
407880.000 1976 COM2 64 0R0 047 1.1 4.2 42.4 1.0094 0.00 0.0M
407940.000 1976 COM2 64 0R0 358 0.3 4.1 42.8 1.0094 0.00 0.0M
408000.000 1976 COM2 64 0R0 282 2.2 4.1 42.8 1.0094 0.00 0.0M
408060.000 1976 COM2 64 0R0 339 0.6 4.1 42.3 1.0093 0.00 0.0M
408120.000 1976 COM2 64 0R0 355 0.7 4.1 43.1 1.0093 0.00 0.0M
408180.000 1976 COM2 64 0R0 347 2.3 4.1 42.7 1.0093 0.00 0.0M
408240.000 1976 COM2 64 0R0 000 2.3 4.0 42.5 1.0092 0.00 0.0M
408300.000 1976 COM2 64 0R0 340 2.4 3.8 43.1 1.0092 0.00 0.0M
408360.000 1976 COM2 64 0R0 180 0.7 3.8 43.8 1.0092 0.00 0.0M
408420.000 1976 COM2 64 0R0 273 0.7 4.0 43.9 1.0092 0.00 0.0M
408480.000 1976 COM2 64 0R0 313 1.9 4.3 42.9 1.0091 0.00 0.0M
408540.000 1976 COM2 64 0R0 185 0.3 4.4 42.4 1.0092 0.00 0.0M
408600.000 1976 COM2 64 0R0 315 0.4 4.4 42.0 1.0092 0.00 0.0M
408660.000 1976 COM2 64 0R0 349 0.5 4.3 42.6 1.0092 0.00 0.0M
408720.000 1976 COM2 64 0R0 269 2.7 4.4 42.7 1.0092 0.00 0.0M
408780.000 1976 COM2 64 0R0 244 0.8 4.5 42.3 1.0091 0.00 0.0M
408840.100 1976 COM2 64 0R0 235 0.5 4.5 43.1 1.0091 0.00 0.0M
408900.100 1976 COM2 64 0R0 190 0.2 4.6 42.1 1.0091 0.00 0.0M
408960.000 1976 COM2 64 0R0 051 1.2 4.8 41.9 1.0091 0.00 0.0M
409020.000 1976 COM2 64 0R0 036 0.4 4.9 41.5 1.0090 0.00 0.0M
409080.000 1976 COM2 64 0R0 330 1.2 4.9 40.9 1.0090 0.00 0.0M
409140.000 1976 COM2 64 0R0 004 0.5 4.9 40.5 1.0090 0.00 0.0M
409200.000 1976 COM2 64 0R0 304 0.7 4.8 42.4 1.0090 0.00 0.0M
409260.000 1976 COM2 64 0R0 331 1.0 4.9 42.4 1.0090 0.00 0.0M
409320.000 1976 COM2 64 0R0 349 1.8 5.0 41.5 1.0090 0.00 0.0M
409380.000 1976 COM2 64 0R0 279 0.3 5.0 40.6 1.0090 0.00 0.0M
409440.000 1976 COM2 64 0R0 273 2.9 4.8 41.5 1.0090 0.00 0.0M
409500.000 1976 COM2 64 0R0 259 1.1 4.8 42.3 1.0090 0.00 0.0M
409560.100 1976 COM2 64 0R0 344 0.8 4.9 40.7 1.0090 0.00 0.0M
409620.000 1976 COM2 64 0R0 248 1.0 5.0 41.1 1.0090 0.00 0.0M
409680.000 1976 COM2 64 0R0 264 2.4 5.1 41.6 1.0090 0.00 0.0M
409740.000 1976 COM2 64 0R0 305 1.8 5.0 40.3 1.0090 0.00 0.0M
409800.000 1976 COM2 64 0R0 281 1.5 4.8 40.4 1.0090 0.00 0.0M
409860.000 1976 COM2 64 0R0 262 1.4 4.7 41.4 1.0090 0.00 0.0M
409920.000 1976 COM2 64 0R0 274 2.2 4.8 40.6 1.0090 0.00 0.0M
409980.000 1976 COM2 64 0R0 276 3.6 4.7 42.2 1.0090 0.00 0.0M
410040.000 1976 COM2 64 0R0 243 0.7 4.6 41.3 1.0090 0.00 0.0M
410100.100 1976 COM2 64 0R0 337 1.1 4.6 41.0 1.0090 0.00 0.0M
410160.000 1976 COM2 64 0R0 301 1.7 4.7 40.5 1.0090 0.00 0.0M
410220.000 1976 COM2 64 0R0 325 0.7 4.7 41.7 1.0090 0.00 0.0M
410280.000 1976 COM2 64 0R0 353 1.1 4.7 41.3 1.0090 0.00 0.0M
410340.000 1976 COM2 64 0R0 062 0.9 4.7 41.5 1.0090 0.00 0.0M
410400.000 1976 COM2 64 0R0 340 1.6 4.8 40.4 1.0089 0.00 0.0M
410460.000 1976 COM2 64 0R0 339 4.2 4.7 40.8 1.0089 0.00 0.0M
410520.000 1976 COM2 64 0R0 343 2.1 4.4 40.8 1.0088 0.00 0.0M
410580.000 1976 COM2 64 0R0 332 1.1 4.3 41.5 1.0088 0.00 0.0M
410640.000 1976 COM2 64 0R0 339 1.5 4.4 41.7 1.0088 0.00 0.0M
410700.100 1976 COM2 64 0R0 285 1.5 4.6 41.4 1.0088 0.00 0.0M
410760.100 1976 COM2 64 0R0 341 2.1 4.6 41.1 1.0088 0.00 0.0M
410820.000 1976 COM2 64 0R0 348 0.5 4.5 41.2 1.0088 0.00 0.0M
410880.000 1976 COM2 64 0R0 322 1.4 4.5 41.3 1.0087 0.00 0.0M
410940.100 1976 COM2 64 0R0 321 2.8 4.5 41.1 1.0087 0.00 0.0M
411000.000 1976 COM2 64 0R0 314 1.6 4.5 41.1 1.0087 0.00 0.0M
411060.000 1976 COM2 64 0R0 013 2.2 4.4 41.3 1.0087 0.00 0.0M
411120.000 1976 COM2 64 0R0 314 2.0 4.3 42.0 1.0087 0.00 0.0M
411180.000 1976 COM2 64 0R0 358 0.6 4.3 41.3 1.0087 0.00 0.0M
411240.000 1976 COM2 64 0R0 172 0.4 4.3 42.0 1.0087 0.00 0.0M
411300.000 1976 COM2 64 0R0 206 0.6 4.5 42.8 1.0087 0.00 0.0M
411360.000 1976 COM2 64 0R0 334 0.8 4.7 42.4 1.0087 0.00 0.0M
411420.000 1976 COM2 64 0R0 057 0.9 4.9 41.5 1.0087 0.00 0.0M
411480.000 1976 COM2 64 0R0 293 3.6 4.9 42.4 1.0087 0.00 0.0M
411540.000 1976 COM2 64 0R0 325 0.5 4.9 41.0 1.0087 0.00 0.0M
411600.000 1976 COM2 64 0R0 079 1.2 4.8 40.8 1.0087 0.00 0.0M
411660.000 1976 COM2 64 0R0 353 1.6 4.7 40.7 1.0087 0.00 0.0M
411720.000 1976 COM2 64 0R0 007 0.8 4.6 40.8 1.0087 0.00 0.0M
411780.000 1976 COM2 64 0R0 048 0.3 4.4 42.1 1.0087 0.00 0.0M
411840.000 1976 COM2 64 0R0 322 1.1 4.5 41.2 1.0086 0.00 0.0M
411900.000 1976 COM2 64 0R0 020 1.8 4.5 40.9 1.0086 0.00 0.0M
411960.000 1976 COM2 64 0R0 038 2.0 4.6 40.7 1.0086 0.00 0.0M
412020.000 1976 COM2 64 0R0 082 0.3 4.6 42.1 1.0086 0.00 0.0M
412080.000 1976 COM2 64 0R0 162 0.4 4.8 41.8 1.0085 0.00 0.0M
412140.000 1976 COM2 64 0R0 239 3.0 5.1 40.2 1.0085 0.00 0.0M
412200.000 1976 COM2 64 0R0 291 3.0 5.2 39.7 1.0085 0.00 0.0M
412260.000 1976 COM2 64 0R0 242 1.8 5.2 38.9 1.0085 0.00 0.0M
412320.100 1976 COM2 64 0R0 265 1.2 5.0 39.8 1.0085 0.00 0.0M
412380.000 1976 COM2 64 0R0 243 0.9 5.0 40.5 1.0085 0.00 0.0M
412440.000 1976 COM2 64 0R0 289 1.0 5.2 41.1 1.0085 0.00 0.0M
412500.000 1976 COM2 64 0R0 278 1.2 5.4 40.1 1.0085 0.00 0.0M
412560.000 1976 COM2 64 0R0 268 2.7 5.5 37.8 1.0085 0.00 0.0M
412620.000 1976 COM2 64 0R0 270 1.7 5.3 39.3 1.0084 0.00 0.0M
412680.000 1976 COM2 64 0R0 296 4.2 5.2 39.6 1.0085 0.00 0.0M
412740.000 1976 COM2 64 0R0 280 3.5 5.1 39.1 1.0085 0.00 0.0M
412800.000 1976 COM2 64 0R0 249 0.8 4.9 40.0 1.0084 0.00 0.0M
412860.000 1976 COM2 64 0R0 260 2.3 4.9 40.0 1.0083 0.00 0.0M
412920.000 1976 COM2 64 0R0 295 2.3 4.9 39.9 1.0084 0.00 0.0M
412980.000 1976 COM2 64 0R0 309 3.3 4.8 41.2 1.0084 0.00 0.0M
413040.000 1976 COM2 64 0R0 292 2.5 4.8 39.9 1.0084 0.00 0.0M
413100.000 1976 COM2 64 0R0 302 2.3 4.5 40.1 1.0083 0.00 0.0M
413160.100 1976 COM2 64 0R0 338 1.7 4.4 41.8 1.0083 0.00 0.0M
413220.000 1976 COM2 64 0R0 249 0.7 4.5 41.0 1.0083 0.00 0.0M
413280.000 1976 COM2 64 0R0 298 0.9 4.6 40.9 1.0083 0.00 0.0M
413340.000 1976 COM2 64 0R0 287 1.0 4.7 41.6 1.0082 0.00 0.0M
413400.000 1976 COM2 64 0R0 281 2.4 4.9 40.4 1.0083 0.00 0.0M
413460.000 1976 COM2 64 0R0 348 0.7 4.9 40.5 1.0083 0.00 0.0M
413520.000 1976 COM2 64 0R0 284 2.0 4.9 39.8 1.0082 0.00 0.0M
413580.000 1976 COM2 64 0R0 305 2.8 4.9 39.6 1.0082 0.00 0.0M
413640.100 1976 COM2 64 0R0 275 1.5 4.7 40.9 1.0082 0.00 0.0M
413700.000 1976 COM2 64 0R0 247 1.0 4.6 41.6 1.0081 0.00 0.0M
413760.000 1976 COM2 64 0R0 258 1.7 4.7 41.8 1.0082 0.00 0.0M
413820.000 1976 COM2 64 0R0 300 2.6 4.9 41.3 1.0082 0.00 0.0M
413880.000 1976 COM2 64 0R0 295 3.6 5.1 41.3 1.0082 0.00 0.0M
413940.000 1976 COM2 64 0R0 281 2.3 5.1 40.7 1.0082 0.00 0.0M
414000.000 1976 COM2 64 0R0 358 0.4 5.1 41.6 1.0082 0.00 0.0M
414060.000 1976 COM2 64 0R0 343 1.2 5.2 40.8 1.0083 0.00 0.0M
414120.000 1976 COM2 64 0R0 063 0.1 5.2 40.3 1.0083 0.00 0.0M
414180.000 1976 COM2 64 0R0 348 1.2 5.1 40.7 1.0083 0.00 0.0M
414240.000 1976 COM2 64 0R0 341 1.3 5.1 40.7 1.0083 0.00 0.0M
414300.000 1976 COM2 64 0R0 349 1.1 5.1 40.8 1.0082 0.00 0.0M
414360.000 1976 COM2 64 0R0 248 1.2 5.1 41.3 1.0082 0.00 0.0M
414420.000 1976 COM2 64 0R0 020 0.3 5.3 40.9 1.0082 0.00 0.0M
414480.000 1976 COM2 64 0R0 188 1.9 5.5 41.3 1.0082 0.00 0.0M
414540.000 1976 COM2 64 0R0 189 1.3 5.7 40.3 1.0082 0.00 0.0M
414600.000 1976 COM2 64 0R0 259 3.8 5.7 39.8 1.0082 0.00 0.0M
414660.000 1976 COM2 64 0R0 232 1.3 5.7 39.9 1.0081 0.00 0.0M
414720.000 1976 COM2 64 0R0 277 2.5 5.7 39.8 1.0082 0.00 0.0M
414780.000 1976 COM2 64 0R0 262 3.3 5.7 39.1 1.0082 0.00 0.0M
414840.000 1976 COM2 64 0R0 232 1.4 5.6 39.3 1.0082 0.00 0.0M
414900.000 1976 COM2 64 0R0 224 2.3 5.4 39.5 1.0082 0.00 0.0M
414960.000 1976 COM2 64 0R0 229 1.3 5.4 39.5 1.0082 0.00 0.0M
415020.000 1976 COM2 64 0R0 277 1.1 5.4 39.8 1.0082 0.00 0.0M
415080.000 1976 COM2 64 0R0 282 2.8 5.5 38.9 1.0082 0.00 0.0M
415140.000 1976 COM2 64 0R0 275 2.7 5.5 39.3 1.0081 0.00 0.0M
415200.000 1976 COM2 64 0R0 291 2.1 5.4 39.3 1.0081 0.00 0.0M
415260.000 1976 COM2 64 0R0 269 1.4 5.4 38.4 1.0082 0.00 0.0M
415320.000 1976 COM2 64 0R0 255 1.7 5.3 38.5 1.0082 0.00 0.0M
415380.000 1976 COM2 64 0R0 285 1.7 5.3 39.4 1.0082 0.00 0.0M
415440.000 1976 COM2 64 0R0 223 1.9 5.3 39.6 1.0082 0.00 0.0M
415500.000 1976 COM2 64 0R0 267 2.2 5.4 38.8 1.0082 0.00 0.0M
415560.000 1976 COM2 64 0R0 242 1.5 5.4 38.8 1.0082 0.00 0.0M
415620.000 1976 COM2 64 0R0 303 3.6 5.2 39.4 1.0082 0.00 0.0M
415680.000 1976 COM2 64 0R0 262 0.3 5.1 39.2 1.0082 0.00 0.0M
415740.000 1976 COM2 64 0R0 308 1.5 5.1 39.9 1.0082 0.00 0.0M
415800.000 1976 COM2 64 0R0 205 1.5 5.1 39.5 1.0082 0.00 0.0M
415860.000 1976 COM2 64 0R0 199 0.9 5.2 40.2 1.0082 0.00 0.0M
415920.000 1976 COM2 64 0R0 236 1.8 5.3 39.9 1.0081 0.00 0.0M
415980.000 1976 COM2 64 0R0 286 4.2 5.4 38.9 1.0081 0.00 0.0M
416040.000 1976 COM2 64 0R0 280 1.9 5.4 38.7 1.0082 0.00 0.0M
416100.000 1976 COM2 64 0R0 160 0.5 5.3 39.2 1.0082 0.00 0.0M
416160.000 1976 COM2 64 0R0 261 0.9 5.3 38.5 1.0082 0.00 0.0M
416220.000 1976 COM2 64 0R0 263 0.9 5.4 38.6 1.0082 0.00 0.0M
416280.000 1976 COM2 64 0R0 180 1.1 5.4 39.7 1.0082 0.00 0.0M
416340.000 1976 COM2 64 0R0 251 0.8 5.5 38.9 1.0082 0.00 0.0M
416400.000 1976 COM2 64 0R0 252 2.3 5.5 38.7 1.0082 0.00 0.0M
416460.000 1976 COM2 64 0R0 300 2.6 5.5 38.2 1.0082 0.00 0.0M
416520.200 1976 COM2 64 0R0 305 1.5 5.4 38.6 1.0081 0.00 0.0M
416580.000 1976 COM2 64 0R0 180 0.4 5.3 38.9 1.0081 0.00 0.0M
416640.000 1976 COM2 64 0R0 304 1.1 5.3 40.8 1.0081 0.00 0.0M
416700.000 1976 COM2 64 0R0 283 2.9 5.4 38.7 1.0081 0.00 0.0M
416760.200 1976 COM2 64 0R0 248 2.4 5.4 39.4 1.0081 0.00 0.0M
416820.000 1976 COM2 64 0R0 215 0.7 5.4 39.3 1.0080 0.00 0.0M
416880.000 1976 COM2 64 0R0 244 2.3 5.4 38.9 1.0080 0.00 0.0M
416940.000 1976 COM2 64 0R0 247 1.6 5.4 39.1 1.0080 0.00 0.0M
417000.000 1976 COM2 64 0R0 259 0.6 5.4 38.8 1.0080 0.00 0.0M
417060.000 1976 COM2 64 0R0 241 2.2 5.5 38.8 1.0080 0.00 0.0M
417120.000 1976 COM2 64 0R0 244 2.0 5.5 38.4 1.0080 0.00 0.0M
417180.000 1976 COM2 64 0R0 283 3.5 5.4 38.9 1.0080 0.00 0.0M
417240.000 1976 COM2 64 0R0 259 2.0 5.3 38.9 1.0079 0.00 0.0M
417300.000 1976 COM2 64 0R0 341 0.7 5.3 38.6 1.0080 0.00 0.0M
417360.000 1976 COM2 64 0R0 273 1.1 5.3 38.5 1.0080 0.00 0.0M
417420.000 1976 COM2 64 0R0 286 2.0 5.3 39.8 1.0080 0.00 0.0M
417480.000 1976 COM2 64 0R0 286 0.6 5.3 38.0 1.0080 0.00 0.0M
417540.000 1976 COM2 64 0R0 275 1.9 5.3 38.1 1.0080 0.00 0.0M
417600.000 1976 COM2 64 0R0 324 0.5 5.3 39.1 1.0080 0.00 0.0M
417660.000 1976 COM2 64 0R0 233 0.6 5.3 39.3 1.0080 0.00 0.0M
417720.000 1976 COM2 64 0R0 276 2.6 5.4 38.9 1.0080 0.00 0.0M
417780.000 1976 COM2 64 0R0 291 0.9 5.6 38.0 1.0080 0.00 0.0M
417840.000 1976 COM2 64 0R0 286 2.8 5.7 37.9 1.0080 0.00 0.0M
417900.000 1976 COM2 64 0R0 265 1.8 5.7 37.7 1.0080 0.00 0.0M
417960.000 1976 COM2 64 0R0 243 1.6 5.6 37.7 1.0080 0.00 0.0M
418020.000 1976 COM2 64 0R0 251 2.1 5.5 37.7 1.0079 0.00 0.0M
418080.000 1976 COM2 64 0R0 262 2.4 5.4 37.7 1.0079 0.00 0.0M
418140.000 1976 COM2 64 0R0 314 1.1 5.3 37.5 1.0079 0.00 0.0M
418200.000 1976 COM2 64 0R0 308 2.9 5.3 38.0 1.0079 0.00 0.0M
418260.000 1976 COM2 64 0R0 242 2.5 5.2 38.1 1.0079 0.00 0.0M
418320.000 1976 COM2 64 0R0 261 0.4 5.1 39.6 1.0079 0.00 0.0M
418380.000 1976 COM2 64 0R0 227 1.0 5.2 39.4 1.0079 0.00 0.0M
418440.000 1976 COM2 64 0R0 271 1.1 5.3 39.1 1.0079 0.00 0.0M
418500.000 1976 COM2 64 0R0 293 2.7 5.4 38.2 1.0079 0.00 0.0M
418560.000 1976 COM2 64 0R0 239 1.2 5.4 38.2 1.0079 0.00 0.0M
418620.000 1976 COM2 64 0R0 217 0.7 5.3 39.3 1.0079 0.00 0.0M
418680.000 1976 COM2 64 0R0 206 0.3 5.4 38.6 1.0079 0.00 0.0M
418740.000 1976 COM2 64 0R0 283 0.3 5.5 39.4 1.0079 0.00 0.0M
418800.000 1976 COM2 64 0R0 019 0.5 5.5 39.5 1.0079 0.00 0.0M
418860.000 1976 COM2 64 0R0 326 0.4 5.6 38.2 1.0079 0.00 0.0M
418920.000 1976 COM2 64 0R0 016 0.8 5.6 38.1 1.0079 0.00 0.0M
418980.000 1976 COM2 64 0R0 201 1.1 5.5 38.4 1.0079 0.00 0.0M
419040.000 1976 COM2 64 0R0 277 2.3 5.5 39.2 1.0079 0.00 0.0M
419100.000 1976 COM2 64 0R0 266 3.2 5.6 38.3 1.0079 0.00 0.0M
419160.000 1976 COM2 64 0R0 265 1.4 5.5 37.8 1.0079 0.00 0.0M
419220.000 1976 COM2 64 0R0 209 0.6 5.3 38.4 1.0079 0.00 0.0M
419280.000 1976 COM2 64 0R0 264 1.0 5.2 39.5 1.0079 0.00 0.0M
419340.000 1976 COM2 64 0R0 264 1.2 5.2 38.8 1.0079 0.00 0.0M
419400.000 1976 COM2 64 0R0 263 1.5 5.2 38.6 1.0079 0.00 0.0M
419460.000 1976 COM2 64 0R0 204 3.3 5.2 39.6 1.0078 0.00 0.0M
419520.000 1976 COM2 64 0R0 234 1.2 5.3 39.0 1.0078 0.00 0.0M
419580.000 1976 COM2 64 0R0 296 1.3 5.3 38.9 1.0078 0.00 0.0M
419640.000 1976 COM2 64 0R0 244 0.9 5.3 39.1 1.0078 0.00 0.0M
419700.000 1976 COM2 64 0R0 158 1.0 5.4 39.1 1.0077 0.00 0.0M
419760.000 1976 COM2 64 0R0 255 1.3 5.4 38.8 1.0077 0.00 0.0M
419820.000 1976 COM2 64 0R0 210 3.7 5.4 39.1 1.0077 0.00 0.0M
419880.000 1976 COM2 64 0R0 199 3.1 5.5 38.5 1.0076 0.00 0.0M
419940.000 1976 COM2 64 0R0 233 3.1 5.5 38.4 1.0076 0.00 0.0M
420000.000 1976 COM2 64 0R0 233 2.5 5.4 38.3 1.0077 0.00 0.0M
420060.000 1976 COM2 64 0R0 251 1.7 5.3 38.7 1.0077 0.00 0.0M
420120.100 1976 COM2 64 0R0 277 2.2 5.3 38.9 1.0077 0.00 0.0M
420180.000 1976 COM2 64 0R0 233 3.1 5.2 38.7 1.0077 0.00 0.0M
420240.000 1976 COM2 64 0R0 248 1.5 5.2 38.9 1.0076 0.00 0.0M
420300.000 1976 COM2 64 0R0 250 0.8 5.3 39.1 1.0077 0.00 0.0M
420360.000 1976 COM2 64 0R0 234 0.9 5.3 39.2 1.0077 0.00 0.0M
420420.000 1976 COM2 64 0R0 249 2.1 5.4 38.0 1.0077 0.00 0.0M
420480.000 1976 COM2 64 0R0 248 1.6 5.3 39.0 1.0077 0.00 0.0M
420540.000 1976 COM2 64 0R0 281 2.4 5.3 38.8 1.0077 0.00 0.0M
420600.000 1976 COM2 64 0R0 249 2.6 5.3 39.0 1.0077 0.00 0.0M
420660.000 1976 COM2 64 0R0 249 0.9 5.3 38.6 1.0077 0.00 0.0M
420720.000 1976 COM2 64 0R0 335 0.7 5.3 38.7 1.0077 0.00 0.0M
420780.000 1976 COM2 64 0R0 306 0.9 5.4 38.6 1.0077 0.00 0.0M
420840.000 1976 COM2 64 0R0 238 2.4 5.4 38.7 1.0077 0.00 0.0M
420900.000 1976 COM2 64 0R0 249 1.7 5.3 38.3 1.0077 0.00 0.0M
420960.000 1976 COM2 64 0R0 300 1.7 5.3 38.8 1.0077 0.00 0.0M
421020.000 1976 COM2 64 0R0 245 0.8 5.3 38.0 1.0077 0.00 0.0M
421080.000 1976 COM2 64 0R0 297 2.0 5.2 38.8 1.0077 0.00 0.0M
421140.000 1976 COM2 64 0R0 244 0.6 5.2 39.5 1.0077 0.00 0.0M
421200.000 1976 COM2 64 0R0 239 2.3 5.2 39.0 1.0077 0.00 0.0M
421260.000 1976 COM2 64 0R0 251 1.4 5.3 39.1 1.0077 0.00 0.0M
421320.000 1976 COM2 64 0R0 208 1.0 5.3 38.6 1.0077 0.00 0.0M
421380.000 1976 COM2 64 0R0 231 1.2 5.3 39.1 1.0077 0.00 0.0M
421440.000 1976 COM2 64 0R0 319 1.0 5.3 38.3 1.0077 0.00 0.0M
421500.000 1976 COM2 64 0R0 256 1.3 5.3 39.4 1.0077 0.00 0.0M
421560.000 1976 COM2 64 0R0 235 0.8 5.3 38.9 1.0077 0.00 0.0M
421620.000 1976 COM2 64 0R0 250 1.2 5.4 38.6 1.0077 0.00 0.0M
421680.000 1976 COM2 64 0R0 271 1.0 5.3 38.9 1.0077 0.00 0.0M
421740.000 1976 COM2 64 0R0 247 1.1 5.3 38.9 1.0078 0.00 0.0M
421800.000 1976 COM2 64 0R0 243 0.8 5.3 39.0 1.0078 0.00 0.0M
421860.000 1976 COM2 64 0R0 206 2.6 5.3 38.3 1.0078 0.00 0.0M
421920.000 1976 COM2 64 0R0 239 2.5 5.2 39.2 1.0078 0.00 0.0M
421980.000 1976 COM2 64 0R0 247 1.7 5.2 38.3 1.0078 0.00 0.0M
422040.000 1976 COM2 64 0R0 220 1.6 5.2 39.2 1.0078 0.00 0.0M
422100.000 1976 COM2 64 0R0 254 1.0 5.1 39.7 1.0078 0.00 0.0M
422160.000 1976 COM2 64 0R0 275 2.0 5.1 39.7 1.0078 0.00 0.0M
422220.000 1976 COM2 64 0R0 275 1.3 5.1 39.1 1.0078 0.00 0.0M
422280.000 1976 COM2 64 0R0 303 2.2 5.1 39.2 1.0078 0.00 0.0M
422340.000 1976 COM2 64 0R0 284 2.7 5.0 39.8 1.0078 0.00 0.0M
422400.000 1976 COM2 64 0R0 201 2.4 4.9 39.9 1.0078 0.00 0.0M
422460.000 1976 COM2 64 0R0 216 1.6 4.9 39.9 1.0077 0.00 0.0M
422520.000 1976 COM2 64 0R0 268 1.2 4.9 39.6 1.0077 0.00 0.0M
422580.000 1976 COM2 64 0R0 234 0.9 4.9 39.8 1.0077 0.00 0.0M
422640.000 1976 COM2 64 0R0 229 2.2 4.9 40.2 1.0077 0.00 0.0M
422700.000 1976 COM2 64 0R0 202 2.4 4.9 39.9 1.0077 0.00 0.0M
422760.000 1976 COM2 64 0R0 220 2.5 4.9 40.1 1.0077 0.00 0.0M
422820.000 1976 COM2 64 0R0 251 1.1 4.8 40.3 1.0077 0.00 0.0M
422880.000 1976 COM2 64 0R0 252 1.4 4.8 40.0 1.0077 0.00 0.0M
422940.000 1976 COM2 64 0R0 233 0.5 4.8 40.1 1.0077 0.00 0.0M
423000.000 1976 COM2 64 0R0 244 2.0 4.8 40.2 1.0077 0.00 0.0M
423060.000 1976 COM2 64 0R0 255 1.9 4.8 40.6 1.0077 0.00 0.0M
423120.000 1976 COM2 64 0R0 261 1.2 4.8 40.2 1.0077 0.00 0.0M
423180.000 1976 COM2 64 0R0 213 1.0 4.8 40.5 1.0078 0.00 0.0M
423240.000 1976 COM2 64 0R0 238 0.8 4.7 40.3 1.0078 0.00 0.0M
423300.000 1976 COM2 64 0R0 304 0.6 4.7 40.8 1.0078 0.00 0.0M
423360.000 1976 COM2 64 0R0 230 1.0 4.7 40.8 1.0078 0.00 0.0M
423420.000 1976 COM2 64 0R0 188 1.8 4.6 41.3 1.0078 0.00 0.0M
423480.000 1976 COM2 64 0R0 202 1.7 4.6 41.3 1.0078 0.00 0.0M
423540.000 1976 COM2 64 0R0 254 1.7 4.6 41.7 1.0078 0.00 0.0M
423600.000 1976 COM2 64 0R0 257 1.0 4.5 41.4 1.0078 0.00 0.0M
423660.000 1976 COM2 64 0R0 248 0.9 4.5 41.5 1.0079 0.00 0.0M
423720.000 1976 COM2 64 0R0 270 0.9 4.5 41.5 1.0079 0.00 0.0M
423780.000 1976 COM2 64 0R0 248 2.3 4.5 41.4 1.0079 0.00 0.0M
423840.000 1976 COM2 64 0R0 271 0.8 4.5 41.6 1.0079 0.00 0.0M
423900.000 1976 COM2 64 0R0 252 2.3 4.4 41.9 1.0079 0.00 0.0M
423960.000 1976 COM2 64 0R0 216 0.9 4.4 41.5 1.0078 0.00 0.0M
424020.000 1976 COM2 64 0R0 268 0.8 4.4 41.9 1.0078 0.00 0.0M
424080.000 1976 COM2 64 0R0 241 1.0 4.3 41.8 1.0078 0.00 0.0M
424140.000 1976 COM2 64 0R0 213 0.6 4.3 42.1 1.0079 0.00 0.0M
424200.000 1976 COM2 64 0R0 266 0.5 4.3 42.0 1.0079 0.00 0.0M
424260.000 1976 COM2 64 0R0 232 1.6 4.3 42.2 1.0079 0.00 0.0M
424320.000 1976 COM2 64 0R0 229 1.0 4.3 42.0 1.0079 0.00 0.0M
424380.000 1976 COM2 64 0R0 246 0.8 4.3 42.2 1.0079 0.00 0.0M
424440.000 1976 COM2 64 0R0 212 0.7 4.3 42.3 1.0079 0.00 0.0M
424500.000 1976 COM2 64 0R0 276 0.8 4.3 42.3 1.0079 0.00 0.0M
424560.000 1976 COM2 64 0R0 254 0.9 4.3 42.0 1.0079 0.00 0.0M
424620.000 1976 COM2 64 0R0 158 0.4 4.3 42.6 1.0079 0.00 0.0M
424680.000 1976 COM2 64 0R0 234 0.8 4.3 42.0 1.0079 0.00 0.0M
424740.000 1976 COM2 64 0R0 246 0.8 4.2 42.8 1.0080 0.00 0.0M
424800.000 1976 COM2 64 0R0 249 1.2 4.2 42.4 1.0080 0.00 0.0M
424860.000 1976 COM2 64 0R0 250 1.7 4.2 42.6 1.0080 0.00 0.0M
424920.000 1976 COM2 64 0R0 240 1.8 4.1 42.5 1.0080 0.00 0.0M
424980.000 1976 COM2 64 0R0 244 1.4 4.1 42.9 1.0080 0.00 0.0M
425040.000 1976 COM2 64 0R0 271 0.9 4.1 42.9 1.0080 0.00 0.0M
425100.000 1976 COM2 64 0R0 215 0.6 4.1 43.1 1.0080 0.00 0.0M
425160.000 1976 COM2 64 0R0 246 1.5 4.1 43.1 1.0080 0.00 0.0M
425220.000 1976 COM2 64 0R0 234 1.5 4.1 43.1 1.0080 0.00 0.0M
425280.000 1976 COM2 64 0R0 256 2.1 4.0 43.1 1.0079 0.00 0.0M
425340.000 1976 COM2 64 0R0 270 1.0 4.0 43.5 1.0080 0.00 0.0M
425400.000 1976 COM2 64 0R0 302 0.8 4.0 43.5 1.0080 0.00 0.0M
425460.000 1976 COM2 64 0R0 254 1.5 4.0 43.0 1.0080 0.00 0.0M
425520.000 1976 COM2 64 0R0 274 0.9 3.9 43.4 1.0080 0.00 0.0M
425580.000 1976 COM2 64 0R0 278 0.8 3.9 43.6 1.0080 0.00 0.0M
425640.000 1976 COM2 64 0R0 247 0.8 3.8 43.6 1.0080 0.00 0.0M
425700.000 1976 COM2 64 0R0 233 1.9 3.8 44.0 1.0080 0.00 0.0M
425760.000 1976 COM2 64 0R0 239 2.4 3.8 43.7 1.0080 0.00 0.0M
425820.000 1976 COM2 64 0R0 245 2.2 3.8 43.7 1.0079 0.00 0.0M
425880.000 1976 COM2 64 0R0 237 2.1 3.8 43.6 1.0079 0.00 0.0M
425940.000 1976 COM2 64 0R0 253 1.0 3.8 43.4 1.0079 0.00 0.0M
426000.000 1976 COM2 64 0R0 250 1.9 3.8 44.9 1.0079 0.00 0.0M
426060.000 1976 COM2 64 0R0 214 1.7 3.8 44.0 1.0079 0.00 0.0M
426120.000 1976 COM2 64 0R0 272 1.0 3.8 44.0 1.0078 0.00 0.0M
426180.000 1976 COM2 64 0R0 286 0.9 3.8 43.9 1.0078 0.00 0.0M
426240.000 1976 COM2 64 0R0 231 1.5 3.8 44.1 1.0078 0.00 0.0M
426300.000 1976 COM2 64 0R0 266 1.3 3.7 44.2 1.0078 0.00 0.0M
426360.000 1976 COM2 64 0R0 158 1.4 3.7 43.8 1.0078 0.00 0.0M
426420.000 1976 COM2 64 0R0 262 3.0 3.7 44.4 1.0078 0.00 0.0M
426480.000 1976 COM2 64 0R0 222 1.4 3.7 43.9 1.0078 0.00 0.0M
426540.000 1976 COM2 64 0R0 253 1.6 3.7 44.0 1.0079 0.00 0.0M
426600.000 1976 COM2 64 0R0 203 1.0 3.7 43.7 1.0079 0.00 0.0M
426660.000 1976 COM2 64 0R0 277 1.0 3.7 43.8 1.0079 0.00 0.0M
426720.000 1976 COM2 64 0R0 261 2.3 3.7 44.1 1.0079 0.00 0.0M
426780.000 1976 COM2 64 0R0 262 1.2 3.6 44.0 1.0079 0.00 0.0M
426840.000 1976 COM2 64 0R0 265 2.6 3.6 44.0 1.0078 0.00 0.0M
426900.000 1976 COM2 64 0R0 230 0.9 3.6 44.2 1.0078 0.00 0.0M
426960.000 1976 COM2 64 0R0 256 2.5 3.6 44.3 1.0078 0.00 0.0M
427020.000 1976 COM2 64 0R0 230 0.7 3.6 44.4 1.0078 0.00 0.0M
427080.000 1976 COM2 64 0R0 244 1.6 3.6 44.4 1.0078 0.00 0.0M
427140.000 1976 COM2 64 0R0 236 1.3 3.6 44.4 1.0078 0.00 0.0M
427200.000 1976 COM2 64 0R0 230 1.3 3.5 44.5 1.0078 0.00 0.0M
427260.000 1976 COM2 64 0R0 281 0.5 3.5 43.8 1.0078 0.00 0.0M
427320.000 1976 COM2 64 0R0 227 1.3 3.5 44.6 1.0078 0.00 0.0M
427380.000 1976 COM2 64 0R0 311 0.8 3.5 44.3 1.0078 0.00 0.0M
427440.000 1976 COM2 64 0R0 237 1.4 3.4 45.2 1.0078 0.00 0.0M
427500.000 1976 COM2 64 0R0 241 0.9 3.4 44.7 1.0078 0.00 0.0M
427560.000 1976 COM2 64 0R0 249 2.2 3.4 44.7 1.0078 0.00 0.0M
427620.000 1976 COM2 64 0R0 226 1.3 3.4 45.2 1.0078 0.00 0.0M
427680.000 1976 COM2 64 0R0 223 2.0 3.4 45.2 1.0078 0.00 0.0M
427740.000 1976 COM2 64 0R0 212 1.2 3.4 44.6 1.0079 0.00 0.0M
427800.000 1976 COM2 64 0R0 217 1.1 3.4 44.3 1.0079 0.00 0.0M
427860.000 1976 COM2 64 0R0 232 1.5 3.4 44.4 1.0079 0.00 0.0M
427920.000 1976 COM2 64 0R0 296 1.0 3.4 44.6 1.0079 0.00 0.0M
427980.000 1976 COM2 64 0R0 292 1.3 3.4 44.5 1.0080 0.00 0.0M
428040.000 1976 COM2 64 0R0 259 2.3 3.4 44.3 1.0080 0.00 0.0M
428100.000 1976 COM2 64 0R0 262 1.9 3.3 44.4 1.0080 0.00 0.0M
428160.000 1976 COM2 64 0R0 286 2.4 3.3 45.0 1.0081 0.00 0.0M
428220.000 1976 COM2 64 0R0 277 0.8 3.3 44.9 1.0081 0.00 0.0M
428280.000 1976 COM2 64 0R0 262 2.3 3.3 44.6 1.0081 0.00 0.0M
428340.000 1976 COM2 64 0R0 285 1.8 3.2 45.2 1.0081 0.00 0.0M
428400.000 1976 COM2 64 0R0 239 1.4 3.2 44.7 1.0081 0.00 0.0M
428460.000 1976 COM2 64 0R0 250 2.9 3.2 44.8 1.0081 0.00 0.0M
428520.000 1976 COM2 64 0R0 251 0.9 3.2 45.0 1.0081 0.00 0.0M
428580.000 1976 COM2 64 0R0 255 2.9 3.2 45.2 1.0081 0.00 0.0M
428640.000 1976 COM2 64 0R0 238 1.6 3.2 44.6 1.0081 0.00 0.0M
428700.000 1976 COM2 64 0R0 231 1.7 3.2 44.7 1.0081 0.00 0.0M
428760.000 1976 COM2 64 0R0 249 3.2 3.2 44.9 1.0081 0.00 0.0M
428820.000 1976 COM2 64 0R0 244 2.1 3.2 44.9 1.0081 0.00 0.0M
428880.000 1976 COM2 64 0R0 268 2.6 3.2 45.1 1.0081 0.00 0.0M
428940.000 1976 COM2 64 0R0 250 3.1 3.1 45.0 1.0081 0.00 0.0M
429000.000 1976 COM2 64 0R0 270 1.7 3.1 44.7 1.0082 0.00 0.0M
429060.000 1976 COM2 64 0R0 248 1.3 3.1 44.9 1.0082 0.00 0.0M
429120.000 1976 COM2 64 0R0 247 1.8 3.1 44.6 1.0082 0.00 0.0M
429180.000 1976 COM2 64 0R0 249 2.4 3.1 45.0 1.0082 0.00 0.0M
429240.000 1976 COM2 64 0R0 248 2.8 3.1 45.0 1.0082 0.00 0.0M
429300.000 1976 COM2 64 0R0 249 1.0 3.1 45.2 1.0082 0.00 0.0M
429360.000 1976 COM2 64 0R0 255 1.3 3.1 45.0 1.0082 0.00 0.0M
429420.000 1976 COM2 64 0R0 266 0.9 3.2 44.6 1.0082 0.00 0.0M
429480.000 1976 COM2 64 0R0 238 2.3 3.2 45.1 1.0082 0.00 0.0M
429540.000 1976 COM2 64 0R0 275 1.0 3.2 45.1 1.0082 0.00 0.0M
429600.000 1976 COM2 64 0R0 253 2.3 3.2 44.9 1.0082 0.00 0.0M
429660.000 1976 COM2 64 0R0 255 1.7 3.1 45.0 1.0082 0.00 0.0M
429720.000 1976 COM2 64 0R0 244 2.4 3.1 44.8 1.0082 0.00 0.0M
429780.000 1976 COM2 64 0R0 299 0.6 3.1 45.2 1.0081 0.00 0.0M
429840.100 1976 COM2 64 0R0 254 0.7 3.1 44.9 1.0082 0.00 0.0M
429900.000 1976 COM2 64 0R0 267 1.0 3.1 45.2 1.0082 0.00 0.0M
429960.000 1976 COM2 64 0R0 246 2.1 3.0 45.6 1.0082 0.00 0.0M
430020.000 1976 COM2 64 0R0 244 1.5 3.0 45.6 1.0082 0.00 0.0M
430080.000 1976 COM2 64 0R0 251 2.0 3.0 45.7 1.0082 0.00 0.0M
430140.000 1976 COM2 64 0R0 214 1.7 3.0 44.7 1.0082 0.00 0.0M
430200.000 1976 COM2 64 0R0 249 1.8 3.0 45.2 1.0082 0.00 0.0M
430260.000 1976 COM2 64 0R0 260 2.4 3.0 45.4 1.0083 0.00 0.0M
430320.000 1976 COM2 64 0R0 233 1.8 3.0 45.3 1.0082 0.00 0.0M
430380.000 1976 COM2 64 0R0 254 2.4 2.9 45.9 1.0083 0.00 0.0M
430440.000 1976 COM2 64 0R0 255 1.4 2.9 45.8 1.0082 0.00 0.0M
430500.000 1976 COM2 64 0R0 230 1.2 2.9 45.4 1.0082 0.00 0.0M
430560.000 1976 COM2 64 0R0 270 0.8 2.9 45.5 1.0082 0.00 0.0M
430620.000 1976 COM2 64 0R0 231 2.2 2.9 45.5 1.0082 0.00 0.0M
430680.000 1976 COM2 64 0R0 252 2.3 2.9 45.8 1.0082 0.00 0.0M
430740.000 1976 COM2 64 0R0 187 0.9 2.9 45.7 1.0082 0.00 0.0M
430800.000 1976 COM2 64 0R0 273 1.3 2.9 45.7 1.0082 0.00 0.0M
430860.000 1976 COM2 64 0R0 255 1.9 2.9 46.0 1.0081 0.00 0.0M
430920.000 1976 COM2 64 0R0 257 2.2 2.9 45.8 1.0081 0.00 0.0M
430980.000 1976 COM2 64 0R0 261 2.2 2.9 45.9 1.0081 0.00 0.0M
431040.000 1976 COM2 64 0R0 263 1.8 2.9 45.6 1.0081 0.00 0.0M
431100.000 1976 COM2 64 0R0 278 1.7 2.9 45.6 1.0081 0.00 0.0M
431160.000 1976 COM2 64 0R0 269 1.7 2.9 45.7 1.0081 0.00 0.0M
431220.000 1976 COM2 64 0R0 255 1.3 2.8 46.1 1.0081 0.00 0.0M
431280.000 1976 COM2 64 0R0 251 1.4 2.8 46.0 1.0081 0.00 0.0M
431340.000 1976 COM2 64 0R0 245 0.8 2.8 45.9 1.0081 0.00 0.0M
431400.000 1976 COM2 64 0R0 292 0.6 2.8 45.6 1.0081 0.00 0.0M
431460.000 1976 COM2 64 0R0 203 0.9 2.8 45.6 1.0081 0.00 0.0M
431520.000 1976 COM2 64 0R0 253 2.7 2.8 45.8 1.0080 0.00 0.0M
431580.000 1976 COM2 64 0R0 273 1.5 2.8 45.8 1.0080 0.00 0.0M
431640.000 1976 COM2 64 0R0 314 1.0 2.7 46.2 1.0080 0.00 0.0M
431700.000 1976 COM2 64 0R0 264 1.3 2.7 46.1 1.0080 0.00 0.0M
431760.000 1976 COM2 64 0R0 228 1.4 2.7 46.2 1.0080 0.00 0.0M
431820.000 1976 COM2 64 0R0 244 1.7 2.7 45.8 1.0079 0.00 0.0M
431880.000 1976 COM2 64 0R0 273 3.4 2.7 46.1 1.0079 0.00 0.0M
431940.000 1976 COM2 64 0R0 284 2.4 2.7 45.2 1.0079 0.00 0.0M
