TO [s] WNc [w] C StringLn ASCIIString
---------------------------------------
345600.000 1980 COM2 64 0R0 018 0.5 4.0 39.9 1.0071 0.00 0.0M
345660.100 1980 COM2 64 0R0 308 0.7 4.0 39.6 1.0071 0.00 0.0M
345720.000 1980 COM2 64 0R0 050 0.6 4.0 39.5 1.0071 0.00 0.0M
345780.000 1980 COM2 64 0R0 044 0.5 4.0 39.5 1.0072 0.00 0.0M
345840.000 1980 COM2 64 0R0 234 0.4 4.0 39.6 1.0072 0.00 0.0M
345900.000 1980 COM2 64 0R0 339 1.6 3.9 39.8 1.0072 0.00 0.0M
345960.000 1980 COM2 64 0R0 336 1.1 3.9 39.4 1.0072 0.00 0.0M
346020.000 1980 COM2 64 0R0 351 0.8 3.9 39.4 1.0072 0.00 0.0M
346080.000 1980 COM2 64 0R0 023 2.0 3.9 40.0 1.0072 0.00 0.0M
346140.000 1980 COM2 64 0R0 353 0.8 3.9 39.5 1.0072 0.00 0.0M
346200.000 1980 COM2 64 0R0 347 3.9 3.8 39.6 1.0072 0.00 0.0M
346260.000 1980 COM2 64 0R0 355 1.3 3.8 39.4 1.0072 0.00 0.0M
346320.000 1980 COM2 64 0R0 019 1.0 3.9 39.7 1.0072 0.00 0.0M
346380.000 1980 COM2 64 0R0 342 2.0 3.8 39.4 1.0072 0.00 0.0M
346440.000 1980 COM2 64 0R0 041 0.5 3.8 39.5 1.0072 0.00 0.0M
346500.000 1980 COM2 64 0R0 344 3.5 3.8 39.8 1.0072 0.00 0.0M
346560.000 1980 COM2 64 0R0 348 3.0 3.8 39.3 1.0072 0.00 0.0M
346620.000 1980 COM2 64 0R0 339 0.9 3.8 39.5 1.0072 0.00 0.0M
346680.000 1980 COM2 64 0R0 080 0.6 3.7 40.2 1.0072 0.00 0.0M
346740.000 1980 COM2 64 0R0 306 1.9 3.7 40.2 1.0072 0.00 0.0M
346800.000 1980 COM2 64 0R0 007 0.9 3.7 39.6 1.0072 0.00 0.0M
346860.000 1980 COM2 64 0R0 348 0.4 3.7 39.7 1.0072 0.00 0.0M
346920.000 1980 COM2 64 0R0 341 3.2 3.6 40.0 1.0072 0.00 0.0M
346980.000 1980 COM2 64 0R0 350 2.4 3.6 39.7 1.0073 0.00 0.0M
347040.000 1980 COM2 64 0R0 018 0.5 3.6 39.9 1.0073 0.00 0.0M
347100.000 1980 COM2 64 0R0 343 2.2 3.6 40.3 1.0073 0.00 0.0M
347160.000 1980 COM2 64 0R0 029 0.6 3.5 40.1 1.0073 0.00 0.0M
347220.000 1980 COM2 64 0R0 029 1.2 3.5 40.7 1.0074 0.00 0.0M
347280.000 1980 COM2 64 0R0 005 1.1 3.6 40.5 1.0074 0.00 0.0M
347340.000 1980 COM2 64 0R0 023 0.8 3.6 40.8 1.0074 0.00 0.0M
347400.000 1980 COM2 64 0R0 346 3.4 3.6 40.6 1.0074 0.00 0.0M
347460.000 1980 COM2 64 0R0 313 0.6 3.6 40.1 1.0074 0.00 0.0M
347520.000 1980 COM2 64 0R0 347 2.5 3.6 40.1 1.0074 0.00 0.0M
347580.000 1980 COM2 64 0R0 346 3.1 3.6 39.9 1.0074 0.00 0.0M
347640.000 1980 COM2 64 0R0 342 2.1 3.6 39.9 1.0074 0.00 0.0M
347700.000 1980 COM2 64 0R0 356 2.6 3.6 39.8 1.0075 0.00 0.0M
347760.000 1980 COM2 64 0R0 077 0.7 3.6 39.9 1.0075 0.00 0.0M
347820.000 1980 COM2 64 0R0 309 1.8 3.6 40.2 1.0075 0.00 0.0M
347880.000 1980 COM2 64 0R0 344 2.9 3.6 40.1 1.0075 0.00 0.0M
347940.000 1980 COM2 64 0R0 334 1.3 3.6 40.7 1.0075 0.00 0.0M
348000.000 1980 COM2 64 0R0 051 0.9 3.6 40.3 1.0075 0.00 0.0M
348060.000 1980 COM2 64 0R0 016 0.4 3.5 40.3 1.0075 0.00 0.0M
348120.000 1980 COM2 64 0R0 026 2.1 3.5 40.8 1.0075 0.00 0.0M
348180.000 1980 COM2 64 0R0 334 0.7 3.5 40.4 1.0075 0.00 0.0M
348240.000 1980 COM2 64 0R0 349 3.0 3.5 40.5 1.0075 0.00 0.0M
348300.000 1980 COM2 64 0R0 051 1.7 3.5 40.9 1.0075 0.00 0.0M
348360.000 1980 COM2 64 0R0 342 2.4 3.5 40.8 1.0075 0.00 0.0M
348420.000 1980 COM2 64 0R0 009 1.3 3.5 40.5 1.0075 0.00 0.0M
348480.000 1980 COM2 64 0R0 332 1.2 3.5 40.7 1.0076 0.00 0.0M
348540.000 1980 COM2 64 0R0 049 0.4 3.4 40.5 1.0076 0.00 0.0M
348600.000 1980 COM2 64 0R0 345 1.5 3.4 40.6 1.0076 0.00 0.0M
348660.000 1980 COM2 64 0R0 284 2.7 3.4 40.8 1.0076 0.00 0.0M
348720.000 1980 COM2 64 0R0 337 0.4 3.4 40.4 1.0076 0.00 0.0M
348780.000 1980 COM2 64 0R0 341 2.2 3.4 41.2 1.0076 0.00 0.0M
348840.000 1980 COM2 64 0R0 329 1.7 3.4 40.6 1.0076 0.00 0.0M
348900.000 1980 COM2 64 0R0 340 2.8 3.4 40.5 1.0077 0.00 0.0M
348960.000 1980 COM2 64 0R0 345 1.6 3.4 40.5 1.0076 0.00 0.0M
349020.000 1980 COM2 64 0R0 318 1.3 3.4 40.6 1.0076 0.00 0.0M
349080.000 1980 COM2 64 0R0 027 0.4 3.3 40.9 1.0076 0.00 0.0M
349140.000 1980 COM2 64 0R0 333 2.1 3.3 40.8 1.0076 0.00 0.0M
349200.100 1980 COM2 64 0R0 357 0.7 3.3 41.0 1.0076 0.00 0.0M
349260.000 1980 COM2 64 0R0 325 0.6 3.3 41.0 1.0077 0.00 0.0M
349320.100 1980 COM2 64 0R0 046 0.7 3.2 41.3 1.0077 0.00 0.0M
349380.000 1980 COM2 64 0R0 296 0.5 3.2 41.3 1.0077 0.00 0.0M
349440.000 1980 COM2 64 0R0 330 1.8 3.3 41.1 1.0077 0.00 0.0M
349500.000 1980 COM2 64 0R0 297 1.0 3.2 40.8 1.0077 0.00 0.0M
349560.000 1980 COM2 64 0R0 017 0.9 3.2 41.2 1.0077 0.00 0.0M
349620.000 1980 COM2 64 0R0 346 1.0 3.2 41.6 1.0077 0.00 0.0M
349680.000 1980 COM2 64 0R0 321 0.8 3.2 41.2 1.0077 0.00 0.0M
349740.000 1980 COM2 64 0R0 337 1.4 3.2 41.2 1.0078 0.00 0.0M
349800.000 1980 COM2 64 0R0 328 1.5 3.2 41.5 1.0078 0.00 0.0M
349860.000 1980 COM2 64 0R0 287 2.1 3.2 41.0 1.0078 0.00 0.0M
349920.000 1980 COM2 64 0R0 309 2.4 3.2 41.2 1.0078 0.00 0.0M
349980.000 1980 COM2 64 0R0 332 1.5 3.2 41.8 1.0078 0.00 0.0M
350040.000 1980 COM2 64 0R0 353 1.2 3.2 41.6 1.0078 0.00 0.0M
350100.000 1980 COM2 64 0R0 322 1.4 3.2 41.0 1.0078 0.00 0.0M
350160.000 1980 COM2 64 0R0 311 2.0 3.1 41.7 1.0079 0.00 0.0M
350220.000 1980 COM2 64 0R0 345 2.8 3.1 41.8 1.0079 0.00 0.0M
350280.000 1980 COM2 64 0R0 027 0.3 3.2 41.2 1.0079 0.00 0.0M
350340.000 1980 COM2 64 0R0 303 0.8 3.2 41.8 1.0079 0.00 0.0M
350400.000 1980 COM2 64 0R0 336 2.3 3.1 41.7 1.0079 0.00 0.0M
350460.000 1980 COM2 64 0R0 018 1.0 3.1 41.6 1.0079 0.00 0.0M
350520.000 1980 COM2 64 0R0 314 1.4 3.1 41.8 1.0079 0.00 0.0M
350580.000 1980 COM2 64 0R0 339 0.6 3.1 41.5 1.0079 0.00 0.0M
350640.000 1980 COM2 64 0R0 297 0.7 3.1 42.0 1.0080 0.00 0.0M
350700.000 1980 COM2 64 0R0 009 0.4 3.1 41.8 1.0080 0.00 0.0M
350760.000 1980 COM2 64 0R0 004 2.6 3.1 42.0 1.0080 0.00 0.0M
350820.000 1980 COM2 64 0R0 011 1.5 3.1 41.7 1.0080 0.00 0.0M
350880.000 1980 COM2 64 0R0 349 1.9 3.0 41.9 1.0080 0.00 0.0M
350940.000 1980 COM2 64 0R0 295 2.3 3.0 41.8 1.0081 0.00 0.0M
351000.000 1980 COM2 64 0R0 357 1.7 3.0 41.9 1.0081 0.00 0.0M
351060.000 1980 COM2 64 0R0 337 2.5 3.0 41.8 1.0081 0.00 0.0M
351120.000 1980 COM2 64 0R0 336 1.1 3.0 41.9 1.0081 0.00 0.0M
351180.000 1980 COM2 64 0R0 327 1.5 3.0 42.2 1.0081 0.00 0.0M
351240.000 1980 COM2 64 0R0 035 1.3 3.0 42.2 1.0081 0.00 0.0M
351300.000 1980 COM2 64 0R0 292 1.7 3.0 42.0 1.0082 0.00 0.0M
351360.000 1980 COM2 64 0R0 004 1.2 2.9 42.5 1.0082 0.00 0.0M
351420.000 1980 COM2 64 0R0 002 0.6 2.9 42.3 1.0082 0.00 0.0M
351480.000 1980 COM2 64 0R0 002 0.9 2.9 42.5 1.0082 0.00 0.0M
351540.000 1980 COM2 64 0R0 027 0.7 2.9 42.7 1.0082 0.00 0.0M
351600.000 1980 COM2 64 0R0 237 0.4 2.9 42.7 1.0082 0.00 0.0M
351660.000 1980 COM2 64 0R0 329 1.1 2.9 42.4 1.0082 0.00 0.0M
351720.000 1980 COM2 64 0R0 336 1.4 2.9 42.9 1.0082 0.00 0.0M
351780.000 1980 COM2 64 0R0 287 0.3 2.9 42.9 1.0082 0.00 0.0M
351840.000 1980 COM2 64 0R0 325 0.2 2.9 42.6 1.0082 0.00 0.0M
351900.000 1980 COM2 64 0R0 323 0.9 2.9 43.0 1.0082 0.00 0.0M
351960.000 1980 COM2 64 0R0 340 0.9 2.9 42.3 1.0082 0.00 0.0M
352020.000 1980 COM2 64 0R0 324 0.8 2.8 43.2 1.0082 0.00 0.0M
352080.000 1980 COM2 64 0R0 083 0.4 2.8 43.0 1.0082 0.00 0.0M
352140.000 1980 COM2 64 0R0 312 0.2 2.8 43.3 1.0082 0.00 0.0M
352200.000 1980 COM2 64 0R0 174 0.7 2.8 43.8 1.0082 0.00 0.0M
352260.000 1980 COM2 64 0R0 017 0.4 2.8 43.1 1.0082 0.00 0.0M
352320.000 1980 COM2 64 0R0 202 1.1 2.8 43.1 1.0082 0.00 0.0M
352380.000 1980 COM2 64 0R0 063 0.9 2.8 43.4 1.0082 0.00 0.0M
352440.000 1980 COM2 64 0R0 348 0.4 2.8 44.1 1.0083 0.00 0.0M
352500.000 1980 COM2 64 0R0 299 1.3 2.8 43.9 1.0083 0.00 0.0M
352560.000 1980 COM2 64 0R0 052 0.4 2.8 43.7 1.0083 0.00 0.0M
352620.000 1980 COM2 64 0R0 285 0.2 2.8 43.7 1.0083 0.00 0.0M
352680.000 1980 COM2 64 0R0 208 0.3 2.8 43.9 1.0083 0.00 0.0M
352740.000 1980 COM2 64 0R0 240 0.2 2.7 44.3 1.0083 0.00 0.0M
352800.000 1980 COM2 64 0R0 063 0.7 2.7 44.2 1.0083 0.00 0.0M
352860.000 1980 COM2 64 0R0 075 0.6 2.7 43.9 1.0083 0.00 0.0M
352920.000 1980 COM2 64 0R0 077 0.2 2.7 43.8 1.0083 0.00 0.0M
352980.000 1980 COM2 64 0R0 324 1.4 2.7 43.5 1.0083 0.00 0.0M
353040.000 1980 COM2 64 0R0 353 0.9 2.7 43.2 1.0083 0.00 0.0M
353100.000 1980 COM2 64 0R0 079 0.6 2.7 43.2 1.0083 0.00 0.0M
353160.000 1980 COM2 64 0R0 356 0.1 2.7 43.6 1.0084 0.00 0.0M
353220.000 1980 COM2 64 0R0 353 0.5 2.7 43.7 1.0084 0.00 0.0M
353280.000 1980 COM2 64 0R0 301 0.9 2.7 43.5 1.0084 0.00 0.0M
353340.000 1980 COM2 64 0R0 335 1.6 2.7 43.4 1.0084 0.00 0.0M
353400.000 1980 COM2 64 0R0 030 0.8 2.6 43.4 1.0084 0.00 0.0M
353460.000 1980 COM2 64 0R0 349 1.6 2.6 43.5 1.0084 0.00 0.0M
353520.000 1980 COM2 64 0R0 245 0.8 2.6 43.6 1.0084 0.00 0.0M
353580.000 1980 COM2 64 0R0 011 0.3 2.6 43.7 1.0083 0.00 0.0M
353640.000 1980 COM2 64 0R0 331 0.8 2.6 43.7 1.0083 0.00 0.0M
353700.000 1980 COM2 64 0R0 004 1.0 2.6 44.0 1.0084 0.00 0.0M
353760.000 1980 COM2 64 0R0 332 1.2 2.6 43.5 1.0083 0.00 0.0M
353820.000 1980 COM2 64 0R0 329 0.3 2.6 43.9 1.0083 0.00 0.0M
353880.000 1980 COM2 64 0R0 347 0.7 2.6 43.6 1.0083 0.00 0.0M
353940.000 1980 COM2 64 0R0 357 0.3 2.6 43.5 1.0084 0.00 0.0M
354000.000 1980 COM2 64 0R0 350 2.4 2.6 44.1 1.0084 0.00 0.0M
354060.000 1980 COM2 64 0R0 293 2.3 2.6 44.0 1.0084 0.00 0.0M
354120.000 1980 COM2 64 0R0 293 0.4 2.6 44.0 1.0084 0.00 0.0M
354180.000 1980 COM2 64 0R0 278 1.3 2.6 44.5 1.0084 0.00 0.0M
354240.000 1980 COM2 64 0R0 125 0.2 2.6 44.2 1.0084 0.00 0.0M
354300.000 1980 COM2 64 0R0 050 0.7 2.6 44.6 1.0084 0.00 0.0M
354360.000 1980 COM2 64 0R0 308 0.7 2.6 43.9 1.0084 0.00 0.0M
354420.000 1980 COM2 64 0R0 259 0.9 2.6 43.7 1.0084 0.00 0.0M
354480.000 1980 COM2 64 0R0 282 0.4 2.5 44.5 1.0084 0.00 0.0M
354540.000 1980 COM2 64 0R0 351 0.2 2.5 44.9 1.0085 0.00 0.0M
354600.000 1980 COM2 64 0R0 062 0.4 2.5 44.6 1.0085 0.00 0.0M
354660.000 1980 COM2 64 0R0 054 0.3 2.5 44.2 1.0085 0.00 0.0M
354720.000 1980 COM2 64 0R0 343 0.5 2.5 44.9 1.0084 0.00 0.0M
354780.000 1980 COM2 64 0R0 316 0.3 2.5 43.9 1.0084 0.00 0.0M
354840.000 1980 COM2 64 0R0 049 0.7 2.5 44.7 1.0084 0.00 0.0M
354900.000 1980 COM2 64 0R0 175 0.6 2.5 44.4 1.0084 0.00 0.0M
354960.100 1980 COM2 64 0R0 044 0.4 2.5 44.4 1.0084 0.00 0.0M
355020.000 1980 COM2 64 0R0 273 0.8 2.5 44.6 1.0085 0.00 0.0M
355080.000 1980 COM2 64 0R0 304 2.0 2.5 44.6 1.0085 0.00 0.0M
355140.000 1980 COM2 64 0R0 307 2.0 2.5 44.3 1.0085 0.00 0.0M
355200.000 1980 COM2 64 0R0 341 0.5 2.4 43.9 1.0085 0.00 0.0M
355260.000 1980 COM2 64 0R0 285 0.4 2.4 44.5 1.0085 0.00 0.0M
355320.000 1980 COM2 64 0R0 269 0.7 2.4 45.2 1.0085 0.00 0.0M
355380.000 1980 COM2 64 0R0 034 0.3 2.4 45.1 1.0085 0.00 0.0M
355440.000 1980 COM2 64 0R0 296 0.7 2.4 45.3 1.0085 0.00 0.0M
355500.000 1980 COM2 64 0R0 224 0.3 2.4 45.3 1.0085 0.00 0.0M
355560.000 1980 COM2 64 0R0 357 0.3 2.3 44.9 1.0085 0.00 0.0M
355620.000 1980 COM2 64 0R0 312 0.9 2.3 44.6 1.0085 0.00 0.0M
355680.000 1980 COM2 64 0R0 294 1.6 2.3 44.2 1.0085 0.00 0.0M
355740.000 1980 COM2 64 0R0 163 0.5 2.3 44.7 1.0085 0.00 0.0M
355800.000 1980 COM2 64 0R0 064 0.4 2.3 45.7 1.0085 0.00 0.0M
355860.000 1980 COM2 64 0R0 207 0.3 2.3 45.6 1.0086 0.00 0.0M
355920.000 1980 COM2 64 0R0 287 1.4 2.2 45.1 1.0086 0.00 0.0M
355980.000 1980 COM2 64 0R0 270 1.3 2.2 45.5 1.0086 0.00 0.0M
356040.000 1980 COM2 64 0R0 055 0.9 2.2 45.3 1.0086 0.00 0.0M
356100.000 1980 COM2 64 0R0 352 0.6 2.2 45.4 1.0086 0.00 0.0M
356160.000 1980 COM2 64 0R0 060 0.6 2.2 45.4 1.0086 0.00 0.0M
356220.000 1980 COM2 64 0R0 007 0.7 2.2 45.1 1.0086 0.00 0.0M
356280.000 1980 COM2 64 0R0 000 0.8 2.2 45.2 1.0086 0.00 0.0M
356340.000 1980 COM2 64 0R0 298 1.6 2.1 44.9 1.0086 0.00 0.0M
356400.000 1980 COM2 64 0R0 319 1.4 2.1 45.6 1.0086 0.00 0.0M
356460.000 1980 COM2 64 0R0 327 0.4 2.1 45.1 1.0086 0.00 0.0M
356520.000 1980 COM2 64 0R0 011 0.7 2.1 45.6 1.0086 0.00 0.0M
356580.000 1980 COM2 64 0R0 321 0.7 2.1 45.5 1.0086 0.00 0.0M
356640.000 1980 COM2 64 0R0 346 1.6 2.1 45.3 1.0086 0.00 0.0M
356700.000 1980 COM2 64 0R0 351 0.3 2.1 45.2 1.0085 0.00 0.0M
356760.000 1980 COM2 64 0R0 184 0.5 2.1 45.7 1.0085 0.00 0.0M
356820.000 1980 COM2 64 0R0 169 0.3 2.1 45.3 1.0085 0.00 0.0M
356880.000 1980 COM2 64 0R0 224 0.5 2.1 45.5 1.0086 0.00 0.0M
356940.000 1980 COM2 64 0R0 280 1.2 2.1 45.7 1.0086 0.00 0.0M
357000.000 1980 COM2 64 0R0 269 0.2 2.1 45.0 1.0086 0.00 0.0M
357060.000 1980 COM2 64 0R0 179 0.4 2.1 45.7 1.0086 0.00 0.0M
357120.000 1980 COM2 64 0R0 300 1.5 2.1 46.0 1.0086 0.00 0.0M
357180.000 1980 COM2 64 0R0 347 1.0 2.1 45.4 1.0086 0.00 0.0M
357240.000 1980 COM2 64 0R0 059 0.8 2.1 45.1 1.0085 0.00 0.0M
357300.000 1980 COM2 64 0R0 261 0.8 2.1 45.4 1.0085 0.00 0.0M
357360.000 1980 COM2 64 0R0 301 2.9 2.1 46.0 1.0085 0.00 0.0M
357420.000 1980 COM2 64 0R0 285 0.2 2.1 45.2 1.0085 0.00 0.0M
357480.000 1980 COM2 64 0R0 230 0.6 2.1 45.5 1.0085 0.00 0.0M
357540.000 1980 COM2 64 0R0 344 0.8 2.1 45.5 1.0085 0.00 0.0M
357600.000 1980 COM2 64 0R0 015 0.4 2.1 44.9 1.0085 0.00 0.0M
357660.000 1980 COM2 64 0R0 209 0.8 2.1 45.3 1.0085 0.00 0.0M
357720.000 1980 COM2 64 0R0 326 0.3 2.1 45.4 1.0085 0.00 0.0M
357780.000 1980 COM2 64 0R0 089 0.8 2.1 45.1 1.0085 0.00 0.0M
357840.000 1980 COM2 64 0R0 351 0.7 2.1 45.4 1.0085 0.00 0.0M
357900.000 1980 COM2 64 0R0 044 0.6 2.1 45.2 1.0085 0.00 0.0M
357960.000 1980 COM2 64 0R0 274 0.7 2.1 45.6 1.0085 0.00 0.0M
358020.000 1980 COM2 64 0R0 259 0.5 2.1 45.0 1.0085 0.00 0.0M
358080.000 1980 COM2 64 0R0 133 0.5 2.1 45.2 1.0085 0.00 0.0M
358140.000 1980 COM2 64 0R0 261 0.8 2.1 46.0 1.0085 0.00 0.0M
358200.000 1980 COM2 64 0R0 217 0.8 2.1 45.1 1.0085 0.00 0.0M
358260.000 1980 COM2 64 0R0 276 1.7 2.1 45.0 1.0085 0.00 0.0M
358320.000 1980 COM2 64 0R0 216 0.5 2.1 45.1 1.0085 0.00 0.0M
358380.000 1980 COM2 64 0R0 299 2.0 2.1 45.7 1.0085 0.00 0.0M
358440.100 1980 COM2 64 0R0 274 1.0 2.1 45.6 1.0085 0.00 0.0M
358500.000 1980 COM2 64 0R0 297 2.8 2.1 45.3 1.0086 0.00 0.0M
358560.000 1980 COM2 64 0R0 083 1.0 2.0 45.4 1.0086 0.00 0.0M
358620.000 1980 COM2 64 0R0 260 1.1 2.0 45.5 1.0086 0.00 0.0M
358680.000 1980 COM2 64 0R0 075 0.7 2.0 45.5 1.0086 0.00 0.0M
358740.000 1980 COM2 64 0R0 313 1.3 2.0 46.4 1.0086 0.00 0.0M
358800.000 1980 COM2 64 0R0 016 0.7 2.0 45.4 1.0086 0.00 0.0M
358860.000 1980 COM2 64 0R0 027 0.5 2.0 45.6 1.0086 0.00 0.0M
358920.000 1980 COM2 64 0R0 308 2.2 1.9 45.5 1.0086 0.00 0.0M
358980.000 1980 COM2 64 0R0 315 1.5 1.9 45.5 1.0086 0.00 0.0M
359040.000 1980 COM2 64 0R0 354 0.7 1.9 45.9 1.0086 0.00 0.0M
359100.000 1980 COM2 64 0R0 320 0.5 1.9 45.8 1.0086 0.00 0.0M
359160.000 1980 COM2 64 0R0 001 0.8 1.9 46.3 1.0086 0.00 0.0M
359220.000 1980 COM2 64 0R0 284 1.2 1.9 45.8 1.0086 0.00 0.0M
359280.000 1980 COM2 64 0R0 088 0.7 1.9 46.5 1.0086 0.00 0.0M
359340.000 1980 COM2 64 0R0 055 0.4 1.9 46.3 1.0086 0.00 0.0M
359400.000 1980 COM2 64 0R0 188 0.4 1.9 46.1 1.0086 0.00 0.0M
359460.000 1980 COM2 64 0R0 307 1.1 1.9 45.5 1.0086 0.00 0.0M
359520.000 1980 COM2 64 0R0 288 0.5 1.9 46.4 1.0086 0.00 0.0M
359580.000 1980 COM2 64 0R0 273 1.5 1.9 46.1 1.0086 0.00 0.0M
359640.000 1980 COM2 64 0R0 297 2.4 1.9 46.1 1.0086 0.00 0.0M
359700.000 1980 COM2 64 0R0 030 0.4 1.9 45.5 1.0086 0.00 0.0M
359760.000 1980 COM2 64 0R0 207 0.6 1.8 45.9 1.0086 0.00 0.0M
359820.000 1980 COM2 64 0R0 299 2.3 1.8 46.4 1.0086 0.00 0.0M
359880.000 1980 COM2 64 0R0 326 0.7 1.8 46.4 1.0086 0.00 0.0M
359940.000 1980 COM2 64 0R0 335 0.5 1.8 46.5 1.0086 0.00 0.0M
360000.000 1980 COM2 64 0R0 288 1.9 1.7 46.3 1.0086 0.00 0.0M
360060.000 1980 COM2 64 0R0 355 0.9 1.7 46.3 1.0086 0.00 0.0M
360120.000 1980 COM2 64 0R0 025 0.3 1.7 46.1 1.0085 0.00 0.0M
360180.000 1980 COM2 64 0R0 339 0.4 1.7 46.5 1.0085 0.00 0.0M
360240.000 1980 COM2 64 0R0 013 0.9 1.7 46.3 1.0085 0.00 0.0M
360300.000 1980 COM2 64 0R0 325 0.4 1.7 46.3 1.0085 0.00 0.0M
360360.000 1980 COM2 64 0R0 303 2.8 1.7 46.6 1.0085 0.00 0.0M
360420.000 1980 COM2 64 0R0 309 1.5 1.7 46.0 1.0085 0.00 0.0M
360480.000 1980 COM2 64 0R0 304 2.7 1.7 45.9 1.0085 0.00 0.0M
360540.000 1980 COM2 64 0R0 312 0.6 1.7 46.4 1.0085 0.00 0.0M
360600.000 1980 COM2 64 0R0 309 2.5 1.7 46.5 1.0085 0.00 0.0M
360660.000 1980 COM2 64 0R0 355 0.9 1.7 46.1 1.0085 0.00 0.0M
360720.000 1980 COM2 64 0R0 338 1.1 1.7 45.9 1.0085 0.00 0.0M
360780.000 1980 COM2 64 0R0 318 1.7 1.6 46.3 1.0085 0.00 0.0M
360840.000 1980 COM2 64 0R0 320 0.5 1.6 45.9 1.0085 0.00 0.0M
360900.000 1980 COM2 64 0R0 318 2.0 1.6 46.3 1.0085 0.00 0.0M
360960.000 1980 COM2 64 0R0 018 0.4 1.6 45.9 1.0085 0.00 0.0M
361020.100 1980 COM2 64 0R0 340 1.4 1.6 46.8 1.0085 0.00 0.0M
361080.000 1980 COM2 64 0R0 309 1.8 1.6 46.1 1.0085 0.00 0.0M
361140.000 1980 COM2 64 0R0 326 2.5 1.6 46.1 1.0085 0.00 0.0M
361200.000 1980 COM2 64 0R0 352 1.3 1.6 46.0 1.0086 0.00 0.0M
361260.000 1980 COM2 64 0R0 324 1.4 1.6 45.9 1.0086 0.00 0.0M
361320.000 1980 COM2 64 0R0 320 2.6 1.6 45.9 1.0086 0.00 0.0M
361380.000 1980 COM2 64 0R0 335 0.5 1.6 46.1 1.0086 0.00 0.0M
361440.000 1980 COM2 64 0R0 321 2.2 1.6 46.5 1.0085 0.00 0.0M
361500.000 1980 COM2 64 0R0 293 1.9 1.6 46.2 1.0085 0.00 0.0M
361560.000 1980 COM2 64 0R0 293 2.7 1.6 45.9 1.0085 0.00 0.0M
361620.000 1980 COM2 64 0R0 268 1.2 1.6 46.1 1.0085 0.00 0.0M
361680.000 1980 COM2 64 0R0 339 0.8 1.6 46.2 1.0086 0.00 0.0M
361740.000 1980 COM2 64 0R0 329 1.5 1.6 46.1 1.0086 0.00 0.0M
361800.000 1980 COM2 64 0R0 352 0.7 1.5 46.3 1.0085 0.00 0.0M
361860.000 1980 COM2 64 0R0 277 1.2 1.5 46.3 1.0085 0.00 0.0M
361920.000 1980 COM2 64 0R0 320 1.0 1.5 46.8 1.0085 0.00 0.0M
361980.000 1980 COM2 64 0R0 321 3.1 1.5 46.2 1.0085 0.00 0.0M
362040.000 1980 COM2 64 0R0 335 1.0 1.5 46.1 1.0085 0.00 0.0M
362100.000 1980 COM2 64 0R0 025 0.8 1.5 46.4 1.0085 0.00 0.0M
362160.000 1980 COM2 64 0R0 301 1.5 1.5 46.8 1.0086 0.00 0.0M
362220.000 1980 COM2 64 0R0 315 2.1 1.5 46.2 1.0086 0.00 0.0M
362280.000 1980 COM2 64 0R0 343 2.2 1.5 46.4 1.0085 0.00 0.0M
362340.000 1980 COM2 64 0R0 273 2.5 1.5 46.6 1.0085 0.00 0.0M
362400.000 1980 COM2 64 0R0 306 2.6 1.5 46.5 1.0086 0.00 0.0M
362460.000 1980 COM2 64 0R0 337 2.5 1.5 46.2 1.0086 0.00 0.0M
362520.000 1980 COM2 64 0R0 324 0.6 1.5 46.1 1.0086 0.00 0.0M
362580.000 1980 COM2 64 0R0 349 3.1 1.5 46.7 1.0087 0.00 0.0M
362640.000 1980 COM2 64 0R0 314 1.2 1.5 46.6 1.0087 0.00 0.0M
362700.000 1980 COM2 64 0R0 329 3.0 1.5 47.2 1.0087 0.00 0.0M
362760.000 1980 COM2 64 0R0 344 0.6 1.5 46.3 1.0087 0.00 0.0M
362820.000 1980 COM2 64 0R0 323 3.0 1.5 46.3 1.0087 0.00 0.0M
362880.000 1980 COM2 64 0R0 288 1.7 1.5 46.3 1.0087 0.00 0.0M
362940.000 1980 COM2 64 0R0 000 1.1 1.5 46.7 1.0087 0.00 0.0M
363000.000 1980 COM2 64 0R0 300 1.8 1.5 46.4 1.0087 0.00 0.0M
363060.000 1980 COM2 64 0R0 326 1.2 1.5 46.0 1.0087 0.00 0.0M
363120.000 1980 COM2 64 0R0 299 2.8 1.5 46.3 1.0087 0.00 0.0M
363180.000 1980 COM2 64 0R0 280 0.3 1.4 46.5 1.0087 0.00 0.0M
363240.000 1980 COM2 64 0R0 336 0.7 1.4 47.2 1.0087 0.00 0.0M
363300.000 1980 COM2 64 0R0 296 0.5 1.4 46.5 1.0087 0.00 0.0M
363360.000 1980 COM2 64 0R0 280 1.0 1.4 46.9 1.0087 0.00 0.0M
363420.000 1980 COM2 64 0R0 293 2.7 1.4 46.5 1.0087 0.00 0.0M
363480.000 1980 COM2 64 0R0 303 2.0 1.4 46.6 1.0087 0.00 0.0M
363540.000 1980 COM2 64 0R0 340 0.3 1.4 47.1 1.0087 0.00 0.0M
363600.000 1980 COM2 64 0R0 117 0.7 1.3 47.5 1.0087 0.00 0.0M
363660.000 1980 COM2 64 0R0 293 3.3 1.3 47.4 1.0086 0.00 0.0M
363720.000 1980 COM2 64 0R0 284 2.5 1.3 46.7 1.0086 0.00 0.0M
363780.000 1980 COM2 64 0R0 336 0.3 1.3 47.5 1.0087 0.00 0.0M
363840.000 1980 COM2 64 0R0 263 1.7 1.3 47.3 1.0086 0.00 0.0M
363900.000 1980 COM2 64 0R0 324 1.4 1.3 47.4 1.0086 0.00 0.0M
363960.000 1980 COM2 64 0R0 261 0.4 1.3 47.3 1.0086 0.00 0.0M
364020.000 1980 COM2 64 0R0 308 3.4 1.3 48.3 1.0086 0.00 0.0M
364080.000 1980 COM2 64 0R0 308 1.7 1.3 46.9 1.0086 0.00 0.0M
364140.000 1980 COM2 64 0R0 344 1.3 1.3 47.0 1.0086 0.00 0.0M
364200.000 1980 COM2 64 0R0 343 0.7 1.2 47.1 1.0086 0.00 0.0M
364260.000 1980 COM2 64 0R0 290 1.0 1.2 47.0 1.0086 0.00 0.0M
364320.000 1980 COM2 64 0R0 324 2.0 1.2 47.5 1.0086 0.00 0.0M
364380.000 1980 COM2 64 0R0 353 0.4 1.2 47.4 1.0086 0.00 0.0M
364440.000 1980 COM2 64 0R0 326 0.9 1.2 47.1 1.0085 0.00 0.0M
364500.000 1980 COM2 64 0R0 341 3.8 1.2 47.1 1.0085 0.00 0.0M
364560.000 1980 COM2 64 0R0 345 3.1 1.2 46.8 1.0086 0.00 0.0M
364620.000 1980 COM2 64 0R0 324 1.7 1.2 46.6 1.0085 0.00 0.0M
364680.000 1980 COM2 64 0R0 295 1.3 1.2 46.9 1.0086 0.00 0.0M
364740.000 1980 COM2 64 0R0 153 0.7 1.2 47.1 1.0086 0.00 0.0M
364800.000 1980 COM2 64 0R0 313 0.7 1.2 48.0 1.0086 0.00 0.0M
364860.000 1980 COM2 64 0R0 301 1.6 1.2 47.7 1.0086 0.00 0.0M
364920.000 1980 COM2 64 0R0 309 2.9 1.2 47.3 1.0085 0.00 0.0M
364980.000 1980 COM2 64 0R0 302 2.1 1.2 47.0 1.0085 0.00 0.0M
365040.000 1980 COM2 64 0R0 357 0.5 1.2 47.3 1.0085 0.00 0.0M
365100.000 1980 COM2 64 0R0 354 1.3 1.2 47.4 1.0085 0.00 0.0M
365160.000 1980 COM2 64 0R0 254 0.2 1.2 47.4 1.0085 0.00 0.0M
365220.000 1980 COM2 64 0R0 019 0.2 1.2 48.1 1.0085 0.00 0.0M
365280.000 1980 COM2 64 0R0 341 0.3 1.2 47.5 1.0085 0.00 0.0M
365340.000 1980 COM2 64 0R0 071 0.2 1.1 47.3 1.0085 0.00 0.0M
365400.000 1980 COM2 64 0R0 212 0.6 1.1 47.8 1.0085 0.00 0.0M
365460.000 1980 COM2 64 0R0 133 0.4 1.1 47.9 1.0085 0.00 0.0M
365520.000 1980 COM2 64 0R0 087 0.3 1.1 47.0 1.0085 0.00 0.0M
365580.000 1980 COM2 64 0R0 093 0.3 1.0 47.7 1.0084 0.00 0.0M
365640.000 1980 COM2 64 0R0 273 0.2 1.0 47.4 1.0085 0.00 0.0M
365700.000 1980 COM2 64 0R0 188 0.8 1.1 48.3 1.0085 0.00 0.0M
365760.000 1980 COM2 64 0R0 037 1.2 1.1 48.0 1.0085 0.00 0.0M
365820.000 1980 COM2 64 0R0 264 0.5 1.1 47.5 1.0085 0.00 0.0M
365880.000 1980 COM2 64 0R0 017 0.7 1.1 48.0 1.0085 0.00 0.0M
365940.000 1980 COM2 64 0R0 005 0.6 1.0 47.8 1.0085 0.00 0.0M
366000.000 1980 COM2 64 0R0 006 0.4 1.0 47.5 1.0085 0.00 0.0M
366060.000 1980 COM2 64 0R0 332 0.3 1.0 48.1 1.0086 0.00 0.0M
366120.000 1980 COM2 64 0R0 293 0.3 1.0 47.6 1.0086 0.00 0.0M
366180.000 1980 COM2 64 0R0 111 0.2 0.9 47.5 1.0085 0.00 0.0M
366240.000 1980 COM2 64 0R0 344 0.7 0.9 48.6 1.0085 0.00 0.0M
366300.000 1980 COM2 64 0R0 269 0.7 0.9 48.6 1.0085 0.00 0.0M
366360.000 1980 COM2 64 0R0 291 1.8 0.9 48.5 1.0085 0.00 0.0M
366420.000 1980 COM2 64 0R0 327 0.5 0.9 47.4 1.0085 0.00 0.0M
366480.000 1980 COM2 64 0R0 255 0.3 0.8 47.6 1.0085 0.00 0.0M
366540.000 1980 COM2 64 0R0 289 0.6 0.8 48.6 1.0085 0.00 0.0M
366600.000 1980 COM2 64 0R0 216 0.2 0.8 48.6 1.0085 0.00 0.0M
366660.000 1980 COM2 64 0R0 257 1.0 0.8 48.9 1.0086 0.00 0.0M
366720.000 1980 COM2 64 0R0 191 0.2 0.8 48.9 1.0086 0.00 0.0M
366780.000 1980 COM2 64 0R0 308 1.9 0.8 48.9 1.0086 0.00 0.0M
366840.000 1980 COM2 64 0R0 240 0.2 0.8 48.3 1.0086 0.00 0.0M
366900.000 1980 COM2 64 0R0 300 0.8 0.7 49.1 1.0086 0.00 0.0M
366960.000 1980 COM2 64 0R0 275 0.3 0.7 48.7 1.0086 0.00 0.0M
367020.000 1980 COM2 64 0R0 289 0.7 0.7 49.5 1.0086 0.00 0.0M
367080.000 1980 COM2 64 0R0 265 1.1 0.7 48.8 1.0086 0.00 0.0M
367140.000 1980 COM2 64 0R0 085 0.3 0.7 49.5 1.0086 0.00 0.0M
367200.000 1980 COM2 64 0R0 218 0.2 0.7 49.2 1.0086 0.00 0.0M
367260.000 1980 COM2 64 0R0 098 0.3 0.7 49.6 1.0086 0.00 0.0M
367320.000 1980 COM2 64 0R0 203 0.4 0.7 49.6 1.0086 0.00 0.0M
367380.000 1980 COM2 64 0R0 282 0.7 0.7 49.7 1.0086 0.00 0.0M
367440.000 1980 COM2 64 0R0 242 0.6 0.7 49.7 1.0087 0.00 0.0M
367500.000 1980 COM2 64 0R0 295 1.7 0.7 50.2 1.0087 0.00 0.0M
367560.100 1980 COM2 64 0R0 266 1.7 0.6 49.4 1.0087 0.00 0.0M
367620.000 1980 COM2 64 0R0 115 0.2 0.6 48.9 1.0087 0.00 0.0M
367680.000 1980 COM2 64 0R0 290 0.4 0.6 49.7 1.0087 0.00 0.0M
367740.000 1980 COM2 64 0R0 100 0.3 0.6 49.8 1.0087 0.00 0.0M
367800.000 1980 COM2 64 0R0 247 0.7 0.6 49.8 1.0087 0.00 0.0M
367860.000 1980 COM2 64 0R0 285 0.8 0.6 49.7 1.0087 0.00 0.0M
367920.000 1980 COM2 64 0R0 223 1.0 0.6 49.6 1.0087 0.00 0.0M
367980.000 1980 COM2 64 0R0 011 0.4 0.6 49.9 1.0087 0.00 0.0M
368040.000 1980 COM2 64 0R0 010 0.5 0.6 49.9 1.0087 0.00 0.0M
368100.000 1980 COM2 64 0R0 292 1.6 0.6 49.4 1.0088 0.00 0.0M
368160.000 1980 COM2 64 0R0 320 0.5 0.6 49.1 1.0088 0.00 0.0M
368220.000 1980 COM2 64 0R0 260 0.7 0.6 49.4 1.0088 0.00 0.0M
368280.000 1980 COM2 64 0R0 350 0.3 0.5 50.1 1.0088 0.00 0.0M
368340.000 1980 COM2 64 0R0 342 0.6 0.5 49.4 1.0088 0.00 0.0M
368400.000 1980 COM2 64 0R0 296 1.0 0.5 50.3 1.0088 0.00 0.0M
368460.000 1980 COM2 64 0R0 198 0.9 0.5 51.0 1.0089 0.00 0.0M
368520.000 1980 COM2 64 0R0 279 1.1 0.5 50.1 1.0089 0.00 0.0M
368580.000 1980 COM2 64 0R0 302 0.9 0.5 50.1 1.0089 0.00 0.0M
368640.000 1980 COM2 64 0R0 274 1.1 0.4 49.2 1.0088 0.00 0.0M
368700.000 1980 COM2 64 0R0 293 0.8 0.4 49.9 1.0089 0.00 0.0M
368760.000 1980 COM2 64 0R0 281 1.0 0.4 50.8 1.0088 0.00 0.0M
368820.000 1980 COM2 64 0R0 296 0.7 0.4 50.8 1.0088 0.00 0.0M
368880.000 1980 COM2 64 0R0 279 0.4 0.3 50.4 1.0088 0.00 0.0M
368940.000 1980 COM2 64 0R0 257 0.8 0.3 50.4 1.0088 0.00 0.0M
369000.000 1980 COM2 64 0R0 264 0.4 0.3 50.5 1.0088 0.00 0.0M
369060.000 1980 COM2 64 0R0 088 0.4 0.3 50.4 1.0089 0.00 0.0M
369120.000 1980 COM2 64 0R0 140 0.2 0.3 50.4 1.0089 0.00 0.0M
369180.000 1980 COM2 64 0R0 322 0.8 0.3 51.0 1.0089 0.00 0.0M
369240.000 1980 COM2 64 0R0 228 0.2 0.3 49.8 1.0089 0.00 0.0M
369300.000 1980 COM2 64 0R0 206 0.3 0.3 51.0 1.0089 0.00 0.0M
369360.000 1980 COM2 64 0R0 304 0.7 0.3 50.9 1.0089 0.00 0.0M
369420.000 1980 COM2 64 0R0 307 0.3 0.3 50.3 1.0089 0.00 0.0M
369480.000 1980 COM2 64 0R0 332 0.4 0.3 50.4 1.0089 0.00 0.0M
369540.000 1980 COM2 64 0R0 288 0.7 0.3 50.9 1.0090 0.00 0.0M
369600.000 1980 COM2 64 0R0 040 0.5 0.3 50.9 1.0090 0.00 0.0M
369660.000 1980 COM2 64 0R0 094 0.4 0.4 50.1 1.0090 0.00 0.0M
369720.000 1980 COM2 64 0R0 074 0.2 0.4 50.1 1.0090 0.00 0.0M
369780.000 1980 COM2 64 0R0 336 1.3 0.4 49.6 1.0090 0.00 0.0M
369840.000 1980 COM2 64 0R0 298 1.5 0.4 49.1 1.0090 0.00 0.0M
369900.000 1980 COM2 64 0R0 235 0.3 0.4 49.2 1.0091 0.00 0.0M
369960.000 1980 COM2 64 0R0 245 0.6 0.4 49.1 1.0091 0.00 0.0M
370020.000 1980 COM2 64 0R0 308 0.6 0.4 50.4 1.0091 0.00 0.0M
370080.000 1980 COM2 64 0R0 298 1.4 0.4 50.4 1.0091 0.00 0.0M
370140.000 1980 COM2 64 0R0 304 1.3 0.4 49.9 1.0091 0.00 0.0M
370200.000 1980 COM2 64 0R0 039 0.8 0.4 49.2 1.0091 0.00 0.0M
370260.000 1980 COM2 64 0R0 297 1.0 0.3 50.4 1.0091 0.00 0.0M
370320.000 1980 COM2 64 0R0 284 1.6 0.3 49.5 1.0091 0.00 0.0M
370380.000 1980 COM2 64 0R0 285 0.7 0.3 50.6 1.0091 0.00 0.0M
370440.000 1980 COM2 64 0R0 265 2.0 0.3 50.2 1.0092 0.00 0.0M
370500.000 1980 COM2 64 0R0 285 2.2 0.2 50.3 1.0092 0.00 0.0M
370560.000 1980 COM2 64 0R0 293 1.1 0.2 49.5 1.0092 0.00 0.0M
370620.000 1980 COM2 64 0R0 308 1.5 0.1 49.7 1.0092 0.00 0.0M
370680.000 1980 COM2 64 0R0 279 1.2 0.1 49.8 1.0092 0.00 0.0M
370740.000 1980 COM2 64 0R0 325 0.8 0.1 49.7 1.0092 0.00 0.0M
370800.000 1980 COM2 64 0R0 263 1.0 0.1 51.3 1.0092 0.00 0.0M
370860.000 1980 COM2 64 0R0 276 0.4 0.1 50.9 1.0092 0.00 0.0M
370920.000 1980 COM2 64 0R0 207 0.1 0.2 50.2 1.0092 0.00 0.0M
370980.000 1980 COM2 64 0R0 304 1.6 0.2 50.8 1.0092 0.00 0.0M
371040.000 1980 COM2 64 0R0 300 1.4 0.2 49.6 1.0093 0.00 0.0M
371100.000 1980 COM2 64 0R0 343 0.4 0.2 50.5 1.0093 0.00 0.0M
371160.000 1980 COM2 64 0R0 285 0.6 0.2 49.4 1.0093 0.00 0.0M
371220.000 1980 COM2 64 0R0 266 1.3 0.2 50.5 1.0093 0.00 0.0M
371280.000 1980 COM2 64 0R0 296 1.7 0.2 50.3 1.0093 0.00 0.0M
371340.000 1980 COM2 64 0R0 258 1.0 0.2 49.8 1.0094 0.00 0.0M
371400.000 1980 COM2 64 0R0 272 1.9 0.2 50.3 1.0095 0.00 0.0M
371460.000 1980 COM2 64 0R0 282 1.5 0.2 50.4 1.0096 0.00 0.0M
371520.000 1980 COM2 64 0R0 270 1.9 0.1 50.2 1.0097 0.00 0.0M
371580.000 1980 COM2 64 0R0 281 1.3 0.1 50.3 1.0097 0.00 0.0M
371640.000 1980 COM2 64 0R0 283 1.3 0.1 50.7 1.0097 0.00 0.0M
371700.000 1980 COM2 64 0R0 298 1.5 0.1 49.5 1.0096 0.00 0.0M
371760.000 1980 COM2 64 0R0 293 1.6 0.1 50.0 1.0096 0.00 0.0M
371820.000 1980 COM2 64 0R0 263 1.9 0.1 50.2 1.0097 0.00 0.0M
371880.000 1980 COM2 64 0R0 272 2.7 0.0 50.0 1.0097 0.00 0.0M
371940.000 1980 COM2 64 0R0 273 0.9 0.0 49.5 1.0097 0.00 0.0M
372000.000 1980 COM2 64 0R0 294 2.2 0.0 50.3 1.0097 0.00 0.0M
372060.000 1980 COM2 64 0R0 274 2.5 0.0 49.8 1.0098 0.00 0.0M
372120.000 1980 COM2 64 0R0 225 0.3 0.0 49.6 1.0098 0.00 0.0M
372180.000 1980 COM2 64 0R0 271 1.1 0.0 49.8 1.0098 0.00 0.0M
372240.000 1980 COM2 64 0R0 268 2.0 0.0 49.7 1.0099 0.00 0.0M
372300.000 1980 COM2 64 0R0 273 3.2 0.0 50.4 1.0099 0.00 0.0M
372360.000 1980 COM2 64 0R0 305 1.9 0.0 50.0 1.0099 0.00 0.0M
372420.000 1980 COM2 64 0R0 281 1.9 0.0 50.5 1.0099 0.00 0.0M
372480.000 1980 COM2 64 0R0 286 2.7 0.0 50.4 1.0099 0.00 0.0M
372540.000 1980 COM2 64 0R0 279 2.5 0.0 50.1 1.0099 0.00 0.0M
372600.000 1980 COM2 65 0R0 257 2.7 -0.1 50.3 1.0099 0.00 0.0M
372660.000 1980 COM2 65 0R0 276 2.2 -0.1 50.1 1.0100 0.00 0.0M
372720.000 1980 COM2 65 0R0 258 2.2 -0.1 50.6 1.0100 0.00 0.0M
372780.000 1980 COM2 65 0R0 191 0.5 -0.1 50.4 1.0100 0.00 0.0M
372840.000 1980 COM2 65 0R0 262 1.3 -0.1 50.4 1.0099 0.00 0.0M
372900.000 1980 COM2 65 0R0 307 1.1 -0.1 50.5 1.0098 0.00 0.0M
372960.000 1980 COM2 65 0R0 283 0.8 -0.1 51.0 1.0097 0.00 0.0M
373020.000 1980 COM2 65 0R0 216 0.5 -0.1 50.1 1.0097 0.00 0.0M
373080.000 1980 COM2 65 0R0 297 1.9 -0.1 50.8 1.0097 0.00 0.0M
373140.000 1980 COM2 65 0R0 298 0.9 -0.1 50.1 1.0097 0.00 0.0M
373200.000 1980 COM2 64 0R0 285 2.5 0.0 50.0 1.0098 0.00 0.0M
373260.000 1980 COM2 64 0R0 273 1.7 0.0 50.4 1.0098 0.00 0.0M
373320.000 1980 COM2 64 0R0 306 0.4 0.0 51.2 1.0098 0.00 0.0M
373380.000 1980 COM2 64 0R0 285 2.7 0.0 51.0 1.0098 0.00 0.0M
373440.000 1980 COM2 64 0R0 299 2.2 0.0 50.1 1.0098 0.00 0.0M
373500.000 1980 COM2 64 0R0 262 1.2 0.0 50.3 1.0099 0.00 0.0M
373560.000 1980 COM2 65 0R0 287 2.4 -0.1 51.0 1.0099 0.00 0.0M
373620.000 1980 COM2 65 0R0 283 2.7 -0.1 50.4 1.0099 0.00 0.0M
373680.000 1980 COM2 65 0R0 281 2.4 -0.2 50.6 1.0098 0.00 0.0M
373740.000 1980 COM2 65 0R0 280 2.6 -0.2 50.6 1.0098 0.00 0.0M
373800.000 1980 COM2 65 0R0 256 1.8 -0.2 51.2 1.0098 0.00 0.0M
373860.000 1980 COM2 65 0R0 272 1.9 -0.3 51.4 1.0099 0.00 0.0M
373920.000 1980 COM2 65 0R0 285 2.0 -0.3 51.9 1.0099 0.00 0.0M
373980.000 1980 COM2 65 0R0 263 2.1 -0.3 51.4 1.0100 0.00 0.0M
374040.000 1980 COM2 65 0R0 280 3.1 -0.3 51.2 1.0100 0.00 0.0M
374100.000 1980 COM2 65 0R0 254 1.0 -0.4 51.9 1.0100 0.00 0.0M
374160.000 1980 COM2 65 0R0 250 2.5 -0.4 52.0 1.0100 0.00 0.0M
374220.000 1980 COM2 65 0R0 309 1.3 -0.4 52.2 1.0100 0.00 0.0M
374280.000 1980 COM2 65 0R0 282 1.2 -0.4 52.3 1.0100 0.00 0.0M
374340.000 1980 COM2 65 0R0 292 2.2 -0.5 52.0 1.0100 0.00 0.0M
374400.000 1980 COM2 65 0R0 263 1.2 -0.5 51.9 1.0100 0.00 0.0M
374460.000 1980 COM2 65 0R0 297 1.8 -0.6 52.9 1.0101 0.00 0.0M
374520.000 1980 COM2 65 0R0 309 2.3 -0.6 52.7 1.0100 0.00 0.0M
374580.000 1980 COM2 65 0R0 274 2.0 -0.6 52.5 1.0100 0.00 0.0M
374640.000 1980 COM2 65 0R0 284 2.2 -0.6 53.5 1.0099 0.00 0.0M
374700.000 1980 COM2 65 0R0 288 1.7 -0.5 52.9 1.0098 0.00 0.0M
374760.000 1980 COM2 65 0R0 277 0.4 -0.5 52.6 1.0097 0.00 0.0M
374820.000 1980 COM2 65 0R0 255 0.4 -0.5 53.1 1.0096 0.00 0.0M
374880.000 1980 COM2 65 0R0 253 0.2 -0.4 53.1 1.0096 0.00 0.0M
374940.000 1980 COM2 65 0R0 175 0.2 -0.4 52.7 1.0097 0.00 0.0M
375000.000 1980 COM2 65 0R0 270 1.3 -0.4 53.0 1.0097 0.00 0.0M
375060.000 1980 COM2 65 0R0 286 1.9 -0.4 52.5 1.0097 0.00 0.0M
375120.000 1980 COM2 65 0R0 281 1.5 -0.4 52.1 1.0097 0.00 0.0M
375180.000 1980 COM2 65 0R0 275 1.6 -0.4 51.9 1.0098 0.00 0.0M
375240.000 1980 COM2 65 0R0 297 0.8 -0.4 53.0 1.0098 0.00 0.0M
375300.000 1980 COM2 65 0R0 274 1.3 -0.4 52.9 1.0098 0.00 0.0M
375360.000 1980 COM2 65 0R0 271 1.6 -0.3 52.4 1.0099 0.00 0.0M
375420.000 1980 COM2 65 0R0 245 1.3 -0.3 52.6 1.0099 0.00 0.0M
375480.100 1980 COM2 65 0R0 298 0.9 -0.3 52.7 1.0100 0.00 0.0M
375540.100 1980 COM2 65 0R0 298 2.1 -0.3 52.3 1.0100 0.00 0.0M
375600.000 1980 COM2 65 0R0 065 0.4 -0.3 52.6 1.0100 0.00 0.0M
375660.000 1980 COM2 65 0R0 334 0.7 -0.3 52.5 1.0099 0.00 0.0M
375720.000 1980 COM2 65 0R0 312 0.8 -0.3 52.7 1.0099 0.00 0.0M
375780.000 1980 COM2 65 0R0 217 0.3 -0.3 52.9 1.0099 0.00 0.0M
375840.000 1980 COM2 65 0R0 306 0.9 -0.3 52.7 1.0099 0.00 0.0M
375900.000 1980 COM2 65 0R0 012 0.4 -0.2 52.3 1.0100 0.00 0.0M
375960.000 1980 COM2 65 0R0 282 2.1 -0.2 52.5 1.0100 0.00 0.0M
376020.000 1980 COM2 65 0R0 325 1.1 -0.2 51.7 1.0100 0.00 0.0M
376080.000 1980 COM2 65 0R0 234 0.8 -0.2 51.3 1.0101 0.00 0.0M
376140.000 1980 COM2 65 0R0 296 2.3 -0.2 52.5 1.0101 0.00 0.0M
376200.000 1980 COM2 65 0R0 236 0.6 -0.2 51.8 1.0102 0.00 0.0M
376260.000 1980 COM2 65 0R0 285 1.8 -0.2 52.9 1.0101 0.00 0.0M
376320.000 1980 COM2 65 0R0 238 1.2 -0.2 51.3 1.0101 0.00 0.0M
376380.000 1980 COM2 65 0R0 308 1.9 -0.3 51.8 1.0101 0.00 0.0M
376440.000 1980 COM2 65 0R0 267 0.9 -0.3 52.2 1.0101 0.00 0.0M
376500.000 1980 COM2 65 0R0 212 0.5 -0.3 52.7 1.0100 0.00 0.0M
376560.000 1980 COM2 65 0R0 192 0.2 -0.3 52.4 1.0099 0.00 0.0M
376620.000 1980 COM2 65 0R0 160 0.4 -0.3 52.2 1.0100 0.00 0.0M
376680.000 1980 COM2 65 0R0 331 0.5 -0.3 52.5 1.0100 0.00 0.0M
376740.000 1980 COM2 65 0R0 301 1.4 -0.3 52.4 1.0099 0.00 0.0M
376800.000 1980 COM2 65 0R0 327 0.5 -0.3 52.2 1.0098 0.00 0.0M
376860.000 1980 COM2 65 0R0 347 0.5 -0.3 52.0 1.0098 0.00 0.0M
376920.000 1980 COM2 65 0R0 332 0.6 -0.2 52.1 1.0097 0.00 0.0M
376980.000 1980 COM2 65 0R0 351 0.9 -0.2 51.7 1.0097 0.00 0.0M
377040.000 1980 COM2 65 0R0 038 0.8 -0.2 51.7 1.0097 0.00 0.0M
377100.000 1980 COM2 65 0R0 358 0.8 -0.2 51.7 1.0097 0.00 0.0M
377160.000 1980 COM2 65 0R0 339 1.2 -0.2 51.3 1.0096 0.00 0.0M
377220.000 1980 COM2 65 0R0 008 0.2 -0.2 52.1 1.0096 0.00 0.0M
377280.000 1980 COM2 65 0R0 064 0.2 -0.2 51.7 1.0097 0.00 0.0M
377340.000 1980 COM2 65 0R0 174 0.2 -0.2 51.9 1.0097 0.00 0.0M
377400.000 1980 COM2 65 0R0 084 0.7 -0.2 51.4 1.0097 0.00 0.0M
377460.000 1980 COM2 65 0R0 042 1.2 -0.1 51.5 1.0097 0.00 0.0M
377520.000 1980 COM2 65 0R0 346 1.1 -0.1 51.1 1.0097 0.00 0.0M
377580.000 1980 COM2 65 0R0 355 1.0 -0.1 51.3 1.0097 0.00 0.0M
377640.000 1980 COM2 65 0R0 241 0.9 -0.1 51.7 1.0097 0.00 0.0M
377700.000 1980 COM2 65 0R0 304 0.4 -0.1 52.1 1.0097 0.00 0.0M
377760.000 1980 COM2 65 0R0 239 0.5 -0.1 52.4 1.0097 0.00 0.0M
377820.000 1980 COM2 65 0R0 026 0.5 -0.1 52.1 1.0097 0.00 0.0M
377880.000 1980 COM2 65 0R0 346 0.4 -0.1 51.9 1.0097 0.00 0.0M
377940.000 1980 COM2 64 0R0 032 1.0 0.0 51.4 1.0096 0.00 0.0M
378000.000 1980 COM2 64 0R0 345 1.0 0.0 50.8 1.0096 0.00 0.0M
378060.000 1980 COM2 64 0R0 261 0.3 0.0 50.8 1.0096 0.00 0.0M
378120.000 1980 COM2 64 0R0 037 1.1 0.0 50.8 1.0095 0.00 0.0M
378180.000 1980 COM2 64 0R0 333 0.3 0.0 50.8 1.0096 0.00 0.0M
378240.000 1980 COM2 64 0R0 018 0.2 0.0 51.5 1.0096 0.00 0.0M
378300.000 1980 COM2 64 0R0 285 0.4 0.0 51.0 1.0097 0.00 0.0M
378360.000 1980 COM2 64 0R0 280 0.7 0.0 51.0 1.0098 0.00 0.0M
378420.000 1980 COM2 64 0R0 292 2.5 0.0 51.3 1.0098 0.00 0.0M
378480.000 1980 COM2 64 0R0 311 0.5 0.0 50.3 1.0099 0.00 0.0M
378540.000 1980 COM2 64 0R0 280 1.7 0.0 50.9 1.0099 0.00 0.0M
378600.000 1980 COM2 65 0R0 274 0.5 -0.1 51.3 1.0099 0.00 0.0M
378660.000 1980 COM2 65 0R0 306 2.7 -0.1 51.7 1.0099 0.00 0.0M
378720.000 1980 COM2 65 0R0 268 1.0 -0.1 50.8 1.0099 0.00 0.0M
378780.000 1980 COM2 65 0R0 277 0.2 -0.2 51.5 1.0098 0.00 0.0M
378840.000 1980 COM2 65 0R0 266 0.5 -0.2 52.0 1.0098 0.00 0.0M
378900.000 1980 COM2 65 0R0 310 0.8 -0.2 52.0 1.0098 0.00 0.0M
378960.000 1980 COM2 65 0R0 285 1.4 -0.2 52.3 1.0098 0.00 0.0M
379020.000 1980 COM2 65 0R0 287 1.5 -0.2 51.8 1.0098 0.00 0.0M
379080.000 1980 COM2 65 0R0 268 1.8 -0.2 51.8 1.0098 0.00 0.0M
379140.000 1980 COM2 65 0R0 295 2.3 -0.3 52.0 1.0099 0.00 0.0M
379200.000 1980 COM2 65 0R0 275 2.3 -0.3 52.5 1.0100 0.00 0.0M
379260.000 1980 COM2 65 0R0 283 2.4 -0.3 51.9 1.0100 0.00 0.0M
379320.000 1980 COM2 65 0R0 284 2.3 -0.3 51.4 1.0101 0.00 0.0M
379380.000 1980 COM2 65 0R0 301 1.3 -0.4 52.3 1.0101 0.00 0.0M
379440.000 1980 COM2 65 0R0 308 0.8 -0.4 52.2 1.0101 0.00 0.0M
379500.000 1980 COM2 65 0R0 308 2.1 -0.4 52.5 1.0101 0.00 0.0M
379560.000 1980 COM2 65 0R0 280 1.8 -0.4 52.2 1.0102 0.00 0.0M
379620.000 1980 COM2 65 0R0 344 1.5 -0.4 51.9 1.0102 0.00 0.0M
379680.000 1980 COM2 65 0R0 104 0.6 -0.4 52.2 1.0102 0.00 0.0M
379740.000 1980 COM2 65 0R0 282 2.0 -0.4 52.6 1.0102 0.00 0.0M
379800.000 1980 COM2 65 0R0 294 2.4 -0.4 52.2 1.0103 0.00 0.0M
379860.000 1980 COM2 65 0R0 273 2.3 -0.4 52.0 1.0103 0.00 0.0M
379920.000 1980 COM2 65 0R0 282 0.6 -0.4 52.4 1.0103 0.00 0.0M
379980.000 1980 COM2 65 0R0 294 2.2 -0.4 52.8 1.0104 0.00 0.0M
380040.000 1980 COM2 65 0R0 283 1.0 -0.4 52.8 1.0104 0.00 0.0M
380100.000 1980 COM2 65 0R0 348 1.0 -0.4 52.8 1.0104 0.00 0.0M
380160.000 1980 COM2 65 0R0 117 0.6 -0.3 52.5 1.0105 0.00 0.0M
380220.000 1980 COM2 65 0R0 300 0.5 -0.3 52.5 1.0105 0.00 0.0M
380280.000 1980 COM2 65 0R0 334 0.6 -0.2 52.6 1.0105 0.00 0.0M
380340.000 1980 COM2 65 0R0 016 0.5 -0.2 51.8 1.0105 0.00 0.0M
380400.000 1980 COM2 65 0R0 296 1.1 -0.2 52.3 1.0105 0.00 0.0M
380460.000 1980 COM2 65 0R0 250 0.7 -0.2 52.6 1.0105 0.00 0.0M
380520.000 1980 COM2 65 0R0 297 1.1 -0.2 52.2 1.0105 0.00 0.0M
380580.000 1980 COM2 65 0R0 290 0.9 -0.1 52.5 1.0106 0.00 0.0M
380640.000 1980 COM2 65 0R0 173 0.4 -0.1 51.5 1.0106 0.00 0.0M
380700.000 1980 COM2 65 0R0 269 1.2 -0.1 52.3 1.0106 0.00 0.0M
380760.000 1980 COM2 65 0R0 265 0.2 -0.1 51.9 1.0106 0.00 0.0M
380820.000 1980 COM2 65 0R0 350 0.3 -0.1 52.5 1.0106 0.00 0.0M
380880.000 1980 COM2 64 0R0 291 1.1 0.0 51.3 1.0106 0.00 0.0M
380940.000 1980 COM2 64 0R0 202 0.5 0.0 51.9 1.0106 0.00 0.0M
381000.000 1980 COM2 64 0R0 224 1.5 0.0 52.1 1.0106 0.00 0.0M
381060.000 1980 COM2 64 0R0 012 0.5 0.0 52.1 1.0106 0.00 0.0M
381120.000 1980 COM2 64 0R0 319 0.8 0.0 51.8 1.0106 0.00 0.0M
381180.000 1980 COM2 64 0R0 128 0.2 0.0 51.7 1.0105 0.00 0.0M
381240.000 1980 COM2 64 0R0 259 0.4 0.0 51.4 1.0105 0.00 0.0M
381300.000 1980 COM2 64 0R0 284 1.1 0.0 51.5 1.0105 0.00 0.0M
381360.000 1980 COM2 64 0R0 288 0.8 0.0 51.3 1.0106 0.00 0.0M
381420.000 1980 COM2 64 0R0 355 1.0 0.0 51.9 1.0107 0.00 0.0M
381480.000 1980 COM2 64 0R0 282 1.4 0.0 51.7 1.0107 0.00 0.0M
381540.000 1980 COM2 64 0R0 288 0.8 0.0 51.1 1.0107 0.00 0.0M
381600.000 1980 COM2 64 0R0 297 1.6 0.0 51.6 1.0108 0.00 0.0M
381660.000 1980 COM2 64 0R0 295 1.9 0.0 51.1 1.0108 0.00 0.0M
381720.000 1980 COM2 64 0R0 265 0.5 0.0 51.1 1.0108 0.00 0.0M
381780.000 1980 COM2 64 0R0 322 0.6 0.0 51.5 1.0108 0.00 0.0M
381840.000 1980 COM2 64 0R0 327 0.7 0.0 51.4 1.0108 0.00 0.0M
381900.000 1980 COM2 64 0R0 268 0.5 0.0 52.2 1.0108 0.00 0.0M
381960.000 1980 COM2 64 0R0 205 0.3 0.0 51.8 1.0107 0.00 0.0M
382020.000 1980 COM2 64 0R0 055 0.4 0.0 51.6 1.0107 0.00 0.0M
382080.000 1980 COM2 64 0R0 312 1.1 0.0 51.3 1.0107 0.00 0.0M
382140.000 1980 COM2 64 0R0 348 0.3 0.1 51.4 1.0107 0.00 0.0M
382200.000 1980 COM2 64 0R0 299 0.5 0.1 51.2 1.0106 0.00 0.0M
382260.000 1980 COM2 64 0R0 066 0.3 0.1 51.6 1.0105 0.00 0.0M
382320.000 1980 COM2 64 0R0 222 0.8 0.1 51.3 1.0105 0.00 0.0M
382380.000 1980 COM2 64 0R0 330 1.5 0.1 51.4 1.0106 0.00 0.0M
382440.000 1980 COM2 64 0R0 274 1.7 0.1 50.0 1.0106 0.00 0.0M
382500.000 1980 COM2 64 0R0 134 0.4 0.1 50.6 1.0106 0.00 0.0M
382560.000 1980 COM2 64 0R0 350 1.4 0.0 51.3 1.0106 0.00 0.0M
382620.000 1980 COM2 64 0R0 320 1.3 0.0 51.1 1.0106 0.00 0.0M
382680.000 1980 COM2 64 0R0 170 0.6 0.0 50.7 1.0107 0.00 0.0M
382740.000 1980 COM2 64 0R0 311 1.4 0.0 51.3 1.0107 0.00 0.0M
382800.000 1980 COM2 64 0R0 003 1.4 0.0 51.3 1.0107 0.00 0.0M
382860.000 1980 COM2 64 0R0 208 0.7 0.1 51.1 1.0107 0.00 0.0M
382920.000 1980 COM2 64 0R0 335 1.4 0.1 51.1 1.0108 0.00 0.0M
382980.000 1980 COM2 64 0R0 073 0.8 0.1 50.6 1.0108 0.00 0.0M
383040.000 1980 COM2 64 0R0 048 0.3 0.2 51.5 1.0109 0.00 0.0M
383100.000 1980 COM2 64 0R0 352 0.4 0.2 51.4 1.0109 0.00 0.0M
383160.000 1980 COM2 64 0R0 339 1.0 0.2 50.7 1.0108 0.00 0.0M
383220.000 1980 COM2 64 0R0 044 0.7 0.2 50.4 1.0108 0.00 0.0M
383280.000 1980 COM2 64 0R0 349 0.8 0.2 50.0 1.0108 0.00 0.0M
383340.000 1980 COM2 64 0R0 343 0.5 0.2 50.0 1.0108 0.00 0.0M
383400.000 1980 COM2 64 0R0 344 1.6 0.2 50.8 1.0108 0.00 0.0M
383460.000 1980 COM2 64 0R0 011 0.7 0.2 50.3 1.0108 0.00 0.0M
383520.000 1980 COM2 64 0R0 321 0.5 0.1 50.8 1.0108 0.00 0.0M
383580.000 1980 COM2 64 0R0 328 0.2 0.1 50.2 1.0108 0.00 0.0M
383640.000 1980 COM2 64 0R0 331 1.0 0.1 51.0 1.0108 0.00 0.0M
383700.000 1980 COM2 64 0R0 352 0.8 0.2 50.8 1.0108 0.00 0.0M
383760.000 1980 COM2 64 0R0 337 1.1 0.2 50.5 1.0107 0.00 0.0M
383820.000 1980 COM2 64 0R0 015 0.5 0.2 50.0 1.0107 0.00 0.0M
383880.000 1980 COM2 64 0R0 341 0.8 0.2 50.1 1.0106 0.00 0.0M
383940.000 1980 COM2 64 0R0 013 0.6 0.2 50.4 1.0105 0.00 0.0M
384000.000 1980 COM2 64 0R0 011 0.7 0.2 50.6 1.0105 0.00 0.0M
384060.000 1980 COM2 64 0R0 350 0.4 0.2 50.5 1.0105 0.00 0.0M
384120.000 1980 COM2 64 0R0 348 0.8 0.1 50.9 1.0105 0.00 0.0M
384180.000 1980 COM2 64 0R0 016 0.4 0.1 51.0 1.0105 0.00 0.0M
384240.000 1980 COM2 64 0R0 083 0.2 0.1 51.0 1.0105 0.00 0.0M
384300.000 1980 COM2 64 0R0 353 0.3 0.1 50.9 1.0106 0.00 0.0M
384360.000 1980 COM2 64 0R0 041 0.5 0.1 50.8 1.0106 0.00 0.0M
384420.000 1980 COM2 64 0R0 008 0.3 0.2 50.7 1.0106 0.00 0.0M
384480.000 1980 COM2 64 0R0 173 0.3 0.2 51.1 1.0106 0.00 0.0M
384540.000 1980 COM2 64 0R0 098 0.6 0.2 51.0 1.0106 0.00 0.0M
384600.000 1980 COM2 64 0R0 343 0.5 0.2 50.6 1.0106 0.00 0.0M
384660.000 1980 COM2 64 0R0 344 0.7 0.2 50.8 1.0106 0.00 0.0M
384720.000 1980 COM2 64 0R0 334 1.4 0.2 50.7 1.0106 0.00 0.0M
384780.000 1980 COM2 64 0R0 302 1.3 0.2 50.7 1.0107 0.00 0.0M
384840.000 1980 COM2 64 0R0 350 0.5 0.3 50.7 1.0107 0.00 0.0M
384900.000 1980 COM2 64 0R0 216 0.1 0.2 50.7 1.0107 0.00 0.0M
384960.000 1980 COM2 64 0R0 348 1.2 0.3 50.8 1.0107 0.00 0.0M
385020.000 1980 COM2 64 0R0 322 1.3 0.3 49.8 1.0107 0.00 0.0M
385080.000 1980 COM2 64 0R0 011 0.9 0.3 50.2 1.0107 0.00 0.0M
385140.000 1980 COM2 64 0R0 345 0.8 0.3 50.2 1.0107 0.00 0.0M
385200.000 1980 COM2 64 0R0 354 0.2 0.3 50.6 1.0108 0.00 0.0M
385260.000 1980 COM2 64 0R0 351 1.6 0.3 50.2 1.0108 0.00 0.0M
385320.000 1980 COM2 64 0R0 325 0.6 0.2 50.0 1.0108 0.00 0.0M
385380.000 1980 COM2 64 0R0 003 0.8 0.2 50.4 1.0108 0.00 0.0M
385440.000 1980 COM2 64 0R0 294 0.6 0.3 50.5 1.0108 0.00 0.0M
385500.000 1980 COM2 64 0R0 357 1.3 0.3 50.4 1.0108 0.00 0.0M
385560.000 1980 COM2 64 0R0 053 0.8 0.3 50.3 1.0108 0.00 0.0M
385620.000 1980 COM2 64 0R0 319 1.0 0.3 50.4 1.0108 0.00 0.0M
385680.000 1980 COM2 64 0R0 121 0.3 0.3 50.2 1.0109 0.00 0.0M
385740.000 1980 COM2 64 0R0 019 0.3 0.4 50.9 1.0110 0.00 0.0M
385800.000 1980 COM2 64 0R0 266 0.9 0.4 51.3 1.0111 0.00 0.0M
385860.000 1980 COM2 64 0R0 296 0.5 0.4 50.3 1.0111 0.00 0.0M
385920.000 1980 COM2 64 0R0 300 2.0 0.4 50.1 1.0111 0.00 0.0M
385980.000 1980 COM2 64 0R0 316 1.3 0.4 50.6 1.0111 0.00 0.0M
386040.000 1980 COM2 64 0R0 271 1.2 0.4 50.2 1.0111 0.00 0.0M
386100.000 1980 COM2 64 0R0 021 0.3 0.4 50.3 1.0111 0.00 0.0M
386160.000 1980 COM2 64 0R0 005 0.4 0.4 50.6 1.0111 0.00 0.0M
386220.000 1980 COM2 64 0R0 090 0.3 0.4 50.6 1.0111 0.00 0.0M
386280.000 1980 COM2 64 0R0 350 0.3 0.5 49.8 1.0110 0.00 0.0M
386340.000 1980 COM2 64 0R0 323 0.2 0.5 50.4 1.0110 0.00 0.0M
386400.000 1980 COM2 64 0R0 044 0.7 0.5 50.6 1.0110 0.00 0.0M
386460.000 1980 COM2 64 0R0 109 0.7 0.5 50.0 1.0110 0.00 0.0M
386520.000 1980 COM2 64 0R0 028 0.4 0.5 50.4 1.0111 0.00 0.0M
386580.000 1980 COM2 64 0R0 201 0.5 0.5 50.0 1.0111 0.00 0.0M
386640.000 1980 COM2 64 0R0 034 0.4 0.4 51.0 1.0112 0.00 0.0M
386700.000 1980 COM2 64 0R0 259 1.2 0.5 50.7 1.0112 0.00 0.0M
386760.000 1980 COM2 64 0R0 237 0.6 0.5 50.3 1.0112 0.00 0.0M
386820.000 1980 COM2 64 0R0 245 0.6 0.4 51.0 1.0112 0.00 0.0M
386880.000 1980 COM2 64 0R0 329 0.5 0.4 51.0 1.0112 0.00 0.0M
386940.000 1980 COM2 64 0R0 289 1.3 0.4 50.8 1.0112 0.00 0.0M
387000.000 1980 COM2 64 0R0 332 0.7 0.4 49.6 1.0113 0.00 0.0M
387060.000 1980 COM2 64 0R0 300 2.2 0.4 50.2 1.0113 0.00 0.0M
387120.000 1980 COM2 64 0R0 194 0.2 0.3 50.2 1.0113 0.00 0.0M
387180.000 1980 COM2 64 0R0 036 0.4 0.3 50.9 1.0113 0.00 0.0M
387240.000 1980 COM2 64 0R0 044 0.3 0.3 50.6 1.0114 0.00 0.0M
387300.000 1980 COM2 64 0R0 309 0.7 0.3 50.1 1.0114 0.00 0.0M
387360.000 1980 COM2 64 0R0 046 0.5 0.3 50.7 1.0114 0.00 0.0M
387420.000 1980 COM2 64 0R0 291 0.7 0.3 51.2 1.0114 0.00 0.0M
387480.000 1980 COM2 64 0R0 318 0.6 0.3 50.8 1.0114 0.00 0.0M
387540.000 1980 COM2 64 0R0 042 0.3 0.3 50.6 1.0113 0.00 0.0M
387600.000 1980 COM2 64 0R0 240 0.7 0.3 51.3 1.0113 0.00 0.0M
387660.000 1980 COM2 64 0R0 335 0.5 0.3 51.6 1.0114 0.00 0.0M
387720.000 1980 COM2 64 0R0 252 1.0 0.4 51.4 1.0114 0.00 0.0M
387780.000 1980 COM2 64 0R0 281 1.3 0.4 51.4 1.0114 0.00 0.0M
387840.000 1980 COM2 64 0R0 278 1.2 0.3 50.8 1.0114 0.00 0.0M
387900.000 1980 COM2 64 0R0 274 1.0 0.3 51.8 1.0114 0.00 0.0M
387960.000 1980 COM2 64 0R0 270 0.6 0.2 51.9 1.0114 0.00 0.0M
388020.000 1980 COM2 64 0R0 262 0.5 0.2 51.8 1.0114 0.00 0.0M
388080.000 1980 COM2 64 0R0 278 0.9 0.1 51.9 1.0114 0.00 0.0M
388140.000 1980 COM2 64 0R0 286 1.0 0.1 52.5 1.0114 0.00 0.0M
388200.000 1980 COM2 64 0R0 107 0.2 0.1 52.4 1.0114 0.00 0.0M
388260.000 1980 COM2 64 0R0 301 0.4 0.1 52.5 1.0114 0.00 0.0M
388320.000 1980 COM2 64 0R0 305 0.5 0.1 52.6 1.0114 0.00 0.0M
388380.000 1980 COM2 64 0R0 291 0.5 0.1 52.0 1.0115 0.00 0.0M
388440.000 1980 COM2 64 0R0 295 1.2 0.1 52.0 1.0115 0.00 0.0M
388500.000 1980 COM2 64 0R0 051 0.4 0.1 52.0 1.0115 0.00 0.0M
388560.000 1980 COM2 64 0R0 250 0.3 0.0 52.4 1.0116 0.00 0.0M
388620.000 1980 COM2 64 0R0 239 0.8 0.0 53.4 1.0116 0.00 0.0M
388680.000 1980 COM2 64 0R0 318 1.4 0.0 52.2 1.0117 0.00 0.0M
388740.000 1980 COM2 64 0R0 279 0.8 0.0 51.9 1.0117 0.00 0.0M
388800.000 1980 COM2 64 0R0 283 0.5 0.0 52.3 1.0118 0.00 0.0M
388860.000 1980 COM2 64 0R0 273 1.9 0.0 52.4 1.0118 0.00 0.0M
388920.000 1980 COM2 64 0R0 268 1.4 0.0 52.2 1.0119 0.00 0.0M
388980.000 1980 COM2 64 0R0 263 1.6 0.0 52.6 1.0120 0.00 0.0M
389040.000 1980 COM2 65 0R0 283 1.8 -0.1 53.1 1.0120 0.00 0.0M
389100.000 1980 COM2 65 0R0 280 2.3 -0.1 52.5 1.0120 0.00 0.0M
389160.000 1980 COM2 65 0R0 260 2.0 -0.2 52.5 1.0120 0.00 0.0M
389220.000 1980 COM2 65 0R0 305 1.0 -0.2 53.1 1.0121 0.00 0.0M
389280.000 1980 COM2 65 0R0 275 1.0 -0.3 53.2 1.0121 0.00 0.0M
389340.000 1980 COM2 65 0R0 118 0.2 -0.3 53.5 1.0120 0.00 0.0M
389400.000 1980 COM2 65 0R0 287 0.8 -0.3 54.0 1.0120 0.00 0.0M
389460.000 1980 COM2 65 0R0 281 1.6 -0.2 53.4 1.0120 0.00 0.0M
389520.000 1980 COM2 65 0R0 273 1.9 -0.2 53.1 1.0121 0.00 0.0M
389580.000 1980 COM2 65 0R0 299 0.9 -0.2 52.8 1.0121 0.00 0.0M
389640.000 1980 COM2 65 0R0 279 2.0 -0.3 53.5 1.0121 0.00 0.0M
389700.000 1980 COM2 65 0R0 273 1.7 -0.3 54.1 1.0121 0.00 0.0M
389760.000 1980 COM2 65 0R0 236 0.8 -0.3 53.6 1.0121 0.00 0.0M
389820.000 1980 COM2 65 0R0 009 0.2 -0.3 53.2 1.0122 0.00 0.0M
389880.000 1980 COM2 65 0R0 266 1.0 -0.3 53.8 1.0122 0.00 0.0M
389940.000 1980 COM2 65 0R0 268 1.2 -0.3 54.2 1.0123 0.00 0.0M
390000.000 1980 COM2 65 0R0 334 0.5 -0.4 53.9 1.0123 0.00 0.0M
390060.000 1980 COM2 65 0R0 270 1.1 -0.4 54.7 1.0124 0.00 0.0M
390120.000 1980 COM2 65 0R0 288 1.5 -0.4 53.6 1.0124 0.00 0.0M
390180.000 1980 COM2 65 0R0 269 0.7 -0.4 54.2 1.0124 0.00 0.0M
390240.000 1980 COM2 65 0R0 293 1.5 -0.4 54.4 1.0123 0.00 0.0M
390300.000 1980 COM2 65 0R0 244 0.7 -0.4 53.8 1.0123 0.00 0.0M
390360.000 1980 COM2 65 0R0 287 1.6 -0.4 54.3 1.0123 0.00 0.0M
390420.000 1980 COM2 65 0R0 264 0.8 -0.3 54.7 1.0124 0.00 0.0M
390480.000 1980 COM2 65 0R0 109 0.5 -0.3 54.9 1.0124 0.00 0.0M
390540.000 1980 COM2 65 0R0 305 0.4 -0.3 54.3 1.0125 0.00 0.0M
390600.000 1980 COM2 65 0R0 293 2.3 -0.3 54.5 1.0126 0.00 0.0M
390660.000 1980 COM2 65 0R0 281 1.7 -0.3 53.6 1.0126 0.00 0.0M
390720.000 1980 COM2 65 0R0 289 2.7 -0.4 54.2 1.0126 0.00 0.0M
390780.000 1980 COM2 65 0R0 293 1.4 -0.4 54.3 1.0127 0.00 0.0M
390840.000 1980 COM2 65 0R0 299 2.3 -0.4 54.7 1.0127 0.00 0.0M
390900.000 1980 COM2 65 0R0 279 1.3 -0.4 53.6 1.0127 0.00 0.0M
390960.000 1980 COM2 65 0R0 244 2.5 -0.5 54.8 1.0127 0.00 0.0M
391020.000 1980 COM2 65 0R0 293 1.8 -0.5 54.7 1.0127 0.00 0.0M
391080.000 1980 COM2 65 0R0 194 0.6 -0.5 54.5 1.0127 0.00 0.0M
391140.000 1980 COM2 65 0R0 279 1.4 -0.5 55.1 1.0127 0.00 0.0M
391200.000 1980 COM2 65 0R0 005 0.3 -0.5 55.0 1.0128 0.00 0.0M
391260.000 1980 COM2 65 0R0 015 0.2 -0.4 55.2 1.0128 0.00 0.0M
391320.000 1980 COM2 65 0R0 351 1.2 -0.3 54.7 1.0128 0.00 0.0M
391380.000 1980 COM2 65 0R0 251 0.7 -0.3 54.3 1.0128 0.00 0.0M
391440.000 1980 COM2 65 0R0 330 0.4 -0.3 54.5 1.0128 0.00 0.0M
391500.000 1980 COM2 65 0R0 243 0.4 -0.2 54.1 1.0128 0.00 0.0M
391560.000 1980 COM2 65 0R0 325 0.2 -0.2 54.4 1.0129 0.00 0.0M
391620.000 1980 COM2 65 0R0 323 0.6 -0.2 54.6 1.0129 0.00 0.0M
391680.100 1980 COM2 65 0R0 303 1.4 -0.2 53.7 1.0129 0.00 0.0M
391740.000 1980 COM2 65 0R0 252 1.3 -0.2 54.5 1.0129 0.00 0.0M
391800.000 1980 COM2 65 0R0 315 0.4 -0.2 54.0 1.0129 0.00 0.0M
391860.000 1980 COM2 65 0R0 189 0.3 -0.2 53.8 1.0129 0.00 0.0M
391920.000 1980 COM2 65 0R0 320 0.6 -0.1 53.6 1.0128 0.00 0.0M
391980.000 1980 COM2 65 0R0 238 0.2 -0.1 53.5 1.0128 0.00 0.0M
392040.000 1980 COM2 65 0R0 326 0.2 -0.1 54.1 1.0129 0.00 0.0M
392100.000 1980 COM2 65 0R0 353 0.9 -0.1 53.5 1.0128 0.00 0.0M
392160.000 1980 COM2 65 0R0 336 1.8 -0.1 53.5 1.0128 0.00 0.0M
392220.000 1980 COM2 65 0R0 276 0.5 -0.1 53.3 1.0128 0.00 0.0M
392280.000 1980 COM2 65 0R0 083 0.5 -0.1 53.4 1.0128 0.00 0.0M
392340.000 1980 COM2 65 0R0 016 0.6 -0.1 53.5 1.0128 0.00 0.0M
392400.000 1980 COM2 64 0R0 020 0.7 0.0 53.3 1.0128 0.00 0.0M
392460.000 1980 COM2 64 0R0 304 1.6 0.0 53.4 1.0129 0.00 0.0M
392520.000 1980 COM2 64 0R0 287 1.0 0.0 53.2 1.0129 0.00 0.0M
392580.000 1980 COM2 64 0R0 328 1.8 0.0 53.5 1.0130 0.00 0.0M
392640.000 1980 COM2 64 0R0 287 0.5 0.0 53.6 1.0129 0.00 0.0M
392700.000 1980 COM2 64 0R0 337 1.2 0.0 53.5 1.0129 0.00 0.0M
392760.000 1980 COM2 64 0R0 341 2.1 0.0 53.3 1.0129 0.00 0.0M
392820.000 1980 COM2 64 0R0 310 2.5 0.0 53.2 1.0128 0.00 0.0M
392880.000 1980 COM2 64 0R0 335 0.7 0.0 52.8 1.0128 0.00 0.0M
392940.000 1980 COM2 64 0R0 329 1.3 0.0 52.3 1.0128 0.00 0.0M
393000.000 1980 COM2 64 0R0 319 0.7 0.0 52.4 1.0128 0.00 0.0M
393060.000 1980 COM2 64 0R0 198 0.2 0.0 53.4 1.0128 0.00 0.0M
393120.000 1980 COM2 64 0R0 313 0.3 0.1 52.9 1.0129 0.00 0.0M
393180.000 1980 COM2 64 0R0 334 1.1 0.1 52.3 1.0129 0.00 0.0M
393240.000 1980 COM2 64 0R0 313 0.7 0.2 52.7 1.0129 0.00 0.0M
393300.000 1980 COM2 64 0R0 004 0.4 0.2 52.1 1.0129 0.00 0.0M
393360.000 1980 COM2 64 0R0 281 0.6 0.2 52.0 1.0129 0.00 0.0M
393420.000 1980 COM2 64 0R0 105 0.7 0.2 52.2 1.0129 0.00 0.0M
393480.000 1980 COM2 64 0R0 337 0.1 0.2 53.2 1.0129 0.00 0.0M
393540.000 1980 COM2 64 0R0 072 0.3 0.2 53.0 1.0129 0.00 0.0M
393600.000 1980 COM2 64 0R0 344 0.2 0.3 52.5 1.0128 0.00 0.0M
393660.000 1980 COM2 64 0R0 302 0.5 0.4 51.9 1.0128 0.00 0.0M
393720.000 1980 COM2 64 0R0 045 0.3 0.4 51.2 1.0128 0.00 0.0M
393780.000 1980 COM2 64 0R0 045 0.7 0.5 51.5 1.0128 0.00 0.0M
393840.000 1980 COM2 64 0R0 001 0.3 0.5 51.4 1.0129 0.00 0.0M
393900.000 1980 COM2 64 0R0 261 0.2 0.6 51.4 1.0128 0.00 0.0M
393960.000 1980 COM2 64 0R0 123 0.8 0.6 50.8 1.0129 0.00 0.0M
394020.000 1980 COM2 64 0R0 303 1.1 0.6 51.1 1.0129 0.00 0.0M
394080.000 1980 COM2 64 0R0 348 0.2 0.6 51.0 1.0129 0.00 0.0M
394140.000 1980 COM2 64 0R0 199 0.9 0.6 50.8 1.0129 0.00 0.0M
394200.000 1980 COM2 64 0R0 017 0.6 0.6 50.4 1.0129 0.00 0.0M
394260.000 1980 COM2 64 0R0 037 0.3 0.5 50.8 1.0129 0.00 0.0M
394320.000 1980 COM2 64 0R0 267 0.2 0.5 50.7 1.0129 0.00 0.0M
394380.000 1980 COM2 64 0R0 327 0.5 0.5 51.4 1.0129 0.00 0.0M
394440.000 1980 COM2 64 0R0 006 1.3 0.5 51.6 1.0128 0.00 0.0M
394500.000 1980 COM2 64 0R0 227 0.6 0.5 50.2 1.0128 0.00 0.0M
394560.000 1980 COM2 64 0R0 314 1.7 0.5 51.2 1.0128 0.00 0.0M
394620.000 1980 COM2 64 0R0 339 0.4 0.5 49.7 1.0129 0.00 0.0M
394680.000 1980 COM2 64 0R0 291 1.1 0.4 51.1 1.0129 0.00 0.0M
394740.000 1980 COM2 64 0R0 047 0.6 0.4 51.3 1.0130 0.00 0.0M
394800.000 1980 COM2 64 0R0 273 1.0 0.4 50.8 1.0131 0.00 0.0M
394860.000 1980 COM2 64 0R0 220 0.8 0.4 50.7 1.0131 0.00 0.0M
394920.000 1980 COM2 64 0R0 154 0.3 0.4 51.5 1.0131 0.00 0.0M
394980.000 1980 COM2 64 0R0 053 0.3 0.5 51.6 1.0132 0.00 0.0M
395040.000 1980 COM2 64 0R0 290 0.4 0.6 51.4 1.0132 0.00 0.0M
395100.000 1980 COM2 64 0R0 243 0.4 0.7 52.3 1.0133 0.00 0.0M
395160.000 1980 COM2 64 0R0 286 1.0 0.8 50.9 1.0133 0.00 0.0M
395220.000 1980 COM2 64 0R0 187 0.5 0.9 49.6 1.0133 0.00 0.0M
395280.000 1980 COM2 64 0R0 237 0.7 0.9 50.3 1.0133 0.00 0.0M
395340.000 1980 COM2 64 0R0 325 0.4 0.9 49.6 1.0133 0.00 0.0M
395400.000 1980 COM2 64 0R0 291 0.3 0.9 51.4 1.0133 0.00 0.0M
395460.000 1980 COM2 64 0R0 257 0.4 0.9 50.5 1.0133 0.00 0.0M
395520.000 1980 COM2 64 0R0 235 0.8 1.0 49.7 1.0134 0.00 0.0M
395580.000 1980 COM2 64 0R0 167 0.5 1.1 49.8 1.0134 0.00 0.0M
395640.000 1980 COM2 64 0R0 222 0.3 1.2 49.6 1.0134 0.00 0.0M
395700.000 1980 COM2 64 0R0 320 0.4 1.3 49.5 1.0134 0.00 0.0M
395760.000 1980 COM2 64 0R0 328 0.4 1.4 48.8 1.0135 0.00 0.0M
395820.000 1980 COM2 64 0R0 299 0.4 1.5 48.0 1.0135 0.00 0.0M
395880.000 1980 COM2 64 0R0 077 0.4 1.4 48.0 1.0134 0.00 0.0M
395940.000 1980 COM2 64 0R0 282 1.2 1.4 47.8 1.0134 0.00 0.0M
396000.000 1980 COM2 64 0R0 322 0.4 1.4 48.1 1.0135 0.00 0.0M
396060.000 1980 COM2 64 0R0 083 0.5 1.4 48.5 1.0135 0.00 0.0M
396120.000 1980 COM2 64 0R0 283 1.9 1.5 47.8 1.0135 0.00 0.0M
396180.000 1980 COM2 64 0R0 303 1.9 1.5 47.5 1.0135 0.00 0.0M
396240.000 1980 COM2 64 0R0 178 0.7 1.4 47.9 1.0135 0.00 0.0M
396300.000 1980 COM2 64 0R0 308 0.5 1.3 48.2 1.0136 0.00 0.0M
396360.000 1980 COM2 64 0R0 297 0.3 1.3 48.2 1.0136 0.00 0.0M
396420.000 1980 COM2 64 0R0 034 0.4 1.4 48.0 1.0136 0.00 0.0M
396480.000 1980 COM2 64 0R0 305 1.6 1.5 47.7 1.0137 0.00 0.0M
396540.000 1980 COM2 64 0R0 311 1.0 1.5 47.3 1.0137 0.00 0.0M
396600.000 1980 COM2 64 0R0 068 1.2 1.5 47.6 1.0137 0.00 0.0M
396660.000 1980 COM2 64 0R0 253 0.4 1.5 47.4 1.0137 0.00 0.0M
396720.000 1980 COM2 64 0R0 031 0.4 1.5 48.3 1.0137 0.00 0.0M
396780.000 1980 COM2 64 0R0 001 0.3 1.6 47.7 1.0136 0.00 0.0M
396840.000 1980 COM2 64 0R0 039 1.2 1.7 47.6 1.0137 0.00 0.0M
396900.000 1980 COM2 64 0R0 358 0.4 1.8 46.9 1.0137 0.00 0.0M
396960.000 1980 COM2 64 0R0 353 0.3 1.9 47.9 1.0137 0.00 0.0M
397020.000 1980 COM2 64 0R0 290 0.6 2.0 47.3 1.0137 0.00 0.0M
397080.000 1980 COM2 64 0R0 036 1.0 2.1 46.1 1.0137 0.00 0.0M
397140.000 1980 COM2 64 0R0 315 0.6 2.1 45.4 1.0137 0.00 0.0M
397200.000 1980 COM2 64 0R0 326 0.5 2.0 46.5 1.0138 0.00 0.0M
397260.000 1980 COM2 64 0R0 006 0.6 2.1 46.7 1.0138 0.00 0.0M
397320.000 1980 COM2 64 0R0 274 1.3 2.2 45.8 1.0138 0.00 0.0M
397380.000 1980 COM2 64 0R0 037 1.2 2.2 45.4 1.0138 0.00 0.0M
397440.000 1980 COM2 64 0R0 010 0.5 2.2 45.7 1.0139 0.00 0.0M
397500.000 1980 COM2 64 0R0 310 0.1 2.1 46.0 1.0139 0.00 0.0M
397560.000 1980 COM2 64 0R0 029 1.8 2.1 46.4 1.0139 0.00 0.0M
397620.000 1980 COM2 64 0R0 342 0.6 2.2 45.7 1.0140 0.00 0.0M
397680.000 1980 COM2 64 0R0 229 0.5 2.1 46.3 1.0139 0.00 0.0M
397740.000 1980 COM2 64 0R0 339 0.2 2.2 46.6 1.0139 0.00 0.0M
397800.000 1980 COM2 64 0R0 039 1.5 2.3 45.9 1.0139 0.00 0.0M
397860.000 1980 COM2 64 0R0 004 0.6 2.3 45.7 1.0139 0.00 0.0M
397920.000 1980 COM2 64 0R0 355 0.6 2.2 45.6 1.0140 0.00 0.0M
397980.000 1980 COM2 64 0R0 288 1.1 2.2 45.3 1.0140 0.00 0.0M
398040.000 1980 COM2 64 0R0 012 2.2 2.0 46.1 1.0140 0.00 0.0M
398100.000 1980 COM2 64 0R0 325 1.4 2.0 45.4 1.0140 0.00 0.0M
398160.000 1980 COM2 64 0R0 002 2.6 1.9 45.5 1.0140 0.00 0.0M
398220.000 1980 COM2 64 0R0 030 2.7 1.8 45.6 1.0141 0.00 0.0M
398280.000 1980 COM2 64 0R0 030 1.8 1.7 46.2 1.0141 0.00 0.0M
398340.000 1980 COM2 64 0R0 024 2.1 1.7 46.0 1.0141 0.00 0.0M
398400.000 1980 COM2 64 0R0 343 1.5 1.6 46.4 1.0141 0.00 0.0M
398460.000 1980 COM2 64 0R0 334 1.4 1.6 46.5 1.0142 0.00 0.0M
398520.000 1980 COM2 64 0R0 349 2.0 1.5 46.5 1.0142 0.00 0.0M
398580.000 1980 COM2 64 0R0 030 1.3 1.5 46.6 1.0141 0.00 0.0M
398640.000 1980 COM2 64 0R0 020 1.1 1.4 47.0 1.0142 0.00 0.0M
398700.000 1980 COM2 64 0R0 342 3.5 1.5 47.2 1.0142 0.00 0.0M
398760.000 1980 COM2 64 0R0 354 2.9 1.6 46.4 1.0142 0.00 0.0M
398820.000 1980 COM2 64 0R0 050 2.1 1.6 46.9 1.0142 0.00 0.0M
398880.000 1980 COM2 64 0R0 005 2.2 1.7 46.4 1.0143 0.00 0.0M
398940.000 1980 COM2 64 0R0 029 3.4 1.7 46.3 1.0142 0.00 0.0M
399000.000 1980 COM2 64 0R0 013 2.9 1.6 46.3 1.0142 0.00 0.0M
399060.000 1980 COM2 64 0R0 028 1.6 1.6 46.7 1.0143 0.00 0.0M
399120.000 1980 COM2 64 0R0 021 1.7 1.6 47.0 1.0143 0.00 0.0M
399180.000 1980 COM2 64 0R0 050 2.3 1.6 46.8 1.0143 0.00 0.0M
399240.000 1980 COM2 64 0R0 338 1.6 1.7 47.1 1.0143 0.00 0.0M
399300.000 1980 COM2 64 0R0 214 0.8 1.7 46.5 1.0143 0.00 0.0M
399360.000 1980 COM2 64 0R0 347 2.5 1.8 47.2 1.0143 0.00 0.0M
399420.000 1980 COM2 64 0R0 346 2.2 1.9 46.3 1.0143 0.00 0.0M
399480.000 1980 COM2 64 0R0 039 1.3 1.8 46.9 1.0144 0.00 0.0M
399540.000 1980 COM2 64 0R0 336 2.1 1.8 46.6 1.0144 0.00 0.0M
399600.000 1980 COM2 64 0R0 340 3.2 1.7 46.8 1.0144 0.00 0.0M
399660.000 1980 COM2 64 0R0 320 0.6 1.6 47.7 1.0144 0.00 0.0M
399720.000 1980 COM2 64 0R0 311 2.1 1.8 47.2 1.0145 0.00 0.0M
399780.100 1980 COM2 64 0R0 341 0.8 1.9 47.1 1.0145 0.00 0.0M
399840.000 1980 COM2 64 0R0 348 2.3 1.9 46.9 1.0145 0.00 0.0M
399900.000 1980 COM2 64 0R0 351 1.7 1.9 46.4 1.0145 0.00 0.0M
399960.000 1980 COM2 64 0R0 041 2.0 1.9 46.5 1.0145 0.00 0.0M
400020.000 1980 COM2 64 0R0 325 2.0 1.9 46.9 1.0145 0.00 0.0M
400080.000 1980 COM2 64 0R0 023 0.7 2.0 46.8 1.0145 0.00 0.0M
400140.000 1980 COM2 64 0R0 045 0.6 2.1 46.6 1.0145 0.00 0.0M
400200.000 1980 COM2 64 0R0 343 1.3 2.2 46.4 1.0145 0.00 0.0M
400260.000 1980 COM2 64 0R0 327 2.1 2.4 46.1 1.0145 0.00 0.0M
400320.000 1980 COM2 64 0R0 346 4.3 2.4 46.2 1.0145 0.00 0.0M
400380.000 1980 COM2 64 0R0 046 1.7 2.4 44.6 1.0145 0.00 0.0M
400440.000 1980 COM2 64 0R0 082 1.3 2.3 45.6 1.0145 0.00 0.0M
400500.000 1980 COM2 64 0R0 357 2.7 2.2 45.6 1.0145 0.00 0.0M
400560.000 1980 COM2 64 0R0 005 2.4 2.2 45.8 1.0145 0.00 0.0M
400620.000 1980 COM2 64 0R0 019 0.9 2.1 46.0 1.0145 0.00 0.0M
400680.000 1980 COM2 64 0R0 001 1.0 2.1 46.6 1.0145 0.00 0.0M
400740.000 1980 COM2 64 0R0 266 0.7 2.2 46.0 1.0145 0.00 0.0M
400800.000 1980 COM2 64 0R0 349 4.4 2.2 46.1 1.0145 0.00 0.0M
400860.000 1980 COM2 64 0R0 154 0.9 2.2 45.6 1.0144 0.00 0.0M
400920.000 1980 COM2 64 0R0 034 0.3 2.3 45.7 1.0144 0.00 0.0M
400980.000 1980 COM2 64 0R0 348 3.3 2.4 46.1 1.0145 0.00 0.0M
401040.000 1980 COM2 64 0R0 033 0.6 2.4 45.2 1.0145 0.00 0.0M
401100.000 1980 COM2 64 0R0 303 2.8 2.4 45.5 1.0145 0.00 0.0M
401160.000 1980 COM2 64 0R0 179 0.8 2.4 45.3 1.0145 0.00 0.0M
401220.000 1980 COM2 64 0R0 339 1.4 2.4 45.9 1.0146 0.00 0.0M
401280.000 1980 COM2 64 0R0 281 2.0 2.5 45.5 1.0146 0.00 0.0M
401340.000 1980 COM2 64 0R0 309 1.1 2.6 46.1 1.0146 0.00 0.0M
401400.000 1980 COM2 64 0R0 056 0.6 2.7 45.2 1.0146 0.00 0.0M
401460.000 1980 COM2 64 0R0 039 0.6 2.6 45.0 1.0147 0.00 0.0M
401520.000 1980 COM2 64 0R0 049 0.5 2.6 45.3 1.0147 0.00 0.0M
401580.000 1980 COM2 64 0R0 348 1.2 2.7 45.6 1.0147 0.00 0.0M
401640.000 1980 COM2 64 0R0 311 3.3 2.7 45.0 1.0147 0.00 0.0M
401700.000 1980 COM2 64 0R0 335 2.5 2.8 44.4 1.0147 0.00 0.0M
401760.000 1980 COM2 64 0R0 343 2.3 2.7 44.4 1.0147 0.00 0.0M
401820.000 1980 COM2 64 0R0 338 1.9 2.6 44.5 1.0147 0.00 0.0M
401880.000 1980 COM2 64 0R0 313 1.0 2.4 45.2 1.0147 0.00 0.0M
401940.000 1980 COM2 64 0R0 083 0.6 2.5 45.2 1.0146 0.00 0.0M
402000.000 1980 COM2 64 0R0 331 2.1 2.7 45.1 1.0147 0.00 0.0M
402060.000 1980 COM2 64 0R0 346 3.5 2.7 44.0 1.0147 0.00 0.0M
402120.000 1980 COM2 64 0R0 017 3.6 2.6 44.6 1.0146 0.00 0.0M
402180.000 1980 COM2 64 0R0 020 4.3 2.4 45.1 1.0146 0.00 0.0M
402240.000 1980 COM2 64 0R0 036 2.6 2.3 45.0 1.0146 0.00 0.0M
402300.000 1980 COM2 64 0R0 353 1.1 2.2 45.1 1.0146 0.00 0.0M
402360.000 1980 COM2 64 0R0 341 1.2 2.2 46.2 1.0146 0.00 0.0M
402420.000 1980 COM2 64 0R0 072 0.5 2.4 45.2 1.0146 0.00 0.0M
402480.000 1980 COM2 64 0R0 007 0.8 2.5 44.9 1.0146 0.00 0.0M
402540.000 1980 COM2 64 0R0 033 1.3 2.7 45.2 1.0147 0.00 0.0M
402600.000 1980 COM2 64 0R0 359 0.7 2.8 44.9 1.0147 0.00 0.0M
402660.000 1980 COM2 64 0R0 023 0.8 2.9 44.8 1.0147 0.00 0.0M
402720.000 1980 COM2 64 0R0 035 0.7 3.1 43.7 1.0147 0.00 0.0M
402780.000 1980 COM2 64 0R0 030 0.3 3.1 43.8 1.0147 0.00 0.0M
402840.000 1980 COM2 64 0R0 342 2.5 3.0 43.7 1.0146 0.00 0.0M
402900.000 1980 COM2 64 0R0 013 1.1 3.0 43.7 1.0146 0.00 0.0M
402960.000 1980 COM2 64 0R0 093 1.0 2.8 43.8 1.0146 0.00 0.0M
403020.000 1980 COM2 64 0R0 299 0.4 2.7 44.1 1.0145 0.00 0.0M
403080.000 1980 COM2 64 0R0 356 1.9 2.7 44.0 1.0145 0.00 0.0M
403140.000 1980 COM2 64 0R0 343 2.5 2.7 44.2 1.0144 0.00 0.0M
403200.000 1980 COM2 64 0R0 015 2.0 2.6 44.1 1.0144 0.00 0.0M
403260.000 1980 COM2 64 0R0 341 4.2 2.6 44.4 1.0144 0.00 0.0M
403320.100 1980 COM2 64 0R0 346 1.3 2.5 44.2 1.0144 0.00 0.0M
403380.000 1980 COM2 64 0R0 032 2.3 2.5 44.6 1.0144 0.00 0.0M
403440.000 1980 COM2 64 0R0 351 1.9 2.5 44.6 1.0144 0.00 0.0M
403500.000 1980 COM2 64 0R0 343 2.7 2.5 44.6 1.0144 0.00 0.0M
403560.000 1980 COM2 64 0R0 033 1.8 2.4 44.9 1.0144 0.00 0.0M
403620.000 1980 COM2 64 0R0 055 1.2 2.4 44.8 1.0144 0.00 0.0M
403680.000 1980 COM2 64 0R0 064 1.0 2.3 45.0 1.0144 0.00 0.0M
403740.000 1980 COM2 64 0R0 002 1.2 2.4 45.2 1.0144 0.00 0.0M
403800.000 1980 COM2 64 0R0 050 0.3 2.6 45.0 1.0144 0.00 0.0M
403860.000 1980 COM2 64 0R0 350 1.0 2.7 45.1 1.0144 0.00 0.0M
403920.000 1980 COM2 64 0R0 325 2.0 2.9 44.8 1.0144 0.00 0.0M
403980.000 1980 COM2 64 0R0 044 0.6 2.9 44.3 1.0144 0.00 0.0M
404040.000 1980 COM2 64 0R0 313 1.5 2.9 45.4 1.0144 0.00 0.0M
404100.000 1980 COM2 64 0R0 073 0.9 3.0 44.6 1.0145 0.00 0.0M
404160.000 1980 COM2 64 0R0 048 1.3 3.2 44.6 1.0145 0.00 0.0M
404220.000 1980 COM2 64 0R0 337 0.5 3.3 43.8 1.0144 0.00 0.0M
404280.000 1980 COM2 64 0R0 270 2.8 3.5 43.7 1.0144 0.00 0.0M
404340.000 1980 COM2 64 0R0 292 1.2 3.5 42.5 1.0143 0.00 0.0M
404400.000 1980 COM2 64 0R0 262 0.8 3.3 43.5 1.0142 0.00 0.0M
404460.000 1980 COM2 64 0R0 263 2.3 3.3 43.5 1.0141 0.00 0.0M
404520.000 1980 COM2 64 0R0 313 1.9 3.4 42.9 1.0141 0.00 0.0M
404580.000 1980 COM2 64 0R0 343 1.1 3.3 42.6 1.0141 0.00 0.0M
404640.000 1980 COM2 64 0R0 275 0.7 3.2 43.7 1.0141 0.00 0.0M
404700.000 1980 COM2 64 0R0 337 1.7 3.1 43.2 1.0141 0.00 0.0M
404760.000 1980 COM2 64 0R0 298 1.8 3.1 43.4 1.0141 0.00 0.0M
404820.000 1980 COM2 64 0R0 297 1.4 3.0 43.9 1.0141 0.00 0.0M
404880.000 1980 COM2 64 0R0 041 1.9 3.1 44.4 1.0141 0.00 0.0M
404940.000 1980 COM2 64 0R0 304 3.4 3.2 43.7 1.0141 0.00 0.0M
405000.000 1980 COM2 64 0R0 315 2.3 3.2 43.4 1.0141 0.00 0.0M
405060.000 1980 COM2 64 0R0 356 0.9 3.2 43.8 1.0142 0.00 0.0M
405120.000 1980 COM2 64 0R0 271 0.7 3.2 43.9 1.0142 0.00 0.0M
405180.000 1980 COM2 64 0R0 296 2.8 3.4 44.5 1.0142 0.00 0.0M
405240.000 1980 COM2 64 0R0 290 0.9 3.4 43.2 1.0142 0.00 0.0M
405300.000 1980 COM2 64 0R0 229 1.5 3.3 43.8 1.0142 0.00 0.0M
405360.000 1980 COM2 64 0R0 293 1.6 3.3 44.0 1.0141 0.00 0.0M
405420.000 1980 COM2 64 0R0 262 0.7 3.4 43.7 1.0141 0.00 0.0M
405480.000 1980 COM2 64 0R0 284 2.2 3.5 43.6 1.0141 0.00 0.0M
405540.000 1980 COM2 64 0R0 346 0.6 3.6 43.4 1.0141 0.00 0.0M
405600.000 1980 COM2 64 0R0 328 1.1 3.8 42.2 1.0141 0.00 0.0M
405660.000 1980 COM2 64 0R0 334 2.4 3.7 42.3 1.0140 0.00 0.0M
405720.000 1980 COM2 64 0R0 103 0.6 3.5 42.8 1.0140 0.00 0.0M
405780.000 1980 COM2 64 0R0 068 0.3 3.2 43.9 1.0139 0.00 0.0M
405840.000 1980 COM2 64 0R0 263 1.1 3.3 43.7 1.0139 0.00 0.0M
405900.000 1980 COM2 64 0R0 282 0.5 3.4 43.5 1.0138 0.00 0.0M
405960.000 1980 COM2 64 0R0 037 0.7 3.6 43.8 1.0137 0.00 0.0M
406020.000 1980 COM2 64 0R0 072 1.2 3.7 42.7 1.0137 0.00 0.0M
406080.000 1980 COM2 64 0R0 049 0.7 3.8 42.6 1.0137 0.00 0.0M
406140.000 1980 COM2 64 0R0 344 2.2 3.8 42.2 1.0137 0.00 0.0M
406200.000 1980 COM2 64 0R0 298 0.6 3.6 42.5 1.0137 0.00 0.0M
406260.000 1980 COM2 64 0R0 087 0.4 3.4 42.9 1.0138 0.00 0.0M
406320.000 1980 COM2 64 0R0 018 1.2 3.4 43.6 1.0138 0.00 0.0M
406380.000 1980 COM2 64 0R0 008 0.9 3.5 43.1 1.0137 0.00 0.0M
406440.000 1980 COM2 64 0R0 004 0.6 3.7 42.9 1.0136 0.00 0.0M
406500.000 1980 COM2 64 0R0 011 1.1 3.9 42.3 1.0137 0.00 0.0M
406560.000 1980 COM2 64 0R0 030 1.7 3.9 41.8 1.0137 0.00 0.0M
406620.000 1980 COM2 64 0R0 026 0.9 3.7 42.2 1.0137 0.00 0.0M
406680.000 1980 COM2 64 0R0 000 0.9 3.5 42.9 1.0137 0.00 0.0M
406740.000 1980 COM2 64 0R0 063 0.4 3.5 42.4 1.0137 0.00 0.0M
406800.000 1980 COM2 64 0R0 039 1.9 3.4 43.2 1.0136 0.00 0.0M
406860.000 1980 COM2 64 0R0 017 0.3 3.5 43.2 1.0136 0.00 0.0M
406920.000 1980 COM2 64 0R0 293 0.3 3.7 43.2 1.0136 0.00 0.0M
406980.000 1980 COM2 64 0R0 337 0.4 3.9 43.0 1.0136 0.00 0.0M
407040.000 1980 COM2 64 0R0 294 1.6 4.2 42.5 1.0136 0.00 0.0M
407100.000 1980 COM2 64 0R0 255 2.6 4.4 41.6 1.0136 0.00 0.0M
407160.000 1980 COM2 64 0R0 305 1.2 4.3 42.2 1.0136 0.00 0.0M
407220.000 1980 COM2 64 0R0 283 3.3 4.3 41.5 1.0136 0.00 0.0M
407280.000 1980 COM2 64 0R0 199 1.1 4.2 41.9 1.0136 0.00 0.0M
407340.000 1980 COM2 64 0R0 294 2.0 4.1 41.7 1.0136 0.00 0.0M
407400.000 1980 COM2 64 0R0 279 1.8 3.8 42.2 1.0136 0.00 0.0M
407460.000 1980 COM2 64 0R0 276 1.7 3.5 43.3 1.0136 0.00 0.0M
407520.000 1980 COM2 64 0R0 295 3.5 3.5 43.5 1.0136 0.00 0.0M
407580.000 1980 COM2 64 0R0 296 2.8 3.5 43.0 1.0135 0.00 0.0M
407640.000 1980 COM2 64 0R0 295 1.7 3.4 43.2 1.0135 0.00 0.0M
407700.000 1980 COM2 64 0R0 290 1.7 3.3 43.2 1.0135 0.00 0.0M
407760.000 1980 COM2 64 0R0 262 2.0 3.1 43.8 1.0135 0.00 0.0M
407820.000 1980 COM2 64 0R0 305 2.2 3.1 44.3 1.0134 0.00 0.0M
407880.000 1980 COM2 64 0R0 265 1.0 3.1 44.1 1.0134 0.00 0.0M
407940.000 1980 COM2 64 0R0 272 0.7 3.1 44.7 1.0134 0.00 0.0M
408000.000 1980 COM2 64 0R0 344 0.9 3.2 44.6 1.0133 0.00 0.0M
408060.000 1980 COM2 64 0R0 243 0.5 3.4 44.4 1.0133 0.00 0.0M
408120.000 1980 COM2 64 0R0 179 1.5 3.5 44.5 1.0132 0.00 0.0M
408180.000 1980 COM2 64 0R0 242 1.4 3.8 43.9 1.0132 0.00 0.0M
408240.000 1980 COM2 64 0R0 177 1.2 3.9 43.0 1.0131 0.00 0.0M
408300.000 1980 COM2 64 0R0 219 0.7 4.0 42.5 1.0131 0.00 0.0M
408360.000 1980 COM2 64 0R0 001 0.4 4.0 43.3 1.0131 0.00 0.0M
408420.000 1980 COM2 64 0R0 338 1.5 4.2 43.0 1.0131 0.00 0.0M
408480.000 1980 COM2 64 0R0 320 0.6 4.3 41.6 1.0131 0.00 0.0M
408540.000 1980 COM2 64 0R0 285 1.5 4.3 42.0 1.0132 0.00 0.0M
408600.000 1980 COM2 64 0R0 210 1.1 4.3 42.0 1.0132 0.00 0.0M
408660.000 1980 COM2 64 0R0 330 0.3 4.3 42.5 1.0132 0.00 0.0M
408720.000 1980 COM2 64 0R0 269 0.4 4.6 41.5 1.0132 0.00 0.0M
408780.000 1980 COM2 64 0R0 295 2.2 4.7 41.6 1.0132 0.00 0.0M
408840.000 1980 COM2 64 0R0 004 0.6 4.8 40.0 1.0132 0.00 0.0M
408900.000 1980 COM2 64 0R0 274 1.9 4.6 40.5 1.0132 0.00 0.0M
408960.000 1980 COM2 64 0R0 217 0.9 4.5 40.4 1.0132 0.00 0.0M
409020.000 1980 COM2 64 0R0 288 1.2 4.4 41.3 1.0131 0.00 0.0M
409080.000 1980 COM2 64 0R0 291 1.1 4.4 41.2 1.0131 0.00 0.0M
409140.000 1980 COM2 64 0R0 262 0.5 4.4 41.2 1.0131 0.00 0.0M
409200.000 1980 COM2 64 0R0 051 1.4 4.4 41.5 1.0131 0.00 0.0M
409260.000 1980 COM2 64 0R0 015 0.4 4.4 41.0 1.0131 0.00 0.0M
409320.000 1980 COM2 64 0R0 158 0.7 4.2 41.7 1.0131 0.00 0.0M
409380.000 1980 COM2 64 0R0 114 0.6 4.2 41.7 1.0131 0.00 0.0M
409440.000 1980 COM2 64 0R0 015 0.7 4.4 40.9 1.0131 0.00 0.0M
409500.000 1980 COM2 64 0R0 042 0.8 4.5 41.3 1.0131 0.00 0.0M
409560.000 1980 COM2 64 0R0 356 0.3 4.6 40.7 1.0131 0.00 0.0M
409620.000 1980 COM2 64 0R0 031 0.9 4.5 41.4 1.0131 0.00 0.0M
409680.000 1980 COM2 64 0R0 255 1.0 4.4 40.2 1.0132 0.00 0.0M
409740.000 1980 COM2 64 0R0 320 1.1 4.3 40.6 1.0131 0.00 0.0M
409800.000 1980 COM2 64 0R0 277 0.7 4.5 41.0 1.0132 0.00 0.0M
409860.000 1980 COM2 64 0R0 294 0.7 4.7 40.5 1.0132 0.00 0.0M
409920.000 1980 COM2 64 0R0 248 0.3 4.7 40.1 1.0132 0.00 0.0M
409980.000 1980 COM2 64 0R0 025 0.6 4.8 40.6 1.0132 0.00 0.0M
410040.000 1980 COM2 64 0R0 262 0.9 5.0 39.9 1.0132 0.00 0.0M
410100.000 1980 COM2 64 0R0 322 1.9 5.1 38.5 1.0132 0.00 0.0M
410160.000 1980 COM2 64 0R0 281 0.8 4.9 39.4 1.0132 0.00 0.0M
410220.000 1980 COM2 64 0R0 327 0.5 4.9 39.5 1.0133 0.00 0.0M
410280.000 1980 COM2 64 0R0 298 0.9 5.1 39.2 1.0133 0.00 0.0M
410340.000 1980 COM2 64 0R0 229 0.9 5.2 38.3 1.0133 0.00 0.0M
410400.000 1980 COM2 64 0R0 234 1.2 5.2 38.5 1.0133 0.00 0.0M
410460.000 1980 COM2 64 0R0 270 1.2 5.2 38.5 1.0132 0.00 0.0M
410520.000 1980 COM2 64 0R0 249 0.9 5.1 38.5 1.0133 0.00 0.0M
410580.100 1980 COM2 64 0R0 243 1.2 5.0 39.3 1.0133 0.00 0.0M
410640.000 1980 COM2 64 0R0 217 0.5 4.8 39.1 1.0132 0.00 0.0M
410700.100 1980 COM2 64 0R0 341 0.3 4.7 39.6 1.0132 0.00 0.0M
410760.000 1980 COM2 64 0R0 063 0.7 4.8 40.0 1.0132 0.00 0.0M
410820.000 1980 COM2 64 0R0 299 2.5 5.0 39.7 1.0132 0.00 0.0M
410880.000 1980 COM2 64 0R0 327 0.6 5.1 39.0 1.0132 0.00 0.0M
410940.000 1980 COM2 64 0R0 344 1.4 5.1 39.1 1.0132 0.00 0.0M
411000.000 1980 COM2 64 0R0 298 3.5 5.0 39.5 1.0132 0.00 0.0M
411060.000 1980 COM2 64 0R0 298 3.4 4.8 38.5 1.0132 0.00 0.0M
411120.000 1980 COM2 64 0R0 330 0.6 4.5 39.6 1.0132 0.00 0.0M
411180.000 1980 COM2 64 0R0 242 1.3 4.2 40.0 1.0132 0.00 0.0M
411240.000 1980 COM2 64 0R0 255 2.6 4.2 40.8 1.0132 0.00 0.0M
411300.000 1980 COM2 64 0R0 222 1.4 4.4 40.5 1.0132 0.00 0.0M
411360.000 1980 COM2 64 0R0 243 0.6 4.5 39.5 1.0132 0.00 0.0M
411420.000 1980 COM2 64 0R0 325 0.4 4.5 39.8 1.0132 0.00 0.0M
411480.000 1980 COM2 64 0R0 132 0.5 4.6 41.0 1.0132 0.00 0.0M
411540.000 1980 COM2 64 0R0 333 1.2 4.8 39.7 1.0132 0.00 0.0M
411600.000 1980 COM2 64 0R0 070 1.1 4.9 40.2 1.0132 0.00 0.0M
411660.000 1980 COM2 64 0R0 169 0.6 5.0 39.4 1.0131 0.00 0.0M
411720.000 1980 COM2 64 0R0 311 1.5 5.3 39.4 1.0132 0.00 0.0M
411780.000 1980 COM2 64 0R0 046 1.2 5.4 38.8 1.0131 0.00 0.0M
411840.000 1980 COM2 64 0R0 253 0.6 5.2 38.8 1.0131 0.00 0.0M
411900.100 1980 COM2 64 0R0 331 0.7 5.0 39.6 1.0131 0.00 0.0M
411960.000 1980 COM2 64 0R0 329 0.8 5.0 39.9 1.0131 0.00 0.0M
412020.000 1980 COM2 64 0R0 278 3.2 5.0 39.6 1.0131 0.00 0.0M
412080.000 1980 COM2 64 0R0 273 0.9 4.8 39.3 1.0131 0.00 0.0M
412140.000 1980 COM2 64 0R0 265 1.8 4.6 40.3 1.0131 0.00 0.0M
412200.000 1980 COM2 64 0R0 288 1.8 4.6 39.4 1.0131 0.00 0.0M
412260.000 1980 COM2 64 0R0 312 0.5 4.5 40.7 1.0131 0.00 0.0M
412320.000 1980 COM2 64 0R0 189 0.3 4.6 40.7 1.0131 0.00 0.0M
412380.000 1980 COM2 64 0R0 278 0.8 4.8 40.4 1.0132 0.00 0.0M
412440.000 1980 COM2 64 0R0 195 0.9 5.0 39.8 1.0132 0.00 0.0M
412500.000 1980 COM2 64 0R0 281 2.6 5.2 39.2 1.0132 0.00 0.0M
412560.000 1980 COM2 64 0R0 297 2.1 5.3 37.7 1.0133 0.00 0.0M
412620.000 1980 COM2 64 0R0 209 0.3 5.1 38.9 1.0133 0.00 0.0M
412680.000 1980 COM2 64 0R0 213 0.3 4.9 39.2 1.0133 0.00 0.0M
412740.000 1980 COM2 64 0R0 051 0.4 5.0 40.1 1.0133 0.00 0.0M
412800.000 1980 COM2 64 0R0 292 1.2 5.0 38.4 1.0132 0.00 0.0M
412860.000 1980 COM2 64 0R0 287 3.3 4.9 38.6 1.0132 0.00 0.0M
412920.000 1980 COM2 64 0R0 266 1.1 4.8 38.5 1.0132 0.00 0.0M
412980.000 1980 COM2 64 0R0 304 0.7 4.6 38.9 1.0132 0.00 0.0M
413040.000 1980 COM2 64 0R0 344 2.3 4.6 39.3 1.0132 0.00 0.0M
413100.000 1980 COM2 64 0R0 352 1.2 4.5 38.9 1.0132 0.00 0.0M
413160.000 1980 COM2 64 0R0 027 0.9 4.3 39.3 1.0132 0.00 0.0M
413220.000 1980 COM2 64 0R0 005 0.7 4.3 39.6 1.0132 0.00 0.0M
413280.000 1980 COM2 64 0R0 026 1.7 4.3 39.6 1.0132 0.00 0.0M
413340.000 1980 COM2 64 0R0 339 1.7 4.3 39.8 1.0132 0.00 0.0M
413400.000 1980 COM2 64 0R0 358 1.2 4.4 39.8 1.0132 0.00 0.0M
413460.000 1980 COM2 64 0R0 346 2.4 4.5 39.8 1.0132 0.00 0.0M
413520.000 1980 COM2 64 0R0 041 1.3 4.5 39.8 1.0132 0.00 0.0M
413580.000 1980 COM2 64 0R0 357 0.5 4.6 40.1 1.0132 0.00 0.0M
413640.000 1980 COM2 64 0R0 017 0.5 4.8 39.0 1.0133 0.00 0.0M
413700.000 1980 COM2 64 0R0 004 0.7 4.9 39.1 1.0133 0.00 0.0M
413760.000 1980 COM2 64 0R0 333 0.8 5.0 39.4 1.0133 0.00 0.0M
413820.000 1980 COM2 64 0R0 245 1.4 5.1 39.2 1.0133 0.00 0.0M
413880.000 1980 COM2 64 0R0 334 0.9 5.1 38.6 1.0133 0.00 0.0M
413940.000 1980 COM2 64 0R0 276 3.4 5.2 38.8 1.0133 0.00 0.0M
414000.000 1980 COM2 64 0R0 297 3.4 5.2 38.5 1.0134 0.00 0.0M
414060.000 1980 COM2 64 0R0 352 1.9 5.1 38.1 1.0134 0.00 0.0M
414120.000 1980 COM2 64 0R0 287 1.1 4.8 38.7 1.0134 0.00 0.0M
414180.000 1980 COM2 64 0R0 291 0.7 4.7 39.4 1.0134 0.00 0.0M
414240.000 1980 COM2 64 0R0 293 2.2 4.6 39.8 1.0134 0.00 0.0M
414300.000 1980 COM2 64 0R0 282 0.3 4.8 39.8 1.0134 0.00 0.0M
414360.000 1980 COM2 64 0R0 048 0.4 4.9 40.0 1.0134 0.00 0.0M
414420.000 1980 COM2 64 0R0 199 1.0 5.0 39.2 1.0134 0.00 0.0M
414480.000 1980 COM2 64 0R0 280 1.6 5.1 38.1 1.0134 0.00 0.0M
414540.000 1980 COM2 64 0R0 345 1.1 5.2 39.2 1.0134 0.00 0.0M
414600.000 1980 COM2 64 0R0 351 0.7 5.2 38.0 1.0134 0.00 0.0M
414660.000 1980 COM2 64 0R0 351 1.6 5.1 38.3 1.0134 0.00 0.0M
414720.000 1980 COM2 64 0R0 003 0.7 5.0 38.4 1.0134 0.00 0.0M
414780.000 1980 COM2 64 0R0 005 0.4 5.0 39.2 1.0134 0.00 0.0M
414840.000 1980 COM2 64 0R0 252 1.5 5.0 39.2 1.0134 0.00 0.0M
414900.000 1980 COM2 64 0R0 229 1.5 5.2 39.0 1.0134 0.00 0.0M
414960.000 1980 COM2 64 0R0 252 2.7 5.2 38.8 1.0134 0.00 0.0M
415020.000 1980 COM2 64 0R0 265 2.2 5.1 39.1 1.0134 0.00 0.0M
415080.000 1980 COM2 64 0R0 294 1.7 4.9 39.2 1.0134 0.00 0.0M
415140.000 1980 COM2 64 0R0 302 1.5 4.7 39.5 1.0134 0.00 0.0M
415200.000 1980 COM2 64 0R0 236 1.3 4.6 40.3 1.0134 0.00 0.0M
415260.000 1980 COM2 64 0R0 340 1.3 4.6 40.4 1.0134 0.00 0.0M
415320.000 1980 COM2 64 0R0 319 0.6 4.8 39.9 1.0134 0.00 0.0M
415380.000 1980 COM2 64 0R0 340 2.7 4.8 40.4 1.0134 0.00 0.0M
415440.000 1980 COM2 64 0R0 339 3.3 4.8 39.7 1.0134 0.00 0.0M
415500.000 1980 COM2 64 0R0 346 2.0 4.7 39.8 1.0134 0.00 0.0M
415560.000 1980 COM2 64 0R0 337 2.1 4.6 40.1 1.0134 0.00 0.0M
415620.000 1980 COM2 64 0R0 348 0.1 4.5 40.1 1.0133 0.00 0.0M
415680.000 1980 COM2 64 0R0 355 0.3 4.5 40.9 1.0133 0.00 0.0M
415740.000 1980 COM2 64 0R0 004 1.4 4.5 40.9 1.0133 0.00 0.0M
415800.000 1980 COM2 64 0R0 082 0.6 4.6 40.1 1.0133 0.00 0.0M
415860.000 1980 COM2 64 0R0 341 3.1 4.7 40.8 1.0132 0.00 0.0M
415920.000 1980 COM2 64 0R0 322 0.8 4.7 39.9 1.0132 0.00 0.0M
415980.000 1980 COM2 64 0R0 037 0.2 4.7 40.4 1.0132 0.00 0.0M
416040.000 1980 COM2 64 0R0 330 0.7 4.7 40.3 1.0131 0.00 0.0M
416100.000 1980 COM2 64 0R0 032 0.5 4.7 39.9 1.0131 0.00 0.0M
416160.000 1980 COM2 64 0R0 032 1.1 4.8 39.9 1.0131 0.00 0.0M
416220.000 1980 COM2 64 0R0 026 1.3 4.8 39.9 1.0131 0.00 0.0M
416280.000 1980 COM2 64 0R0 343 1.0 4.9 40.1 1.0131 0.00 0.0M
416340.000 1980 COM2 64 0R0 036 1.6 5.0 39.3 1.0131 0.00 0.0M
416400.000 1980 COM2 64 0R0 137 0.9 4.9 39.7 1.0131 0.00 0.0M
416460.000 1980 COM2 64 0R0 223 1.4 5.0 40.6 1.0131 0.00 0.0M
416520.000 1980 COM2 64 0R0 224 1.0 5.2 40.0 1.0130 0.00 0.0M
416580.000 1980 COM2 64 0R0 321 0.6 5.5 39.3 1.0130 0.00 0.0M
416640.000 1980 COM2 64 0R0 234 0.9 5.7 39.1 1.0130 0.00 0.0M
416700.000 1980 COM2 64 0R0 197 1.1 5.9 38.0 1.0130 0.00 0.0M
416760.000 1980 COM2 64 0R0 224 0.5 6.0 38.3 1.0131 0.00 0.0M
416820.000 1980 COM2 64 0R0 330 0.4 6.1 38.3 1.0131 0.00 0.0M
416880.000 1980 COM2 64 0R0 249 0.7 6.2 38.1 1.0131 0.00 0.0M
416940.000 1980 COM2 64 0R0 286 1.0 6.3 36.5 1.0131 0.00 0.0M
417000.000 1980 COM2 64 0R0 158 0.8 6.3 37.1 1.0131 0.00 0.0M
417060.000 1980 COM2 64 0R0 329 0.6 6.3 37.4 1.0131 0.00 0.0M
417120.000 1980 COM2 64 0R0 008 0.7 6.2 37.1 1.0131 0.00 0.0M
417180.000 1980 COM2 64 0R0 187 0.9 6.1 37.3 1.0132 0.00 0.0M
417240.000 1980 COM2 64 0R0 280 2.1 6.0 38.1 1.0132 0.00 0.0M
417300.000 1980 COM2 64 0R0 307 2.1 6.0 36.9 1.0132 0.00 0.0M
417360.000 1980 COM2 64 0R0 289 2.0 5.9 37.2 1.0132 0.00 0.0M
417420.000 1980 COM2 64 0R0 303 1.5 5.6 37.2 1.0132 0.00 0.0M
417480.000 1980 COM2 64 0R0 231 0.6 5.3 38.1 1.0133 0.00 0.0M
417540.000 1980 COM2 64 0R0 242 1.9 5.3 38.6 1.0133 0.00 0.0M
417600.000 1980 COM2 64 0R0 175 0.7 5.4 38.3 1.0133 0.00 0.0M
417660.000 1980 COM2 64 0R0 255 1.0 5.4 38.3 1.0133 0.00 0.0M
417720.000 1980 COM2 64 0R0 239 2.4 5.4 38.8 1.0133 0.00 0.0M
417780.000 1980 COM2 64 0R0 216 1.1 5.4 38.2 1.0133 0.00 0.0M
417840.000 1980 COM2 64 0R0 170 1.0 5.4 38.4 1.0133 0.00 0.0M
417900.000 1980 COM2 64 0R0 216 0.5 5.4 39.4 1.0134 0.00 0.0M
417960.000 1980 COM2 64 0R0 177 1.0 5.4 39.2 1.0134 0.00 0.0M
418020.000 1980 COM2 64 0R0 194 2.2 5.5 38.9 1.0135 0.00 0.0M
418080.000 1980 COM2 64 0R0 257 0.8 5.6 38.7 1.0135 0.00 0.0M
418140.000 1980 COM2 64 0R0 262 2.6 5.7 38.1 1.0134 0.00 0.0M
418200.000 1980 COM2 64 0R0 229 0.9 5.7 37.9 1.0134 0.00 0.0M
418260.000 1980 COM2 64 0R0 236 2.1 5.7 37.8 1.0134 0.00 0.0M
418320.000 1980 COM2 64 0R0 307 0.5 5.6 38.1 1.0133 0.00 0.0M
418380.000 1980 COM2 64 0R0 142 0.9 5.6 38.8 1.0134 0.00 0.0M
418440.000 1980 COM2 64 0R0 263 1.0 5.7 38.3 1.0134 0.00 0.0M
418500.000 1980 COM2 64 0R0 270 2.1 5.8 37.5 1.0134 0.00 0.0M
418560.000 1980 COM2 64 0R0 254 1.3 5.8 37.3 1.0134 0.00 0.0M
418620.000 1980 COM2 64 0R0 256 2.3 5.6 37.7 1.0134 0.00 0.0M
418680.000 1980 COM2 64 0R0 183 0.7 5.5 37.8 1.0135 0.00 0.0M
418740.000 1980 COM2 64 0R0 285 2.6 5.4 38.3 1.0135 0.00 0.0M
418800.000 1980 COM2 64 0R0 288 1.9 5.4 38.2 1.0135 0.00 0.0M
418860.000 1980 COM2 64 0R0 302 0.3 5.3 38.0 1.0135 0.00 0.0M
418920.000 1980 COM2 64 0R0 337 1.3 5.2 39.1 1.0135 0.00 0.0M
418980.000 1980 COM2 64 0R0 294 1.3 5.2 38.5 1.0135 0.00 0.0M
419040.000 1980 COM2 64 0R0 286 1.5 5.2 38.8 1.0135 0.00 0.0M
419100.000 1980 COM2 64 0R0 282 0.9 5.1 38.9 1.0135 0.00 0.0M
419160.000 1980 COM2 64 0R0 272 2.0 5.1 38.8 1.0135 0.00 0.0M
419220.000 1980 COM2 64 0R0 228 0.7 5.1 39.3 1.0136 0.00 0.0M
419280.000 1980 COM2 64 0R0 273 1.9 5.2 39.3 1.0136 0.00 0.0M
419340.000 1980 COM2 64 0R0 253 3.0 5.2 39.1 1.0137 0.00 0.0M
419400.000 1980 COM2 64 0R0 269 2.6 5.2 38.9 1.0138 0.00 0.0M
419460.000 1980 COM2 64 0R0 210 1.5 5.3 38.7 1.0138 0.00 0.0M
419520.000 1980 COM2 64 0R0 281 0.5 5.3 38.8 1.0139 0.00 0.0M
419580.000 1980 COM2 64 0R0 269 1.4 5.3 38.6 1.0139 0.00 0.0M
419640.000 1980 COM2 64 0R0 224 1.8 5.3 38.8 1.0139 0.00 0.0M
419700.000 1980 COM2 64 0R0 268 1.1 5.3 38.9 1.0139 0.00 0.0M
419760.000 1980 COM2 64 0R0 261 2.0 5.3 38.8 1.0140 0.00 0.0M
419820.000 1980 COM2 64 0R0 229 1.7 5.3 38.4 1.0140 0.00 0.0M
419880.000 1980 COM2 64 0R0 281 1.3 5.3 38.4 1.0140 0.00 0.0M
419940.000 1980 COM2 64 0R0 247 1.3 5.3 38.5 1.0140 0.00 0.0M
420000.000 1980 COM2 64 0R0 254 1.3 5.3 38.3 1.0140 0.00 0.0M
420060.000 1980 COM2 64 0R0 274 2.1 5.3 38.3 1.0140 0.00 0.0M
420120.000 1980 COM2 64 0R0 246 1.4 5.2 38.3 1.0140 0.00 0.0M
420180.000 1980 COM2 64 0R0 296 1.0 5.1 38.2 1.0140 0.00 0.0M
420240.000 1980 COM2 64 0R0 222 0.5 5.0 38.7 1.0140 0.00 0.0M
420300.000 1980 COM2 64 0R0 241 1.1 5.0 39.5 1.0140 0.00 0.0M
420360.000 1980 COM2 64 0R0 280 0.7 5.0 38.6 1.0139 0.00 0.0M
420420.000 1980 COM2 64 0R0 232 0.5 5.1 39.5 1.0139 0.00 0.0M
420480.000 1980 COM2 64 0R0 279 1.4 5.2 38.9 1.0139 0.00 0.0M
420540.000 1980 COM2 64 0R0 280 1.2 5.2 38.6 1.0139 0.00 0.0M
420600.000 1980 COM2 64 0R0 271 1.8 5.2 39.1 1.0139 0.00 0.0M
420660.000 1980 COM2 64 0R0 279 2.2 5.2 38.5 1.0138 0.00 0.0M
420720.000 1980 COM2 64 0R0 286 1.6 5.2 38.1 1.0138 0.00 0.0M
420780.000 1980 COM2 64 0R0 276 2.4 5.0 39.0 1.0137 0.00 0.0M
420840.000 1980 COM2 64 0R0 318 0.6 4.9 38.7 1.0137 0.00 0.0M
420900.000 1980 COM2 64 0R0 299 0.8 4.8 40.0 1.0137 0.00 0.0M
420960.000 1980 COM2 64 0R0 255 1.0 4.7 40.1 1.0137 0.00 0.0M
421020.000 1980 COM2 64 0R0 257 0.7 4.8 39.8 1.0137 0.00 0.0M
421080.000 1980 COM2 64 0R0 230 1.9 4.9 39.8 1.0137 0.00 0.0M
421140.000 1980 COM2 64 0R0 238 0.7 4.9 39.8 1.0137 0.00 0.0M
421200.000 1980 COM2 64 0R0 260 1.2 4.9 40.0 1.0137 0.00 0.0M
421260.000 1980 COM2 64 0R0 278 1.0 5.0 39.9 1.0137 0.00 0.0M
421320.000 1980 COM2 64 0R0 276 1.4 5.1 39.5 1.0137 0.00 0.0M
421380.000 1980 COM2 64 0R0 250 1.0 5.1 39.3 1.0137 0.00 0.0M
421440.000 1980 COM2 64 0R0 245 0.6 5.2 39.1 1.0137 0.00 0.0M
421500.000 1980 COM2 64 0R0 207 0.7 5.2 39.1 1.0137 0.00 0.0M
421560.000 1980 COM2 64 0R0 157 0.9 5.3 38.9 1.0136 0.00 0.0M
421620.000 1980 COM2 64 0R0 267 1.2 5.3 38.9 1.0137 0.00 0.0M
421680.000 1980 COM2 64 0R0 281 1.0 5.3 38.8 1.0137 0.00 0.0M
421740.000 1980 COM2 64 0R0 135 0.3 5.2 39.2 1.0137 0.00 0.0M
421800.000 1980 COM2 64 0R0 030 0.4 5.2 39.2 1.0137 0.00 0.0M
421860.000 1980 COM2 64 0R0 178 0.3 5.2 39.5 1.0138 0.00 0.0M
421920.000 1980 COM2 64 0R0 118 0.6 5.2 39.3 1.0138 0.00 0.0M
421980.000 1980 COM2 64 0R0 300 1.3 5.1 39.6 1.0138 0.00 0.0M
422040.000 1980 COM2 64 0R0 294 2.1 5.1 38.8 1.0139 0.00 0.0M
422100.000 1980 COM2 64 0R0 259 0.9 4.9 38.8 1.0139 0.00 0.0M
422160.000 1980 COM2 64 0R0 234 0.3 4.8 40.0 1.0139 0.00 0.0M
422220.000 1980 COM2 64 0R0 138 0.2 4.8 39.6 1.0140 0.00 0.0M
422280.000 1980 COM2 64 0R0 287 1.5 4.8 39.9 1.0140 0.00 0.0M
422340.000 1980 COM2 64 0R0 318 0.7 4.8 39.6 1.0140 0.00 0.0M
422400.000 1980 COM2 64 0R0 244 0.7 4.8 40.4 1.0140 0.00 0.0M
422460.000 1980 COM2 64 0R0 220 0.4 4.8 40.4 1.0140 0.00 0.0M
422520.000 1980 COM2 64 0R0 278 0.5 4.8 40.7 1.0141 0.00 0.0M
422580.000 1980 COM2 64 0R0 287 1.6 4.8 40.3 1.0140 0.00 0.0M
422640.000 1980 COM2 64 0R0 247 1.5 4.8 40.3 1.0140 0.00 0.0M
422700.000 1980 COM2 64 0R0 292 0.7 4.7 40.1 1.0140 0.00 0.0M
422760.000 1980 COM2 64 0R0 231 0.8 4.6 40.6 1.0141 0.00 0.0M
422820.000 1980 COM2 64 0R0 277 0.9 4.6 40.2 1.0141 0.00 0.0M
422880.000 1980 COM2 64 0R0 284 1.8 4.6 40.6 1.0141 0.00 0.0M
422940.000 1980 COM2 64 0R0 335 0.5 4.6 40.9 1.0141 0.00 0.0M
423000.000 1980 COM2 64 0R0 287 2.3 4.6 40.7 1.0140 0.00 0.0M
423060.000 1980 COM2 64 0R0 308 0.7 4.6 40.1 1.0140 0.00 0.0M
423120.000 1980 COM2 64 0R0 250 0.4 4.5 41.2 1.0140 0.00 0.0M
423180.000 1980 COM2 64 0R0 341 0.6 4.5 41.2 1.0140 0.00 0.0M
423240.000 1980 COM2 64 0R0 140 0.2 4.5 41.0 1.0140 0.00 0.0M
423300.000 1980 COM2 64 0R0 021 0.5 4.5 41.2 1.0140 0.00 0.0M
423360.000 1980 COM2 64 0R0 053 0.4 4.5 40.9 1.0140 0.00 0.0M
423420.000 1980 COM2 64 0R0 047 0.3 4.5 40.6 1.0140 0.00 0.0M
423480.000 1980 COM2 64 0R0 348 0.6 4.4 40.9 1.0140 0.00 0.0M
423540.000 1980 COM2 64 0R0 011 0.4 4.4 41.2 1.0141 0.00 0.0M
423600.000 1980 COM2 64 0R0 136 0.3 4.3 41.2 1.0141 0.00 0.0M
423660.000 1980 COM2 64 0R0 041 0.8 4.3 41.8 1.0141 0.00 0.0M
423720.000 1980 COM2 64 0R0 055 0.4 4.4 41.8 1.0141 0.00 0.0M
423780.000 1980 COM2 64 0R0 324 0.3 4.4 41.6 1.0141 0.00 0.0M
423840.000 1980 COM2 64 0R0 350 0.3 4.4 41.5 1.0141 0.00 0.0M
423900.000 1980 COM2 64 0R0 340 0.9 4.3 41.4 1.0142 0.00 0.0M
423960.000 1980 COM2 64 0R0 339 0.5 4.3 41.3 1.0142 0.00 0.0M
424020.000 1980 COM2 64 0R0 299 0.7 4.3 41.4 1.0142 0.00 0.0M
424080.000 1980 COM2 64 0R0 107 0.3 4.3 41.5 1.0142 0.00 0.0M
424140.000 1980 COM2 64 0R0 050 0.6 4.2 41.7 1.0143 0.00 0.0M
424200.000 1980 COM2 64 0R0 046 0.7 4.2 41.7 1.0143 0.00 0.0M
424260.000 1980 COM2 64 0R0 331 0.4 4.2 41.7 1.0143 0.00 0.0M
424320.000 1980 COM2 64 0R0 346 0.5 4.2 42.1 1.0143 0.00 0.0M
424380.000 1980 COM2 64 0R0 309 0.8 4.2 41.7 1.0143 0.00 0.0M
424440.000 1980 COM2 64 0R0 075 0.6 4.1 41.4 1.0143 0.00 0.0M
424500.000 1980 COM2 64 0R0 026 0.9 4.1 41.8 1.0143 0.00 0.0M
424560.000 1980 COM2 64 0R0 275 0.4 4.1 41.5 1.0143 0.00 0.0M
424620.000 1980 COM2 64 0R0 040 1.7 4.0 42.1 1.0143 0.00 0.0M
424680.000 1980 COM2 64 0R0 348 0.8 4.0 42.3 1.0143 0.00 0.0M
424740.000 1980 COM2 64 0R0 036 1.8 4.0 42.3 1.0143 0.00 0.0M
424800.000 1980 COM2 64 0R0 036 0.9 4.0 42.4 1.0143 0.00 0.0M
424860.000 1980 COM2 64 0R0 335 1.3 4.0 42.6 1.0143 0.00 0.0M
424920.000 1980 COM2 64 0R0 019 1.3 3.9 42.7 1.0143 0.00 0.0M
424980.000 1980 COM2 64 0R0 058 0.5 3.9 42.4 1.0143 0.00 0.0M
425040.000 1980 COM2 64 0R0 005 0.5 3.9 42.3 1.0144 0.00 0.0M
425100.000 1980 COM2 64 0R0 049 1.2 3.8 42.6 1.0144 0.00 0.0M
425160.000 1980 COM2 64 0R0 357 0.6 3.8 42.8 1.0145 0.00 0.0M
425220.000 1980 COM2 64 0R0 353 0.9 3.8 42.9 1.0145 0.00 0.0M
425280.000 1980 COM2 64 0R0 005 0.2 3.8 42.6 1.0145 0.00 0.0M
425340.000 1980 COM2 64 0R0 062 0.6 3.8 43.2 1.0145 0.00 0.0M
425400.100 1980 COM2 64 0R0 357 0.5 3.8 43.0 1.0145 0.00 0.0M
425460.000 1980 COM2 64 0R0 058 0.2 3.8 43.0 1.0146 0.00 0.0M
425520.000 1980 COM2 64 0R0 133 0.6 3.8 43.4 1.0146 0.00 0.0M
425580.000 1980 COM2 64 0R0 006 0.2 3.9 43.3 1.0146 0.00 0.0M
425640.000 1980 COM2 64 0R0 309 0.3 4.0 42.6 1.0146 0.00 0.0M
425700.000 1980 COM2 64 0R0 044 0.4 4.0 43.0 1.0146 0.00 0.0M
425760.000 1980 COM2 64 0R0 035 0.5 3.9 42.9 1.0145 0.00 0.0M
425820.000 1980 COM2 64 0R0 049 0.8 3.9 42.8 1.0145 0.00 0.0M
425880.000 1980 COM2 64 0R0 035 0.5 3.9 42.9 1.0144 0.00 0.0M
425940.000 1980 COM2 64 0R0 024 2.1 3.8 42.7 1.0144 0.00 0.0M
426000.000 1980 COM2 64 0R0 032 0.5 3.8 42.8 1.0144 0.00 0.0M
426060.000 1980 COM2 64 0R0 023 1.4 3.7 43.1 1.0144 0.00 0.0M
426120.000 1980 COM2 64 0R0 054 0.4 3.7 43.1 1.0144 0.00 0.0M
426180.000 1980 COM2 64 0R0 003 0.3 3.7 43.3 1.0145 0.00 0.0M
426240.000 1980 COM2 64 0R0 036 1.1 3.7 43.4 1.0145 0.00 0.0M
426300.000 1980 COM2 64 0R0 049 1.0 3.7 43.5 1.0145 0.00 0.0M
426360.000 1980 COM2 64 0R0 030 1.0 3.6 43.6 1.0146 0.00 0.0M
426420.000 1980 COM2 64 0R0 039 0.2 3.6 43.7 1.0146 0.00 0.0M
426480.000 1980 COM2 64 0R0 357 0.4 3.6 43.7 1.0146 0.00 0.0M
426540.000 1980 COM2 64 0R0 346 0.6 3.7 43.6 1.0146 0.00 0.0M
426600.000 1980 COM2 64 0R0 067 0.6 3.7 43.7 1.0146 0.00 0.0M
426660.000 1980 COM2 64 0R0 316 0.3 3.7 43.6 1.0146 0.00 0.0M
426720.000 1980 COM2 64 0R0 142 0.3 3.7 43.6 1.0146 0.00 0.0M
426780.000 1980 COM2 64 0R0 045 0.5 3.7 44.0 1.0147 0.00 0.0M
426840.000 1980 COM2 64 0R0 350 0.2 3.6 43.7 1.0146 0.00 0.0M
426900.100 1980 COM2 64 0R0 013 0.7 3.6 44.6 1.0146 0.00 0.0M
426960.000 1980 COM2 64 0R0 357 0.2 3.7 43.9 1.0146 0.00 0.0M
427020.000 1980 COM2 64 0R0 334 0.2 3.7 43.7 1.0147 0.00 0.0M
427080.000 1980 COM2 64 0R0 013 0.3 3.6 43.7 1.0147 0.00 0.0M
427140.100 1980 COM2 64 0R0 344 0.8 3.6 44.3 1.0147 0.00 0.0M
427200.000 1980 COM2 64 0R0 002 0.6 3.6 44.1 1.0147 0.00 0.0M
427260.000 1980 COM2 64 0R0 023 0.7 3.6 43.8 1.0147 0.00 0.0M
427320.000 1980 COM2 64 0R0 347 0.7 3.6 44.1 1.0148 0.00 0.0M
427380.000 1980 COM2 64 0R0 007 0.7 3.6 43.3 1.0148 0.00 0.0M
427440.000 1980 COM2 64 0R0 343 0.7 3.6 43.6 1.0148 0.00 0.0M
427500.000 1980 COM2 64 0R0 327 0.9 3.6 43.7 1.0147 0.00 0.0M
427560.000 1980 COM2 64 0R0 128 0.6 3.5 43.8 1.0147 0.00 0.0M
427620.000 1980 COM2 64 0R0 343 0.2 3.5 44.4 1.0147 0.00 0.0M
427680.000 1980 COM2 64 0R0 000 0.7 3.6 44.2 1.0147 0.00 0.0M
427740.000 1980 COM2 64 0R0 005 0.5 3.6 43.6 1.0147 0.00 0.0M
427800.000 1980 COM2 64 0R0 004 0.3 3.5 43.7 1.0147 0.00 0.0M
427860.000 1980 COM2 64 0R0 056 0.2 3.5 43.6 1.0147 0.00 0.0M
427920.100 1980 COM2 64 0R0 027 0.4 3.4 44.1 1.0147 0.00 0.0M
427980.000 1980 COM2 64 0R0 017 0.6 3.4 43.8 1.0147 0.00 0.0M
428040.000 1980 COM2 64 0R0 079 0.6 3.4 44.1 1.0148 0.00 0.0M
428100.100 1980 COM2 64 0R0 018 0.5 3.4 44.4 1.0149 0.00 0.0M
428160.000 1980 COM2 64 0R0 279 0.6 3.4 43.8 1.0150 0.00 0.0M
428220.000 1980 COM2 64 0R0 312 1.9 3.4 44.6 1.0151 0.00 0.0M
428280.000 1980 COM2 64 0R0 303 0.5 3.5 43.9 1.0152 0.00 0.0M
428340.000 1980 COM2 64 0R0 349 0.4 3.5 44.4 1.0152 0.00 0.0M
428400.000 1980 COM2 64 0R0 312 0.9 3.5 44.5 1.0152 0.00 0.0M
428460.000 1980 COM2 64 0R0 053 0.4 3.5 43.9 1.0152 0.00 0.0M
428520.000 1980 COM2 64 0R0 109 0.2 3.5 44.0 1.0152 0.00 0.0M
428580.000 1980 COM2 64 0R0 244 0.2 3.5 43.6 1.0152 0.00 0.0M
428640.000 1980 COM2 64 0R0 032 1.1 3.5 44.1 1.0152 0.00 0.0M
428700.000 1980 COM2 64 0R0 342 2.1 3.5 43.8 1.0152 0.00 0.0M
428760.000 1980 COM2 64 0R0 350 0.6 3.4 43.7 1.0152 0.00 0.0M
428820.000 1980 COM2 64 0R0 024 0.5 3.4 43.8 1.0152 0.00 0.0M
428880.000 1980 COM2 64 0R0 007 0.7 3.4 43.9 1.0152 0.00 0.0M
428940.000 1980 COM2 64 0R0 035 1.0 3.4 43.9 1.0152 0.00 0.0M
429000.000 1980 COM2 64 0R0 039 0.7 3.4 44.1 1.0152 0.00 0.0M
429060.000 1980 COM2 64 0R0 025 0.9 3.3 44.2 1.0152 0.00 0.0M
429120.000 1980 COM2 64 0R0 048 0.2 3.3 44.3 1.0152 0.00 0.0M
429180.000 1980 COM2 64 0R0 000 0.5 3.3 44.5 1.0152 0.00 0.0M
429240.000 1980 COM2 64 0R0 025 0.6 3.3 44.3 1.0151 0.00 0.0M
429300.000 1980 COM2 64 0R0 347 0.8 3.2 44.6 1.0151 0.00 0.0M
429360.000 1980 COM2 64 0R0 053 0.6 3.2 44.2 1.0151 0.00 0.0M
429420.000 1980 COM2 64 0R0 041 0.5 3.2 44.4 1.0151 0.00 0.0M
429480.000 1980 COM2 64 0R0 067 0.9 3.2 45.0 1.0150 0.00 0.0M
429540.000 1980 COM2 64 0R0 035 1.3 3.2 44.9 1.0150 0.00 0.0M
429600.000 1980 COM2 64 0R0 040 0.6 3.1 44.9 1.0150 0.00 0.0M
429660.000 1980 COM2 64 0R0 006 0.8 3.1 45.0 1.0150 0.00 0.0M
429720.000 1980 COM2 64 0R0 022 0.6 3.1 44.9 1.0151 0.00 0.0M
429780.000 1980 COM2 64 0R0 066 0.6 3.1 45.0 1.0151 0.00 0.0M
429840.000 1980 COM2 64 0R0 019 0.6 3.1 45.0 1.0151 0.00 0.0M
429900.000 1980 COM2 64 0R0 011 0.7 3.1 45.2 1.0151 0.00 0.0M
429960.000 1980 COM2 64 0R0 346 0.4 3.1 45.3 1.0152 0.00 0.0M
430020.000 1980 COM2 64 0R0 035 0.7 3.1 45.3 1.0152 0.00 0.0M
430080.000 1980 COM2 64 0R0 341 0.4 3.1 45.3 1.0152 0.00 0.0M
430140.000 1980 COM2 64 0R0 341 0.3 3.1 45.3 1.0152 0.00 0.0M
430200.000 1980 COM2 64 0R0 039 0.2 3.1 46.2 1.0151 0.00 0.0M
430260.000 1980 COM2 64 0R0 073 0.1 3.1 45.3 1.0151 0.00 0.0M
430320.000 1980 COM2 64 0R0 006 0.4 3.1 45.5 1.0151 0.00 0.0M
430380.000 1980 COM2 64 0R0 332 0.4 3.1 45.7 1.0151 0.00 0.0M
430440.000 1980 COM2 64 0R0 321 1.4 3.1 44.7 1.0151 0.00 0.0M
430500.000 1980 COM2 64 0R0 035 0.8 3.1 45.1 1.0151 0.00 0.0M
430560.000 1980 COM2 64 0R0 026 0.7 3.1 45.1 1.0150 0.00 0.0M
430620.000 1980 COM2 64 0R0 039 0.6 3.1 45.2 1.0150 0.00 0.0M
430680.000 1980 COM2 64 0R0 023 0.9 3.1 45.0 1.0150 0.00 0.0M
430740.000 1980 COM2 64 0R0 019 0.5 3.0 44.9 1.0151 0.00 0.0M
430800.000 1980 COM2 64 0R0 019 0.5 3.0 45.4 1.0151 0.00 0.0M
430860.000 1980 COM2 64 0R0 028 0.6 3.0 45.4 1.0152 0.00 0.0M
430920.000 1980 COM2 64 0R0 026 0.7 3.0 45.7 1.0152 0.00 0.0M
430980.000 1980 COM2 64 0R0 028 1.1 3.0 46.0 1.0152 0.00 0.0M
431040.000 1980 COM2 64 0R0 048 0.9 3.0 45.2 1.0152 0.00 0.0M
431100.100 1980 COM2 64 0R0 032 0.6 2.9 45.6 1.0152 0.00 0.0M
431160.000 1980 COM2 64 0R0 028 0.8 2.9 45.4 1.0152 0.00 0.0M
431220.000 1980 COM2 64 0R0 354 0.2 2.9 45.2 1.0152 0.00 0.0M
431280.000 1980 COM2 64 0R0 051 0.7 2.9 45.8 1.0152 0.00 0.0M
431340.000 1980 COM2 64 0R0 011 0.4 2.9 45.4 1.0152 0.00 0.0M
431400.000 1980 COM2 64 0R0 046 0.7 2.9 45.4 1.0152 0.00 0.0M
431460.000 1980 COM2 64 0R0 050 0.2 2.9 45.4 1.0152 0.00 0.0M
431520.000 1980 COM2 64 0R0 337 0.4 2.9 45.6 1.0152 0.00 0.0M
431580.000 1980 COM2 64 0R0 089 0.7 3.0 45.4 1.0152 0.00 0.0M
431640.000 1980 COM2 64 0R0 018 0.8 3.0 45.3 1.0152 0.00 0.0M
431700.000 1980 COM2 64 0R0 058 0.5 3.0 45.1 1.0152 0.00 0.0M
431760.000 1980 COM2 64 0R0 036 0.8 3.0 45.4 1.0152 0.00 0.0M
431820.000 1980 COM2 64 0R0 340 0.3 3.0 45.3 1.0152 0.00 0.0M
431880.000 1980 COM2 64 0R0 022 0.3 3.0 45.2 1.0152 0.00 0.0M
431940.000 1980 COM2 64 0R0 071 0.6 3.0 45.2 1.0152 0.00 0.0M
