TO [s] WNc [w] C StringLn ASCIIString
---------------------------------------
432000.000 1970 COM2 65 0R0 057 1.6 14.2 70.0 1.0193 0.00 0.0M
432060.000 1970 COM2 65 0R0 068 1.6 14.2 69.9 1.0193 0.00 0.0M
432120.000 1970 COM2 65 0R0 066 1.1 14.2 70.3 1.0193 0.00 0.0M
432180.000 1970 COM2 65 0R0 058 2.1 14.1 69.6 1.0193 0.00 0.0M
432240.100 1970 COM2 65 0R0 032 1.2 14.1 70.1 1.0193 0.00 0.0M
432300.000 1970 COM2 65 0R0 096 0.4 14.1 70.6 1.0193 0.00 0.0M
432360.100 1970 COM2 65 0R0 051 1.6 14.1 70.0 1.0193 0.00 0.0M
432420.000 1970 COM2 65 0R0 067 1.9 14.1 69.7 1.0193 0.00 0.0M
432480.000 1970 COM2 65 0R0 072 2.1 14.1 69.6 1.0194 0.00 0.0M
432540.000 1970 COM2 65 0R0 068 2.5 14.1 69.4 1.0194 0.00 0.0M
432600.000 1970 COM2 65 0R0 054 2.4 14.1 70.1 1.0194 0.00 0.0M
432660.000 1970 COM2 65 0R0 091 0.7 14.1 70.0 1.0194 0.00 0.0M
432720.000 1970 COM2 65 0R0 052 2.0 14.1 69.8 1.0194 0.00 0.0M
432780.000 1970 COM2 65 0R0 082 2.1 14.1 69.9 1.0195 0.00 0.0M
432840.000 1970 COM2 65 0R0 009 0.5 14.1 70.2 1.0195 0.00 0.0M
432900.000 1970 COM2 65 0R0 086 1.1 14.1 69.7 1.0195 0.00 0.0M
432960.100 1970 COM2 65 0R0 028 1.0 14.1 70.0 1.0195 0.00 0.0M
433020.000 1970 COM2 65 0R0 057 2.9 14.1 69.5 1.0195 0.00 0.0M
433080.000 1970 COM2 65 0R0 037 2.7 14.1 69.6 1.0195 0.00 0.0M
433140.000 1970 COM2 65 0R0 055 1.0 14.1 69.6 1.0195 0.00 0.0M
433200.000 1970 COM2 65 0R0 059 1.4 14.1 69.7 1.0196 0.00 0.0M
433260.000 1970 COM2 65 0R0 045 1.7 14.1 69.9 1.0196 0.00 0.0M
433320.100 1970 COM2 65 0R0 090 2.1 14.1 69.8 1.0196 0.00 0.0M
433380.000 1970 COM2 65 0R0 076 1.9 14.0 69.9 1.0196 0.00 0.0M
433440.000 1970 COM2 65 0R0 074 1.3 14.0 70.2 1.0196 0.00 0.0M
433500.000 1970 COM2 65 0R0 062 2.6 14.0 69.8 1.0196 0.00 0.0M
433560.000 1970 COM2 65 0R0 060 1.2 14.0 70.2 1.0196 0.00 0.0M
433620.000 1970 COM2 65 0R0 047 1.0 14.0 69.9 1.0196 0.00 0.0M
433680.000 1970 COM2 65 0R0 051 2.2 14.0 69.8 1.0196 0.00 0.0M
433740.000 1970 COM2 65 0R0 075 1.9 14.0 69.9 1.0196 0.00 0.0M
433800.000 1970 COM2 65 0R0 073 1.8 14.0 70.3 1.0197 0.00 0.0M
433860.000 1970 COM2 65 0R0 059 0.6 14.0 69.8 1.0197 0.00 0.0M
433920.000 1970 COM2 65 0R0 044 1.1 14.0 70.6 1.0197 0.00 0.0M
433980.000 1970 COM2 65 0R0 063 2.2 14.0 70.2 1.0197 0.00 0.0M
434040.000 1970 COM2 65 0R0 063 1.9 13.9 70.4 1.0197 0.00 0.0M
434100.000 1970 COM2 65 0R0 090 0.8 13.9 69.6 1.0196 0.00 0.0M
434160.100 1970 COM2 65 0R0 103 0.3 13.9 70.5 1.0196 0.00 0.0M
434220.000 1970 COM2 65 0R0 111 0.2 13.9 70.3 1.0196 0.00 0.0M
434280.000 1970 COM2 65 0R0 124 0.4 13.9 70.8 1.0196 0.00 0.0M
434340.000 1970 COM2 65 0R0 050 2.9 13.9 69.8 1.0197 0.00 0.0M
434400.000 1970 COM2 65 0R0 066 1.8 13.9 70.2 1.0197 0.00 0.0M
434460.000 1970 COM2 65 0R0 067 1.4 13.9 70.5 1.0197 0.00 0.0M
434520.000 1970 COM2 65 0R0 095 0.9 13.9 70.4 1.0197 0.00 0.0M
434580.000 1970 COM2 65 0R0 012 1.1 13.9 70.2 1.0197 0.00 0.0M
434640.000 1970 COM2 65 0R0 076 1.5 13.9 70.3 1.0197 0.00 0.0M
434700.000 1970 COM2 65 0R0 067 1.5 13.9 70.1 1.0196 0.00 0.0M
434760.000 1970 COM2 65 0R0 046 1.1 13.9 70.1 1.0196 0.00 0.0M
434820.000 1970 COM2 65 0R0 071 2.5 13.9 70.2 1.0196 0.00 0.0M
434880.000 1970 COM2 65 0R0 057 1.0 13.8 70.7 1.0196 0.00 0.0M
434940.000 1970 COM2 65 0R0 075 2.0 13.8 70.6 1.0196 0.00 0.0M
435000.000 1970 COM2 65 0R0 060 1.2 13.8 70.4 1.0196 0.00 0.0M
435060.000 1970 COM2 65 0R0 075 2.0 13.8 70.4 1.0196 0.00 0.0M
435120.000 1970 COM2 65 0R0 036 1.3 13.8 70.4 1.0196 0.00 0.0M
435180.000 1970 COM2 65 0R0 069 1.8 13.8 70.4 1.0197 0.00 0.0M
435240.000 1970 COM2 65 0R0 057 1.3 13.8 70.3 1.0197 0.00 0.0M
435300.000 1970 COM2 65 0R0 058 2.0 13.8 70.3 1.0197 0.00 0.0M
435360.000 1970 COM2 65 0R0 139 0.4 13.8 70.4 1.0197 0.00 0.0M
435420.000 1970 COM2 65 0R0 057 1.4 13.8 70.5 1.0197 0.00 0.0M
435480.000 1970 COM2 65 0R0 074 1.7 13.8 70.5 1.0197 0.00 0.0M
435540.000 1970 COM2 65 0R0 067 1.8 13.8 70.6 1.0197 0.00 0.0M
435600.000 1970 COM2 65 0R0 063 2.1 13.8 70.4 1.0197 0.00 0.0M
435660.000 1970 COM2 65 0R0 060 1.8 13.8 70.7 1.0197 0.00 0.0M
435720.000 1970 COM2 65 0R0 089 1.1 13.8 70.9 1.0197 0.00 0.0M
435780.000 1970 COM2 65 0R0 060 2.2 13.8 70.8 1.0197 0.00 0.0M
435840.000 1970 COM2 65 0R0 059 1.2 13.8 70.8 1.0198 0.00 0.0M
435900.000 1970 COM2 65 0R0 057 2.8 13.8 70.4 1.0197 0.00 0.0M
435960.000 1970 COM2 65 0R0 073 1.1 13.8 71.0 1.0197 0.00 0.0M
436020.000 1970 COM2 65 0R0 077 1.7 13.8 70.7 1.0197 0.00 0.0M
436080.000 1970 COM2 65 0R0 064 2.0 13.7 71.0 1.0197 0.00 0.0M
436140.000 1970 COM2 65 0R0 076 1.5 13.8 70.6 1.0197 0.00 0.0M
436200.000 1970 COM2 65 0R0 032 0.7 13.7 71.0 1.0198 0.00 0.0M
436260.000 1970 COM2 65 0R0 078 2.1 13.7 70.8 1.0198 0.00 0.0M
436320.000 1970 COM2 65 0R0 070 2.0 13.7 71.1 1.0198 0.00 0.0M
436380.000 1970 COM2 65 0R0 033 1.2 13.7 71.4 1.0198 0.00 0.0M
436440.000 1970 COM2 65 0R0 093 2.2 13.7 71.4 1.0198 0.00 0.0M
436500.000 1970 COM2 65 0R0 065 1.9 13.7 71.4 1.0198 0.00 0.0M
436560.000 1970 COM2 65 0R0 086 1.5 13.7 71.5 1.0198 0.00 0.0M
436620.200 1970 COM2 65 0R0 079 1.5 13.7 71.4 1.0198 0.00 0.0M
436680.000 1970 COM2 65 0R0 038 2.4 13.7 71.5 1.0198 0.00 0.0M
436740.000 1970 COM2 65 0R0 078 0.8 13.6 71.7 1.0198 0.00 0.0M
436800.000 1970 COM2 65 0R0 073 1.5 13.7 71.4 1.0198 0.00 0.0M
436860.000 1970 COM2 65 0R0 026 1.5 13.7 71.7 1.0198 0.00 0.0M
436920.000 1970 COM2 65 0R0 051 2.8 13.7 71.4 1.0198 0.00 0.0M
436980.000 1970 COM2 65 0R0 041 1.6 13.7 71.7 1.0198 0.00 0.0M
437040.000 1970 COM2 65 0R0 049 2.3 13.6 71.7 1.0198 0.00 0.0M
437100.000 1970 COM2 65 0R0 098 1.5 13.6 71.8 1.0198 0.00 0.0M
437160.000 1970 COM2 65 0R0 063 1.6 13.6 72.0 1.0198 0.00 0.0M
437220.000 1970 COM2 65 0R0 063 2.8 13.6 71.8 1.0198 0.00 0.0M
437280.000 1970 COM2 65 0R0 073 2.5 13.6 71.9 1.0198 0.00 0.0M
437340.000 1970 COM2 65 0R0 058 2.0 13.6 71.9 1.0198 0.00 0.0M
437400.000 1970 COM2 65 0R0 042 1.7 13.6 72.2 1.0198 0.00 0.0M
437460.000 1970 COM2 65 0R0 067 0.9 13.6 72.2 1.0198 0.00 0.0M
437520.000 1970 COM2 65 0R0 080 1.0 13.6 72.3 1.0198 0.00 0.0M
437580.000 1970 COM2 65 0R0 055 1.8 13.6 72.1 1.0198 0.00 0.0M
437640.000 1970 COM2 65 0R0 066 2.5 13.6 72.0 1.0198 0.00 0.0M
437700.000 1970 COM2 65 0R0 071 1.3 13.6 72.2 1.0198 0.00 0.0M
437760.000 1970 COM2 65 0R0 056 2.2 13.6 72.2 1.0198 0.00 0.0M
437820.000 1970 COM2 65 0R0 105 0.8 13.6 72.8 1.0198 0.00 0.0M
437880.000 1970 COM2 65 0R0 082 2.3 13.6 72.3 1.0198 0.00 0.0M
437940.000 1970 COM2 65 0R0 353 0.6 13.6 72.4 1.0197 0.00 0.0M
438000.000 1970 COM2 65 0R0 074 3.2 13.6 72.3 1.0197 0.00 0.0M
438060.000 1970 COM2 65 0R0 079 2.7 13.6 72.3 1.0198 0.00 0.0M
438120.000 1970 COM2 65 0R0 083 2.2 13.6 72.2 1.0198 0.00 0.0M
438180.000 1970 COM2 65 0R0 068 3.2 13.6 72.2 1.0198 0.00 0.0M
438240.000 1970 COM2 65 0R0 071 2.3 13.6 72.1 1.0198 0.00 0.0M
438300.000 1970 COM2 65 0R0 054 2.7 13.6 72.2 1.0198 0.00 0.0M
438360.000 1970 COM2 65 0R0 024 1.3 13.6 72.4 1.0198 0.00 0.0M
438420.000 1970 COM2 65 0R0 077 2.2 13.6 72.3 1.0198 0.00 0.0M
438480.000 1970 COM2 65 0R0 079 3.0 13.6 72.3 1.0197 0.00 0.0M
438540.000 1970 COM2 65 0R0 055 2.9 13.6 72.3 1.0197 0.00 0.0M
438600.000 1970 COM2 65 0R0 074 2.0 13.6 72.3 1.0197 0.00 0.0M
438660.000 1970 COM2 65 0R0 063 2.1 13.6 72.3 1.0197 0.00 0.0M
438720.000 1970 COM2 65 0R0 079 2.9 13.6 72.3 1.0197 0.00 0.0M
438780.000 1970 COM2 65 0R0 049 1.8 13.6 72.2 1.0197 0.00 0.0M
438840.000 1970 COM2 65 0R0 086 3.1 13.6 72.2 1.0197 0.00 0.0M
438900.000 1970 COM2 65 0R0 000 1.5 13.6 72.4 1.0197 0.00 0.0M
438960.000 1970 COM2 65 0R0 022 1.6 13.6 72.2 1.0197 0.00 0.0M
439020.000 1970 COM2 65 0R0 029 2.8 13.6 72.4 1.0197 0.00 0.0M
439080.000 1970 COM2 65 0R0 020 0.7 13.6 72.5 1.0197 0.00 0.0M
439140.000 1970 COM2 65 0R0 040 1.5 13.6 72.3 1.0197 0.00 0.0M
439200.000 1970 COM2 65 0R0 057 2.7 13.6 72.2 1.0197 0.00 0.0M
439260.000 1970 COM2 65 0R0 042 2.9 13.6 72.3 1.0197 0.00 0.0M
439320.000 1970 COM2 65 0R0 082 2.8 13.6 72.0 1.0196 0.00 0.0M
439380.000 1970 COM2 65 0R0 036 3.1 13.6 72.1 1.0196 0.00 0.0M
439440.000 1970 COM2 65 0R0 079 2.3 13.6 72.3 1.0196 0.00 0.0M
439500.000 1970 COM2 65 0R0 096 2.2 13.6 72.0 1.0196 0.00 0.0M
439560.000 1970 COM2 65 0R0 062 3.5 13.6 72.0 1.0196 0.00 0.0M
439620.000 1970 COM2 65 0R0 055 3.2 13.6 72.0 1.0196 0.00 0.0M
439680.000 1970 COM2 65 0R0 029 3.5 13.6 72.1 1.0196 0.00 0.0M
439740.000 1970 COM2 65 0R0 038 2.0 13.6 72.2 1.0196 0.00 0.0M
439800.000 1970 COM2 65 0R0 070 2.6 13.6 72.2 1.0196 0.00 0.0M
439860.000 1970 COM2 65 0R0 056 3.5 13.6 72.2 1.0196 0.00 0.0M
439920.000 1970 COM2 65 0R0 070 2.4 13.6 72.3 1.0197 0.00 0.0M
439980.000 1970 COM2 65 0R0 106 0.8 13.6 72.4 1.0197 0.00 0.0M
440040.000 1970 COM2 65 0R0 139 1.2 13.6 72.6 1.0197 0.00 0.0M
440100.000 1970 COM2 65 0R0 045 2.3 13.6 72.2 1.0196 0.00 0.0M
440160.000 1970 COM2 65 0R0 039 2.1 13.6 72.2 1.0196 0.00 0.0M
440220.000 1970 COM2 65 0R0 052 1.9 13.6 71.9 1.0196 0.00 0.0M
440280.000 1970 COM2 65 0R0 073 2.5 13.6 71.9 1.0196 0.00 0.0M
440340.000 1970 COM2 65 0R0 038 1.8 13.6 72.0 1.0196 0.00 0.0M
440400.000 1970 COM2 65 0R0 351 0.3 13.6 72.3 1.0196 0.00 0.0M
440460.000 1970 COM2 65 0R0 082 3.0 13.6 72.1 1.0196 0.00 0.0M
440520.000 1970 COM2 65 0R0 087 2.1 13.6 71.9 1.0197 0.00 0.0M
440580.000 1970 COM2 65 0R0 042 2.3 13.6 72.0 1.0197 0.00 0.0M
440640.000 1970 COM2 65 0R0 083 2.0 13.6 72.1 1.0196 0.00 0.0M
440700.000 1970 COM2 65 0R0 058 1.6 13.6 72.2 1.0197 0.00 0.0M
440760.000 1970 COM2 65 0R0 056 1.6 13.6 72.1 1.0197 0.00 0.0M
440820.000 1970 COM2 65 0R0 063 0.7 13.6 71.7 1.0197 0.00 0.0M
440880.000 1970 COM2 65 0R0 063 0.8 13.6 72.0 1.0197 0.00 0.0M
440940.000 1970 COM2 65 0R0 052 2.0 13.6 71.8 1.0197 0.00 0.0M
441000.000 1970 COM2 65 0R0 082 1.4 13.6 72.0 1.0197 0.00 0.0M
441060.000 1970 COM2 65 0R0 079 1.4 13.6 72.0 1.0197 0.00 0.0M
441120.000 1970 COM2 65 0R0 035 1.5 13.6 72.1 1.0197 0.00 0.0M
441180.000 1970 COM2 65 0R0 066 3.0 13.6 71.7 1.0197 0.00 0.0M
441240.000 1970 COM2 65 0R0 063 2.1 13.6 71.9 1.0197 0.00 0.0M
441300.000 1970 COM2 65 0R0 075 2.0 13.6 71.8 1.0197 0.00 0.0M
441360.000 1970 COM2 65 0R0 068 1.6 13.6 71.8 1.0197 0.00 0.0M
441420.000 1970 COM2 65 0R0 088 1.3 13.6 71.9 1.0197 0.00 0.0M
441480.000 1970 COM2 65 0R0 075 1.4 13.6 71.8 1.0197 0.00 0.0M
441540.000 1970 COM2 65 0R0 036 1.8 13.6 71.8 1.0197 0.00 0.0M
441600.000 1970 COM2 65 0R0 067 1.9 13.6 71.6 1.0197 0.00 0.0M
441660.000 1970 COM2 65 0R0 080 2.5 13.6 71.9 1.0197 0.00 0.0M
441720.000 1970 COM2 65 0R0 061 2.1 13.6 71.4 1.0197 0.00 0.0M
441780.100 1970 COM2 65 0R0 091 1.5 13.6 72.2 1.0197 0.00 0.0M
441840.000 1970 COM2 65 0R0 054 1.7 13.6 71.6 1.0197 0.00 0.0M
441900.000 1970 COM2 65 0R0 073 2.8 13.7 71.5 1.0197 0.00 0.0M
441960.000 1970 COM2 65 0R0 065 0.7 13.7 71.8 1.0198 0.00 0.0M
442020.000 1970 COM2 65 0R0 093 1.3 13.6 71.7 1.0197 0.00 0.0M
442080.000 1970 COM2 65 0R0 032 1.9 13.6 71.6 1.0197 0.00 0.0M
442140.000 1970 COM2 65 0R0 011 0.4 13.6 71.5 1.0197 0.00 0.0M
442200.000 1970 COM2 65 0R0 074 3.2 13.6 70.9 1.0197 0.00 0.0M
442260.000 1970 COM2 65 0R0 073 2.8 13.7 71.2 1.0197 0.00 0.0M
442320.000 1970 COM2 65 0R0 076 1.5 13.7 71.1 1.0197 0.00 0.0M
442380.000 1970 COM2 65 0R0 061 1.5 13.7 71.4 1.0197 0.00 0.0M
442440.000 1970 COM2 65 0R0 049 1.7 13.6 71.4 1.0197 0.00 0.0M
442500.000 1970 COM2 65 0R0 060 2.0 13.6 71.4 1.0197 0.00 0.0M
442560.000 1970 COM2 65 0R0 050 1.4 13.6 71.5 1.0196 0.00 0.0M
442620.000 1970 COM2 65 0R0 060 3.1 13.6 71.3 1.0196 0.00 0.0M
442680.000 1970 COM2 65 0R0 060 1.9 13.6 71.3 1.0196 0.00 0.0M
442740.000 1970 COM2 65 0R0 078 0.7 13.6 71.4 1.0196 0.00 0.0M
442800.000 1970 COM2 65 0R0 036 1.8 13.6 71.3 1.0196 0.00 0.0M
442860.000 1970 COM2 65 0R0 058 2.0 13.6 71.0 1.0196 0.00 0.0M
442920.000 1970 COM2 65 0R0 037 2.6 13.6 70.9 1.0197 0.00 0.0M
442980.000 1970 COM2 65 0R0 082 3.6 13.6 70.8 1.0197 0.00 0.0M
443040.000 1970 COM2 65 0R0 048 1.6 13.6 71.0 1.0197 0.00 0.0M
443100.000 1970 COM2 65 0R0 017 1.4 13.6 70.9 1.0197 0.00 0.0M
443160.000 1970 COM2 65 0R0 086 1.8 13.6 70.8 1.0197 0.00 0.0M
443220.000 1970 COM2 65 0R0 016 2.3 13.7 70.8 1.0197 0.00 0.0M
443280.000 1970 COM2 65 0R0 082 2.9 13.7 70.5 1.0197 0.00 0.0M
443340.000 1970 COM2 65 0R0 083 2.0 13.7 70.5 1.0197 0.00 0.0M
443400.000 1970 COM2 65 0R0 048 3.1 13.7 70.4 1.0197 0.00 0.0M
443460.000 1970 COM2 65 0R0 070 3.1 13.7 70.3 1.0197 0.00 0.0M
443520.000 1970 COM2 65 0R0 065 2.9 13.7 70.4 1.0198 0.00 0.0M
443580.000 1970 COM2 65 0R0 060 4.2 13.7 70.1 1.0198 0.00 0.0M
443640.000 1970 COM2 65 0R0 075 2.6 13.7 70.1 1.0198 0.00 0.0M
443700.000 1970 COM2 65 0R0 064 3.8 13.7 70.1 1.0198 0.00 0.0M
443760.000 1970 COM2 65 0R0 095 2.7 13.7 69.8 1.0197 0.00 0.0M
443820.000 1970 COM2 65 0R0 065 4.2 13.7 69.7 1.0198 0.00 0.0M
443880.000 1970 COM2 65 0R0 083 2.8 13.7 69.8 1.0197 0.00 0.0M
443940.000 1970 COM2 65 0R0 090 2.6 13.7 69.9 1.0197 0.00 0.0M
444000.000 1970 COM2 65 0R0 063 2.0 13.7 70.0 1.0197 0.00 0.0M
444060.000 1970 COM2 65 0R0 065 2.1 13.7 70.0 1.0197 0.00 0.0M
444120.000 1970 COM2 65 0R0 072 3.1 13.7 69.8 1.0197 0.00 0.0M
444180.000 1970 COM2 65 0R0 063 1.8 13.7 70.0 1.0197 0.00 0.0M
444240.000 1970 COM2 65 0R0 049 2.1 13.7 70.1 1.0198 0.00 0.0M
444300.000 1970 COM2 65 0R0 098 2.9 13.7 69.6 1.0198 0.00 0.0M
444360.000 1970 COM2 65 0R0 040 2.4 13.7 69.8 1.0198 0.00 0.0M
444420.000 1970 COM2 65 0R0 066 2.6 13.7 69.8 1.0198 0.00 0.0M
444480.000 1970 COM2 65 0R0 031 3.8 13.7 69.5 1.0198 0.00 0.0M
444540.000 1970 COM2 65 0R0 352 1.3 13.7 69.8 1.0198 0.00 0.0M
444600.000 1970 COM2 65 0R0 092 1.0 13.7 69.9 1.0198 0.00 0.0M
444660.000 1970 COM2 65 0R0 042 2.5 13.7 69.2 1.0197 0.00 0.0M
444720.100 1970 COM2 65 0R0 016 1.5 13.7 69.2 1.0198 0.00 0.0M
444780.000 1970 COM2 65 0R0 044 2.9 13.7 68.8 1.0197 0.00 0.0M
444840.000 1970 COM2 65 0R0 354 0.6 13.7 69.2 1.0198 0.00 0.0M
444900.000 1970 COM2 65 0R0 095 1.6 13.7 68.8 1.0198 0.00 0.0M
444960.000 1970 COM2 65 0R0 016 3.2 13.7 69.0 1.0197 0.00 0.0M
445020.000 1970 COM2 65 0R0 074 1.9 13.7 69.0 1.0198 0.00 0.0M
445080.000 1970 COM2 65 0R0 090 2.6 13.7 69.2 1.0198 0.00 0.0M
445140.000 1970 COM2 65 0R0 055 3.9 13.7 68.8 1.0198 0.00 0.0M
445200.000 1970 COM2 65 0R0 059 1.3 13.7 69.1 1.0198 0.00 0.0M
445260.000 1970 COM2 65 0R0 070 2.3 13.7 69.1 1.0198 0.00 0.0M
445320.000 1970 COM2 65 0R0 047 1.8 13.7 69.2 1.0198 0.00 0.0M
445380.000 1970 COM2 65 0R0 081 1.6 13.6 69.3 1.0198 0.00 0.0M
445440.000 1970 COM2 65 0R0 091 3.2 13.6 69.3 1.0198 0.00 0.0M
445500.100 1970 COM2 65 0R0 041 2.7 13.6 69.5 1.0198 0.00 0.0M
445560.000 1970 COM2 65 0R0 026 3.0 13.6 69.5 1.0197 0.00 0.0M
445620.000 1970 COM2 65 0R0 079 2.9 13.6 69.5 1.0197 0.00 0.0M
445680.000 1970 COM2 65 0R0 021 0.3 13.6 69.7 1.0197 0.00 0.0M
445740.000 1970 COM2 65 0R0 028 2.7 13.6 69.7 1.0197 0.00 0.0M
445800.000 1970 COM2 65 0R0 358 1.3 13.6 69.8 1.0198 0.00 0.0M
445860.000 1970 COM2 65 0R0 049 1.2 13.6 70.1 1.0198 0.00 0.0M
445920.000 1970 COM2 65 0R0 056 3.7 13.6 69.8 1.0198 0.00 0.0M
445980.000 1970 COM2 65 0R0 077 2.1 13.5 70.1 1.0198 0.00 0.0M
446040.000 1970 COM2 65 0R0 029 1.9 13.5 70.2 1.0198 0.00 0.0M
446100.000 1970 COM2 65 0R0 072 0.7 13.5 70.3 1.0198 0.00 0.0M
446160.000 1970 COM2 65 0R0 027 1.7 13.5 70.4 1.0198 0.00 0.0M
446220.000 1970 COM2 65 0R0 051 1.4 13.5 70.5 1.0198 0.00 0.0M
446280.000 1970 COM2 65 0R0 049 1.9 13.5 70.7 1.0198 0.00 0.0M
446340.000 1970 COM2 65 0R0 040 2.7 13.5 70.8 1.0199 0.00 0.0M
446400.000 1970 COM2 65 0R0 029 0.7 13.5 71.0 1.0199 0.00 0.0M
446460.000 1970 COM2 65 0R0 074 2.1 13.5 71.0 1.0198 0.00 0.0M
446520.000 1970 COM2 65 0R0 025 2.4 13.5 71.1 1.0198 0.00 0.0M
446580.000 1970 COM2 65 0R0 035 2.4 13.4 71.3 1.0198 0.00 0.0M
446640.000 1970 COM2 65 0R0 023 1.3 13.4 71.5 1.0198 0.00 0.0M
446700.000 1970 COM2 65 0R0 022 2.5 13.4 71.6 1.0198 0.00 0.0M
446760.000 1970 COM2 65 0R0 028 2.4 13.4 71.7 1.0198 0.00 0.0M
446820.000 1970 COM2 65 0R0 049 2.3 13.4 71.8 1.0198 0.00 0.0M
446880.000 1970 COM2 65 0R0 038 3.1 13.4 71.8 1.0198 0.00 0.0M
446940.000 1970 COM2 65 0R0 022 1.9 13.4 72.0 1.0198 0.00 0.0M
447000.000 1970 COM2 65 0R0 025 1.5 13.4 72.2 1.0198 0.00 0.0M
447060.000 1970 COM2 65 0R0 026 2.3 13.3 72.4 1.0198 0.00 0.0M
447120.000 1970 COM2 65 0R0 017 1.5 13.3 72.6 1.0198 0.00 0.0M
447180.000 1970 COM2 65 0R0 079 1.3 13.3 72.7 1.0198 0.00 0.0M
447240.000 1970 COM2 65 0R0 036 4.0 13.3 72.6 1.0198 0.00 0.0M
447300.000 1970 COM2 65 0R0 051 2.1 13.3 72.6 1.0198 0.00 0.0M
447360.000 1970 COM2 65 0R0 066 1.0 13.3 72.9 1.0198 0.00 0.0M
447420.100 1970 COM2 65 0R0 021 1.5 13.3 72.8 1.0198 0.00 0.0M
447480.000 1970 COM2 65 0R0 035 3.3 13.3 72.9 1.0198 0.00 0.0M
447540.000 1970 COM2 65 0R0 027 1.7 13.3 73.0 1.0198 0.00 0.0M
447600.000 1970 COM2 65 0R0 037 0.8 13.3 73.1 1.0198 0.00 0.0M
447660.000 1970 COM2 65 0R0 359 0.4 13.3 73.2 1.0198 0.00 0.0M
447720.000 1970 COM2 65 0R0 048 2.6 13.3 73.3 1.0198 0.00 0.0M
447780.000 1970 COM2 65 0R0 036 3.2 13.2 73.3 1.0198 0.00 0.0M
447840.000 1970 COM2 65 0R0 038 3.0 13.2 73.4 1.0198 0.00 0.0M
447900.000 1970 COM2 65 0R0 012 2.9 13.3 73.4 1.0198 0.00 0.0M
447960.000 1970 COM2 65 0R0 059 3.0 13.3 73.4 1.0198 0.00 0.0M
448020.000 1970 COM2 65 0R0 034 1.4 13.3 73.4 1.0198 0.00 0.0M
448080.000 1970 COM2 65 0R0 053 1.9 13.3 73.5 1.0198 0.00 0.0M
448140.000 1970 COM2 65 0R0 016 1.8 13.2 73.6 1.0198 0.00 0.0M
448200.000 1970 COM2 65 0R0 029 1.8 13.2 73.6 1.0198 0.00 0.0M
448260.000 1970 COM2 65 0R0 075 1.4 13.2 73.8 1.0198 0.00 0.0M
448320.000 1970 COM2 65 0R0 036 1.2 13.2 73.9 1.0198 0.00 0.0M
448380.000 1970 COM2 65 0R0 029 1.8 13.2 73.9 1.0198 0.00 0.0M
448440.000 1970 COM2 65 0R0 018 1.3 13.2 74.0 1.0198 0.00 0.0M
448500.100 1970 COM2 65 0R0 029 2.5 13.2 74.0 1.0198 0.00 0.0M
448560.100 1970 COM2 65 0R0 020 1.3 13.2 74.0 1.0198 0.00 0.0M
448620.000 1970 COM2 65 0R0 340 0.8 13.2 74.1 1.0198 0.00 0.0M
448680.000 1970 COM2 65 0R0 009 2.2 13.2 74.1 1.0198 0.00 0.0M
448740.000 1970 COM2 65 0R0 035 3.7 13.2 74.0 1.0198 0.00 0.0M
448800.000 1970 COM2 65 0R0 035 2.9 13.2 74.1 1.0198 0.00 0.0M
448860.100 1970 COM2 65 0R0 035 1.7 13.2 74.2 1.0198 0.00 0.0M
448920.000 1970 COM2 65 0R0 027 2.1 13.2 74.2 1.0198 0.00 0.0M
448980.000 1970 COM2 65 0R0 040 0.7 13.2 74.2 1.0198 0.00 0.0M
449040.000 1970 COM2 65 0R0 037 2.4 13.2 74.3 1.0198 0.00 0.0M
449100.100 1970 COM2 65 0R0 039 3.6 13.1 74.2 1.0198 0.00 0.0M
449160.000 1970 COM2 65 0R0 285 0.4 13.2 74.4 1.0198 0.00 0.0M
449220.000 1970 COM2 65 0R0 021 2.6 13.1 74.4 1.0198 0.00 0.0M
449280.100 1970 COM2 65 0R0 037 3.5 13.1 74.4 1.0198 0.00 0.0M
449340.000 1970 COM2 65 0R0 030 4.1 13.1 74.3 1.0198 0.00 0.0M
449400.000 1970 COM2 65 0R0 335 0.9 13.2 74.3 1.0198 0.00 0.0M
449460.100 1970 COM2 65 0R0 036 2.5 13.1 74.3 1.0198 0.00 0.0M
449520.000 1970 COM2 65 0R0 036 4.8 13.1 74.2 1.0198 0.00 0.0M
449580.000 1970 COM2 65 0R0 033 2.1 13.2 74.2 1.0198 0.00 0.0M
449640.000 1970 COM2 65 0R0 327 0.9 13.2 74.2 1.0198 0.00 0.0M
449700.000 1970 COM2 65 0R0 028 3.0 13.2 74.3 1.0198 0.00 0.0M
449760.000 1970 COM2 65 0R0 060 1.6 13.2 74.5 1.0198 0.00 0.0M
449820.000 1970 COM2 65 0R0 029 2.6 13.1 74.4 1.0198 0.00 0.0M
449880.000 1970 COM2 65 0R0 046 3.3 13.1 74.2 1.0198 0.00 0.0M
449940.000 1970 COM2 65 0R0 050 2.9 13.1 74.3 1.0198 0.00 0.0M
450000.000 1970 COM2 65 0R0 057 2.8 13.1 74.3 1.0198 0.00 0.0M
450060.000 1970 COM2 65 0R0 024 4.3 13.1 74.1 1.0198 0.00 0.0M
450120.000 1970 COM2 65 0R0 074 3.4 13.1 74.3 1.0199 0.00 0.0M
450180.000 1970 COM2 65 0R0 049 2.6 13.1 74.1 1.0199 0.00 0.0M
450240.000 1970 COM2 65 0R0 046 1.9 13.2 74.2 1.0199 0.00 0.0M
450300.000 1970 COM2 65 0R0 085 2.7 13.2 74.0 1.0199 0.00 0.0M
450360.000 1970 COM2 65 0R0 045 2.7 13.1 73.9 1.0199 0.00 0.0M
450420.100 1970 COM2 65 0R0 033 3.4 13.2 73.9 1.0199 0.00 0.0M
450480.000 1970 COM2 65 0R0 059 1.8 13.2 73.9 1.0199 0.00 0.0M
450540.000 1970 COM2 65 0R0 062 3.3 13.2 73.6 1.0199 0.00 0.0M
450600.000 1970 COM2 65 0R0 004 0.7 13.2 73.5 1.0199 0.00 0.0M
450660.000 1970 COM2 65 0R0 052 2.4 13.2 73.6 1.0200 0.00 0.0M
450720.000 1970 COM2 65 0R0 069 3.3 13.2 73.3 1.0200 0.00 0.0M
450780.000 1970 COM2 65 0R0 049 3.5 13.2 73.2 1.0200 0.00 0.0M
450840.000 1970 COM2 65 0R0 043 3.5 13.2 73.4 1.0200 0.00 0.0M
450900.000 1970 COM2 65 0R0 050 3.4 13.2 73.2 1.0200 0.00 0.0M
450960.000 1970 COM2 65 0R0 029 2.0 13.2 73.2 1.0200 0.00 0.0M
451020.000 1970 COM2 65 0R0 047 3.1 13.2 73.2 1.0200 0.00 0.0M
451080.000 1970 COM2 65 0R0 070 2.0 13.2 73.4 1.0200 0.00 0.0M
451140.000 1970 COM2 65 0R0 027 2.7 13.2 73.5 1.0200 0.00 0.0M
451200.000 1970 COM2 65 0R0 029 4.0 13.2 73.3 1.0201 0.00 0.0M
451260.000 1970 COM2 65 0R0 007 2.2 13.2 73.4 1.0201 0.00 0.0M
451320.000 1970 COM2 65 0R0 054 2.7 13.2 73.4 1.0201 0.00 0.0M
451380.000 1970 COM2 65 0R0 026 3.2 13.2 73.2 1.0201 0.00 0.0M
451440.000 1970 COM2 65 0R0 028 4.4 13.2 73.2 1.0201 0.00 0.0M
451500.000 1970 COM2 65 0R0 020 3.4 13.2 73.2 1.0201 0.00 0.0M
451560.000 1970 COM2 65 0R0 027 2.7 13.2 73.2 1.0201 0.00 0.0M
451620.000 1970 COM2 65 0R0 040 1.5 13.2 73.3 1.0201 0.00 0.0M
451680.000 1970 COM2 65 0R0 058 3.7 13.2 73.1 1.0201 0.00 0.0M
451740.000 1970 COM2 65 0R0 010 4.1 13.2 73.2 1.0201 0.00 0.0M
451800.000 1970 COM2 65 0R0 350 1.7 13.1 73.0 1.0201 0.00 0.0M
451860.000 1970 COM2 65 0R0 014 1.4 13.1 73.0 1.0201 0.00 0.0M
451920.000 1970 COM2 65 0R0 018 3.3 13.1 73.0 1.0201 0.00 0.0M
451980.000 1970 COM2 65 0R0 033 0.5 13.1 73.1 1.0201 0.00 0.0M
452040.000 1970 COM2 65 0R0 067 0.8 13.1 73.0 1.0201 0.00 0.0M
452100.000 1970 COM2 65 0R0 028 2.9 13.1 72.9 1.0201 0.00 0.0M
452160.000 1970 COM2 65 0R0 061 2.0 13.1 73.1 1.0201 0.00 0.0M
452220.000 1970 COM2 65 0R0 042 1.6 13.1 73.2 1.0201 0.00 0.0M
452280.000 1970 COM2 65 0R0 025 1.5 13.1 73.1 1.0201 0.00 0.0M
452340.000 1970 COM2 65 0R0 012 1.3 13.1 73.4 1.0201 0.00 0.0M
452400.000 1970 COM2 65 0R0 041 2.1 13.0 73.4 1.0201 0.00 0.0M
452460.000 1970 COM2 65 0R0 031 4.0 13.0 72.9 1.0201 0.00 0.0M
452520.000 1970 COM2 65 0R0 034 3.1 13.0 72.9 1.0201 0.00 0.0M
452580.000 1970 COM2 65 0R0 031 2.5 13.0 72.8 1.0201 0.00 0.0M
452640.000 1970 COM2 65 0R0 012 1.7 13.0 73.1 1.0201 0.00 0.0M
452700.000 1970 COM2 65 0R0 033 0.9 13.0 73.1 1.0201 0.00 0.0M
452760.000 1970 COM2 65 0R0 028 2.4 13.0 73.0 1.0201 0.00 0.0M
452820.000 1970 COM2 65 0R0 030 4.8 13.0 72.8 1.0202 0.00 0.0M
452880.000 1970 COM2 65 0R0 027 3.2 13.0 72.7 1.0201 0.00 0.0M
452940.100 1970 COM2 65 0R0 002 1.3 13.0 73.0 1.0201 0.00 0.0M
453000.000 1970 COM2 65 0R0 025 3.7 13.0 72.7 1.0201 0.00 0.0M
453060.000 1970 COM2 65 0R0 024 2.2 13.0 72.6 1.0202 0.00 0.0M
453120.000 1970 COM2 65 0R0 030 3.5 13.0 72.5 1.0202 0.00 0.0M
453180.000 1970 COM2 65 0R0 337 1.4 13.0 72.6 1.0202 0.00 0.0M
453240.000 1970 COM2 65 0R0 033 2.8 13.0 72.6 1.0202 0.00 0.0M
453300.000 1970 COM2 65 0R0 019 3.1 13.0 72.7 1.0202 0.00 0.0M
453360.000 1970 COM2 65 0R0 022 2.1 13.0 72.8 1.0202 0.00 0.0M
453420.000 1970 COM2 65 0R0 333 1.7 13.0 72.7 1.0202 0.00 0.0M
453480.000 1970 COM2 65 0R0 054 2.9 13.0 72.6 1.0202 0.00 0.0M
453540.000 1970 COM2 65 0R0 350 2.3 12.9 72.8 1.0202 0.00 0.0M
453600.000 1970 COM2 65 0R0 055 1.2 13.0 72.8 1.0201 0.00 0.0M
453660.000 1970 COM2 65 0R0 040 2.8 12.9 72.7 1.0201 0.00 0.0M
453720.000 1970 COM2 65 0R0 033 2.7 12.9 73.1 1.0202 0.00 0.0M
453780.000 1970 COM2 65 0R0 030 2.3 12.9 73.1 1.0202 0.00 0.0M
453840.000 1970 COM2 65 0R0 034 2.2 12.9 73.2 1.0202 0.00 0.0M
453900.000 1970 COM2 65 0R0 059 1.2 12.9 73.3 1.0202 0.00 0.0M
453960.000 1970 COM2 65 0R0 035 3.4 12.9 73.3 1.0202 0.00 0.0M
454020.000 1970 COM2 65 0R0 040 2.8 12.9 73.3 1.0202 0.00 0.0M
454080.000 1970 COM2 65 0R0 035 2.6 12.8 73.5 1.0202 0.00 0.0M
454140.000 1970 COM2 65 0R0 034 2.4 12.8 73.6 1.0202 0.00 0.0M
454200.000 1970 COM2 65 0R0 049 2.1 12.8 73.7 1.0202 0.00 0.0M
454260.000 1970 COM2 65 0R0 022 3.0 12.8 73.9 1.0202 0.00 0.0M
454320.000 1970 COM2 65 0R0 033 0.8 12.7 74.2 1.0202 0.00 0.0M
454380.000 1970 COM2 65 0R0 004 1.6 12.7 74.1 1.0202 0.00 0.0M
454440.000 1970 COM2 65 0R0 033 2.7 12.7 74.0 1.0202 0.00 0.0M
454500.000 1970 COM2 65 0R0 021 1.5 12.7 74.2 1.0202 0.00 0.0M
454560.000 1970 COM2 65 0R0 024 3.5 12.7 73.7 1.0202 0.00 0.0M
454620.100 1970 COM2 65 0R0 045 3.0 12.6 74.0 1.0202 0.00 0.0M
454680.000 1970 COM2 65 0R0 052 0.8 12.6 73.9 1.0202 0.00 0.0M
454740.000 1970 COM2 65 0R0 023 1.3 12.6 73.9 1.0202 0.00 0.0M
454800.000 1970 COM2 65 0R0 027 2.7 12.6 73.9 1.0202 0.00 0.0M
454860.000 1970 COM2 65 0R0 063 2.2 12.6 73.9 1.0202 0.00 0.0M
454920.000 1970 COM2 65 0R0 017 2.9 12.6 73.9 1.0202 0.00 0.0M
454980.000 1970 COM2 65 0R0 022 4.1 12.6 73.7 1.0202 0.00 0.0M
455040.000 1970 COM2 65 0R0 034 1.7 12.5 73.9 1.0202 0.00 0.0M
455100.000 1970 COM2 65 0R0 031 2.0 12.5 74.0 1.0202 0.00 0.0M
455160.000 1970 COM2 65 0R0 025 3.0 12.5 73.6 1.0202 0.00 0.0M
455220.000 1970 COM2 65 0R0 003 1.2 12.5 74.3 1.0202 0.00 0.0M
455280.000 1970 COM2 65 0R0 041 0.9 12.5 73.8 1.0202 0.00 0.0M
455340.000 1970 COM2 65 0R0 320 0.8 12.5 73.9 1.0202 0.00 0.0M
455400.000 1970 COM2 65 0R0 089 0.6 12.4 73.9 1.0202 0.00 0.0M
455460.000 1970 COM2 65 0R0 025 3.5 12.4 73.6 1.0202 0.00 0.0M
455520.000 1970 COM2 65 0R0 055 1.9 12.4 73.3 1.0201 0.00 0.0M
455580.000 1970 COM2 65 0R0 054 2.9 12.4 72.9 1.0201 0.00 0.0M
455640.000 1970 COM2 65 0R0 021 1.8 12.4 73.1 1.0201 0.00 0.0M
455700.000 1970 COM2 65 0R0 035 3.4 12.4 73.0 1.0201 0.00 0.0M
455760.000 1970 COM2 65 0R0 026 4.6 12.4 73.0 1.0201 0.00 0.0M
455820.000 1970 COM2 65 0R0 027 3.1 12.4 72.9 1.0201 0.00 0.0M
455880.000 1970 COM2 65 0R0 025 3.1 12.4 72.9 1.0201 0.00 0.0M
455940.000 1970 COM2 65 0R0 005 3.3 12.3 72.9 1.0201 0.00 0.0M
456000.000 1970 COM2 65 0R0 039 1.3 12.3 73.0 1.0202 0.00 0.0M
456060.000 1970 COM2 65 0R0 012 2.2 12.3 72.7 1.0201 0.00 0.0M
456120.000 1970 COM2 65 0R0 034 2.9 12.3 72.6 1.0201 0.00 0.0M
456180.000 1970 COM2 65 0R0 009 1.9 12.3 72.7 1.0201 0.00 0.0M
456240.000 1970 COM2 65 0R0 011 2.0 12.3 72.8 1.0201 0.00 0.0M
456300.000 1970 COM2 65 0R0 023 2.9 12.3 72.9 1.0201 0.00 0.0M
456360.000 1970 COM2 65 0R0 028 3.3 12.3 72.8 1.0201 0.00 0.0M
456420.000 1970 COM2 65 0R0 011 2.5 12.3 72.9 1.0201 0.00 0.0M
456480.000 1970 COM2 65 0R0 043 2.4 12.3 72.7 1.0201 0.00 0.0M
456540.000 1970 COM2 65 0R0 358 2.3 12.3 72.7 1.0201 0.00 0.0M
456600.000 1970 COM2 65 0R0 053 3.1 12.3 72.4 1.0201 0.00 0.0M
456660.000 1970 COM2 65 0R0 080 1.5 12.3 72.6 1.0201 0.00 0.0M
456720.000 1970 COM2 65 0R0 045 3.1 12.3 72.3 1.0201 0.00 0.0M
456780.000 1970 COM2 65 0R0 037 1.5 12.3 72.5 1.0201 0.00 0.0M
456840.000 1970 COM2 65 0R0 020 2.8 12.3 72.5 1.0201 0.00 0.0M
456900.000 1970 COM2 65 0R0 021 2.4 12.2 72.2 1.0201 0.00 0.0M
456960.000 1970 COM2 65 0R0 036 2.2 12.3 72.7 1.0201 0.00 0.0M
457020.000 1970 COM2 65 0R0 010 1.2 12.3 72.7 1.0201 0.00 0.0M
457080.000 1970 COM2 65 0R0 026 2.1 12.3 72.4 1.0201 0.00 0.0M
457140.000 1970 COM2 65 0R0 016 3.7 12.2 72.5 1.0201 0.00 0.0M
457200.000 1970 COM2 65 0R0 059 3.2 12.2 72.3 1.0200 0.00 0.0M
457260.000 1970 COM2 65 0R0 345 2.0 12.2 72.4 1.0200 0.00 0.0M
457320.000 1970 COM2 65 0R0 030 4.9 12.2 72.4 1.0200 0.00 0.0M
457380.000 1970 COM2 65 0R0 027 2.9 12.2 72.4 1.0200 0.00 0.0M
457440.000 1970 COM2 65 0R0 003 2.4 12.2 72.6 1.0200 0.00 0.0M
457500.000 1970 COM2 65 0R0 037 3.7 12.2 72.6 1.0200 0.00 0.0M
457560.000 1970 COM2 65 0R0 024 5.2 12.2 72.6 1.0200 0.00 0.0M
457620.000 1970 COM2 65 0R0 035 4.1 12.2 72.6 1.0200 0.00 0.0M
457680.000 1970 COM2 65 0R0 047 1.3 12.2 72.7 1.0200 0.00 0.0M
457740.000 1970 COM2 65 0R0 042 3.0 12.2 72.7 1.0200 0.00 0.0M
457800.000 1970 COM2 65 0R0 020 2.7 12.2 72.7 1.0200 0.00 0.0M
457860.000 1970 COM2 65 0R0 028 2.3 12.2 72.8 1.0200 0.00 0.0M
457920.100 1970 COM2 65 0R0 043 2.4 12.2 72.8 1.0200 0.00 0.0M
457980.000 1970 COM2 65 0R0 038 3.3 12.2 72.8 1.0200 0.00 0.0M
458040.000 1970 COM2 65 0R0 031 4.2 12.2 72.8 1.0200 0.00 0.0M
458100.000 1970 COM2 65 0R0 040 4.5 12.2 72.8 1.0200 0.00 0.0M
458160.000 1970 COM2 65 0R0 053 3.3 12.2 73.0 1.0200 0.00 0.0M
458220.000 1970 COM2 65 0R0 004 1.3 12.2 73.0 1.0200 0.00 0.0M
458280.000 1970 COM2 65 0R0 010 4.0 12.2 73.1 1.0200 0.00 0.0M
458340.000 1970 COM2 65 0R0 026 3.4 12.2 73.1 1.0200 0.00 0.0M
458400.000 1970 COM2 65 0R0 018 3.4 12.2 73.2 1.0200 0.00 0.0M
458460.000 1970 COM2 65 0R0 037 3.8 12.2 73.2 1.0200 0.00 0.0M
458520.000 1970 COM2 65 0R0 009 0.9 12.2 73.3 1.0200 0.00 0.0M
458580.000 1970 COM2 65 0R0 064 1.8 12.2 73.3 1.0200 0.00 0.0M
458640.000 1970 COM2 65 0R0 039 3.3 12.2 73.3 1.0200 0.00 0.0M
458700.000 1970 COM2 65 0R0 021 2.3 12.2 73.2 1.0200 0.00 0.0M
458760.000 1970 COM2 65 0R0 025 4.2 12.2 73.2 1.0200 0.00 0.0M
458820.000 1970 COM2 65 0R0 075 1.4 12.2 73.3 1.0200 0.00 0.0M
458880.000 1970 COM2 65 0R0 028 1.1 12.2 73.4 1.0200 0.00 0.0M
458940.000 1970 COM2 65 0R0 082 0.9 12.2 73.5 1.0200 0.00 0.0M
459000.000 1970 COM2 65 0R0 042 2.0 12.1 73.3 1.0200 0.00 0.0M
459060.000 1970 COM2 65 0R0 039 0.4 12.1 73.5 1.0200 0.00 0.0M
459120.000 1970 COM2 65 0R0 022 4.6 12.1 73.4 1.0200 0.00 0.0M
459180.000 1970 COM2 65 0R0 038 2.2 12.1 73.4 1.0200 0.00 0.0M
459240.000 1970 COM2 65 0R0 011 1.6 12.1 73.4 1.0200 0.00 0.0M
459300.000 1970 COM2 65 0R0 039 1.7 12.1 73.5 1.0200 0.00 0.0M
459360.000 1970 COM2 65 0R0 019 1.3 12.1 73.6 1.0200 0.00 0.0M
459420.000 1970 COM2 65 0R0 013 1.7 12.1 73.7 1.0200 0.00 0.0M
459480.000 1970 COM2 65 0R0 004 2.7 12.1 73.6 1.0200 0.00 0.0M
459540.000 1970 COM2 65 0R0 015 0.9 12.1 73.7 1.0201 0.00 0.0M
459600.000 1970 COM2 65 0R0 045 1.8 12.1 73.8 1.0201 0.00 0.0M
459660.000 1970 COM2 65 0R0 020 1.5 12.1 73.9 1.0201 0.00 0.0M
459720.000 1970 COM2 65 0R0 012 1.4 12.1 74.1 1.0201 0.00 0.0M
459780.000 1970 COM2 65 0R0 001 1.8 12.1 73.9 1.0201 0.00 0.0M
459840.000 1970 COM2 65 0R0 019 3.0 12.1 73.7 1.0201 0.00 0.0M
459900.000 1970 COM2 65 0R0 041 3.3 12.1 73.6 1.0201 0.00 0.0M
459960.000 1970 COM2 65 0R0 060 2.0 12.1 73.7 1.0201 0.00 0.0M
460020.000 1970 COM2 65 0R0 061 1.6 12.1 73.7 1.0202 0.00 0.0M
460080.000 1970 COM2 65 0R0 022 3.0 12.1 73.8 1.0202 0.00 0.0M
460140.000 1970 COM2 65 0R0 030 2.8 12.1 73.6 1.0202 0.00 0.0M
460200.000 1970 COM2 65 0R0 028 2.0 12.1 73.9 1.0201 0.00 0.0M
460260.000 1970 COM2 65 0R0 012 0.9 12.0 74.0 1.0201 0.00 0.0M
460320.000 1970 COM2 65 0R0 037 2.6 12.0 74.1 1.0201 0.00 0.0M
460380.000 1970 COM2 65 0R0 026 2.4 12.0 74.1 1.0201 0.00 0.0M
460440.000 1970 COM2 65 0R0 038 1.4 12.1 74.2 1.0201 0.00 0.0M
460500.000 1970 COM2 65 0R0 028 1.8 12.1 74.2 1.0200 0.00 0.0M
460560.000 1970 COM2 65 0R0 062 0.6 12.0 74.2 1.0200 0.00 0.0M
460620.000 1970 COM2 65 0R0 041 3.0 12.0 74.4 1.0200 0.00 0.0M
460680.000 1970 COM2 65 0R0 027 3.2 12.0 74.4 1.0200 0.00 0.0M
460740.000 1970 COM2 65 0R0 035 4.1 12.0 74.1 1.0200 0.00 0.0M
460800.000 1970 COM2 65 0R0 008 2.2 12.0 74.3 1.0200 0.00 0.0M
460860.000 1970 COM2 65 0R0 023 4.7 12.0 74.3 1.0201 0.00 0.0M
460920.000 1970 COM2 65 0R0 081 1.1 12.0 74.4 1.0201 0.00 0.0M
460980.000 1970 COM2 65 0R0 026 1.1 12.0 74.5 1.0201 0.00 0.0M
461040.000 1970 COM2 65 0R0 047 1.8 12.0 74.4 1.0201 0.00 0.0M
461100.000 1970 COM2 65 0R0 016 2.2 12.0 74.7 1.0201 0.00 0.0M
461160.000 1970 COM2 65 0R0 023 1.9 12.0 74.6 1.0202 0.00 0.0M
461220.000 1970 COM2 65 0R0 082 1.4 12.0 74.6 1.0202 0.00 0.0M
461280.000 1970 COM2 65 0R0 043 2.9 12.0 74.6 1.0202 0.00 0.0M
461340.000 1970 COM2 65 0R0 012 1.9 12.0 74.6 1.0202 0.00 0.0M
461400.000 1970 COM2 65 0R0 044 2.9 12.0 74.6 1.0202 0.00 0.0M
461460.000 1970 COM2 65 0R0 024 1.3 12.0 74.3 1.0202 0.00 0.0M
461520.000 1970 COM2 65 0R0 016 2.1 12.0 74.4 1.0202 0.00 0.0M
461580.000 1970 COM2 65 0R0 032 3.0 12.0 74.5 1.0202 0.00 0.0M
461640.000 1970 COM2 65 0R0 022 3.3 12.0 74.6 1.0202 0.00 0.0M
461700.000 1970 COM2 65 0R0 010 2.2 12.0 74.7 1.0202 0.00 0.0M
461760.000 1970 COM2 65 0R0 008 2.4 12.0 74.7 1.0202 0.00 0.0M
461820.000 1970 COM2 65 0R0 028 3.0 12.0 74.6 1.0201 0.00 0.0M
461880.000 1970 COM2 65 0R0 322 0.7 12.0 74.8 1.0201 0.00 0.0M
461940.000 1970 COM2 65 0R0 016 2.0 12.0 74.8 1.0201 0.00 0.0M
462000.000 1970 COM2 65 0R0 352 1.5 11.9 75.1 1.0201 0.00 0.0M
462060.000 1970 COM2 65 0R0 019 2.0 11.9 75.1 1.0201 0.00 0.0M
462120.000 1970 COM2 65 0R0 008 2.6 11.9 74.9 1.0201 0.00 0.0M
462180.000 1970 COM2 65 0R0 014 2.8 11.9 75.0 1.0201 0.00 0.0M
462240.000 1970 COM2 65 0R0 041 2.4 11.9 75.0 1.0202 0.00 0.0M
462300.000 1970 COM2 65 0R0 037 0.8 11.9 75.2 1.0202 0.00 0.0M
462360.000 1970 COM2 65 0R0 030 2.0 11.9 75.1 1.0202 0.00 0.0M
462420.000 1970 COM2 65 0R0 022 2.3 11.9 75.2 1.0202 0.00 0.0M
462480.000 1970 COM2 65 0R0 032 1.3 11.9 75.3 1.0202 0.00 0.0M
462540.000 1970 COM2 65 0R0 057 2.3 11.9 75.2 1.0202 0.00 0.0M
462600.000 1970 COM2 65 0R0 029 4.6 11.9 75.1 1.0202 0.00 0.0M
462660.000 1970 COM2 65 0R0 036 3.4 11.9 75.2 1.0202 0.00 0.0M
462720.000 1970 COM2 65 0R0 049 2.5 11.9 75.1 1.0202 0.00 0.0M
462780.000 1970 COM2 65 0R0 057 0.6 11.9 75.3 1.0202 0.00 0.0M
462840.000 1970 COM2 65 0R0 030 2.4 11.9 75.3 1.0202 0.00 0.0M
462900.000 1970 COM2 65 0R0 041 2.1 11.9 75.3 1.0202 0.00 0.0M
462960.000 1970 COM2 65 0R0 044 2.5 11.9 75.4 1.0202 0.00 0.0M
463020.000 1970 COM2 65 0R0 036 2.3 11.9 75.4 1.0201 0.00 0.0M
463080.000 1970 COM2 65 0R0 069 1.5 12.0 75.4 1.0201 0.00 0.0M
463140.000 1970 COM2 65 0R0 038 2.6 12.0 75.4 1.0201 0.00 0.0M
463200.000 1970 COM2 65 0R0 007 0.8 11.9 75.6 1.0201 0.00 0.0M
463260.000 1970 COM2 65 0R0 010 2.7 11.9 75.4 1.0202 0.00 0.0M
463320.000 1970 COM2 65 0R0 050 2.6 12.0 75.3 1.0202 0.00 0.0M
463380.000 1970 COM2 65 0R0 020 1.4 12.0 75.4 1.0202 0.00 0.0M
463440.000 1970 COM2 65 0R0 036 1.9 12.0 75.4 1.0202 0.00 0.0M
463500.000 1970 COM2 65 0R0 056 1.7 12.0 75.4 1.0202 0.00 0.0M
463560.000 1970 COM2 65 0R0 031 2.0 12.0 75.5 1.0202 0.00 0.0M
463620.000 1970 COM2 65 0R0 013 1.9 11.9 75.6 1.0202 0.00 0.0M
463680.000 1970 COM2 65 0R0 027 2.1 11.9 75.6 1.0202 0.00 0.0M
463740.000 1970 COM2 65 0R0 058 0.7 11.9 75.5 1.0202 0.00 0.0M
463800.000 1970 COM2 65 0R0 007 2.3 11.9 75.6 1.0202 0.00 0.0M
463860.000 1970 COM2 65 0R0 025 1.1 11.9 75.6 1.0202 0.00 0.0M
463920.000 1970 COM2 65 0R0 028 1.6 12.0 75.7 1.0202 0.00 0.0M
463980.000 1970 COM2 65 0R0 033 1.1 12.0 75.7 1.0202 0.00 0.0M
464040.000 1970 COM2 65 0R0 032 2.9 12.0 75.6 1.0202 0.00 0.0M
464100.000 1970 COM2 65 0R0 357 2.3 12.0 75.6 1.0202 0.00 0.0M
464160.000 1970 COM2 65 0R0 011 1.6 12.0 75.4 1.0202 0.00 0.0M
464220.000 1970 COM2 65 0R0 030 2.4 12.0 75.5 1.0202 0.00 0.0M
464280.000 1970 COM2 65 0R0 037 2.7 12.0 75.2 1.0202 0.00 0.0M
464340.000 1970 COM2 65 0R0 025 3.4 12.0 75.4 1.0202 0.00 0.0M
464400.000 1970 COM2 65 0R0 020 2.9 12.1 75.2 1.0202 0.00 0.0M
464460.000 1970 COM2 65 0R0 051 2.7 12.1 75.2 1.0202 0.00 0.0M
464520.100 1970 COM2 65 0R0 013 2.5 12.1 75.0 1.0202 0.00 0.0M
464580.000 1970 COM2 65 0R0 013 1.6 12.1 75.1 1.0202 0.00 0.0M
464640.000 1970 COM2 65 0R0 027 1.9 12.1 74.9 1.0202 0.00 0.0M
464700.000 1970 COM2 65 0R0 044 2.4 12.1 74.9 1.0202 0.00 0.0M
464760.100 1970 COM2 65 0R0 035 2.3 12.1 75.0 1.0202 0.00 0.0M
464820.000 1970 COM2 65 0R0 352 1.0 12.1 75.1 1.0202 0.00 0.0M
464880.000 1970 COM2 65 0R0 359 2.8 12.1 74.9 1.0202 0.00 0.0M
464940.000 1970 COM2 65 0R0 025 1.4 12.0 75.0 1.0202 0.00 0.0M
465000.100 1970 COM2 65 0R0 349 0.9 12.0 75.4 1.0203 0.00 0.0M
465060.000 1970 COM2 65 0R0 058 0.7 12.0 75.6 1.0203 0.00 0.0M
465120.000 1970 COM2 65 0R0 022 2.9 11.9 75.3 1.0203 0.00 0.0M
465180.000 1970 COM2 65 0R0 040 1.0 11.9 75.6 1.0203 0.00 0.0M
465240.000 1970 COM2 65 0R0 027 2.1 11.8 75.5 1.0203 0.00 0.0M
465300.000 1970 COM2 65 0R0 356 1.7 11.8 75.9 1.0203 0.00 0.0M
465360.100 1970 COM2 65 0R0 058 1.2 11.7 76.0 1.0203 0.00 0.0M
465420.000 1970 COM2 65 0R0 035 2.4 11.7 76.0 1.0203 0.00 0.0M
465480.000 1970 COM2 65 0R0 042 2.6 11.7 76.0 1.0203 0.00 0.0M
465540.000 1970 COM2 65 0R0 050 1.3 11.7 75.9 1.0203 0.00 0.0M
465600.100 1970 COM2 65 0R0 034 1.3 11.6 75.9 1.0203 0.00 0.0M
465660.000 1970 COM2 65 0R0 024 3.3 11.6 76.2 1.0203 0.00 0.0M
465720.000 1970 COM2 65 0R0 000 1.8 11.6 76.3 1.0203 0.00 0.0M
465780.100 1970 COM2 65 0R0 358 2.0 11.5 76.2 1.0203 0.00 0.0M
465840.000 1970 COM2 65 0R0 004 0.7 11.5 76.5 1.0203 0.00 0.0M
465900.100 1970 COM2 65 0R0 022 1.8 11.5 76.6 1.0203 0.00 0.0M
465960.000 1970 COM2 65 0R0 333 2.9 11.5 76.2 1.0203 0.00 0.0M
466020.000 1970 COM2 65 0R0 347 2.2 11.5 76.0 1.0203 0.00 0.0M
466080.000 1970 COM2 65 0R0 018 3.4 11.5 76.1 1.0203 0.00 0.0M
466140.000 1970 COM2 65 0R0 019 3.0 11.5 76.1 1.0203 0.00 0.0M
466200.100 1970 COM2 65 0R0 027 3.6 11.5 76.0 1.0203 0.00 0.0M
466260.000 1970 COM2 65 0R0 005 2.4 11.5 76.1 1.0203 0.00 0.0M
466320.000 1970 COM2 65 0R0 026 3.9 11.5 76.1 1.0203 0.00 0.0M
466380.000 1970 COM2 65 0R0 069 1.6 11.5 76.1 1.0203 0.00 0.0M
466440.000 1970 COM2 65 0R0 011 2.8 11.5 75.9 1.0203 0.00 0.0M
466500.000 1970 COM2 65 0R0 024 2.3 11.5 76.2 1.0203 0.00 0.0M
466560.000 1970 COM2 65 0R0 039 1.1 11.5 76.0 1.0203 0.00 0.0M
466620.000 1970 COM2 65 0R0 353 1.5 11.5 76.0 1.0203 0.00 0.0M
466680.000 1970 COM2 65 0R0 015 1.6 11.5 76.0 1.0203 0.00 0.0M
466740.000 1970 COM2 65 0R0 040 1.9 11.5 76.0 1.0203 0.00 0.0M
466800.000 1970 COM2 65 0R0 006 1.7 11.5 75.9 1.0203 0.00 0.0M
466860.000 1970 COM2 65 0R0 047 1.1 11.5 75.9 1.0203 0.00 0.0M
466920.000 1970 COM2 65 0R0 032 1.5 11.5 76.0 1.0203 0.00 0.0M
466980.000 1970 COM2 65 0R0 350 2.3 11.4 76.0 1.0202 0.00 0.0M
467040.100 1970 COM2 65 0R0 012 1.7 11.4 76.2 1.0203 0.00 0.0M
467100.000 1970 COM2 65 0R0 032 2.3 11.4 76.1 1.0203 0.00 0.0M
467160.000 1970 COM2 65 0R0 040 1.1 11.4 76.3 1.0203 0.00 0.0M
467220.000 1970 COM2 65 0R0 034 0.9 11.3 76.4 1.0203 0.00 0.0M
467280.000 1970 COM2 65 0R0 028 1.4 11.3 76.1 1.0203 0.00 0.0M
467340.000 1970 COM2 65 0R0 023 3.8 11.3 76.1 1.0202 0.00 0.0M
467400.000 1970 COM2 65 0R0 003 2.3 11.3 76.1 1.0202 0.00 0.0M
467460.000 1970 COM2 65 0R0 063 1.6 11.3 76.2 1.0202 0.00 0.0M
467520.000 1970 COM2 65 0R0 339 0.9 11.3 76.0 1.0203 0.00 0.0M
467580.000 1970 COM2 65 0R0 333 2.5 11.3 75.8 1.0203 0.00 0.0M
467640.000 1970 COM2 65 0R0 013 1.8 11.3 76.1 1.0203 0.00 0.0M
467700.000 1970 COM2 65 0R0 040 2.0 11.2 75.8 1.0204 0.00 0.0M
467760.000 1970 COM2 65 0R0 047 2.1 11.2 75.8 1.0204 0.00 0.0M
467820.000 1970 COM2 65 0R0 018 2.1 11.2 76.0 1.0204 0.00 0.0M
467880.000 1970 COM2 65 0R0 027 2.6 11.2 76.1 1.0204 0.00 0.0M
467940.000 1970 COM2 65 0R0 015 2.6 11.2 75.9 1.0204 0.00 0.0M
468000.000 1970 COM2 65 0R0 013 2.0 11.2 75.9 1.0204 0.00 0.0M
468060.000 1970 COM2 65 0R0 024 2.2 11.2 75.8 1.0204 0.00 0.0M
468120.000 1970 COM2 65 0R0 357 2.4 11.2 75.7 1.0204 0.00 0.0M
468180.000 1970 COM2 65 0R0 001 2.5 11.2 75.7 1.0204 0.00 0.0M
468240.000 1970 COM2 65 0R0 028 2.7 11.2 75.8 1.0204 0.00 0.0M
468300.000 1970 COM2 65 0R0 006 2.8 11.2 75.7 1.0205 0.00 0.0M
468360.000 1970 COM2 65 0R0 039 1.8 11.2 75.8 1.0205 0.00 0.0M
468420.000 1970 COM2 65 0R0 056 1.6 11.2 76.1 1.0205 0.00 0.0M
468480.000 1970 COM2 65 0R0 019 2.4 11.2 75.6 1.0205 0.00 0.0M
468540.000 1970 COM2 65 0R0 025 3.6 11.2 75.6 1.0205 0.00 0.0M
468600.000 1970 COM2 65 0R0 026 3.2 11.2 75.4 1.0205 0.00 0.0M
468660.000 1970 COM2 65 0R0 019 4.6 11.1 75.4 1.0205 0.00 0.0M
468720.000 1970 COM2 65 0R0 015 2.4 11.1 75.7 1.0204 0.00 0.0M
468780.000 1970 COM2 65 0R0 345 1.0 11.1 75.7 1.0205 0.00 0.0M
468840.000 1970 COM2 65 0R0 034 2.1 11.1 75.9 1.0205 0.00 0.0M
468900.000 1970 COM2 65 0R0 036 2.3 11.1 75.9 1.0205 0.00 0.0M
468960.000 1970 COM2 65 0R0 029 1.4 11.1 76.0 1.0205 0.00 0.0M
469020.000 1970 COM2 65 0R0 020 2.5 11.1 75.8 1.0205 0.00 0.0M
469080.000 1970 COM2 65 0R0 032 2.1 11.1 75.7 1.0205 0.00 0.0M
469140.000 1970 COM2 65 0R0 036 2.2 11.1 75.8 1.0205 0.00 0.0M
469200.000 1970 COM2 65 0R0 019 2.3 11.1 76.0 1.0205 0.00 0.0M
469260.000 1970 COM2 65 0R0 029 3.2 11.1 75.7 1.0205 0.00 0.0M
469320.000 1970 COM2 65 0R0 062 2.6 11.0 75.7 1.0205 0.00 0.0M
469380.000 1970 COM2 65 0R0 009 1.9 11.0 76.0 1.0205 0.00 0.0M
469440.000 1970 COM2 65 0R0 037 2.8 11.0 75.7 1.0205 0.00 0.0M
469500.000 1970 COM2 65 0R0 018 1.3 11.1 76.0 1.0206 0.00 0.0M
469560.000 1970 COM2 65 0R0 036 2.8 11.1 75.9 1.0206 0.00 0.0M
469620.000 1970 COM2 65 0R0 029 1.6 11.1 75.7 1.0206 0.00 0.0M
469680.000 1970 COM2 65 0R0 337 2.0 11.1 75.9 1.0206 0.00 0.0M
469740.000 1970 COM2 65 0R0 011 2.8 11.1 75.5 1.0206 0.00 0.0M
469800.200 1970 COM2 65 0R0 008 1.6 11.1 75.5 1.0206 0.00 0.0M
469860.000 1970 COM2 65 0R0 021 2.0 11.1 75.7 1.0206 0.00 0.0M
469920.000 1970 COM2 65 0R0 005 0.9 11.1 75.9 1.0206 0.00 0.0M
469980.000 1970 COM2 65 0R0 047 0.8 11.1 75.8 1.0206 0.00 0.0M
470040.000 1970 COM2 65 0R0 022 3.6 11.1 75.7 1.0206 0.00 0.0M
470100.000 1970 COM2 65 0R0 288 0.6 11.0 76.1 1.0206 0.00 0.0M
470160.000 1970 COM2 65 0R0 009 1.0 11.1 76.2 1.0206 0.00 0.0M
470220.000 1970 COM2 65 0R0 046 2.0 11.1 75.9 1.0206 0.00 0.0M
470280.000 1970 COM2 65 0R0 055 2.6 11.1 75.8 1.0206 0.00 0.0M
470340.000 1970 COM2 65 0R0 026 2.3 11.1 76.1 1.0207 0.00 0.0M
470400.000 1970 COM2 65 0R0 337 1.6 11.1 76.0 1.0207 0.00 0.0M
470460.000 1970 COM2 65 0R0 087 0.7 11.0 75.9 1.0207 0.00 0.0M
470520.000 1970 COM2 65 0R0 012 1.5 11.0 76.0 1.0207 0.00 0.0M
470580.000 1970 COM2 65 0R0 035 2.4 11.0 76.0 1.0207 0.00 0.0M
470640.000 1970 COM2 65 0R0 016 2.4 11.0 76.1 1.0207 0.00 0.0M
470700.000 1970 COM2 65 0R0 027 1.4 11.0 76.0 1.0207 0.00 0.0M
470760.000 1970 COM2 65 0R0 028 2.8 11.0 76.0 1.0207 0.00 0.0M
470820.000 1970 COM2 65 0R0 014 3.2 11.0 76.0 1.0207 0.00 0.0M
470880.000 1970 COM2 65 0R0 034 2.7 11.0 76.1 1.0207 0.00 0.0M
470940.000 1970 COM2 65 0R0 033 1.3 10.9 76.3 1.0207 0.00 0.0M
471000.000 1970 COM2 65 0R0 001 2.7 11.0 76.1 1.0207 0.00 0.0M
471060.000 1970 COM2 65 0R0 031 1.6 11.0 76.1 1.0207 0.00 0.0M
471120.000 1970 COM2 65 0R0 040 1.9 11.0 76.3 1.0207 0.00 0.0M
471180.000 1970 COM2 65 0R0 030 2.9 11.0 76.1 1.0207 0.00 0.0M
471240.000 1970 COM2 65 0R0 006 2.2 10.9 76.4 1.0207 0.00 0.0M
471300.000 1970 COM2 65 0R0 001 0.5 10.9 76.4 1.0207 0.00 0.0M
471360.000 1970 COM2 65 0R0 359 2.4 11.0 76.4 1.0207 0.00 0.0M
471420.000 1970 COM2 65 0R0 012 1.7 11.0 76.3 1.0207 0.00 0.0M
471480.000 1970 COM2 65 0R0 034 2.7 11.0 76.2 1.0207 0.00 0.0M
471540.000 1970 COM2 65 0R0 335 0.9 11.0 76.2 1.0207 0.00 0.0M
471600.000 1970 COM2 65 0R0 024 2.5 10.9 76.3 1.0207 0.00 0.0M
471660.000 1970 COM2 65 0R0 005 1.8 11.0 76.5 1.0207 0.00 0.0M
471720.000 1970 COM2 65 0R0 038 1.2 11.0 76.4 1.0207 0.00 0.0M
471780.000 1970 COM2 65 0R0 039 2.3 10.9 76.4 1.0207 0.00 0.0M
471840.000 1970 COM2 65 0R0 063 1.2 10.9 76.6 1.0206 0.00 0.0M
471900.000 1970 COM2 65 0R0 061 1.2 10.9 76.7 1.0207 0.00 0.0M
471960.000 1970 COM2 65 0R0 120 0.6 11.0 76.6 1.0207 0.00 0.0M
472020.000 1970 COM2 65 0R0 026 2.0 11.0 76.2 1.0207 0.00 0.0M
472080.000 1970 COM2 65 0R0 358 2.9 11.0 76.2 1.0206 0.00 0.0M
472140.000 1970 COM2 65 0R0 022 2.7 11.0 76.0 1.0206 0.00 0.0M
472200.000 1970 COM2 65 0R0 312 0.7 10.9 76.6 1.0206 0.00 0.0M
472260.000 1970 COM2 65 0R0 015 2.0 10.9 76.5 1.0207 0.00 0.0M
472320.000 1970 COM2 65 0R0 019 1.3 10.9 76.5 1.0207 0.00 0.0M
472380.000 1970 COM2 65 0R0 028 1.6 10.9 76.4 1.0207 0.00 0.0M
472440.000 1970 COM2 65 0R0 009 1.8 10.9 76.6 1.0207 0.00 0.0M
472500.000 1970 COM2 65 0R0 006 1.2 10.9 76.7 1.0207 0.00 0.0M
472560.000 1970 COM2 65 0R0 024 3.6 10.9 76.2 1.0207 0.00 0.0M
472620.000 1970 COM2 65 0R0 341 1.6 10.9 76.4 1.0207 0.00 0.0M
472680.000 1970 COM2 65 0R0 022 3.7 10.9 76.4 1.0207 0.00 0.0M
472740.000 1970 COM2 65 0R0 039 2.5 10.9 76.3 1.0207 0.00 0.0M
472800.000 1970 COM2 65 0R0 029 1.8 10.9 76.5 1.0207 0.00 0.0M
472860.000 1970 COM2 65 0R0 081 1.0 10.9 76.8 1.0208 0.00 0.0M
472920.000 1970 COM2 65 0R0 043 0.8 10.9 76.6 1.0208 0.00 0.0M
472980.000 1970 COM2 65 0R0 020 2.0 10.9 76.4 1.0208 0.00 0.0M
473040.000 1970 COM2 65 0R0 329 0.4 10.9 76.5 1.0208 0.00 0.0M
473100.000 1970 COM2 65 0R0 088 0.7 10.9 76.8 1.0209 0.00 0.0M
473160.000 1970 COM2 65 0R0 029 1.9 10.9 76.5 1.0209 0.00 0.0M
473220.000 1970 COM2 65 0R0 015 1.3 10.9 76.7 1.0209 0.00 0.0M
473280.000 1970 COM2 65 0R0 017 1.6 10.9 76.5 1.0209 0.00 0.0M
473340.000 1970 COM2 65 0R0 023 3.3 10.8 76.4 1.0209 0.00 0.0M
473400.000 1970 COM2 65 0R0 010 3.2 10.8 76.7 1.0209 0.00 0.0M
473460.000 1970 COM2 65 0R0 341 1.4 10.8 76.8 1.0209 0.00 0.0M
473520.000 1970 COM2 65 0R0 026 1.0 10.8 77.0 1.0209 0.00 0.0M
473580.000 1970 COM2 65 0R0 354 2.7 10.9 77.0 1.0209 0.00 0.0M
473640.100 1970 COM2 65 0R0 323 3.3 10.9 76.4 1.0209 0.00 0.0M
473700.000 1970 COM2 65 0R0 031 2.8 10.9 76.4 1.0210 0.00 0.0M
473760.000 1970 COM2 65 0R0 012 1.8 10.9 76.6 1.0210 0.00 0.0M
473820.000 1970 COM2 65 0R0 019 3.5 10.9 76.5 1.0210 0.00 0.0M
473880.000 1970 COM2 65 0R0 033 2.6 10.9 76.4 1.0210 0.00 0.0M
473940.000 1970 COM2 65 0R0 007 1.5 10.9 76.5 1.0210 0.00 0.0M
474000.000 1970 COM2 65 0R0 032 0.5 10.9 76.8 1.0210 0.00 0.0M
474060.000 1970 COM2 65 0R0 307 0.4 10.9 77.2 1.0210 0.00 0.0M
474120.000 1970 COM2 65 0R0 335 2.1 11.0 76.2 1.0210 0.00 0.0M
474180.000 1970 COM2 65 0R0 116 0.9 11.0 76.4 1.0211 0.00 0.0M
474240.000 1970 COM2 65 0R0 338 1.0 11.0 76.4 1.0211 0.00 0.0M
474300.000 1970 COM2 65 0R0 014 3.5 11.0 76.2 1.0211 0.00 0.0M
474360.000 1970 COM2 65 0R0 035 2.6 11.0 76.1 1.0211 0.00 0.0M
474420.000 1970 COM2 65 0R0 344 1.4 10.9 76.6 1.0211 0.00 0.0M
474480.000 1970 COM2 65 0R0 010 1.4 10.9 76.3 1.0211 0.00 0.0M
474540.000 1970 COM2 65 0R0 032 1.8 10.9 76.3 1.0211 0.00 0.0M
474600.000 1970 COM2 65 0R0 330 1.9 10.9 76.5 1.0211 0.00 0.0M
474660.000 1970 COM2 65 0R0 013 2.0 10.9 76.3 1.0211 0.00 0.0M
474720.000 1970 COM2 65 0R0 352 2.6 10.9 76.0 1.0211 0.00 0.0M
474780.000 1970 COM2 65 0R0 033 2.4 10.9 76.1 1.0211 0.00 0.0M
474840.000 1970 COM2 65 0R0 027 0.9 10.9 76.3 1.0211 0.00 0.0M
474900.000 1970 COM2 65 0R0 018 0.8 10.9 76.7 1.0212 0.00 0.0M
474960.000 1970 COM2 65 0R0 340 0.5 10.9 76.6 1.0212 0.00 0.0M
475020.000 1970 COM2 65 0R0 043 2.3 11.0 76.1 1.0212 0.00 0.0M
475080.000 1970 COM2 65 0R0 334 1.3 11.0 76.0 1.0212 0.00 0.0M
475140.000 1970 COM2 65 0R0 350 2.4 11.0 76.2 1.0212 0.00 0.0M
475200.000 1970 COM2 65 0R0 352 1.1 11.0 76.3 1.0213 0.00 0.0M
475260.000 1970 COM2 65 0R0 006 2.2 11.0 76.2 1.0213 0.00 0.0M
475320.000 1970 COM2 65 0R0 357 0.5 11.0 76.7 1.0213 0.00 0.0M
475380.000 1970 COM2 65 0R0 353 1.3 11.0 76.4 1.0213 0.00 0.0M
475440.000 1970 COM2 65 0R0 029 1.4 11.0 76.3 1.0213 0.00 0.0M
475500.000 1970 COM2 65 0R0 349 1.4 11.0 76.2 1.0213 0.00 0.0M
475560.000 1970 COM2 65 0R0 052 1.7 11.0 76.4 1.0213 0.00 0.0M
475620.000 1970 COM2 65 0R0 068 0.6 11.1 76.4 1.0213 0.00 0.0M
475680.000 1970 COM2 65 0R0 019 3.0 11.1 76.0 1.0213 0.00 0.0M
475740.000 1970 COM2 65 0R0 050 0.7 11.1 76.1 1.0213 0.00 0.0M
475800.000 1970 COM2 65 0R0 018 2.6 11.1 75.7 1.0213 0.00 0.0M
475860.000 1970 COM2 65 0R0 030 1.0 11.1 76.3 1.0213 0.00 0.0M
475920.000 1970 COM2 65 0R0 024 2.0 11.1 75.7 1.0213 0.00 0.0M
475980.000 1970 COM2 65 0R0 021 1.3 11.2 76.0 1.0213 0.00 0.0M
476040.000 1970 COM2 65 0R0 049 1.8 11.2 75.7 1.0213 0.00 0.0M
476100.000 1970 COM2 65 0R0 015 1.8 11.2 75.6 1.0213 0.00 0.0M
476160.000 1970 COM2 65 0R0 053 0.9 11.2 75.7 1.0214 0.00 0.0M
476220.000 1970 COM2 65 0R0 029 3.2 11.2 75.5 1.0214 0.00 0.0M
476280.000 1970 COM2 65 0R0 013 2.5 11.2 75.7 1.0214 0.00 0.0M
476340.000 1970 COM2 65 0R0 078 0.7 11.2 75.9 1.0214 0.00 0.0M
476400.000 1970 COM2 65 0R0 105 1.3 11.2 75.9 1.0215 0.00 0.0M
476460.000 1970 COM2 65 0R0 341 1.4 11.2 75.9 1.0215 0.00 0.0M
476520.000 1970 COM2 65 0R0 000 1.0 11.2 75.7 1.0215 0.00 0.0M
476580.000 1970 COM2 65 0R0 025 2.3 11.2 75.5 1.0215 0.00 0.0M
476640.000 1970 COM2 65 0R0 025 1.4 11.2 75.7 1.0215 0.00 0.0M
476700.000 1970 COM2 65 0R0 010 1.7 11.2 75.8 1.0215 0.00 0.0M
476760.000 1970 COM2 65 0R0 020 1.1 11.2 75.5 1.0215 0.00 0.0M
476820.000 1970 COM2 65 0R0 031 4.4 11.3 75.8 1.0215 0.00 0.0M
476880.000 1970 COM2 65 0R0 010 1.5 11.3 75.7 1.0214 0.00 0.0M
476940.000 1970 COM2 65 0R0 063 1.3 11.3 76.0 1.0214 0.00 0.0M
477000.000 1970 COM2 65 0R0 015 3.9 11.3 75.5 1.0214 0.00 0.0M
477060.000 1970 COM2 65 0R0 037 0.4 11.3 75.9 1.0213 0.00 0.0M
477120.000 1970 COM2 65 0R0 007 1.3 11.4 75.4 1.0213 0.00 0.0M
477180.000 1970 COM2 65 0R0 034 1.4 11.4 75.3 1.0213 0.00 0.0M
477240.000 1970 COM2 65 0R0 056 2.1 11.5 74.9 1.0213 0.00 0.0M
477300.000 1970 COM2 65 0R0 038 1.0 11.5 75.2 1.0213 0.00 0.0M
477360.000 1970 COM2 65 0R0 072 0.5 11.5 75.4 1.0213 0.00 0.0M
477420.000 1970 COM2 65 0R0 070 3.1 11.6 74.8 1.0213 0.00 0.0M
477480.000 1970 COM2 65 0R0 358 1.9 11.6 74.7 1.0214 0.00 0.0M
477540.000 1970 COM2 65 0R0 020 3.8 11.6 74.8 1.0214 0.00 0.0M
477600.000 1970 COM2 65 0R0 003 2.6 11.6 75.1 1.0214 0.00 0.0M
477660.000 1970 COM2 65 0R0 351 1.2 11.6 75.3 1.0214 0.00 0.0M
477720.000 1970 COM2 65 0R0 061 0.5 11.6 75.1 1.0214 0.00 0.0M
477780.000 1970 COM2 65 0R0 026 2.0 11.6 74.9 1.0214 0.00 0.0M
477840.000 1970 COM2 65 0R0 020 4.8 11.6 74.4 1.0214 0.00 0.0M
477900.000 1970 COM2 65 0R0 036 2.8 11.6 74.9 1.0214 0.00 0.0M
477960.000 1970 COM2 65 0R0 040 2.5 11.6 75.1 1.0214 0.00 0.0M
478020.000 1970 COM2 65 0R0 022 4.0 11.6 74.8 1.0214 0.00 0.0M
478080.000 1970 COM2 65 0R0 033 2.1 11.6 74.7 1.0214 0.00 0.0M
478140.000 1970 COM2 65 0R0 031 4.9 11.6 74.7 1.0214 0.00 0.0M
478200.000 1970 COM2 65 0R0 042 2.7 11.6 74.7 1.0214 0.00 0.0M
478260.000 1970 COM2 65 0R0 002 1.0 11.6 75.2 1.0214 0.00 0.0M
478320.000 1970 COM2 65 0R0 045 1.6 11.7 75.5 1.0214 0.00 0.0M
478380.000 1970 COM2 65 0R0 020 2.0 11.7 75.1 1.0214 0.00 0.0M
478440.000 1970 COM2 65 0R0 014 3.1 11.8 74.6 1.0214 0.00 0.0M
478500.000 1970 COM2 65 0R0 036 0.4 11.9 75.1 1.0214 0.00 0.0M
478560.000 1970 COM2 65 0R0 302 0.8 11.9 74.6 1.0214 0.00 0.0M
478620.000 1970 COM2 65 0R0 348 1.0 12.0 74.7 1.0214 0.00 0.0M
478680.000 1970 COM2 65 0R0 349 0.4 12.1 74.4 1.0213 0.00 0.0M
478740.000 1970 COM2 65 0R0 338 0.3 12.2 74.1 1.0213 0.00 0.0M
478800.000 1970 COM2 65 0R0 064 0.9 12.3 73.4 1.0213 0.00 0.0M
478860.000 1970 COM2 65 0R0 343 2.4 12.4 72.9 1.0213 0.00 0.0M
478920.000 1970 COM2 65 0R0 339 0.4 12.4 72.9 1.0213 0.00 0.0M
478980.000 1970 COM2 65 0R0 033 0.5 12.4 73.1 1.0213 0.00 0.0M
479040.000 1970 COM2 65 0R0 038 2.8 12.3 72.8 1.0213 0.00 0.0M
479100.000 1970 COM2 65 0R0 041 2.0 12.3 73.1 1.0213 0.00 0.0M
479160.000 1970 COM2 65 0R0 040 3.4 12.3 73.0 1.0213 0.00 0.0M
479220.000 1970 COM2 65 0R0 079 1.5 12.2 73.3 1.0213 0.00 0.0M
479280.000 1970 COM2 65 0R0 089 2.0 12.2 73.2 1.0213 0.00 0.0M
479340.000 1970 COM2 65 0R0 351 3.2 12.2 73.3 1.0212 0.00 0.0M
479400.000 1970 COM2 65 0R0 020 3.5 12.2 73.4 1.0212 0.00 0.0M
479460.000 1970 COM2 65 0R0 023 1.5 12.2 73.6 1.0213 0.00 0.0M
479520.000 1970 COM2 65 0R0 018 2.0 12.2 73.7 1.0213 0.00 0.0M
479580.000 1970 COM2 65 0R0 026 2.8 12.3 73.5 1.0213 0.00 0.0M
479640.000 1970 COM2 65 0R0 354 0.6 12.3 73.3 1.0213 0.00 0.0M
479700.000 1970 COM2 65 0R0 036 2.1 12.3 73.2 1.0213 0.00 0.0M
479760.000 1970 COM2 65 0R0 012 0.9 12.3 74.0 1.0213 0.00 0.0M
479820.000 1970 COM2 65 0R0 019 2.9 12.4 73.2 1.0213 0.00 0.0M
479880.000 1970 COM2 65 0R0 283 0.9 12.5 73.3 1.0213 0.00 0.0M
479940.000 1970 COM2 65 0R0 318 0.9 12.5 73.4 1.0213 0.00 0.0M
480000.000 1970 COM2 65 0R0 353 2.2 12.7 72.4 1.0212 0.00 0.0M
480060.000 1970 COM2 65 0R0 042 3.6 12.7 72.5 1.0213 0.00 0.0M
480120.000 1970 COM2 65 0R0 020 1.9 12.8 72.3 1.0212 0.00 0.0M
480180.000 1970 COM2 65 0R0 047 1.3 12.9 72.5 1.0213 0.00 0.0M
480240.000 1970 COM2 65 0R0 024 3.0 13.0 71.7 1.0212 0.00 0.0M
480300.000 1970 COM2 65 0R0 009 2.7 13.0 71.8 1.0213 0.00 0.0M
480360.000 1970 COM2 65 0R0 033 2.2 13.0 71.9 1.0212 0.00 0.0M
480420.000 1970 COM2 65 0R0 035 3.2 13.0 72.0 1.0212 0.00 0.0M
480480.000 1970 COM2 65 0R0 021 4.9 13.0 71.7 1.0212 0.00 0.0M
480540.000 1970 COM2 65 0R0 135 1.1 13.0 72.1 1.0212 0.00 0.0M
480600.000 1970 COM2 65 0R0 072 1.9 13.1 71.6 1.0213 0.00 0.0M
480660.000 1970 COM2 65 0R0 017 1.4 13.1 71.8 1.0213 0.00 0.0M
480720.000 1970 COM2 65 0R0 051 1.8 13.2 71.6 1.0213 0.00 0.0M
480780.000 1970 COM2 65 0R0 041 1.5 13.2 71.7 1.0213 0.00 0.0M
480840.000 1970 COM2 65 0R0 057 1.9 13.2 71.5 1.0213 0.00 0.0M
480900.000 1970 COM2 65 0R0 046 3.0 13.2 71.3 1.0213 0.00 0.0M
480960.000 1970 COM2 65 0R0 338 1.3 13.1 71.6 1.0213 0.00 0.0M
481020.000 1970 COM2 65 0R0 054 3.6 13.1 71.7 1.0213 0.00 0.0M
481080.000 1970 COM2 65 0R0 056 2.7 13.0 72.1 1.0214 0.00 0.0M
481140.000 1970 COM2 65 0R0 043 2.9 13.0 72.3 1.0214 0.00 0.0M
481200.000 1970 COM2 65 0R0 056 2.9 13.0 72.4 1.0214 0.00 0.0M
481260.000 1970 COM2 65 0R0 054 3.3 13.0 72.3 1.0215 0.00 0.0M
481320.000 1970 COM2 65 0R0 066 4.3 13.0 72.6 1.0214 0.00 0.0M
481380.000 1970 COM2 65 0R0 024 4.9 13.0 72.8 1.0214 0.00 0.0M
481440.000 1970 COM2 65 0R0 055 1.6 13.0 73.0 1.0214 0.00 0.0M
481500.000 1970 COM2 65 0R0 354 1.8 13.0 73.2 1.0214 0.00 0.0M
481560.000 1970 COM2 65 0R0 037 1.9 13.0 73.1 1.0214 0.00 0.0M
481620.000 1970 COM2 65 0R0 349 1.3 13.1 73.1 1.0215 0.00 0.0M
481680.000 1970 COM2 65 0R0 026 1.1 13.2 72.7 1.0215 0.00 0.0M
481740.000 1970 COM2 65 0R0 061 1.4 13.2 72.9 1.0215 0.00 0.0M
481800.000 1970 COM2 65 0R0 036 4.1 13.3 72.3 1.0214 0.00 0.0M
481860.000 1970 COM2 65 0R0 036 4.0 13.3 72.0 1.0215 0.00 0.0M
481920.000 1970 COM2 65 0R0 020 3.7 13.2 72.6 1.0214 0.00 0.0M
481980.000 1970 COM2 65 0R0 018 0.8 13.2 73.0 1.0215 0.00 0.0M
482040.000 1970 COM2 65 0R0 018 0.8 13.3 72.7 1.0215 0.00 0.0M
482100.000 1970 COM2 65 0R0 017 2.0 13.3 72.7 1.0215 0.00 0.0M
482160.000 1970 COM2 65 0R0 092 0.9 13.3 72.7 1.0215 0.00 0.0M
482220.000 1970 COM2 65 0R0 349 2.5 13.4 72.3 1.0215 0.00 0.0M
482280.000 1970 COM2 65 0R0 089 2.2 13.4 72.0 1.0215 0.00 0.0M
482340.000 1970 COM2 65 0R0 081 4.2 13.4 72.5 1.0215 0.00 0.0M
482400.000 1970 COM2 65 0R0 055 4.9 13.4 72.1 1.0215 0.00 0.0M
482460.000 1970 COM2 65 0R0 040 4.3 13.4 72.5 1.0215 0.00 0.0M
482520.000 1970 COM2 65 0R0 048 3.1 13.3 72.8 1.0216 0.00 0.0M
482580.100 1970 COM2 65 0R0 028 2.5 13.3 72.8 1.0216 0.00 0.0M
482640.100 1970 COM2 65 0R0 016 2.3 13.3 72.9 1.0216 0.00 0.0M
482700.000 1970 COM2 65 0R0 015 2.6 13.4 72.7 1.0215 0.00 0.0M
482760.000 1970 COM2 65 0R0 027 2.3 13.4 72.7 1.0215 0.00 0.0M
482820.000 1970 COM2 65 0R0 070 4.0 13.4 72.7 1.0215 0.00 0.0M
482880.000 1970 COM2 65 0R0 055 2.3 13.4 73.1 1.0215 0.00 0.0M
482940.000 1970 COM2 65 0R0 022 2.7 13.4 72.9 1.0215 0.00 0.0M
483000.000 1970 COM2 65 0R0 090 3.7 13.4 72.8 1.0215 0.00 0.0M
483060.000 1970 COM2 65 0R0 036 2.6 13.4 72.9 1.0216 0.00 0.0M
483120.000 1970 COM2 65 0R0 053 3.0 13.4 73.1 1.0216 0.00 0.0M
483180.000 1970 COM2 65 0R0 105 0.8 13.5 73.5 1.0216 0.00 0.0M
483240.000 1970 COM2 65 0R0 037 3.3 13.6 72.7 1.0215 0.00 0.0M
483300.000 1970 COM2 65 0R0 047 2.9 13.6 72.5 1.0216 0.00 0.0M
483360.000 1970 COM2 65 0R0 017 2.5 13.6 72.8 1.0215 0.00 0.0M
483420.000 1970 COM2 65 0R0 046 3.3 13.6 72.5 1.0215 0.00 0.0M
483480.000 1970 COM2 65 0R0 024 0.4 13.6 72.7 1.0215 0.00 0.0M
483540.000 1970 COM2 65 0R0 034 2.3 13.7 72.8 1.0215 0.00 0.0M
483600.000 1970 COM2 65 0R0 026 1.7 13.7 72.6 1.0215 0.00 0.0M
483660.000 1970 COM2 65 0R0 343 0.7 13.8 72.5 1.0215 0.00 0.0M
483720.000 1970 COM2 65 0R0 036 4.0 13.8 72.1 1.0215 0.00 0.0M
483780.000 1970 COM2 65 0R0 080 2.3 13.8 72.5 1.0215 0.00 0.0M
483840.000 1970 COM2 65 0R0 057 3.0 13.8 72.4 1.0215 0.00 0.0M
483900.000 1970 COM2 65 0R0 069 2.6 13.8 72.4 1.0215 0.00 0.0M
483960.000 1970 COM2 65 0R0 147 1.0 13.8 72.8 1.0214 0.00 0.0M
484020.000 1970 COM2 65 0R0 029 3.2 13.9 72.4 1.0214 0.00 0.0M
484080.000 1970 COM2 65 0R0 024 4.3 14.0 72.2 1.0214 0.00 0.0M
484140.000 1970 COM2 65 0R0 058 2.1 14.0 72.3 1.0215 0.00 0.0M
484200.000 1970 COM2 65 0R0 069 4.3 14.0 71.7 1.0215 0.00 0.0M
484260.000 1970 COM2 65 0R0 023 4.3 14.0 72.1 1.0215 0.00 0.0M
484320.000 1970 COM2 65 0R0 018 1.7 14.1 72.2 1.0215 0.00 0.0M
484380.000 1970 COM2 65 0R0 024 2.9 14.2 71.9 1.0215 0.00 0.0M
484440.000 1970 COM2 65 0R0 040 1.4 14.3 71.9 1.0215 0.00 0.0M
484500.000 1970 COM2 65 0R0 027 3.3 14.4 71.0 1.0215 0.00 0.0M
484560.000 1970 COM2 65 0R0 049 3.3 14.4 71.1 1.0215 0.00 0.0M
484620.000 1970 COM2 65 0R0 052 2.1 14.4 71.2 1.0215 0.00 0.0M
484680.000 1970 COM2 65 0R0 036 2.9 14.3 71.3 1.0215 0.00 0.0M
484740.000 1970 COM2 65 0R0 027 2.0 14.4 71.7 1.0215 0.00 0.0M
484800.000 1970 COM2 65 0R0 005 1.9 14.4 71.7 1.0215 0.00 0.0M
484860.000 1970 COM2 65 0R0 047 4.0 14.5 71.5 1.0215 0.00 0.0M
484920.000 1970 COM2 65 0R0 069 4.4 14.5 71.4 1.0215 0.00 0.0M
484980.000 1970 COM2 65 0R0 052 4.0 14.5 71.6 1.0215 0.00 0.0M
485040.000 1970 COM2 65 0R0 066 2.5 14.6 71.7 1.0215 0.00 0.0M
485100.000 1970 COM2 65 0R0 066 1.1 14.6 71.8 1.0215 0.00 0.0M
485160.000 1970 COM2 65 0R0 056 2.1 14.7 71.5 1.0215 0.00 0.0M
485220.000 1970 COM2 65 0R0 065 0.3 14.8 71.7 1.0215 0.00 0.0M
485280.000 1970 COM2 65 0R0 065 2.4 14.8 70.8 1.0216 0.00 0.0M
485340.000 1970 COM2 65 0R0 068 1.6 14.9 71.0 1.0215 0.00 0.0M
485400.000 1970 COM2 65 0R0 079 2.3 14.9 71.0 1.0215 0.00 0.0M
485460.000 1970 COM2 65 0R0 085 0.3 15.0 71.1 1.0215 0.00 0.0M
485520.000 1970 COM2 65 0R0 050 2.0 15.1 70.2 1.0216 0.00 0.0M
485580.000 1970 COM2 65 0R0 075 2.4 15.1 70.3 1.0216 0.00 0.0M
485640.000 1970 COM2 65 0R0 037 3.0 15.1 70.1 1.0216 0.00 0.0M
485700.000 1970 COM2 65 0R0 061 4.6 15.1 69.9 1.0216 0.00 0.0M
485760.000 1970 COM2 65 0R0 014 3.8 15.0 70.4 1.0216 0.00 0.0M
485820.000 1970 COM2 65 0R0 035 3.9 15.0 70.5 1.0216 0.00 0.0M
485880.000 1970 COM2 65 0R0 068 3.8 15.0 70.5 1.0216 0.00 0.0M
485940.000 1970 COM2 65 0R0 074 3.0 14.9 70.3 1.0215 0.00 0.0M
486000.000 1970 COM2 65 0R0 066 3.4 14.9 71.1 1.0215 0.00 0.0M
486060.000 1970 COM2 65 0R0 011 2.5 15.0 70.7 1.0215 0.00 0.0M
486120.000 1970 COM2 65 0R0 013 4.1 15.0 70.4 1.0215 0.00 0.0M
486180.000 1970 COM2 65 0R0 084 3.2 14.9 70.7 1.0215 0.00 0.0M
486240.000 1970 COM2 65 0R0 064 1.0 15.0 70.8 1.0215 0.00 0.0M
486300.000 1970 COM2 65 0R0 039 3.3 15.0 70.8 1.0215 0.00 0.0M
486360.000 1970 COM2 65 0R0 038 2.8 15.0 70.5 1.0215 0.00 0.0M
486420.000 1970 COM2 65 0R0 049 1.5 15.0 70.9 1.0214 0.00 0.0M
486480.000 1970 COM2 65 0R0 049 4.0 15.1 70.1 1.0215 0.00 0.0M
486540.000 1970 COM2 65 0R0 057 3.8 15.1 70.6 1.0215 0.00 0.0M
486600.000 1970 COM2 65 0R0 039 2.4 15.1 70.3 1.0215 0.00 0.0M
486660.000 1970 COM2 65 0R0 040 4.1 15.0 70.5 1.0214 0.00 0.0M
486720.000 1970 COM2 65 0R0 030 2.0 15.0 70.8 1.0214 0.00 0.0M
486780.000 1970 COM2 65 0R0 094 1.1 15.0 70.9 1.0214 0.00 0.0M
486840.000 1970 COM2 65 0R0 093 0.7 15.1 71.1 1.0214 0.00 0.0M
486900.000 1970 COM2 65 0R0 087 1.9 15.2 70.6 1.0214 0.00 0.0M
486960.000 1970 COM2 65 0R0 078 2.7 15.2 70.5 1.0214 0.00 0.0M
487020.000 1970 COM2 65 0R0 047 2.7 15.3 70.5 1.0214 0.00 0.0M
487080.000 1970 COM2 65 0R0 082 4.4 15.2 70.1 1.0214 0.00 0.0M
487140.000 1970 COM2 65 0R0 082 5.7 15.2 70.1 1.0214 0.00 0.0M
487200.000 1970 COM2 65 0R0 084 4.3 15.1 70.6 1.0214 0.00 0.0M
487260.000 1970 COM2 65 0R0 066 4.7 15.0 70.9 1.0214 0.00 0.0M
487320.000 1970 COM2 65 0R0 058 4.2 15.1 70.9 1.0214 0.00 0.0M
487380.000 1970 COM2 65 0R0 069 2.8 15.1 70.9 1.0213 0.00 0.0M
487440.000 1970 COM2 65 0R0 042 3.8 15.1 70.9 1.0213 0.00 0.0M
487500.000 1970 COM2 65 0R0 053 1.4 15.1 71.1 1.0213 0.00 0.0M
487560.000 1970 COM2 65 0R0 052 4.5 15.2 70.5 1.0213 0.00 0.0M
487620.000 1970 COM2 65 0R0 046 2.8 15.1 70.5 1.0213 0.00 0.0M
487680.000 1970 COM2 65 0R0 043 3.5 15.1 70.9 1.0213 0.00 0.0M
487740.000 1970 COM2 65 0R0 071 1.6 15.1 70.9 1.0213 0.00 0.0M
487800.000 1970 COM2 65 0R0 074 1.6 15.1 70.9 1.0213 0.00 0.0M
487860.000 1970 COM2 65 0R0 033 4.4 15.1 70.7 1.0213 0.00 0.0M
487920.000 1970 COM2 65 0R0 063 3.6 15.1 71.0 1.0213 0.00 0.0M
487980.000 1970 COM2 65 0R0 068 4.2 15.1 70.8 1.0212 0.00 0.0M
488040.000 1970 COM2 65 0R0 044 4.2 15.1 70.9 1.0212 0.00 0.0M
488100.000 1970 COM2 65 0R0 047 3.7 15.1 70.9 1.0212 0.00 0.0M
488160.000 1970 COM2 65 0R0 086 4.6 15.1 71.1 1.0211 0.00 0.0M
488220.000 1970 COM2 65 0R0 083 2.1 15.1 71.4 1.0211 0.00 0.0M
488280.000 1970 COM2 65 0R0 042 3.6 15.1 71.4 1.0211 0.00 0.0M
488340.000 1970 COM2 65 0R0 061 3.1 15.2 71.3 1.0211 0.00 0.0M
488400.000 1970 COM2 65 0R0 070 5.9 15.2 71.1 1.0211 0.00 0.0M
488460.000 1970 COM2 65 0R0 082 4.2 15.2 70.9 1.0210 0.00 0.0M
488520.000 1970 COM2 65 0R0 072 1.3 15.2 71.2 1.0211 0.00 0.0M
488580.000 1970 COM2 65 0R0 067 4.9 15.1 71.2 1.0210 0.00 0.0M
488640.000 1970 COM2 65 0R0 076 3.1 15.1 71.5 1.0210 0.00 0.0M
488700.000 1970 COM2 65 0R0 052 2.2 15.1 71.6 1.0209 0.00 0.0M
488760.000 1970 COM2 65 0R0 089 2.6 15.2 71.7 1.0209 0.00 0.0M
488820.000 1970 COM2 65 0R0 092 3.2 15.3 71.4 1.0209 0.00 0.0M
488880.000 1970 COM2 65 0R0 085 2.0 15.4 71.4 1.0209 0.00 0.0M
488940.000 1970 COM2 65 0R0 068 4.3 15.5 71.1 1.0209 0.00 0.0M
489000.000 1970 COM2 65 0R0 047 1.8 15.5 71.4 1.0209 0.00 0.0M
489060.000 1970 COM2 65 0R0 077 6.1 15.5 70.4 1.0208 0.00 0.0M
489120.000 1970 COM2 65 0R0 061 5.9 15.5 70.5 1.0208 0.00 0.0M
489180.000 1970 COM2 65 0R0 074 5.8 15.5 70.7 1.0208 0.00 0.0M
489240.000 1970 COM2 65 0R0 055 5.3 15.4 70.8 1.0208 0.00 0.0M
489300.000 1970 COM2 65 0R0 047 4.2 15.4 71.2 1.0208 0.00 0.0M
489360.000 1970 COM2 65 0R0 076 4.1 15.4 71.2 1.0208 0.00 0.0M
489420.000 1970 COM2 65 0R0 092 2.5 15.4 71.0 1.0208 0.00 0.0M
489480.000 1970 COM2 65 0R0 130 1.5 15.5 71.0 1.0208 0.00 0.0M
489540.000 1970 COM2 65 0R0 042 1.5 15.5 70.6 1.0208 0.00 0.0M
489600.000 1970 COM2 65 0R0 072 4.7 15.5 70.5 1.0207 0.00 0.0M
489660.000 1970 COM2 65 0R0 039 1.9 15.5 70.6 1.0207 0.00 0.0M
489720.000 1970 COM2 65 0R0 027 4.1 15.5 70.9 1.0207 0.00 0.0M
489780.000 1970 COM2 65 0R0 075 3.8 15.5 70.8 1.0207 0.00 0.0M
489840.000 1970 COM2 65 0R0 004 1.1 15.5 70.7 1.0207 0.00 0.0M
489900.000 1970 COM2 65 0R0 081 3.3 15.6 70.5 1.0207 0.00 0.0M
489960.000 1970 COM2 65 0R0 339 2.0 15.6 70.3 1.0207 0.00 0.0M
490020.000 1970 COM2 65 0R0 009 2.9 15.6 70.5 1.0207 0.00 0.0M
490080.000 1970 COM2 65 0R0 252 0.5 15.6 70.8 1.0207 0.00 0.0M
490140.000 1970 COM2 65 0R0 067 1.3 15.7 70.8 1.0207 0.00 0.0M
490200.000 1970 COM2 65 0R0 067 4.0 15.7 69.9 1.0207 0.00 0.0M
490260.000 1970 COM2 65 0R0 077 4.1 15.6 70.3 1.0207 0.00 0.0M
490320.000 1970 COM2 65 0R0 059 3.2 15.5 70.4 1.0207 0.00 0.0M
490380.000 1970 COM2 65 0R0 015 1.2 15.5 71.1 1.0207 0.00 0.0M
490440.000 1970 COM2 65 0R0 052 2.9 15.5 71.0 1.0207 0.00 0.0M
490500.000 1970 COM2 65 0R0 017 4.1 15.5 70.8 1.0207 0.00 0.0M
490560.000 1970 COM2 65 0R0 021 4.5 15.5 70.6 1.0206 0.00 0.0M
490620.000 1970 COM2 65 0R0 031 3.5 15.4 70.8 1.0206 0.00 0.0M
490680.000 1970 COM2 65 0R0 065 2.5 15.4 71.1 1.0206 0.00 0.0M
490740.000 1970 COM2 65 0R0 079 2.6 15.5 71.3 1.0206 0.00 0.0M
490800.000 1970 COM2 65 0R0 081 1.3 15.5 71.1 1.0206 0.00 0.0M
490860.000 1970 COM2 65 0R0 076 0.4 15.6 71.1 1.0206 0.00 0.0M
490920.000 1970 COM2 65 0R0 022 0.7 15.7 71.0 1.0206 0.00 0.0M
490980.000 1970 COM2 65 0R0 064 1.3 15.7 71.1 1.0206 0.00 0.0M
491040.000 1970 COM2 65 0R0 022 1.2 15.8 70.8 1.0206 0.00 0.0M
491100.000 1970 COM2 65 0R0 063 2.3 15.8 70.1 1.0206 0.00 0.0M
491160.000 1970 COM2 65 0R0 069 3.5 15.7 70.7 1.0205 0.00 0.0M
491220.000 1970 COM2 65 0R0 026 4.0 15.7 70.7 1.0206 0.00 0.0M
491280.000 1970 COM2 65 0R0 006 2.4 15.7 70.9 1.0205 0.00 0.0M
491340.000 1970 COM2 65 0R0 018 3.9 15.7 70.7 1.0205 0.00 0.0M
491400.000 1970 COM2 65 0R0 020 4.4 15.7 70.6 1.0205 0.00 0.0M
491460.000 1970 COM2 65 0R0 061 3.0 15.7 71.1 1.0205 0.00 0.0M
491520.000 1970 COM2 65 0R0 068 2.4 15.6 71.3 1.0205 0.00 0.0M
491580.000 1970 COM2 65 0R0 095 3.2 15.6 71.4 1.0205 0.00 0.0M
491640.000 1970 COM2 65 0R0 077 4.3 15.6 71.6 1.0204 0.00 0.0M
491700.000 1970 COM2 65 0R0 058 1.8 15.5 71.7 1.0204 0.00 0.0M
491760.000 1970 COM2 65 0R0 033 2.1 15.5 71.8 1.0204 0.00 0.0M
491820.000 1970 COM2 65 0R0 063 3.1 15.6 72.0 1.0204 0.00 0.0M
491880.000 1970 COM2 65 0R0 044 3.6 15.6 72.0 1.0204 0.00 0.0M
491940.000 1970 COM2 65 0R0 013 3.7 15.6 72.1 1.0203 0.00 0.0M
492000.000 1970 COM2 65 0R0 073 6.2 15.6 71.7 1.0204 0.00 0.0M
492060.000 1970 COM2 65 0R0 091 5.0 15.7 72.1 1.0204 0.00 0.0M
492120.000 1970 COM2 65 0R0 073 1.1 15.7 71.9 1.0203 0.00 0.0M
492180.000 1970 COM2 65 0R0 069 1.2 15.7 71.8 1.0204 0.00 0.0M
492240.000 1970 COM2 65 0R0 055 2.1 15.7 72.0 1.0204 0.00 0.0M
492300.000 1970 COM2 65 0R0 082 1.3 15.8 72.0 1.0203 0.00 0.0M
492360.000 1970 COM2 65 0R0 056 3.8 15.8 71.4 1.0203 0.00 0.0M
492420.000 1970 COM2 65 0R0 081 2.6 15.7 71.9 1.0203 0.00 0.0M
492480.000 1970 COM2 65 0R0 090 3.7 15.7 72.0 1.0203 0.00 0.0M
492540.000 1970 COM2 65 0R0 102 0.7 15.8 72.3 1.0203 0.00 0.0M
492600.000 1970 COM2 65 0R0 045 4.8 15.8 71.7 1.0203 0.00 0.0M
492660.000 1970 COM2 65 0R0 096 2.9 15.8 71.6 1.0203 0.00 0.0M
492720.000 1970 COM2 65 0R0 082 3.5 15.8 71.7 1.0203 0.00 0.0M
492780.000 1970 COM2 65 0R0 071 1.3 15.8 72.1 1.0203 0.00 0.0M
492840.000 1970 COM2 65 0R0 088 2.9 15.9 72.1 1.0202 0.00 0.0M
492900.000 1970 COM2 65 0R0 100 2.1 16.0 71.6 1.0202 0.00 0.0M
492960.000 1970 COM2 65 0R0 095 0.5 16.1 71.5 1.0202 0.00 0.0M
493020.000 1970 COM2 65 0R0 068 3.7 16.2 70.8 1.0202 0.00 0.0M
493080.000 1970 COM2 65 0R0 119 3.1 16.2 71.1 1.0202 0.00 0.0M
493140.000 1970 COM2 65 0R0 077 1.9 16.2 70.8 1.0202 0.00 0.0M
493200.000 1970 COM2 65 0R0 347 1.4 16.2 71.2 1.0201 0.00 0.0M
493260.000 1970 COM2 65 0R0 085 2.1 16.2 70.7 1.0201 0.00 0.0M
493320.000 1970 COM2 65 0R0 016 2.3 16.3 70.1 1.0201 0.00 0.0M
493380.000 1970 COM2 65 0R0 082 2.7 16.2 70.3 1.0201 0.00 0.0M
493440.000 1970 COM2 65 0R0 089 1.4 16.2 71.0 1.0200 0.00 0.0M
493500.000 1970 COM2 65 0R0 060 2.0 16.2 71.0 1.0200 0.00 0.0M
493560.000 1970 COM2 65 0R0 063 0.7 16.1 70.9 1.0200 0.00 0.0M
493620.000 1970 COM2 65 0R0 101 5.1 16.1 70.9 1.0199 0.00 0.0M
493680.000 1970 COM2 65 0R0 089 2.3 16.1 70.6 1.0200 0.00 0.0M
493740.000 1970 COM2 65 0R0 099 1.7 16.1 70.7 1.0199 0.00 0.0M
493800.000 1970 COM2 65 0R0 077 3.6 16.1 70.8 1.0200 0.00 0.0M
493860.000 1970 COM2 65 0R0 082 3.6 16.1 71.0 1.0200 0.00 0.0M
493920.000 1970 COM2 65 0R0 320 0.6 16.2 71.3 1.0200 0.00 0.0M
493980.000 1970 COM2 65 0R0 063 2.1 16.2 71.0 1.0199 0.00 0.0M
494040.000 1970 COM2 65 0R0 221 0.4 16.3 71.3 1.0199 0.00 0.0M
494100.000 1970 COM2 65 0R0 076 1.4 16.3 71.0 1.0200 0.00 0.0M
494160.000 1970 COM2 65 0R0 090 0.4 16.4 70.8 1.0199 0.00 0.0M
494220.000 1970 COM2 65 0R0 011 2.0 16.4 70.2 1.0200 0.00 0.0M
494280.000 1970 COM2 65 0R0 357 1.2 16.3 70.4 1.0199 0.00 0.0M
494340.000 1970 COM2 65 0R0 076 4.5 16.3 70.2 1.0199 0.00 0.0M
494400.000 1970 COM2 65 0R0 074 5.6 16.2 70.5 1.0199 0.00 0.0M
494460.000 1970 COM2 65 0R0 082 4.7 16.1 70.7 1.0198 0.00 0.0M
494520.000 1970 COM2 65 0R0 035 4.6 16.1 71.2 1.0199 0.00 0.0M
494580.000 1970 COM2 65 0R0 044 3.9 16.2 70.5 1.0199 0.00 0.0M
494640.000 1970 COM2 65 0R0 052 1.4 16.1 70.7 1.0199 0.00 0.0M
494700.000 1970 COM2 65 0R0 074 2.5 16.1 70.9 1.0199 0.00 0.0M
494760.000 1970 COM2 65 0R0 076 4.6 16.1 71.0 1.0199 0.00 0.0M
494820.000 1970 COM2 65 0R0 040 2.5 16.2 71.1 1.0199 0.00 0.0M
494880.000 1970 COM2 65 0R0 050 3.3 16.2 71.3 1.0199 0.00 0.0M
494940.000 1970 COM2 65 0R0 077 2.1 16.2 70.9 1.0199 0.00 0.0M
495000.000 1970 COM2 65 0R0 091 2.5 16.2 71.2 1.0199 0.00 0.0M
495060.100 1970 COM2 65 0R0 033 3.5 16.3 70.7 1.0198 0.00 0.0M
495120.000 1970 COM2 65 0R0 060 4.8 16.3 70.4 1.0198 0.00 0.0M
495180.000 1970 COM2 65 0R0 020 3.9 16.3 70.4 1.0198 0.00 0.0M
495240.100 1970 COM2 65 0R0 084 3.6 16.3 70.5 1.0198 0.00 0.0M
495300.000 1970 COM2 65 0R0 061 4.2 16.3 70.7 1.0198 0.00 0.0M
495360.000 1970 COM2 65 0R0 053 1.4 16.3 70.7 1.0198 0.00 0.0M
495420.000 1970 COM2 65 0R0 082 2.4 16.3 70.2 1.0198 0.00 0.0M
495480.000 1970 COM2 65 0R0 073 1.8 16.3 70.7 1.0198 0.00 0.0M
495540.000 1970 COM2 65 0R0 348 1.6 16.4 70.7 1.0198 0.00 0.0M
495600.000 1970 COM2 65 0R0 086 3.0 16.4 70.4 1.0198 0.00 0.0M
495660.000 1970 COM2 65 0R0 060 2.7 16.4 70.1 1.0198 0.00 0.0M
495720.000 1970 COM2 65 0R0 071 4.0 16.3 70.0 1.0198 0.00 0.0M
495780.000 1970 COM2 65 0R0 093 0.9 16.3 70.8 1.0198 0.00 0.0M
495840.000 1970 COM2 65 0R0 076 2.8 16.4 70.4 1.0197 0.00 0.0M
495900.000 1970 COM2 65 0R0 111 1.0 16.4 70.5 1.0197 0.00 0.0M
495960.000 1970 COM2 65 0R0 051 2.0 16.4 70.1 1.0197 0.00 0.0M
496020.000 1970 COM2 65 0R0 059 4.8 16.4 69.5 1.0197 0.00 0.0M
496080.000 1970 COM2 65 0R0 346 0.9 16.4 70.0 1.0197 0.00 0.0M
496140.000 1970 COM2 65 0R0 037 4.0 16.4 70.1 1.0197 0.00 0.0M
496200.000 1970 COM2 65 0R0 068 4.0 16.4 70.4 1.0196 0.00 0.0M
496260.000 1970 COM2 65 0R0 044 2.0 16.4 70.7 1.0197 0.00 0.0M
496320.000 1970 COM2 65 0R0 091 1.5 16.4 70.4 1.0197 0.00 0.0M
496380.000 1970 COM2 65 0R0 064 3.5 16.4 70.3 1.0197 0.00 0.0M
496440.000 1970 COM2 65 0R0 162 0.6 16.4 70.6 1.0196 0.00 0.0M
496500.000 1970 COM2 65 0R0 134 1.8 16.4 70.4 1.0196 0.00 0.0M
496560.000 1970 COM2 65 0R0 081 4.9 16.4 70.1 1.0196 0.00 0.0M
496620.000 1970 COM2 65 0R0 116 4.3 16.4 70.5 1.0195 0.00 0.0M
496680.000 1970 COM2 65 0R0 101 2.6 16.4 70.3 1.0195 0.00 0.0M
496740.000 1970 COM2 65 0R0 099 1.2 16.4 70.8 1.0195 0.00 0.0M
496800.000 1970 COM2 65 0R0 078 1.8 16.5 70.2 1.0195 0.00 0.0M
496860.000 1970 COM2 65 0R0 107 3.2 16.5 70.4 1.0195 0.00 0.0M
496920.000 1970 COM2 65 0R0 057 1.4 16.6 69.9 1.0194 0.00 0.0M
496980.000 1970 COM2 65 0R0 104 1.7 16.6 70.0 1.0194 0.00 0.0M
497040.000 1970 COM2 65 0R0 068 3.1 16.5 70.1 1.0194 0.00 0.0M
497100.000 1970 COM2 65 0R0 050 3.7 16.5 70.3 1.0194 0.00 0.0M
497160.000 1970 COM2 65 0R0 104 1.2 16.4 70.6 1.0194 0.00 0.0M
497220.000 1970 COM2 65 0R0 091 2.2 16.4 70.9 1.0194 0.00 0.0M
497280.100 1970 COM2 65 0R0 073 1.3 16.5 70.7 1.0194 0.00 0.0M
497340.000 1970 COM2 65 0R0 091 1.7 16.5 70.7 1.0194 0.00 0.0M
497400.000 1970 COM2 65 0R0 121 2.3 16.6 70.4 1.0194 0.00 0.0M
497460.000 1970 COM2 65 0R0 133 0.6 16.6 70.7 1.0194 0.00 0.0M
497520.000 1970 COM2 65 0R0 080 2.4 16.6 70.4 1.0194 0.00 0.0M
497580.000 1970 COM2 65 0R0 084 0.4 16.6 70.7 1.0194 0.00 0.0M
497640.000 1970 COM2 65 0R0 089 1.6 16.6 70.4 1.0194 0.00 0.0M
497700.000 1970 COM2 65 0R0 087 1.3 16.7 70.8 1.0194 0.00 0.0M
497760.000 1970 COM2 65 0R0 091 3.1 16.7 70.1 1.0194 0.00 0.0M
497820.000 1970 COM2 65 0R0 090 2.3 16.7 70.3 1.0194 0.00 0.0M
497880.000 1970 COM2 65 0R0 169 1.3 16.7 70.4 1.0194 0.00 0.0M
497940.000 1970 COM2 65 0R0 106 4.0 16.7 70.7 1.0193 0.00 0.0M
498000.000 1970 COM2 65 0R0 097 3.2 16.7 70.9 1.0194 0.00 0.0M
498060.000 1970 COM2 65 0R0 100 4.0 16.6 70.7 1.0193 0.00 0.0M
498120.000 1970 COM2 65 0R0 086 2.9 16.6 71.2 1.0194 0.00 0.0M
498180.000 1970 COM2 65 0R0 080 1.7 16.6 71.0 1.0194 0.00 0.0M
498240.000 1970 COM2 65 0R0 072 3.4 16.6 71.2 1.0193 0.00 0.0M
498300.000 1970 COM2 65 0R0 132 1.8 16.6 71.4 1.0192 0.00 0.0M
498360.000 1970 COM2 65 0R0 116 1.6 16.6 71.1 1.0193 0.00 0.0M
498420.000 1970 COM2 65 0R0 080 4.2 16.6 71.0 1.0193 0.00 0.0M
498480.000 1970 COM2 65 0R0 078 1.9 16.6 71.8 1.0193 0.00 0.0M
498540.000 1970 COM2 65 0R0 077 4.2 16.6 71.6 1.0193 0.00 0.0M
498600.000 1970 COM2 65 0R0 066 3.7 16.5 71.6 1.0192 0.00 0.0M
498660.000 1970 COM2 65 0R0 127 1.4 16.5 71.8 1.0192 0.00 0.0M
498720.000 1970 COM2 65 0R0 067 0.6 16.5 72.0 1.0191 0.00 0.0M
498780.000 1970 COM2 65 0R0 054 4.2 16.6 71.7 1.0192 0.00 0.0M
498840.000 1970 COM2 65 0R0 087 4.3 16.5 72.0 1.0191 0.00 0.0M
498900.000 1970 COM2 65 0R0 062 2.4 16.6 71.9 1.0191 0.00 0.0M
498960.000 1970 COM2 65 0R0 088 1.2 16.6 72.0 1.0191 0.00 0.0M
499020.000 1970 COM2 65 0R0 076 3.4 16.6 71.6 1.0191 0.00 0.0M
499080.000 1970 COM2 65 0R0 032 1.6 16.6 71.8 1.0191 0.00 0.0M
499140.000 1970 COM2 65 0R0 065 3.3 16.6 71.9 1.0191 0.00 0.0M
499200.000 1970 COM2 65 0R0 098 3.0 16.6 71.7 1.0190 0.00 0.0M
499260.000 1970 COM2 65 0R0 084 3.5 16.6 71.8 1.0190 0.00 0.0M
499320.000 1970 COM2 65 0R0 039 3.8 16.5 72.1 1.0190 0.00 0.0M
499380.000 1970 COM2 65 0R0 101 3.8 16.5 72.3 1.0190 0.00 0.0M
499440.000 1970 COM2 65 0R0 111 3.2 16.5 72.2 1.0189 0.00 0.0M
499500.000 1970 COM2 65 0R0 073 5.4 16.5 72.2 1.0189 0.00 0.0M
499560.000 1970 COM2 65 0R0 044 1.7 16.5 72.7 1.0190 0.00 0.0M
499620.000 1970 COM2 65 0R0 326 0.6 16.5 72.8 1.0189 0.00 0.0M
499680.000 1970 COM2 65 0R0 108 3.6 16.6 72.3 1.0189 0.00 0.0M
499740.000 1970 COM2 65 0R0 074 0.9 16.6 72.5 1.0189 0.00 0.0M
499800.000 1970 COM2 65 0R0 075 3.7 16.6 72.3 1.0189 0.00 0.0M
499860.000 1970 COM2 65 0R0 069 1.9 16.7 72.3 1.0189 0.00 0.0M
499920.000 1970 COM2 65 0R0 084 2.4 16.7 72.4 1.0189 0.00 0.0M
499980.000 1970 COM2 65 0R0 128 1.4 16.7 72.4 1.0189 0.00 0.0M
500040.000 1970 COM2 65 0R0 108 3.6 16.7 72.2 1.0188 0.00 0.0M
500100.000 1970 COM2 65 0R0 097 2.2 16.7 72.3 1.0188 0.00 0.0M
500160.000 1970 COM2 65 0R0 055 2.7 16.6 72.5 1.0189 0.00 0.0M
500220.000 1970 COM2 65 0R0 128 0.8 16.6 72.8 1.0189 0.00 0.0M
500280.000 1970 COM2 65 0R0 079 1.2 16.7 72.7 1.0189 0.00 0.0M
500340.100 1970 COM2 65 0R0 091 2.5 16.7 72.6 1.0188 0.00 0.0M
500400.000 1970 COM2 65 0R0 103 0.9 16.7 72.6 1.0189 0.00 0.0M
500460.000 1970 COM2 65 0R0 034 1.8 16.8 72.6 1.0189 0.00 0.0M
500520.000 1970 COM2 65 0R0 104 2.5 16.8 72.8 1.0189 0.00 0.0M
500580.000 1970 COM2 65 0R0 137 2.7 16.8 72.4 1.0188 0.00 0.0M
500640.000 1970 COM2 65 0R0 356 0.5 16.9 72.6 1.0189 0.00 0.0M
500700.000 1970 COM2 65 0R0 042 1.3 16.9 72.6 1.0188 0.00 0.0M
500760.000 1970 COM2 65 0R0 020 1.6 16.8 72.7 1.0188 0.00 0.0M
500820.000 1970 COM2 65 0R0 110 3.2 16.9 72.5 1.0188 0.00 0.0M
500880.000 1970 COM2 65 0R0 103 2.5 16.9 72.6 1.0188 0.00 0.0M
500940.000 1970 COM2 65 0R0 098 1.0 16.9 72.4 1.0188 0.00 0.0M
501000.000 1970 COM2 65 0R0 038 1.3 16.9 72.4 1.0188 0.00 0.0M
501060.000 1970 COM2 65 0R0 092 3.0 16.9 72.2 1.0188 0.00 0.0M
501120.000 1970 COM2 65 0R0 085 1.1 16.9 72.5 1.0188 0.00 0.0M
501180.000 1970 COM2 65 0R0 355 0.7 16.9 72.7 1.0188 0.00 0.0M
501240.000 1970 COM2 65 0R0 084 2.6 16.9 72.5 1.0188 0.00 0.0M
501300.000 1970 COM2 65 0R0 116 2.1 16.9 72.6 1.0188 0.00 0.0M
501360.000 1970 COM2 65 0R0 086 3.4 16.9 72.9 1.0188 0.00 0.0M
501420.000 1970 COM2 65 0R0 351 1.4 16.9 72.9 1.0188 0.00 0.0M
501480.000 1970 COM2 65 0R0 062 2.2 16.9 72.9 1.0188 0.00 0.0M
501540.000 1970 COM2 65 0R0 113 3.9 16.9 72.9 1.0189 0.00 0.0M
501600.000 1970 COM2 65 0R0 068 2.5 16.9 73.1 1.0189 0.00 0.0M
501660.000 1970 COM2 65 0R0 027 3.3 16.9 73.1 1.0189 0.00 0.0M
501720.000 1970 COM2 65 0R0 091 2.7 16.9 72.8 1.0189 0.00 0.0M
501780.000 1970 COM2 65 0R0 122 2.6 17.0 73.0 1.0188 0.00 0.0M
501840.000 1970 COM2 65 0R0 093 2.1 17.0 72.9 1.0188 0.00 0.0M
501900.000 1970 COM2 65 0R0 170 0.4 17.0 72.8 1.0189 0.00 0.0M
501960.000 1970 COM2 65 0R0 124 0.7 17.1 72.7 1.0189 0.00 0.0M
502020.000 1970 COM2 65 0R0 093 0.6 17.1 72.7 1.0189 0.00 0.0M
502080.000 1970 COM2 65 0R0 045 4.7 17.1 72.3 1.0189 0.00 0.0M
502140.000 1970 COM2 65 0R0 033 3.4 17.1 72.3 1.0189 0.00 0.0M
502200.000 1970 COM2 65 0R0 060 2.4 17.0 72.6 1.0189 0.00 0.0M
502260.000 1970 COM2 65 0R0 080 2.0 17.0 73.0 1.0189 0.00 0.0M
502320.000 1970 COM2 65 0R0 045 1.9 17.0 73.0 1.0189 0.00 0.0M
502380.000 1970 COM2 65 0R0 048 0.9 16.9 73.3 1.0189 0.00 0.0M
502440.000 1970 COM2 65 0R0 071 3.5 17.0 73.2 1.0189 0.00 0.0M
502500.000 1970 COM2 65 0R0 093 1.8 17.0 73.3 1.0189 0.00 0.0M
502560.000 1970 COM2 65 0R0 079 1.4 17.0 73.4 1.0189 0.00 0.0M
502620.000 1970 COM2 65 0R0 075 2.4 17.0 73.5 1.0189 0.00 0.0M
502680.000 1970 COM2 65 0R0 069 3.3 17.0 73.5 1.0189 0.00 0.0M
502740.000 1970 COM2 65 0R0 048 2.3 17.0 73.5 1.0189 0.00 0.0M
502800.000 1970 COM2 65 0R0 096 2.2 17.0 73.4 1.0189 0.00 0.0M
502860.000 1970 COM2 65 0R0 112 1.7 17.0 73.6 1.0188 0.00 0.0M
502920.000 1970 COM2 65 0R0 075 3.7 17.0 73.2 1.0188 0.00 0.0M
502980.000 1970 COM2 65 0R0 104 0.9 17.0 73.4 1.0188 0.00 0.0M
503040.000 1970 COM2 65 0R0 096 3.3 17.0 73.4 1.0188 0.00 0.0M
503100.000 1970 COM2 65 0R0 112 1.3 17.0 73.5 1.0188 0.00 0.0M
503160.000 1970 COM2 65 0R0 196 1.0 17.0 73.3 1.0187 0.00 0.0M
503220.000 1970 COM2 65 0R0 142 1.0 17.1 73.3 1.0187 0.00 0.0M
503280.000 1970 COM2 65 0R0 103 1.7 17.1 73.3 1.0187 0.00 0.0M
503340.000 1970 COM2 65 0R0 059 2.8 17.1 73.3 1.0187 0.00 0.0M
503400.000 1970 COM2 65 0R0 125 0.3 17.1 73.5 1.0187 0.00 0.0M
503460.000 1970 COM2 65 0R0 051 4.0 17.1 73.0 1.0186 0.00 0.0M
503520.000 1970 COM2 65 0R0 076 3.6 17.1 73.5 1.0186 0.00 0.0M
503580.000 1970 COM2 65 0R0 072 3.7 17.0 73.7 1.0185 0.00 0.0M
503640.000 1970 COM2 65 0R0 082 3.4 17.0 73.9 1.0185 0.00 0.0M
503700.000 1970 COM2 65 0R0 044 2.9 17.0 73.9 1.0185 0.00 0.0M
503760.000 1970 COM2 65 0R0 082 1.7 17.0 73.9 1.0185 0.00 0.0M
503820.000 1970 COM2 65 0R0 122 1.0 17.0 74.2 1.0185 0.00 0.0M
503880.000 1970 COM2 65 0R0 082 2.7 17.0 73.9 1.0185 0.00 0.0M
503940.000 1970 COM2 65 0R0 018 2.6 17.0 73.9 1.0185 0.00 0.0M
504000.000 1970 COM2 65 0R0 091 2.2 17.0 73.9 1.0185 0.00 0.0M
504060.000 1970 COM2 65 0R0 084 2.9 17.0 73.9 1.0184 0.00 0.0M
504120.000 1970 COM2 65 0R0 060 3.2 17.0 73.9 1.0184 0.00 0.0M
504180.000 1970 COM2 65 0R0 022 2.4 17.0 74.0 1.0184 0.00 0.0M
504240.000 1970 COM2 65 0R0 069 5.3 17.0 74.1 1.0184 0.00 0.0M
504300.100 1970 COM2 65 0R0 092 3.4 17.0 74.2 1.0184 0.00 0.0M
504360.100 1970 COM2 65 0R0 088 3.0 16.9 74.4 1.0184 0.00 0.0M
504420.100 1970 COM2 65 0R0 055 3.3 16.9 74.6 1.0184 0.00 0.0M
504480.000 1970 COM2 65 0R0 092 2.2 16.9 74.7 1.0184 0.00 0.0M
504540.000 1970 COM2 65 0R0 032 3.0 16.9 74.5 1.0183 0.00 0.0M
504600.000 1970 COM2 65 0R0 089 3.2 16.9 74.9 1.0183 0.00 0.0M
504660.000 1970 COM2 65 0R0 051 2.2 17.0 74.9 1.0183 0.00 0.0M
504720.000 1970 COM2 65 0R0 071 0.4 17.0 74.7 1.0183 0.00 0.0M
504780.000 1970 COM2 65 0R0 093 2.1 17.1 74.2 1.0183 0.00 0.0M
504840.000 1970 COM2 65 0R0 080 2.9 17.1 74.1 1.0183 0.00 0.0M
504900.000 1970 COM2 65 0R0 079 2.2 17.1 74.0 1.0183 0.00 0.0M
504960.000 1970 COM2 65 0R0 068 1.1 17.1 74.1 1.0183 0.00 0.0M
505020.000 1970 COM2 65 0R0 061 2.7 17.1 74.1 1.0183 0.00 0.0M
505080.000 1970 COM2 65 0R0 208 1.1 17.1 74.3 1.0183 0.00 0.0M
505140.000 1970 COM2 65 0R0 049 0.5 17.1 74.2 1.0183 0.00 0.0M
505200.000 1970 COM2 65 0R0 111 1.4 17.1 74.0 1.0183 0.00 0.0M
505260.000 1970 COM2 65 0R0 086 4.1 17.2 73.6 1.0183 0.00 0.0M
505320.000 1970 COM2 65 0R0 072 3.2 17.1 74.2 1.0183 0.00 0.0M
505380.000 1970 COM2 65 0R0 063 3.0 17.1 74.2 1.0183 0.00 0.0M
505440.000 1970 COM2 65 0R0 071 3.0 17.1 74.3 1.0183 0.00 0.0M
505500.000 1970 COM2 65 0R0 124 1.0 17.1 74.3 1.0183 0.00 0.0M
505560.000 1970 COM2 65 0R0 049 2.4 17.1 74.3 1.0183 0.00 0.0M
505620.000 1970 COM2 65 0R0 052 3.6 17.1 74.0 1.0183 0.00 0.0M
505680.000 1970 COM2 65 0R0 149 1.4 17.1 74.3 1.0183 0.00 0.0M
505740.000 1970 COM2 65 0R0 091 1.3 17.1 74.4 1.0183 0.00 0.0M
505800.000 1970 COM2 65 0R0 052 0.8 17.2 74.3 1.0183 0.00 0.0M
505860.000 1970 COM2 65 0R0 079 3.1 17.2 74.0 1.0183 0.00 0.0M
505920.000 1970 COM2 65 0R0 085 2.3 17.2 74.1 1.0183 0.00 0.0M
505980.000 1970 COM2 65 0R0 037 0.4 17.2 74.3 1.0183 0.00 0.0M
506040.000 1970 COM2 65 0R0 101 3.0 17.1 74.5 1.0183 0.00 0.0M
506100.000 1970 COM2 65 0R0 075 1.8 17.2 74.4 1.0183 0.00 0.0M
506160.000 1970 COM2 65 0R0 129 1.8 17.2 74.4 1.0183 0.00 0.0M
506220.000 1970 COM2 65 0R0 092 2.8 17.2 74.5 1.0183 0.00 0.0M
506280.000 1970 COM2 65 0R0 072 3.0 17.2 74.6 1.0183 0.00 0.0M
506340.000 1970 COM2 65 0R0 078 3.4 17.2 74.6 1.0183 0.00 0.0M
506400.000 1970 COM2 65 0R0 092 1.8 17.2 74.3 1.0183 0.00 0.0M
506460.000 1970 COM2 65 0R0 096 1.4 17.2 74.4 1.0183 0.00 0.0M
506520.000 1970 COM2 65 0R0 149 0.8 17.2 74.3 1.0183 0.00 0.0M
506580.000 1970 COM2 65 0R0 108 2.4 17.2 74.1 1.0183 0.00 0.0M
506640.000 1970 COM2 65 0R0 092 2.3 17.2 74.1 1.0183 0.00 0.0M
506700.000 1970 COM2 65 0R0 111 2.4 17.2 74.2 1.0183 0.00 0.0M
506760.100 1970 COM2 65 0R0 073 0.7 17.1 74.3 1.0183 0.00 0.0M
506820.000 1970 COM2 65 0R0 079 2.9 17.1 74.2 1.0183 0.00 0.0M
506880.000 1970 COM2 65 0R0 090 1.9 17.1 74.4 1.0183 0.00 0.0M
506940.000 1970 COM2 65 0R0 093 4.0 17.1 74.3 1.0183 0.00 0.0M
507000.000 1970 COM2 65 0R0 129 0.7 17.1 74.4 1.0183 0.00 0.0M
507060.000 1970 COM2 65 0R0 084 2.5 17.1 74.3 1.0183 0.00 0.0M
507120.000 1970 COM2 65 0R0 085 3.1 17.1 74.4 1.0184 0.00 0.0M
507180.000 1970 COM2 65 0R0 017 0.3 17.1 74.6 1.0184 0.00 0.0M
507240.000 1970 COM2 65 0R0 023 4.1 17.1 74.4 1.0184 0.00 0.0M
507300.000 1970 COM2 65 0R0 099 1.9 17.1 74.6 1.0184 0.00 0.0M
507360.000 1970 COM2 65 0R0 108 1.2 17.1 74.6 1.0184 0.00 0.0M
507420.100 1970 COM2 65 0R0 089 0.7 17.2 74.6 1.0184 0.00 0.0M
507480.000 1970 COM2 65 0R0 111 2.0 17.2 74.4 1.0184 0.00 0.0M
507540.000 1970 COM2 65 0R0 078 1.0 17.2 74.5 1.0184 0.00 0.0M
507600.000 1970 COM2 65 0R0 104 1.0 17.3 74.4 1.0184 0.00 0.0M
507660.100 1970 COM2 65 0R0 030 1.8 17.3 74.3 1.0184 0.00 0.0M
507720.000 1970 COM2 65 0R0 063 2.7 17.3 74.4 1.0184 0.00 0.0M
507780.000 1970 COM2 65 0R0 027 1.7 17.2 74.7 1.0184 0.00 0.0M
507840.000 1970 COM2 65 0R0 091 1.0 17.2 74.8 1.0184 0.00 0.0M
507900.000 1970 COM2 65 0R0 074 1.7 17.2 74.6 1.0184 0.00 0.0M
507960.000 1970 COM2 65 0R0 084 1.4 17.2 74.6 1.0184 0.00 0.0M
508020.000 1970 COM2 65 0R0 092 1.1 17.2 74.5 1.0184 0.00 0.0M
508080.000 1970 COM2 65 0R0 091 2.9 17.3 74.4 1.0183 0.00 0.0M
508140.000 1970 COM2 65 0R0 096 1.8 17.3 74.4 1.0183 0.00 0.0M
508200.000 1970 COM2 65 0R0 124 0.9 17.3 74.5 1.0183 0.00 0.0M
508260.000 1970 COM2 65 0R0 082 2.0 17.3 74.5 1.0183 0.00 0.0M
508320.000 1970 COM2 65 0R0 094 2.2 17.3 74.4 1.0183 0.00 0.0M
508380.000 1970 COM2 65 0R0 106 1.1 17.3 74.4 1.0183 0.00 0.0M
508440.000 1970 COM2 65 0R0 144 0.8 17.3 74.5 1.0183 0.00 0.0M
508500.000 1970 COM2 65 0R0 094 2.5 17.3 74.2 1.0182 0.00 0.0M
508560.000 1970 COM2 65 0R0 102 2.9 17.3 74.3 1.0182 0.00 0.0M
508620.000 1970 COM2 65 0R0 088 0.6 17.3 74.3 1.0183 0.00 0.0M
508680.000 1970 COM2 65 0R0 095 1.4 17.3 74.5 1.0182 0.00 0.0M
508740.000 1970 COM2 65 0R0 080 2.9 17.3 74.2 1.0182 0.00 0.0M
508800.000 1970 COM2 65 0R0 068 1.5 17.3 74.3 1.0182 0.00 0.0M
508860.000 1970 COM2 65 0R0 105 2.0 17.3 74.5 1.0182 0.00 0.0M
508920.000 1970 COM2 65 0R0 072 1.9 17.3 74.5 1.0182 0.00 0.0M
508980.000 1970 COM2 65 0R0 059 2.6 17.3 74.4 1.0182 0.00 0.0M
509040.000 1970 COM2 65 0R0 354 1.0 17.3 74.5 1.0182 0.00 0.0M
509100.000 1970 COM2 65 0R0 091 2.3 17.3 74.5 1.0182 0.00 0.0M
509160.000 1970 COM2 65 0R0 075 1.4 17.2 74.8 1.0182 0.00 0.0M
509220.000 1970 COM2 65 0R0 120 1.6 17.2 74.8 1.0182 0.00 0.0M
509280.000 1970 COM2 65 0R0 047 1.1 17.2 74.9 1.0182 0.00 0.0M
509340.000 1970 COM2 65 0R0 073 1.4 17.2 75.0 1.0182 0.00 0.0M
509400.000 1970 COM2 65 0R0 245 0.3 17.2 75.1 1.0182 0.00 0.0M
509460.000 1970 COM2 65 0R0 109 1.3 17.2 75.1 1.0182 0.00 0.0M
509520.000 1970 COM2 65 0R0 116 1.6 17.2 74.9 1.0182 0.00 0.0M
509580.000 1970 COM2 65 0R0 104 2.4 17.3 74.9 1.0182 0.00 0.0M
509640.000 1970 COM2 65 0R0 079 1.2 17.2 75.2 1.0182 0.00 0.0M
509700.000 1970 COM2 65 0R0 087 0.7 17.2 75.1 1.0182 0.00 0.0M
509760.100 1970 COM2 65 0R0 134 0.6 17.2 75.1 1.0182 0.00 0.0M
509820.000 1970 COM2 65 0R0 145 1.0 17.3 74.9 1.0182 0.00 0.0M
509880.000 1970 COM2 65 0R0 087 2.1 17.3 74.9 1.0182 0.00 0.0M
509940.000 1970 COM2 65 0R0 082 2.4 17.3 75.0 1.0181 0.00 0.0M
510000.100 1970 COM2 65 0R0 149 1.2 17.3 74.7 1.0181 0.00 0.0M
510060.100 1970 COM2 65 0R0 092 3.3 17.2 74.9 1.0181 0.00 0.0M
510120.000 1970 COM2 65 0R0 122 1.4 17.2 74.8 1.0181 0.00 0.0M
510180.000 1970 COM2 65 0R0 113 1.9 17.2 75.0 1.0181 0.00 0.0M
510240.000 1970 COM2 65 0R0 069 0.5 17.3 75.1 1.0181 0.00 0.0M
510300.000 1970 COM2 65 0R0 112 1.4 17.2 75.1 1.0181 0.00 0.0M
510360.000 1970 COM2 65 0R0 095 1.8 17.2 75.2 1.0181 0.00 0.0M
510420.100 1970 COM2 65 0R0 072 2.0 17.2 75.2 1.0181 0.00 0.0M
510480.000 1970 COM2 65 0R0 053 2.5 17.2 75.3 1.0182 0.00 0.0M
510540.000 1970 COM2 65 0R0 084 1.9 17.2 75.6 1.0181 0.00 0.0M
510600.000 1970 COM2 65 0R0 089 1.9 17.2 75.9 1.0181 0.00 0.0M
510660.000 1970 COM2 65 0R0 087 1.7 17.1 75.9 1.0181 0.00 0.0M
510720.000 1970 COM2 65 0R0 062 2.0 17.1 75.9 1.0181 0.00 0.0M
510780.000 1970 COM2 65 0R0 062 3.3 17.1 75.9 1.0181 0.00 0.0M
510840.000 1970 COM2 65 0R0 069 2.2 17.1 76.3 1.0181 0.00 0.0M
510900.000 1970 COM2 65 0R0 073 1.9 17.0 76.2 1.0181 0.00 0.0M
510960.000 1970 COM2 65 0R0 084 2.2 17.1 76.2 1.0181 0.00 0.0M
511020.000 1970 COM2 65 0R0 072 1.6 17.1 76.0 1.0181 0.00 0.0M
511080.000 1970 COM2 65 0R0 096 1.9 17.1 76.1 1.0181 0.00 0.0M
511140.000 1970 COM2 65 0R0 092 2.3 17.1 76.2 1.0181 0.00 0.0M
511200.100 1970 COM2 65 0R0 117 0.9 17.1 76.2 1.0181 0.00 0.0M
511260.000 1970 COM2 65 0R0 100 2.1 17.1 76.1 1.0181 0.00 0.0M
511320.100 1970 COM2 65 0R0 099 1.9 17.1 76.1 1.0181 0.00 0.0M
511380.000 1970 COM2 65 0R0 095 3.2 17.1 75.8 1.0181 0.00 0.0M
511440.000 1970 COM2 65 0R0 165 0.7 17.1 75.9 1.0181 0.00 0.0M
511500.000 1970 COM2 65 0R0 105 1.0 17.2 75.8 1.0181 0.00 0.0M
511560.000 1970 COM2 65 0R0 111 2.5 17.2 75.8 1.0181 0.00 0.0M
511620.000 1970 COM2 65 0R0 118 1.5 17.2 76.0 1.0181 0.00 0.0M
511680.000 1970 COM2 65 0R0 031 2.8 17.2 76.0 1.0182 0.00 0.0M
511740.000 1970 COM2 65 0R0 093 2.1 17.2 76.1 1.0182 0.00 0.0M
511800.000 1970 COM2 65 0R0 064 2.6 17.2 76.0 1.0182 0.00 0.0M
511860.000 1970 COM2 65 0R0 073 2.6 17.1 76.2 1.0182 0.00 0.0M
511920.000 1970 COM2 65 0R0 076 1.7 17.1 76.4 1.0182 0.00 0.0M
511980.000 1970 COM2 65 0R0 009 1.9 17.1 76.4 1.0182 0.00 0.0M
512040.000 1970 COM2 65 0R0 078 1.7 17.1 76.5 1.0182 0.00 0.0M
512100.000 1970 COM2 65 0R0 053 1.9 17.0 76.6 1.0182 0.00 0.0M
512160.000 1970 COM2 65 0R0 077 1.7 17.0 76.7 1.0183 0.00 0.0M
512220.000 1970 COM2 65 0R0 073 1.6 17.0 76.8 1.0183 0.00 0.0M
512280.000 1970 COM2 65 0R0 078 1.9 17.0 76.8 1.0182 0.00 0.0M
512340.000 1970 COM2 65 0R0 111 1.5 17.0 76.8 1.0182 0.00 0.0M
512400.000 1970 COM2 65 0R0 097 2.5 17.0 76.8 1.0182 0.00 0.0M
512460.000 1970 COM2 65 0R0 061 2.8 17.0 76.8 1.0182 0.00 0.0M
512520.000 1970 COM2 65 0R0 094 1.5 17.0 76.9 1.0182 0.00 0.0M
512580.000 1970 COM2 65 0R0 046 1.5 17.0 76.9 1.0182 0.00 0.0M
512640.000 1970 COM2 65 0R0 102 1.7 17.0 77.0 1.0182 0.00 0.0M
512700.000 1970 COM2 65 0R0 106 3.0 17.0 77.1 1.0182 0.00 0.0M
512760.000 1970 COM2 65 0R0 097 2.3 17.0 77.1 1.0182 0.00 0.0M
512820.000 1970 COM2 65 0R0 101 3.2 17.0 77.1 1.0182 0.00 0.0M
512880.000 1970 COM2 65 0R0 078 2.3 17.0 77.1 1.0182 0.00 0.0M
512940.000 1970 COM2 65 0R0 078 1.1 17.0 77.3 1.0182 0.00 0.0M
513000.000 1970 COM2 65 0R0 134 0.5 17.0 77.3 1.0182 0.00 0.0M
513060.100 1970 COM2 65 0R0 082 1.4 17.0 77.2 1.0182 0.00 0.0M
513120.000 1970 COM2 65 0R0 036 2.4 17.0 77.3 1.0182 0.00 0.0M
513180.000 1970 COM2 65 0R0 038 1.8 17.0 77.5 1.0182 0.00 0.0M
513240.000 1970 COM2 65 0R0 067 1.8 16.9 77.6 1.0182 0.00 0.0M
513300.100 1970 COM2 65 0R0 099 1.9 16.9 77.7 1.0181 0.00 0.0M
513360.000 1970 COM2 65 0R0 036 2.6 16.9 77.8 1.0181 0.00 0.0M
513420.000 1970 COM2 65 0R0 065 1.6 16.9 77.9 1.0181 0.00 0.0M
513480.000 1970 COM2 65 0R0 056 3.0 16.9 78.0 1.0181 0.00 0.0M
513540.000 1970 COM2 65 0R0 073 1.4 16.8 78.2 1.0181 0.00 0.0M
513600.000 1970 COM2 65 0R0 134 1.4 16.8 78.2 1.0181 0.00 0.0M
513660.000 1970 COM2 65 0R0 089 1.5 16.8 78.2 1.0181 0.00 0.0M
513720.000 1970 COM2 65 0R0 063 1.5 16.8 78.4 1.0181 0.00 0.0M
513780.000 1970 COM2 65 0R0 071 2.2 16.8 78.5 1.0181 0.00 0.0M
513840.000 1970 COM2 65 0R0 068 3.0 16.8 78.6 1.0181 0.00 0.0M
513900.000 1970 COM2 65 0R0 061 1.8 16.8 78.8 1.0181 0.00 0.0M
513960.000 1970 COM2 65 0R0 058 2.0 16.7 78.9 1.0181 0.00 0.0M
514020.000 1970 COM2 65 0R0 063 2.8 16.7 79.0 1.0182 0.00 0.0M
514080.000 1970 COM2 65 0R0 116 1.3 16.7 78.9 1.0182 0.00 0.0M
514140.000 1970 COM2 65 0R0 039 1.2 16.7 78.9 1.0182 0.00 0.0M
514200.000 1970 COM2 65 0R0 074 2.3 16.8 78.9 1.0182 0.00 0.0M
514260.000 1970 COM2 65 0R0 089 1.6 16.7 79.1 1.0182 0.00 0.0M
514320.000 1970 COM2 65 0R0 059 2.2 16.7 79.1 1.0182 0.00 0.0M
514380.000 1970 COM2 65 0R0 125 0.7 16.7 79.2 1.0182 0.00 0.0M
514440.000 1970 COM2 65 0R0 073 2.0 16.7 79.2 1.0182 0.00 0.0M
514500.000 1970 COM2 65 0R0 065 0.7 16.7 79.2 1.0181 0.00 0.0M
514560.000 1970 COM2 65 0R0 072 0.5 16.7 79.2 1.0181 0.00 0.0M
514620.000 1970 COM2 65 0R0 356 1.2 16.7 79.2 1.0181 0.00 0.0M
514680.000 1970 COM2 65 0R0 070 1.9 16.7 79.2 1.0181 0.00 0.0M
514740.000 1970 COM2 65 0R0 062 1.5 16.7 79.3 1.0181 0.00 0.0M
514800.000 1970 COM2 65 0R0 085 1.0 16.7 79.3 1.0181 0.00 0.0M
514860.000 1970 COM2 65 0R0 138 0.3 16.7 79.2 1.0181 0.00 0.0M
514920.000 1970 COM2 65 0R0 097 0.3 16.8 79.3 1.0181 0.00 0.0M
514980.000 1970 COM2 65 0R0 061 2.2 16.8 79.3 1.0181 0.00 0.0M
515040.000 1970 COM2 65 0R0 084 1.7 16.7 79.4 1.0181 0.00 0.0M
515100.000 1970 COM2 65 0R0 060 1.0 16.7 79.5 1.0182 0.00 0.0M
515160.000 1970 COM2 65 0R0 061 0.7 16.7 79.5 1.0182 0.00 0.0M
515220.000 1970 COM2 65 0R0 080 0.5 16.7 79.5 1.0181 0.00 0.0M
515280.000 1970 COM2 65 0R0 054 1.2 16.7 79.4 1.0182 0.00 0.0M
515340.000 1970 COM2 65 0R0 086 1.1 16.7 79.5 1.0182 0.00 0.0M
515400.000 1970 COM2 65 0R0 055 2.8 16.7 79.5 1.0182 0.00 0.0M
515460.000 1970 COM2 65 0R0 074 3.0 16.7 79.7 1.0182 0.00 0.0M
515520.000 1970 COM2 65 0R0 060 2.3 16.7 79.8 1.0182 0.00 0.0M
515580.000 1970 COM2 65 0R0 074 1.4 16.7 79.9 1.0182 0.00 0.0M
515640.000 1970 COM2 65 0R0 078 1.9 16.7 80.0 1.0182 0.00 0.0M
515700.000 1970 COM2 65 0R0 017 0.5 16.7 80.0 1.0182 0.00 0.0M
515760.000 1970 COM2 65 0R0 062 2.3 16.7 80.0 1.0182 0.00 0.0M
515820.000 1970 COM2 65 0R0 022 1.7 16.7 80.0 1.0182 0.00 0.0M
515880.000 1970 COM2 65 0R0 099 1.4 16.7 80.2 1.0182 0.00 0.0M
515940.000 1970 COM2 65 0R0 077 1.9 16.7 80.2 1.0182 0.00 0.0M
516000.000 1970 COM2 65 0R0 102 1.1 16.6 80.2 1.0182 0.00 0.0M
516060.000 1970 COM2 65 0R0 207 0.2 16.6 80.3 1.0182 0.00 0.0M
516120.000 1970 COM2 65 0R0 066 3.0 16.6 80.3 1.0182 0.00 0.0M
516180.000 1970 COM2 65 0R0 060 3.1 16.6 80.4 1.0182 0.00 0.0M
516240.000 1970 COM2 65 0R0 074 3.2 16.6 80.5 1.0182 0.00 0.0M
516300.000 1970 COM2 65 0R0 024 2.5 16.6 80.5 1.0182 0.00 0.0M
516360.000 1970 COM2 65 0R0 032 0.9 16.6 80.6 1.0182 0.00 0.0M
516420.000 1970 COM2 65 0R0 080 2.5 16.6 80.6 1.0182 0.00 0.0M
516480.000 1970 COM2 65 0R0 068 3.7 16.6 80.7 1.0182 0.00 0.0M
516540.000 1970 COM2 65 0R0 085 1.3 16.6 80.7 1.0182 0.00 0.0M
516600.000 1970 COM2 65 0R0 090 1.2 16.6 80.8 1.0182 0.00 0.0M
516660.000 1970 COM2 65 0R0 106 0.4 16.6 80.6 1.0182 0.00 0.0M
516720.000 1970 COM2 65 0R0 067 2.1 16.6 80.7 1.0182 0.00 0.0M
516780.000 1970 COM2 65 0R0 066 2.3 16.6 80.7 1.0182 0.00 0.0M
516840.000 1970 COM2 65 0R0 070 1.8 16.6 80.8 1.0182 0.00 0.0M
516900.000 1970 COM2 65 0R0 074 2.4 16.6 80.9 1.0182 0.00 0.0M
516960.000 1970 COM2 65 0R0 071 1.8 16.6 81.0 1.0182 0.00 0.0M
517020.000 1970 COM2 65 0R0 349 1.0 16.6 81.0 1.0182 0.00 0.0M
517080.000 1970 COM2 65 0R0 074 1.2 16.6 81.0 1.0182 0.00 0.0M
517140.000 1970 COM2 65 0R0 049 0.6 16.6 81.0 1.0182 0.00 0.0M
517200.000 1970 COM2 65 0R0 068 2.9 16.6 81.1 1.0181 0.00 0.0M
517260.000 1970 COM2 65 0R0 080 1.5 16.6 81.2 1.0181 0.00 0.0M
517320.000 1970 COM2 65 0R0 070 1.9 16.6 81.2 1.0181 0.00 0.0M
517380.000 1970 COM2 65 0R0 092 0.8 16.6 81.1 1.0181 0.00 0.0M
517440.000 1970 COM2 65 0R0 048 1.9 16.6 81.1 1.0181 0.00 0.0M
517500.000 1970 COM2 65 0R0 042 1.2 16.6 81.0 1.0181 0.00 0.0M
517560.000 1970 COM2 65 0R0 045 1.0 16.6 81.0 1.0181 0.00 0.0M
517620.000 1970 COM2 65 0R0 050 2.7 16.6 81.0 1.0181 0.00 0.0M
517680.000 1970 COM2 65 0R0 067 2.4 16.6 81.0 1.0181 0.00 0.0M
517740.000 1970 COM2 65 0R0 081 1.4 16.6 81.2 1.0181 0.00 0.0M
517800.000 1970 COM2 65 0R0 094 1.2 16.6 81.3 1.0181 0.00 0.0M
517860.000 1970 COM2 65 0R0 094 0.5 16.6 81.1 1.0182 0.00 0.0M
517920.000 1970 COM2 65 0R0 043 1.7 16.6 81.2 1.0182 0.00 0.0M
517980.000 1970 COM2 65 0R0 032 1.9 16.6 81.2 1.0182 0.00 0.0M
518040.000 1970 COM2 65 0R0 036 2.7 16.6 81.2 1.0182 0.00 0.0M
518100.000 1970 COM2 65 0R0 058 0.8 16.6 81.3 1.0182 0.00 0.0M
518160.000 1970 COM2 65 0R0 043 3.2 16.6 81.3 1.0182 0.00 0.0M
518220.000 1970 COM2 65 0R0 062 1.3 16.6 81.4 1.0182 0.00 0.0M
518280.000 1970 COM2 65 0R0 047 0.7 16.5 81.4 1.0182 0.00 0.0M
518340.000 1970 COM2 65 0R0 061 0.2 16.6 81.5 1.0182 0.00 0.0M
