TO [s] WNc [w] C StringLn ASCIIString
---------------------------------------
0.000 1964 COM2 65 0R0 347 0.2 21.5 44.4 1.0150 0.00 0.0M
60.000 1964 COM2 65 0R0 044 0.3 21.5 44.6 1.0150 0.00 0.0M
120.000 1964 COM2 65 0R0 084 0.5 21.5 44.8 1.0149 0.00 0.0M
180.000 1964 COM2 65 0R0 020 0.4 21.4 44.9 1.0149 0.00 0.0M
240.000 1964 COM2 65 0R0 287 0.3 21.4 45.0 1.0149 0.00 0.0M
300.100 1964 COM2 65 0R0 355 0.3 21.4 45.0 1.0149 0.00 0.0M
360.000 1964 COM2 65 0R0 049 0.6 21.4 45.3 1.0149 0.00 0.0M
420.000 1964 COM2 65 0R0 003 0.6 21.3 45.5 1.0149 0.00 0.0M
480.000 1964 COM2 65 0R0 334 0.9 21.3 45.2 1.0149 0.00 0.0M
540.000 1964 COM2 65 0R0 346 0.6 21.3 45.2 1.0149 0.00 0.0M
600.000 1964 COM2 65 0R0 009 1.0 21.3 45.6 1.0149 0.00 0.0M
660.000 1964 COM2 65 0R0 299 0.4 21.3 45.5 1.0149 0.00 0.0M
720.000 1964 COM2 65 0R0 018 0.5 21.3 45.9 1.0149 0.00 0.0M
780.000 1964 COM2 65 0R0 331 0.3 21.3 45.9 1.0149 0.00 0.0M
840.000 1964 COM2 65 0R0 051 0.3 21.2 46.1 1.0149 0.00 0.0M
900.000 1964 COM2 65 0R0 351 0.6 21.2 46.0 1.0150 0.00 0.0M
960.000 1964 COM2 65 0R0 338 1.2 21.2 46.0 1.0150 0.00 0.0M
1020.000 1964 COM2 65 0R0 349 1.5 21.2 45.9 1.0150 0.00 0.0M
1080.000 1964 COM2 65 0R0 331 0.6 21.2 46.1 1.0150 0.00 0.0M
1140.000 1964 COM2 65 0R0 331 1.3 21.2 45.9 1.0150 0.00 0.0M
1200.000 1964 COM2 65 0R0 344 0.5 21.2 45.9 1.0150 0.00 0.0M
1260.000 1964 COM2 65 0R0 318 0.8 21.2 46.0 1.0150 0.00 0.0M
1320.000 1964 COM2 65 0R0 331 0.3 21.2 46.0 1.0150 0.00 0.0M
1380.000 1964 COM2 65 0R0 007 0.1 21.2 46.1 1.0151 0.00 0.0M
1440.000 1964 COM2 65 0R0 314 0.8 21.2 46.0 1.0151 0.00 0.0M
1500.000 1964 COM2 65 0R0 331 0.3 21.2 46.0 1.0151 0.00 0.0M
1560.000 1964 COM2 65 0R0 014 0.4 21.2 46.1 1.0151 0.00 0.0M
1620.000 1964 COM2 65 0R0 354 0.7 21.1 46.0 1.0151 0.00 0.0M
1680.000 1964 COM2 65 0R0 008 1.1 21.1 46.4 1.0151 0.00 0.0M
1740.000 1964 COM2 65 0R0 304 0.4 21.1 46.2 1.0151 0.00 0.0M
1800.000 1964 COM2 65 0R0 063 0.5 21.1 46.3 1.0151 0.00 0.0M
1860.000 1964 COM2 65 0R0 334 1.4 21.1 46.4 1.0151 0.00 0.0M
1920.000 1964 COM2 65 0R0 347 0.6 21.1 46.2 1.0151 0.00 0.0M
1980.000 1964 COM2 65 0R0 336 1.7 21.1 46.8 1.0151 0.00 0.0M
2040.000 1964 COM2 65 0R0 356 1.1 21.1 45.3 1.0151 0.00 0.0M
2100.000 1964 COM2 65 0R0 339 1.3 21.0 46.3 1.0151 0.00 0.0M
2160.000 1964 COM2 65 0R0 322 1.3 21.0 46.2 1.0151 0.00 0.0M
2220.000 1964 COM2 65 0R0 340 1.7 21.0 46.0 1.0151 0.00 0.0M
2280.000 1964 COM2 65 0R0 001 1.0 21.0 46.4 1.0151 0.00 0.0M
2340.000 1964 COM2 65 0R0 344 1.2 21.0 46.2 1.0151 0.00 0.0M
2400.000 1964 COM2 65 0R0 056 0.8 21.0 46.1 1.0151 0.00 0.0M
2460.000 1964 COM2 65 0R0 338 1.4 21.0 46.2 1.0151 0.00 0.0M
2520.000 1964 COM2 65 0R0 002 0.3 21.0 46.2 1.0151 0.00 0.0M
2580.000 1964 COM2 65 0R0 005 0.3 21.0 45.7 1.0151 0.00 0.0M
2640.000 1964 COM2 65 0R0 346 1.6 21.0 46.4 1.0151 0.00 0.0M
2700.000 1964 COM2 65 0R0 328 0.4 21.0 46.1 1.0152 0.00 0.0M
2760.000 1964 COM2 65 0R0 013 0.3 21.0 45.8 1.0152 0.00 0.0M
2820.000 1964 COM2 65 0R0 305 1.1 21.0 46.3 1.0152 0.00 0.0M
2880.000 1964 COM2 65 0R0 302 0.2 20.9 46.0 1.0152 0.00 0.0M
2940.000 1964 COM2 65 0R0 340 1.1 20.9 46.0 1.0152 0.00 0.0M
3000.000 1964 COM2 65 0R0 007 0.2 20.9 45.7 1.0152 0.00 0.0M
3060.000 1964 COM2 65 0R0 338 0.2 20.9 46.0 1.0152 0.00 0.0M
3120.000 1964 COM2 65 0R0 312 1.7 20.9 46.0 1.0152 0.00 0.0M
3180.000 1964 COM2 65 0R0 066 0.2 20.9 45.8 1.0152 0.00 0.0M
3240.000 1964 COM2 65 0R0 018 0.3 20.9 46.0 1.0152 0.00 0.0M
3300.000 1964 COM2 65 0R0 192 0.1 20.9 45.2 1.0152 0.00 0.0M
3360.000 1964 COM2 65 0R0 333 0.7 20.9 45.7 1.0152 0.00 0.0M
3420.000 1964 COM2 65 0R0 359 0.4 20.9 45.5 1.0152 0.00 0.0M
3480.000 1964 COM2 65 0R0 345 1.2 20.9 46.1 1.0153 0.00 0.0M
3540.000 1964 COM2 65 0R0 329 1.2 20.8 45.9 1.0153 0.00 0.0M
3600.000 1964 COM2 65 0R0 340 2.3 20.8 46.2 1.0152 0.00 0.0M
3660.000 1964 COM2 65 0R0 348 1.3 20.8 45.6 1.0152 0.00 0.0M
3720.000 1964 COM2 65 0R0 319 1.9 20.7 45.9 1.0152 0.00 0.0M
3780.000 1964 COM2 65 0R0 344 2.5 20.7 46.1 1.0152 0.00 0.0M
3840.000 1964 COM2 65 0R0 011 1.1 20.7 46.2 1.0152 0.00 0.0M
3900.000 1964 COM2 65 0R0 345 1.9 20.7 46.4 1.0152 0.00 0.0M
3960.000 1964 COM2 65 0R0 347 1.6 20.6 46.2 1.0152 0.00 0.0M
4020.000 1964 COM2 65 0R0 325 0.7 20.6 46.9 1.0152 0.00 0.0M
4080.000 1964 COM2 65 0R0 343 2.5 20.6 46.1 1.0153 0.00 0.0M
4140.000 1964 COM2 65 0R0 352 1.7 20.6 46.9 1.0153 0.00 0.0M
4200.000 1964 COM2 65 0R0 350 2.2 20.5 46.9 1.0153 0.00 0.0M
4260.000 1964 COM2 65 0R0 343 2.8 20.5 47.2 1.0153 0.00 0.0M
4320.000 1964 COM2 65 0R0 006 0.8 20.4 46.2 1.0153 0.00 0.0M
4380.000 1964 COM2 65 0R0 034 1.3 20.4 47.0 1.0152 0.00 0.0M
4440.000 1964 COM2 65 0R0 340 1.7 20.4 48.1 1.0153 0.00 0.0M
4500.000 1964 COM2 65 0R0 057 0.4 20.4 47.9 1.0152 0.00 0.0M
4560.000 1964 COM2 65 0R0 345 2.2 20.4 47.8 1.0152 0.00 0.0M
4620.000 1964 COM2 65 0R0 025 0.3 20.4 48.2 1.0153 0.00 0.0M
4680.000 1964 COM2 65 0R0 020 1.2 20.3 49.0 1.0153 0.00 0.0M
4740.000 1964 COM2 65 0R0 024 0.8 20.2 49.7 1.0153 0.00 0.0M
4800.000 1964 COM2 65 0R0 005 0.9 20.1 50.4 1.0153 0.00 0.0M
4860.000 1964 COM2 65 0R0 357 0.8 20.1 50.2 1.0153 0.00 0.0M
4920.000 1964 COM2 65 0R0 344 2.0 20.0 50.1 1.0153 0.00 0.0M
4980.000 1964 COM2 65 0R0 002 1.2 20.0 49.2 1.0153 0.00 0.0M
5040.000 1964 COM2 65 0R0 334 1.6 20.0 49.9 1.0153 0.00 0.0M
5100.000 1964 COM2 65 0R0 349 0.5 19.9 49.8 1.0154 0.00 0.0M
5160.000 1964 COM2 65 0R0 047 0.7 19.9 49.5 1.0154 0.00 0.0M
5220.000 1964 COM2 65 0R0 345 1.1 19.9 50.3 1.0154 0.00 0.0M
5280.000 1964 COM2 65 0R0 352 0.8 19.9 50.2 1.0154 0.00 0.0M
5340.000 1964 COM2 65 0R0 341 1.7 19.9 49.5 1.0154 0.00 0.0M
5400.000 1964 COM2 65 0R0 340 1.7 19.9 49.3 1.0155 0.00 0.0M
5460.000 1964 COM2 65 0R0 344 0.6 19.9 48.9 1.0155 0.00 0.0M
5520.000 1964 COM2 65 0R0 353 1.1 20.0 49.2 1.0155 0.00 0.0M
5580.000 1964 COM2 65 0R0 344 1.5 20.0 49.1 1.0155 0.00 0.0M
5640.000 1964 COM2 65 0R0 289 0.3 20.0 48.4 1.0155 0.00 0.0M
5700.100 1964 COM2 65 0R0 005 0.3 20.0 49.5 1.0155 0.00 0.0M
5760.000 1964 COM2 65 0R0 004 0.4 19.9 48.6 1.0155 0.00 0.0M
5820.000 1964 COM2 65 0R0 039 0.6 19.9 49.3 1.0156 0.00 0.0M
5880.000 1964 COM2 65 0R0 018 0.3 19.9 49.8 1.0156 0.00 0.0M
5940.000 1964 COM2 65 0R0 068 0.4 19.9 49.1 1.0156 0.00 0.0M
6000.000 1964 COM2 65 0R0 334 1.8 19.9 48.8 1.0156 0.00 0.0M
6060.000 1964 COM2 65 0R0 349 1.3 19.9 48.3 1.0156 0.00 0.0M
6120.000 1964 COM2 65 0R0 002 0.7 19.9 49.0 1.0156 0.00 0.0M
6180.000 1964 COM2 65 0R0 024 0.5 19.9 49.2 1.0156 0.00 0.0M
6240.000 1964 COM2 65 0R0 350 0.7 19.9 48.9 1.0156 0.00 0.0M
6300.000 1964 COM2 65 0R0 003 0.7 19.9 49.1 1.0155 0.00 0.0M
6360.000 1964 COM2 65 0R0 026 0.3 19.9 49.3 1.0155 0.00 0.0M
6420.000 1964 COM2 65 0R0 009 1.1 19.8 49.6 1.0155 0.00 0.0M
6480.100 1964 COM2 65 0R0 042 0.7 19.8 49.0 1.0155 0.00 0.0M
6540.000 1964 COM2 65 0R0 351 1.6 19.8 49.5 1.0155 0.00 0.0M
6600.100 1964 COM2 65 0R0 009 1.2 19.8 49.4 1.0155 0.00 0.0M
6660.000 1964 COM2 65 0R0 314 0.7 19.8 49.5 1.0155 0.00 0.0M
6720.000 1964 COM2 65 0R0 030 1.6 19.7 49.6 1.0155 0.00 0.0M
6780.000 1964 COM2 65 0R0 035 1.1 19.7 49.6 1.0155 0.00 0.0M
6840.000 1964 COM2 65 0R0 004 1.1 19.7 49.8 1.0155 0.00 0.0M
6900.000 1964 COM2 65 0R0 041 1.4 19.7 49.9 1.0155 0.00 0.0M
6960.000 1964 COM2 65 0R0 035 1.4 19.6 50.0 1.0155 0.00 0.0M
7020.000 1964 COM2 65 0R0 022 1.2 19.6 50.4 1.0155 0.00 0.0M
7080.000 1964 COM2 65 0R0 004 1.3 19.6 50.2 1.0155 0.00 0.0M
7140.000 1964 COM2 65 0R0 015 1.0 19.6 50.2 1.0155 0.00 0.0M
7200.000 1964 COM2 65 0R0 351 1.4 19.5 49.9 1.0155 0.00 0.0M
7260.000 1964 COM2 65 0R0 349 1.4 19.5 50.3 1.0156 0.00 0.0M
7320.000 1964 COM2 65 0R0 017 0.7 19.5 50.2 1.0156 0.00 0.0M
7380.000 1964 COM2 65 0R0 002 1.6 19.5 50.5 1.0156 0.00 0.0M
7440.000 1964 COM2 65 0R0 029 2.6 19.5 50.2 1.0156 0.00 0.0M
7500.000 1964 COM2 65 0R0 353 0.8 19.5 50.8 1.0156 0.00 0.0M
7560.000 1964 COM2 65 0R0 035 1.2 19.5 50.9 1.0156 0.00 0.0M
7620.000 1964 COM2 65 0R0 356 0.9 19.5 51.1 1.0156 0.00 0.0M
7680.000 1964 COM2 65 0R0 068 0.5 19.5 51.1 1.0156 0.00 0.0M
7740.000 1964 COM2 65 0R0 000 0.3 19.4 51.5 1.0156 0.00 0.0M
7800.000 1964 COM2 65 0R0 006 1.3 19.4 51.4 1.0156 0.00 0.0M
7860.000 1964 COM2 65 0R0 036 1.3 19.4 51.2 1.0156 0.00 0.0M
7920.000 1964 COM2 65 0R0 030 1.7 19.4 51.5 1.0156 0.00 0.0M
7980.300 1964 COM2 65 0R0 001 0.8 19.4 50.8 1.0156 0.00 0.0M
8040.000 1964 COM2 65 0R0 002 1.7 19.4 51.1 1.0156 0.00 0.0M
8100.000 1964 COM2 65 0R0 344 2.5 19.4 51.2 1.0156 0.00 0.0M
8160.100 1964 COM2 65 0R0 041 0.4 19.4 50.5 1.0156 0.00 0.0M
8220.000 1964 COM2 65 0R0 005 0.9 19.4 51.1 1.0156 0.00 0.0M
8280.000 1964 COM2 65 0R0 029 1.8 19.4 51.0 1.0156 0.00 0.0M
8340.000 1964 COM2 65 0R0 063 0.8 19.4 51.0 1.0156 0.00 0.0M
8400.000 1964 COM2 65 0R0 026 2.1 19.4 51.3 1.0156 0.00 0.0M
8460.000 1964 COM2 65 0R0 027 1.5 19.3 51.3 1.0156 0.00 0.0M
8520.000 1964 COM2 65 0R0 027 0.8 19.3 51.4 1.0156 0.00 0.0M
8580.000 1964 COM2 65 0R0 019 1.5 19.3 51.4 1.0156 0.00 0.0M
8640.000 1964 COM2 65 0R0 027 2.0 19.3 51.7 1.0156 0.00 0.0M
8700.000 1964 COM2 65 0R0 011 1.4 19.3 51.7 1.0155 0.00 0.0M
8760.000 1964 COM2 65 0R0 031 1.0 19.3 51.6 1.0156 0.00 0.0M
8820.000 1964 COM2 65 0R0 356 1.0 19.3 52.0 1.0156 0.00 0.0M
8880.000 1964 COM2 65 0R0 023 0.6 19.3 51.6 1.0156 0.00 0.0M
8940.000 1964 COM2 65 0R0 040 1.6 19.2 51.3 1.0156 0.00 0.0M
9000.000 1964 COM2 65 0R0 317 1.1 19.2 51.5 1.0156 0.00 0.0M
9060.000 1964 COM2 65 0R0 011 1.9 19.2 51.8 1.0156 0.00 0.0M
9120.000 1964 COM2 65 0R0 338 0.4 19.2 51.8 1.0157 0.00 0.0M
9180.000 1964 COM2 65 0R0 349 1.3 19.2 52.1 1.0157 0.00 0.0M
9240.000 1964 COM2 65 0R0 331 0.9 19.2 52.2 1.0157 0.00 0.0M
9300.000 1964 COM2 65 0R0 358 0.6 19.2 52.0 1.0156 0.00 0.0M
9360.000 1964 COM2 65 0R0 029 0.6 19.2 51.8 1.0156 0.00 0.0M
9420.000 1964 COM2 65 0R0 348 1.0 19.2 51.2 1.0156 0.00 0.0M
9480.000 1964 COM2 65 0R0 342 1.4 19.2 51.6 1.0156 0.00 0.0M
9540.000 1964 COM2 65 0R0 332 1.0 19.2 51.7 1.0156 0.00 0.0M
9600.000 1964 COM2 65 0R0 046 0.8 19.2 52.0 1.0156 0.00 0.0M
9660.000 1964 COM2 65 0R0 355 1.3 19.2 51.8 1.0156 0.00 0.0M
9720.000 1964 COM2 65 0R0 345 1.0 19.2 51.4 1.0156 0.00 0.0M
9780.000 1964 COM2 65 0R0 010 0.8 19.2 51.9 1.0156 0.00 0.0M
9840.100 1964 COM2 65 0R0 345 0.9 19.2 51.7 1.0156 0.00 0.0M
9900.000 1964 COM2 65 0R0 319 1.4 19.2 51.9 1.0156 0.00 0.0M
9960.000 1964 COM2 65 0R0 338 3.0 19.2 51.9 1.0156 0.00 0.0M
10020.000 1964 COM2 65 0R0 007 1.0 19.2 51.3 1.0156 0.00 0.0M
10080.000 1964 COM2 65 0R0 010 0.8 19.2 51.6 1.0156 0.00 0.0M
10140.000 1964 COM2 65 0R0 348 1.1 19.1 51.5 1.0156 0.00 0.0M
10200.000 1964 COM2 65 0R0 076 0.8 19.1 51.5 1.0156 0.00 0.0M
10260.000 1964 COM2 65 0R0 352 0.7 19.1 51.7 1.0156 0.00 0.0M
10320.000 1964 COM2 65 0R0 026 1.3 19.1 52.1 1.0156 0.00 0.0M
10380.000 1964 COM2 65 0R0 072 0.4 19.1 52.3 1.0156 0.00 0.0M
10440.000 1964 COM2 65 0R0 096 2.4 19.1 53.2 1.0156 0.00 0.0M
10500.000 1964 COM2 65 0R0 093 0.9 19.1 58.1 1.0156 0.00 0.0M
10560.000 1964 COM2 65 0R0 210 0.2 18.9 59.4 1.0157 0.00 0.0M
10620.000 1964 COM2 65 0R0 292 0.6 18.8 59.4 1.0156 0.00 0.0M
10680.000 1964 COM2 65 0R0 092 0.8 18.7 58.5 1.0156 0.00 0.0M
10740.000 1964 COM2 65 0R0 084 0.8 18.6 60.4 1.0156 0.00 0.0M
10800.000 1964 COM2 65 0R0 084 0.6 18.6 61.6 1.0157 0.00 0.0M
10860.000 1964 COM2 65 0R0 097 0.6 18.5 62.3 1.0157 0.00 0.0M
10920.000 1964 COM2 65 0R0 064 1.0 18.5 62.9 1.0157 0.00 0.0M
10980.000 1964 COM2 65 0R0 322 0.3 18.4 62.5 1.0157 0.00 0.0M
11040.000 1964 COM2 65 0R0 086 0.3 18.3 63.2 1.0157 0.00 0.0M
11100.000 1964 COM2 65 0R0 093 1.2 18.3 63.1 1.0157 0.00 0.0M
11160.000 1964 COM2 65 0R0 110 0.7 18.2 63.1 1.0157 0.00 0.0M
11220.000 1964 COM2 65 0R0 119 0.1 18.2 64.1 1.0156 0.00 0.0M
11280.000 1964 COM2 65 0R0 091 0.4 18.2 64.6 1.0156 0.00 0.0M
11340.000 1964 COM2 65 0R0 003 0.4 18.1 65.0 1.0156 0.00 0.0M
11400.000 1964 COM2 65 0R0 031 0.2 18.0 65.9 1.0156 0.00 0.0M
11460.000 1964 COM2 65 0R0 024 0.5 18.0 64.7 1.0156 0.00 0.0M
11520.000 1964 COM2 65 0R0 023 0.3 18.0 64.7 1.0156 0.00 0.0M
11580.000 1964 COM2 65 0R0 076 0.3 17.9 64.2 1.0156 0.00 0.0M
11640.000 1964 COM2 65 0R0 094 0.7 17.9 63.0 1.0156 0.00 0.0M
11700.100 1964 COM2 65 0R0 088 0.5 17.9 63.9 1.0156 0.00 0.0M
11760.000 1964 COM2 65 0R0 335 0.2 17.9 63.8 1.0156 0.00 0.0M
11820.000 1964 COM2 65 0R0 022 0.4 17.8 64.3 1.0157 0.00 0.0M
11880.000 1964 COM2 65 0R0 078 0.3 17.8 64.6 1.0157 0.00 0.0M
11940.000 1964 COM2 65 0R0 035 1.0 17.8 64.3 1.0157 0.00 0.0M
12000.000 1964 COM2 65 0R0 067 0.8 17.8 63.5 1.0157 0.00 0.0M
12060.000 1964 COM2 65 0R0 046 0.8 17.7 63.1 1.0157 0.00 0.0M
12120.000 1964 COM2 65 0R0 047 0.7 17.7 63.1 1.0157 0.00 0.0M
12180.000 1964 COM2 65 0R0 128 0.2 17.7 63.3 1.0157 0.00 0.0M
12240.000 1964 COM2 65 0R0 053 0.6 17.6 63.7 1.0157 0.00 0.0M
12300.000 1964 COM2 65 0R0 246 0.1 17.6 64.0 1.0157 0.00 0.0M
12360.000 1964 COM2 65 0R0 032 0.6 17.6 65.0 1.0157 0.00 0.0M
12420.000 1964 COM2 65 0R0 077 0.8 17.6 64.1 1.0157 0.00 0.0M
12480.000 1964 COM2 65 0R0 027 0.3 17.5 64.1 1.0157 0.00 0.0M
12540.000 1964 COM2 65 0R0 044 0.8 17.5 64.1 1.0157 0.00 0.0M
12600.000 1964 COM2 65 0R0 332 0.5 17.5 64.0 1.0157 0.00 0.0M
12660.000 1964 COM2 65 0R0 098 0.4 17.5 63.9 1.0157 0.00 0.0M
12720.000 1964 COM2 65 0R0 354 0.5 17.5 63.9 1.0157 0.00 0.0M
12780.000 1964 COM2 65 0R0 048 0.4 17.5 64.1 1.0157 0.00 0.0M
12840.000 1964 COM2 65 0R0 083 0.3 17.5 64.0 1.0157 0.00 0.0M
12900.000 1964 COM2 65 0R0 048 0.7 17.5 63.9 1.0157 0.00 0.0M
12960.000 1964 COM2 65 0R0 018 0.5 17.5 64.0 1.0157 0.00 0.0M
13020.000 1964 COM2 65 0R0 027 0.7 17.5 64.0 1.0157 0.00 0.0M
13080.000 1964 COM2 65 0R0 038 0.3 17.4 64.0 1.0157 0.00 0.0M
13140.000 1964 COM2 65 0R0 345 0.5 17.4 64.3 1.0157 0.00 0.0M
13200.000 1964 COM2 65 0R0 035 0.8 17.4 64.4 1.0157 0.00 0.0M
13260.000 1964 COM2 65 0R0 010 0.9 17.4 64.5 1.0157 0.00 0.0M
13320.000 1964 COM2 65 0R0 064 0.5 17.4 64.8 1.0157 0.00 0.0M
13380.000 1964 COM2 65 0R0 359 0.6 17.4 64.3 1.0157 0.00 0.0M
13440.000 1964 COM2 65 0R0 016 0.9 17.4 64.3 1.0157 0.00 0.0M
13500.000 1964 COM2 65 0R0 058 0.6 17.4 64.2 1.0157 0.00 0.0M
13560.000 1964 COM2 65 0R0 001 0.8 17.4 64.0 1.0157 0.00 0.0M
13620.000 1964 COM2 65 0R0 340 1.1 17.4 63.7 1.0157 0.00 0.0M
13680.000 1964 COM2 65 0R0 028 0.5 17.4 63.5 1.0157 0.00 0.0M
13740.000 1964 COM2 65 0R0 003 1.8 17.5 63.2 1.0157 0.00 0.0M
13800.000 1964 COM2 65 0R0 336 0.8 17.5 62.6 1.0157 0.00 0.0M
13860.000 1964 COM2 65 0R0 195 0.7 17.6 62.8 1.0157 0.00 0.0M
13920.000 1964 COM2 65 0R0 024 1.1 17.6 62.5 1.0157 0.00 0.0M
13980.000 1964 COM2 65 0R0 352 1.4 17.6 62.4 1.0157 0.00 0.0M
14040.000 1964 COM2 65 0R0 330 0.8 17.7 61.3 1.0157 0.00 0.0M
14100.000 1964 COM2 65 0R0 018 0.5 17.7 61.9 1.0157 0.00 0.0M
14160.000 1964 COM2 65 0R0 023 0.6 17.7 61.6 1.0157 0.00 0.0M
14220.000 1964 COM2 65 0R0 318 0.8 17.8 61.9 1.0157 0.00 0.0M
14280.000 1964 COM2 65 0R0 045 0.9 17.8 61.2 1.0157 0.00 0.0M
14340.000 1964 COM2 65 0R0 034 0.6 17.8 61.9 1.0157 0.00 0.0M
14400.000 1964 COM2 65 0R0 020 0.5 17.8 61.9 1.0157 0.00 0.0M
14460.000 1964 COM2 65 0R0 013 0.9 17.8 61.3 1.0157 0.00 0.0M
14520.000 1964 COM2 65 0R0 330 1.0 17.8 60.7 1.0157 0.00 0.0M
14580.000 1964 COM2 65 0R0 040 1.5 17.8 60.7 1.0157 0.00 0.0M
14640.000 1964 COM2 65 0R0 100 0.3 17.8 61.0 1.0157 0.00 0.0M
14700.000 1964 COM2 65 0R0 343 0.5 17.8 61.2 1.0157 0.00 0.0M
14760.000 1964 COM2 65 0R0 079 0.6 17.8 60.1 1.0157 0.00 0.0M
14820.000 1964 COM2 65 0R0 055 0.6 17.9 60.5 1.0157 0.00 0.0M
14880.000 1964 COM2 65 0R0 024 0.2 17.9 61.1 1.0157 0.00 0.0M
14940.000 1964 COM2 65 0R0 328 1.0 17.9 60.7 1.0157 0.00 0.0M
15000.000 1964 COM2 65 0R0 008 0.8 17.9 60.4 1.0157 0.00 0.0M
15060.000 1964 COM2 65 0R0 013 0.4 17.9 60.9 1.0157 0.00 0.0M
15120.000 1964 COM2 65 0R0 070 1.0 17.9 59.7 1.0157 0.00 0.0M
15180.000 1964 COM2 65 0R0 329 0.8 17.9 60.1 1.0157 0.00 0.0M
15240.000 1964 COM2 65 0R0 039 0.5 17.9 60.6 1.0157 0.00 0.0M
15300.000 1964 COM2 65 0R0 358 0.9 17.9 59.7 1.0158 0.00 0.0M
15360.000 1964 COM2 65 0R0 037 1.3 17.9 59.7 1.0158 0.00 0.0M
15420.000 1964 COM2 65 0R0 046 0.9 17.9 59.3 1.0158 0.00 0.0M
15480.000 1964 COM2 65 0R0 003 0.2 17.9 59.9 1.0158 0.00 0.0M
15540.000 1964 COM2 65 0R0 353 0.2 17.9 60.4 1.0158 0.00 0.0M
15600.000 1964 COM2 65 0R0 004 0.5 17.9 59.9 1.0158 0.00 0.0M
15660.000 1964 COM2 65 0R0 345 0.2 17.9 60.0 1.0158 0.00 0.0M
15720.000 1964 COM2 65 0R0 020 0.1 17.9 60.0 1.0158 0.00 0.0M
15780.000 1964 COM2 65 0R0 025 0.3 17.9 60.0 1.0158 0.00 0.0M
15840.000 1964 COM2 65 0R0 329 0.2 17.9 60.1 1.0158 0.00 0.0M
15900.000 1964 COM2 65 0R0 022 0.4 17.9 59.3 1.0158 0.00 0.0M
15960.000 1964 COM2 65 0R0 046 0.2 17.9 59.5 1.0158 0.00 0.0M
16020.000 1964 COM2 65 0R0 003 0.1 17.9 60.0 1.0158 0.00 0.0M
16080.000 1964 COM2 65 0R0 031 0.2 17.9 60.0 1.0158 0.00 0.0M
16140.000 1964 COM2 65 0R0 068 0.2 17.9 60.0 1.0158 0.00 0.0M
16200.000 1964 COM2 65 0R0 330 0.2 17.9 59.6 1.0158 0.00 0.0M
16260.000 1964 COM2 65 0R0 341 0.1 17.9 59.8 1.0158 0.00 0.0M
16320.000 1964 COM2 65 0R0 114 0.2 17.9 60.3 1.0158 0.00 0.0M
16380.000 1964 COM2 65 0R0 245 0.2 17.9 60.6 1.0158 0.00 0.0M
16440.000 1964 COM2 65 0R0 026 0.5 17.9 60.8 1.0158 0.00 0.0M
16500.000 1964 COM2 65 0R0 070 0.3 17.9 60.4 1.0158 0.00 0.0M
16560.000 1964 COM2 65 0R0 003 0.5 17.9 60.6 1.0158 0.00 0.0M
16620.000 1964 COM2 65 0R0 077 0.2 17.8 61.0 1.0158 0.00 0.0M
16680.000 1964 COM2 65 0R0 353 0.3 17.8 61.0 1.0158 0.00 0.0M
16740.000 1964 COM2 65 0R0 329 0.9 17.8 60.5 1.0158 0.00 0.0M
16800.000 1964 COM2 65 0R0 356 1.1 17.8 59.9 1.0157 0.00 0.0M
16860.000 1964 COM2 65 0R0 060 0.5 17.8 60.3 1.0157 0.00 0.0M
16920.000 1964 COM2 65 0R0 085 0.7 17.8 60.7 1.0157 0.00 0.0M
16980.000 1964 COM2 65 0R0 062 0.2 17.8 60.8 1.0157 0.00 0.0M
17040.000 1964 COM2 65 0R0 098 0.3 17.8 61.5 1.0157 0.00 0.0M
17100.000 1964 COM2 65 0R0 349 1.7 17.8 61.5 1.0157 0.00 0.0M
17160.000 1964 COM2 65 0R0 032 0.5 17.7 60.9 1.0157 0.00 0.0M
17220.000 1964 COM2 65 0R0 330 1.7 17.7 61.3 1.0157 0.00 0.0M
17280.000 1964 COM2 65 0R0 061 0.3 17.7 61.2 1.0158 0.00 0.0M
17340.000 1964 COM2 65 0R0 040 0.4 17.7 61.5 1.0158 0.00 0.0M
17400.000 1964 COM2 65 0R0 333 1.2 17.7 61.6 1.0158 0.00 0.0M
17460.000 1964 COM2 65 0R0 053 0.9 17.7 62.0 1.0158 0.00 0.0M
17520.000 1964 COM2 65 0R0 334 0.9 17.6 61.9 1.0158 0.00 0.0M
17580.000 1964 COM2 65 0R0 006 1.9 17.6 62.1 1.0157 0.00 0.0M
17640.000 1964 COM2 65 0R0 066 0.7 17.6 62.0 1.0157 0.00 0.0M
17700.000 1964 COM2 65 0R0 309 0.3 17.6 62.6 1.0157 0.00 0.0M
17760.000 1964 COM2 65 0R0 326 0.1 17.5 62.6 1.0157 0.00 0.0M
17820.000 1964 COM2 65 0R0 020 0.5 17.5 62.4 1.0157 0.00 0.0M
17880.000 1964 COM2 65 0R0 033 0.6 17.5 63.1 1.0157 0.00 0.0M
17940.000 1964 COM2 65 0R0 337 0.6 17.6 62.4 1.0158 0.00 0.0M
18000.000 1964 COM2 65 0R0 032 1.9 17.6 62.6 1.0158 0.00 0.0M
18060.000 1964 COM2 65 0R0 021 0.2 17.5 62.2 1.0157 0.00 0.0M
18120.000 1964 COM2 65 0R0 312 1.5 17.5 63.2 1.0157 0.00 0.0M
18180.000 1964 COM2 65 0R0 344 1.6 17.5 62.8 1.0157 0.00 0.0M
18240.000 1964 COM2 65 0R0 054 0.8 17.5 63.0 1.0157 0.00 0.0M
18300.000 1964 COM2 65 0R0 358 1.0 17.4 63.0 1.0158 0.00 0.0M
18360.000 1964 COM2 65 0R0 355 1.5 17.4 63.4 1.0158 0.00 0.0M
18420.000 1964 COM2 65 0R0 350 2.8 17.4 63.6 1.0158 0.00 0.0M
18480.000 1964 COM2 65 0R0 350 0.7 17.3 63.6 1.0158 0.00 0.0M
18540.000 1964 COM2 65 0R0 022 1.2 17.3 63.9 1.0157 0.00 0.0M
18600.000 1964 COM2 65 0R0 055 0.9 17.2 63.3 1.0157 0.00 0.0M
18660.000 1964 COM2 65 0R0 346 1.1 17.2 63.6 1.0157 0.00 0.0M
18720.000 1964 COM2 65 0R0 034 0.9 17.2 63.5 1.0157 0.00 0.0M
18780.000 1964 COM2 65 0R0 059 0.7 17.2 63.8 1.0157 0.00 0.0M
18840.000 1964 COM2 65 0R0 340 0.9 17.2 63.2 1.0157 0.00 0.0M
18900.000 1964 COM2 65 0R0 341 1.5 17.2 63.3 1.0157 0.00 0.0M
18960.000 1964 COM2 65 0R0 326 2.3 17.2 63.4 1.0157 0.00 0.0M
19020.000 1964 COM2 65 0R0 352 1.5 17.2 63.1 1.0157 0.00 0.0M
19080.000 1964 COM2 65 0R0 044 1.5 17.2 63.3 1.0156 0.00 0.0M
19140.000 1964 COM2 65 0R0 001 1.5 17.2 63.2 1.0156 0.00 0.0M
19200.000 1964 COM2 65 0R0 349 0.4 17.2 63.4 1.0156 0.00 0.0M
19260.000 1964 COM2 65 0R0 344 0.9 17.2 63.6 1.0156 0.00 0.0M
19320.000 1964 COM2 65 0R0 349 1.2 17.2 63.5 1.0156 0.00 0.0M
19380.000 1964 COM2 65 0R0 044 1.1 17.2 63.3 1.0156 0.00 0.0M
19440.000 1964 COM2 65 0R0 003 1.0 17.2 63.5 1.0156 0.00 0.0M
19500.000 1964 COM2 65 0R0 091 0.4 17.2 63.7 1.0156 0.00 0.0M
19560.000 1964 COM2 65 0R0 022 0.8 17.1 63.5 1.0156 0.00 0.0M
19620.000 1964 COM2 65 0R0 015 1.2 17.1 63.8 1.0156 0.00 0.0M
19680.000 1964 COM2 65 0R0 340 1.2 17.1 63.8 1.0156 0.00 0.0M
19740.000 1964 COM2 65 0R0 348 1.3 17.1 63.7 1.0156 0.00 0.0M
19800.000 1964 COM2 65 0R0 335 1.3 17.1 63.7 1.0156 0.00 0.0M
19860.000 1964 COM2 65 0R0 030 0.6 17.1 63.5 1.0156 0.00 0.0M
19920.000 1964 COM2 65 0R0 354 1.4 17.1 63.6 1.0156 0.00 0.0M
19980.000 1964 COM2 65 0R0 352 1.2 17.2 63.2 1.0156 0.00 0.0M
20040.000 1964 COM2 65 0R0 322 0.4 17.2 63.2 1.0155 0.00 0.0M
20100.000 1964 COM2 65 0R0 311 0.5 17.2 63.2 1.0155 0.00 0.0M
20160.000 1964 COM2 65 0R0 035 0.5 17.2 63.3 1.0155 0.00 0.0M
20220.000 1964 COM2 65 0R0 318 0.4 17.2 63.6 1.0155 0.00 0.0M
20280.000 1964 COM2 65 0R0 350 0.3 17.2 63.6 1.0154 0.00 0.0M
20340.000 1964 COM2 65 0R0 340 0.3 17.1 63.3 1.0154 0.00 0.0M
20400.000 1964 COM2 65 0R0 093 0.4 17.1 63.5 1.0154 0.00 0.0M
20460.000 1964 COM2 65 0R0 355 0.8 17.1 63.8 1.0154 0.00 0.0M
20520.000 1964 COM2 65 0R0 321 0.8 17.1 63.4 1.0154 0.00 0.0M
20580.000 1964 COM2 65 0R0 351 0.7 17.2 63.4 1.0154 0.00 0.0M
20640.000 1964 COM2 65 0R0 016 0.4 17.2 63.2 1.0154 0.00 0.0M
20700.000 1964 COM2 65 0R0 011 1.0 17.2 63.3 1.0154 0.00 0.0M
20760.000 1964 COM2 65 0R0 030 0.6 17.2 63.3 1.0154 0.00 0.0M
20820.000 1964 COM2 65 0R0 326 1.7 17.2 63.1 1.0154 0.00 0.0M
20880.100 1964 COM2 65 0R0 348 0.7 17.2 62.8 1.0153 0.00 0.0M
20940.000 1964 COM2 65 0R0 334 1.0 17.2 62.6 1.0153 0.00 0.0M
21000.000 1964 COM2 65 0R0 016 0.6 17.2 62.7 1.0154 0.00 0.0M
21060.000 1964 COM2 65 0R0 229 0.4 17.2 63.2 1.0153 0.00 0.0M
21120.000 1964 COM2 65 0R0 055 0.6 17.2 63.3 1.0154 0.00 0.0M
21180.000 1964 COM2 65 0R0 210 0.2 17.2 62.4 1.0153 0.00 0.0M
21240.000 1964 COM2 65 0R0 297 0.5 17.2 63.4 1.0153 0.00 0.0M
21300.000 1964 COM2 65 0R0 019 0.5 17.2 62.5 1.0153 0.00 0.0M
21360.000 1964 COM2 65 0R0 331 0.9 17.3 62.7 1.0153 0.00 0.0M
21420.000 1964 COM2 65 0R0 348 0.4 17.2 62.7 1.0153 0.00 0.0M
21480.000 1964 COM2 65 0R0 100 0.2 17.2 62.7 1.0153 0.00 0.0M
21540.000 1964 COM2 65 0R0 099 0.3 17.2 62.7 1.0153 0.00 0.0M
21600.000 1964 COM2 65 0R0 042 0.2 17.2 63.2 1.0153 0.00 0.0M
21660.000 1964 COM2 65 0R0 319 0.2 17.2 63.1 1.0153 0.00 0.0M
21720.000 1964 COM2 65 0R0 000 0.3 17.2 62.9 1.0153 0.00 0.0M
21780.000 1964 COM2 65 0R0 058 0.7 17.2 63.2 1.0153 0.00 0.0M
21840.000 1964 COM2 65 0R0 058 0.3 17.2 63.1 1.0153 0.00 0.0M
21900.000 1964 COM2 65 0R0 026 0.3 17.2 62.7 1.0153 0.00 0.0M
21960.000 1964 COM2 65 0R0 049 0.6 17.2 63.0 1.0153 0.00 0.0M
22020.000 1964 COM2 65 0R0 081 0.3 17.2 63.0 1.0153 0.00 0.0M
22080.000 1964 COM2 65 0R0 011 1.1 17.2 63.3 1.0153 0.00 0.0M
22140.000 1964 COM2 65 0R0 326 0.3 17.1 63.1 1.0153 0.00 0.0M
22200.000 1964 COM2 65 0R0 027 0.9 17.1 63.5 1.0153 0.00 0.0M
22260.000 1964 COM2 65 0R0 007 0.7 17.0 63.4 1.0153 0.00 0.0M
22320.000 1964 COM2 65 0R0 030 0.4 17.0 63.6 1.0153 0.00 0.0M
22380.000 1964 COM2 65 0R0 286 0.4 16.9 63.8 1.0153 0.00 0.0M
22440.000 1964 COM2 65 0R0 010 0.6 16.9 64.2 1.0153 0.00 0.0M
22500.000 1964 COM2 65 0R0 015 0.4 16.9 64.2 1.0153 0.00 0.0M
22560.000 1964 COM2 65 0R0 067 0.7 16.9 64.1 1.0153 0.00 0.0M
22620.000 1964 COM2 65 0R0 346 2.2 16.9 64.0 1.0153 0.00 0.0M
22680.000 1964 COM2 65 0R0 345 1.6 16.8 64.1 1.0153 0.00 0.0M
22740.000 1964 COM2 65 0R0 008 0.6 16.8 64.1 1.0153 0.00 0.0M
22800.000 1964 COM2 65 0R0 346 1.4 16.8 64.2 1.0153 0.00 0.0M
22860.000 1964 COM2 65 0R0 349 1.3 16.8 64.5 1.0153 0.00 0.0M
22920.000 1964 COM2 65 0R0 321 1.0 16.8 64.3 1.0153 0.00 0.0M
22980.000 1964 COM2 65 0R0 346 1.9 16.8 64.5 1.0153 0.00 0.0M
23040.000 1964 COM2 65 0R0 343 1.8 16.7 64.5 1.0153 0.00 0.0M
23100.000 1964 COM2 65 0R0 004 0.8 16.7 64.6 1.0153 0.00 0.0M
23160.000 1964 COM2 65 0R0 331 2.5 16.7 64.6 1.0153 0.00 0.0M
23220.000 1964 COM2 65 0R0 359 1.7 16.7 64.6 1.0153 0.00 0.0M
23280.000 1964 COM2 65 0R0 351 1.1 16.7 64.6 1.0153 0.00 0.0M
23340.000 1964 COM2 65 0R0 344 1.2 16.7 64.7 1.0153 0.00 0.0M
23400.000 1964 COM2 65 0R0 347 2.0 16.7 64.2 1.0153 0.00 0.0M
23460.000 1964 COM2 65 0R0 337 2.1 16.7 64.6 1.0153 0.00 0.0M
23520.000 1964 COM2 65 0R0 339 0.8 16.7 64.3 1.0153 0.00 0.0M
23580.000 1964 COM2 65 0R0 343 2.0 16.7 64.3 1.0153 0.00 0.0M
23640.000 1964 COM2 65 0R0 350 2.1 16.8 63.9 1.0153 0.00 0.0M
23700.000 1964 COM2 65 0R0 000 1.1 16.8 63.6 1.0153 0.00 0.0M
23760.100 1964 COM2 65 0R0 315 1.0 16.9 63.7 1.0153 0.00 0.0M
23820.100 1964 COM2 65 0R0 031 0.9 16.9 63.7 1.0153 0.00 0.0M
23880.000 1964 COM2 65 0R0 336 2.0 16.9 63.7 1.0154 0.00 0.0M
23940.000 1964 COM2 65 0R0 334 1.7 16.9 63.4 1.0154 0.00 0.0M
24000.000 1964 COM2 65 0R0 342 1.9 16.9 63.5 1.0154 0.00 0.0M
24060.000 1964 COM2 65 0R0 334 1.2 16.9 63.5 1.0154 0.00 0.0M
24120.000 1964 COM2 65 0R0 347 0.8 16.9 63.4 1.0153 0.00 0.0M
24180.000 1964 COM2 65 0R0 063 0.9 16.9 63.6 1.0153 0.00 0.0M
24240.000 1964 COM2 65 0R0 347 0.6 16.9 63.6 1.0153 0.00 0.0M
24300.000 1964 COM2 65 0R0 348 0.5 16.9 63.6 1.0153 0.00 0.0M
24360.000 1964 COM2 65 0R0 180 0.5 16.9 63.8 1.0153 0.00 0.0M
24420.000 1964 COM2 65 0R0 272 0.6 16.8 64.3 1.0154 0.00 0.0M
24480.000 1964 COM2 65 0R0 035 0.6 16.8 64.5 1.0154 0.00 0.0M
24540.000 1964 COM2 65 0R0 197 0.2 16.8 64.3 1.0154 0.00 0.0M
24600.000 1964 COM2 65 0R0 058 0.3 16.7 64.6 1.0154 0.00 0.0M
24660.000 1964 COM2 65 0R0 326 0.2 16.7 64.9 1.0154 0.00 0.0M
24720.000 1964 COM2 65 0R0 080 0.2 16.7 64.6 1.0153 0.00 0.0M
24780.000 1964 COM2 65 0R0 250 0.4 16.7 64.9 1.0153 0.00 0.0M
24840.000 1964 COM2 65 0R0 331 0.2 16.7 66.1 1.0154 0.00 0.0M
24900.000 1964 COM2 65 0R0 305 0.2 16.6 65.2 1.0154 0.00 0.0M
24960.000 1964 COM2 65 0R0 347 0.2 16.6 65.2 1.0154 0.00 0.0M
25020.000 1964 COM2 65 0R0 119 0.1 16.6 65.2 1.0154 0.00 0.0M
25080.000 1964 COM2 65 0R0 356 0.4 16.6 65.5 1.0154 0.00 0.0M
25140.000 1964 COM2 65 0R0 222 0.1 16.6 65.7 1.0154 0.00 0.0M
25200.000 1964 COM2 65 0R0 003 0.1 16.5 65.9 1.0154 0.00 0.0M
25260.000 1964 COM2 65 0R0 058 0.2 16.5 66.2 1.0154 0.00 0.0M
25320.000 1964 COM2 65 0R0 047 0.2 16.5 66.4 1.0154 0.00 0.0M
25380.000 1964 COM2 65 0R0 316 0.1 16.4 66.5 1.0154 0.00 0.0M
25440.000 1964 COM2 65 0R0 053 0.2 16.4 66.5 1.0154 0.00 0.0M
25500.000 1964 COM2 65 0R0 012 0.2 16.4 66.7 1.0154 0.00 0.0M
25560.000 1964 COM2 65 0R0 034 0.3 16.4 66.8 1.0154 0.00 0.0M
25620.000 1964 COM2 65 0R0 044 0.1 16.4 66.8 1.0154 0.00 0.0M
25680.000 1964 COM2 65 0R0 075 0.3 16.3 67.3 1.0154 0.00 0.0M
25740.100 1964 COM2 65 0R0 103 0.2 16.3 67.3 1.0154 0.00 0.0M
25800.000 1964 COM2 65 0R0 277 0.2 16.3 67.2 1.0154 0.00 0.0M
25860.000 1964 COM2 65 0R0 018 0.2 16.3 67.7 1.0154 0.00 0.0M
25920.000 1964 COM2 65 0R0 332 0.4 16.3 67.5 1.0154 0.00 0.0M
25980.000 1964 COM2 65 0R0 052 0.7 16.2 67.0 1.0154 0.00 0.0M
26040.100 1964 COM2 65 0R0 347 0.7 16.2 66.6 1.0154 0.00 0.0M
26100.000 1964 COM2 65 0R0 356 0.6 16.2 66.7 1.0154 0.00 0.0M
26160.000 1964 COM2 65 0R0 328 0.7 16.2 66.5 1.0154 0.00 0.0M
26220.000 1964 COM2 65 0R0 070 0.7 16.2 66.4 1.0154 0.00 0.0M
26280.000 1964 COM2 65 0R0 333 1.0 16.2 66.5 1.0154 0.00 0.0M
26340.000 1964 COM2 65 0R0 021 1.2 16.3 66.1 1.0154 0.00 0.0M
26400.000 1964 COM2 65 0R0 337 1.2 16.3 66.2 1.0154 0.00 0.0M
26460.000 1964 COM2 65 0R0 012 1.1 16.2 65.6 1.0154 0.00 0.0M
26520.000 1964 COM2 65 0R0 336 0.9 16.2 66.0 1.0154 0.00 0.0M
26580.000 1964 COM2 65 0R0 001 1.7 16.2 65.7 1.0154 0.00 0.0M
26640.000 1964 COM2 65 0R0 328 1.7 16.2 65.2 1.0154 0.00 0.0M
26700.000 1964 COM2 65 0R0 022 1.1 16.2 65.1 1.0154 0.00 0.0M
26760.000 1964 COM2 65 0R0 344 2.4 16.2 65.2 1.0154 0.00 0.0M
26820.000 1964 COM2 65 0R0 353 1.7 16.2 65.3 1.0154 0.00 0.0M
26880.000 1964 COM2 65 0R0 022 0.9 16.2 65.3 1.0154 0.00 0.0M
26940.000 1964 COM2 65 0R0 340 2.1 16.2 65.3 1.0154 0.00 0.0M
27000.000 1964 COM2 65 0R0 353 0.6 16.2 65.5 1.0154 0.00 0.0M
27060.000 1964 COM2 65 0R0 024 0.9 16.2 65.5 1.0154 0.00 0.0M
27120.000 1964 COM2 65 0R0 049 0.4 16.2 65.9 1.0154 0.00 0.0M
27180.000 1964 COM2 65 0R0 005 0.3 16.2 66.0 1.0154 0.00 0.0M
27240.000 1964 COM2 65 0R0 004 0.2 16.2 65.6 1.0154 0.00 0.0M
27300.000 1964 COM2 65 0R0 244 0.3 16.2 66.5 1.0154 0.00 0.0M
27360.000 1964 COM2 65 0R0 077 0.7 16.2 66.5 1.0154 0.00 0.0M
27420.000 1964 COM2 65 0R0 340 0.6 16.2 66.0 1.0154 0.00 0.0M
27480.000 1964 COM2 65 0R0 358 0.4 16.2 66.2 1.0154 0.00 0.0M
27540.000 1964 COM2 65 0R0 013 0.4 16.2 66.3 1.0154 0.00 0.0M
27600.000 1964 COM2 65 0R0 305 0.3 16.1 67.3 1.0154 0.00 0.0M
27660.000 1964 COM2 65 0R0 292 0.5 16.1 66.8 1.0154 0.00 0.0M
27720.000 1964 COM2 65 0R0 336 0.5 16.1 66.5 1.0154 0.00 0.0M
27780.000 1964 COM2 65 0R0 047 0.2 16.1 66.3 1.0154 0.00 0.0M
27840.000 1964 COM2 65 0R0 355 0.7 16.1 67.7 1.0154 0.00 0.0M
27900.000 1964 COM2 65 0R0 065 0.2 16.1 66.4 1.0154 0.00 0.0M
27960.000 1964 COM2 65 0R0 029 0.2 16.1 66.8 1.0154 0.00 0.0M
28020.000 1964 COM2 65 0R0 359 0.7 16.1 66.8 1.0155 0.00 0.0M
28080.000 1964 COM2 65 0R0 333 0.2 16.0 66.7 1.0155 0.00 0.0M
28140.000 1964 COM2 65 0R0 297 0.2 16.0 68.0 1.0155 0.00 0.0M
28200.000 1964 COM2 65 0R0 076 0.4 16.0 68.2 1.0155 0.00 0.0M
28260.000 1964 COM2 65 0R0 154 0.3 16.0 68.2 1.0155 0.00 0.0M
28320.000 1964 COM2 65 0R0 098 0.4 16.0 67.8 1.0154 0.00 0.0M
28380.000 1964 COM2 65 0R0 303 0.2 16.0 67.5 1.0155 0.00 0.0M
28440.000 1964 COM2 65 0R0 342 0.7 15.9 67.7 1.0154 0.00 0.0M
28500.000 1964 COM2 65 0R0 028 1.4 15.9 67.4 1.0154 0.00 0.0M
28560.000 1964 COM2 65 0R0 016 1.0 15.9 67.5 1.0154 0.00 0.0M
28620.000 1964 COM2 65 0R0 352 1.0 15.8 67.9 1.0154 0.00 0.0M
28680.000 1964 COM2 65 0R0 028 0.6 15.7 68.0 1.0155 0.00 0.0M
28740.000 1964 COM2 65 0R0 038 1.5 15.7 68.0 1.0154 0.00 0.0M
28800.000 1964 COM2 65 0R0 025 1.0 15.6 68.5 1.0155 0.00 0.0M
28860.000 1964 COM2 65 0R0 022 1.6 15.6 68.8 1.0155 0.00 0.0M
28920.000 1964 COM2 65 0R0 357 1.7 15.5 68.7 1.0154 0.00 0.0M
28980.000 1964 COM2 65 0R0 000 1.4 15.5 68.6 1.0154 0.00 0.0M
29040.000 1964 COM2 65 0R0 023 1.8 15.4 68.9 1.0154 0.00 0.0M
29100.000 1964 COM2 65 0R0 344 2.6 15.4 69.4 1.0154 0.00 0.0M
29160.000 1964 COM2 65 0R0 046 1.7 15.3 69.5 1.0154 0.00 0.0M
29220.000 1964 COM2 65 0R0 020 0.7 15.3 70.0 1.0154 0.00 0.0M
29280.000 1964 COM2 65 0R0 015 0.8 15.3 70.2 1.0154 0.00 0.0M
29340.000 1964 COM2 65 0R0 013 1.5 15.2 70.3 1.0154 0.00 0.0M
29400.000 1964 COM2 65 0R0 056 1.2 15.2 70.4 1.0154 0.00 0.0M
29460.000 1964 COM2 65 0R0 353 1.0 15.2 70.6 1.0154 0.00 0.0M
29520.000 1964 COM2 65 0R0 014 0.7 15.2 70.7 1.0154 0.00 0.0M
29580.000 1964 COM2 65 0R0 002 1.6 15.1 70.9 1.0154 0.00 0.0M
29640.000 1964 COM2 65 0R0 040 0.9 15.1 70.7 1.0154 0.00 0.0M
29700.000 1964 COM2 65 0R0 001 1.2 15.1 70.9 1.0154 0.00 0.0M
29760.000 1964 COM2 65 0R0 353 1.8 15.1 71.0 1.0154 0.00 0.0M
29820.000 1964 COM2 65 0R0 346 1.7 15.1 71.1 1.0154 0.00 0.0M
29880.000 1964 COM2 65 0R0 015 2.1 15.1 71.1 1.0154 0.00 0.0M
29940.000 1964 COM2 65 0R0 354 0.9 15.1 70.9 1.0155 0.00 0.0M
30000.000 1964 COM2 65 0R0 019 0.6 15.1 70.8 1.0155 0.00 0.0M
30060.000 1964 COM2 65 0R0 005 0.5 15.1 70.8 1.0155 0.00 0.0M
30120.000 1964 COM2 65 0R0 340 2.7 15.1 70.4 1.0155 0.00 0.0M
30180.000 1964 COM2 65 0R0 340 2.5 15.1 70.3 1.0155 0.00 0.0M
30240.000 1964 COM2 65 0R0 340 2.1 15.2 69.5 1.0155 0.00 0.0M
30300.000 1964 COM2 65 0R0 337 2.0 15.2 69.5 1.0155 0.00 0.0M
30360.000 1964 COM2 65 0R0 343 1.7 15.2 69.8 1.0155 0.00 0.0M
30420.100 1964 COM2 65 0R0 340 2.0 15.2 69.6 1.0155 0.00 0.0M
30480.000 1964 COM2 65 0R0 336 2.9 15.2 69.4 1.0155 0.00 0.0M
30540.000 1964 COM2 65 0R0 340 2.3 15.2 69.0 1.0155 0.00 0.0M
30600.000 1964 COM2 65 0R0 341 3.2 15.2 69.2 1.0155 0.00 0.0M
30660.000 1964 COM2 65 0R0 337 0.5 15.2 69.2 1.0155 0.00 0.0M
30720.000 1964 COM2 65 0R0 344 2.3 15.2 69.2 1.0154 0.00 0.0M
30780.000 1964 COM2 65 0R0 346 2.4 15.2 69.2 1.0155 0.00 0.0M
30840.000 1964 COM2 65 0R0 352 2.3 15.2 68.9 1.0155 0.00 0.0M
30900.000 1964 COM2 65 0R0 026 1.1 15.2 69.0 1.0154 0.00 0.0M
30960.000 1964 COM2 65 0R0 000 2.0 15.2 68.7 1.0154 0.00 0.0M
31020.000 1964 COM2 65 0R0 343 2.9 15.2 68.6 1.0154 0.00 0.0M
31080.000 1964 COM2 65 0R0 340 3.5 15.3 68.1 1.0154 0.00 0.0M
31140.000 1964 COM2 65 0R0 345 2.2 15.3 68.1 1.0154 0.00 0.0M
31200.000 1964 COM2 65 0R0 338 2.9 15.3 68.2 1.0154 0.00 0.0M
31260.000 1964 COM2 65 0R0 343 3.0 15.3 67.9 1.0154 0.00 0.0M
31320.000 1964 COM2 65 0R0 004 2.6 15.3 68.2 1.0154 0.00 0.0M
31380.000 1964 COM2 65 0R0 344 2.0 15.4 68.1 1.0154 0.00 0.0M
31440.000 1964 COM2 65 0R0 341 2.8 15.3 68.1 1.0154 0.00 0.0M
31500.000 1964 COM2 65 0R0 348 2.3 15.3 68.2 1.0154 0.00 0.0M
31560.000 1964 COM2 65 0R0 337 2.3 15.3 68.3 1.0154 0.00 0.0M
31620.000 1964 COM2 65 0R0 342 1.7 15.3 68.3 1.0154 0.00 0.0M
31680.000 1964 COM2 65 0R0 018 1.5 15.3 68.4 1.0155 0.00 0.0M
31740.000 1964 COM2 65 0R0 347 2.2 15.3 68.5 1.0154 0.00 0.0M
31800.000 1964 COM2 65 0R0 352 2.3 15.3 68.6 1.0154 0.00 0.0M
31860.000 1964 COM2 65 0R0 342 2.7 15.3 68.6 1.0154 0.00 0.0M
31920.000 1964 COM2 65 0R0 357 1.8 15.3 68.2 1.0154 0.00 0.0M
31980.000 1964 COM2 65 0R0 337 2.3 15.3 68.6 1.0154 0.00 0.0M
32040.000 1964 COM2 65 0R0 346 2.5 15.3 68.9 1.0154 0.00 0.0M
32100.000 1964 COM2 65 0R0 348 1.5 15.2 68.9 1.0154 0.00 0.0M
32160.000 1964 COM2 65 0R0 346 2.5 15.2 69.2 1.0154 0.00 0.0M
32220.000 1964 COM2 65 0R0 336 2.7 15.2 69.2 1.0154 0.00 0.0M
32280.000 1964 COM2 65 0R0 022 1.0 15.2 69.1 1.0154 0.00 0.0M
32340.000 1964 COM2 65 0R0 012 0.9 15.2 69.3 1.0154 0.00 0.0M
32400.000 1964 COM2 65 0R0 339 2.5 15.2 69.5 1.0154 0.00 0.0M
32460.000 1964 COM2 65 0R0 346 1.2 15.2 69.2 1.0154 0.00 0.0M
32520.000 1964 COM2 65 0R0 346 1.6 15.2 69.4 1.0154 0.00 0.0M
32580.000 1964 COM2 65 0R0 342 1.1 15.2 69.5 1.0154 0.00 0.0M
32640.000 1964 COM2 65 0R0 355 1.9 15.2 69.4 1.0154 0.00 0.0M
32700.000 1964 COM2 65 0R0 354 2.5 15.2 69.4 1.0154 0.00 0.0M
32760.000 1964 COM2 65 0R0 033 1.1 15.2 69.2 1.0154 0.00 0.0M
32820.000 1964 COM2 65 0R0 339 2.4 15.2 69.2 1.0154 0.00 0.0M
32880.000 1964 COM2 65 0R0 347 2.2 15.2 69.2 1.0154 0.00 0.0M
32940.000 1964 COM2 65 0R0 333 1.4 15.2 69.4 1.0154 0.00 0.0M
33000.000 1964 COM2 65 0R0 030 1.3 15.2 69.7 1.0154 0.00 0.0M
33060.000 1964 COM2 65 0R0 337 2.0 15.2 69.7 1.0154 0.00 0.0M
33120.000 1964 COM2 65 0R0 352 1.8 15.2 69.7 1.0154 0.00 0.0M
33180.000 1964 COM2 65 0R0 012 1.3 15.2 69.8 1.0154 0.00 0.0M
33240.000 1964 COM2 65 0R0 008 1.1 15.2 69.6 1.0154 0.00 0.0M
33300.000 1964 COM2 65 0R0 339 3.1 15.2 69.5 1.0154 0.00 0.0M
33360.000 1964 COM2 65 0R0 342 2.9 15.2 69.5 1.0154 0.00 0.0M
33420.000 1964 COM2 65 0R0 333 1.9 15.2 69.5 1.0154 0.00 0.0M
33480.000 1964 COM2 65 0R0 345 2.9 15.2 69.6 1.0154 0.00 0.0M
33540.000 1964 COM2 65 0R0 017 1.4 15.2 69.3 1.0154 0.00 0.0M
33600.000 1964 COM2 65 0R0 345 2.5 15.2 69.4 1.0154 0.00 0.0M
33660.000 1964 COM2 65 0R0 010 1.2 15.3 69.3 1.0154 0.00 0.0M
33720.000 1964 COM2 65 0R0 344 1.8 15.3 69.2 1.0153 0.00 0.0M
33780.000 1964 COM2 65 0R0 345 2.4 15.3 69.4 1.0153 0.00 0.0M
33840.000 1964 COM2 65 0R0 340 2.8 15.3 69.1 1.0153 0.00 0.0M
33900.000 1964 COM2 65 0R0 018 1.7 15.3 69.1 1.0153 0.00 0.0M
33960.000 1964 COM2 65 0R0 347 2.0 15.3 69.4 1.0154 0.00 0.0M
34020.000 1964 COM2 65 0R0 336 1.7 15.3 69.1 1.0154 0.00 0.0M
34080.000 1964 COM2 65 0R0 349 1.9 15.3 69.2 1.0154 0.00 0.0M
34140.000 1964 COM2 65 0R0 338 2.1 15.3 69.3 1.0154 0.00 0.0M
34200.000 1964 COM2 65 0R0 339 2.7 15.2 69.4 1.0154 0.00 0.0M
34260.000 1964 COM2 65 0R0 342 2.5 15.2 69.5 1.0154 0.00 0.0M
34320.000 1964 COM2 65 0R0 358 1.6 15.2 69.5 1.0154 0.00 0.0M
34380.000 1964 COM2 65 0R0 023 1.5 15.2 69.4 1.0154 0.00 0.0M
34440.000 1964 COM2 65 0R0 342 1.9 15.2 69.4 1.0154 0.00 0.0M
34500.000 1964 COM2 65 0R0 000 2.1 15.2 69.4 1.0154 0.00 0.0M
34560.000 1964 COM2 65 0R0 328 0.9 15.2 69.2 1.0154 0.00 0.0M
34620.000 1964 COM2 65 0R0 335 3.1 15.3 69.3 1.0154 0.00 0.0M
34680.000 1964 COM2 65 0R0 002 1.6 15.3 69.3 1.0154 0.00 0.0M
34740.000 1964 COM2 65 0R0 356 2.3 15.3 69.4 1.0154 0.00 0.0M
34800.000 1964 COM2 65 0R0 005 1.4 15.3 69.2 1.0154 0.00 0.0M
34860.000 1964 COM2 65 0R0 025 0.6 15.3 69.4 1.0154 0.00 0.0M
34920.000 1964 COM2 65 0R0 349 2.1 15.3 69.4 1.0154 0.00 0.0M
34980.000 1964 COM2 65 0R0 341 1.2 15.3 69.3 1.0154 0.00 0.0M
35040.000 1964 COM2 65 0R0 341 2.2 15.3 69.4 1.0154 0.00 0.0M
35100.000 1964 COM2 65 0R0 342 2.4 15.3 69.0 1.0154 0.00 0.0M
35160.000 1964 COM2 65 0R0 344 1.8 15.3 69.1 1.0154 0.00 0.0M
35220.000 1964 COM2 65 0R0 342 1.5 15.3 69.2 1.0154 0.00 0.0M
35280.000 1964 COM2 65 0R0 350 0.7 15.3 69.2 1.0154 0.00 0.0M
35340.000 1964 COM2 65 0R0 026 1.0 15.3 69.2 1.0154 0.00 0.0M
35400.000 1964 COM2 65 0R0 354 1.7 15.3 69.2 1.0154 0.00 0.0M
35460.000 1964 COM2 65 0R0 347 2.2 15.3 69.1 1.0154 0.00 0.0M
35520.000 1964 COM2 65 0R0 003 0.9 15.3 69.2 1.0155 0.00 0.0M
35580.000 1964 COM2 65 0R0 011 1.8 15.3 69.3 1.0155 0.00 0.0M
35640.000 1964 COM2 65 0R0 001 2.1 15.3 69.3 1.0155 0.00 0.0M
35700.000 1964 COM2 65 0R0 354 1.6 15.3 69.1 1.0155 0.00 0.0M
35760.000 1964 COM2 65 0R0 058 0.8 15.3 69.3 1.0155 0.00 0.0M
35820.000 1964 COM2 65 0R0 026 1.3 15.3 69.3 1.0155 0.00 0.0M
35880.000 1964 COM2 65 0R0 020 1.9 15.3 69.3 1.0155 0.00 0.0M
35940.000 1964 COM2 65 0R0 345 2.0 15.3 69.2 1.0155 0.00 0.0M
36000.000 1964 COM2 65 0R0 066 1.2 15.3 69.1 1.0156 0.00 0.0M
36060.000 1964 COM2 65 0R0 025 2.0 15.3 69.5 1.0156 0.00 0.0M
36120.000 1964 COM2 65 0R0 330 2.1 15.3 69.2 1.0156 0.00 0.0M
36180.000 1964 COM2 65 0R0 329 1.7 15.2 69.2 1.0156 0.00 0.0M
36240.100 1964 COM2 65 0R0 352 2.4 15.2 69.2 1.0156 0.00 0.0M
36300.000 1964 COM2 65 0R0 338 2.1 15.2 69.3 1.0156 0.00 0.0M
36360.000 1964 COM2 65 0R0 025 1.1 15.2 69.5 1.0156 0.00 0.0M
36420.000 1964 COM2 65 0R0 341 2.1 15.2 69.6 1.0156 0.00 0.0M
36480.000 1964 COM2 65 0R0 023 0.9 15.2 69.6 1.0156 0.00 0.0M
36540.000 1964 COM2 65 0R0 016 2.5 15.2 69.6 1.0156 0.00 0.0M
36600.000 1964 COM2 65 0R0 028 2.1 15.2 69.5 1.0156 0.00 0.0M
36660.000 1964 COM2 65 0R0 005 0.9 15.2 69.4 1.0156 0.00 0.0M
36720.000 1964 COM2 65 0R0 006 1.5 15.2 69.5 1.0156 0.00 0.0M
36780.000 1964 COM2 65 0R0 015 0.7 15.2 69.6 1.0156 0.00 0.0M
36840.000 1964 COM2 65 0R0 014 1.0 15.2 69.6 1.0156 0.00 0.0M
36900.000 1964 COM2 65 0R0 354 2.1 15.2 69.5 1.0156 0.00 0.0M
36960.000 1964 COM2 65 0R0 348 1.5 15.2 69.5 1.0156 0.00 0.0M
37020.000 1964 COM2 65 0R0 015 1.5 15.2 69.4 1.0156 0.00 0.0M
37080.000 1964 COM2 65 0R0 349 1.9 15.2 69.5 1.0156 0.00 0.0M
37140.000 1964 COM2 65 0R0 340 2.6 15.2 69.5 1.0156 0.00 0.0M
37200.000 1964 COM2 65 0R0 355 2.1 15.1 69.4 1.0156 0.00 0.0M
37260.000 1964 COM2 65 0R0 012 1.6 15.1 69.4 1.0156 0.00 0.0M
37320.000 1964 COM2 65 0R0 357 1.9 15.1 69.4 1.0156 0.00 0.0M
37380.000 1964 COM2 65 0R0 009 1.7 15.2 69.5 1.0156 0.00 0.0M
37440.000 1964 COM2 65 0R0 339 3.7 15.2 69.5 1.0156 0.00 0.0M
37500.000 1964 COM2 65 0R0 012 1.5 15.2 69.4 1.0156 0.00 0.0M
37560.000 1964 COM2 65 0R0 350 2.6 15.2 69.6 1.0156 0.00 0.0M
37620.000 1964 COM2 65 0R0 003 1.4 15.1 69.5 1.0156 0.00 0.0M
37680.000 1964 COM2 65 0R0 032 1.4 15.1 69.8 1.0157 0.00 0.0M
37740.000 1964 COM2 65 0R0 015 1.3 15.1 69.8 1.0157 0.00 0.0M
37800.000 1964 COM2 65 0R0 359 1.0 15.1 69.9 1.0157 0.00 0.0M
37860.000 1964 COM2 65 0R0 347 1.1 15.1 69.9 1.0157 0.00 0.0M
37920.000 1964 COM2 65 0R0 331 1.7 15.1 69.9 1.0157 0.00 0.0M
37980.000 1964 COM2 65 0R0 325 1.6 15.1 70.0 1.0157 0.00 0.0M
38040.100 1964 COM2 65 0R0 005 2.3 15.1 70.1 1.0157 0.00 0.0M
38100.000 1964 COM2 65 0R0 017 1.8 15.1 70.1 1.0157 0.00 0.0M
38160.000 1964 COM2 65 0R0 338 0.8 15.1 70.0 1.0157 0.00 0.0M
38220.000 1964 COM2 65 0R0 035 2.2 15.1 70.2 1.0157 0.00 0.0M
38280.000 1964 COM2 65 0R0 339 2.0 15.1 70.1 1.0157 0.00 0.0M
38340.000 1964 COM2 65 0R0 014 1.5 15.1 70.2 1.0157 0.00 0.0M
38400.000 1964 COM2 65 0R0 001 1.0 15.1 70.2 1.0157 0.00 0.0M
38460.000 1964 COM2 65 0R0 356 2.6 15.1 70.2 1.0157 0.00 0.0M
38520.000 1964 COM2 65 0R0 357 1.1 15.1 70.2 1.0157 0.00 0.0M
38580.000 1964 COM2 65 0R0 039 1.8 15.0 70.3 1.0157 0.00 0.0M
38640.000 1964 COM2 65 0R0 009 2.0 15.0 70.4 1.0157 0.00 0.0M
38700.000 1964 COM2 65 0R0 355 1.2 15.0 70.5 1.0157 0.00 0.0M
38760.000 1964 COM2 65 0R0 341 1.0 15.0 70.3 1.0157 0.00 0.0M
38820.000 1964 COM2 65 0R0 321 1.3 15.0 70.3 1.0157 0.00 0.0M
38880.000 1964 COM2 65 0R0 010 1.2 15.0 70.2 1.0157 0.00 0.0M
38940.000 1964 COM2 65 0R0 004 1.6 15.0 70.0 1.0157 0.00 0.0M
39000.000 1964 COM2 65 0R0 026 1.4 15.1 70.0 1.0157 0.00 0.0M
39060.000 1964 COM2 65 0R0 021 1.2 15.1 70.0 1.0157 0.00 0.0M
39120.000 1964 COM2 65 0R0 339 1.9 15.1 69.9 1.0157 0.00 0.0M
39180.000 1964 COM2 65 0R0 357 1.2 15.1 69.9 1.0157 0.00 0.0M
39240.000 1964 COM2 65 0R0 009 2.4 15.1 70.0 1.0157 0.00 0.0M
39300.000 1964 COM2 65 0R0 355 0.9 15.1 69.8 1.0157 0.00 0.0M
39360.000 1964 COM2 65 0R0 018 1.4 15.1 69.9 1.0157 0.00 0.0M
39420.000 1964 COM2 65 0R0 338 2.1 15.1 69.9 1.0157 0.00 0.0M
39480.000 1964 COM2 65 0R0 352 2.1 15.1 69.6 1.0157 0.00 0.0M
39540.000 1964 COM2 65 0R0 014 1.6 15.1 69.7 1.0157 0.00 0.0M
39600.000 1964 COM2 65 0R0 027 1.2 15.2 69.8 1.0157 0.00 0.0M
39660.000 1964 COM2 65 0R0 010 1.6 15.2 69.7 1.0157 0.00 0.0M
39720.000 1964 COM2 65 0R0 017 1.3 15.2 69.8 1.0157 0.00 0.0M
39780.000 1964 COM2 65 0R0 350 1.4 15.1 69.9 1.0157 0.00 0.0M
39840.000 1964 COM2 65 0R0 009 2.4 15.1 69.8 1.0157 0.00 0.0M
39900.000 1964 COM2 65 0R0 024 2.4 15.2 69.8 1.0157 0.00 0.0M
39960.000 1964 COM2 65 0R0 356 2.2 15.2 69.7 1.0157 0.00 0.0M
40020.000 1964 COM2 65 0R0 016 2.6 15.2 69.8 1.0157 0.00 0.0M
40080.000 1964 COM2 65 0R0 014 1.1 15.2 69.8 1.0157 0.00 0.0M
40140.000 1964 COM2 65 0R0 031 2.9 15.2 69.8 1.0157 0.00 0.0M
40200.000 1964 COM2 65 0R0 028 2.3 15.3 69.4 1.0157 0.00 0.0M
40260.000 1964 COM2 65 0R0 028 1.7 15.3 69.5 1.0157 0.00 0.0M
40320.000 1964 COM2 65 0R0 021 0.6 15.3 69.2 1.0157 0.00 0.0M
40380.000 1964 COM2 65 0R0 353 1.7 15.3 69.3 1.0157 0.00 0.0M
40440.000 1964 COM2 65 0R0 354 2.2 15.3 69.2 1.0157 0.00 0.0M
40500.000 1964 COM2 65 0R0 039 1.9 15.4 69.1 1.0157 0.00 0.0M
40560.000 1964 COM2 65 0R0 028 2.7 15.4 69.0 1.0157 0.00 0.0M
40620.000 1964 COM2 65 0R0 025 1.4 15.4 68.7 1.0157 0.00 0.0M
40680.000 1964 COM2 65 0R0 046 0.9 15.4 69.0 1.0157 0.00 0.0M
40740.000 1964 COM2 65 0R0 017 2.2 15.4 68.9 1.0157 0.00 0.0M
40800.000 1964 COM2 65 0R0 351 2.7 15.4 68.6 1.0157 0.00 0.0M
40860.000 1964 COM2 65 0R0 011 2.0 15.5 68.2 1.0157 0.00 0.0M
40920.000 1964 COM2 65 0R0 003 1.9 15.5 68.3 1.0157 0.00 0.0M
40980.000 1964 COM2 65 0R0 039 1.3 15.5 67.8 1.0157 0.00 0.0M
41040.000 1964 COM2 65 0R0 343 2.0 15.5 67.9 1.0157 0.00 0.0M
41100.000 1964 COM2 65 0R0 039 1.7 15.6 68.0 1.0157 0.00 0.0M
41160.000 1964 COM2 65 0R0 352 1.3 15.6 67.8 1.0157 0.00 0.0M
41220.200 1964 COM2 65 0R0 016 1.7 15.6 67.8 1.0157 0.00 0.0M
41280.000 1964 COM2 65 0R0 037 2.0 15.6 67.6 1.0157 0.00 0.0M
41340.000 1964 COM2 65 0R0 002 2.3 15.7 67.5 1.0157 0.00 0.0M
41400.000 1964 COM2 65 0R0 021 2.4 15.7 67.1 1.0157 0.00 0.0M
41460.000 1964 COM2 65 0R0 009 2.1 15.7 67.1 1.0158 0.00 0.0M
41520.000 1964 COM2 65 0R0 001 1.3 15.7 66.9 1.0158 0.00 0.0M
41580.000 1964 COM2 65 0R0 025 2.8 15.8 66.8 1.0157 0.00 0.0M
41640.000 1964 COM2 65 0R0 346 1.3 15.8 66.5 1.0157 0.00 0.0M
41700.200 1964 COM2 65 0R0 351 1.3 15.9 66.2 1.0158 0.00 0.0M
41760.200 1964 COM2 65 0R0 028 3.5 15.9 66.5 1.0158 0.00 0.0M
41820.200 1964 COM2 65 0R0 033 0.7 15.9 66.0 1.0158 0.00 0.0M
41880.200 1964 COM2 65 0R0 043 1.5 16.0 66.2 1.0158 0.00 0.0M
41940.200 1964 COM2 65 0R0 025 2.0 16.0 66.1 1.0158 0.00 0.0M
42000.200 1964 COM2 65 0R0 007 1.9 16.0 65.8 1.0159 0.00 0.0M
42060.200 1964 COM2 65 0R0 329 1.1 16.0 65.2 1.0158 0.00 0.0M
42120.200 1964 COM2 65 0R0 011 1.8 16.1 65.5 1.0159 0.00 0.0M
42180.200 1964 COM2 65 0R0 347 1.3 16.1 65.5 1.0159 0.00 0.0M
42240.200 1964 COM2 65 0R0 020 2.4 16.1 65.6 1.0159 0.00 0.0M
42300.200 1964 COM2 65 0R0 337 2.4 16.1 64.9 1.0158 0.00 0.0M
42360.200 1964 COM2 65 0R0 000 1.7 16.1 64.9 1.0158 0.00 0.0M
42420.200 1964 COM2 65 0R0 008 1.7 16.1 64.9 1.0158 0.00 0.0M
42480.200 1964 COM2 65 0R0 359 1.0 16.2 64.5 1.0159 0.00 0.0M
42540.200 1964 COM2 65 0R0 020 2.6 16.2 64.6 1.0159 0.00 0.0M
42600.200 1964 COM2 65 0R0 330 0.9 16.2 64.5 1.0159 0.00 0.0M
42660.200 1964 COM2 65 0R0 337 1.6 16.2 64.6 1.0159 0.00 0.0M
42720.200 1964 COM2 65 0R0 016 1.6 16.2 64.1 1.0159 0.00 0.0M
42780.200 1964 COM2 65 0R0 012 1.9 16.3 64.6 1.0159 0.00 0.0M
42840.200 1964 COM2 65 0R0 023 2.6 16.3 64.3 1.0159 0.00 0.0M
42900.200 1964 COM2 65 0R0 003 1.5 16.3 63.9 1.0159 0.00 0.0M
42960.000 1964 COM2 65 0R0 014 1.3 16.3 64.2 1.0159 0.00 0.0M
43020.000 1964 COM2 65 0R0 312 1.3 16.3 63.7 1.0159 0.00 0.0M
43080.000 1964 COM2 65 0R0 336 1.4 16.4 63.7 1.0159 0.00 0.0M
43140.000 1964 COM2 65 0R0 037 0.7 16.4 63.5 1.0159 0.00 0.0M
43200.000 1964 COM2 65 0R0 001 1.4 16.4 63.7 1.0159 0.00 0.0M
43260.000 1964 COM2 65 0R0 351 1.8 16.4 63.6 1.0159 0.00 0.0M
43320.000 1964 COM2 65 0R0 001 1.7 16.4 63.3 1.0159 0.00 0.0M
43380.000 1964 COM2 65 0R0 032 2.7 16.5 63.1 1.0160 0.00 0.0M
43440.000 1964 COM2 65 0R0 015 0.7 16.5 62.9 1.0160 0.00 0.0M
43500.000 1964 COM2 65 0R0 008 1.3 16.5 62.8 1.0160 0.00 0.0M
43560.000 1964 COM2 65 0R0 354 1.8 16.5 62.7 1.0160 0.00 0.0M
43620.000 1964 COM2 65 0R0 020 2.6 16.5 62.7 1.0160 0.00 0.0M
43680.000 1964 COM2 65 0R0 357 0.6 16.6 62.5 1.0160 0.00 0.0M
43740.000 1964 COM2 65 0R0 028 1.5 16.6 63.1 1.0160 0.00 0.0M
43800.000 1964 COM2 65 0R0 040 2.8 16.7 61.9 1.0160 0.00 0.0M
43860.000 1964 COM2 65 0R0 030 0.9 16.7 61.4 1.0160 0.00 0.0M
43920.000 1964 COM2 65 0R0 026 1.3 16.8 61.1 1.0161 0.00 0.0M
43980.000 1964 COM2 65 0R0 040 2.2 16.9 61.2 1.0160 0.00 0.0M
44040.000 1964 COM2 65 0R0 047 1.7 16.9 61.2 1.0160 0.00 0.0M
44100.000 1964 COM2 65 0R0 022 2.6 17.0 61.3 1.0161 0.00 0.0M
44160.000 1964 COM2 65 0R0 003 1.9 17.0 60.1 1.0161 0.00 0.0M
44220.000 1964 COM2 65 0R0 021 1.4 17.0 61.3 1.0161 0.00 0.0M
44280.000 1964 COM2 65 0R0 113 0.7 17.1 59.8 1.0161 0.00 0.0M
44340.000 1964 COM2 65 0R0 017 1.3 17.2 60.7 1.0161 0.00 0.0M
44400.000 1964 COM2 65 0R0 019 2.8 17.2 60.3 1.0161 0.00 0.0M
44460.000 1964 COM2 65 0R0 027 3.2 17.3 59.2 1.0161 0.00 0.0M
44520.000 1964 COM2 65 0R0 029 2.6 17.3 58.9 1.0161 0.00 0.0M
44580.000 1964 COM2 65 0R0 341 0.4 17.3 59.5 1.0161 0.00 0.0M
44640.000 1964 COM2 65 0R0 068 0.6 17.4 59.9 1.0161 0.00 0.0M
44700.000 1964 COM2 65 0R0 038 0.8 17.4 58.2 1.0161 0.00 0.0M
44760.000 1964 COM2 65 0R0 008 0.7 17.5 59.7 1.0162 0.00 0.0M
44820.000 1964 COM2 65 0R0 076 0.5 17.6 58.4 1.0162 0.00 0.0M
44880.000 1964 COM2 65 0R0 351 1.7 17.6 58.6 1.0162 0.00 0.0M
44940.000 1964 COM2 65 0R0 067 1.3 17.7 57.0 1.0162 0.00 0.0M
45000.000 1964 COM2 65 0R0 304 1.5 17.7 58.0 1.0162 0.00 0.0M
45060.000 1964 COM2 65 0R0 014 3.4 17.7 58.1 1.0162 0.00 0.0M
45120.000 1964 COM2 65 0R0 018 2.1 17.8 56.3 1.0162 0.00 0.0M
45180.000 1964 COM2 65 0R0 014 1.1 17.7 57.0 1.0162 0.00 0.0M
45240.000 1964 COM2 65 0R0 028 2.5 17.7 57.6 1.0162 0.00 0.0M
45300.000 1964 COM2 65 0R0 028 3.0 17.7 57.1 1.0162 0.00 0.0M
45360.000 1964 COM2 65 0R0 031 2.8 17.7 56.6 1.0161 0.00 0.0M
45420.000 1964 COM2 65 0R0 031 1.9 17.7 56.7 1.0162 0.00 0.0M
45480.000 1964 COM2 65 0R0 026 2.7 17.7 56.5 1.0162 0.00 0.0M
45540.000 1964 COM2 65 0R0 015 3.3 17.7 56.6 1.0162 0.00 0.0M
45600.000 1964 COM2 65 0R0 001 2.3 17.7 56.1 1.0162 0.00 0.0M
45660.000 1964 COM2 65 0R0 025 3.5 17.7 56.4 1.0162 0.00 0.0M
45720.000 1964 COM2 65 0R0 024 2.5 17.7 56.4 1.0162 0.00 0.0M
45780.000 1964 COM2 65 0R0 019 3.2 17.7 56.4 1.0162 0.00 0.0M
45840.000 1964 COM2 65 0R0 358 2.1 17.7 56.5 1.0162 0.00 0.0M
45900.000 1964 COM2 65 0R0 029 2.2 17.7 56.9 1.0162 0.00 0.0M
45960.000 1964 COM2 65 0R0 015 1.1 17.7 57.4 1.0162 0.00 0.0M
46020.000 1964 COM2 65 0R0 020 1.6 17.8 57.4 1.0162 0.00 0.0M
46080.000 1964 COM2 65 0R0 008 0.7 17.9 57.1 1.0162 0.00 0.0M
46140.000 1964 COM2 65 0R0 330 1.3 17.9 56.7 1.0162 0.00 0.0M
46200.000 1964 COM2 65 0R0 043 1.8 18.0 56.7 1.0162 0.00 0.0M
46260.000 1964 COM2 65 0R0 028 2.3 18.1 56.7 1.0162 0.00 0.0M
46320.000 1964 COM2 65 0R0 035 1.4 18.2 56.4 1.0162 0.00 0.0M
46380.000 1964 COM2 65 0R0 134 0.2 18.2 56.0 1.0163 0.00 0.0M
46440.000 1964 COM2 65 0R0 330 1.5 18.2 56.6 1.0163 0.00 0.0M
46500.000 1964 COM2 65 0R0 016 2.3 18.3 56.5 1.0163 0.00 0.0M
46560.000 1964 COM2 65 0R0 003 2.6 18.4 55.7 1.0163 0.00 0.0M
46620.000 1964 COM2 65 0R0 028 1.6 18.4 54.6 1.0163 0.00 0.0M
46680.000 1964 COM2 65 0R0 012 3.3 18.4 55.4 1.0163 0.00 0.0M
46740.000 1964 COM2 65 0R0 037 2.7 18.3 55.4 1.0163 0.00 0.0M
46800.000 1964 COM2 65 0R0 047 1.6 18.2 56.2 1.0164 0.00 0.0M
46860.000 1964 COM2 65 0R0 353 1.6 18.3 56.4 1.0164 0.00 0.0M
46920.000 1964 COM2 65 0R0 038 2.3 18.4 55.5 1.0164 0.00 0.0M
46980.000 1964 COM2 65 0R0 027 0.9 18.5 55.3 1.0164 0.00 0.0M
47040.000 1964 COM2 65 0R0 033 2.9 18.5 55.8 1.0164 0.00 0.0M
47100.000 1964 COM2 65 0R0 353 0.7 18.5 54.8 1.0164 0.00 0.0M
47160.000 1964 COM2 65 0R0 358 2.6 18.5 55.5 1.0164 0.00 0.0M
47220.000 1964 COM2 65 0R0 038 3.3 18.5 54.3 1.0164 0.00 0.0M
47280.000 1964 COM2 65 0R0 042 2.2 18.5 54.8 1.0164 0.00 0.0M
47340.000 1964 COM2 65 0R0 018 1.9 18.5 53.5 1.0164 0.00 0.0M
47400.000 1964 COM2 65 0R0 050 2.7 18.6 54.9 1.0164 0.00 0.0M
47460.000 1964 COM2 65 0R0 003 1.2 18.6 54.6 1.0164 0.00 0.0M
47520.000 1964 COM2 65 0R0 011 1.5 18.6 54.4 1.0164 0.00 0.0M
47580.000 1964 COM2 65 0R0 002 2.0 18.6 54.3 1.0164 0.00 0.0M
47640.000 1964 COM2 65 0R0 023 0.6 18.5 55.1 1.0165 0.00 0.0M
47700.000 1964 COM2 65 0R0 062 0.4 18.5 55.7 1.0165 0.00 0.0M
47760.000 1964 COM2 65 0R0 321 0.5 18.5 56.3 1.0165 0.00 0.0M
47820.000 1964 COM2 65 0R0 049 0.9 18.7 56.0 1.0165 0.00 0.0M
47880.000 1964 COM2 65 0R0 034 2.0 18.8 55.7 1.0165 0.00 0.0M
47940.000 1964 COM2 65 0R0 023 1.8 18.9 54.8 1.0165 0.00 0.0M
48000.000 1964 COM2 65 0R0 037 1.9 18.9 54.8 1.0165 0.00 0.0M
48060.000 1964 COM2 65 0R0 053 2.6 18.8 54.4 1.0165 0.00 0.0M
48120.000 1964 COM2 65 0R0 027 1.9 18.7 55.2 1.0165 0.00 0.0M
48180.000 1964 COM2 65 0R0 036 2.8 18.7 55.1 1.0165 0.00 0.0M
48240.000 1964 COM2 65 0R0 358 1.6 18.7 55.7 1.0165 0.00 0.0M
48300.000 1964 COM2 65 0R0 023 1.0 18.6 56.2 1.0165 0.00 0.0M
48360.000 1964 COM2 65 0R0 044 1.0 18.6 56.2 1.0165 0.00 0.0M
48420.000 1964 COM2 65 0R0 352 0.4 18.5 57.0 1.0165 0.00 0.0M
48480.000 1964 COM2 65 0R0 005 0.5 18.6 56.9 1.0165 0.00 0.0M
48540.000 1964 COM2 65 0R0 029 0.7 18.7 56.3 1.0166 0.00 0.0M
48600.000 1964 COM2 65 0R0 344 1.3 18.7 56.6 1.0166 0.00 0.0M
48660.000 1964 COM2 65 0R0 042 2.4 18.7 56.4 1.0165 0.00 0.0M
48720.000 1964 COM2 65 0R0 012 0.7 18.7 56.5 1.0165 0.00 0.0M
48780.000 1964 COM2 65 0R0 006 0.4 18.7 56.9 1.0165 0.00 0.0M
48840.000 1964 COM2 65 0R0 343 1.1 18.7 56.9 1.0165 0.00 0.0M
48900.000 1964 COM2 65 0R0 302 0.4 18.8 57.0 1.0165 0.00 0.0M
48960.000 1964 COM2 65 0R0 016 1.7 18.8 56.9 1.0165 0.00 0.0M
49020.000 1964 COM2 65 0R0 342 1.5 18.9 55.9 1.0165 0.00 0.0M
49080.000 1964 COM2 65 0R0 014 1.5 18.9 56.8 1.0165 0.00 0.0M
49140.000 1964 COM2 65 0R0 305 0.8 19.0 56.3 1.0165 0.00 0.0M
49200.000 1964 COM2 65 0R0 336 1.5 19.1 56.4 1.0165 0.00 0.0M
49260.000 1964 COM2 65 0R0 359 0.3 19.1 55.8 1.0165 0.00 0.0M
49320.000 1964 COM2 65 0R0 010 0.5 19.2 55.8 1.0165 0.00 0.0M
49380.000 1964 COM2 65 0R0 008 1.7 19.3 54.7 1.0165 0.00 0.0M
49440.000 1964 COM2 65 0R0 358 1.3 19.4 55.2 1.0165 0.00 0.0M
49500.000 1964 COM2 65 0R0 342 2.4 19.4 55.8 1.0165 0.00 0.0M
49560.000 1964 COM2 65 0R0 344 1.6 19.4 55.4 1.0165 0.00 0.0M
49620.000 1964 COM2 65 0R0 018 1.7 19.4 55.6 1.0165 0.00 0.0M
49680.000 1964 COM2 65 0R0 017 0.7 19.3 55.8 1.0165 0.00 0.0M
49740.000 1964 COM2 65 0R0 037 0.5 19.2 56.5 1.0165 0.00 0.0M
49800.000 1964 COM2 65 0R0 036 2.7 19.2 56.5 1.0166 0.00 0.0M
49860.000 1964 COM2 65 0R0 045 1.5 19.3 55.7 1.0166 0.00 0.0M
49920.000 1964 COM2 65 0R0 354 1.5 19.2 55.7 1.0166 0.00 0.0M
49980.000 1964 COM2 65 0R0 192 0.6 19.2 56.0 1.0166 0.00 0.0M
50040.000 1964 COM2 65 0R0 033 2.7 19.2 56.6 1.0166 0.00 0.0M
50100.000 1964 COM2 65 0R0 026 2.9 19.3 55.7 1.0166 0.00 0.0M
50160.000 1964 COM2 65 0R0 007 1.2 19.2 55.4 1.0166 0.00 0.0M
50220.000 1964 COM2 65 0R0 029 1.0 19.1 56.2 1.0166 0.00 0.0M
50280.000 1964 COM2 65 0R0 037 0.7 19.2 55.8 1.0166 0.00 0.0M
50340.000 1964 COM2 65 0R0 062 1.3 19.2 55.9 1.0166 0.00 0.0M
50400.000 1964 COM2 65 0R0 013 1.6 19.1 56.6 1.0166 0.00 0.0M
50460.000 1964 COM2 65 0R0 038 2.0 19.1 56.6 1.0166 0.00 0.0M
50520.000 1964 COM2 65 0R0 041 1.4 19.2 56.9 1.0166 0.00 0.0M
50580.000 1964 COM2 65 0R0 043 2.7 19.2 56.0 1.0166 0.00 0.0M
50640.000 1964 COM2 65 0R0 021 2.1 19.2 56.4 1.0166 0.00 0.0M
50700.000 1964 COM2 65 0R0 040 2.2 19.3 56.5 1.0166 0.00 0.0M
50760.000 1964 COM2 65 0R0 030 1.9 19.3 56.5 1.0166 0.00 0.0M
50820.000 1964 COM2 65 0R0 332 2.2 19.3 56.7 1.0165 0.00 0.0M
50880.000 1964 COM2 65 0R0 058 0.6 19.3 56.2 1.0165 0.00 0.0M
50940.000 1964 COM2 65 0R0 096 0.9 19.4 56.8 1.0165 0.00 0.0M
51000.000 1964 COM2 65 0R0 032 1.1 19.5 56.5 1.0165 0.00 0.0M
51060.000 1964 COM2 65 0R0 021 3.3 19.7 55.7 1.0166 0.00 0.0M
51120.000 1964 COM2 65 0R0 041 2.3 19.8 55.5 1.0166 0.00 0.0M
51180.000 1964 COM2 65 0R0 043 0.4 19.8 55.9 1.0166 0.00 0.0M
51240.000 1964 COM2 65 0R0 017 2.4 19.8 56.2 1.0166 0.00 0.0M
51300.000 1964 COM2 65 0R0 028 2.4 20.0 53.5 1.0166 0.00 0.0M
51360.000 1964 COM2 65 0R0 033 0.4 20.0 54.2 1.0166 0.00 0.0M
51420.000 1964 COM2 65 0R0 071 0.7 19.9 53.9 1.0166 0.00 0.0M
51480.000 1964 COM2 65 0R0 026 3.0 19.9 54.9 1.0166 0.00 0.0M
51540.000 1964 COM2 65 0R0 029 2.6 20.1 53.7 1.0166 0.00 0.0M
51600.100 1964 COM2 65 0R0 028 3.5 20.0 54.0 1.0166 0.00 0.0M
51660.000 1964 COM2 65 0R0 026 2.6 19.9 55.8 1.0166 0.00 0.0M
51720.000 1964 COM2 65 0R0 052 1.4 19.8 55.7 1.0166 0.00 0.0M
51780.000 1964 COM2 65 0R0 031 2.8 19.7 56.4 1.0166 0.00 0.0M
51840.000 1964 COM2 65 0R0 020 1.3 19.7 56.7 1.0166 0.00 0.0M
51900.000 1964 COM2 65 0R0 023 1.5 19.8 57.1 1.0166 0.00 0.0M
51960.000 1964 COM2 65 0R0 076 1.0 19.8 56.5 1.0166 0.00 0.0M
52020.000 1964 COM2 65 0R0 349 2.2 19.9 57.1 1.0165 0.00 0.0M
52080.000 1964 COM2 65 0R0 002 0.9 20.1 56.8 1.0165 0.00 0.0M
52140.000 1964 COM2 65 0R0 028 0.4 20.1 56.8 1.0165 0.00 0.0M
52200.000 1964 COM2 65 0R0 111 0.2 20.1 56.8 1.0165 0.00 0.0M
52260.000 1964 COM2 65 0R0 346 0.9 20.2 56.7 1.0165 0.00 0.0M
52320.000 1964 COM2 65 0R0 024 1.5 20.3 56.1 1.0165 0.00 0.0M
52380.000 1964 COM2 65 0R0 334 2.5 20.3 56.0 1.0165 0.00 0.0M
52440.000 1964 COM2 65 0R0 009 1.6 20.3 56.1 1.0165 0.00 0.0M
52500.000 1964 COM2 65 0R0 008 0.8 20.4 56.0 1.0165 0.00 0.0M
52560.000 1964 COM2 65 0R0 335 1.2 20.4 55.1 1.0165 0.00 0.0M
52620.000 1964 COM2 65 0R0 012 2.7 20.3 54.8 1.0165 0.00 0.0M
52680.000 1964 COM2 65 0R0 020 2.0 20.3 55.3 1.0165 0.00 0.0M
52740.000 1964 COM2 65 0R0 035 1.1 20.2 55.2 1.0165 0.00 0.0M
52800.000 1964 COM2 65 0R0 065 1.8 20.2 55.1 1.0165 0.00 0.0M
52860.000 1964 COM2 65 0R0 038 0.8 20.1 55.6 1.0166 0.00 0.0M
52920.000 1964 COM2 65 0R0 338 1.3 20.2 55.8 1.0165 0.00 0.0M
52980.000 1964 COM2 65 0R0 033 2.0 20.3 55.8 1.0165 0.00 0.0M
53040.000 1964 COM2 65 0R0 064 0.5 20.4 55.3 1.0165 0.00 0.0M
53100.000 1964 COM2 65 0R0 014 0.8 20.5 55.5 1.0165 0.00 0.0M
53160.000 1964 COM2 65 0R0 003 0.4 20.5 55.3 1.0165 0.00 0.0M
53220.000 1964 COM2 65 0R0 028 3.5 20.6 54.6 1.0165 0.00 0.0M
53280.000 1964 COM2 65 0R0 344 1.7 20.6 54.2 1.0165 0.00 0.0M
53340.000 1964 COM2 65 0R0 010 2.5 20.5 54.2 1.0165 0.00 0.0M
53400.000 1964 COM2 65 0R0 020 1.4 20.5 54.3 1.0165 0.00 0.0M
53460.000 1964 COM2 65 0R0 345 0.5 20.4 54.7 1.0165 0.00 0.0M
53520.000 1964 COM2 65 0R0 347 0.6 20.4 55.2 1.0165 0.00 0.0M
53580.000 1964 COM2 65 0R0 026 1.7 20.5 54.9 1.0165 0.00 0.0M
53640.000 1964 COM2 65 0R0 303 0.4 20.7 54.3 1.0165 0.00 0.0M
53700.000 1964 COM2 65 0R0 039 0.4 20.8 54.3 1.0164 0.00 0.0M
53760.000 1964 COM2 65 0R0 028 1.2 21.0 53.7 1.0165 0.00 0.0M
53820.000 1964 COM2 65 0R0 036 1.7 21.0 53.3 1.0165 0.00 0.0M
53880.000 1964 COM2 65 0R0 342 2.9 21.0 52.7 1.0165 0.00 0.0M
53940.000 1964 COM2 65 0R0 011 2.0 20.9 52.6 1.0165 0.00 0.0M
54000.000 1964 COM2 65 0R0 351 0.8 20.9 52.4 1.0165 0.00 0.0M
54060.000 1964 COM2 65 0R0 017 0.8 20.8 53.4 1.0165 0.00 0.0M
54120.000 1964 COM2 65 0R0 007 1.4 20.9 53.2 1.0165 0.00 0.0M
54180.000 1964 COM2 65 0R0 332 0.5 21.1 52.8 1.0165 0.00 0.0M
54240.000 1964 COM2 65 0R0 344 0.4 21.2 52.4 1.0165 0.00 0.0M
54300.000 1964 COM2 65 0R0 344 0.4 21.2 52.9 1.0165 0.00 0.0M
54360.000 1964 COM2 65 0R0 081 1.5 21.4 52.5 1.0165 0.00 0.0M
54420.000 1964 COM2 65 0R0 077 0.8 21.5 51.9 1.0165 0.00 0.0M
54480.000 1964 COM2 65 0R0 033 2.4 21.4 51.8 1.0165 0.00 0.0M
54540.000 1964 COM2 65 0R0 109 0.6 21.5 52.0 1.0165 0.00 0.0M
54600.000 1964 COM2 65 0R0 036 3.0 21.5 52.1 1.0166 0.00 0.0M
54660.200 1964 COM2 65 0R0 036 2.7 21.5 51.4 1.0166 0.00 0.0M
54720.000 1964 COM2 65 0R0 052 1.7 21.4 50.6 1.0166 0.00 0.0M
54780.000 1964 COM2 65 0R0 066 1.8 21.2 51.2 1.0165 0.00 0.0M
54840.000 1964 COM2 65 0R0 087 0.7 21.2 51.5 1.0166 0.00 0.0M
54900.000 1964 COM2 65 0R0 346 0.5 21.1 52.4 1.0165 0.00 0.0M
54960.000 1964 COM2 65 0R0 021 1.2 21.3 52.2 1.0165 0.00 0.0M
55020.000 1964 COM2 65 0R0 220 0.3 21.5 51.8 1.0165 0.00 0.0M
55080.000 1964 COM2 65 0R0 009 1.0 21.6 52.0 1.0165 0.00 0.0M
55140.000 1964 COM2 65 0R0 023 1.8 21.7 52.0 1.0165 0.00 0.0M
55200.000 1964 COM2 65 0R0 006 2.7 21.9 50.5 1.0165 0.00 0.0M
55260.000 1964 COM2 65 0R0 010 2.3 21.9 49.0 1.0166 0.00 0.0M
55320.000 1964 COM2 65 0R0 026 2.1 21.7 49.0 1.0165 0.00 0.0M
55380.000 1964 COM2 65 0R0 030 2.1 21.5 47.7 1.0165 0.00 0.0M
55440.000 1964 COM2 65 0R0 298 1.3 21.4 48.8 1.0165 0.00 0.0M
55500.000 1964 COM2 65 0R0 000 0.6 21.3 49.7 1.0165 0.00 0.0M
55560.000 1964 COM2 65 0R0 074 1.0 21.4 48.7 1.0165 0.00 0.0M
55620.000 1964 COM2 65 0R0 033 2.8 21.6 48.2 1.0165 0.00 0.0M
55680.000 1964 COM2 65 0R0 073 3.4 21.7 48.3 1.0165 0.00 0.0M
55740.000 1964 COM2 65 0R0 072 2.9 21.8 45.2 1.0166 0.00 0.0M
55800.000 1964 COM2 65 0R0 074 2.7 21.7 45.8 1.0165 0.00 0.0M
55860.000 1964 COM2 65 0R0 040 1.3 21.7 46.5 1.0165 0.00 0.0M
55920.000 1964 COM2 65 0R0 064 0.6 21.7 47.2 1.0165 0.00 0.0M
55980.000 1964 COM2 65 0R0 086 1.2 21.8 46.7 1.0165 0.00 0.0M
56040.000 1964 COM2 65 0R0 060 1.9 22.0 45.3 1.0165 0.00 0.0M
56100.000 1964 COM2 65 0R0 075 1.9 22.1 45.8 1.0165 0.00 0.0M
56160.000 1964 COM2 65 0R0 023 1.0 22.0 45.9 1.0165 0.00 0.0M
56220.000 1964 COM2 65 0R0 026 1.0 21.9 46.4 1.0165 0.00 0.0M
56280.000 1964 COM2 65 0R0 326 0.8 22.0 45.7 1.0165 0.00 0.0M
56340.000 1964 COM2 65 0R0 053 1.0 22.1 46.0 1.0165 0.00 0.0M
56400.000 1964 COM2 65 0R0 053 1.2 22.2 45.4 1.0164 0.00 0.0M
56460.000 1964 COM2 65 0R0 048 1.5 22.3 45.4 1.0164 0.00 0.0M
56520.000 1964 COM2 65 0R0 312 0.7 22.4 44.8 1.0165 0.00 0.0M
56580.000 1964 COM2 65 0R0 133 1.4 22.4 45.1 1.0164 0.00 0.0M
56640.000 1964 COM2 65 0R0 075 3.0 22.4 44.1 1.0164 0.00 0.0M
56700.000 1964 COM2 65 0R0 043 3.1 22.3 42.9 1.0164 0.00 0.0M
56760.000 1964 COM2 65 0R0 078 3.9 22.2 41.9 1.0164 0.00 0.0M
56820.000 1964 COM2 65 0R0 085 2.9 21.9 43.1 1.0164 0.00 0.0M
56880.000 1964 COM2 65 0R0 326 0.6 21.8 44.0 1.0164 0.00 0.0M
56940.000 1964 COM2 65 0R0 056 0.9 21.9 45.2 1.0164 0.00 0.0M
57000.000 1964 COM2 65 0R0 344 2.5 22.2 45.2 1.0164 0.00 0.0M
57060.000 1964 COM2 65 0R0 000 1.3 22.4 45.1 1.0164 0.00 0.0M
57120.000 1964 COM2 65 0R0 297 0.5 22.5 45.1 1.0164 0.00 0.0M
57180.000 1964 COM2 65 0R0 358 1.7 22.4 44.8 1.0164 0.00 0.0M
57240.000 1964 COM2 65 0R0 099 1.0 22.4 43.6 1.0164 0.00 0.0M
57300.000 1964 COM2 65 0R0 310 0.4 22.4 43.2 1.0164 0.00 0.0M
57360.000 1964 COM2 65 0R0 123 1.0 22.4 43.4 1.0164 0.00 0.0M
57420.000 1964 COM2 65 0R0 160 0.8 22.6 43.4 1.0164 0.00 0.0M
57480.000 1964 COM2 65 0R0 095 0.5 22.8 42.3 1.0164 0.00 0.0M
57540.000 1964 COM2 65 0R0 119 2.5 23.0 42.0 1.0164 0.00 0.0M
57600.000 1964 COM2 65 0R0 074 5.2 23.2 42.0 1.0164 0.00 0.0M
57660.000 1964 COM2 65 0R0 059 1.7 23.2 40.5 1.0164 0.00 0.0M
57720.000 1964 COM2 65 0R0 064 3.0 22.6 41.3 1.0165 0.00 0.0M
57780.000 1964 COM2 65 0R0 055 2.0 22.2 41.8 1.0165 0.00 0.0M
57840.000 1964 COM2 65 0R0 101 2.3 21.9 42.7 1.0165 0.00 0.0M
57900.000 1964 COM2 65 0R0 086 1.0 21.9 41.9 1.0164 0.00 0.0M
57960.000 1964 COM2 65 0R0 075 2.3 22.0 41.9 1.0165 0.00 0.0M
58020.000 1964 COM2 65 0R0 056 0.4 22.0 42.1 1.0164 0.00 0.0M
58080.000 1964 COM2 65 0R0 087 2.6 22.0 42.7 1.0164 0.00 0.0M
58140.000 1964 COM2 65 0R0 082 3.1 22.3 42.4 1.0164 0.00 0.0M
58200.000 1964 COM2 65 0R0 117 1.6 22.2 42.6 1.0163 0.00 0.0M
58260.000 1964 COM2 65 0R0 127 0.7 22.2 43.0 1.0164 0.00 0.0M
58320.000 1964 COM2 65 0R0 331 0.3 22.5 43.2 1.0164 0.00 0.0M
58380.000 1964 COM2 65 0R0 323 0.6 22.7 41.6 1.0164 0.00 0.0M
58440.000 1964 COM2 65 0R0 082 2.0 22.9 42.3 1.0164 0.00 0.0M
58500.000 1964 COM2 65 0R0 034 3.9 23.2 41.0 1.0163 0.00 0.0M
58560.000 1964 COM2 65 0R0 059 2.7 23.3 41.6 1.0163 0.00 0.0M
58620.000 1964 COM2 65 0R0 082 1.6 23.4 40.7 1.0164 0.00 0.0M
58680.000 1964 COM2 65 0R0 080 1.7 23.3 40.1 1.0164 0.00 0.0M
58740.000 1964 COM2 65 0R0 037 2.9 23.0 39.9 1.0164 0.00 0.0M
58800.000 1964 COM2 65 0R0 082 3.4 22.7 40.0 1.0163 0.00 0.0M
58860.000 1964 COM2 65 0R0 018 2.2 22.6 40.8 1.0163 0.00 0.0M
58920.000 1964 COM2 65 0R0 038 2.6 22.5 41.5 1.0163 0.00 0.0M
58980.000 1964 COM2 65 0R0 021 3.7 22.6 41.0 1.0163 0.00 0.0M
59040.000 1964 COM2 65 0R0 067 3.4 22.7 37.5 1.0163 0.00 0.0M
59100.000 1964 COM2 65 0R0 066 3.4 22.6 38.2 1.0163 0.00 0.0M
59160.000 1964 COM2 65 0R0 169 1.0 22.4 38.2 1.0163 0.00 0.0M
59220.000 1964 COM2 65 0R0 113 1.0 22.3 38.9 1.0162 0.00 0.0M
59280.000 1964 COM2 65 0R0 098 1.3 22.5 38.6 1.0162 0.00 0.0M
59340.000 1964 COM2 65 0R0 039 0.9 22.6 38.6 1.0161 0.00 0.0M
59400.000 1964 COM2 65 0R0 021 0.2 23.0 38.7 1.0162 0.00 0.0M
59460.000 1964 COM2 65 0R0 081 1.3 23.1 39.5 1.0162 0.00 0.0M
59520.000 1964 COM2 65 0R0 339 0.6 23.2 38.3 1.0162 0.00 0.0M
59580.000 1964 COM2 65 0R0 349 1.0 23.4 36.5 1.0161 0.00 0.0M
59640.000 1964 COM2 65 0R0 040 1.5 23.5 37.5 1.0161 0.00 0.0M
59700.000 1964 COM2 65 0R0 034 2.1 23.5 36.1 1.0161 0.00 0.0M
59760.000 1964 COM2 65 0R0 018 1.3 23.5 36.3 1.0161 0.00 0.0M
59820.000 1964 COM2 65 0R0 029 0.7 23.4 35.9 1.0161 0.00 0.0M
59880.000 1964 COM2 65 0R0 280 0.4 23.1 36.7 1.0161 0.00 0.0M
59940.000 1964 COM2 65 0R0 112 0.5 22.9 37.2 1.0161 0.00 0.0M
60000.000 1964 COM2 65 0R0 073 1.5 22.8 37.6 1.0161 0.00 0.0M
60060.000 1964 COM2 65 0R0 129 0.5 22.9 37.5 1.0161 0.00 0.0M
60120.000 1964 COM2 65 0R0 085 1.4 23.0 37.7 1.0161 0.00 0.0M
60180.000 1964 COM2 65 0R0 103 0.4 22.9 37.9 1.0160 0.00 0.0M
60240.000 1964 COM2 65 0R0 183 0.4 22.8 38.5 1.0160 0.00 0.0M
60300.000 1964 COM2 65 0R0 003 0.4 23.0 38.6 1.0160 0.00 0.0M
60360.100 1964 COM2 65 0R0 036 2.8 23.2 38.8 1.0161 0.00 0.0M
60420.000 1964 COM2 65 0R0 041 4.3 23.2 37.9 1.0160 0.00 0.0M
60480.000 1964 COM2 65 0R0 070 1.6 23.0 38.2 1.0160 0.00 0.0M
60540.000 1964 COM2 65 0R0 026 3.7 23.0 38.4 1.0160 0.00 0.0M
60600.000 1964 COM2 65 0R0 212 0.8 23.0 37.0 1.0161 0.00 0.0M
60660.000 1964 COM2 65 0R0 017 1.5 22.7 38.6 1.0161 0.00 0.0M
60720.000 1964 COM2 65 0R0 326 0.6 22.6 36.8 1.0161 0.00 0.0M
60780.000 1964 COM2 65 0R0 035 1.0 22.5 38.2 1.0160 0.00 0.0M
60840.000 1964 COM2 65 0R0 080 0.9 22.5 38.2 1.0160 0.00 0.0M
60900.000 1964 COM2 65 0R0 050 2.7 22.8 38.2 1.0160 0.00 0.0M
60960.000 1964 COM2 65 0R0 076 2.0 23.1 37.4 1.0160 0.00 0.0M
61020.000 1964 COM2 65 0R0 356 0.5 23.2 37.4 1.0160 0.00 0.0M
61080.000 1964 COM2 65 0R0 037 1.1 23.2 37.2 1.0161 0.00 0.0M
61140.000 1964 COM2 65 0R0 007 0.5 23.2 37.7 1.0160 0.00 0.0M
61200.000 1964 COM2 65 0R0 068 4.4 23.3 38.1 1.0160 0.00 0.0M
61260.000 1964 COM2 65 0R0 082 1.2 23.4 37.1 1.0160 0.00 0.0M
61320.000 1964 COM2 65 0R0 282 0.9 23.3 37.5 1.0160 0.00 0.0M
61380.000 1964 COM2 65 0R0 079 1.2 23.2 37.6 1.0160 0.00 0.0M
61440.000 1964 COM2 65 0R0 051 3.9 23.1 36.3 1.0159 0.00 0.0M
61500.000 1964 COM2 65 0R0 050 1.8 23.0 36.9 1.0159 0.00 0.0M
61560.000 1964 COM2 65 0R0 065 2.7 23.0 37.9 1.0159 0.00 0.0M
61620.000 1964 COM2 65 0R0 025 3.6 22.9 38.7 1.0159 0.00 0.0M
61680.000 1964 COM2 65 0R0 029 1.6 22.9 37.7 1.0159 0.00 0.0M
61740.000 1964 COM2 65 0R0 042 4.1 22.9 38.2 1.0159 0.00 0.0M
61800.000 1964 COM2 65 0R0 013 1.4 23.0 36.4 1.0159 0.00 0.0M
61860.000 1964 COM2 65 0R0 024 5.1 22.9 37.6 1.0159 0.00 0.0M
61920.000 1964 COM2 65 0R0 039 1.2 23.1 36.2 1.0159 0.00 0.0M
61980.000 1964 COM2 65 0R0 031 4.3 23.0 35.7 1.0159 0.00 0.0M
62040.000 1964 COM2 65 0R0 025 3.8 22.9 35.4 1.0159 0.00 0.0M
62100.000 1964 COM2 65 0R0 023 2.2 22.8 35.8 1.0159 0.00 0.0M
62160.000 1964 COM2 65 0R0 091 1.0 22.8 36.2 1.0159 0.00 0.0M
62220.000 1964 COM2 65 0R0 092 1.9 22.9 36.5 1.0159 0.00 0.0M
62280.000 1964 COM2 65 0R0 083 2.6 23.1 37.5 1.0159 0.00 0.0M
62340.000 1964 COM2 65 0R0 087 2.5 23.2 37.7 1.0159 0.00 0.0M
62400.000 1964 COM2 65 0R0 075 3.0 23.2 37.0 1.0160 0.00 0.0M
62460.000 1964 COM2 65 0R0 108 0.7 23.1 36.9 1.0159 0.00 0.0M
62520.000 1964 COM2 65 0R0 033 0.7 22.9 37.9 1.0159 0.00 0.0M
62580.000 1964 COM2 65 0R0 358 1.8 22.9 37.7 1.0159 0.00 0.0M
62640.000 1964 COM2 65 0R0 023 0.8 23.0 37.2 1.0159 0.00 0.0M
62700.000 1964 COM2 65 0R0 136 1.7 23.2 37.4 1.0159 0.00 0.0M
62760.000 1964 COM2 65 0R0 071 1.3 23.5 35.3 1.0158 0.00 0.0M
62820.000 1964 COM2 65 0R0 076 2.3 23.6 34.9 1.0158 0.00 0.0M
62880.000 1964 COM2 65 0R0 074 1.8 23.5 35.3 1.0158 0.00 0.0M
62940.000 1964 COM2 65 0R0 076 5.6 23.4 36.0 1.0158 0.00 0.0M
63000.000 1964 COM2 65 0R0 089 1.3 23.3 35.6 1.0158 0.00 0.0M
63060.000 1964 COM2 65 0R0 064 0.4 23.0 37.1 1.0158 0.00 0.0M
63120.000 1964 COM2 65 0R0 117 0.8 23.0 37.7 1.0158 0.00 0.0M
63180.000 1964 COM2 65 0R0 067 3.5 23.4 36.8 1.0158 0.00 0.0M
63240.000 1964 COM2 65 0R0 116 1.8 23.5 35.2 1.0158 0.00 0.0M
63300.000 1964 COM2 65 0R0 094 1.2 23.2 36.2 1.0157 0.00 0.0M
63360.000 1964 COM2 65 0R0 053 4.0 23.2 36.2 1.0157 0.00 0.0M
63420.000 1964 COM2 65 0R0 068 4.7 23.3 36.5 1.0157 0.00 0.0M
63480.000 1964 COM2 65 0R0 064 3.6 23.1 36.1 1.0157 0.00 0.0M
63540.000 1964 COM2 65 0R0 090 2.9 22.7 36.7 1.0157 0.00 0.0M
63600.000 1964 COM2 65 0R0 353 0.9 22.5 37.6 1.0157 0.00 0.0M
63660.000 1964 COM2 65 0R0 138 0.5 22.4 37.7 1.0156 0.00 0.0M
63720.000 1964 COM2 65 0R0 081 4.7 22.6 38.5 1.0156 0.00 0.0M
63780.000 1964 COM2 65 0R0 028 4.1 23.0 35.1 1.0156 0.00 0.0M
63840.000 1964 COM2 65 0R0 024 2.5 23.2 35.3 1.0156 0.00 0.0M
63900.000 1964 COM2 65 0R0 113 1.2 23.3 34.6 1.0156 0.00 0.0M
63960.000 1964 COM2 65 0R0 078 4.1 23.3 35.3 1.0157 0.00 0.0M
64020.000 1964 COM2 65 0R0 044 3.9 23.4 35.1 1.0157 0.00 0.0M
64080.000 1964 COM2 65 0R0 053 4.0 23.2 35.2 1.0156 0.00 0.0M
64140.000 1964 COM2 65 0R0 069 3.0 23.0 35.4 1.0156 0.00 0.0M
64200.000 1964 COM2 65 0R0 032 2.9 22.8 35.9 1.0156 0.00 0.0M
64260.000 1964 COM2 65 0R0 060 2.3 22.7 36.0 1.0156 0.00 0.0M
64320.000 1964 COM2 65 0R0 061 2.6 22.7 36.7 1.0156 0.00 0.0M
64380.000 1964 COM2 65 0R0 017 3.2 22.8 36.6 1.0155 0.00 0.0M
64440.000 1964 COM2 65 0R0 061 0.9 23.0 36.4 1.0156 0.00 0.0M
64500.000 1964 COM2 65 0R0 004 0.6 23.1 37.0 1.0155 0.00 0.0M
64560.000 1964 COM2 65 0R0 023 3.4 23.3 36.3 1.0155 0.00 0.0M
64620.100 1964 COM2 65 0R0 271 0.8 23.5 33.8 1.0155 0.00 0.0M
64680.000 1964 COM2 65 0R0 028 3.7 23.5 34.6 1.0155 0.00 0.0M
64740.000 1964 COM2 65 0R0 018 2.0 23.5 33.7 1.0155 0.00 0.0M
64800.000 1964 COM2 65 0R0 005 2.5 23.4 33.5 1.0154 0.00 0.0M
64860.000 1964 COM2 65 0R0 051 2.6 23.3 34.0 1.0154 0.00 0.0M
64920.000 1964 COM2 65 0R0 015 2.1 23.2 34.8 1.0154 0.00 0.0M
64980.000 1964 COM2 65 0R0 049 3.2 23.2 35.0 1.0154 0.00 0.0M
65040.000 1964 COM2 65 0R0 030 3.3 23.2 35.0 1.0154 0.00 0.0M
65100.000 1964 COM2 65 0R0 043 4.4 23.1 34.9 1.0154 0.00 0.0M
65160.100 1964 COM2 65 0R0 062 3.3 23.0 35.6 1.0154 0.00 0.0M
65220.000 1964 COM2 65 0R0 047 1.6 22.9 36.9 1.0154 0.00 0.0M
65280.000 1964 COM2 65 0R0 084 2.2 22.7 37.8 1.0154 0.00 0.0M
65340.000 1964 COM2 65 0R0 041 2.1 22.7 37.8 1.0154 0.00 0.0M
65400.000 1964 COM2 65 0R0 082 1.5 22.7 37.4 1.0153 0.00 0.0M
65460.000 1964 COM2 65 0R0 045 0.9 22.7 37.8 1.0153 0.00 0.0M
65520.000 1964 COM2 65 0R0 033 3.0 22.9 37.4 1.0153 0.00 0.0M
65580.000 1964 COM2 65 0R0 099 1.6 23.1 35.7 1.0153 0.00 0.0M
65640.000 1964 COM2 65 0R0 040 2.2 23.1 36.5 1.0153 0.00 0.0M
65700.000 1964 COM2 65 0R0 061 2.9 23.1 33.9 1.0153 0.00 0.0M
65760.000 1964 COM2 65 0R0 087 1.9 23.1 32.6 1.0153 0.00 0.0M
65820.000 1964 COM2 65 0R0 080 1.7 23.1 33.4 1.0152 0.00 0.0M
65880.000 1964 COM2 65 0R0 115 1.7 23.1 33.7 1.0152 0.00 0.0M
65940.000 1964 COM2 65 0R0 046 2.2 23.1 34.1 1.0152 0.00 0.0M
66000.000 1964 COM2 65 0R0 041 1.2 23.2 34.1 1.0152 0.00 0.0M
66060.000 1964 COM2 65 0R0 068 3.9 23.4 34.6 1.0152 0.00 0.0M
66120.000 1964 COM2 65 0R0 056 2.7 23.4 35.8 1.0152 0.00 0.0M
66180.000 1964 COM2 65 0R0 054 3.2 23.2 36.3 1.0151 0.00 0.0M
66240.000 1964 COM2 65 0R0 054 1.8 23.0 36.8 1.0151 0.00 0.0M
66300.000 1964 COM2 65 0R0 039 2.1 22.9 37.0 1.0151 0.00 0.0M
66360.000 1964 COM2 65 0R0 011 0.8 22.9 36.9 1.0151 0.00 0.0M
66420.000 1964 COM2 65 0R0 024 2.6 23.0 37.4 1.0151 0.00 0.0M
66480.000 1964 COM2 65 0R0 065 4.3 23.1 36.7 1.0151 0.00 0.0M
66540.000 1964 COM2 65 0R0 067 2.7 23.1 36.0 1.0151 0.00 0.0M
66600.000 1964 COM2 65 0R0 027 0.8 22.9 36.4 1.0151 0.00 0.0M
66660.000 1964 COM2 65 0R0 095 1.9 22.8 37.2 1.0151 0.00 0.0M
66720.000 1964 COM2 65 0R0 301 0.3 22.8 37.3 1.0150 0.00 0.0M
66780.000 1964 COM2 65 0R0 006 0.3 23.0 37.3 1.0150 0.00 0.0M
66840.000 1964 COM2 65 0R0 091 0.7 23.2 38.1 1.0150 0.00 0.0M
66900.000 1964 COM2 65 0R0 044 3.2 23.3 37.2 1.0150 0.00 0.0M
66960.000 1964 COM2 65 0R0 061 0.4 23.4 37.1 1.0150 0.00 0.0M
67020.000 1964 COM2 65 0R0 002 0.7 23.3 37.9 1.0150 0.00 0.0M
67080.000 1964 COM2 65 0R0 007 1.8 23.3 37.6 1.0150 0.00 0.0M
67140.000 1964 COM2 65 0R0 039 2.0 23.3 37.5 1.0150 0.00 0.0M
67200.000 1964 COM2 65 0R0 158 1.2 23.2 37.2 1.0150 0.00 0.0M
67260.000 1964 COM2 65 0R0 020 0.8 23.2 38.2 1.0150 0.00 0.0M
67320.000 1964 COM2 65 0R0 074 1.8 23.3 37.3 1.0149 0.00 0.0M
67380.000 1964 COM2 65 0R0 069 1.3 23.4 37.6 1.0149 0.00 0.0M
67440.000 1964 COM2 65 0R0 156 0.6 23.5 38.2 1.0149 0.00 0.0M
67500.000 1964 COM2 65 0R0 359 0.3 23.6 38.2 1.0149 0.00 0.0M
67560.000 1964 COM2 65 0R0 129 0.8 23.7 37.9 1.0149 0.00 0.0M
67620.000 1964 COM2 65 0R0 081 1.1 23.8 38.0 1.0149 0.00 0.0M
67680.000 1964 COM2 65 0R0 068 3.1 23.9 37.2 1.0149 0.00 0.0M
67740.000 1964 COM2 65 0R0 055 1.4 23.8 37.5 1.0149 0.00 0.0M
67800.000 1964 COM2 65 0R0 106 0.5 23.6 38.0 1.0149 0.00 0.0M
67860.000 1964 COM2 65 0R0 121 2.2 23.5 38.5 1.0149 0.00 0.0M
67920.000 1964 COM2 65 0R0 172 0.5 23.6 38.6 1.0148 0.00 0.0M
67980.000 1964 COM2 65 0R0 065 0.5 23.8 38.7 1.0148 0.00 0.0M
68040.000 1964 COM2 65 0R0 088 1.3 23.9 38.8 1.0148 0.00 0.0M
68100.000 1964 COM2 65 0R0 111 3.3 24.1 38.3 1.0148 0.00 0.0M
68160.000 1964 COM2 65 0R0 101 2.7 24.1 37.5 1.0148 0.00 0.0M
68220.000 1964 COM2 65 0R0 115 1.3 23.8 38.3 1.0147 0.00 0.0M
68280.000 1964 COM2 65 0R0 054 1.0 23.6 38.3 1.0147 0.00 0.0M
68340.000 1964 COM2 65 0R0 106 1.7 23.4 38.7 1.0148 0.00 0.0M
68400.000 1964 COM2 65 0R0 056 2.3 23.2 39.3 1.0147 0.00 0.0M
68460.000 1964 COM2 65 0R0 061 2.9 23.2 39.3 1.0147 0.00 0.0M
68520.000 1964 COM2 65 0R0 004 1.1 23.1 39.3 1.0147 0.00 0.0M
68580.000 1964 COM2 65 0R0 040 3.5 23.1 38.8 1.0147 0.00 0.0M
68640.000 1964 COM2 65 0R0 072 2.9 23.2 38.2 1.0147 0.00 0.0M
68700.000 1964 COM2 65 0R0 067 3.1 23.2 39.0 1.0147 0.00 0.0M
68760.000 1964 COM2 65 0R0 123 0.4 23.1 38.4 1.0148 0.00 0.0M
68820.000 1964 COM2 65 0R0 029 2.1 23.0 39.3 1.0148 0.00 0.0M
68880.000 1964 COM2 65 0R0 069 2.9 23.1 39.0 1.0148 0.00 0.0M
68940.000 1964 COM2 65 0R0 044 1.9 23.3 37.7 1.0147 0.00 0.0M
69000.100 1964 COM2 65 0R0 099 2.2 23.2 38.3 1.0148 0.00 0.0M
69060.000 1964 COM2 65 0R0 114 3.0 23.1 39.0 1.0148 0.00 0.0M
69120.000 1964 COM2 65 0R0 102 4.7 23.3 38.7 1.0147 0.00 0.0M
69180.000 1964 COM2 65 0R0 105 2.1 23.4 37.7 1.0147 0.00 0.0M
69240.000 1964 COM2 65 0R0 004 1.5 23.3 38.5 1.0147 0.00 0.0M
69300.000 1964 COM2 65 0R0 054 2.0 23.3 38.5 1.0147 0.00 0.0M
69360.000 1964 COM2 65 0R0 359 1.2 23.3 38.3 1.0147 0.00 0.0M
69420.000 1964 COM2 65 0R0 036 1.2 23.2 38.0 1.0147 0.00 0.0M
69480.000 1964 COM2 65 0R0 359 0.5 23.2 38.5 1.0147 0.00 0.0M
69540.000 1964 COM2 65 0R0 331 0.4 23.3 38.4 1.0147 0.00 0.0M
69600.000 1964 COM2 65 0R0 188 0.3 23.5 38.6 1.0147 0.00 0.0M
69660.000 1964 COM2 65 0R0 099 3.6 23.7 38.6 1.0147 0.00 0.0M
69720.000 1964 COM2 65 0R0 085 4.1 23.8 37.8 1.0147 0.00 0.0M
69780.000 1964 COM2 65 0R0 086 3.0 23.7 37.9 1.0147 0.00 0.0M
69840.000 1964 COM2 65 0R0 104 3.5 23.6 37.1 1.0147 0.00 0.0M
69900.000 1964 COM2 65 0R0 105 2.0 23.5 37.1 1.0147 0.00 0.0M
69960.000 1964 COM2 65 0R0 108 0.6 23.3 37.5 1.0147 0.00 0.0M
70020.000 1964 COM2 65 0R0 090 0.6 23.3 37.7 1.0147 0.00 0.0M
70080.000 1964 COM2 65 0R0 038 0.2 23.4 37.7 1.0147 0.00 0.0M
70140.000 1964 COM2 65 0R0 107 1.3 23.5 38.2 1.0147 0.00 0.0M
70200.000 1964 COM2 65 0R0 077 2.4 23.8 37.8 1.0147 0.00 0.0M
70260.000 1964 COM2 65 0R0 098 2.0 24.0 37.0 1.0147 0.00 0.0M
70320.000 1964 COM2 65 0R0 068 3.6 24.0 37.5 1.0147 0.00 0.0M
70380.100 1964 COM2 65 0R0 020 1.5 23.8 37.3 1.0147 0.00 0.0M
70440.000 1964 COM2 65 0R0 023 1.9 23.6 37.4 1.0147 0.00 0.0M
70500.000 1964 COM2 65 0R0 044 1.0 23.5 37.4 1.0147 0.00 0.0M
70560.000 1964 COM2 65 0R0 087 1.9 23.5 37.4 1.0147 0.00 0.0M
70620.000 1964 COM2 65 0R0 047 0.5 23.7 36.9 1.0147 0.00 0.0M
70680.000 1964 COM2 65 0R0 203 0.3 23.7 37.0 1.0146 0.00 0.0M
70740.000 1964 COM2 65 0R0 343 1.7 23.7 37.4 1.0146 0.00 0.0M
70800.000 1964 COM2 65 0R0 093 2.9 23.9 37.2 1.0146 0.00 0.0M
70860.000 1964 COM2 65 0R0 095 3.2 23.9 37.1 1.0146 0.00 0.0M
70920.000 1964 COM2 65 0R0 110 3.3 23.8 37.0 1.0146 0.00 0.0M
70980.000 1964 COM2 65 0R0 071 2.6 23.5 37.5 1.0146 0.00 0.0M
71040.000 1964 COM2 65 0R0 114 0.9 23.4 38.0 1.0146 0.00 0.0M
71100.000 1964 COM2 65 0R0 094 3.1 23.4 38.6 1.0146 0.00 0.0M
71160.000 1964 COM2 65 0R0 064 3.2 23.6 38.2 1.0146 0.00 0.0M
71220.000 1964 COM2 65 0R0 092 1.1 23.5 38.5 1.0146 0.00 0.0M
71280.000 1964 COM2 65 0R0 077 1.4 23.4 38.5 1.0146 0.00 0.0M
71340.000 1964 COM2 65 0R0 052 1.9 23.6 38.2 1.0146 0.00 0.0M
71400.000 1964 COM2 65 0R0 068 3.6 23.8 37.4 1.0146 0.00 0.0M
71460.000 1964 COM2 65 0R0 123 0.9 23.8 38.0 1.0145 0.00 0.0M
71520.000 1964 COM2 65 0R0 115 1.6 23.8 37.8 1.0145 0.00 0.0M
71580.100 1964 COM2 65 0R0 092 3.0 23.9 37.6 1.0145 0.00 0.0M
71640.000 1964 COM2 65 0R0 103 0.4 24.1 37.0 1.0146 0.00 0.0M
71700.000 1964 COM2 65 0R0 040 0.8 23.9 38.0 1.0146 0.00 0.0M
71760.000 1964 COM2 65 0R0 062 1.7 23.9 37.7 1.0145 0.00 0.0M
71820.000 1964 COM2 65 0R0 109 0.8 24.1 37.0 1.0145 0.00 0.0M
71880.000 1964 COM2 65 0R0 126 3.8 24.1 37.2 1.0145 0.00 0.0M
71940.000 1964 COM2 65 0R0 114 1.4 24.1 36.6 1.0145 0.00 0.0M
72000.000 1964 COM2 65 0R0 125 1.7 24.0 37.0 1.0145 0.00 0.0M
72060.000 1964 COM2 65 0R0 128 0.7 24.0 37.3 1.0145 0.00 0.0M
72120.000 1964 COM2 65 0R0 092 3.3 24.1 37.3 1.0145 0.00 0.0M
72180.000 1964 COM2 65 0R0 094 1.5 24.2 36.0 1.0145 0.00 0.0M
72240.000 1964 COM2 65 0R0 134 1.9 23.8 36.6 1.0144 0.00 0.0M
72300.000 1964 COM2 65 0R0 290 0.4 23.5 37.3 1.0144 0.00 0.0M
72360.000 1964 COM2 65 0R0 117 0.4 23.6 38.4 1.0143 0.00 0.0M
72420.000 1964 COM2 65 0R0 118 1.7 23.9 38.0 1.0144 0.00 0.0M
72480.000 1964 COM2 65 0R0 096 4.8 24.2 37.7 1.0144 0.00 0.0M
72540.000 1964 COM2 65 0R0 103 3.7 24.2 36.9 1.0144 0.00 0.0M
72600.000 1964 COM2 65 0R0 085 4.0 24.0 37.3 1.0143 0.00 0.0M
72660.000 1964 COM2 65 0R0 088 1.6 23.9 37.4 1.0143 0.00 0.0M
72720.000 1964 COM2 65 0R0 080 4.1 23.8 38.0 1.0144 0.00 0.0M
72780.000 1964 COM2 65 0R0 069 3.3 23.8 38.0 1.0144 0.00 0.0M
72840.000 1964 COM2 65 0R0 098 2.6 23.8 37.5 1.0143 0.00 0.0M
72900.000 1964 COM2 65 0R0 085 1.8 23.7 37.7 1.0144 0.00 0.0M
72960.000 1964 COM2 65 0R0 072 2.2 23.7 37.7 1.0144 0.00 0.0M
73020.000 1964 COM2 65 0R0 094 1.7 23.6 38.0 1.0144 0.00 0.0M
73080.000 1964 COM2 65 0R0 043 2.4 23.6 38.2 1.0144 0.00 0.0M
73140.000 1964 COM2 65 0R0 045 2.6 23.5 38.1 1.0144 0.00 0.0M
73200.000 1964 COM2 65 0R0 033 1.6 23.4 38.1 1.0144 0.00 0.0M
73260.000 1964 COM2 65 0R0 082 1.0 23.4 38.4 1.0144 0.00 0.0M
73320.000 1964 COM2 65 0R0 002 0.3 23.4 38.4 1.0144 0.00 0.0M
73380.000 1964 COM2 65 0R0 002 0.9 23.4 38.7 1.0143 0.00 0.0M
73440.000 1964 COM2 65 0R0 011 1.1 23.5 38.7 1.0143 0.00 0.0M
73500.000 1964 COM2 65 0R0 028 1.3 23.6 38.5 1.0143 0.00 0.0M
73560.000 1964 COM2 65 0R0 089 1.6 23.6 38.9 1.0143 0.00 0.0M
73620.000 1964 COM2 65 0R0 120 1.5 23.7 39.3 1.0143 0.00 0.0M
73680.000 1964 COM2 65 0R0 120 3.1 23.8 38.6 1.0144 0.00 0.0M
73740.000 1964 COM2 65 0R0 105 2.4 23.8 38.1 1.0143 0.00 0.0M
73800.000 1964 COM2 65 0R0 060 1.4 23.8 38.2 1.0144 0.00 0.0M
73860.000 1964 COM2 65 0R0 278 0.8 23.7 39.2 1.0144 0.00 0.0M
73920.000 1964 COM2 65 0R0 215 0.4 23.7 38.8 1.0143 0.00 0.0M
73980.000 1964 COM2 65 0R0 008 0.5 23.9 38.7 1.0144 0.00 0.0M
74040.000 1964 COM2 65 0R0 282 0.5 24.1 38.4 1.0144 0.00 0.0M
74100.000 1964 COM2 65 0R0 040 4.0 24.1 38.3 1.0144 0.00 0.0M
74160.000 1964 COM2 65 0R0 020 3.5 24.0 38.1 1.0144 0.00 0.0M
74220.000 1964 COM2 65 0R0 043 2.0 23.8 38.0 1.0144 0.00 0.0M
74280.000 1964 COM2 65 0R0 104 1.6 23.6 38.0 1.0145 0.00 0.0M
74340.000 1964 COM2 65 0R0 103 0.9 23.4 38.9 1.0145 0.00 0.0M
74400.000 1964 COM2 65 0R0 079 3.1 23.4 39.1 1.0145 0.00 0.0M
74460.000 1964 COM2 65 0R0 111 3.6 23.7 38.3 1.0145 0.00 0.0M
74520.000 1964 COM2 65 0R0 103 2.6 23.8 38.7 1.0145 0.00 0.0M
74580.000 1964 COM2 65 0R0 074 2.0 23.8 38.2 1.0145 0.00 0.0M
74640.000 1964 COM2 65 0R0 062 2.4 23.8 38.8 1.0146 0.00 0.0M
74700.000 1964 COM2 65 0R0 074 3.3 23.7 38.7 1.0146 0.00 0.0M
74760.000 1964 COM2 65 0R0 354 0.9 23.5 38.9 1.0146 0.00 0.0M
74820.000 1964 COM2 65 0R0 077 0.8 23.3 39.4 1.0146 0.00 0.0M
74880.000 1964 COM2 65 0R0 134 0.7 23.4 39.7 1.0146 0.00 0.0M
74940.000 1964 COM2 65 0R0 047 2.5 23.5 39.7 1.0146 0.00 0.0M
75000.000 1964 COM2 65 0R0 065 2.3 23.6 38.7 1.0146 0.00 0.0M
75060.000 1964 COM2 65 0R0 074 1.9 23.6 38.6 1.0146 0.00 0.0M
75120.000 1964 COM2 65 0R0 053 0.3 23.5 38.7 1.0146 0.00 0.0M
75180.000 1964 COM2 65 0R0 049 1.9 23.5 39.4 1.0146 0.00 0.0M
75240.000 1964 COM2 65 0R0 051 2.2 23.5 39.3 1.0146 0.00 0.0M
75300.000 1964 COM2 65 0R0 110 1.4 23.5 39.3 1.0146 0.00 0.0M
75360.000 1964 COM2 65 0R0 074 2.5 23.5 39.6 1.0146 0.00 0.0M
75420.000 1964 COM2 65 0R0 089 2.4 23.5 39.3 1.0146 0.00 0.0M
75480.000 1964 COM2 65 0R0 085 2.0 23.4 39.6 1.0146 0.00 0.0M
75540.000 1964 COM2 65 0R0 122 0.8 23.3 39.7 1.0146 0.00 0.0M
75600.000 1964 COM2 65 0R0 105 1.0 23.3 40.2 1.0146 0.00 0.0M
75660.000 1964 COM2 65 0R0 092 2.2 23.4 39.9 1.0146 0.00 0.0M
75720.000 1964 COM2 65 0R0 139 0.9 23.5 40.1 1.0146 0.00 0.0M
75780.000 1964 COM2 65 0R0 343 0.3 23.7 40.2 1.0145 0.00 0.0M
75840.000 1964 COM2 65 0R0 030 3.2 23.8 40.2 1.0145 0.00 0.0M
75900.000 1964 COM2 65 0R0 073 3.2 23.9 39.7 1.0146 0.00 0.0M
75960.000 1964 COM2 65 0R0 074 2.1 23.9 39.0 1.0146 0.00 0.0M
76020.000 1964 COM2 65 0R0 076 2.3 23.7 39.8 1.0146 0.00 0.0M
76080.000 1964 COM2 65 0R0 097 2.4 23.6 39.8 1.0146 0.00 0.0M
76140.000 1964 COM2 65 0R0 089 2.5 23.6 39.9 1.0146 0.00 0.0M
76200.000 1964 COM2 65 0R0 092 3.5 23.6 40.6 1.0146 0.00 0.0M
76260.000 1964 COM2 65 0R0 164 1.0 23.5 40.3 1.0146 0.00 0.0M
76320.000 1964 COM2 65 0R0 118 2.3 23.4 41.0 1.0146 0.00 0.0M
76380.000 1964 COM2 65 0R0 067 1.2 23.5 40.2 1.0147 0.00 0.0M
76440.000 1964 COM2 65 0R0 084 2.8 23.6 40.1 1.0147 0.00 0.0M
76500.000 1964 COM2 65 0R0 111 1.9 23.7 39.5 1.0147 0.00 0.0M
76560.000 1964 COM2 65 0R0 098 1.8 23.7 39.5 1.0147 0.00 0.0M
76620.000 1964 COM2 65 0R0 105 1.2 23.6 40.0 1.0147 0.00 0.0M
76680.000 1964 COM2 65 0R0 091 2.7 23.6 40.4 1.0147 0.00 0.0M
76740.000 1964 COM2 65 0R0 102 2.6 23.6 40.1 1.0147 0.00 0.0M
76800.000 1964 COM2 65 0R0 086 2.2 23.5 40.5 1.0147 0.00 0.0M
76860.000 1964 COM2 65 0R0 088 2.0 23.4 40.7 1.0146 0.00 0.0M
76920.000 1964 COM2 65 0R0 092 3.0 23.5 40.5 1.0146 0.00 0.0M
76980.000 1964 COM2 65 0R0 098 2.7 23.4 41.0 1.0146 0.00 0.0M
77040.000 1964 COM2 65 0R0 087 1.0 23.4 40.9 1.0146 0.00 0.0M
77100.100 1964 COM2 65 0R0 095 2.7 23.4 40.6 1.0146 0.00 0.0M
77160.000 1964 COM2 65 0R0 067 2.1 23.4 40.6 1.0146 0.00 0.0M
77220.000 1964 COM2 65 0R0 064 2.2 23.4 40.3 1.0146 0.00 0.0M
77280.000 1964 COM2 65 0R0 071 2.6 23.3 40.9 1.0146 0.00 0.0M
77340.000 1964 COM2 65 0R0 044 2.8 23.2 41.1 1.0146 0.00 0.0M
77400.000 1964 COM2 65 0R0 082 0.9 23.1 41.0 1.0146 0.00 0.0M
77460.000 1964 COM2 65 0R0 061 2.8 23.1 41.3 1.0146 0.00 0.0M
77520.000 1964 COM2 65 0R0 049 0.6 23.1 41.2 1.0146 0.00 0.0M
77580.000 1964 COM2 65 0R0 067 2.7 23.0 41.6 1.0146 0.00 0.0M
77640.000 1964 COM2 65 0R0 081 1.8 23.0 41.0 1.0146 0.00 0.0M
77700.000 1964 COM2 65 0R0 118 1.9 23.0 41.9 1.0146 0.00 0.0M
77760.000 1964 COM2 65 0R0 085 2.0 23.0 42.0 1.0145 0.00 0.0M
77820.000 1964 COM2 65 0R0 077 1.8 23.0 42.2 1.0145 0.00 0.0M
77880.000 1964 COM2 65 0R0 127 0.4 23.0 42.3 1.0146 0.00 0.0M
77940.000 1964 COM2 65 0R0 087 2.5 23.1 42.4 1.0146 0.00 0.0M
78000.100 1964 COM2 65 0R0 080 1.6 23.1 41.5 1.0146 0.00 0.0M
78060.000 1964 COM2 65 0R0 079 1.0 23.1 41.6 1.0146 0.00 0.0M
78120.000 1964 COM2 65 0R0 072 2.5 23.1 41.6 1.0146 0.00 0.0M
78180.000 1964 COM2 65 0R0 070 2.3 23.1 41.3 1.0146 0.00 0.0M
78240.000 1964 COM2 65 0R0 062 0.4 23.1 41.2 1.0146 0.00 0.0M
78300.000 1964 COM2 65 0R0 064 1.6 23.0 41.7 1.0146 0.00 0.0M
78360.000 1964 COM2 65 0R0 090 1.6 23.0 41.3 1.0146 0.00 0.0M
78420.000 1964 COM2 65 0R0 083 1.1 23.0 41.3 1.0146 0.00 0.0M
78480.000 1964 COM2 65 0R0 100 1.1 23.0 41.6 1.0146 0.00 0.0M
78540.000 1964 COM2 65 0R0 107 1.7 23.1 41.9 1.0146 0.00 0.0M
78600.000 1964 COM2 65 0R0 094 3.2 23.2 41.6 1.0146 0.00 0.0M
78660.000 1964 COM2 65 0R0 113 2.2 23.2 40.7 1.0146 0.00 0.0M
78720.000 1964 COM2 65 0R0 093 1.8 23.1 41.9 1.0146 0.00 0.0M
78780.000 1964 COM2 65 0R0 105 2.1 23.0 42.1 1.0146 0.00 0.0M
78840.000 1964 COM2 65 0R0 095 2.1 23.0 42.3 1.0146 0.00 0.0M
78900.000 1964 COM2 65 0R0 114 2.6 23.1 41.7 1.0146 0.00 0.0M
78960.000 1964 COM2 65 0R0 122 1.2 23.1 41.5 1.0146 0.00 0.0M
79020.000 1964 COM2 65 0R0 091 0.8 23.1 42.2 1.0146 0.00 0.0M
79080.000 1964 COM2 65 0R0 140 0.7 23.1 42.3 1.0147 0.00 0.0M
79140.000 1964 COM2 65 0R0 105 2.1 23.1 42.8 1.0147 0.00 0.0M
79200.000 1964 COM2 65 0R0 090 2.4 23.1 42.6 1.0147 0.00 0.0M
79260.000 1964 COM2 65 0R0 116 1.4 23.1 42.7 1.0147 0.00 0.0M
79320.000 1964 COM2 65 0R0 102 2.0 23.0 43.1 1.0147 0.00 0.0M
79380.000 1964 COM2 65 0R0 105 2.1 23.1 43.1 1.0147 0.00 0.0M
79440.100 1964 COM2 65 0R0 089 1.7 23.1 43.2 1.0147 0.00 0.0M
79500.000 1964 COM2 65 0R0 088 2.3 23.1 43.2 1.0147 0.00 0.0M
79560.000 1964 COM2 65 0R0 108 0.6 23.2 43.0 1.0147 0.00 0.0M
79620.000 1964 COM2 65 0R0 352 0.5 23.2 43.4 1.0147 0.00 0.0M
79680.000 1964 COM2 65 0R0 093 1.1 23.2 43.5 1.0147 0.00 0.0M
79740.000 1964 COM2 65 0R0 033 0.3 23.3 43.6 1.0147 0.00 0.0M
79800.000 1964 COM2 65 0R0 094 1.3 23.4 43.5 1.0147 0.00 0.0M
79860.000 1964 COM2 65 0R0 116 1.2 23.5 43.3 1.0147 0.00 0.0M
79920.000 1964 COM2 65 0R0 103 2.2 23.5 42.3 1.0147 0.00 0.0M
79980.000 1964 COM2 65 0R0 106 1.1 23.4 42.1 1.0146 0.00 0.0M
80040.000 1964 COM2 65 0R0 101 2.8 23.4 41.9 1.0147 0.00 0.0M
80100.000 1964 COM2 65 0R0 074 2.0 23.4 41.6 1.0146 0.00 0.0M
80160.000 1964 COM2 65 0R0 075 2.0 23.3 42.0 1.0147 0.00 0.0M
80220.000 1964 COM2 65 0R0 050 3.0 23.2 42.6 1.0147 0.00 0.0M
80280.000 1964 COM2 65 0R0 066 2.5 23.1 42.3 1.0146 0.00 0.0M
80340.000 1964 COM2 65 0R0 093 2.1 23.0 42.5 1.0147 0.00 0.0M
80400.000 1964 COM2 65 0R0 098 1.7 23.0 42.7 1.0146 0.00 0.0M
80460.000 1964 COM2 65 0R0 109 0.8 23.0 43.1 1.0146 0.00 0.0M
80520.000 1964 COM2 65 0R0 117 1.0 22.9 43.1 1.0146 0.00 0.0M
80580.000 1964 COM2 65 0R0 086 1.9 23.0 42.9 1.0146 0.00 0.0M
80640.000 1964 COM2 65 0R0 099 1.3 23.0 43.0 1.0146 0.00 0.0M
80700.000 1964 COM2 65 0R0 081 1.5 23.0 42.9 1.0146 0.00 0.0M
80760.000 1964 COM2 65 0R0 092 1.4 22.9 43.0 1.0146 0.00 0.0M
80820.000 1964 COM2 65 0R0 108 0.6 22.9 43.0 1.0146 0.00 0.0M
80880.000 1964 COM2 65 0R0 099 1.6 22.9 43.4 1.0146 0.00 0.0M
80940.000 1964 COM2 65 0R0 100 0.9 22.9 43.4 1.0146 0.00 0.0M
81000.000 1964 COM2 65 0R0 093 2.2 22.9 43.4 1.0146 0.00 0.0M
81060.000 1964 COM2 65 0R0 103 1.7 22.9 43.7 1.0146 0.00 0.0M
81120.000 1964 COM2 65 0R0 097 1.6 22.8 44.0 1.0147 0.00 0.0M
81180.200 1964 COM2 65 0R0 013 0.3 22.9 44.3 1.0147 0.00 0.0M
81240.000 1964 COM2 65 0R0 081 1.6 22.8 44.6 1.0147 0.00 0.0M
81300.000 1964 COM2 65 0R0 148 0.3 22.8 44.5 1.0147 0.00 0.0M
81360.000 1964 COM2 65 0R0 095 2.2 22.7 44.9 1.0147 0.00 0.0M
81420.000 1964 COM2 65 0R0 096 1.4 22.8 44.4 1.0147 0.00 0.0M
81480.000 1964 COM2 65 0R0 100 2.5 22.7 44.5 1.0147 0.00 0.0M
81540.000 1964 COM2 65 0R0 090 2.1 22.6 44.5 1.0147 0.00 0.0M
81600.000 1964 COM2 65 0R0 092 2.0 22.6 44.9 1.0147 0.00 0.0M
81660.000 1964 COM2 65 0R0 109 2.6 22.5 45.1 1.0147 0.00 0.0M
81720.000 1964 COM2 65 0R0 086 0.9 22.4 45.2 1.0147 0.00 0.0M
81780.000 1964 COM2 65 0R0 060 2.9 22.4 45.1 1.0147 0.00 0.0M
81840.000 1964 COM2 65 0R0 108 0.8 22.4 44.8 1.0147 0.00 0.0M
81900.000 1964 COM2 65 0R0 096 2.5 22.4 45.2 1.0147 0.00 0.0M
81960.000 1964 COM2 65 0R0 107 2.2 22.3 45.0 1.0147 0.00 0.0M
82020.000 1964 COM2 65 0R0 072 2.7 22.3 45.1 1.0147 0.00 0.0M
82080.000 1964 COM2 65 0R0 092 1.3 22.2 45.1 1.0147 0.00 0.0M
82140.000 1964 COM2 65 0R0 098 0.7 22.2 45.1 1.0146 0.00 0.0M
82200.000 1964 COM2 65 0R0 040 3.0 22.3 45.2 1.0146 0.00 0.0M
82260.000 1964 COM2 65 0R0 046 0.3 22.3 45.0 1.0146 0.00 0.0M
82320.000 1964 COM2 65 0R0 196 0.6 22.2 45.3 1.0146 0.00 0.0M
82380.000 1964 COM2 65 0R0 035 0.5 22.2 45.6 1.0146 0.00 0.0M
82440.000 1964 COM2 65 0R0 075 1.0 22.2 45.4 1.0146 0.00 0.0M
82500.000 1964 COM2 65 0R0 098 2.1 22.2 45.6 1.0146 0.00 0.0M
82560.000 1964 COM2 65 0R0 077 1.5 22.2 45.6 1.0146 0.00 0.0M
82620.000 1964 COM2 65 0R0 071 1.8 22.2 45.7 1.0146 0.00 0.0M
82680.000 1964 COM2 65 0R0 102 1.5 22.1 45.2 1.0146 0.00 0.0M
82740.000 1964 COM2 65 0R0 096 1.0 22.1 45.8 1.0146 0.00 0.0M
82800.000 1964 COM2 65 0R0 078 1.8 22.1 46.0 1.0146 0.00 0.0M
82860.000 1964 COM2 65 0R0 109 2.7 22.1 46.1 1.0146 0.00 0.0M
82920.000 1964 COM2 65 0R0 091 0.7 22.0 46.3 1.0146 0.00 0.0M
82980.000 1964 COM2 65 0R0 106 1.7 22.0 46.7 1.0146 0.00 0.0M
83040.000 1964 COM2 65 0R0 093 2.5 22.0 46.9 1.0146 0.00 0.0M
83100.000 1964 COM2 65 0R0 087 3.0 21.9 47.0 1.0147 0.00 0.0M
83160.000 1964 COM2 65 0R0 105 3.0 21.9 47.2 1.0147 0.00 0.0M
83220.000 1964 COM2 65 0R0 092 3.0 21.8 47.3 1.0147 0.00 0.0M
83280.000 1964 COM2 65 0R0 118 2.6 21.8 47.8 1.0147 0.00 0.0M
83340.000 1964 COM2 65 0R0 094 2.6 21.7 47.9 1.0147 0.00 0.0M
83400.000 1964 COM2 65 0R0 095 1.8 21.7 48.4 1.0147 0.00 0.0M
83460.000 1964 COM2 65 0R0 098 1.9 21.7 48.5 1.0147 0.00 0.0M
83520.000 1964 COM2 65 0R0 091 2.5 21.7 48.5 1.0147 0.00 0.0M
83580.000 1964 COM2 65 0R0 122 0.8 21.7 48.6 1.0147 0.00 0.0M
83640.000 1964 COM2 65 0R0 093 2.8 21.6 48.9 1.0147 0.00 0.0M
83700.000 1964 COM2 65 0R0 081 1.8 21.6 48.6 1.0147 0.00 0.0M
83760.000 1964 COM2 65 0R0 090 2.4 21.6 49.0 1.0147 0.00 0.0M
83820.000 1964 COM2 65 0R0 106 0.3 21.5 49.1 1.0147 0.00 0.0M
83880.000 1964 COM2 65 0R0 102 1.3 21.5 49.4 1.0147 0.00 0.0M
83940.000 1964 COM2 65 0R0 168 0.9 21.5 49.5 1.0147 0.00 0.0M
84000.000 1964 COM2 65 0R0 108 1.7 21.5 49.4 1.0147 0.00 0.0M
84060.000 1964 COM2 65 0R0 186 0.3 21.5 49.7 1.0147 0.00 0.0M
84120.000 1964 COM2 65 0R0 084 2.0 21.5 49.9 1.0148 0.00 0.0M
84180.000 1964 COM2 65 0R0 122 2.1 21.5 49.8 1.0148 0.00 0.0M
84240.000 1964 COM2 65 0R0 115 1.6 21.5 49.8 1.0148 0.00 0.0M
84300.000 1964 COM2 65 0R0 141 0.3 21.5 50.0 1.0148 0.00 0.0M
84360.000 1964 COM2 65 0R0 107 0.5 21.4 50.2 1.0148 0.00 0.0M
84420.000 1964 COM2 65 0R0 110 1.0 21.4 50.1 1.0148 0.00 0.0M
84480.000 1964 COM2 65 0R0 120 1.2 21.4 50.2 1.0148 0.00 0.0M
84540.000 1964 COM2 65 0R0 106 1.1 21.4 50.0 1.0148 0.00 0.0M
84600.000 1964 COM2 65 0R0 095 0.5 21.4 50.4 1.0148 0.00 0.0M
84660.000 1964 COM2 65 0R0 098 1.7 21.4 50.2 1.0148 0.00 0.0M
84720.000 1964 COM2 65 0R0 114 0.8 21.4 50.2 1.0148 0.00 0.0M
84780.000 1964 COM2 65 0R0 159 0.6 21.4 50.3 1.0148 0.00 0.0M
84840.000 1964 COM2 65 0R0 144 0.4 21.3 50.5 1.0148 0.00 0.0M
84900.000 1964 COM2 65 0R0 079 0.6 21.3 50.5 1.0148 0.00 0.0M
84960.000 1964 COM2 65 0R0 113 1.0 21.3 50.7 1.0148 0.00 0.0M
85020.000 1964 COM2 65 0R0 144 0.8 21.3 50.7 1.0148 0.00 0.0M
85080.000 1964 COM2 65 0R0 098 1.9 21.3 50.8 1.0148 0.00 0.0M
85140.000 1964 COM2 65 0R0 106 1.3 21.3 50.9 1.0148 0.00 0.0M
85200.000 1964 COM2 65 0R0 073 1.1 21.2 51.1 1.0148 0.00 0.0M
85260.000 1964 COM2 65 0R0 106 1.7 21.2 51.1 1.0148 0.00 0.0M
85320.000 1964 COM2 65 0R0 094 2.4 21.1 51.4 1.0148 0.00 0.0M
85380.000 1964 COM2 65 0R0 082 2.7 21.1 51.5 1.0148 0.00 0.0M
85440.000 1964 COM2 65 0R0 109 1.8 21.0 51.8 1.0148 0.00 0.0M
85500.000 1964 COM2 65 0R0 082 1.9 20.9 52.1 1.0148 0.00 0.0M
85560.000 1964 COM2 65 0R0 092 1.3 20.9 52.3 1.0148 0.00 0.0M
85620.000 1964 COM2 65 0R0 077 1.9 20.8 52.5 1.0148 0.00 0.0M
85680.000 1964 COM2 65 0R0 096 2.3 20.8 52.7 1.0148 0.00 0.0M
85740.000 1964 COM2 65 0R0 095 2.0 20.8 53.0 1.0148 0.00 0.0M
85800.000 1964 COM2 65 0R0 090 2.7 20.8 53.0 1.0148 0.00 0.0M
85860.000 1964 COM2 65 0R0 116 0.9 20.7 53.3 1.0148 0.00 0.0M
85920.000 1964 COM2 65 0R0 079 1.7 20.7 53.6 1.0148 0.00 0.0M
85980.000 1964 COM2 65 0R0 093 1.2 20.7 53.7 1.0148 0.00 0.0M
86040.000 1964 COM2 65 0R0 088 2.5 20.7 53.5 1.0148 0.00 0.0M
86100.000 1964 COM2 65 0R0 091 2.0 20.7 53.9 1.0148 0.00 0.0M
86160.000 1964 COM2 65 0R0 100 1.0 20.6 53.8 1.0148 0.00 0.0M
86220.000 1964 COM2 65 0R0 092 1.8 20.6 54.0 1.0148 0.00 0.0M
86280.000 1964 COM2 65 0R0 093 2.1 20.6 54.0 1.0148 0.00 0.0M
86340.000 1964 COM2 65 0R0 098 1.6 20.6 54.0 1.0148 0.00 0.0M
