TO [s] WNc [w] C StringLn ASCIIString
---------------------------------------
86400.000 1976 COM2 64 0R0 289 1.5 7.4 46.0 0.9978 0.00 0.0M
86460.000 1976 COM2 64 0R0 268 1.5 7.3 46.1 0.9978 0.00 0.0M
86520.000 1976 COM2 64 0R0 299 2.1 7.3 45.8 0.9978 0.00 0.0M
86580.000 1976 COM2 64 0R0 240 1.6 7.3 46.8 0.9978 0.00 0.0M
86640.000 1976 COM2 64 0R0 264 3.5 7.3 46.8 0.9978 0.00 0.0M
86700.000 1976 COM2 64 0R0 284 3.1 7.3 47.3 0.9979 0.00 0.0M
86760.000 1976 COM2 64 0R0 241 2.1 7.3 46.0 0.9978 0.00 0.0M
86820.000 1976 COM2 64 0R0 260 3.6 7.3 46.6 0.9978 0.00 0.0M
86880.000 1976 COM2 64 0R0 235 1.5 7.3 47.0 0.9979 0.00 0.0M
86940.000 1976 COM2 64 0R0 252 2.6 7.3 46.2 0.9979 0.00 0.0M
87000.000 1976 COM2 64 0R0 252 0.9 7.3 46.5 0.9979 0.00 0.0M
87060.000 1976 COM2 64 0R0 268 4.2 7.3 46.5 0.9980 0.00 0.0M
87120.000 1976 COM2 64 0R0 309 1.9 7.3 46.9 0.9979 0.00 0.0M
87180.000 1976 COM2 64 0R0 253 4.3 7.3 46.3 0.9979 0.00 0.0M
87240.000 1976 COM2 64 0R0 286 6.5 7.3 46.1 0.9979 0.00 0.0M
87300.000 1976 COM2 64 0R0 291 2.1 7.3 46.3 0.9979 0.00 0.0M
87360.000 1976 COM2 64 0R0 270 4.0 7.3 45.9 0.9979 0.00 0.0M
87420.000 1976 COM2 64 0R0 225 1.8 7.3 45.7 0.9979 0.00 0.0M
87480.000 1976 COM2 64 0R0 278 3.6 7.3 45.7 0.9979 0.00 0.0M
87540.000 1976 COM2 64 0R0 291 4.4 7.3 46.5 0.9980 0.00 0.0M
87600.000 1976 COM2 64 0R0 252 2.6 7.3 46.0 0.9980 0.00 0.0M
87660.000 1976 COM2 64 0R0 245 2.6 7.3 46.0 0.9981 0.00 0.0M
87720.000 1976 COM2 64 0R0 242 2.0 7.2 46.3 0.9981 0.00 0.0M
87780.000 1976 COM2 64 0R0 277 2.4 7.2 45.5 0.9981 0.00 0.0M
87840.000 1976 COM2 64 0R0 187 0.5 7.2 45.5 0.9982 0.00 0.0M
87900.000 1976 COM2 64 0R0 218 2.6 7.2 45.7 0.9982 0.00 0.0M
87960.000 1976 COM2 64 0R0 282 2.4 7.2 45.1 0.9982 0.00 0.0M
88020.000 1976 COM2 64 0R0 273 3.5 7.2 46.0 0.9982 0.00 0.0M
88080.000 1976 COM2 64 0R0 264 1.7 7.1 45.5 0.9982 0.00 0.0M
88140.000 1976 COM2 64 0R0 251 1.4 7.1 45.2 0.9983 0.00 0.0M
88200.000 1976 COM2 64 0R0 286 3.4 7.1 45.0 0.9983 0.00 0.0M
88260.000 1976 COM2 64 0R0 235 1.1 7.1 45.0 0.9984 0.00 0.0M
88320.000 1976 COM2 64 0R0 275 3.0 7.1 44.7 0.9983 0.00 0.0M
88380.000 1976 COM2 64 0R0 269 1.7 7.1 45.1 0.9984 0.00 0.0M
88440.000 1976 COM2 64 0R0 235 1.3 7.1 45.2 0.9984 0.00 0.0M
88500.000 1976 COM2 64 0R0 296 3.7 7.0 44.4 0.9983 0.00 0.0M
88560.000 1976 COM2 64 0R0 161 2.0 7.0 44.4 0.9983 0.00 0.0M
88620.000 1976 COM2 64 0R0 247 3.7 7.0 44.1 0.9983 0.00 0.0M
88680.000 1976 COM2 64 0R0 277 4.1 7.0 43.6 0.9984 0.00 0.0M
88740.000 1976 COM2 64 0R0 264 2.0 7.0 43.7 0.9984 0.00 0.0M
88800.000 1976 COM2 64 0R0 261 7.5 7.0 44.2 0.9985 0.00 0.0M
88860.000 1976 COM2 64 0R0 269 2.9 7.0 43.4 0.9985 0.00 0.0M
88920.000 1976 COM2 64 0R0 242 2.0 7.0 43.5 0.9985 0.00 0.0M
88980.000 1976 COM2 64 0R0 261 2.5 7.0 43.6 0.9985 0.00 0.0M
89040.000 1976 COM2 64 0R0 287 1.0 6.9 43.5 0.9985 0.00 0.0M
89100.000 1976 COM2 64 0R0 246 2.7 6.9 43.5 0.9986 0.00 0.0M
89160.000 1976 COM2 64 0R0 177 0.8 6.9 43.9 0.9986 0.00 0.0M
89220.000 1976 COM2 64 0R0 255 2.7 6.9 44.0 0.9985 0.00 0.0M
89280.000 1976 COM2 64 0R0 286 4.7 6.9 43.3 0.9985 0.00 0.0M
89340.000 1976 COM2 64 0R0 285 3.1 6.9 43.3 0.9984 0.00 0.0M
89400.000 1976 COM2 64 0R0 226 2.2 6.8 43.5 0.9985 0.00 0.0M
89460.000 1976 COM2 64 0R0 288 3.4 6.8 44.0 0.9985 0.00 0.0M
89520.000 1976 COM2 64 0R0 254 2.8 6.8 43.6 0.9985 0.00 0.0M
89580.000 1976 COM2 64 0R0 276 2.2 6.8 43.7 0.9985 0.00 0.0M
89640.000 1976 COM2 64 0R0 007 1.3 6.8 43.8 0.9985 0.00 0.0M
89700.000 1976 COM2 64 0R0 249 3.9 6.8 43.6 0.9984 0.00 0.0M
89760.000 1976 COM2 64 0R0 264 5.9 6.7 43.7 0.9984 0.00 0.0M
89820.000 1976 COM2 64 0R0 278 3.3 6.7 44.0 0.9984 0.00 0.0M
89880.000 1976 COM2 64 0R0 250 2.9 6.7 44.1 0.9985 0.00 0.0M
89940.000 1976 COM2 64 0R0 267 4.2 6.7 44.1 0.9985 0.00 0.0M
90000.000 1976 COM2 64 0R0 283 5.6 6.7 44.6 0.9985 0.00 0.0M
90060.000 1976 COM2 64 0R0 288 3.5 6.7 44.4 0.9985 0.00 0.0M
90120.000 1976 COM2 64 0R0 296 1.7 6.7 44.3 0.9986 0.00 0.0M
90180.000 1976 COM2 64 0R0 281 3.4 6.6 44.8 0.9986 0.00 0.0M
90240.000 1976 COM2 64 0R0 244 2.7 6.6 44.6 0.9986 0.00 0.0M
90300.000 1976 COM2 64 0R0 287 4.0 6.6 44.8 0.9986 0.00 0.0M
90360.000 1976 COM2 64 0R0 281 2.4 6.6 44.8 0.9987 0.00 0.0M
90420.000 1976 COM2 64 0R0 283 1.3 6.6 44.5 0.9987 0.00 0.0M
90480.000 1976 COM2 64 0R0 272 2.4 6.6 45.2 0.9987 0.00 0.0M
90540.000 1976 COM2 64 0R0 253 4.1 6.5 44.9 0.9987 0.00 0.0M
90600.000 1976 COM2 64 0R0 285 1.8 6.5 45.2 0.9988 0.00 0.0M
90660.000 1976 COM2 64 0R0 267 3.6 6.5 44.8 0.9988 0.00 0.0M
90720.000 1976 COM2 64 0R0 226 0.3 6.5 45.3 0.9988 0.00 0.0M
90780.000 1976 COM2 64 0R0 265 2.3 6.5 45.3 0.9988 0.00 0.0M
90840.000 1976 COM2 64 0R0 287 1.5 6.5 45.6 0.9988 0.00 0.0M
90900.000 1976 COM2 64 0R0 294 2.1 6.4 45.6 0.9988 0.00 0.0M
90960.000 1976 COM2 64 0R0 261 2.2 6.4 45.9 0.9989 0.00 0.0M
91020.000 1976 COM2 64 0R0 274 1.8 6.4 46.2 0.9989 0.00 0.0M
91080.000 1976 COM2 64 0R0 231 2.5 6.4 45.9 0.9988 0.00 0.0M
91140.000 1976 COM2 64 0R0 267 3.3 6.4 45.9 0.9989 0.00 0.0M
91200.000 1976 COM2 64 0R0 260 3.6 6.4 45.9 0.9989 0.00 0.0M
91260.000 1976 COM2 64 0R0 258 3.1 6.4 46.2 0.9989 0.00 0.0M
91320.000 1976 COM2 64 0R0 290 1.8 6.4 46.3 0.9989 0.00 0.0M
91380.000 1976 COM2 64 0R0 262 2.0 6.4 46.7 0.9990 0.00 0.0M
91440.000 1976 COM2 64 0R0 231 1.8 6.4 46.5 0.9990 0.00 0.0M
91500.000 1976 COM2 64 0R0 256 2.2 6.4 46.7 0.9990 0.00 0.0M
91560.000 1976 COM2 64 0R0 266 2.7 6.3 46.7 0.9990 0.00 0.0M
91620.000 1976 COM2 64 0R0 231 1.9 6.3 46.8 0.9990 0.00 0.0M
91680.000 1976 COM2 64 0R0 282 2.4 6.3 47.0 0.9989 0.00 0.0M
91740.000 1976 COM2 64 0R0 262 3.8 6.3 47.4 0.9989 0.00 0.0M
91800.000 1976 COM2 64 0R0 258 2.9 6.3 47.0 0.9989 0.00 0.0M
91860.000 1976 COM2 64 0R0 231 2.0 6.3 47.5 0.9989 0.00 0.0M
91920.000 1976 COM2 64 0R0 238 2.1 6.3 48.1 0.9989 0.00 0.0M
91980.000 1976 COM2 64 0R0 290 1.1 6.3 47.9 0.9989 0.00 0.0M
92040.000 1976 COM2 64 0R0 264 1.4 6.3 47.8 0.9989 0.00 0.0M
92100.000 1976 COM2 64 0R0 281 2.6 6.3 47.7 0.9990 0.00 0.0M
92160.000 1976 COM2 64 0R0 222 3.0 6.3 48.0 0.9989 0.00 0.0M
92220.000 1976 COM2 64 0R0 255 1.9 6.3 48.3 0.9989 0.00 0.0M
92280.000 1976 COM2 64 0R0 273 2.2 6.3 48.2 0.9990 0.00 0.0M
92340.000 1976 COM2 64 0R0 251 3.3 6.3 48.6 0.9990 0.00 0.0M
92400.000 1976 COM2 64 0R0 264 3.6 6.3 48.5 0.9990 0.00 0.0M
92460.000 1976 COM2 64 0R0 253 1.5 6.3 48.8 0.9990 0.00 0.0M
92520.000 1976 COM2 64 0R0 266 4.4 6.2 48.7 0.9990 0.00 0.0M
92580.000 1976 COM2 64 0R0 265 2.4 6.2 48.7 0.9991 0.00 0.0M
92640.000 1976 COM2 64 0R0 246 4.1 6.2 49.3 0.9990 0.00 0.0M
92700.000 1976 COM2 64 0R0 258 3.5 6.2 49.6 0.9991 0.00 0.0M
92760.000 1976 COM2 64 0R0 236 1.4 6.2 49.5 0.9991 0.00 0.0M
92820.000 1976 COM2 64 0R0 252 4.5 6.2 50.0 0.9991 0.00 0.0M
92880.000 1976 COM2 64 0R0 288 3.2 6.2 50.2 0.9991 0.00 0.0M
92940.000 1976 COM2 64 0R0 261 3.3 6.2 50.6 0.9991 0.00 0.0M
93000.000 1976 COM2 64 0R0 271 3.1 6.2 50.8 0.9992 0.00 0.0M
93060.000 1976 COM2 64 0R0 337 1.5 6.2 50.9 0.9993 0.00 0.0M
93120.000 1976 COM2 64 0R0 268 3.8 6.2 50.9 0.9993 0.00 0.0M
93180.000 1976 COM2 64 0R0 313 2.8 6.2 51.0 0.9993 0.00 0.0M
93240.000 1976 COM2 64 0R0 255 3.3 6.2 51.3 0.9993 0.00 0.0M
93300.000 1976 COM2 64 0R0 306 2.2 6.2 51.4 0.9993 0.00 0.0M
93360.100 1976 COM2 64 0R0 291 7.8 6.2 51.6 0.9993 0.00 0.0M
93420.000 1976 COM2 64 0R0 292 2.3 6.1 51.7 0.9993 0.00 0.0M
93480.000 1976 COM2 64 0R0 281 2.4 6.1 51.7 0.9994 0.00 0.0M
93540.000 1976 COM2 64 0R0 263 3.5 6.1 51.8 0.9994 0.00 0.0M
93600.000 1976 COM2 64 0R0 281 3.2 6.1 52.1 0.9994 0.00 0.0M
93660.000 1976 COM2 64 0R0 325 2.0 6.1 52.0 0.9994 0.00 0.0M
93720.000 1976 COM2 64 0R0 260 4.3 6.1 51.9 0.9993 0.00 0.0M
93780.000 1976 COM2 64 0R0 245 1.7 6.1 52.6 0.9994 0.00 0.0M
93840.000 1976 COM2 64 0R0 296 1.5 6.1 52.1 0.9995 0.00 0.0M
93900.000 1976 COM2 64 0R0 261 3.5 6.1 52.3 0.9995 0.00 0.0M
93960.000 1976 COM2 64 0R0 271 3.2 6.1 52.4 0.9995 0.00 0.0M
94020.000 1976 COM2 64 0R0 299 2.1 6.0 52.5 0.9995 0.00 0.0M
94080.000 1976 COM2 64 0R0 237 1.5 6.0 52.8 0.9996 0.00 0.0M
94140.000 1976 COM2 64 0R0 287 6.5 6.0 52.1 0.9996 0.00 0.0M
94200.000 1976 COM2 64 0R0 318 2.8 6.0 52.5 0.9995 0.00 0.0M
94260.000 1976 COM2 64 0R0 277 1.0 6.0 52.8 0.9996 0.00 0.0M
94320.000 1976 COM2 64 0R0 267 2.3 5.9 52.7 0.9996 0.00 0.0M
94380.000 1976 COM2 64 0R0 283 1.8 5.9 53.2 0.9996 0.00 0.0M
94440.000 1976 COM2 64 0R0 287 2.5 5.9 53.6 0.9997 0.00 0.0M
94500.000 1976 COM2 64 0R0 235 1.1 5.9 53.2 0.9996 0.00 0.0M
94560.000 1976 COM2 64 0R0 273 2.5 5.9 53.1 0.9997 0.00 0.0M
94620.000 1976 COM2 64 0R0 279 3.2 5.9 52.9 0.9996 0.00 0.0M
94680.000 1976 COM2 64 0R0 281 5.0 5.9 53.6 0.9997 0.00 0.0M
94740.000 1976 COM2 64 0R0 312 1.2 5.8 53.1 0.9997 0.00 0.0M
94800.000 1976 COM2 64 0R0 303 2.0 5.8 53.7 0.9997 0.00 0.0M
94860.000 1976 COM2 64 0R0 287 2.9 5.8 53.9 0.9997 0.00 0.0M
94920.000 1976 COM2 64 0R0 280 3.2 5.8 53.5 0.9998 0.00 0.0M
94980.000 1976 COM2 64 0R0 262 1.0 5.8 54.1 0.9998 0.00 0.0M
95040.000 1976 COM2 64 0R0 233 0.7 5.7 54.2 0.9998 0.00 0.0M
95100.000 1976 COM2 64 0R0 289 3.5 5.8 54.0 0.9998 0.00 0.0M
95160.000 1976 COM2 64 0R0 246 2.3 5.7 53.7 0.9998 0.00 0.0M
95220.000 1976 COM2 64 0R0 264 2.9 5.7 53.6 0.9998 0.00 0.0M
95280.000 1976 COM2 64 0R0 291 3.4 5.7 53.8 0.9998 0.00 0.0M
95340.000 1976 COM2 64 0R0 304 3.6 5.7 53.7 0.9998 0.00 0.0M
95400.000 1976 COM2 64 0R0 300 1.6 5.7 53.5 0.9998 0.00 0.0M
95460.000 1976 COM2 64 0R0 280 1.5 5.6 53.5 0.9998 0.00 0.0M
95520.000 1976 COM2 64 0R0 260 6.5 5.6 53.3 0.9998 0.00 0.0M
95580.000 1976 COM2 64 0R0 246 3.9 5.6 53.4 0.9998 0.00 0.0M
95640.000 1976 COM2 64 0R0 271 3.9 5.6 53.4 0.9998 0.00 0.0M
95700.000 1976 COM2 64 0R0 237 3.8 5.6 53.0 0.9998 0.00 0.0M
95760.000 1976 COM2 64 0R0 280 5.4 5.6 53.5 0.9998 0.00 0.0M
95820.000 1976 COM2 64 0R0 264 3.7 5.6 53.5 0.9998 0.00 0.0M
95880.000 1976 COM2 64 0R0 266 2.6 5.5 53.4 0.9998 0.00 0.0M
95940.000 1976 COM2 64 0R0 307 2.6 5.5 53.3 0.9998 0.00 0.0M
96000.000 1976 COM2 64 0R0 264 2.7 5.5 53.3 0.9998 0.00 0.0M
96060.000 1976 COM2 64 0R0 270 2.8 5.5 53.8 0.9999 0.00 0.0M
96120.000 1976 COM2 64 0R0 254 4.6 5.5 53.7 0.9999 0.00 0.0M
96180.000 1976 COM2 64 0R0 282 1.1 5.5 53.5 0.9999 0.00 0.0M
96240.000 1976 COM2 64 0R0 251 1.4 5.5 53.5 0.9998 0.00 0.0M
96300.000 1976 COM2 64 0R0 262 2.1 5.5 53.4 1.0000 0.00 0.0M
96360.000 1976 COM2 64 0R0 286 1.9 5.5 53.6 1.0000 0.00 0.0M
96420.000 1976 COM2 64 0R0 257 4.5 5.4 53.8 0.9999 0.00 0.0M
96480.000 1976 COM2 64 0R0 290 2.3 5.4 53.9 1.0000 0.00 0.0M
96540.000 1976 COM2 64 0R0 226 2.4 5.4 53.7 1.0000 0.00 0.0M
96600.000 1976 COM2 64 0R0 252 1.9 5.4 53.8 1.0000 0.00 0.0M
96660.000 1976 COM2 64 0R0 255 2.6 5.4 53.9 1.0000 0.00 0.0M
96720.000 1976 COM2 64 0R0 263 2.0 5.4 53.9 1.0000 0.00 0.0M
96780.000 1976 COM2 64 0R0 274 1.3 5.3 53.9 1.0001 0.00 0.0M
96840.000 1976 COM2 64 0R0 269 2.7 5.3 54.0 1.0001 0.00 0.0M
96900.000 1976 COM2 64 0R0 235 4.5 5.3 54.5 1.0001 0.00 0.0M
96960.000 1976 COM2 64 0R0 244 2.0 5.3 54.2 1.0002 0.00 0.0M
97020.000 1976 COM2 64 0R0 241 3.7 5.3 54.6 1.0002 0.00 0.0M
97080.000 1976 COM2 64 0R0 299 1.7 5.3 54.4 1.0002 0.00 0.0M
97140.000 1976 COM2 64 0R0 295 2.5 5.3 54.2 1.0002 0.00 0.0M
97200.000 1976 COM2 64 0R0 269 2.3 5.2 54.2 1.0002 0.00 0.0M
97260.000 1976 COM2 64 0R0 270 3.3 5.2 54.7 1.0003 0.00 0.0M
97320.000 1976 COM2 64 0R0 269 5.2 5.2 54.7 1.0003 0.00 0.0M
97380.000 1976 COM2 64 0R0 280 3.7 5.2 54.6 1.0002 0.00 0.0M
97440.100 1976 COM2 64 0R0 291 3.5 5.2 54.9 1.0003 0.00 0.0M
97500.000 1976 COM2 64 0R0 301 0.7 5.2 54.7 1.0003 0.00 0.0M
97560.000 1976 COM2 64 0R0 265 3.2 5.2 54.8 1.0003 0.00 0.0M
97620.000 1976 COM2 64 0R0 250 2.8 5.1 55.5 1.0003 0.00 0.0M
97680.000 1976 COM2 64 0R0 266 2.7 5.1 55.5 1.0003 0.00 0.0M
97740.000 1976 COM2 64 0R0 267 1.9 5.1 54.4 1.0003 0.00 0.0M
97800.100 1976 COM2 64 0R0 207 2.1 5.1 55.0 1.0003 0.00 0.0M
97860.000 1976 COM2 64 0R0 306 1.5 5.1 55.0 1.0004 0.00 0.0M
97920.000 1976 COM2 64 0R0 256 5.5 5.1 54.9 1.0004 0.00 0.0M
97980.000 1976 COM2 64 0R0 279 1.2 5.1 55.3 1.0004 0.00 0.0M
98040.000 1976 COM2 64 0R0 244 2.1 5.1 55.5 1.0004 0.00 0.0M
98100.000 1976 COM2 64 0R0 283 0.8 5.1 55.1 1.0004 0.00 0.0M
98160.000 1976 COM2 64 0R0 277 3.4 5.1 55.5 1.0004 0.00 0.0M
98220.000 1976 COM2 64 0R0 235 1.2 5.0 54.8 1.0004 0.00 0.0M
98280.000 1976 COM2 64 0R0 280 2.1 5.0 54.7 1.0004 0.00 0.0M
98340.000 1976 COM2 64 0R0 263 2.0 5.0 55.8 1.0005 0.00 0.0M
98400.000 1976 COM2 64 0R0 275 1.0 5.0 55.8 1.0005 0.00 0.0M
98460.000 1976 COM2 64 0R0 304 2.4 5.0 55.3 1.0005 0.00 0.0M
98520.000 1976 COM2 64 0R0 243 1.4 5.0 55.5 1.0005 0.00 0.0M
98580.000 1976 COM2 64 0R0 266 3.1 5.0 56.1 1.0005 0.00 0.0M
98640.000 1976 COM2 64 0R0 300 1.0 4.9 56.0 1.0005 0.00 0.0M
98700.000 1976 COM2 64 0R0 248 1.5 4.9 55.5 1.0005 0.00 0.0M
98760.000 1976 COM2 64 0R0 275 2.9 4.9 55.9 1.0005 0.00 0.0M
98820.100 1976 COM2 64 0R0 260 2.2 4.9 55.5 1.0005 0.00 0.0M
98880.000 1976 COM2 64 0R0 242 2.4 4.9 55.9 1.0006 0.00 0.0M
98940.000 1976 COM2 64 0R0 278 3.7 4.8 56.0 1.0006 0.00 0.0M
99000.000 1976 COM2 64 0R0 269 1.1 4.8 55.7 1.0006 0.00 0.0M
99060.000 1976 COM2 64 0R0 293 3.5 4.8 55.8 1.0006 0.00 0.0M
99120.000 1976 COM2 64 0R0 231 1.4 4.9 55.4 1.0006 0.00 0.0M
99180.000 1976 COM2 64 0R0 249 1.2 4.8 55.3 1.0006 0.00 0.0M
99240.000 1976 COM2 64 0R0 294 4.1 4.8 55.8 1.0006 0.00 0.0M
99300.000 1976 COM2 64 0R0 241 1.4 4.8 55.5 1.0005 0.00 0.0M
99360.000 1976 COM2 64 0R0 270 5.2 4.8 55.5 1.0006 0.00 0.0M
99420.000 1976 COM2 64 0R0 284 6.0 4.8 55.4 1.0006 0.00 0.0M
99480.000 1976 COM2 64 0R0 239 0.7 4.8 55.8 1.0007 0.00 0.0M
99540.000 1976 COM2 64 0R0 284 3.4 4.8 55.0 1.0006 0.00 0.0M
99600.000 1976 COM2 64 0R0 286 3.0 4.8 55.1 1.0006 0.00 0.0M
99660.000 1976 COM2 64 0R0 254 4.1 4.8 55.5 1.0007 0.00 0.0M
99720.000 1976 COM2 64 0R0 252 3.9 4.7 55.8 1.0007 0.00 0.0M
99780.000 1976 COM2 64 0R0 239 2.3 4.8 55.7 1.0007 0.00 0.0M
99840.000 1976 COM2 64 0R0 263 1.5 4.8 55.7 1.0007 0.00 0.0M
99900.000 1976 COM2 64 0R0 259 6.0 4.7 55.6 1.0007 0.00 0.0M
99960.000 1976 COM2 64 0R0 246 3.5 4.7 55.7 1.0008 0.00 0.0M
100020.000 1976 COM2 64 0R0 258 3.4 4.7 55.8 1.0008 0.00 0.0M
100080.000 1976 COM2 64 0R0 255 2.4 4.7 55.6 1.0007 0.00 0.0M
100140.000 1976 COM2 64 0R0 234 6.2 4.7 56.0 1.0008 0.00 0.0M
100200.000 1976 COM2 64 0R0 268 1.9 4.6 55.6 1.0008 0.00 0.0M
100260.000 1976 COM2 64 0R0 012 0.7 4.6 56.3 1.0008 0.00 0.0M
100320.000 1976 COM2 64 0R0 261 5.4 4.6 56.0 1.0008 0.00 0.0M
100380.000 1976 COM2 64 0R0 252 1.5 4.6 56.1 1.0008 0.00 0.0M
100440.000 1976 COM2 64 0R0 290 1.3 4.6 56.4 1.0009 0.00 0.0M
100500.000 1976 COM2 64 0R0 267 1.4 4.6 56.5 1.0009 0.00 0.0M
100560.000 1976 COM2 64 0R0 324 1.2 4.6 56.4 1.0009 0.00 0.0M
100620.000 1976 COM2 64 0R0 295 5.8 4.6 56.0 1.0009 0.00 0.0M
100680.000 1976 COM2 64 0R0 251 4.6 4.6 56.3 1.0009 0.00 0.0M
100740.000 1976 COM2 64 0R0 284 2.0 4.6 56.3 1.0010 0.00 0.0M
100800.000 1976 COM2 64 0R0 245 2.1 4.5 56.1 1.0010 0.00 0.0M
100860.000 1976 COM2 64 0R0 278 2.4 4.5 56.2 1.0010 0.00 0.0M
100920.000 1976 COM2 64 0R0 253 2.4 4.5 56.2 1.0008 0.00 0.0M
100980.000 1976 COM2 64 0R0 280 5.8 4.5 56.4 1.0009 0.00 0.0M
101040.000 1976 COM2 64 0R0 261 3.0 4.5 56.4 1.0009 0.00 0.0M
101100.000 1976 COM2 64 0R0 247 2.0 4.5 56.4 1.0009 0.00 0.0M
101160.000 1976 COM2 64 0R0 227 1.4 4.5 56.2 1.0009 0.00 0.0M
101220.000 1976 COM2 64 0R0 244 2.8 4.5 56.6 1.0009 0.00 0.0M
101280.000 1976 COM2 64 0R0 294 1.7 4.5 56.3 1.0009 0.00 0.0M
101340.000 1976 COM2 64 0R0 234 2.3 4.5 56.6 1.0009 0.00 0.0M
101400.000 1976 COM2 64 0R0 281 3.4 4.5 56.8 1.0009 0.00 0.0M
101460.000 1976 COM2 64 0R0 219 2.9 4.4 56.6 1.0009 0.00 0.0M
101520.000 1976 COM2 64 0R0 316 1.1 4.4 56.5 1.0009 0.00 0.0M
101580.000 1976 COM2 64 0R0 241 2.2 4.4 56.2 1.0009 0.00 0.0M
101640.100 1976 COM2 64 0R0 251 2.7 4.4 56.8 1.0010 0.00 0.0M
101700.000 1976 COM2 64 0R0 266 3.4 4.4 56.5 1.0010 0.00 0.0M
101760.100 1976 COM2 64 0R0 254 3.3 4.4 56.8 1.0010 0.00 0.0M
101820.000 1976 COM2 64 0R0 264 1.0 4.4 57.0 1.0010 0.00 0.0M
101880.000 1976 COM2 64 0R0 247 2.0 4.4 56.8 1.0010 0.00 0.0M
101940.000 1976 COM2 64 0R0 257 1.1 4.4 57.1 1.0011 0.00 0.0M
102000.000 1976 COM2 64 0R0 236 1.9 4.4 56.8 1.0011 0.00 0.0M
102060.000 1976 COM2 64 0R0 194 1.7 4.4 56.6 1.0011 0.00 0.0M
102120.000 1976 COM2 64 0R0 282 4.5 4.4 56.7 1.0011 0.00 0.0M
102180.000 1976 COM2 64 0R0 231 1.1 4.3 56.9 1.0011 0.00 0.0M
102240.000 1976 COM2 64 0R0 260 1.4 4.3 57.3 1.0011 0.00 0.0M
102300.000 1976 COM2 64 0R0 271 5.0 4.3 57.4 1.0011 0.00 0.0M
102360.000 1976 COM2 64 0R0 290 3.2 4.3 57.0 1.0011 0.00 0.0M
102420.000 1976 COM2 64 0R0 272 2.7 4.3 56.7 1.0011 0.00 0.0M
102480.000 1976 COM2 64 0R0 242 4.0 4.3 57.1 1.0011 0.00 0.0M
102540.100 1976 COM2 64 0R0 212 1.2 4.3 57.2 1.0011 0.00 0.0M
102600.000 1976 COM2 64 0R0 018 1.3 4.3 57.2 1.0011 0.00 0.0M
102660.000 1976 COM2 64 0R0 271 2.1 4.3 57.7 1.0012 0.00 0.0M
102720.000 1976 COM2 64 0R0 280 0.8 4.3 57.6 1.0012 0.00 0.0M
102780.000 1976 COM2 64 0R0 297 3.4 4.3 56.8 1.0011 0.00 0.0M
102840.000 1976 COM2 64 0R0 273 2.0 4.3 57.2 1.0012 0.00 0.0M
102900.000 1976 COM2 64 0R0 282 1.9 4.3 57.3 1.0012 0.00 0.0M
102960.000 1976 COM2 64 0R0 320 1.4 4.3 57.5 1.0013 0.00 0.0M
103020.000 1976 COM2 64 0R0 271 2.8 4.3 57.3 1.0013 0.00 0.0M
103080.000 1976 COM2 64 0R0 225 1.2 4.3 57.6 1.0013 0.00 0.0M
103140.000 1976 COM2 64 0R0 223 1.8 4.3 57.2 1.0013 0.00 0.0M
103200.000 1976 COM2 64 0R0 313 1.1 4.2 57.8 1.0013 0.00 0.0M
103260.000 1976 COM2 64 0R0 305 1.4 4.3 57.8 1.0013 0.00 0.0M
103320.000 1976 COM2 64 0R0 270 3.7 4.2 57.6 1.0013 0.00 0.0M
103380.000 1976 COM2 64 0R0 278 2.3 4.2 57.8 1.0013 0.00 0.0M
103440.000 1976 COM2 64 0R0 280 2.5 4.2 57.5 1.0013 0.00 0.0M
103500.000 1976 COM2 64 0R0 301 1.2 4.2 57.9 1.0013 0.00 0.0M
103560.100 1976 COM2 64 0R0 232 1.5 4.2 57.8 1.0013 0.00 0.0M
103620.000 1976 COM2 64 0R0 291 4.7 4.2 57.5 1.0013 0.00 0.0M
103680.000 1976 COM2 64 0R0 250 4.8 4.2 58.2 1.0013 0.00 0.0M
103740.000 1976 COM2 64 0R0 244 3.4 4.1 57.7 1.0013 0.00 0.0M
103800.000 1976 COM2 64 0R0 258 2.6 4.1 57.9 1.0014 0.00 0.0M
103860.000 1976 COM2 64 0R0 260 4.7 4.1 58.2 1.0014 0.00 0.0M
103920.000 1976 COM2 64 0R0 159 0.9 4.1 58.1 1.0014 0.00 0.0M
103980.000 1976 COM2 64 0R0 258 0.9 4.1 58.1 1.0014 0.00 0.0M
104040.000 1976 COM2 64 0R0 252 3.1 4.1 57.9 1.0015 0.00 0.0M
104100.000 1976 COM2 64 0R0 251 1.9 4.1 57.8 1.0015 0.00 0.0M
104160.000 1976 COM2 64 0R0 293 1.3 4.1 58.3 1.0015 0.00 0.0M
104220.000 1976 COM2 64 0R0 285 3.6 4.1 58.2 1.0015 0.00 0.0M
104280.000 1976 COM2 64 0R0 237 1.2 4.0 58.4 1.0015 0.00 0.0M
104340.000 1976 COM2 64 0R0 276 2.1 4.0 58.5 1.0015 0.00 0.0M
104400.000 1976 COM2 64 0R0 258 3.6 4.0 58.4 1.0015 0.00 0.0M
104460.000 1976 COM2 64 0R0 274 2.5 4.0 58.4 1.0015 0.00 0.0M
104520.000 1976 COM2 64 0R0 262 4.4 4.0 58.8 1.0016 0.00 0.0M
104580.000 1976 COM2 64 0R0 288 1.1 4.0 58.3 1.0016 0.00 0.0M
104640.000 1976 COM2 64 0R0 259 3.8 4.0 58.5 1.0016 0.00 0.0M
104700.000 1976 COM2 64 0R0 248 1.6 4.0 58.4 1.0016 0.00 0.0M
104760.000 1976 COM2 64 0R0 275 1.9 4.0 58.0 1.0016 0.00 0.0M
104820.000 1976 COM2 64 0R0 239 3.2 3.9 58.8 1.0017 0.00 0.0M
104880.000 1976 COM2 64 0R0 261 3.0 3.9 58.7 1.0016 0.00 0.0M
104940.000 1976 COM2 64 0R0 287 1.2 3.9 58.7 1.0016 0.00 0.0M
105000.000 1976 COM2 64 0R0 250 0.9 3.9 58.8 1.0016 0.00 0.0M
105060.000 1976 COM2 64 0R0 251 2.3 3.9 58.5 1.0016 0.00 0.0M
105120.000 1976 COM2 64 0R0 222 1.7 3.9 58.5 1.0017 0.00 0.0M
105180.000 1976 COM2 64 0R0 242 1.2 3.9 59.3 1.0017 0.00 0.0M
105240.000 1976 COM2 64 0R0 289 0.8 3.9 59.0 1.0016 0.00 0.0M
105300.000 1976 COM2 64 0R0 236 2.5 3.9 58.7 1.0016 0.00 0.0M
105360.000 1976 COM2 64 0R0 255 0.8 3.8 59.1 1.0017 0.00 0.0M
105420.000 1976 COM2 64 0R0 299 2.1 3.8 59.0 1.0017 0.00 0.0M
105480.000 1976 COM2 64 0R0 290 2.7 3.8 59.3 1.0017 0.00 0.0M
105540.000 1976 COM2 64 0R0 298 1.7 3.8 59.1 1.0017 0.00 0.0M
105600.000 1976 COM2 64 0R0 302 2.0 3.8 58.9 1.0017 0.00 0.0M
105660.000 1976 COM2 64 0R0 273 2.0 3.8 59.2 1.0016 0.00 0.0M
105720.000 1976 COM2 64 0R0 254 4.0 3.7 59.5 1.0017 0.00 0.0M
105780.000 1976 COM2 64 0R0 254 2.6 3.8 59.2 1.0017 0.00 0.0M
105840.000 1976 COM2 64 0R0 203 2.2 3.7 59.2 1.0017 0.00 0.0M
105900.000 1976 COM2 64 0R0 251 1.9 3.7 59.3 1.0017 0.00 0.0M
105960.000 1976 COM2 64 0R0 260 1.1 3.7 59.4 1.0017 0.00 0.0M
106020.000 1976 COM2 64 0R0 260 3.7 3.7 59.7 1.0017 0.00 0.0M
106080.000 1976 COM2 64 0R0 261 1.1 3.7 59.7 1.0017 0.00 0.0M
106140.000 1976 COM2 64 0R0 286 1.1 3.7 59.7 1.0017 0.00 0.0M
106200.000 1976 COM2 64 0R0 280 3.4 3.7 59.3 1.0017 0.00 0.0M
106260.000 1976 COM2 64 0R0 255 2.1 3.7 59.3 1.0018 0.00 0.0M
106320.000 1976 COM2 64 0R0 261 1.8 3.7 59.6 1.0018 0.00 0.0M
106380.000 1976 COM2 64 0R0 318 0.9 3.7 60.0 1.0018 0.00 0.0M
106440.000 1976 COM2 64 0R0 270 2.0 3.7 59.1 1.0018 0.00 0.0M
106500.000 1976 COM2 64 0R0 242 1.6 3.6 59.4 1.0018 0.00 0.0M
106560.000 1976 COM2 64 0R0 264 2.8 3.6 59.5 1.0018 0.00 0.0M
106620.000 1976 COM2 64 0R0 185 2.0 3.6 59.3 1.0018 0.00 0.0M
106680.000 1976 COM2 64 0R0 254 1.1 3.6 59.3 1.0018 0.00 0.0M
106740.000 1976 COM2 64 0R0 239 3.0 3.6 59.4 1.0018 0.00 0.0M
106800.000 1976 COM2 64 0R0 247 3.0 3.6 59.4 1.0018 0.00 0.0M
106860.000 1976 COM2 64 0R0 054 0.9 3.6 59.5 1.0018 0.00 0.0M
106920.000 1976 COM2 64 0R0 222 2.6 3.6 59.4 1.0017 0.00 0.0M
106980.000 1976 COM2 64 0R0 281 1.7 3.6 59.4 1.0018 0.00 0.0M
107040.000 1976 COM2 64 0R0 271 2.8 3.6 59.1 1.0018 0.00 0.0M
107100.000 1976 COM2 64 0R0 253 4.0 3.6 59.4 1.0018 0.00 0.0M
107160.000 1976 COM2 64 0R0 251 3.5 3.6 59.7 1.0018 0.00 0.0M
107220.000 1976 COM2 64 0R0 242 1.0 3.6 59.3 1.0018 0.00 0.0M
107280.000 1976 COM2 64 0R0 251 2.4 3.6 59.3 1.0018 0.00 0.0M
107340.000 1976 COM2 64 0R0 226 0.6 3.6 59.2 1.0019 0.00 0.0M
107400.000 1976 COM2 64 0R0 272 2.2 3.6 59.4 1.0019 0.00 0.0M
107460.000 1976 COM2 64 0R0 287 3.7 3.6 59.3 1.0019 0.00 0.0M
107520.000 1976 COM2 64 0R0 279 1.3 3.6 59.6 1.0019 0.00 0.0M
107580.000 1976 COM2 64 0R0 265 2.7 3.6 59.7 1.0019 0.00 0.0M
107640.000 1976 COM2 64 0R0 234 3.1 3.6 59.5 1.0019 0.00 0.0M
107700.000 1976 COM2 64 0R0 266 4.8 3.6 59.5 1.0019 0.00 0.0M
107760.000 1976 COM2 64 0R0 252 2.6 3.6 59.3 1.0019 0.00 0.0M
107820.000 1976 COM2 64 0R0 267 3.9 3.6 59.1 1.0020 0.00 0.0M
107880.000 1976 COM2 64 0R0 259 3.7 3.5 59.3 1.0020 0.00 0.0M
107940.000 1976 COM2 64 0R0 260 3.3 3.5 59.3 1.0019 0.00 0.0M
108000.000 1976 COM2 64 0R0 249 2.0 3.5 59.2 1.0020 0.00 0.0M
108060.000 1976 COM2 64 0R0 200 0.9 3.5 59.2 1.0020 0.00 0.0M
108120.000 1976 COM2 64 0R0 237 2.6 3.5 59.4 1.0020 0.00 0.0M
108180.000 1976 COM2 64 0R0 238 1.5 3.5 59.3 1.0020 0.00 0.0M
108240.000 1976 COM2 64 0R0 252 5.7 3.5 59.0 1.0021 0.00 0.0M
108300.000 1976 COM2 64 0R0 254 1.7 3.5 59.0 1.0020 0.00 0.0M
108360.100 1976 COM2 64 0R0 208 1.2 3.5 59.0 1.0021 0.00 0.0M
108420.000 1976 COM2 64 0R0 273 1.6 3.5 58.6 1.0021 0.00 0.0M
108480.000 1976 COM2 64 0R0 232 1.5 3.6 58.8 1.0021 0.00 0.0M
108540.000 1976 COM2 64 0R0 212 1.3 3.5 58.9 1.0022 0.00 0.0M
108600.000 1976 COM2 64 0R0 299 2.3 3.5 58.7 1.0022 0.00 0.0M
108660.000 1976 COM2 64 0R0 196 1.1 3.5 58.7 1.0022 0.00 0.0M
108720.000 1976 COM2 64 0R0 278 5.2 3.5 59.2 1.0022 0.00 0.0M
108780.000 1976 COM2 64 0R0 274 5.3 3.5 58.7 1.0022 0.00 0.0M
108840.000 1976 COM2 64 0R0 283 2.4 3.5 58.6 1.0022 0.00 0.0M
108900.000 1976 COM2 64 0R0 285 3.3 3.5 58.4 1.0023 0.00 0.0M
108960.000 1976 COM2 64 0R0 300 2.0 3.5 58.4 1.0023 0.00 0.0M
109020.000 1976 COM2 64 0R0 278 2.6 3.5 58.5 1.0024 0.00 0.0M
109080.000 1976 COM2 64 0R0 318 1.1 3.5 58.2 1.0024 0.00 0.0M
109140.000 1976 COM2 64 0R0 272 3.4 3.5 58.4 1.0025 0.00 0.0M
109200.000 1976 COM2 64 0R0 305 3.4 3.5 58.2 1.0026 0.00 0.0M
109260.000 1976 COM2 64 0R0 291 5.4 3.5 58.2 1.0026 0.00 0.0M
109320.000 1976 COM2 64 0R0 265 2.3 3.6 58.2 1.0026 0.00 0.0M
109380.000 1976 COM2 64 0R0 312 1.7 3.6 58.8 1.0024 0.00 0.0M
109440.000 1976 COM2 64 0R0 292 3.9 3.6 59.0 1.0025 0.00 0.0M
109500.000 1976 COM2 64 0R0 273 1.7 3.6 59.5 1.0025 0.00 0.0M
109560.000 1976 COM2 64 0R0 261 1.0 3.6 59.8 1.0026 0.00 0.0M
109620.000 1976 COM2 64 0R0 265 2.3 3.6 59.9 1.0026 0.00 0.0M
109680.000 1976 COM2 64 0R0 282 4.7 3.6 60.5 1.0026 0.00 0.0M
109740.000 1976 COM2 64 0R0 297 4.2 3.5 60.8 1.0027 0.00 0.0M
109800.000 1976 COM2 64 0R0 249 2.2 3.5 61.5 1.0026 0.00 0.0M
109860.000 1976 COM2 64 0R0 247 2.8 3.5 61.9 1.0027 0.00 0.0M
109920.000 1976 COM2 64 0R0 279 3.7 3.5 62.3 1.0027 0.00 0.0M
109980.000 1976 COM2 64 0R0 217 5.0 3.4 62.5 1.0025 0.00 0.0M
110040.000 1976 COM2 64 0R0 258 1.6 3.4 62.7 1.0027 0.00 0.0M
110100.000 1976 COM2 64 0R0 276 5.0 3.4 62.7 1.0027 0.00 0.0M
110160.000 1976 COM2 64 0R0 261 3.0 3.3 62.9 1.0027 0.00 0.0M
110220.000 1976 COM2 64 0R0 260 1.5 3.3 62.7 1.0027 0.00 0.0M
110280.000 1976 COM2 64 0R0 265 5.5 3.3 63.3 1.0028 0.00 0.0M
110340.000 1976 COM2 64 0R0 296 2.9 3.3 63.2 1.0028 0.00 0.0M
110400.000 1976 COM2 64 0R0 247 2.2 3.3 63.4 1.0028 0.00 0.0M
110460.000 1976 COM2 64 0R0 292 5.0 3.3 63.0 1.0029 0.00 0.0M
110520.000 1976 COM2 64 0R0 306 5.1 3.3 63.1 1.0029 0.00 0.0M
110580.000 1976 COM2 64 0R0 289 1.2 3.3 62.5 1.0029 0.00 0.0M
110640.000 1976 COM2 64 0R0 290 7.7 3.3 62.8 1.0029 0.00 0.0M
110700.000 1976 COM2 64 0R0 287 2.7 3.3 61.5 1.0030 0.00 0.0M
110760.000 1976 COM2 64 0R0 280 3.1 3.3 60.8 1.0029 0.00 0.0M
110820.000 1976 COM2 64 0R0 236 1.4 3.3 60.8 1.0029 0.00 0.0M
110880.000 1976 COM2 64 0R0 259 1.5 3.4 60.2 1.0029 0.00 0.0M
110940.000 1976 COM2 64 0R0 287 1.0 3.4 60.4 1.0030 0.00 0.0M
111000.000 1976 COM2 64 0R0 195 0.3 3.4 59.6 1.0030 0.00 0.0M
111060.000 1976 COM2 64 0R0 264 4.4 3.4 60.2 1.0030 0.00 0.0M
111120.000 1976 COM2 64 0R0 254 4.7 3.4 59.7 1.0030 0.00 0.0M
111180.000 1976 COM2 64 0R0 263 2.8 3.4 59.1 1.0031 0.00 0.0M
111240.000 1976 COM2 64 0R0 151 1.4 3.4 58.9 1.0031 0.00 0.0M
111300.000 1976 COM2 64 0R0 257 4.4 3.4 58.3 1.0030 0.00 0.0M
111360.000 1976 COM2 64 0R0 285 3.9 3.5 58.3 1.0031 0.00 0.0M
111420.000 1976 COM2 64 0R0 285 4.6 3.5 58.5 1.0032 0.00 0.0M
111480.000 1976 COM2 64 0R0 285 3.9 3.5 58.4 1.0032 0.00 0.0M
111540.000 1976 COM2 64 0R0 324 0.9 3.4 58.5 1.0032 0.00 0.0M
111600.000 1976 COM2 64 0R0 262 2.4 3.4 58.2 1.0032 0.00 0.0M
111660.000 1976 COM2 64 0R0 319 1.1 3.4 58.3 1.0033 0.00 0.0M
111720.000 1976 COM2 64 0R0 267 3.8 3.4 58.2 1.0033 0.00 0.0M
111780.000 1976 COM2 64 0R0 291 4.5 3.4 58.5 1.0032 0.00 0.0M
111840.000 1976 COM2 64 0R0 240 2.2 3.4 58.4 1.0032 0.00 0.0M
111900.000 1976 COM2 64 0R0 278 5.0 3.4 58.8 1.0032 0.00 0.0M
111960.000 1976 COM2 64 0R0 268 2.6 3.4 59.2 1.0033 0.00 0.0M
112020.000 1976 COM2 64 0R0 306 2.1 3.4 59.2 1.0033 0.00 0.0M
112080.000 1976 COM2 64 0R0 257 2.6 3.3 58.8 1.0033 0.00 0.0M
112140.000 1976 COM2 64 0R0 269 3.0 3.3 59.0 1.0033 0.00 0.0M
112200.000 1976 COM2 64 0R0 291 5.6 3.3 59.3 1.0033 0.00 0.0M
112260.000 1976 COM2 64 0R0 286 3.8 3.3 59.7 1.0033 0.00 0.0M
112320.000 1976 COM2 64 0R0 290 4.2 3.3 59.4 1.0034 0.00 0.0M
112380.000 1976 COM2 64 0R0 342 2.0 3.2 59.6 1.0033 0.00 0.0M
112440.000 1976 COM2 64 0R0 293 5.3 3.2 60.1 1.0034 0.00 0.0M
112500.000 1976 COM2 64 0R0 305 2.8 3.2 59.9 1.0034 0.00 0.0M
112560.000 1976 COM2 64 0R0 266 1.8 3.2 60.4 1.0034 0.00 0.0M
112620.000 1976 COM2 64 0R0 287 2.8 3.2 60.3 1.0034 0.00 0.0M
112680.000 1976 COM2 64 0R0 277 3.3 3.2 60.3 1.0035 0.00 0.0M
112740.000 1976 COM2 64 0R0 301 2.8 3.2 60.3 1.0035 0.00 0.0M
112800.000 1976 COM2 64 0R0 290 2.6 3.2 60.4 1.0035 0.00 0.0M
112860.000 1976 COM2 64 0R0 317 1.0 3.2 60.5 1.0036 0.00 0.0M
112920.000 1976 COM2 64 0R0 288 5.0 3.2 60.2 1.0035 0.00 0.0M
112980.000 1976 COM2 64 0R0 237 2.4 3.2 60.9 1.0035 0.00 0.0M
113040.000 1976 COM2 64 0R0 295 2.7 3.2 60.9 1.0035 0.00 0.0M
113100.000 1976 COM2 64 0R0 297 2.3 3.2 60.9 1.0036 0.00 0.0M
113160.000 1976 COM2 64 0R0 279 2.2 3.2 61.6 1.0037 0.00 0.0M
113220.000 1976 COM2 64 0R0 278 4.7 3.2 61.2 1.0037 0.00 0.0M
113280.000 1976 COM2 64 0R0 254 2.1 3.2 61.2 1.0037 0.00 0.0M
113340.000 1976 COM2 64 0R0 231 0.9 3.2 61.1 1.0038 0.00 0.0M
113400.000 1976 COM2 64 0R0 291 3.4 3.2 61.4 1.0038 0.00 0.0M
113460.000 1976 COM2 64 0R0 277 2.0 3.2 60.9 1.0038 0.00 0.0M
113520.000 1976 COM2 64 0R0 268 1.8 3.2 60.9 1.0038 0.00 0.0M
113580.000 1976 COM2 64 0R0 235 1.2 3.1 61.7 1.0039 0.00 0.0M
113640.000 1976 COM2 64 0R0 266 2.0 3.1 61.8 1.0039 0.00 0.0M
113700.000 1976 COM2 64 0R0 284 2.2 3.1 62.0 1.0039 0.00 0.0M
113760.000 1976 COM2 64 0R0 273 4.5 3.1 61.5 1.0039 0.00 0.0M
113820.000 1976 COM2 64 0R0 247 1.5 3.1 61.7 1.0039 0.00 0.0M
113880.000 1976 COM2 64 0R0 285 2.1 3.1 61.8 1.0039 0.00 0.0M
113940.000 1976 COM2 64 0R0 270 2.0 3.0 62.2 1.0040 0.00 0.0M
114000.000 1976 COM2 64 0R0 267 1.9 3.0 62.1 1.0040 0.00 0.0M
114060.000 1976 COM2 64 0R0 306 2.2 3.0 61.9 1.0039 0.00 0.0M
114120.000 1976 COM2 64 0R0 280 2.0 3.0 62.1 1.0039 0.00 0.0M
114180.000 1976 COM2 64 0R0 288 1.9 3.0 62.8 1.0039 0.00 0.0M
114240.000 1976 COM2 64 0R0 262 1.3 3.0 62.6 1.0039 0.00 0.0M
114300.000 1976 COM2 64 0R0 273 1.0 3.0 62.8 1.0040 0.00 0.0M
114360.000 1976 COM2 64 0R0 260 2.7 3.0 63.0 1.0040 0.00 0.0M
114420.000 1976 COM2 64 0R0 258 2.5 3.0 62.9 1.0040 0.00 0.0M
114480.000 1976 COM2 64 0R0 271 2.2 2.9 63.2 1.0040 0.00 0.0M
114540.000 1976 COM2 64 0R0 277 3.2 2.9 62.8 1.0040 0.00 0.0M
114600.000 1976 COM2 64 0R0 284 3.3 2.9 62.3 1.0040 0.00 0.0M
114660.000 1976 COM2 64 0R0 213 1.5 2.9 62.4 1.0040 0.00 0.0M
114720.000 1976 COM2 64 0R0 275 2.3 2.9 62.9 1.0041 0.00 0.0M
114780.000 1976 COM2 64 0R0 278 1.5 2.9 62.3 1.0040 0.00 0.0M
114840.000 1976 COM2 64 0R0 288 6.3 2.9 62.0 1.0041 0.00 0.0M
114900.000 1976 COM2 64 0R0 283 1.9 2.9 61.7 1.0040 0.00 0.0M
114960.000 1976 COM2 64 0R0 282 1.5 2.9 62.1 1.0040 0.00 0.0M
115020.000 1976 COM2 64 0R0 315 1.8 2.9 61.6 1.0041 0.00 0.0M
115080.000 1976 COM2 64 0R0 315 1.8 2.9 61.5 1.0041 0.00 0.0M
115140.000 1976 COM2 64 0R0 248 2.9 2.9 61.3 1.0041 0.00 0.0M
115200.000 1976 COM2 64 0R0 252 1.4 2.9 61.2 1.0041 0.00 0.0M
115260.000 1976 COM2 64 0R0 286 3.9 2.9 61.0 1.0042 0.00 0.0M
115320.000 1976 COM2 64 0R0 293 1.9 2.9 60.7 1.0041 0.00 0.0M
115380.100 1976 COM2 64 0R0 258 1.1 2.9 60.2 1.0042 0.00 0.0M
115440.000 1976 COM2 64 0R0 250 2.5 2.9 60.2 1.0042 0.00 0.0M
115500.000 1976 COM2 64 0R0 281 1.8 2.9 60.7 1.0042 0.00 0.0M
115560.000 1976 COM2 64 0R0 285 4.5 2.9 59.2 1.0042 0.00 0.0M
115620.000 1976 COM2 64 0R0 307 2.0 2.9 60.1 1.0042 0.00 0.0M
115680.000 1976 COM2 64 0R0 243 1.6 2.9 59.0 1.0042 0.00 0.0M
115740.000 1976 COM2 64 0R0 271 2.0 2.9 60.2 1.0043 0.00 0.0M
115800.000 1976 COM2 64 0R0 320 2.2 2.9 58.9 1.0043 0.00 0.0M
115860.000 1976 COM2 64 0R0 273 2.5 2.9 58.9 1.0043 0.00 0.0M
115920.000 1976 COM2 64 0R0 257 1.5 2.9 58.5 1.0043 0.00 0.0M
115980.000 1976 COM2 64 0R0 274 1.8 2.8 58.9 1.0043 0.00 0.0M
116040.000 1976 COM2 64 0R0 260 1.9 2.8 58.8 1.0043 0.00 0.0M
116100.000 1976 COM2 64 0R0 235 1.3 2.8 58.8 1.0043 0.00 0.0M
116160.000 1976 COM2 64 0R0 299 1.3 2.8 59.4 1.0044 0.00 0.0M
116220.000 1976 COM2 64 0R0 274 2.8 2.8 58.4 1.0043 0.00 0.0M
116280.000 1976 COM2 64 0R0 286 4.6 2.8 58.0 1.0043 0.00 0.0M
116340.000 1976 COM2 64 0R0 270 3.4 2.8 57.9 1.0043 0.00 0.0M
116400.000 1976 COM2 64 0R0 276 5.2 2.9 54.8 1.0043 0.00 0.0M
116460.000 1976 COM2 64 0R0 213 3.2 2.9 54.4 1.0043 0.00 0.0M
116520.000 1976 COM2 64 0R0 249 1.5 3.0 54.5 1.0043 0.00 0.0M
116580.000 1976 COM2 64 0R0 291 3.1 3.0 53.5 1.0043 0.00 0.0M
116640.000 1976 COM2 64 0R0 268 3.0 3.0 53.8 1.0043 0.00 0.0M
116700.000 1976 COM2 64 0R0 239 2.3 3.0 53.5 1.0043 0.00 0.0M
116760.000 1976 COM2 64 0R0 240 1.2 3.0 54.3 1.0044 0.00 0.0M
116820.000 1976 COM2 64 0R0 267 2.9 3.0 53.4 1.0044 0.00 0.0M
116880.000 1976 COM2 64 0R0 245 1.2 3.0 53.7 1.0044 0.00 0.0M
116940.000 1976 COM2 64 0R0 291 3.4 3.0 52.8 1.0043 0.00 0.0M
117000.000 1976 COM2 64 0R0 283 1.6 3.0 53.8 1.0043 0.00 0.0M
117060.000 1976 COM2 64 0R0 245 1.3 3.0 53.2 1.0044 0.00 0.0M
117120.000 1976 COM2 64 0R0 288 3.8 3.0 52.5 1.0044 0.00 0.0M
117180.000 1976 COM2 64 0R0 287 3.0 3.0 53.0 1.0044 0.00 0.0M
117240.000 1976 COM2 64 0R0 292 2.9 2.9 53.7 1.0044 0.00 0.0M
117300.000 1976 COM2 64 0R0 247 2.1 2.9 53.2 1.0044 0.00 0.0M
117360.000 1976 COM2 64 0R0 254 1.6 3.0 53.0 1.0045 0.00 0.0M
117420.000 1976 COM2 64 0R0 293 1.4 3.0 52.4 1.0045 0.00 0.0M
117480.000 1976 COM2 64 0R0 263 3.0 3.0 51.4 1.0045 0.00 0.0M
117540.000 1976 COM2 64 0R0 265 0.9 3.0 52.0 1.0045 0.00 0.0M
117600.000 1976 COM2 64 0R0 265 4.0 3.0 52.4 1.0046 0.00 0.0M
117660.000 1976 COM2 64 0R0 281 5.4 3.0 52.2 1.0046 0.00 0.0M
117720.000 1976 COM2 64 0R0 267 1.7 3.0 51.9 1.0046 0.00 0.0M
117780.000 1976 COM2 64 0R0 286 1.8 3.0 52.6 1.0046 0.00 0.0M
117840.000 1976 COM2 64 0R0 289 3.1 2.9 51.3 1.0045 0.00 0.0M
117900.000 1976 COM2 64 0R0 269 2.0 2.9 52.7 1.0046 0.00 0.0M
117960.000 1976 COM2 64 0R0 290 2.9 2.9 51.4 1.0046 0.00 0.0M
118020.000 1976 COM2 64 0R0 202 2.0 2.9 52.5 1.0046 0.00 0.0M
118080.000 1976 COM2 64 0R0 282 1.4 2.9 52.0 1.0046 0.00 0.0M
118140.000 1976 COM2 64 0R0 276 1.7 2.9 52.7 1.0046 0.00 0.0M
118200.000 1976 COM2 64 0R0 239 1.5 2.9 52.9 1.0046 0.00 0.0M
118260.000 1976 COM2 64 0R0 298 2.8 2.9 52.2 1.0046 0.00 0.0M
118320.000 1976 COM2 64 0R0 276 3.4 2.9 52.6 1.0046 0.00 0.0M
118380.000 1976 COM2 64 0R0 279 3.8 2.9 52.7 1.0047 0.00 0.0M
118440.000 1976 COM2 64 0R0 268 1.5 2.9 51.9 1.0046 0.00 0.0M
118500.000 1976 COM2 64 0R0 250 2.2 2.9 52.2 1.0047 0.00 0.0M
118560.100 1976 COM2 64 0R0 282 2.0 2.9 52.3 1.0047 0.00 0.0M
118620.000 1976 COM2 64 0R0 239 0.5 2.9 53.3 1.0047 0.00 0.0M
118680.000 1976 COM2 64 0R0 255 2.0 2.9 52.4 1.0047 0.00 0.0M
118740.000 1976 COM2 64 0R0 221 0.6 2.8 53.0 1.0047 0.00 0.0M
118800.000 1976 COM2 64 0R0 285 3.1 2.8 52.7 1.0047 0.00 0.0M
118860.000 1976 COM2 64 0R0 240 1.6 2.8 52.7 1.0047 0.00 0.0M
118920.000 1976 COM2 64 0R0 267 2.9 2.8 52.7 1.0047 0.00 0.0M
118980.000 1976 COM2 64 0R0 276 1.0 2.8 52.6 1.0047 0.00 0.0M
119040.000 1976 COM2 64 0R0 259 1.5 2.8 52.7 1.0048 0.00 0.0M
119100.000 1976 COM2 64 0R0 271 0.8 2.8 53.0 1.0048 0.00 0.0M
119160.000 1976 COM2 64 0R0 243 1.1 2.8 52.7 1.0048 0.00 0.0M
119220.000 1976 COM2 64 0R0 244 1.4 2.7 52.6 1.0048 0.00 0.0M
119280.000 1976 COM2 64 0R0 177 1.4 2.7 53.5 1.0048 0.00 0.0M
119340.000 1976 COM2 64 0R0 237 2.0 2.7 53.2 1.0049 0.00 0.0M
119400.000 1976 COM2 64 0R0 316 0.7 2.7 53.0 1.0049 0.00 0.0M
119460.000 1976 COM2 64 0R0 301 1.9 2.7 53.3 1.0049 0.00 0.0M
119520.000 1976 COM2 64 0R0 250 1.4 2.7 53.5 1.0049 0.00 0.0M
119580.000 1976 COM2 64 0R0 265 2.7 2.7 53.2 1.0049 0.00 0.0M
119640.000 1976 COM2 64 0R0 284 1.5 2.7 53.1 1.0050 0.00 0.0M
119700.000 1976 COM2 64 0R0 230 1.5 2.7 53.1 1.0050 0.00 0.0M
119760.000 1976 COM2 64 0R0 256 1.2 2.7 53.6 1.0050 0.00 0.0M
119820.000 1976 COM2 64 0R0 270 3.2 2.7 53.9 1.0050 0.00 0.0M
119880.000 1976 COM2 64 0R0 257 1.4 2.7 53.9 1.0050 0.00 0.0M
119940.000 1976 COM2 64 0R0 237 1.1 2.7 54.2 1.0050 0.00 0.0M
120000.000 1976 COM2 64 0R0 218 0.6 2.7 53.8 1.0050 0.00 0.0M
120060.000 1976 COM2 64 0R0 201 0.8 2.7 53.7 1.0050 0.00 0.0M
120120.000 1976 COM2 64 0R0 265 1.6 2.7 54.5 1.0050 0.00 0.0M
120180.000 1976 COM2 64 0R0 209 1.0 2.6 54.0 1.0050 0.00 0.0M
120240.000 1976 COM2 64 0R0 257 2.6 2.6 53.8 1.0050 0.00 0.0M
120300.000 1976 COM2 64 0R0 275 1.5 2.6 53.9 1.0050 0.00 0.0M
120360.000 1976 COM2 64 0R0 256 1.8 2.6 53.9 1.0051 0.00 0.0M
120420.000 1976 COM2 64 0R0 242 4.5 2.6 54.0 1.0051 0.00 0.0M
120480.000 1976 COM2 64 0R0 216 0.8 2.5 54.1 1.0051 0.00 0.0M
120540.000 1976 COM2 64 0R0 253 1.9 2.5 54.8 1.0051 0.00 0.0M
120600.000 1976 COM2 64 0R0 248 1.8 2.5 54.5 1.0052 0.00 0.0M
120660.000 1976 COM2 64 0R0 198 1.4 2.5 54.3 1.0052 0.00 0.0M
120720.000 1976 COM2 64 0R0 264 1.4 2.5 54.4 1.0052 0.00 0.0M
120780.000 1976 COM2 64 0R0 264 2.8 2.5 54.9 1.0052 0.00 0.0M
120840.000 1976 COM2 64 0R0 243 1.5 2.4 55.0 1.0052 0.00 0.0M
120900.000 1976 COM2 64 0R0 259 3.3 2.4 55.0 1.0052 0.00 0.0M
120960.000 1976 COM2 64 0R0 223 1.0 2.4 54.9 1.0053 0.00 0.0M
121020.000 1976 COM2 64 0R0 289 1.4 2.4 54.9 1.0053 0.00 0.0M
121080.000 1976 COM2 64 0R0 230 1.5 2.4 55.2 1.0053 0.00 0.0M
121140.000 1976 COM2 64 0R0 259 2.9 2.4 55.2 1.0053 0.00 0.0M
121200.000 1976 COM2 64 0R0 269 1.2 2.3 55.0 1.0053 0.00 0.0M
121260.000 1976 COM2 64 0R0 225 1.9 2.3 55.7 1.0053 0.00 0.0M
121320.000 1976 COM2 64 0R0 275 3.2 2.3 55.6 1.0053 0.00 0.0M
121380.000 1976 COM2 64 0R0 295 1.1 2.3 56.1 1.0054 0.00 0.0M
121440.000 1976 COM2 64 0R0 233 3.2 2.3 55.9 1.0054 0.00 0.0M
121500.000 1976 COM2 64 0R0 283 3.0 2.3 56.4 1.0054 0.00 0.0M
121560.000 1976 COM2 64 0R0 238 3.1 2.3 56.0 1.0055 0.00 0.0M
121620.000 1976 COM2 64 0R0 256 3.9 2.3 56.0 1.0055 0.00 0.0M
121680.000 1976 COM2 64 0R0 023 1.2 2.3 56.4 1.0055 0.00 0.0M
121740.000 1976 COM2 64 0R0 269 2.6 2.2 56.7 1.0055 0.00 0.0M
121800.000 1976 COM2 64 0R0 249 4.7 2.2 56.4 1.0055 0.00 0.0M
121860.000 1976 COM2 64 0R0 249 1.6 2.2 56.7 1.0055 0.00 0.0M
121920.000 1976 COM2 64 0R0 249 3.2 2.2 57.4 1.0056 0.00 0.0M
121980.000 1976 COM2 64 0R0 274 4.3 2.3 57.2 1.0056 0.00 0.0M
122040.000 1976 COM2 64 0R0 251 1.6 2.3 56.8 1.0056 0.00 0.0M
122100.000 1976 COM2 64 0R0 237 3.6 2.2 57.2 1.0056 0.00 0.0M
122160.000 1976 COM2 64 0R0 288 0.9 2.3 57.5 1.0056 0.00 0.0M
122220.000 1976 COM2 64 0R0 211 2.6 2.3 57.6 1.0057 0.00 0.0M
122280.000 1976 COM2 64 0R0 290 3.5 2.2 57.6 1.0057 0.00 0.0M
122340.000 1976 COM2 64 0R0 263 3.8 2.2 57.7 1.0057 0.00 0.0M
122400.000 1976 COM2 64 0R0 276 2.0 2.2 57.4 1.0057 0.00 0.0M
122460.000 1976 COM2 64 0R0 266 3.5 2.2 57.8 1.0057 0.00 0.0M
122520.000 1976 COM2 64 0R0 237 1.7 2.2 58.1 1.0057 0.00 0.0M
122580.000 1976 COM2 64 0R0 267 1.8 2.2 57.9 1.0056 0.00 0.0M
122640.000 1976 COM2 64 0R0 214 2.1 2.2 57.5 1.0057 0.00 0.0M
122700.000 1976 COM2 64 0R0 259 3.4 2.2 58.1 1.0058 0.00 0.0M
122760.000 1976 COM2 64 0R0 239 3.3 2.2 57.9 1.0057 0.00 0.0M
122820.000 1976 COM2 64 0R0 246 2.6 2.2 58.3 1.0058 0.00 0.0M
122880.000 1976 COM2 64 0R0 258 2.4 2.2 58.4 1.0058 0.00 0.0M
122940.000 1976 COM2 64 0R0 246 1.9 2.2 58.4 1.0058 0.00 0.0M
123000.000 1976 COM2 64 0R0 279 2.7 2.2 58.6 1.0058 0.00 0.0M
123060.000 1976 COM2 64 0R0 261 3.6 2.2 58.4 1.0059 0.00 0.0M
123120.000 1976 COM2 64 0R0 235 1.7 2.2 58.7 1.0059 0.00 0.0M
123180.000 1976 COM2 64 0R0 263 2.8 2.2 58.2 1.0059 0.00 0.0M
123240.000 1976 COM2 64 0R0 292 4.0 2.1 58.5 1.0060 0.00 0.0M
123300.000 1976 COM2 64 0R0 265 2.3 2.1 58.6 1.0059 0.00 0.0M
123360.000 1976 COM2 64 0R0 254 2.4 2.1 58.7 1.0059 0.00 0.0M
123420.000 1976 COM2 64 0R0 253 5.1 2.1 58.7 1.0060 0.00 0.0M
123480.000 1976 COM2 64 0R0 241 2.9 2.1 58.9 1.0060 0.00 0.0M
123540.000 1976 COM2 64 0R0 165 1.9 2.1 58.6 1.0060 0.00 0.0M
123600.000 1976 COM2 64 0R0 264 1.8 2.1 58.9 1.0060 0.00 0.0M
123660.000 1976 COM2 64 0R0 259 1.7 2.1 58.5 1.0060 0.00 0.0M
123720.000 1976 COM2 64 0R0 244 2.7 2.1 58.9 1.0060 0.00 0.0M
123780.000 1976 COM2 64 0R0 257 6.6 2.1 59.0 1.0060 0.00 0.0M
123840.000 1976 COM2 64 0R0 272 4.9 2.1 58.6 1.0060 0.00 0.0M
123900.000 1976 COM2 64 0R0 250 4.4 2.1 58.6 1.0061 0.00 0.0M
123960.000 1976 COM2 64 0R0 244 4.0 2.1 58.1 1.0060 0.00 0.0M
124020.000 1976 COM2 64 0R0 263 1.7 2.2 58.5 1.0061 0.00 0.0M
124080.000 1976 COM2 64 0R0 266 1.9 2.2 58.5 1.0061 0.00 0.0M
124140.000 1976 COM2 64 0R0 254 1.6 2.2 58.4 1.0061 0.00 0.0M
124200.000 1976 COM2 64 0R0 254 1.5 2.2 58.6 1.0060 0.00 0.0M
124260.000 1976 COM2 64 0R0 239 1.5 2.2 59.0 1.0061 0.00 0.0M
124320.000 1976 COM2 64 0R0 252 1.9 2.2 58.5 1.0061 0.00 0.0M
124380.000 1976 COM2 64 0R0 257 3.4 2.2 58.6 1.0061 0.00 0.0M
124440.000 1976 COM2 64 0R0 252 2.4 2.2 58.6 1.0062 0.00 0.0M
124500.000 1976 COM2 64 0R0 295 3.3 2.2 58.5 1.0062 0.00 0.0M
124560.000 1976 COM2 64 0R0 279 3.6 2.2 58.5 1.0062 0.00 0.0M
124620.000 1976 COM2 64 0R0 243 1.5 2.2 58.2 1.0063 0.00 0.0M
124680.000 1976 COM2 64 0R0 256 4.4 2.2 58.3 1.0063 0.00 0.0M
124740.000 1976 COM2 64 0R0 255 4.1 2.2 58.9 1.0063 0.00 0.0M
124800.000 1976 COM2 64 0R0 269 3.5 2.2 58.9 1.0063 0.00 0.0M
124860.000 1976 COM2 64 0R0 243 3.2 2.2 58.9 1.0063 0.00 0.0M
124920.000 1976 COM2 64 0R0 267 4.3 2.2 58.5 1.0064 0.00 0.0M
124980.000 1976 COM2 64 0R0 219 1.9 2.2 58.8 1.0064 0.00 0.0M
125040.000 1976 COM2 64 0R0 250 3.3 2.2 58.6 1.0064 0.00 0.0M
125100.000 1976 COM2 64 0R0 257 2.6 2.2 58.3 1.0064 0.00 0.0M
125160.000 1976 COM2 64 0R0 258 5.4 2.2 58.4 1.0064 0.00 0.0M
125220.000 1976 COM2 64 0R0 277 2.9 2.2 58.1 1.0064 0.00 0.0M
125280.000 1976 COM2 64 0R0 255 1.5 2.2 58.3 1.0064 0.00 0.0M
125340.000 1976 COM2 64 0R0 237 1.7 2.2 58.6 1.0064 0.00 0.0M
125400.000 1976 COM2 64 0R0 256 2.7 2.2 58.5 1.0065 0.00 0.0M
125460.000 1976 COM2 64 0R0 223 2.7 2.2 58.5 1.0065 0.00 0.0M
125520.000 1976 COM2 64 0R0 231 1.6 2.2 58.2 1.0065 0.00 0.0M
125580.000 1976 COM2 64 0R0 194 0.9 2.2 58.3 1.0065 0.00 0.0M
125640.000 1976 COM2 64 0R0 284 2.7 2.2 58.3 1.0065 0.00 0.0M
125700.000 1976 COM2 64 0R0 247 1.8 2.2 58.5 1.0066 0.00 0.0M
125760.000 1976 COM2 64 0R0 231 1.9 2.2 58.4 1.0066 0.00 0.0M
125820.000 1976 COM2 64 0R0 254 1.4 2.2 58.5 1.0067 0.00 0.0M
125880.000 1976 COM2 64 0R0 249 1.4 2.2 58.7 1.0067 0.00 0.0M
125940.000 1976 COM2 64 0R0 228 2.8 2.2 58.5 1.0067 0.00 0.0M
126000.000 1976 COM2 64 0R0 206 1.6 2.2 58.7 1.0067 0.00 0.0M
126060.000 1976 COM2 64 0R0 258 4.1 2.2 58.6 1.0067 0.00 0.0M
126120.000 1976 COM2 64 0R0 272 2.5 2.2 58.6 1.0067 0.00 0.0M
126180.000 1976 COM2 64 0R0 267 2.1 2.2 58.8 1.0067 0.00 0.0M
126240.000 1976 COM2 64 0R0 281 1.2 2.2 58.3 1.0067 0.00 0.0M
126300.000 1976 COM2 64 0R0 242 2.0 2.2 58.6 1.0067 0.00 0.0M
126360.000 1976 COM2 64 0R0 281 1.4 2.2 59.0 1.0068 0.00 0.0M
126420.000 1976 COM2 64 0R0 327 0.3 2.2 58.9 1.0068 0.00 0.0M
126480.000 1976 COM2 64 0R0 194 1.2 2.2 58.5 1.0068 0.00 0.0M
126540.000 1976 COM2 64 0R0 248 3.3 2.2 58.4 1.0068 0.00 0.0M
126600.000 1976 COM2 64 0R0 265 3.3 2.2 58.3 1.0068 0.00 0.0M
126660.000 1976 COM2 64 0R0 290 1.8 2.2 58.6 1.0068 0.00 0.0M
126720.000 1976 COM2 64 0R0 272 2.8 2.2 58.6 1.0068 0.00 0.0M
126780.000 1976 COM2 64 0R0 259 2.5 2.2 58.3 1.0068 0.00 0.0M
126840.000 1976 COM2 64 0R0 239 3.5 2.2 58.5 1.0069 0.00 0.0M
126900.000 1976 COM2 64 0R0 239 0.9 2.2 58.0 1.0069 0.00 0.0M
126960.000 1976 COM2 64 0R0 268 2.1 2.2 58.4 1.0069 0.00 0.0M
127020.000 1976 COM2 64 0R0 275 1.6 2.2 58.2 1.0070 0.00 0.0M
127080.000 1976 COM2 64 0R0 229 4.0 2.2 58.5 1.0070 0.00 0.0M
127140.000 1976 COM2 64 0R0 270 3.8 2.2 58.0 1.0070 0.00 0.0M
127200.000 1976 COM2 64 0R0 242 1.3 2.3 57.9 1.0070 0.00 0.0M
127260.000 1976 COM2 64 0R0 283 5.7 2.3 57.8 1.0070 0.00 0.0M
127320.000 1976 COM2 64 0R0 268 1.8 2.3 58.2 1.0070 0.00 0.0M
127380.000 1976 COM2 64 0R0 253 1.0 2.3 57.6 1.0070 0.00 0.0M
127440.000 1976 COM2 64 0R0 236 1.4 2.3 57.4 1.0071 0.00 0.0M
127500.000 1976 COM2 64 0R0 268 2.0 2.3 57.4 1.0071 0.00 0.0M
127560.000 1976 COM2 64 0R0 247 3.0 2.4 56.5 1.0070 0.00 0.0M
127620.000 1976 COM2 64 0R0 012 0.8 2.4 57.0 1.0070 0.00 0.0M
127680.000 1976 COM2 64 0R0 255 3.3 2.5 56.9 1.0071 0.00 0.0M
127740.000 1976 COM2 64 0R0 217 2.2 2.5 56.7 1.0072 0.00 0.0M
127800.000 1976 COM2 64 0R0 250 1.4 2.5 57.0 1.0072 0.00 0.0M
127860.100 1976 COM2 64 0R0 273 4.5 2.5 56.8 1.0072 0.00 0.0M
127920.000 1976 COM2 64 0R0 257 4.5 2.5 56.3 1.0072 0.00 0.0M
127980.000 1976 COM2 64 0R0 235 1.8 2.5 56.8 1.0072 0.00 0.0M
128040.100 1976 COM2 64 0R0 225 2.4 2.5 56.6 1.0072 0.00 0.0M
128100.000 1976 COM2 64 0R0 268 2.0 2.5 56.6 1.0072 0.00 0.0M
128160.000 1976 COM2 64 0R0 248 1.2 2.5 56.8 1.0072 0.00 0.0M
128220.000 1976 COM2 64 0R0 245 1.8 2.5 56.8 1.0073 0.00 0.0M
128280.000 1976 COM2 64 0R0 283 2.4 2.5 55.7 1.0073 0.00 0.0M
128340.000 1976 COM2 64 0R0 269 3.9 2.5 55.9 1.0073 0.00 0.0M
128400.000 1976 COM2 64 0R0 282 3.3 2.4 56.4 1.0073 0.00 0.0M
128460.000 1976 COM2 64 0R0 257 2.2 2.4 56.3 1.0074 0.00 0.0M
128520.000 1976 COM2 64 0R0 281 4.4 2.5 56.0 1.0073 0.00 0.0M
128580.000 1976 COM2 64 0R0 247 2.6 2.5 56.2 1.0074 0.00 0.0M
128640.000 1976 COM2 64 0R0 292 5.9 2.5 55.5 1.0074 0.00 0.0M
128700.000 1976 COM2 64 0R0 270 2.7 2.5 55.7 1.0074 0.00 0.0M
128760.000 1976 COM2 64 0R0 243 2.8 2.5 55.6 1.0074 0.00 0.0M
128820.000 1976 COM2 64 0R0 281 2.2 2.5 55.7 1.0074 0.00 0.0M
128880.000 1976 COM2 64 0R0 247 0.9 2.6 55.4 1.0075 0.00 0.0M
128940.000 1976 COM2 64 0R0 242 2.4 2.6 55.2 1.0075 0.00 0.0M
129000.000 1976 COM2 64 0R0 274 2.9 2.6 55.3 1.0075 0.00 0.0M
129060.000 1976 COM2 64 0R0 269 2.4 2.6 55.4 1.0075 0.00 0.0M
129120.000 1976 COM2 64 0R0 261 1.7 2.6 55.2 1.0075 0.00 0.0M
129180.000 1976 COM2 64 0R0 246 5.1 2.6 55.5 1.0076 0.00 0.0M
129240.000 1976 COM2 64 0R0 257 2.4 2.6 54.7 1.0076 0.00 0.0M
129300.000 1976 COM2 64 0R0 203 1.2 2.6 54.8 1.0076 0.00 0.0M
129360.000 1976 COM2 64 0R0 218 1.1 2.6 55.0 1.0075 0.00 0.0M
129420.000 1976 COM2 64 0R0 269 1.6 2.6 55.0 1.0076 0.00 0.0M
129480.000 1976 COM2 64 0R0 222 2.7 2.6 54.8 1.0076 0.00 0.0M
129540.000 1976 COM2 64 0R0 253 3.5 2.6 54.2 1.0076 0.00 0.0M
129600.000 1976 COM2 64 0R0 257 2.9 2.6 54.3 1.0076 0.00 0.0M
129660.000 1976 COM2 64 0R0 201 5.4 2.7 53.8 1.0076 0.00 0.0M
129720.000 1976 COM2 64 0R0 246 2.0 2.7 53.8 1.0075 0.00 0.0M
129780.000 1976 COM2 64 0R0 255 1.8 2.7 54.0 1.0076 0.00 0.0M
129840.000 1976 COM2 64 0R0 233 3.4 2.7 54.0 1.0076 0.00 0.0M
129900.000 1976 COM2 64 0R0 236 4.5 2.7 54.7 1.0076 0.00 0.0M
129960.000 1976 COM2 64 0R0 259 2.1 2.7 54.3 1.0077 0.00 0.0M
130020.000 1976 COM2 64 0R0 257 2.7 2.7 53.9 1.0077 0.00 0.0M
130080.000 1976 COM2 64 0R0 235 1.9 2.6 54.4 1.0077 0.00 0.0M
130140.000 1976 COM2 64 0R0 237 3.7 2.6 54.4 1.0077 0.00 0.0M
130200.000 1976 COM2 64 0R0 256 2.2 2.6 54.6 1.0076 0.00 0.0M
130260.000 1976 COM2 64 0R0 229 2.9 2.6 54.6 1.0077 0.00 0.0M
130320.000 1976 COM2 64 0R0 237 4.0 2.6 54.6 1.0077 0.00 0.0M
130380.000 1976 COM2 64 0R0 241 3.2 2.5 54.9 1.0077 0.00 0.0M
130440.000 1976 COM2 64 0R0 237 2.3 2.5 54.2 1.0077 0.00 0.0M
130500.000 1976 COM2 64 0R0 256 2.8 2.5 54.5 1.0078 0.00 0.0M
130560.000 1976 COM2 64 0R0 283 3.7 2.5 54.2 1.0078 0.00 0.0M
130620.000 1976 COM2 64 0R0 237 2.8 2.5 54.2 1.0079 0.00 0.0M
130680.000 1976 COM2 64 0R0 246 1.3 2.5 54.7 1.0079 0.00 0.0M
130740.000 1976 COM2 64 0R0 264 3.1 2.5 54.9 1.0079 0.00 0.0M
130800.000 1976 COM2 64 0R0 261 1.9 2.5 54.7 1.0079 0.00 0.0M
130860.000 1976 COM2 64 0R0 240 3.9 2.5 54.5 1.0079 0.00 0.0M
130920.000 1976 COM2 64 0R0 233 3.0 2.5 54.5 1.0080 0.00 0.0M
130980.000 1976 COM2 64 0R0 252 4.4 2.5 55.3 1.0080 0.00 0.0M
131040.000 1976 COM2 64 0R0 217 1.5 2.5 54.3 1.0080 0.00 0.0M
131100.000 1976 COM2 64 0R0 270 1.5 2.5 54.6 1.0080 0.00 0.0M
131160.000 1976 COM2 64 0R0 235 5.7 2.6 54.6 1.0080 0.00 0.0M
131220.000 1976 COM2 64 0R0 231 3.1 2.6 53.2 1.0080 0.00 0.0M
131280.100 1976 COM2 64 0R0 299 1.7 2.6 54.0 1.0080 0.00 0.0M
131340.000 1976 COM2 64 0R0 260 3.3 2.6 53.6 1.0081 0.00 0.0M
131400.000 1976 COM2 64 0R0 268 1.8 2.6 53.6 1.0081 0.00 0.0M
131460.000 1976 COM2 64 0R0 315 1.7 2.6 53.7 1.0081 0.00 0.0M
131520.000 1976 COM2 64 0R0 234 2.8 2.6 54.2 1.0081 0.00 0.0M
131580.000 1976 COM2 64 0R0 255 1.9 2.7 53.5 1.0081 0.00 0.0M
131640.000 1976 COM2 64 0R0 235 2.9 2.7 53.8 1.0081 0.00 0.0M
131700.000 1976 COM2 64 0R0 228 3.6 2.7 54.2 1.0081 0.00 0.0M
131760.000 1976 COM2 64 0R0 242 2.1 2.7 53.6 1.0081 0.00 0.0M
131820.000 1976 COM2 64 0R0 274 1.8 2.7 53.4 1.0081 0.00 0.0M
131880.000 1976 COM2 64 0R0 264 2.9 2.7 52.3 1.0080 0.00 0.0M
131940.000 1976 COM2 64 0R0 305 1.6 2.7 53.1 1.0081 0.00 0.0M
132000.000 1976 COM2 64 0R0 264 1.1 2.7 53.1 1.0081 0.00 0.0M
132060.000 1976 COM2 64 0R0 245 1.7 2.8 53.2 1.0082 0.00 0.0M
132120.000 1976 COM2 64 0R0 302 2.5 2.8 53.2 1.0082 0.00 0.0M
132180.000 1976 COM2 64 0R0 241 4.7 2.8 52.4 1.0082 0.00 0.0M
132240.000 1976 COM2 64 0R0 249 2.2 2.8 52.3 1.0082 0.00 0.0M
132300.000 1976 COM2 64 0R0 227 5.7 2.8 52.4 1.0082 0.00 0.0M
132360.000 1976 COM2 64 0R0 295 2.6 2.8 52.5 1.0082 0.00 0.0M
132420.000 1976 COM2 64 0R0 196 1.2 2.8 52.1 1.0083 0.00 0.0M
132480.000 1976 COM2 64 0R0 249 4.8 2.9 51.5 1.0083 0.00 0.0M
132540.000 1976 COM2 64 0R0 235 2.4 2.9 51.7 1.0083 0.00 0.0M
132600.000 1976 COM2 64 0R0 225 2.9 2.9 51.9 1.0083 0.00 0.0M
132660.000 1976 COM2 64 0R0 235 3.5 2.9 51.3 1.0083 0.00 0.0M
132720.000 1976 COM2 64 0R0 224 0.7 3.0 51.0 1.0083 0.00 0.0M
132780.000 1976 COM2 64 0R0 113 0.7 3.0 51.5 1.0084 0.00 0.0M
132840.000 1976 COM2 64 0R0 239 2.8 3.1 51.5 1.0084 0.00 0.0M
132900.000 1976 COM2 64 0R0 259 3.0 3.1 51.0 1.0084 0.00 0.0M
132960.000 1976 COM2 64 0R0 234 1.8 3.1 50.4 1.0083 0.00 0.0M
133020.000 1976 COM2 64 0R0 291 3.0 3.2 50.6 1.0083 0.00 0.0M
133080.000 1976 COM2 64 0R0 253 2.8 3.2 50.4 1.0083 0.00 0.0M
133140.000 1976 COM2 64 0R0 274 2.7 3.2 50.3 1.0084 0.00 0.0M
133200.000 1976 COM2 64 0R0 288 2.6 3.2 50.7 1.0084 0.00 0.0M
133260.000 1976 COM2 64 0R0 243 1.2 3.2 50.7 1.0084 0.00 0.0M
133320.000 1976 COM2 64 0R0 255 2.8 3.2 51.0 1.0085 0.00 0.0M
133380.000 1976 COM2 64 0R0 276 3.8 3.3 50.3 1.0085 0.00 0.0M
133440.000 1976 COM2 64 0R0 267 1.5 3.3 50.6 1.0085 0.00 0.0M
133500.000 1976 COM2 64 0R0 288 2.0 3.3 50.9 1.0086 0.00 0.0M
133560.000 1976 COM2 64 0R0 229 2.7 3.4 50.8 1.0086 0.00 0.0M
133620.000 1976 COM2 64 0R0 270 2.9 3.4 49.9 1.0086 0.00 0.0M
133680.000 1976 COM2 64 0R0 224 2.5 3.4 49.7 1.0087 0.00 0.0M
133740.000 1976 COM2 64 0R0 247 3.3 3.4 49.3 1.0086 0.00 0.0M
133800.000 1976 COM2 64 0R0 282 2.3 3.4 49.3 1.0087 0.00 0.0M
133860.000 1976 COM2 64 0R0 263 3.0 3.4 49.2 1.0087 0.00 0.0M
133920.000 1976 COM2 64 0R0 260 1.9 3.4 49.4 1.0087 0.00 0.0M
133980.000 1976 COM2 64 0R0 170 1.3 3.4 49.7 1.0086 0.00 0.0M
134040.000 1976 COM2 64 0R0 295 3.5 3.5 49.6 1.0087 0.00 0.0M
134100.000 1976 COM2 64 0R0 274 5.9 3.5 49.4 1.0087 0.00 0.0M
134160.000 1976 COM2 64 0R0 208 2.1 3.5 49.5 1.0087 0.00 0.0M
134220.000 1976 COM2 64 0R0 221 3.4 3.6 49.3 1.0087 0.00 0.0M
134280.000 1976 COM2 64 0R0 263 3.9 3.6 48.5 1.0087 0.00 0.0M
134340.000 1976 COM2 64 0R0 248 4.4 3.6 48.8 1.0086 0.00 0.0M
134400.000 1976 COM2 64 0R0 262 2.0 3.6 49.3 1.0088 0.00 0.0M
134460.000 1976 COM2 64 0R0 248 3.9 3.6 49.4 1.0088 0.00 0.0M
134520.000 1976 COM2 64 0R0 287 4.5 3.6 49.2 1.0087 0.00 0.0M
134580.000 1976 COM2 64 0R0 316 1.6 3.6 49.5 1.0088 0.00 0.0M
134640.000 1976 COM2 64 0R0 210 2.8 3.6 49.0 1.0088 0.00 0.0M
134700.000 1976 COM2 64 0R0 277 2.8 3.7 48.8 1.0088 0.00 0.0M
134760.000 1976 COM2 64 0R0 262 2.6 3.7 48.7 1.0088 0.00 0.0M
134820.000 1976 COM2 64 0R0 222 0.8 3.7 49.1 1.0088 0.00 0.0M
134880.000 1976 COM2 64 0R0 292 1.4 3.8 48.8 1.0088 0.00 0.0M
134940.000 1976 COM2 64 0R0 295 3.6 3.8 49.0 1.0088 0.00 0.0M
135000.000 1976 COM2 64 0R0 208 2.0 3.8 49.1 1.0089 0.00 0.0M
135060.000 1976 COM2 64 0R0 247 1.5 3.8 49.1 1.0089 0.00 0.0M
135120.000 1976 COM2 64 0R0 301 4.5 3.9 48.9 1.0089 0.00 0.0M
135180.000 1976 COM2 64 0R0 288 5.6 3.8 48.8 1.0089 0.00 0.0M
135240.000 1976 COM2 64 0R0 279 5.3 3.7 49.1 1.0089 0.00 0.0M
135300.000 1976 COM2 64 0R0 277 2.7 3.7 48.5 1.0089 0.00 0.0M
135360.000 1976 COM2 64 0R0 287 2.9 3.6 49.5 1.0089 0.00 0.0M
135420.000 1976 COM2 64 0R0 256 3.0 3.7 49.6 1.0089 0.00 0.0M
135480.000 1976 COM2 64 0R0 291 3.3 3.8 49.1 1.0088 0.00 0.0M
135540.000 1976 COM2 64 0R0 297 0.7 3.9 49.0 1.0088 0.00 0.0M
135600.000 1976 COM2 64 0R0 262 2.6 3.9 49.0 1.0089 0.00 0.0M
135660.000 1976 COM2 64 0R0 300 3.1 4.0 48.4 1.0089 0.00 0.0M
135720.000 1976 COM2 64 0R0 293 3.0 4.0 48.5 1.0089 0.00 0.0M
135780.000 1976 COM2 64 0R0 270 2.2 4.0 48.9 1.0089 0.00 0.0M
135840.000 1976 COM2 64 0R0 215 1.9 4.0 48.8 1.0089 0.00 0.0M
135900.000 1976 COM2 64 0R0 253 2.4 4.1 48.2 1.0088 0.00 0.0M
135960.000 1976 COM2 64 0R0 275 4.5 4.1 47.6 1.0088 0.00 0.0M
136020.000 1976 COM2 64 0R0 228 3.0 4.1 47.6 1.0089 0.00 0.0M
136080.000 1976 COM2 64 0R0 272 3.8 4.1 47.8 1.0088 0.00 0.0M
136140.000 1976 COM2 64 0R0 250 3.1 4.1 48.1 1.0090 0.00 0.0M
136200.000 1976 COM2 64 0R0 175 1.4 4.1 47.6 1.0088 0.00 0.0M
136260.000 1976 COM2 64 0R0 277 0.7 4.1 47.3 1.0090 0.00 0.0M
136320.000 1976 COM2 64 0R0 236 1.9 4.1 47.7 1.0090 0.00 0.0M
136380.000 1976 COM2 64 0R0 295 4.1 4.1 47.6 1.0090 0.00 0.0M
136440.000 1976 COM2 64 0R0 264 2.9 4.1 47.8 1.0091 0.00 0.0M
136500.000 1976 COM2 64 0R0 280 5.5 4.1 48.2 1.0091 0.00 0.0M
136560.000 1976 COM2 64 0R0 223 1.9 4.2 47.6 1.0091 0.00 0.0M
136620.000 1976 COM2 64 0R0 274 3.1 4.3 47.2 1.0091 0.00 0.0M
136680.000 1976 COM2 64 0R0 219 1.6 4.3 47.5 1.0090 0.00 0.0M
136740.000 1976 COM2 64 0R0 261 3.0 4.3 47.3 1.0092 0.00 0.0M
136800.000 1976 COM2 64 0R0 263 4.4 4.3 47.3 1.0091 0.00 0.0M
136860.000 1976 COM2 64 0R0 248 3.8 4.3 47.8 1.0091 0.00 0.0M
136920.000 1976 COM2 64 0R0 251 4.5 4.4 47.0 1.0091 0.00 0.0M
136980.000 1976 COM2 64 0R0 269 1.4 4.3 47.6 1.0091 0.00 0.0M
137040.000 1976 COM2 64 0R0 280 4.2 4.3 46.9 1.0092 0.00 0.0M
137100.000 1976 COM2 64 0R0 247 2.5 4.3 46.8 1.0092 0.00 0.0M
137160.000 1976 COM2 64 0R0 265 4.5 4.3 47.8 1.0092 0.00 0.0M
137220.000 1976 COM2 64 0R0 236 1.9 4.3 46.8 1.0091 0.00 0.0M
137280.000 1976 COM2 64 0R0 240 2.0 4.3 47.1 1.0091 0.00 0.0M
137340.000 1976 COM2 64 0R0 323 4.4 4.3 47.2 1.0091 0.00 0.0M
137400.000 1976 COM2 64 0R0 249 1.8 4.3 47.2 1.0091 0.00 0.0M
137460.000 1976 COM2 64 0R0 324 2.5 4.4 46.8 1.0092 0.00 0.0M
137520.000 1976 COM2 64 0R0 267 2.9 4.5 46.5 1.0092 0.00 0.0M
137580.000 1976 COM2 64 0R0 297 3.1 4.5 46.4 1.0091 0.00 0.0M
137640.000 1976 COM2 64 0R0 295 3.9 4.5 46.9 1.0091 0.00 0.0M
137700.000 1976 COM2 64 0R0 275 2.2 4.5 46.6 1.0090 0.00 0.0M
137760.000 1976 COM2 64 0R0 265 1.6 4.5 45.8 1.0089 0.00 0.0M
137820.000 1976 COM2 64 0R0 265 4.5 4.5 46.1 1.0089 0.00 0.0M
137880.000 1976 COM2 64 0R0 302 4.3 4.5 47.1 1.0090 0.00 0.0M
137940.000 1976 COM2 64 0R0 241 3.5 4.5 46.4 1.0090 0.00 0.0M
138000.000 1976 COM2 64 0R0 131 1.1 4.6 46.0 1.0091 0.00 0.0M
138060.000 1976 COM2 64 0R0 326 5.0 4.7 45.8 1.0091 0.00 0.0M
138120.000 1976 COM2 64 0R0 283 2.9 4.6 45.8 1.0090 0.00 0.0M
138180.000 1976 COM2 64 0R0 305 4.5 4.6 45.5 1.0089 0.00 0.0M
138240.000 1976 COM2 64 0R0 291 5.9 4.5 45.6 1.0091 0.00 0.0M
138300.000 1976 COM2 64 0R0 287 4.4 4.5 45.7 1.0091 0.00 0.0M
138360.000 1976 COM2 64 0R0 282 4.9 4.5 46.2 1.0091 0.00 0.0M
138420.000 1976 COM2 64 0R0 273 4.6 4.5 45.8 1.0091 0.00 0.0M
138480.000 1976 COM2 64 0R0 250 2.8 4.5 46.4 1.0090 0.00 0.0M
138540.000 1976 COM2 64 0R0 290 5.0 4.6 45.8 1.0090 0.00 0.0M
138600.000 1976 COM2 64 0R0 285 2.9 4.6 45.8 1.0091 0.00 0.0M
138660.000 1976 COM2 64 0R0 274 4.3 4.7 46.2 1.0091 0.00 0.0M
138720.000 1976 COM2 64 0R0 222 3.7 4.7 45.4 1.0091 0.00 0.0M
138780.000 1976 COM2 64 0R0 266 6.2 4.8 45.5 1.0090 0.00 0.0M
138840.000 1976 COM2 64 0R0 180 2.7 4.9 44.8 1.0092 0.00 0.0M
138900.000 1976 COM2 64 0R0 290 4.5 4.9 44.9 1.0092 0.00 0.0M
138960.000 1976 COM2 64 0R0 250 3.7 4.9 44.8 1.0092 0.00 0.0M
139020.000 1976 COM2 64 0R0 233 2.0 4.9 44.7 1.0092 0.00 0.0M
139080.000 1976 COM2 64 0R0 276 4.0 4.9 44.5 1.0092 0.00 0.0M
139140.000 1976 COM2 64 0R0 256 3.2 4.9 44.7 1.0093 0.00 0.0M
139200.000 1976 COM2 64 0R0 316 6.8 5.0 44.2 1.0092 0.00 0.0M
139260.000 1976 COM2 64 0R0 272 4.4 5.0 44.1 1.0091 0.00 0.0M
139320.000 1976 COM2 64 0R0 289 3.8 4.9 44.7 1.0092 0.00 0.0M
139380.000 1976 COM2 64 0R0 263 4.8 4.8 44.7 1.0093 0.00 0.0M
139440.000 1976 COM2 64 0R0 266 3.7 4.9 44.5 1.0092 0.00 0.0M
139500.000 1976 COM2 64 0R0 283 1.7 4.9 44.2 1.0092 0.00 0.0M
139560.000 1976 COM2 64 0R0 199 1.0 4.9 44.4 1.0092 0.00 0.0M
139620.000 1976 COM2 64 0R0 276 4.0 5.0 44.1 1.0093 0.00 0.0M
139680.000 1976 COM2 64 0R0 292 4.6 5.1 44.2 1.0093 0.00 0.0M
139740.000 1976 COM2 64 0R0 271 2.3 5.1 44.2 1.0093 0.00 0.0M
139800.000 1976 COM2 64 0R0 254 2.7 5.1 43.3 1.0092 0.00 0.0M
139860.000 1976 COM2 64 0R0 265 3.3 5.2 43.2 1.0092 0.00 0.0M
139920.000 1976 COM2 64 0R0 272 2.8 5.2 42.9 1.0092 0.00 0.0M
139980.000 1976 COM2 64 0R0 226 3.6 5.2 43.2 1.0093 0.00 0.0M
140040.000 1976 COM2 64 0R0 250 1.8 5.3 43.4 1.0092 0.00 0.0M
140100.000 1976 COM2 64 0R0 200 3.0 5.4 43.1 1.0092 0.00 0.0M
140160.000 1976 COM2 64 0R0 304 3.2 5.5 42.5 1.0091 0.00 0.0M
140220.000 1976 COM2 64 0R0 281 4.0 5.6 42.7 1.0092 0.00 0.0M
140280.000 1976 COM2 64 0R0 279 3.7 5.6 42.3 1.0093 0.00 0.0M
140340.000 1976 COM2 64 0R0 279 2.4 5.6 41.7 1.0092 0.00 0.0M
140400.000 1976 COM2 64 0R0 299 1.9 5.5 42.1 1.0093 0.00 0.0M
140460.000 1976 COM2 64 0R0 242 4.4 5.5 42.2 1.0093 0.00 0.0M
140520.000 1976 COM2 64 0R0 270 2.8 5.6 41.3 1.0093 0.00 0.0M
140580.000 1976 COM2 64 0R0 306 4.4 5.6 42.0 1.0093 0.00 0.0M
140640.000 1976 COM2 64 0R0 263 0.9 5.7 41.2 1.0093 0.00 0.0M
140700.000 1976 COM2 64 0R0 303 3.9 5.7 40.9 1.0093 0.00 0.0M
140760.000 1976 COM2 64 0R0 298 7.4 5.7 40.3 1.0093 0.00 0.0M
140820.000 1976 COM2 64 0R0 290 2.3 5.6 40.6 1.0093 0.00 0.0M
140880.000 1976 COM2 64 0R0 254 4.0 5.6 41.1 1.0093 0.00 0.0M
140940.000 1976 COM2 64 0R0 296 4.1 5.6 40.9 1.0089 0.00 0.0M
141000.000 1976 COM2 64 0R0 298 7.6 5.5 40.6 1.0090 0.00 0.0M
141060.000 1976 COM2 64 0R0 304 4.1 5.5 42.3 1.0093 0.00 0.0M
141120.000 1976 COM2 64 0R0 270 6.8 5.5 40.2 1.0093 0.00 0.0M
141180.000 1976 COM2 64 0R0 277 1.6 5.4 40.6 1.0092 0.00 0.0M
141240.000 1976 COM2 64 0R0 296 9.1 5.3 41.1 1.0092 0.00 0.0M
141300.000 1976 COM2 64 0R0 290 5.9 5.3 41.2 1.0092 0.00 0.0M
141360.000 1976 COM2 64 0R0 280 6.7 5.3 40.9 1.0092 0.00 0.0M
141420.000 1976 COM2 64 0R0 253 5.0 5.3 41.1 1.0092 0.00 0.0M
141480.000 1976 COM2 65 0R0 295 10.8 5.4 40.9 1.0091 0.00 0.0M
141540.000 1976 COM2 64 0R0 335 1.8 5.4 41.5 1.0091 0.00 0.0M
141600.000 1976 COM2 64 0R0 281 2.7 5.4 41.3 1.0093 0.00 0.0M
141660.000 1976 COM2 64 0R0 282 2.8 5.5 41.1 1.0093 0.00 0.0M
141720.000 1976 COM2 64 0R0 295 1.3 5.6 41.8 1.0094 0.00 0.0M
141780.000 1976 COM2 64 0R0 293 6.9 5.8 40.2 1.0093 0.00 0.0M
141840.000 1976 COM2 64 0R0 290 3.4 5.9 39.9 1.0093 0.00 0.0M
141900.000 1976 COM2 64 0R0 323 2.7 5.8 40.5 1.0092 0.00 0.0M
141960.000 1976 COM2 64 0R0 283 4.3 5.9 40.8 1.0093 0.00 0.0M
142020.000 1976 COM2 64 0R0 219 1.3 5.9 40.4 1.0093 0.00 0.0M
142080.000 1976 COM2 64 0R0 224 2.6 6.0 40.3 1.0092 0.00 0.0M
142140.000 1976 COM2 64 0R0 270 4.6 6.0 40.6 1.0092 0.00 0.0M
142200.000 1976 COM2 64 0R0 229 3.3 6.0 40.4 1.0093 0.00 0.0M
142260.000 1976 COM2 64 0R0 285 5.3 6.0 40.4 1.0092 0.00 0.0M
142320.000 1976 COM2 64 0R0 313 7.0 5.9 40.2 1.0093 0.00 0.0M
142380.000 1976 COM2 64 0R0 268 1.6 5.9 40.2 1.0094 0.00 0.0M
142440.000 1976 COM2 64 0R0 282 5.9 5.9 40.5 1.0094 0.00 0.0M
142500.000 1976 COM2 64 0R0 264 1.4 5.8 40.9 1.0094 0.00 0.0M
142560.000 1976 COM2 64 0R0 264 5.4 5.9 41.1 1.0093 0.00 0.0M
142620.000 1976 COM2 64 0R0 229 1.6 6.0 40.2 1.0092 0.00 0.0M
142680.000 1976 COM2 64 0R0 276 2.9 6.1 40.4 1.0093 0.00 0.0M
142740.000 1976 COM2 64 0R0 307 2.4 6.2 40.0 1.0093 0.00 0.0M
142800.000 1976 COM2 64 0R0 235 1.6 6.3 39.7 1.0093 0.00 0.0M
142860.000 1976 COM2 64 0R0 244 2.0 6.2 39.4 1.0093 0.00 0.0M
142920.000 1976 COM2 64 0R0 245 2.2 6.2 39.7 1.0093 0.00 0.0M
142980.000 1976 COM2 64 0R0 283 2.8 6.2 40.0 1.0093 0.00 0.0M
143040.000 1976 COM2 64 0R0 274 3.2 6.2 39.2 1.0092 0.00 0.0M
143100.000 1976 COM2 64 0R0 265 1.3 6.2 39.7 1.0093 0.00 0.0M
143160.000 1976 COM2 64 0R0 254 3.2 6.3 39.3 1.0092 0.00 0.0M
143220.000 1976 COM2 64 0R0 252 2.7 6.3 38.9 1.0092 0.00 0.0M
143280.000 1976 COM2 64 0R0 261 1.7 6.3 39.2 1.0093 0.00 0.0M
143340.000 1976 COM2 64 0R0 302 1.4 6.4 39.1 1.0094 0.00 0.0M
143400.000 1976 COM2 64 0R0 346 1.1 6.5 38.2 1.0094 0.00 0.0M
143460.000 1976 COM2 64 0R0 271 2.1 6.5 38.6 1.0093 0.00 0.0M
143520.000 1976 COM2 64 0R0 304 3.0 6.4 38.4 1.0093 0.00 0.0M
143580.000 1976 COM2 64 0R0 278 3.1 6.3 39.2 1.0093 0.00 0.0M
143640.000 1976 COM2 64 0R0 222 3.4 6.3 38.9 1.0093 0.00 0.0M
143700.000 1976 COM2 64 0R0 267 1.2 6.3 38.4 1.0092 0.00 0.0M
143760.000 1976 COM2 64 0R0 293 4.2 6.3 38.0 1.0092 0.00 0.0M
143820.000 1976 COM2 64 0R0 274 5.9 6.3 38.9 1.0093 0.00 0.0M
143880.000 1976 COM2 64 0R0 270 2.4 6.3 38.5 1.0093 0.00 0.0M
143940.000 1976 COM2 64 0R0 292 2.7 6.2 38.2 1.0093 0.00 0.0M
144000.000 1976 COM2 64 0R0 301 3.5 6.2 38.5 1.0093 0.00 0.0M
144060.100 1976 COM2 64 0R0 276 3.7 6.2 38.6 1.0093 0.00 0.0M
144120.000 1976 COM2 64 0R0 265 1.5 6.3 38.4 1.0093 0.00 0.0M
144180.000 1976 COM2 64 0R0 213 2.3 6.3 38.7 1.0093 0.00 0.0M
144240.000 1976 COM2 64 0R0 255 2.6 6.5 38.7 1.0092 0.00 0.0M
144300.000 1976 COM2 64 0R0 279 4.1 6.6 38.1 1.0093 0.00 0.0M
144360.000 1976 COM2 64 0R0 196 1.4 6.6 37.5 1.0093 0.00 0.0M
144420.000 1976 COM2 64 0R0 255 3.1 6.7 37.5 1.0093 0.00 0.0M
144480.000 1976 COM2 64 0R0 277 2.3 6.7 37.4 1.0093 0.00 0.0M
144540.000 1976 COM2 64 0R0 276 3.1 6.7 37.1 1.0092 0.00 0.0M
144600.000 1976 COM2 64 0R0 319 2.7 6.6 37.2 1.0093 0.00 0.0M
144660.000 1976 COM2 64 0R0 292 4.2 6.5 37.6 1.0091 0.00 0.0M
144720.000 1976 COM2 64 0R0 264 5.3 6.5 37.8 1.0092 0.00 0.0M
144780.000 1976 COM2 64 0R0 275 4.4 6.5 37.3 1.0092 0.00 0.0M
144840.000 1976 COM2 64 0R0 279 4.5 6.4 37.3 1.0092 0.00 0.0M
144900.000 1976 COM2 64 0R0 225 2.7 6.4 37.5 1.0092 0.00 0.0M
144960.000 1976 COM2 64 0R0 257 6.6 6.5 37.5 1.0092 0.00 0.0M
145020.000 1976 COM2 64 0R0 298 4.3 6.6 37.2 1.0092 0.00 0.0M
145080.000 1976 COM2 64 0R0 250 3.6 6.5 36.9 1.0090 0.00 0.0M
145140.000 1976 COM2 64 0R0 266 6.0 6.5 37.2 1.0091 0.00 0.0M
145200.000 1976 COM2 64 0R0 271 3.7 6.5 36.9 1.0092 0.00 0.0M
145260.000 1976 COM2 64 0R0 274 5.8 6.4 36.7 1.0090 0.00 0.0M
145320.000 1976 COM2 64 0R0 309 3.3 6.3 37.1 1.0089 0.00 0.0M
145380.000 1976 COM2 64 0R0 297 5.8 6.4 37.3 1.0091 0.00 0.0M
145440.000 1976 COM2 64 0R0 276 5.5 6.4 37.3 1.0091 0.00 0.0M
145500.000 1976 COM2 64 0R0 228 1.9 6.3 37.4 1.0090 0.00 0.0M
145560.000 1976 COM2 64 0R0 190 2.0 6.3 38.0 1.0090 0.00 0.0M
145620.000 1976 COM2 64 0R0 308 1.9 6.5 37.8 1.0090 0.00 0.0M
145680.000 1976 COM2 64 0R0 235 3.0 6.6 37.7 1.0090 0.00 0.0M
145740.000 1976 COM2 64 0R0 287 3.5 6.7 37.5 1.0090 0.00 0.0M
145800.000 1976 COM2 64 0R0 261 2.3 6.9 36.8 1.0090 0.00 0.0M
145860.000 1976 COM2 64 0R0 283 6.2 6.9 37.4 1.0090 0.00 0.0M
145920.000 1976 COM2 64 0R0 257 3.4 6.9 37.0 1.0090 0.00 0.0M
145980.000 1976 COM2 64 0R0 292 4.0 6.9 36.8 1.0090 0.00 0.0M
146040.000 1976 COM2 64 0R0 296 4.4 6.9 37.2 1.0090 0.00 0.0M
146100.000 1976 COM2 64 0R0 257 2.1 6.8 37.1 1.0089 0.00 0.0M
146160.000 1976 COM2 64 0R0 273 4.0 6.8 36.8 1.0089 0.00 0.0M
146220.000 1976 COM2 64 0R0 292 2.4 6.9 37.0 1.0089 0.00 0.0M
146280.000 1976 COM2 64 0R0 327 2.3 6.9 36.8 1.0088 0.00 0.0M
146340.000 1976 COM2 64 0R0 290 3.0 6.8 36.6 1.0088 0.00 0.0M
146400.000 1976 COM2 64 0R0 220 1.7 6.8 36.9 1.0087 0.00 0.0M
146460.000 1976 COM2 64 0R0 261 1.4 6.8 37.5 1.0087 0.00 0.0M
146520.000 1976 COM2 64 0R0 299 2.4 7.0 36.5 1.0087 0.00 0.0M
146580.000 1976 COM2 64 0R0 245 4.0 7.1 36.6 1.0084 0.00 0.0M
146640.000 1976 COM2 64 0R0 235 6.4 7.1 36.4 1.0086 0.00 0.0M
146700.000 1976 COM2 64 0R0 267 4.1 7.1 36.2 1.0088 0.00 0.0M
146760.000 1976 COM2 64 0R0 287 1.9 7.1 35.9 1.0087 0.00 0.0M
146820.000 1976 COM2 64 0R0 298 3.0 7.0 36.1 1.0088 0.00 0.0M
146880.000 1976 COM2 64 0R0 244 3.9 7.1 36.9 1.0088 0.00 0.0M
146940.000 1976 COM2 64 0R0 279 5.3 7.1 36.4 1.0087 0.00 0.0M
147000.000 1976 COM2 64 0R0 277 5.6 7.1 36.4 1.0087 0.00 0.0M
147060.000 1976 COM2 64 0R0 244 4.1 7.1 36.4 1.0089 0.00 0.0M
147120.000 1976 COM2 64 0R0 267 4.8 7.0 36.2 1.0088 0.00 0.0M
147180.000 1976 COM2 64 0R0 272 5.0 6.9 35.7 1.0088 0.00 0.0M
147240.000 1976 COM2 64 0R0 306 2.5 6.8 36.7 1.0088 0.00 0.0M
147300.000 1976 COM2 64 0R0 274 2.1 6.7 36.8 1.0087 0.00 0.0M
147360.000 1976 COM2 64 0R0 263 1.5 6.8 36.4 1.0088 0.00 0.0M
147420.000 1976 COM2 64 0R0 254 3.6 6.7 37.1 1.0088 0.00 0.0M
147480.000 1976 COM2 64 0R0 236 4.0 6.7 36.5 1.0087 0.00 0.0M
147540.000 1976 COM2 64 0R0 266 3.6 6.7 37.2 1.0087 0.00 0.0M
147600.000 1976 COM2 64 0R0 299 5.1 6.7 36.8 1.0086 0.00 0.0M
147660.000 1976 COM2 64 0R0 192 2.3 6.8 36.3 1.0087 0.00 0.0M
147720.000 1976 COM2 64 0R0 240 3.1 6.8 36.4 1.0086 0.00 0.0M
147780.000 1976 COM2 64 0R0 277 4.0 6.8 36.3 1.0087 0.00 0.0M
147840.000 1976 COM2 64 0R0 258 4.7 6.8 36.3 1.0087 0.00 0.0M
147900.000 1976 COM2 64 0R0 243 1.5 6.7 37.0 1.0087 0.00 0.0M
147960.000 1976 COM2 64 0R0 264 2.7 6.7 36.5 1.0088 0.00 0.0M
148020.000 1976 COM2 64 0R0 191 1.2 6.7 37.0 1.0088 0.00 0.0M
148080.000 1976 COM2 64 0R0 285 2.3 6.9 37.5 1.0088 0.00 0.0M
148140.000 1976 COM2 64 0R0 255 3.7 7.1 36.7 1.0088 0.00 0.0M
148200.000 1976 COM2 64 0R0 259 1.1 7.1 36.8 1.0088 0.00 0.0M
148260.000 1976 COM2 64 0R0 284 6.4 7.3 36.2 1.0088 0.00 0.0M
148320.000 1976 COM2 64 0R0 262 4.4 7.2 36.0 1.0089 0.00 0.0M
148380.000 1976 COM2 64 0R0 268 3.2 7.0 36.5 1.0088 0.00 0.0M
148440.000 1976 COM2 64 0R0 258 4.4 6.9 36.4 1.0088 0.00 0.0M
148500.000 1976 COM2 64 0R0 254 1.7 6.9 37.3 1.0089 0.00 0.0M
148560.000 1976 COM2 64 0R0 251 0.6 7.0 37.0 1.0089 0.00 0.0M
148620.000 1976 COM2 64 0R0 263 3.7 7.1 36.3 1.0089 0.00 0.0M
148680.000 1976 COM2 64 0R0 301 2.9 7.1 36.6 1.0090 0.00 0.0M
148740.000 1976 COM2 64 0R0 256 1.7 7.2 36.7 1.0089 0.00 0.0M
148800.000 1976 COM2 64 0R0 285 2.3 7.3 36.7 1.0089 0.00 0.0M
148860.000 1976 COM2 64 0R0 250 1.6 7.3 36.6 1.0090 0.00 0.0M
148920.000 1976 COM2 64 0R0 283 5.2 7.3 36.6 1.0089 0.00 0.0M
148980.000 1976 COM2 64 0R0 291 7.0 7.3 36.1 1.0089 0.00 0.0M
149040.000 1976 COM2 64 0R0 297 4.4 7.2 36.4 1.0089 0.00 0.0M
149100.000 1976 COM2 64 0R0 266 6.0 7.2 36.4 1.0088 0.00 0.0M
149160.000 1976 COM2 64 0R0 291 3.1 7.2 36.4 1.0089 0.00 0.0M
149220.000 1976 COM2 64 0R0 287 3.1 7.2 36.3 1.0089 0.00 0.0M
149280.000 1976 COM2 64 0R0 310 5.4 7.1 36.6 1.0089 0.00 0.0M
149340.000 1976 COM2 64 0R0 258 3.7 7.0 37.3 1.0089 0.00 0.0M
149400.000 1976 COM2 64 0R0 246 2.8 7.0 36.9 1.0089 0.00 0.0M
149460.000 1976 COM2 64 0R0 223 1.5 7.1 36.8 1.0089 0.00 0.0M
149520.000 1976 COM2 64 0R0 160 2.9 7.2 37.2 1.0089 0.00 0.0M
149580.000 1976 COM2 64 0R0 306 3.5 7.3 37.2 1.0088 0.00 0.0M
149640.100 1976 COM2 64 0R0 251 3.8 7.4 36.6 1.0088 0.00 0.0M
149700.000 1976 COM2 64 0R0 219 1.9 7.4 36.2 1.0088 0.00 0.0M
149760.000 1976 COM2 64 0R0 259 3.2 7.3 36.9 1.0088 0.00 0.0M
149820.000 1976 COM2 64 0R0 216 2.4 7.4 36.4 1.0088 0.00 0.0M
149880.000 1976 COM2 64 0R0 243 1.3 7.4 36.5 1.0089 0.00 0.0M
149940.000 1976 COM2 64 0R0 253 3.4 7.4 36.6 1.0088 0.00 0.0M
150000.000 1976 COM2 64 0R0 259 3.6 7.4 36.6 1.0088 0.00 0.0M
150060.000 1976 COM2 64 0R0 262 2.2 7.4 36.6 1.0089 0.00 0.0M
150120.000 1976 COM2 64 0R0 308 2.0 7.4 36.9 1.0089 0.00 0.0M
150180.000 1976 COM2 64 0R0 226 4.3 7.5 36.8 1.0089 0.00 0.0M
150240.000 1976 COM2 64 0R0 278 4.6 7.6 36.1 1.0089 0.00 0.0M
150300.000 1976 COM2 64 0R0 292 5.8 7.5 36.3 1.0089 0.00 0.0M
150360.000 1976 COM2 64 0R0 282 2.0 7.4 36.4 1.0088 0.00 0.0M
150420.000 1976 COM2 64 0R0 279 3.5 7.3 36.3 1.0088 0.00 0.0M
150480.000 1976 COM2 64 0R0 227 1.9 7.2 36.4 1.0088 0.00 0.0M
150540.000 1976 COM2 64 0R0 304 4.0 7.2 36.6 1.0088 0.00 0.0M
150600.000 1976 COM2 64 0R0 195 1.6 7.2 36.8 1.0088 0.00 0.0M
150660.000 1976 COM2 64 0R0 259 4.3 7.2 37.9 1.0088 0.00 0.0M
150720.000 1976 COM2 64 0R0 299 3.8 7.3 37.8 1.0089 0.00 0.0M
150780.000 1976 COM2 64 0R0 279 2.0 7.4 36.9 1.0089 0.00 0.0M
150840.000 1976 COM2 64 0R0 310 1.9 7.5 36.6 1.0089 0.00 0.0M
150900.000 1976 COM2 64 0R0 246 1.9 7.4 38.0 1.0089 0.00 0.0M
150960.000 1976 COM2 64 0R0 253 3.1 7.5 37.6 1.0089 0.00 0.0M
151020.000 1976 COM2 64 0R0 250 5.3 7.6 37.2 1.0087 0.00 0.0M
151080.000 1976 COM2 64 0R0 277 3.4 7.6 37.7 1.0088 0.00 0.0M
151140.000 1976 COM2 64 0R0 286 5.1 7.6 37.3 1.0088 0.00 0.0M
151200.000 1976 COM2 64 0R0 264 4.6 7.6 37.3 1.0089 0.00 0.0M
151260.000 1976 COM2 64 0R0 252 5.5 7.5 37.4 1.0088 0.00 0.0M
151320.000 1976 COM2 64 0R0 165 3.3 7.5 37.3 1.0089 0.00 0.0M
151380.000 1976 COM2 64 0R0 249 3.1 7.6 37.3 1.0089 0.00 0.0M
151440.000 1976 COM2 64 0R0 214 4.3 7.6 37.3 1.0089 0.00 0.0M
151500.000 1976 COM2 64 0R0 260 3.5 7.6 37.3 1.0089 0.00 0.0M
151560.000 1976 COM2 64 0R0 269 5.0 7.5 37.7 1.0089 0.00 0.0M
151620.000 1976 COM2 64 0R0 277 4.0 7.4 38.2 1.0089 0.00 0.0M
151680.000 1976 COM2 64 0R0 270 2.6 7.4 37.8 1.0089 0.00 0.0M
151740.000 1976 COM2 64 0R0 301 3.4 7.4 37.8 1.0089 0.00 0.0M
151800.000 1976 COM2 64 0R0 247 3.2 7.4 38.2 1.0089 0.00 0.0M
151860.000 1976 COM2 64 0R0 261 3.4 7.5 38.0 1.0088 0.00 0.0M
151920.000 1976 COM2 64 0R0 187 1.1 7.6 38.2 1.0089 0.00 0.0M
151980.000 1976 COM2 64 0R0 285 2.9 7.7 38.1 1.0089 0.00 0.0M
152040.000 1976 COM2 64 0R0 239 0.9 7.8 37.9 1.0089 0.00 0.0M
152100.000 1976 COM2 64 0R0 262 2.8 7.8 37.6 1.0088 0.00 0.0M
152160.000 1976 COM2 64 0R0 258 5.3 7.9 37.1 1.0089 0.00 0.0M
152220.000 1976 COM2 64 0R0 217 1.5 7.8 37.6 1.0089 0.00 0.0M
152280.000 1976 COM2 64 0R0 292 1.3 7.9 37.4 1.0089 0.00 0.0M
152340.000 1976 COM2 64 0R0 257 3.5 7.9 37.4 1.0089 0.00 0.0M
152400.000 1976 COM2 64 0R0 253 2.3 7.9 37.0 1.0088 0.00 0.0M
152460.000 1976 COM2 64 0R0 245 5.3 7.9 36.9 1.0088 0.00 0.0M
152520.000 1976 COM2 64 0R0 272 4.2 7.9 36.9 1.0088 0.00 0.0M
152580.000 1976 COM2 64 0R0 214 2.3 7.8 37.5 1.0089 0.00 0.0M
152640.000 1976 COM2 64 0R0 287 2.2 7.8 37.2 1.0088 0.00 0.0M
152700.000 1976 COM2 64 0R0 276 2.9 7.7 37.4 1.0089 0.00 0.0M
152760.000 1976 COM2 64 0R0 269 1.6 7.7 37.7 1.0088 0.00 0.0M
152820.000 1976 COM2 64 0R0 281 1.4 7.7 38.0 1.0088 0.00 0.0M
152880.000 1976 COM2 64 0R0 168 1.0 7.8 37.9 1.0088 0.00 0.0M
152940.000 1976 COM2 64 0R0 218 2.0 7.9 37.6 1.0088 0.00 0.0M
153000.000 1976 COM2 64 0R0 267 3.7 7.9 37.8 1.0088 0.00 0.0M
153060.000 1976 COM2 64 0R0 223 2.2 8.0 37.2 1.0088 0.00 0.0M
153120.000 1976 COM2 64 0R0 251 1.7 8.1 37.2 1.0089 0.00 0.0M
153180.000 1976 COM2 64 0R0 239 1.0 8.1 37.0 1.0089 0.00 0.0M
153240.000 1976 COM2 64 0R0 239 1.7 8.2 37.1 1.0088 0.00 0.0M
153300.000 1976 COM2 64 0R0 275 3.1 8.1 37.3 1.0089 0.00 0.0M
153360.000 1976 COM2 64 0R0 227 2.3 8.1 37.2 1.0088 0.00 0.0M
153420.000 1976 COM2 64 0R0 218 2.6 8.0 37.6 1.0088 0.00 0.0M
153480.000 1976 COM2 64 0R0 250 5.6 8.0 37.7 1.0089 0.00 0.0M
153540.000 1976 COM2 64 0R0 263 4.3 8.0 37.2 1.0088 0.00 0.0M
153600.000 1976 COM2 64 0R0 216 1.9 8.0 36.9 1.0088 0.00 0.0M
153660.000 1976 COM2 64 0R0 244 3.4 7.9 37.4 1.0089 0.00 0.0M
153720.000 1976 COM2 64 0R0 311 1.0 7.9 37.6 1.0088 0.00 0.0M
153780.000 1976 COM2 64 0R0 222 6.1 7.9 37.3 1.0088 0.00 0.0M
153840.000 1976 COM2 64 0R0 264 2.4 7.9 37.8 1.0088 0.00 0.0M
153900.000 1976 COM2 64 0R0 267 6.1 7.8 37.8 1.0088 0.00 0.0M
153960.000 1976 COM2 64 0R0 243 4.2 7.9 37.6 1.0087 0.00 0.0M
154020.000 1976 COM2 64 0R0 261 5.0 7.9 37.7 1.0087 0.00 0.0M
154080.000 1976 COM2 64 0R0 226 2.0 8.0 37.5 1.0088 0.00 0.0M
154140.000 1976 COM2 64 0R0 233 4.5 8.0 37.6 1.0088 0.00 0.0M
154200.000 1976 COM2 64 0R0 313 3.3 8.1 37.1 1.0088 0.00 0.0M
154260.000 1976 COM2 64 0R0 259 3.0 8.1 36.8 1.0088 0.00 0.0M
154320.000 1976 COM2 64 0R0 282 3.1 8.0 37.1 1.0088 0.00 0.0M
154380.000 1976 COM2 64 0R0 277 3.3 8.0 37.5 1.0088 0.00 0.0M
154440.000 1976 COM2 64 0R0 295 2.8 8.0 37.4 1.0088 0.00 0.0M
154500.000 1976 COM2 64 0R0 243 4.0 8.0 37.7 1.0088 0.00 0.0M
154560.000 1976 COM2 64 0R0 225 3.8 8.0 37.5 1.0088 0.00 0.0M
154620.000 1976 COM2 64 0R0 207 1.9 8.0 37.8 1.0089 0.00 0.0M
154680.000 1976 COM2 64 0R0 225 0.9 8.0 37.9 1.0088 0.00 0.0M
154740.000 1976 COM2 64 0R0 272 1.9 8.0 38.0 1.0089 0.00 0.0M
154800.000 1976 COM2 64 0R0 249 2.0 8.1 37.2 1.0089 0.00 0.0M
154860.000 1976 COM2 64 0R0 253 2.2 8.1 37.7 1.0088 0.00 0.0M
154920.000 1976 COM2 64 0R0 202 4.6 8.1 37.7 1.0089 0.00 0.0M
154980.000 1976 COM2 64 0R0 283 1.6 8.2 37.5 1.0089 0.00 0.0M
155040.000 1976 COM2 64 0R0 200 1.6 8.1 37.6 1.0089 0.00 0.0M
155100.000 1976 COM2 64 0R0 289 2.3 8.1 37.6 1.0089 0.00 0.0M
155160.000 1976 COM2 64 0R0 249 0.7 8.1 37.8 1.0090 0.00 0.0M
155220.000 1976 COM2 64 0R0 282 3.0 8.1 37.4 1.0090 0.00 0.0M
155280.000 1976 COM2 64 0R0 209 2.2 8.1 37.6 1.0091 0.00 0.0M
155340.000 1976 COM2 64 0R0 273 1.7 8.1 37.9 1.0091 0.00 0.0M
155400.000 1976 COM2 64 0R0 167 1.6 8.1 37.7 1.0091 0.00 0.0M
155460.000 1976 COM2 64 0R0 298 3.8 8.1 37.0 1.0090 0.00 0.0M
155520.000 1976 COM2 64 0R0 237 3.6 8.0 37.3 1.0091 0.00 0.0M
155580.000 1976 COM2 64 0R0 296 5.8 8.0 37.5 1.0090 0.00 0.0M
155640.000 1976 COM2 64 0R0 262 2.4 7.8 37.9 1.0090 0.00 0.0M
155700.000 1976 COM2 64 0R0 284 1.7 7.7 38.4 1.0091 0.00 0.0M
155760.000 1976 COM2 64 0R0 263 5.1 7.7 38.6 1.0091 0.00 0.0M
155820.000 1976 COM2 64 0R0 300 4.3 7.7 38.3 1.0090 0.00 0.0M
155880.000 1976 COM2 64 0R0 278 1.4 7.6 38.6 1.0090 0.00 0.0M
155940.000 1976 COM2 64 0R0 268 1.0 7.6 38.6 1.0089 0.00 0.0M
156000.000 1976 COM2 64 0R0 229 2.7 7.6 39.0 1.0091 0.00 0.0M
156060.000 1976 COM2 64 0R0 234 6.0 7.7 38.6 1.0088 0.00 0.0M
156120.000 1976 COM2 64 0R0 285 4.1 7.7 38.6 1.0091 0.00 0.0M
156180.000 1976 COM2 64 0R0 265 2.8 7.7 38.9 1.0092 0.00 0.0M
156240.000 1976 COM2 64 0R0 242 5.2 7.8 39.0 1.0091 0.00 0.0M
156300.000 1976 COM2 64 0R0 186 3.4 7.8 38.9 1.0092 0.00 0.0M
156360.000 1976 COM2 64 0R0 260 5.3 7.8 39.0 1.0092 0.00 0.0M
156420.000 1976 COM2 64 0R0 248 1.1 7.9 38.3 1.0093 0.00 0.0M
156480.000 1976 COM2 64 0R0 270 3.3 7.9 38.1 1.0093 0.00 0.0M
156540.000 1976 COM2 64 0R0 292 3.6 7.9 38.0 1.0093 0.00 0.0M
156600.000 1976 COM2 64 0R0 272 2.5 7.9 38.3 1.0093 0.00 0.0M
156660.000 1976 COM2 64 0R0 225 1.5 7.9 37.6 1.0093 0.00 0.0M
156720.000 1976 COM2 64 0R0 245 5.5 7.8 38.5 1.0093 0.00 0.0M
156780.000 1976 COM2 64 0R0 257 4.4 7.8 38.6 1.0091 0.00 0.0M
156840.000 1976 COM2 64 0R0 249 2.6 7.8 38.5 1.0092 0.00 0.0M
156900.000 1976 COM2 64 0R0 271 1.8 7.7 38.8 1.0093 0.00 0.0M
156960.000 1976 COM2 64 0R0 264 4.7 7.8 38.4 1.0093 0.00 0.0M
157020.000 1976 COM2 64 0R0 244 2.3 7.8 38.8 1.0093 0.00 0.0M
157080.000 1976 COM2 64 0R0 275 4.1 7.9 38.9 1.0094 0.00 0.0M
157140.000 1976 COM2 64 0R0 234 7.7 7.9 38.6 1.0094 0.00 0.0M
157200.000 1976 COM2 64 0R0 252 3.5 8.0 38.5 1.0094 0.00 0.0M
157260.000 1976 COM2 64 0R0 210 2.2 7.9 38.5 1.0093 0.00 0.0M
157320.000 1976 COM2 64 0R0 259 3.7 7.9 38.7 1.0094 0.00 0.0M
157380.000 1976 COM2 64 0R0 251 5.0 7.9 38.8 1.0094 0.00 0.0M
157440.000 1976 COM2 64 0R0 240 1.5 7.9 38.8 1.0094 0.00 0.0M
157500.000 1976 COM2 64 0R0 274 2.1 7.9 38.6 1.0094 0.00 0.0M
157560.000 1976 COM2 64 0R0 249 2.4 7.9 38.5 1.0094 0.00 0.0M
157620.000 1976 COM2 64 0R0 298 2.6 7.9 38.6 1.0095 0.00 0.0M
157680.000 1976 COM2 64 0R0 338 1.1 7.8 38.6 1.0095 0.00 0.0M
157740.000 1976 COM2 64 0R0 283 1.6 7.8 38.9 1.0095 0.00 0.0M
157800.000 1976 COM2 64 0R0 213 3.5 7.8 38.3 1.0095 0.00 0.0M
157860.000 1976 COM2 64 0R0 288 3.5 7.8 39.2 1.0095 0.00 0.0M
157920.000 1976 COM2 64 0R0 244 1.0 7.8 38.8 1.0095 0.00 0.0M
157980.000 1976 COM2 64 0R0 317 0.7 7.8 38.8 1.0095 0.00 0.0M
158040.000 1976 COM2 64 0R0 259 1.7 7.8 39.6 1.0095 0.00 0.0M
158100.000 1976 COM2 64 0R0 282 1.7 7.9 39.1 1.0095 0.00 0.0M
158160.000 1976 COM2 64 0R0 287 2.3 7.9 38.8 1.0095 0.00 0.0M
158220.000 1976 COM2 64 0R0 306 3.0 7.9 38.6 1.0095 0.00 0.0M
158280.000 1976 COM2 64 0R0 250 3.9 7.9 38.4 1.0095 0.00 0.0M
158340.000 1976 COM2 64 0R0 325 1.4 7.8 39.1 1.0095 0.00 0.0M
158400.000 1976 COM2 64 0R0 243 2.1 7.8 38.8 1.0095 0.00 0.0M
158460.000 1976 COM2 64 0R0 253 3.5 7.8 38.9 1.0095 0.00 0.0M
158520.000 1976 COM2 64 0R0 288 1.9 7.8 39.0 1.0096 0.00 0.0M
158580.000 1976 COM2 64 0R0 216 1.7 7.7 38.8 1.0095 0.00 0.0M
158640.000 1976 COM2 64 0R0 261 3.2 7.7 38.8 1.0096 0.00 0.0M
158700.000 1976 COM2 64 0R0 031 0.9 7.6 39.5 1.0097 0.00 0.0M
158760.000 1976 COM2 64 0R0 286 3.3 7.6 39.0 1.0097 0.00 0.0M
158820.000 1976 COM2 64 0R0 244 1.8 7.6 39.6 1.0098 0.00 0.0M
158880.000 1976 COM2 64 0R0 283 4.8 7.6 39.4 1.0098 0.00 0.0M
158940.000 1976 COM2 64 0R0 245 4.3 7.6 39.3 1.0099 0.00 0.0M
159000.000 1976 COM2 64 0R0 286 1.7 7.6 39.2 1.0099 0.00 0.0M
159060.000 1976 COM2 64 0R0 253 5.2 7.6 39.3 1.0099 0.00 0.0M
159120.000 1976 COM2 64 0R0 248 3.0 7.6 39.6 1.0098 0.00 0.0M
159180.000 1976 COM2 64 0R0 267 2.9 7.6 39.1 1.0098 0.00 0.0M
159240.000 1976 COM2 64 0R0 212 1.8 7.5 39.1 1.0098 0.00 0.0M
159300.000 1976 COM2 64 0R0 227 4.1 7.6 39.3 1.0098 0.00 0.0M
159360.000 1976 COM2 64 0R0 280 2.0 7.6 39.4 1.0097 0.00 0.0M
159420.000 1976 COM2 64 0R0 253 1.7 7.6 39.2 1.0097 0.00 0.0M
159480.000 1976 COM2 64 0R0 273 4.0 7.6 39.3 1.0097 0.00 0.0M
159540.000 1976 COM2 64 0R0 233 3.6 7.6 39.1 1.0097 0.00 0.0M
159600.000 1976 COM2 64 0R0 293 1.2 7.6 39.0 1.0097 0.00 0.0M
159660.000 1976 COM2 64 0R0 280 2.5 7.6 39.0 1.0097 0.00 0.0M
159720.000 1976 COM2 64 0R0 271 1.9 7.7 38.6 1.0098 0.00 0.0M
159780.000 1976 COM2 64 0R0 236 0.5 7.7 39.3 1.0099 0.00 0.0M
159840.000 1976 COM2 64 0R0 205 1.8 7.7 39.3 1.0098 0.00 0.0M
159900.000 1976 COM2 64 0R0 157 1.7 7.8 39.3 1.0098 0.00 0.0M
159960.000 1976 COM2 64 0R0 230 4.5 7.8 38.7 1.0098 0.00 0.0M
160020.000 1976 COM2 64 0R0 231 4.1 7.9 38.6 1.0099 0.00 0.0M
160080.000 1976 COM2 64 0R0 254 2.3 7.9 38.8 1.0099 0.00 0.0M
160140.000 1976 COM2 64 0R0 258 2.9 7.9 38.6 1.0099 0.00 0.0M
160200.000 1976 COM2 64 0R0 294 5.3 7.9 38.6 1.0099 0.00 0.0M
160260.000 1976 COM2 64 0R0 258 3.4 7.9 38.7 1.0099 0.00 0.0M
160320.000 1976 COM2 64 0R0 267 5.9 7.8 38.8 1.0099 0.00 0.0M
160380.000 1976 COM2 64 0R0 226 2.8 7.8 38.8 1.0098 0.00 0.0M
160440.000 1976 COM2 64 0R0 278 2.4 7.8 38.4 1.0099 0.00 0.0M
160500.000 1976 COM2 64 0R0 286 2.1 7.8 38.5 1.0099 0.00 0.0M
160560.000 1976 COM2 64 0R0 274 2.3 7.7 38.9 1.0099 0.00 0.0M
160620.000 1976 COM2 64 0R0 231 1.8 7.7 38.9 1.0099 0.00 0.0M
160680.000 1976 COM2 64 0R0 282 2.7 7.7 39.3 1.0099 0.00 0.0M
160740.000 1976 COM2 64 0R0 268 3.8 7.7 39.2 1.0099 0.00 0.0M
160800.000 1976 COM2 64 0R0 227 3.6 7.7 39.3 1.0100 0.00 0.0M
160860.000 1976 COM2 64 0R0 288 1.9 7.7 39.5 1.0100 0.00 0.0M
160920.000 1976 COM2 64 0R0 238 3.5 7.7 39.8 1.0100 0.00 0.0M
160980.000 1976 COM2 64 0R0 190 4.2 7.7 39.6 1.0100 0.00 0.0M
161040.000 1976 COM2 64 0R0 248 1.8 7.6 40.2 1.0101 0.00 0.0M
161100.000 1976 COM2 64 0R0 255 2.9 7.6 40.3 1.0101 0.00 0.0M
161160.000 1976 COM2 64 0R0 244 5.8 7.6 39.7 1.0100 0.00 0.0M
161220.000 1976 COM2 64 0R0 216 2.6 7.6 39.6 1.0101 0.00 0.0M
161280.000 1976 COM2 64 0R0 242 3.9 7.6 40.0 1.0101 0.00 0.0M
161340.000 1976 COM2 64 0R0 202 1.7 7.6 40.1 1.0101 0.00 0.0M
161400.000 1976 COM2 64 0R0 208 4.8 7.6 40.1 1.0101 0.00 0.0M
161460.000 1976 COM2 64 0R0 214 1.2 7.5 40.2 1.0101 0.00 0.0M
161520.000 1976 COM2 64 0R0 220 2.0 7.5 40.5 1.0102 0.00 0.0M
161580.000 1976 COM2 64 0R0 300 1.9 7.5 40.9 1.0102 0.00 0.0M
161640.000 1976 COM2 64 0R0 252 2.4 7.5 40.2 1.0102 0.00 0.0M
161700.000 1976 COM2 64 0R0 210 1.6 7.5 40.4 1.0102 0.00 0.0M
161760.100 1976 COM2 64 0R0 253 4.2 7.6 40.4 1.0102 0.00 0.0M
161820.000 1976 COM2 64 0R0 278 1.6 7.6 40.2 1.0103 0.00 0.0M
161880.000 1976 COM2 64 0R0 263 5.1 7.6 40.3 1.0103 0.00 0.0M
161940.000 1976 COM2 64 0R0 281 1.1 7.5 40.3 1.0102 0.00 0.0M
162000.000 1976 COM2 64 0R0 210 0.8 7.5 40.9 1.0103 0.00 0.0M
162060.000 1976 COM2 64 0R0 191 1.8 7.5 40.9 1.0103 0.00 0.0M
162120.000 1976 COM2 64 0R0 284 1.8 7.5 40.4 1.0103 0.00 0.0M
162180.000 1976 COM2 64 0R0 241 3.2 7.4 40.9 1.0102 0.00 0.0M
162240.000 1976 COM2 64 0R0 212 3.8 7.4 40.8 1.0103 0.00 0.0M
162300.000 1976 COM2 64 0R0 253 2.1 7.4 40.9 1.0103 0.00 0.0M
162360.000 1976 COM2 64 0R0 249 2.9 7.4 40.7 1.0103 0.00 0.0M
162420.000 1976 COM2 64 0R0 246 2.6 7.4 40.9 1.0103 0.00 0.0M
162480.000 1976 COM2 64 0R0 186 1.6 7.4 40.4 1.0103 0.00 0.0M
162540.000 1976 COM2 64 0R0 254 3.8 7.4 40.5 1.0102 0.00 0.0M
162600.000 1976 COM2 64 0R0 220 5.1 7.3 40.7 1.0104 0.00 0.0M
162660.000 1976 COM2 64 0R0 257 2.5 7.3 40.8 1.0104 0.00 0.0M
162720.000 1976 COM2 64 0R0 264 3.0 7.3 40.6 1.0104 0.00 0.0M
162780.000 1976 COM2 64 0R0 223 2.6 7.3 40.8 1.0104 0.00 0.0M
162840.000 1976 COM2 64 0R0 257 2.3 7.3 41.0 1.0104 0.00 0.0M
162900.000 1976 COM2 64 0R0 256 3.6 7.3 41.3 1.0104 0.00 0.0M
162960.000 1976 COM2 64 0R0 286 1.5 7.3 41.2 1.0104 0.00 0.0M
163020.000 1976 COM2 64 0R0 239 2.4 7.3 41.0 1.0104 0.00 0.0M
163080.000 1976 COM2 64 0R0 216 2.0 7.2 41.0 1.0104 0.00 0.0M
163140.000 1976 COM2 64 0R0 172 1.1 7.2 41.3 1.0103 0.00 0.0M
163200.000 1976 COM2 64 0R0 224 2.5 7.2 41.8 1.0103 0.00 0.0M
163260.000 1976 COM2 64 0R0 265 1.4 7.2 41.5 1.0103 0.00 0.0M
163320.000 1976 COM2 64 0R0 255 1.5 7.2 41.7 1.0104 0.00 0.0M
163380.000 1976 COM2 64 0R0 258 2.7 7.2 41.2 1.0104 0.00 0.0M
163440.000 1976 COM2 64 0R0 240 2.5 7.2 41.5 1.0104 0.00 0.0M
163500.000 1976 COM2 64 0R0 234 1.8 7.2 41.3 1.0103 0.00 0.0M
163560.000 1976 COM2 64 0R0 220 2.2 7.2 41.4 1.0104 0.00 0.0M
163620.000 1976 COM2 64 0R0 220 1.7 7.1 41.7 1.0104 0.00 0.0M
163680.000 1976 COM2 64 0R0 217 1.0 7.1 41.3 1.0103 0.00 0.0M
163740.000 1976 COM2 64 0R0 282 1.3 7.1 41.6 1.0103 0.00 0.0M
163800.000 1976 COM2 64 0R0 230 0.7 7.1 41.8 1.0104 0.00 0.0M
163860.000 1976 COM2 64 0R0 264 2.1 7.1 41.5 1.0103 0.00 0.0M
163920.000 1976 COM2 64 0R0 253 1.4 7.1 41.4 1.0104 0.00 0.0M
163980.000 1976 COM2 64 0R0 251 3.4 7.1 41.8 1.0104 0.00 0.0M
164040.000 1976 COM2 64 0R0 207 0.7 7.1 41.8 1.0104 0.00 0.0M
164100.000 1976 COM2 64 0R0 196 1.5 7.0 41.8 1.0104 0.00 0.0M
164160.000 1976 COM2 64 0R0 234 4.7 7.0 41.6 1.0103 0.00 0.0M
164220.000 1976 COM2 64 0R0 275 3.0 7.0 41.4 1.0103 0.00 0.0M
164280.000 1976 COM2 64 0R0 216 1.5 7.0 41.4 1.0103 0.00 0.0M
164340.000 1976 COM2 64 0R0 236 4.1 7.0 41.4 1.0103 0.00 0.0M
164400.000 1976 COM2 64 0R0 248 3.2 7.0 41.7 1.0104 0.00 0.0M
164460.000 1976 COM2 64 0R0 246 1.4 6.9 42.1 1.0104 0.00 0.0M
164520.000 1976 COM2 64 0R0 245 3.5 6.9 41.9 1.0104 0.00 0.0M
164580.000 1976 COM2 64 0R0 241 3.5 6.9 41.9 1.0103 0.00 0.0M
164640.000 1976 COM2 64 0R0 236 2.7 6.8 41.7 1.0104 0.00 0.0M
164700.000 1976 COM2 64 0R0 236 2.9 6.8 41.7 1.0104 0.00 0.0M
164760.000 1976 COM2 64 0R0 266 1.1 6.8 41.9 1.0104 0.00 0.0M
164820.000 1976 COM2 64 0R0 296 1.4 6.8 42.3 1.0104 0.00 0.0M
164880.000 1976 COM2 64 0R0 217 2.8 6.8 42.2 1.0104 0.00 0.0M
164940.000 1976 COM2 64 0R0 237 1.7 6.8 41.8 1.0104 0.00 0.0M
165000.000 1976 COM2 64 0R0 172 0.9 6.8 42.3 1.0104 0.00 0.0M
165060.000 1976 COM2 64 0R0 250 1.2 6.8 42.4 1.0105 0.00 0.0M
165120.000 1976 COM2 64 0R0 232 3.1 6.8 42.4 1.0104 0.00 0.0M
165180.000 1976 COM2 64 0R0 258 2.0 6.8 42.2 1.0104 0.00 0.0M
165240.000 1976 COM2 64 0R0 211 3.5 6.7 42.8 1.0104 0.00 0.0M
165300.000 1976 COM2 64 0R0 218 2.9 6.7 42.9 1.0104 0.00 0.0M
165360.000 1976 COM2 64 0R0 215 2.9 6.7 42.8 1.0104 0.00 0.0M
165420.000 1976 COM2 64 0R0 207 2.9 6.7 43.2 1.0105 0.00 0.0M
165480.000 1976 COM2 64 0R0 182 2.0 6.7 42.4 1.0105 0.00 0.0M
165540.000 1976 COM2 64 0R0 154 1.0 6.6 42.9 1.0105 0.00 0.0M
165600.000 1976 COM2 64 0R0 204 0.3 6.6 43.6 1.0105 0.00 0.0M
165660.000 1976 COM2 64 0R0 241 0.2 6.6 43.7 1.0105 0.00 0.0M
165720.000 1976 COM2 64 0R0 228 1.3 6.7 43.2 1.0105 0.00 0.0M
165780.000 1976 COM2 64 0R0 247 2.2 6.7 43.3 1.0105 0.00 0.0M
165840.000 1976 COM2 64 0R0 249 1.3 6.6 43.3 1.0105 0.00 0.0M
165900.000 1976 COM2 64 0R0 229 1.1 6.6 43.3 1.0105 0.00 0.0M
165960.000 1976 COM2 64 0R0 233 1.5 6.6 43.7 1.0105 0.00 0.0M
166020.000 1976 COM2 64 0R0 205 2.2 6.6 43.1 1.0105 0.00 0.0M
166080.000 1976 COM2 64 0R0 234 1.2 6.5 43.1 1.0105 0.00 0.0M
166140.000 1976 COM2 64 0R0 252 1.6 6.5 44.0 1.0105 0.00 0.0M
166200.000 1976 COM2 64 0R0 248 0.9 6.5 43.0 1.0105 0.00 0.0M
166260.000 1976 COM2 64 0R0 192 3.0 6.5 44.2 1.0105 0.00 0.0M
166320.000 1976 COM2 64 0R0 187 2.1 6.5 43.8 1.0106 0.00 0.0M
166380.000 1976 COM2 64 0R0 279 0.9 6.5 43.7 1.0106 0.00 0.0M
166440.000 1976 COM2 64 0R0 249 1.8 6.5 43.9 1.0106 0.00 0.0M
166500.000 1976 COM2 64 0R0 184 3.0 6.5 43.1 1.0106 0.00 0.0M
166560.000 1976 COM2 64 0R0 253 1.2 6.5 44.3 1.0107 0.00 0.0M
166620.000 1976 COM2 64 0R0 259 2.0 6.5 43.4 1.0106 0.00 0.0M
166680.000 1976 COM2 64 0R0 183 2.7 6.4 43.7 1.0106 0.00 0.0M
166740.000 1976 COM2 64 0R0 196 1.2 6.4 44.2 1.0107 0.00 0.0M
166800.000 1976 COM2 64 0R0 155 1.3 6.4 44.6 1.0106 0.00 0.0M
166860.000 1976 COM2 64 0R0 147 0.6 6.4 44.7 1.0106 0.00 0.0M
166920.000 1976 COM2 64 0R0 191 0.6 6.5 44.1 1.0107 0.00 0.0M
166980.000 1976 COM2 64 0R0 227 2.0 6.5 43.5 1.0107 0.00 0.0M
167040.000 1976 COM2 64 0R0 300 0.9 6.5 43.9 1.0107 0.00 0.0M
167100.000 1976 COM2 64 0R0 257 1.5 6.4 44.0 1.0107 0.00 0.0M
167160.000 1976 COM2 64 0R0 239 1.0 6.4 43.7 1.0107 0.00 0.0M
167220.000 1976 COM2 64 0R0 233 0.8 6.4 44.1 1.0107 0.00 0.0M
167280.000 1976 COM2 64 0R0 230 3.1 6.4 44.1 1.0107 0.00 0.0M
167340.000 1976 COM2 64 0R0 230 2.0 6.4 44.0 1.0106 0.00 0.0M
167400.000 1976 COM2 64 0R0 261 1.8 6.4 43.9 1.0106 0.00 0.0M
167460.000 1976 COM2 64 0R0 239 1.1 6.4 43.7 1.0106 0.00 0.0M
167520.000 1976 COM2 64 0R0 251 3.0 6.4 43.7 1.0106 0.00 0.0M
167580.000 1976 COM2 64 0R0 245 1.7 6.4 43.3 1.0106 0.00 0.0M
167640.000 1976 COM2 64 0R0 238 2.8 6.4 44.1 1.0106 0.00 0.0M
167700.000 1976 COM2 64 0R0 240 2.5 6.3 43.9 1.0107 0.00 0.0M
167760.000 1976 COM2 64 0R0 225 1.0 6.3 44.1 1.0107 0.00 0.0M
167820.000 1976 COM2 64 0R0 173 1.4 6.3 44.1 1.0107 0.00 0.0M
167880.000 1976 COM2 64 0R0 264 1.6 6.3 44.0 1.0107 0.00 0.0M
167940.000 1976 COM2 64 0R0 195 3.3 6.3 43.9 1.0108 0.00 0.0M
168000.000 1976 COM2 64 0R0 175 1.6 6.3 44.2 1.0108 0.00 0.0M
168060.000 1976 COM2 64 0R0 212 0.5 6.3 44.0 1.0108 0.00 0.0M
168120.000 1976 COM2 64 0R0 236 2.7 6.3 44.4 1.0108 0.00 0.0M
168180.000 1976 COM2 64 0R0 227 2.8 6.3 44.0 1.0107 0.00 0.0M
168240.000 1976 COM2 64 0R0 218 3.6 6.3 43.8 1.0108 0.00 0.0M
168300.000 1976 COM2 64 0R0 212 2.9 6.3 43.2 1.0108 0.00 0.0M
168360.000 1976 COM2 64 0R0 227 3.3 6.2 43.7 1.0107 0.00 0.0M
168420.000 1976 COM2 64 0R0 226 3.4 6.2 43.8 1.0108 0.00 0.0M
168480.000 1976 COM2 64 0R0 240 2.9 6.2 43.9 1.0108 0.00 0.0M
168540.000 1976 COM2 64 0R0 203 3.6 6.2 44.0 1.0108 0.00 0.0M
168600.000 1976 COM2 64 0R0 191 2.4 6.2 44.3 1.0108 0.00 0.0M
168660.000 1976 COM2 64 0R0 196 2.3 6.1 44.2 1.0108 0.00 0.0M
168720.000 1976 COM2 64 0R0 212 2.9 6.1 44.7 1.0109 0.00 0.0M
168780.000 1976 COM2 64 0R0 230 1.7 6.1 44.1 1.0109 0.00 0.0M
168840.000 1976 COM2 64 0R0 205 2.5 6.0 44.5 1.0109 0.00 0.0M
168900.000 1976 COM2 64 0R0 227 1.9 6.0 44.8 1.0109 0.00 0.0M
168960.000 1976 COM2 64 0R0 247 2.2 6.0 44.5 1.0109 0.00 0.0M
169020.000 1976 COM2 64 0R0 191 2.9 6.0 45.2 1.0109 0.00 0.0M
169080.000 1976 COM2 64 0R0 189 2.3 6.0 45.2 1.0109 0.00 0.0M
169140.000 1976 COM2 64 0R0 200 2.2 6.0 44.7 1.0109 0.00 0.0M
169200.000 1976 COM2 64 0R0 244 2.3 5.9 44.7 1.0109 0.00 0.0M
169260.000 1976 COM2 64 0R0 210 1.2 5.9 45.1 1.0109 0.00 0.0M
169320.000 1976 COM2 64 0R0 210 1.2 5.9 44.9 1.0109 0.00 0.0M
169380.000 1976 COM2 64 0R0 178 1.5 5.9 44.7 1.0109 0.00 0.0M
169440.000 1976 COM2 64 0R0 244 1.0 6.0 44.9 1.0109 0.00 0.0M
169500.000 1976 COM2 64 0R0 263 1.3 6.0 44.6 1.0109 0.00 0.0M
169560.000 1976 COM2 64 0R0 223 3.2 6.0 43.9 1.0109 0.00 0.0M
169620.000 1976 COM2 64 0R0 219 3.6 6.0 44.2 1.0109 0.00 0.0M
169680.000 1976 COM2 64 0R0 225 2.1 6.0 44.5 1.0109 0.00 0.0M
169740.000 1976 COM2 64 0R0 151 0.5 6.0 44.8 1.0110 0.00 0.0M
169800.000 1976 COM2 64 0R0 236 2.3 6.0 45.1 1.0110 0.00 0.0M
169860.000 1976 COM2 64 0R0 229 2.8 6.0 44.8 1.0109 0.00 0.0M
169920.000 1976 COM2 64 0R0 234 2.4 6.0 44.8 1.0110 0.00 0.0M
169980.000 1976 COM2 64 0R0 237 3.2 6.0 44.5 1.0110 0.00 0.0M
170040.000 1976 COM2 64 0R0 228 2.0 6.0 45.0 1.0109 0.00 0.0M
170100.000 1976 COM2 64 0R0 243 3.5 6.0 44.6 1.0110 0.00 0.0M
170160.000 1976 COM2 64 0R0 232 2.5 6.0 44.7 1.0110 0.00 0.0M
170220.000 1976 COM2 64 0R0 247 2.5 6.0 44.4 1.0110 0.00 0.0M
170280.000 1976 COM2 64 0R0 196 1.1 6.0 44.9 1.0109 0.00 0.0M
170340.000 1976 COM2 64 0R0 228 2.8 6.0 44.8 1.0110 0.00 0.0M
170400.000 1976 COM2 64 0R0 206 2.8 6.0 45.1 1.0110 0.00 0.0M
170460.000 1976 COM2 64 0R0 204 0.8 6.0 44.5 1.0110 0.00 0.0M
170520.000 1976 COM2 64 0R0 244 1.7 5.9 45.3 1.0110 0.00 0.0M
170580.000 1976 COM2 64 0R0 221 2.5 5.9 45.0 1.0110 0.00 0.0M
170640.000 1976 COM2 64 0R0 183 0.5 5.9 44.6 1.0110 0.00 0.0M
170700.000 1976 COM2 64 0R0 293 2.0 5.9 45.2 1.0110 0.00 0.0M
170760.000 1976 COM2 64 0R0 227 2.0 5.9 45.6 1.0110 0.00 0.0M
170820.000 1976 COM2 64 0R0 232 3.3 5.9 45.4 1.0109 0.00 0.0M
170880.000 1976 COM2 64 0R0 222 2.8 5.9 45.1 1.0109 0.00 0.0M
170940.000 1976 COM2 64 0R0 264 0.9 5.9 45.1 1.0110 0.00 0.0M
171000.000 1976 COM2 64 0R0 278 0.9 6.0 45.6 1.0110 0.00 0.0M
171060.000 1976 COM2 64 0R0 214 1.8 5.9 45.2 1.0110 0.00 0.0M
171120.000 1976 COM2 64 0R0 257 1.7 5.9 44.9 1.0110 0.00 0.0M
171180.000 1976 COM2 64 0R0 233 2.1 5.9 45.4 1.0110 0.00 0.0M
171240.000 1976 COM2 64 0R0 180 0.9 5.9 44.8 1.0110 0.00 0.0M
171300.000 1976 COM2 64 0R0 264 2.6 5.9 44.9 1.0110 0.00 0.0M
171360.000 1976 COM2 64 0R0 254 0.8 5.9 45.1 1.0110 0.00 0.0M
171420.000 1976 COM2 64 0R0 248 1.1 5.9 45.0 1.0110 0.00 0.0M
171480.000 1976 COM2 64 0R0 227 1.6 5.9 45.2 1.0111 0.00 0.0M
171540.000 1976 COM2 64 0R0 230 1.8 5.8 45.8 1.0111 0.00 0.0M
171600.000 1976 COM2 64 0R0 274 1.1 5.8 45.1 1.0110 0.00 0.0M
171660.000 1976 COM2 64 0R0 258 1.1 5.8 45.6 1.0110 0.00 0.0M
171720.000 1976 COM2 64 0R0 233 1.5 5.8 45.6 1.0110 0.00 0.0M
171780.000 1976 COM2 64 0R0 103 0.4 5.8 45.7 1.0110 0.00 0.0M
171840.000 1976 COM2 64 0R0 249 1.1 5.7 45.5 1.0110 0.00 0.0M
171900.000 1976 COM2 64 0R0 263 1.5 5.7 45.9 1.0110 0.00 0.0M
171960.000 1976 COM2 64 0R0 268 2.6 5.7 45.5 1.0110 0.00 0.0M
172020.000 1976 COM2 64 0R0 277 2.4 5.7 45.5 1.0110 0.00 0.0M
172080.000 1976 COM2 64 0R0 219 0.7 5.7 45.8 1.0110 0.00 0.0M
172140.000 1976 COM2 64 0R0 222 1.1 5.7 45.8 1.0110 0.00 0.0M
172200.000 1976 COM2 64 0R0 264 1.8 5.7 45.8 1.0110 0.00 0.0M
172260.000 1976 COM2 64 0R0 229 3.2 5.6 45.8 1.0110 0.00 0.0M
172320.000 1976 COM2 64 0R0 206 3.5 5.7 45.7 1.0110 0.00 0.0M
172380.000 1976 COM2 64 0R0 282 1.5 5.7 45.8 1.0110 0.00 0.0M
172440.000 1976 COM2 64 0R0 185 1.6 5.7 45.7 1.0111 0.00 0.0M
172500.000 1976 COM2 64 0R0 209 2.1 5.7 45.4 1.0111 0.00 0.0M
172560.000 1976 COM2 64 0R0 234 3.1 5.7 45.5 1.0111 0.00 0.0M
172620.000 1976 COM2 64 0R0 212 2.3 5.7 45.9 1.0111 0.00 0.0M
172680.100 1976 COM2 64 0R0 240 3.4 5.6 45.9 1.0111 0.00 0.0M
172740.000 1976 COM2 64 0R0 211 2.2 5.6 45.7 1.0111 0.00 0.0M
