TO [s] WNc [w] C StringLn ASCIIString
---------------------------------------
172800.000 1978 COM2 64 0R0 116 2.2 8.5 72.5 1.0201 0.00 0.0M
172860.000 1978 COM2 64 0R0 135 0.7 8.5 72.7 1.0201 0.00 0.0M
172920.000 1978 COM2 64 0R0 120 1.0 8.5 72.8 1.0201 0.00 0.0M
172980.000 1978 COM2 64 0R0 116 2.3 8.4 72.9 1.0201 0.00 0.0M
173040.000 1978 COM2 64 0R0 133 0.7 8.4 72.9 1.0201 0.00 0.0M
173100.000 1978 COM2 64 0R0 098 1.8 8.4 73.1 1.0201 0.00 0.0M
173160.000 1978 COM2 64 0R0 136 0.3 8.4 73.2 1.0201 0.00 0.0M
173220.000 1978 COM2 64 0R0 137 1.7 8.3 73.4 1.0201 0.00 0.0M
173280.000 1978 COM2 64 0R0 137 1.5 8.3 73.4 1.0202 0.00 0.0M
173340.000 1978 COM2 64 0R0 159 1.3 8.3 73.4 1.0202 0.00 0.0M
173400.000 1978 COM2 64 0R0 152 1.3 8.3 73.4 1.0203 0.00 0.0M
173460.000 1978 COM2 64 0R0 142 1.1 8.3 73.4 1.0203 0.00 0.0M
173520.000 1978 COM2 64 0R0 152 2.4 8.3 73.4 1.0203 0.00 0.0M
173580.000 1978 COM2 64 0R0 150 2.4 8.3 73.5 1.0203 0.00 0.0M
173640.000 1978 COM2 64 0R0 148 1.8 8.3 73.6 1.0203 0.00 0.0M
173700.000 1978 COM2 64 0R0 136 2.1 8.2 73.7 1.0203 0.00 0.0M
173760.000 1978 COM2 64 0R0 150 2.6 8.2 73.7 1.0203 0.00 0.0M
173820.000 1978 COM2 64 0R0 124 1.0 8.2 73.8 1.0203 0.00 0.0M
173880.100 1978 COM2 64 0R0 150 2.2 8.3 73.7 1.0203 0.00 0.0M
173940.000 1978 COM2 64 0R0 128 2.8 8.3 73.4 1.0203 0.00 0.0M
174000.000 1978 COM2 64 0R0 129 1.8 8.3 73.6 1.0202 0.00 0.0M
174060.000 1978 COM2 64 0R0 133 1.1 8.3 73.3 1.0202 0.00 0.0M
174120.000 1978 COM2 64 0R0 135 1.9 8.3 73.4 1.0202 0.00 0.0M
174180.100 1978 COM2 64 0R0 112 1.2 8.4 73.4 1.0202 0.00 0.0M
174240.000 1978 COM2 64 0R0 136 1.4 8.4 73.1 1.0202 0.00 0.0M
174300.000 1978 COM2 64 0R0 108 0.8 8.4 73.2 1.0202 0.00 0.0M
174360.100 1978 COM2 64 0R0 124 1.8 8.4 73.3 1.0202 0.00 0.0M
174420.000 1978 COM2 64 0R0 142 2.5 8.3 73.3 1.0202 0.00 0.0M
174480.000 1978 COM2 64 0R0 106 2.8 8.3 73.4 1.0202 0.00 0.0M
174540.000 1978 COM2 64 0R0 125 3.2 8.3 73.4 1.0202 0.00 0.0M
174600.000 1978 COM2 64 0R0 120 1.3 8.3 73.4 1.0202 0.00 0.0M
174660.000 1978 COM2 64 0R0 118 2.6 8.2 73.7 1.0202 0.00 0.0M
174720.000 1978 COM2 64 0R0 115 3.5 8.2 73.7 1.0202 0.00 0.0M
174780.000 1978 COM2 64 0R0 122 1.8 8.2 73.7 1.0202 0.00 0.0M
174840.000 1978 COM2 64 0R0 130 3.1 8.2 73.9 1.0202 0.00 0.0M
174900.000 1978 COM2 64 0R0 139 0.8 8.2 73.9 1.0202 0.00 0.0M
174960.000 1978 COM2 64 0R0 070 0.5 8.2 73.8 1.0202 0.00 0.0M
175020.000 1978 COM2 64 0R0 118 2.7 8.2 73.8 1.0203 0.00 0.0M
175080.000 1978 COM2 64 0R0 119 2.8 8.2 73.8 1.0202 0.00 0.0M
175140.000 1978 COM2 64 0R0 107 2.9 8.2 73.9 1.0203 0.00 0.0M
175200.000 1978 COM2 64 0R0 130 2.9 8.2 74.0 1.0203 0.00 0.0M
175260.000 1978 COM2 64 0R0 099 1.2 8.2 73.8 1.0203 0.00 0.0M
175320.000 1978 COM2 64 0R0 131 2.8 8.2 73.8 1.0203 0.00 0.0M
175380.000 1978 COM2 64 0R0 109 1.9 8.2 73.8 1.0203 0.00 0.0M
175440.000 1978 COM2 64 0R0 114 3.8 8.2 73.5 1.0203 0.00 0.0M
175500.000 1978 COM2 64 0R0 155 0.9 8.2 73.4 1.0202 0.00 0.0M
175560.000 1978 COM2 64 0R0 092 0.7 8.2 73.7 1.0203 0.00 0.0M
175620.000 1978 COM2 64 0R0 113 2.8 8.3 73.5 1.0203 0.00 0.0M
175680.000 1978 COM2 64 0R0 119 1.7 8.3 73.4 1.0203 0.00 0.0M
175740.000 1978 COM2 64 0R0 093 1.3 8.2 73.5 1.0203 0.00 0.0M
175800.000 1978 COM2 64 0R0 097 1.5 8.2 73.5 1.0203 0.00 0.0M
175860.000 1978 COM2 64 0R0 103 1.6 8.2 73.6 1.0203 0.00 0.0M
175920.000 1978 COM2 64 0R0 186 1.1 8.2 73.7 1.0203 0.00 0.0M
175980.000 1978 COM2 64 0R0 119 1.4 8.2 73.6 1.0203 0.00 0.0M
176040.000 1978 COM2 64 0R0 120 1.6 8.2 73.5 1.0203 0.00 0.0M
176100.000 1978 COM2 64 0R0 091 1.2 8.3 73.4 1.0203 0.00 0.0M
176160.000 1978 COM2 64 0R0 117 1.1 8.3 73.2 1.0203 0.00 0.0M
176220.000 1978 COM2 64 0R0 099 1.6 8.3 73.2 1.0203 0.00 0.0M
176280.000 1978 COM2 64 0R0 120 2.0 8.3 73.1 1.0203 0.00 0.0M
176340.000 1978 COM2 64 0R0 112 1.9 8.3 73.3 1.0203 0.00 0.0M
176400.000 1978 COM2 64 0R0 077 1.0 8.3 73.2 1.0203 0.00 0.0M
176460.000 1978 COM2 64 0R0 119 0.9 8.3 73.1 1.0202 0.00 0.0M
176520.000 1978 COM2 64 0R0 103 1.9 8.3 73.0 1.0202 0.00 0.0M
176580.000 1978 COM2 64 0R0 161 0.8 8.3 73.2 1.0202 0.00 0.0M
176640.100 1978 COM2 64 0R0 092 1.5 8.3 73.3 1.0201 0.00 0.0M
176700.000 1978 COM2 64 0R0 147 0.5 8.3 73.2 1.0202 0.00 0.0M
176760.000 1978 COM2 64 0R0 100 2.3 8.3 73.3 1.0202 0.00 0.0M
176820.000 1978 COM2 64 0R0 120 2.6 8.3 73.2 1.0202 0.00 0.0M
176880.000 1978 COM2 64 0R0 132 0.7 8.3 73.3 1.0202 0.00 0.0M
176940.000 1978 COM2 64 0R0 101 1.3 8.2 73.4 1.0202 0.00 0.0M
177000.000 1978 COM2 64 0R0 107 3.6 8.2 73.6 1.0202 0.00 0.0M
177060.000 1978 COM2 64 0R0 091 1.7 8.2 73.5 1.0202 0.00 0.0M
177120.000 1978 COM2 64 0R0 103 1.0 8.1 73.5 1.0202 0.00 0.0M
177180.000 1978 COM2 64 0R0 101 2.0 8.1 73.9 1.0202 0.00 0.0M
177240.000 1978 COM2 64 0R0 114 2.0 8.1 73.9 1.0202 0.00 0.0M
177300.000 1978 COM2 64 0R0 135 1.5 8.1 73.8 1.0202 0.00 0.0M
177360.000 1978 COM2 64 0R0 088 1.3 8.1 73.6 1.0202 0.00 0.0M
177420.100 1978 COM2 64 0R0 105 2.2 8.1 73.8 1.0203 0.00 0.0M
177480.000 1978 COM2 64 0R0 116 1.2 8.1 73.6 1.0203 0.00 0.0M
177540.000 1978 COM2 64 0R0 130 2.7 8.2 73.4 1.0203 0.00 0.0M
177600.000 1978 COM2 64 0R0 090 0.4 8.1 73.5 1.0203 0.00 0.0M
177660.000 1978 COM2 64 0R0 102 2.2 8.1 73.6 1.0203 0.00 0.0M
177720.100 1978 COM2 64 0R0 110 1.4 8.1 73.6 1.0203 0.00 0.0M
177780.000 1978 COM2 64 0R0 115 0.8 8.2 73.5 1.0203 0.00 0.0M
177840.000 1978 COM2 64 0R0 153 1.0 8.2 73.4 1.0203 0.00 0.0M
177900.000 1978 COM2 64 0R0 114 1.5 8.2 73.2 1.0203 0.00 0.0M
177960.100 1978 COM2 64 0R0 128 1.7 8.3 73.0 1.0203 0.00 0.0M
178020.000 1978 COM2 64 0R0 143 2.8 8.3 72.9 1.0203 0.00 0.0M
178080.000 1978 COM2 64 0R0 094 1.7 8.2 73.0 1.0203 0.00 0.0M
178140.000 1978 COM2 64 0R0 106 1.3 8.2 73.1 1.0203 0.00 0.0M
178200.000 1978 COM2 64 0R0 115 2.2 8.2 73.3 1.0203 0.00 0.0M
178260.000 1978 COM2 64 0R0 125 2.7 8.2 73.3 1.0203 0.00 0.0M
178320.000 1978 COM2 64 0R0 069 0.6 8.1 73.5 1.0203 0.00 0.0M
178380.000 1978 COM2 64 0R0 113 2.1 8.1 73.5 1.0203 0.00 0.0M
178440.000 1978 COM2 64 0R0 117 2.4 8.2 73.2 1.0202 0.00 0.0M
178500.000 1978 COM2 64 0R0 100 1.4 8.2 73.2 1.0202 0.00 0.0M
178560.000 1978 COM2 64 0R0 092 2.3 8.2 73.2 1.0202 0.00 0.0M
178620.000 1978 COM2 64 0R0 095 2.0 8.2 73.1 1.0202 0.00 0.0M
178680.000 1978 COM2 64 0R0 099 2.3 8.2 72.9 1.0202 0.00 0.0M
178740.000 1978 COM2 64 0R0 109 1.6 8.2 73.0 1.0202 0.00 0.0M
178800.000 1978 COM2 64 0R0 108 1.4 8.3 72.8 1.0202 0.00 0.0M
178860.000 1978 COM2 64 0R0 084 1.1 8.3 72.8 1.0203 0.00 0.0M
178920.000 1978 COM2 64 0R0 105 1.2 8.3 72.9 1.0203 0.00 0.0M
178980.000 1978 COM2 64 0R0 161 0.4 8.3 72.7 1.0203 0.00 0.0M
179040.000 1978 COM2 64 0R0 100 1.2 8.3 72.6 1.0204 0.00 0.0M
179100.000 1978 COM2 64 0R0 109 0.6 8.3 72.6 1.0204 0.00 0.0M
179160.000 1978 COM2 64 0R0 115 0.8 8.3 73.0 1.0204 0.00 0.0M
179220.000 1978 COM2 64 0R0 111 0.7 8.3 72.5 1.0205 0.00 0.0M
179280.000 1978 COM2 64 0R0 089 0.5 8.3 72.6 1.0205 0.00 0.0M
179340.000 1978 COM2 64 0R0 122 1.0 8.3 72.4 1.0205 0.00 0.0M
179400.200 1978 COM2 64 0R0 119 1.7 8.3 72.6 1.0205 0.00 0.0M
179460.000 1978 COM2 64 0R0 142 2.0 8.3 72.6 1.0205 0.00 0.0M
179520.000 1978 COM2 64 0R0 074 0.4 8.2 72.8 1.0205 0.00 0.0M
179580.000 1978 COM2 64 0R0 126 0.4 8.2 73.0 1.0205 0.00 0.0M
179640.000 1978 COM2 64 0R0 119 0.5 8.2 72.8 1.0205 0.00 0.0M
179700.000 1978 COM2 64 0R0 122 0.9 8.3 72.7 1.0205 0.00 0.0M
179760.000 1978 COM2 64 0R0 128 0.4 8.3 72.7 1.0205 0.00 0.0M
179820.000 1978 COM2 64 0R0 095 0.7 8.3 72.6 1.0205 0.00 0.0M
179880.000 1978 COM2 64 0R0 103 1.6 8.4 72.5 1.0205 0.00 0.0M
179940.000 1978 COM2 64 0R0 115 0.7 8.4 72.3 1.0205 0.00 0.0M
180000.000 1978 COM2 64 0R0 097 1.2 8.4 72.4 1.0205 0.00 0.0M
180060.000 1978 COM2 64 0R0 091 1.9 8.4 72.1 1.0205 0.00 0.0M
180120.000 1978 COM2 64 0R0 111 1.0 8.5 71.8 1.0205 0.00 0.0M
180180.000 1978 COM2 64 0R0 342 0.4 8.5 71.7 1.0205 0.00 0.0M
180240.000 1978 COM2 64 0R0 098 0.9 8.5 71.6 1.0205 0.00 0.0M
180300.000 1978 COM2 64 0R0 117 1.7 8.5 71.9 1.0205 0.00 0.0M
180360.000 1978 COM2 64 0R0 121 0.6 8.5 71.7 1.0205 0.00 0.0M
180420.000 1978 COM2 64 0R0 146 1.2 8.5 71.9 1.0205 0.00 0.0M
180480.000 1978 COM2 64 0R0 144 0.8 8.5 71.7 1.0205 0.00 0.0M
180540.000 1978 COM2 64 0R0 069 1.1 8.5 71.9 1.0205 0.00 0.0M
180600.000 1978 COM2 64 0R0 065 0.8 8.4 71.9 1.0205 0.00 0.0M
180660.000 1978 COM2 64 0R0 090 1.8 8.4 72.0 1.0205 0.00 0.0M
180720.000 1978 COM2 64 0R0 088 0.5 8.3 72.2 1.0205 0.00 0.0M
180780.000 1978 COM2 64 0R0 109 1.4 8.3 72.2 1.0205 0.00 0.0M
180840.000 1978 COM2 64 0R0 095 1.4 8.3 72.2 1.0205 0.00 0.0M
180900.000 1978 COM2 64 0R0 088 2.4 8.3 72.1 1.0205 0.00 0.0M
180960.000 1978 COM2 64 0R0 129 1.2 8.4 72.1 1.0205 0.00 0.0M
181020.000 1978 COM2 64 0R0 082 1.7 8.3 72.4 1.0204 0.00 0.0M
181080.000 1978 COM2 64 0R0 081 1.6 8.3 72.2 1.0204 0.00 0.0M
181140.000 1978 COM2 64 0R0 334 0.4 8.3 72.2 1.0204 0.00 0.0M
181200.100 1978 COM2 64 0R0 134 1.1 8.4 72.2 1.0204 0.00 0.0M
181260.000 1978 COM2 64 0R0 107 2.1 8.4 72.2 1.0204 0.00 0.0M
181320.000 1978 COM2 64 0R0 139 0.9 8.4 71.9 1.0204 0.00 0.0M
181380.000 1978 COM2 64 0R0 124 0.8 8.4 71.8 1.0204 0.00 0.0M
181440.000 1978 COM2 64 0R0 116 0.9 8.4 72.0 1.0203 0.00 0.0M
181500.000 1978 COM2 64 0R0 105 1.5 8.4 72.2 1.0203 0.00 0.0M
181560.000 1978 COM2 64 0R0 118 1.7 8.3 72.2 1.0204 0.00 0.0M
181620.000 1978 COM2 64 0R0 112 1.6 8.3 72.2 1.0203 0.00 0.0M
181680.000 1978 COM2 64 0R0 104 1.8 8.3 72.1 1.0203 0.00 0.0M
181740.000 1978 COM2 64 0R0 147 1.1 8.3 72.2 1.0203 0.00 0.0M
181800.000 1978 COM2 64 0R0 116 2.1 8.2 72.5 1.0203 0.00 0.0M
181860.000 1978 COM2 64 0R0 086 0.3 8.2 72.6 1.0203 0.00 0.0M
181920.000 1978 COM2 64 0R0 134 1.8 8.3 72.5 1.0203 0.00 0.0M
181980.000 1978 COM2 64 0R0 116 2.1 8.2 72.6 1.0203 0.00 0.0M
182040.000 1978 COM2 64 0R0 142 1.9 8.2 72.4 1.0203 0.00 0.0M
182100.000 1978 COM2 64 0R0 126 1.9 8.3 72.4 1.0203 0.00 0.0M
182160.000 1978 COM2 64 0R0 129 1.1 8.3 72.6 1.0203 0.00 0.0M
182220.000 1978 COM2 64 0R0 090 2.7 8.3 72.1 1.0202 0.00 0.0M
182280.000 1978 COM2 64 0R0 134 3.0 8.2 72.3 1.0202 0.00 0.0M
182340.000 1978 COM2 64 0R0 097 2.5 8.2 72.5 1.0202 0.00 0.0M
182400.000 1978 COM2 64 0R0 068 0.6 8.2 72.7 1.0202 0.00 0.0M
182460.000 1978 COM2 64 0R0 083 1.9 8.2 72.8 1.0202 0.00 0.0M
182520.000 1978 COM2 64 0R0 117 1.7 8.2 72.5 1.0202 0.00 0.0M
182580.000 1978 COM2 64 0R0 092 1.4 8.2 72.7 1.0202 0.00 0.0M
182640.000 1978 COM2 64 0R0 117 2.0 8.2 72.6 1.0203 0.00 0.0M
182700.000 1978 COM2 64 0R0 119 2.3 8.2 72.3 1.0203 0.00 0.0M
182760.000 1978 COM2 64 0R0 130 0.7 8.1 72.6 1.0203 0.00 0.0M
182820.000 1978 COM2 64 0R0 101 0.5 8.0 73.2 1.0203 0.00 0.0M
182880.000 1978 COM2 64 0R0 067 0.5 8.0 73.2 1.0203 0.00 0.0M
182940.000 1978 COM2 64 0R0 138 1.6 8.1 73.0 1.0203 0.00 0.0M
183000.000 1978 COM2 64 0R0 127 2.1 8.1 72.7 1.0202 0.00 0.0M
183060.000 1978 COM2 64 0R0 118 2.9 8.1 72.9 1.0203 0.00 0.0M
183120.000 1978 COM2 64 0R0 144 2.0 8.1 72.9 1.0202 0.00 0.0M
183180.000 1978 COM2 64 0R0 094 1.6 8.0 73.2 1.0202 0.00 0.0M
183240.000 1978 COM2 64 0R0 119 2.4 8.0 73.0 1.0203 0.00 0.0M
183300.000 1978 COM2 64 0R0 129 0.9 8.0 73.0 1.0202 0.00 0.0M
183360.000 1978 COM2 64 0R0 121 1.1 8.0 73.0 1.0202 0.00 0.0M
183420.000 1978 COM2 64 0R0 133 2.5 8.1 72.8 1.0203 0.00 0.0M
183480.000 1978 COM2 64 0R0 111 0.7 8.1 72.7 1.0203 0.00 0.0M
183540.000 1978 COM2 64 0R0 136 1.9 8.1 72.7 1.0203 0.00 0.0M
183600.000 1978 COM2 64 0R0 118 2.8 8.1 72.8 1.0203 0.00 0.0M
183660.000 1978 COM2 64 0R0 114 2.0 8.1 72.8 1.0203 0.00 0.0M
183720.000 1978 COM2 64 0R0 114 2.3 8.1 72.5 1.0203 0.00 0.0M
183780.000 1978 COM2 64 0R0 112 0.9 8.1 72.5 1.0202 0.00 0.0M
183840.000 1978 COM2 64 0R0 137 1.9 8.1 72.4 1.0202 0.00 0.0M
183900.000 1978 COM2 64 0R0 114 1.0 8.1 72.5 1.0202 0.00 0.0M
183960.000 1978 COM2 64 0R0 127 3.4 8.1 72.4 1.0202 0.00 0.0M
184020.000 1978 COM2 64 0R0 091 1.1 8.1 72.2 1.0201 0.00 0.0M
184080.000 1978 COM2 64 0R0 141 3.1 8.2 72.1 1.0202 0.00 0.0M
184140.000 1978 COM2 64 0R0 137 2.2 8.2 72.0 1.0201 0.00 0.0M
184200.000 1978 COM2 64 0R0 114 2.1 8.2 71.7 1.0201 0.00 0.0M
184260.000 1978 COM2 64 0R0 126 1.5 8.2 72.0 1.0201 0.00 0.0M
184320.000 1978 COM2 64 0R0 104 0.7 8.2 71.9 1.0202 0.00 0.0M
184380.000 1978 COM2 64 0R0 120 2.8 8.2 71.6 1.0201 0.00 0.0M
184440.000 1978 COM2 64 0R0 108 2.0 8.3 71.5 1.0201 0.00 0.0M
184500.000 1978 COM2 64 0R0 103 2.3 8.2 71.6 1.0201 0.00 0.0M
184560.000 1978 COM2 64 0R0 128 2.8 8.2 71.8 1.0201 0.00 0.0M
184620.000 1978 COM2 64 0R0 110 1.9 8.2 71.7 1.0201 0.00 0.0M
184680.000 1978 COM2 64 0R0 107 2.6 8.2 71.8 1.0201 0.00 0.0M
184740.000 1978 COM2 64 0R0 121 3.1 8.2 71.7 1.0201 0.00 0.0M
184800.000 1978 COM2 64 0R0 110 2.4 8.2 71.9 1.0201 0.00 0.0M
184860.000 1978 COM2 64 0R0 102 0.3 8.1 71.7 1.0201 0.00 0.0M
184920.000 1978 COM2 64 0R0 076 0.7 8.1 71.9 1.0201 0.00 0.0M
184980.000 1978 COM2 64 0R0 149 2.3 8.2 71.6 1.0201 0.00 0.0M
185040.000 1978 COM2 64 0R0 139 0.9 8.2 71.4 1.0201 0.00 0.0M
185100.000 1978 COM2 64 0R0 124 2.7 8.2 71.8 1.0201 0.00 0.0M
185160.000 1978 COM2 64 0R0 149 1.6 8.3 71.3 1.0201 0.00 0.0M
185220.000 1978 COM2 64 0R0 114 1.9 8.3 71.4 1.0201 0.00 0.0M
185280.000 1978 COM2 64 0R0 111 2.0 8.3 71.4 1.0201 0.00 0.0M
185340.000 1978 COM2 64 0R0 120 1.2 8.3 71.3 1.0201 0.00 0.0M
185400.000 1978 COM2 64 0R0 120 3.1 8.2 71.4 1.0200 0.00 0.0M
185460.000 1978 COM2 64 0R0 095 3.1 8.2 71.3 1.0200 0.00 0.0M
185520.000 1978 COM2 64 0R0 107 1.3 8.2 71.2 1.0200 0.00 0.0M
185580.000 1978 COM2 64 0R0 085 2.2 8.2 71.2 1.0200 0.00 0.0M
185640.000 1978 COM2 64 0R0 144 0.6 8.2 71.3 1.0199 0.00 0.0M
185700.000 1978 COM2 64 0R0 136 1.8 8.2 71.1 1.0199 0.00 0.0M
185760.000 1978 COM2 64 0R0 112 2.1 8.2 71.0 1.0199 0.00 0.0M
185820.000 1978 COM2 64 0R0 106 1.7 8.2 71.2 1.0199 0.00 0.0M
185880.000 1978 COM2 64 0R0 112 2.2 8.2 71.4 1.0199 0.00 0.0M
185940.000 1978 COM2 64 0R0 100 1.1 8.1 71.4 1.0199 0.00 0.0M
186000.000 1978 COM2 64 0R0 104 2.4 8.2 71.2 1.0199 0.00 0.0M
186060.000 1978 COM2 64 0R0 110 2.3 8.2 71.0 1.0200 0.00 0.0M
186120.000 1978 COM2 64 0R0 118 1.5 8.2 71.4 1.0200 0.00 0.0M
186180.000 1978 COM2 64 0R0 108 2.0 8.2 70.8 1.0200 0.00 0.0M
186240.000 1978 COM2 64 0R0 122 1.7 8.1 71.2 1.0200 0.00 0.0M
186300.100 1978 COM2 64 0R0 128 3.1 8.1 71.2 1.0200 0.00 0.0M
186360.000 1978 COM2 64 0R0 109 1.0 8.2 71.0 1.0200 0.00 0.0M
186420.000 1978 COM2 64 0R0 118 2.6 8.2 71.1 1.0200 0.00 0.0M
186480.000 1978 COM2 64 0R0 088 2.9 8.2 70.9 1.0200 0.00 0.0M
186540.000 1978 COM2 64 0R0 097 1.5 8.2 70.9 1.0200 0.00 0.0M
186600.000 1978 COM2 64 0R0 117 2.5 8.2 71.0 1.0199 0.00 0.0M
186660.000 1978 COM2 64 0R0 133 0.9 8.2 70.8 1.0200 0.00 0.0M
186720.000 1978 COM2 64 0R0 121 2.2 8.2 70.8 1.0199 0.00 0.0M
186780.000 1978 COM2 64 0R0 091 1.4 8.3 70.6 1.0199 0.00 0.0M
186840.000 1978 COM2 64 0R0 121 1.7 8.2 70.8 1.0198 0.00 0.0M
186900.000 1978 COM2 64 0R0 108 2.3 8.2 70.5 1.0198 0.00 0.0M
186960.100 1978 COM2 64 0R0 113 2.5 8.2 70.8 1.0198 0.00 0.0M
187020.000 1978 COM2 64 0R0 120 1.1 8.2 71.0 1.0197 0.00 0.0M
187080.000 1978 COM2 64 0R0 090 2.3 8.2 70.8 1.0197 0.00 0.0M
187140.000 1978 COM2 64 0R0 104 3.3 8.2 70.8 1.0197 0.00 0.0M
187200.000 1978 COM2 64 0R0 108 2.3 8.2 71.0 1.0197 0.00 0.0M
187260.000 1978 COM2 64 0R0 154 0.4 8.2 71.0 1.0197 0.00 0.0M
187320.000 1978 COM2 64 0R0 120 2.3 8.2 70.8 1.0197 0.00 0.0M
187380.000 1978 COM2 64 0R0 099 1.7 8.2 70.9 1.0197 0.00 0.0M
187440.100 1978 COM2 64 0R0 119 1.8 8.2 70.9 1.0197 0.00 0.0M
187500.000 1978 COM2 64 0R0 115 1.7 8.2 71.0 1.0197 0.00 0.0M
187560.000 1978 COM2 64 0R0 103 1.3 8.2 70.9 1.0197 0.00 0.0M
187620.000 1978 COM2 64 0R0 146 0.7 8.1 71.3 1.0197 0.00 0.0M
187680.000 1978 COM2 64 0R0 129 1.2 8.2 71.0 1.0197 0.00 0.0M
187740.000 1978 COM2 64 0R0 123 1.8 8.2 71.0 1.0197 0.00 0.0M
187800.000 1978 COM2 64 0R0 109 1.5 8.2 70.9 1.0197 0.00 0.0M
187860.000 1978 COM2 64 0R0 107 2.1 8.2 70.7 1.0196 0.00 0.0M
187920.000 1978 COM2 64 0R0 161 0.5 8.1 71.1 1.0196 0.00 0.0M
187980.000 1978 COM2 64 0R0 118 2.5 8.1 71.0 1.0197 0.00 0.0M
188040.000 1978 COM2 64 0R0 110 1.7 8.1 71.0 1.0197 0.00 0.0M
188100.000 1978 COM2 64 0R0 074 0.5 8.1 70.8 1.0197 0.00 0.0M
188160.000 1978 COM2 64 0R0 114 1.6 8.1 70.8 1.0196 0.00 0.0M
188220.000 1978 COM2 64 0R0 148 0.4 8.1 70.8 1.0196 0.00 0.0M
188280.000 1978 COM2 64 0R0 092 2.5 8.1 70.9 1.0196 0.00 0.0M
188340.000 1978 COM2 64 0R0 110 2.3 8.1 71.0 1.0196 0.00 0.0M
188400.000 1978 COM2 64 0R0 109 2.4 8.1 71.0 1.0196 0.00 0.0M
188460.000 1978 COM2 64 0R0 146 1.2 8.1 71.3 1.0196 0.00 0.0M
188520.000 1978 COM2 64 0R0 097 1.9 8.0 71.2 1.0195 0.00 0.0M
188580.000 1978 COM2 64 0R0 120 1.8 8.0 71.3 1.0195 0.00 0.0M
188640.000 1978 COM2 64 0R0 100 3.6 8.0 71.3 1.0194 0.00 0.0M
188700.000 1978 COM2 64 0R0 115 3.4 8.0 71.3 1.0194 0.00 0.0M
188760.000 1978 COM2 64 0R0 091 1.8 8.0 71.5 1.0194 0.00 0.0M
188820.000 1978 COM2 64 0R0 112 1.5 7.9 71.6 1.0194 0.00 0.0M
188880.000 1978 COM2 64 0R0 093 2.4 7.9 71.7 1.0194 0.00 0.0M
188940.000 1978 COM2 64 0R0 096 2.3 7.9 71.7 1.0194 0.00 0.0M
189000.000 1978 COM2 64 0R0 096 2.5 7.9 71.8 1.0193 0.00 0.0M
189060.000 1978 COM2 64 0R0 095 3.6 7.9 71.8 1.0193 0.00 0.0M
189120.000 1978 COM2 64 0R0 106 1.9 8.0 71.6 1.0193 0.00 0.0M
189180.000 1978 COM2 64 0R0 099 2.5 8.0 71.5 1.0193 0.00 0.0M
189240.000 1978 COM2 64 0R0 115 1.1 8.0 71.6 1.0193 0.00 0.0M
189300.000 1978 COM2 64 0R0 096 2.2 8.0 71.4 1.0193 0.00 0.0M
189360.000 1978 COM2 64 0R0 113 2.0 8.0 71.6 1.0193 0.00 0.0M
189420.000 1978 COM2 64 0R0 123 1.3 8.0 71.5 1.0193 0.00 0.0M
189480.000 1978 COM2 64 0R0 111 3.1 8.0 71.4 1.0193 0.00 0.0M
189540.000 1978 COM2 64 0R0 112 2.3 8.0 71.4 1.0193 0.00 0.0M
189600.000 1978 COM2 64 0R0 138 1.7 8.0 71.4 1.0193 0.00 0.0M
189660.000 1978 COM2 64 0R0 121 1.1 8.0 71.5 1.0193 0.00 0.0M
189720.000 1978 COM2 64 0R0 112 1.4 8.0 71.4 1.0193 0.00 0.0M
189780.000 1978 COM2 64 0R0 131 2.1 8.1 71.3 1.0193 0.00 0.0M
189840.000 1978 COM2 64 0R0 105 0.9 8.1 71.3 1.0193 0.00 0.0M
189900.000 1978 COM2 64 0R0 049 0.7 8.2 71.1 1.0193 0.00 0.0M
189960.000 1978 COM2 64 0R0 114 2.4 8.2 71.0 1.0193 0.00 0.0M
190020.000 1978 COM2 64 0R0 103 1.1 8.3 70.9 1.0193 0.00 0.0M
190080.000 1978 COM2 64 0R0 124 1.3 8.3 70.8 1.0193 0.00 0.0M
190140.000 1978 COM2 64 0R0 127 1.6 8.3 70.9 1.0193 0.00 0.0M
190200.000 1978 COM2 64 0R0 139 1.0 8.3 70.9 1.0193 0.00 0.0M
190260.000 1978 COM2 64 0R0 105 2.5 8.3 70.9 1.0193 0.00 0.0M
190320.000 1978 COM2 64 0R0 138 1.0 8.3 70.8 1.0193 0.00 0.0M
190380.000 1978 COM2 64 0R0 132 1.2 8.4 70.8 1.0193 0.00 0.0M
190440.000 1978 COM2 64 0R0 123 1.3 8.4 70.7 1.0193 0.00 0.0M
190500.000 1978 COM2 64 0R0 116 1.8 8.4 70.7 1.0193 0.00 0.0M
190560.000 1978 COM2 64 0R0 106 1.5 8.5 70.5 1.0193 0.00 0.0M
190620.000 1978 COM2 64 0R0 125 1.1 8.5 70.6 1.0193 0.00 0.0M
190680.000 1978 COM2 64 0R0 127 1.4 8.5 70.5 1.0192 0.00 0.0M
190740.000 1978 COM2 64 0R0 103 1.0 8.5 70.7 1.0192 0.00 0.0M
190800.000 1978 COM2 64 0R0 120 1.7 8.5 70.6 1.0192 0.00 0.0M
190860.000 1978 COM2 64 0R0 116 0.8 8.5 70.8 1.0192 0.00 0.0M
190920.000 1978 COM2 64 0R0 127 1.8 8.5 70.9 1.0192 0.00 0.0M
190980.000 1978 COM2 64 0R0 135 1.3 8.5 70.7 1.0192 0.00 0.0M
191040.000 1978 COM2 64 0R0 115 1.8 8.5 70.8 1.0192 0.00 0.0M
191100.000 1978 COM2 64 0R0 104 0.7 8.5 71.2 1.0192 0.00 0.0M
191160.000 1978 COM2 64 0R0 130 1.0 8.5 70.7 1.0192 0.00 0.0M
191220.000 1978 COM2 64 0R0 119 1.1 8.5 70.7 1.0192 0.00 0.0M
191280.100 1978 COM2 64 0R0 131 2.0 8.5 70.7 1.0191 0.00 0.0M
191340.000 1978 COM2 64 0R0 134 1.4 8.5 70.8 1.0191 0.00 0.0M
191400.000 1978 COM2 64 0R0 191 0.4 8.5 70.9 1.0191 0.00 0.0M
191460.000 1978 COM2 64 0R0 121 1.0 8.6 70.9 1.0191 0.00 0.0M
191520.000 1978 COM2 64 0R0 107 0.5 8.6 70.6 1.0190 0.00 0.0M
191580.000 1978 COM2 64 0R0 117 0.8 8.6 70.6 1.0190 0.00 0.0M
191640.000 1978 COM2 64 0R0 107 1.0 8.7 70.7 1.0190 0.00 0.0M
191700.000 1978 COM2 64 0R0 138 1.2 8.7 70.5 1.0190 0.00 0.0M
191760.000 1978 COM2 64 0R0 148 0.9 8.7 70.5 1.0189 0.00 0.0M
191820.000 1978 COM2 64 0R0 122 2.1 8.8 70.2 1.0189 0.00 0.0M
191880.000 1978 COM2 64 0R0 123 1.5 8.8 70.3 1.0189 0.00 0.0M
191940.000 1978 COM2 64 0R0 106 2.6 8.8 70.2 1.0188 0.00 0.0M
192000.000 1978 COM2 64 0R0 083 1.1 8.8 70.3 1.0188 0.00 0.0M
192060.000 1978 COM2 64 0R0 133 1.3 8.8 70.4 1.0187 0.00 0.0M
192120.000 1978 COM2 64 0R0 112 1.3 8.8 70.5 1.0187 0.00 0.0M
192180.000 1978 COM2 64 0R0 131 1.1 8.8 70.5 1.0187 0.00 0.0M
192240.000 1978 COM2 64 0R0 110 2.3 8.8 70.6 1.0186 0.00 0.0M
192300.000 1978 COM2 64 0R0 115 3.1 8.7 70.7 1.0186 0.00 0.0M
192360.000 1978 COM2 64 0R0 105 3.0 8.7 70.9 1.0186 0.00 0.0M
192420.000 1978 COM2 64 0R0 097 0.9 8.7 71.1 1.0187 0.00 0.0M
192480.000 1978 COM2 64 0R0 108 2.1 8.7 71.1 1.0187 0.00 0.0M
192540.000 1978 COM2 64 0R0 107 2.4 8.7 71.2 1.0187 0.00 0.0M
192600.000 1978 COM2 64 0R0 186 0.5 8.7 71.3 1.0187 0.00 0.0M
192660.000 1978 COM2 64 0R0 101 1.5 8.7 71.3 1.0187 0.00 0.0M
192720.000 1978 COM2 64 0R0 095 1.6 8.7 71.3 1.0187 0.00 0.0M
192780.000 1978 COM2 64 0R0 109 2.2 8.7 71.3 1.0187 0.00 0.0M
192840.000 1978 COM2 64 0R0 088 0.7 8.8 71.3 1.0188 0.00 0.0M
192900.000 1978 COM2 64 0R0 105 1.1 8.8 71.3 1.0188 0.00 0.0M
192960.000 1978 COM2 64 0R0 106 2.1 8.8 71.3 1.0188 0.00 0.0M
193020.000 1978 COM2 64 0R0 098 1.8 8.8 71.2 1.0188 0.00 0.0M
193080.000 1978 COM2 64 0R0 117 1.7 8.8 71.3 1.0188 0.00 0.0M
193140.000 1978 COM2 64 0R0 109 2.0 8.9 71.1 1.0188 0.00 0.0M
193200.000 1978 COM2 64 0R0 112 1.6 8.9 71.0 1.0188 0.00 0.0M
193260.000 1978 COM2 64 0R0 113 1.3 8.9 71.1 1.0188 0.00 0.0M
193320.000 1978 COM2 64 0R0 162 0.9 8.9 71.1 1.0188 0.00 0.0M
193380.000 1978 COM2 64 0R0 121 0.9 8.9 71.2 1.0188 0.00 0.0M
193440.000 1978 COM2 64 0R0 103 1.7 8.9 71.2 1.0188 0.00 0.0M
193500.000 1978 COM2 64 0R0 112 2.0 8.9 71.1 1.0187 0.00 0.0M
193560.000 1978 COM2 64 0R0 109 2.2 8.9 71.1 1.0188 0.00 0.0M
193620.000 1978 COM2 64 0R0 100 2.3 8.9 71.1 1.0188 0.00 0.0M
193680.000 1978 COM2 64 0R0 096 0.7 8.9 71.3 1.0188 0.00 0.0M
193740.000 1978 COM2 64 0R0 100 0.8 8.9 71.3 1.0188 0.00 0.0M
193800.000 1978 COM2 64 0R0 132 0.8 8.9 71.2 1.0188 0.00 0.0M
193860.000 1978 COM2 64 0R0 187 0.9 9.0 70.8 1.0188 0.00 0.0M
193920.000 1978 COM2 64 0R0 119 1.7 9.0 70.8 1.0188 0.00 0.0M
193980.000 1978 COM2 64 0R0 094 2.2 9.1 70.8 1.0187 0.00 0.0M
194040.000 1978 COM2 64 0R0 120 1.2 9.1 70.8 1.0187 0.00 0.0M
194100.000 1978 COM2 64 0R0 109 1.1 9.1 70.8 1.0187 0.00 0.0M
194160.000 1978 COM2 64 0R0 142 2.1 9.0 70.8 1.0187 0.00 0.0M
194220.000 1978 COM2 64 0R0 087 2.2 9.0 71.0 1.0187 0.00 0.0M
194280.000 1978 COM2 64 0R0 090 2.6 9.0 71.0 1.0187 0.00 0.0M
194340.000 1978 COM2 64 0R0 108 0.8 9.0 71.0 1.0186 0.00 0.0M
194400.000 1978 COM2 64 0R0 110 1.0 9.0 71.2 1.0186 0.00 0.0M
194460.000 1978 COM2 64 0R0 117 2.0 9.0 71.1 1.0186 0.00 0.0M
194520.000 1978 COM2 64 0R0 119 2.5 9.0 71.2 1.0185 0.00 0.0M
194580.000 1978 COM2 64 0R0 090 2.6 9.0 71.3 1.0185 0.00 0.0M
194640.000 1978 COM2 64 0R0 123 1.5 8.9 71.6 1.0185 0.00 0.0M
194700.000 1978 COM2 64 0R0 114 1.7 8.9 71.7 1.0185 0.00 0.0M
194760.000 1978 COM2 64 0R0 098 3.8 8.9 71.9 1.0184 0.00 0.0M
194820.000 1978 COM2 64 0R0 109 1.9 8.9 71.9 1.0184 0.00 0.0M
194880.000 1978 COM2 64 0R0 155 1.1 8.9 72.1 1.0184 0.00 0.0M
194940.000 1978 COM2 64 0R0 108 2.8 8.9 71.9 1.0184 0.00 0.0M
195000.000 1978 COM2 64 0R0 130 2.9 9.0 71.8 1.0184 0.00 0.0M
195060.000 1978 COM2 64 0R0 128 1.1 9.0 71.9 1.0184 0.00 0.0M
195120.000 1978 COM2 64 0R0 124 2.2 9.0 72.0 1.0184 0.00 0.0M
195180.000 1978 COM2 64 0R0 109 1.3 9.0 71.9 1.0184 0.00 0.0M
195240.000 1978 COM2 64 0R0 125 0.9 9.0 72.0 1.0184 0.00 0.0M
195300.000 1978 COM2 64 0R0 126 2.4 9.0 72.0 1.0183 0.00 0.0M
195360.000 1978 COM2 64 0R0 118 3.2 9.0 72.1 1.0183 0.00 0.0M
195420.000 1978 COM2 64 0R0 094 2.7 9.0 72.3 1.0183 0.00 0.0M
195480.000 1978 COM2 64 0R0 140 2.4 9.0 72.4 1.0183 0.00 0.0M
195540.000 1978 COM2 64 0R0 099 2.4 9.0 72.4 1.0182 0.00 0.0M
195600.000 1978 COM2 64 0R0 119 2.2 9.0 72.4 1.0183 0.00 0.0M
195660.000 1978 COM2 64 0R0 120 1.7 9.0 72.4 1.0183 0.00 0.0M
195720.000 1978 COM2 64 0R0 166 2.2 9.0 72.3 1.0183 0.00 0.0M
195780.000 1978 COM2 64 0R0 083 1.1 9.1 72.4 1.0184 0.00 0.0M
195840.100 1978 COM2 64 0R0 125 2.8 9.1 72.3 1.0184 0.00 0.0M
195900.000 1978 COM2 64 0R0 219 0.6 9.1 72.2 1.0184 0.00 0.0M
195960.000 1978 COM2 64 0R0 127 2.3 9.1 72.3 1.0184 0.00 0.0M
196020.000 1978 COM2 64 0R0 177 1.4 9.1 72.3 1.0184 0.00 0.0M
196080.000 1978 COM2 64 0R0 122 0.7 9.1 72.5 1.0185 0.00 0.0M
196140.000 1978 COM2 64 0R0 141 3.9 9.1 72.6 1.0185 0.00 0.0M
196200.000 1978 COM2 64 0R0 160 2.6 9.1 72.6 1.0185 0.00 0.0M
196260.000 1978 COM2 64 0R0 128 4.3 9.1 72.7 1.0185 0.00 0.0M
196320.000 1978 COM2 64 0R0 151 1.9 9.1 72.6 1.0185 0.00 0.0M
196380.000 1978 COM2 64 0R0 120 4.7 9.2 72.5 1.0185 0.00 0.0M
196440.000 1978 COM2 64 0R0 117 1.9 9.2 72.4 1.0184 0.00 0.0M
196500.000 1978 COM2 64 0R0 121 2.4 9.3 72.3 1.0184 0.00 0.0M
196560.000 1978 COM2 64 0R0 109 2.4 9.3 72.3 1.0184 0.00 0.0M
196620.000 1978 COM2 64 0R0 100 0.4 9.3 72.2 1.0184 0.00 0.0M
196680.000 1978 COM2 64 0R0 099 1.4 9.3 72.2 1.0184 0.00 0.0M
196740.000 1978 COM2 64 0R0 160 1.5 9.3 72.1 1.0184 0.00 0.0M
196800.000 1978 COM2 64 0R0 078 0.6 9.3 72.0 1.0184 0.00 0.0M
196860.000 1978 COM2 64 0R0 152 1.9 9.3 72.0 1.0184 0.00 0.0M
196920.000 1978 COM2 64 0R0 113 1.0 9.3 72.0 1.0183 0.00 0.0M
196980.000 1978 COM2 64 0R0 167 1.0 9.3 72.1 1.0183 0.00 0.0M
197040.000 1978 COM2 64 0R0 136 3.1 9.3 72.1 1.0183 0.00 0.0M
197100.000 1978 COM2 64 0R0 102 1.8 9.3 72.2 1.0183 0.00 0.0M
197160.000 1978 COM2 64 0R0 131 2.9 9.3 72.2 1.0182 0.00 0.0M
197220.000 1978 COM2 64 0R0 135 3.1 9.3 72.2 1.0182 0.00 0.0M
197280.100 1978 COM2 64 0R0 132 3.7 9.3 72.3 1.0182 0.00 0.0M
197340.100 1978 COM2 64 0R0 176 1.9 9.3 72.2 1.0182 0.00 0.0M
197400.000 1978 COM2 64 0R0 050 1.0 9.3 72.2 1.0182 0.00 0.0M
197460.000 1978 COM2 64 0R0 130 3.3 9.3 72.2 1.0182 0.00 0.0M
197520.000 1978 COM2 64 0R0 111 2.4 9.3 72.1 1.0182 0.00 0.0M
197580.000 1978 COM2 64 0R0 133 2.6 9.3 72.1 1.0182 0.00 0.0M
197640.000 1978 COM2 64 0R0 158 2.2 9.3 72.1 1.0182 0.00 0.0M
197700.000 1978 COM2 64 0R0 114 2.4 9.3 72.1 1.0182 0.00 0.0M
197760.000 1978 COM2 64 0R0 150 3.9 9.3 72.1 1.0182 0.00 0.0M
197820.000 1978 COM2 64 0R0 130 0.7 9.4 72.0 1.0182 0.00 0.0M
197880.000 1978 COM2 64 0R0 131 2.9 9.4 72.2 1.0181 0.00 0.0M
197940.000 1978 COM2 64 0R0 105 2.4 9.4 72.0 1.0181 0.00 0.0M
198000.000 1978 COM2 64 0R0 112 3.6 9.3 72.1 1.0180 0.00 0.0M
198060.000 1978 COM2 64 0R0 116 3.8 9.3 72.2 1.0180 0.00 0.0M
198120.000 1978 COM2 64 0R0 147 4.4 9.3 72.2 1.0180 0.00 0.0M
198180.000 1978 COM2 64 0R0 145 3.4 9.3 72.3 1.0181 0.00 0.0M
198240.000 1978 COM2 64 0R0 134 2.3 9.3 72.4 1.0181 0.00 0.0M
198300.000 1978 COM2 64 0R0 133 4.2 9.2 72.6 1.0181 0.00 0.0M
198360.000 1978 COM2 64 0R0 150 2.3 9.2 72.4 1.0180 0.00 0.0M
198420.000 1978 COM2 64 0R0 122 1.8 9.2 72.5 1.0181 0.00 0.0M
198480.000 1978 COM2 64 0R0 146 1.1 9.2 72.6 1.0181 0.00 0.0M
198540.000 1978 COM2 64 0R0 135 1.6 9.2 72.8 1.0181 0.00 0.0M
198600.000 1978 COM2 64 0R0 117 1.8 9.2 72.5 1.0181 0.00 0.0M
198660.000 1978 COM2 64 0R0 115 4.1 9.2 72.7 1.0181 0.00 0.0M
198720.000 1978 COM2 64 0R0 150 2.7 9.2 72.5 1.0181 0.00 0.0M
198780.000 1978 COM2 64 0R0 106 2.1 9.2 72.5 1.0182 0.00 0.0M
198840.000 1978 COM2 64 0R0 143 3.1 9.2 72.5 1.0181 0.00 0.0M
198900.000 1978 COM2 64 0R0 144 3.0 9.2 72.5 1.0181 0.00 0.0M
198960.000 1978 COM2 64 0R0 142 1.7 9.2 72.6 1.0181 0.00 0.0M
199020.000 1978 COM2 64 0R0 132 1.9 9.2 72.7 1.0181 0.00 0.0M
199080.000 1978 COM2 64 0R0 153 4.2 9.2 72.7 1.0181 0.00 0.0M
199140.000 1978 COM2 64 0R0 101 1.0 9.2 72.5 1.0181 0.00 0.0M
199200.000 1978 COM2 64 0R0 124 3.0 9.2 72.6 1.0181 0.00 0.0M
199260.000 1978 COM2 64 0R0 134 3.4 9.3 72.5 1.0181 0.00 0.0M
199320.000 1978 COM2 64 0R0 119 2.4 9.2 72.6 1.0181 0.00 0.0M
199380.000 1978 COM2 64 0R0 099 0.8 9.2 72.7 1.0181 0.00 0.0M
199440.000 1978 COM2 64 0R0 141 1.1 9.2 72.6 1.0181 0.00 0.0M
199500.000 1978 COM2 64 0R0 114 4.4 9.2 72.6 1.0180 0.00 0.0M
199560.000 1978 COM2 64 0R0 158 3.5 9.3 72.7 1.0180 0.00 0.0M
199620.000 1978 COM2 64 0R0 096 2.2 9.3 72.5 1.0180 0.00 0.0M
199680.000 1978 COM2 64 0R0 171 0.8 9.2 72.5 1.0179 0.00 0.0M
199740.000 1978 COM2 64 0R0 128 3.7 9.2 72.6 1.0180 0.00 0.0M
199800.000 1978 COM2 64 0R0 114 1.5 9.2 72.6 1.0180 0.00 0.0M
199860.000 1978 COM2 64 0R0 111 2.3 9.2 72.8 1.0179 0.00 0.0M
199920.000 1978 COM2 64 0R0 099 1.5 9.2 72.8 1.0179 0.00 0.0M
199980.000 1978 COM2 64 0R0 164 1.7 9.2 72.7 1.0178 0.00 0.0M
200040.000 1978 COM2 64 0R0 152 1.2 9.2 72.8 1.0178 0.00 0.0M
200100.000 1978 COM2 64 0R0 096 2.2 9.2 72.7 1.0178 0.00 0.0M
200160.000 1978 COM2 64 0R0 132 0.8 9.2 72.7 1.0178 0.00 0.0M
200220.000 1978 COM2 64 0R0 109 3.4 9.2 72.7 1.0178 0.00 0.0M
200280.000 1978 COM2 64 0R0 130 3.4 9.2 72.9 1.0177 0.00 0.0M
200340.000 1978 COM2 64 0R0 093 2.1 9.1 73.1 1.0177 0.00 0.0M
200400.000 1978 COM2 64 0R0 107 2.3 9.1 73.3 1.0177 0.00 0.0M
200460.000 1978 COM2 64 0R0 163 0.5 9.1 73.3 1.0177 0.00 0.0M
200520.000 1978 COM2 64 0R0 125 1.9 9.0 73.5 1.0177 0.00 0.0M
200580.000 1978 COM2 64 0R0 149 2.8 9.0 73.6 1.0177 0.00 0.0M
200640.000 1978 COM2 64 0R0 138 2.3 9.0 73.7 1.0177 0.00 0.0M
200700.000 1978 COM2 64 0R0 132 4.0 8.9 73.9 1.0177 0.00 0.0M
200760.000 1978 COM2 64 0R0 126 2.8 8.9 74.0 1.0177 0.00 0.0M
200820.000 1978 COM2 64 0R0 149 2.7 8.9 74.1 1.0177 0.00 0.0M
200880.000 1978 COM2 64 0R0 107 1.2 8.9 74.2 1.0177 0.00 0.0M
200940.000 1978 COM2 64 0R0 142 2.7 8.9 74.3 1.0177 0.00 0.0M
201000.000 1978 COM2 64 0R0 133 0.8 8.9 74.2 1.0177 0.00 0.0M
201060.000 1978 COM2 64 0R0 116 2.2 8.9 74.2 1.0177 0.00 0.0M
201120.000 1978 COM2 64 0R0 150 2.4 8.9 74.1 1.0177 0.00 0.0M
201180.000 1978 COM2 64 0R0 122 1.8 8.9 74.2 1.0177 0.00 0.0M
201240.000 1978 COM2 64 0R0 139 3.1 8.9 74.2 1.0177 0.00 0.0M
201300.000 1978 COM2 64 0R0 129 1.9 8.9 74.3 1.0177 0.00 0.0M
201360.000 1978 COM2 64 0R0 167 2.9 8.9 74.5 1.0177 0.00 0.0M
201420.000 1978 COM2 64 0R0 123 3.8 8.9 74.5 1.0177 0.00 0.0M
201480.000 1978 COM2 64 0R0 158 2.3 8.9 74.6 1.0177 0.00 0.0M
201540.000 1978 COM2 64 0R0 143 2.0 8.9 74.6 1.0177 0.00 0.0M
201600.000 1978 COM2 64 0R0 130 3.8 8.9 74.7 1.0177 0.00 0.0M
201660.000 1978 COM2 64 0R0 116 2.8 8.8 74.8 1.0177 0.00 0.0M
201720.000 1978 COM2 64 0R0 135 2.4 8.8 74.8 1.0176 0.00 0.0M
201780.000 1978 COM2 64 0R0 111 1.5 8.8 74.7 1.0176 0.00 0.0M
201840.000 1978 COM2 64 0R0 121 1.8 8.8 74.9 1.0176 0.00 0.0M
201900.000 1978 COM2 64 0R0 119 0.9 8.8 75.0 1.0176 0.00 0.0M
201960.000 1978 COM2 64 0R0 148 1.1 8.8 75.0 1.0176 0.00 0.0M
202020.000 1978 COM2 64 0R0 123 3.0 8.8 75.1 1.0176 0.00 0.0M
202080.000 1978 COM2 64 0R0 125 2.3 8.8 75.1 1.0176 0.00 0.0M
202140.000 1978 COM2 64 0R0 149 1.2 8.8 75.2 1.0176 0.00 0.0M
202200.000 1978 COM2 64 0R0 162 2.0 8.7 75.3 1.0176 0.00 0.0M
202260.000 1978 COM2 64 0R0 138 0.7 8.7 75.3 1.0176 0.00 0.0M
202320.000 1978 COM2 64 0R0 178 1.9 8.7 75.6 1.0176 0.00 0.0M
202380.000 1978 COM2 64 0R0 159 2.7 8.7 75.7 1.0176 0.00 0.0M
202440.000 1978 COM2 64 0R0 120 1.3 8.7 75.5 1.0176 0.00 0.0M
202500.000 1978 COM2 64 0R0 147 1.5 8.7 75.5 1.0175 0.00 0.0M
202560.000 1978 COM2 64 0R0 138 0.7 8.7 75.5 1.0175 0.00 0.0M
202620.000 1978 COM2 64 0R0 158 2.2 8.7 75.4 1.0175 0.00 0.0M
202680.000 1978 COM2 64 0R0 125 1.0 8.7 75.5 1.0175 0.00 0.0M
202740.000 1978 COM2 64 0R0 132 1.7 8.7 75.5 1.0174 0.00 0.0M
202800.000 1978 COM2 64 0R0 128 1.4 8.7 75.5 1.0174 0.00 0.0M
202860.000 1978 COM2 64 0R0 122 1.6 8.7 75.5 1.0173 0.00 0.0M
202920.000 1978 COM2 64 0R0 146 1.1 8.8 75.4 1.0173 0.00 0.0M
202980.000 1978 COM2 64 0R0 124 2.5 8.8 75.4 1.0173 0.00 0.0M
203040.000 1978 COM2 64 0R0 169 1.3 8.8 75.4 1.0172 0.00 0.0M
203100.000 1978 COM2 64 0R0 134 1.4 8.8 75.4 1.0172 0.00 0.0M
203160.000 1978 COM2 64 0R0 105 1.9 8.7 75.5 1.0172 0.00 0.0M
203220.000 1978 COM2 64 0R0 120 2.0 8.7 75.5 1.0172 0.00 0.0M
203280.000 1978 COM2 64 0R0 174 1.5 8.7 75.8 1.0171 0.00 0.0M
203340.000 1978 COM2 64 0R0 145 3.4 8.7 75.8 1.0171 0.00 0.0M
203400.000 1978 COM2 64 0R0 112 1.9 8.7 75.7 1.0171 0.00 0.0M
203460.000 1978 COM2 64 0R0 122 2.4 8.7 75.9 1.0171 0.00 0.0M
203520.000 1978 COM2 64 0R0 132 1.6 8.7 75.8 1.0171 0.00 0.0M
203580.000 1978 COM2 64 0R0 149 2.8 8.7 75.8 1.0171 0.00 0.0M
203640.000 1978 COM2 64 0R0 142 0.9 8.7 75.9 1.0170 0.00 0.0M
203700.000 1978 COM2 64 0R0 126 1.3 8.7 75.9 1.0170 0.00 0.0M
203760.000 1978 COM2 64 0R0 133 1.7 8.7 75.8 1.0170 0.00 0.0M
203820.000 1978 COM2 64 0R0 123 1.0 8.7 75.7 1.0170 0.00 0.0M
203880.000 1978 COM2 64 0R0 133 1.8 8.7 75.8 1.0169 0.00 0.0M
203940.000 1978 COM2 64 0R0 130 1.4 8.7 75.6 1.0169 0.00 0.0M
204000.000 1978 COM2 64 0R0 147 2.8 8.7 75.9 1.0169 0.00 0.0M
204060.000 1978 COM2 64 0R0 135 0.7 8.7 75.9 1.0168 0.00 0.0M
204120.000 1978 COM2 64 0R0 111 1.3 8.7 76.1 1.0168 0.00 0.0M
204180.000 1978 COM2 64 0R0 160 1.9 8.7 75.9 1.0168 0.00 0.0M
204240.000 1978 COM2 64 0R0 130 1.1 8.7 75.9 1.0168 0.00 0.0M
204300.000 1978 COM2 64 0R0 127 2.2 8.7 76.0 1.0168 0.00 0.0M
204360.000 1978 COM2 64 0R0 109 0.9 8.7 75.9 1.0168 0.00 0.0M
204420.000 1978 COM2 64 0R0 102 0.9 8.7 76.1 1.0167 0.00 0.0M
204480.000 1978 COM2 64 0R0 138 0.8 8.7 76.0 1.0167 0.00 0.0M
204540.000 1978 COM2 64 0R0 126 1.7 8.8 75.9 1.0167 0.00 0.0M
204600.000 1978 COM2 64 0R0 121 1.3 8.8 75.9 1.0167 0.00 0.0M
204660.000 1978 COM2 64 0R0 165 0.5 8.8 75.9 1.0167 0.00 0.0M
204720.000 1978 COM2 64 0R0 129 1.2 8.8 75.8 1.0167 0.00 0.0M
204780.000 1978 COM2 64 0R0 121 3.0 8.8 75.9 1.0167 0.00 0.0M
204840.000 1978 COM2 64 0R0 107 2.2 8.8 76.0 1.0167 0.00 0.0M
204900.000 1978 COM2 64 0R0 138 1.6 8.8 76.0 1.0167 0.00 0.0M
204960.000 1978 COM2 64 0R0 074 0.4 8.7 76.2 1.0167 0.00 0.0M
205020.000 1978 COM2 64 0R0 117 1.8 8.7 76.2 1.0167 0.00 0.0M
205080.000 1978 COM2 64 0R0 125 1.2 8.7 76.2 1.0167 0.00 0.0M
205140.000 1978 COM2 64 0R0 169 2.4 8.7 76.2 1.0167 0.00 0.0M
205200.000 1978 COM2 64 0R0 086 0.5 8.7 76.2 1.0167 0.00 0.0M
205260.000 1978 COM2 64 0R0 123 1.0 8.7 76.2 1.0167 0.00 0.0M
205320.000 1978 COM2 64 0R0 150 1.9 8.8 76.1 1.0167 0.00 0.0M
205380.000 1978 COM2 64 0R0 128 0.8 8.8 76.1 1.0167 0.00 0.0M
205440.000 1978 COM2 64 0R0 077 1.0 8.8 75.8 1.0167 0.00 0.0M
205500.000 1978 COM2 64 0R0 124 0.6 8.8 75.9 1.0168 0.00 0.0M
205560.000 1978 COM2 64 0R0 123 1.2 8.8 75.8 1.0168 0.00 0.0M
205620.100 1978 COM2 64 0R0 124 1.5 8.9 75.9 1.0167 0.00 0.0M
205680.000 1978 COM2 64 0R0 115 0.7 8.9 75.9 1.0167 0.00 0.0M
205740.000 1978 COM2 64 0R0 110 1.4 8.9 75.8 1.0167 0.00 0.0M
205800.000 1978 COM2 64 0R0 120 2.2 8.9 75.8 1.0167 0.00 0.0M
205860.000 1978 COM2 64 0R0 115 2.3 8.9 75.9 1.0167 0.00 0.0M
205920.000 1978 COM2 64 0R0 121 1.3 8.9 76.0 1.0166 0.00 0.0M
205980.000 1978 COM2 64 0R0 136 1.2 8.8 76.1 1.0167 0.00 0.0M
206040.000 1978 COM2 64 0R0 133 1.7 8.8 76.0 1.0167 0.00 0.0M
206100.000 1978 COM2 64 0R0 140 1.9 8.9 76.1 1.0166 0.00 0.0M
206160.000 1978 COM2 64 0R0 105 1.1 8.8 76.2 1.0166 0.00 0.0M
206220.000 1978 COM2 64 0R0 156 2.3 8.8 76.0 1.0166 0.00 0.0M
206280.000 1978 COM2 64 0R0 135 3.4 8.9 76.0 1.0166 0.00 0.0M
206340.000 1978 COM2 64 0R0 138 1.6 8.9 76.3 1.0166 0.00 0.0M
206400.000 1978 COM2 64 0R0 111 1.7 8.9 76.3 1.0165 0.00 0.0M
206460.000 1978 COM2 64 0R0 139 2.8 8.9 76.4 1.0165 0.00 0.0M
206520.000 1978 COM2 64 0R0 122 2.8 8.9 76.3 1.0164 0.00 0.0M
206580.000 1978 COM2 64 0R0 089 0.9 8.9 76.6 1.0164 0.00 0.0M
206640.000 1978 COM2 64 0R0 116 3.6 8.9 76.4 1.0164 0.00 0.0M
206700.000 1978 COM2 64 0R0 090 1.1 8.9 76.5 1.0164 0.00 0.0M
206760.000 1978 COM2 64 0R0 141 0.9 8.9 76.4 1.0164 0.00 0.0M
206820.000 1978 COM2 64 0R0 102 1.6 8.9 76.3 1.0163 0.00 0.0M
206880.000 1978 COM2 64 0R0 111 2.4 8.9 76.4 1.0163 0.00 0.0M
206940.000 1978 COM2 64 0R0 125 1.8 8.9 76.5 1.0163 0.00 0.0M
207000.100 1978 COM2 64 0R0 152 2.1 8.9 76.5 1.0163 0.00 0.0M
207060.000 1978 COM2 64 0R0 126 4.2 8.9 76.6 1.0163 0.00 0.0M
207120.000 1978 COM2 64 0R0 131 0.9 8.9 76.8 1.0163 0.00 0.0M
207180.000 1978 COM2 64 0R0 155 1.3 8.9 76.8 1.0163 0.00 0.0M
207240.000 1978 COM2 64 0R0 158 1.6 8.9 76.8 1.0163 0.00 0.0M
207300.000 1978 COM2 64 0R0 122 3.4 8.9 76.7 1.0163 0.00 0.0M
207360.000 1978 COM2 64 0R0 136 3.2 8.9 76.9 1.0162 0.00 0.0M
207420.000 1978 COM2 64 0R0 130 1.4 8.9 77.0 1.0162 0.00 0.0M
207480.000 1978 COM2 64 0R0 099 0.8 8.9 77.0 1.0162 0.00 0.0M
207540.000 1978 COM2 64 0R0 123 2.9 8.9 76.9 1.0162 0.00 0.0M
207600.000 1978 COM2 64 0R0 134 2.4 8.9 76.9 1.0162 0.00 0.0M
207660.000 1978 COM2 64 0R0 115 3.0 8.9 77.0 1.0162 0.00 0.0M
207720.000 1978 COM2 64 0R0 130 2.7 8.9 77.1 1.0162 0.00 0.0M
207780.000 1978 COM2 64 0R0 142 0.8 8.9 77.1 1.0162 0.00 0.0M
207840.000 1978 COM2 64 0R0 136 2.2 8.9 76.9 1.0162 0.00 0.0M
207900.000 1978 COM2 64 0R0 105 1.6 8.9 76.8 1.0162 0.00 0.0M
207960.000 1978 COM2 64 0R0 110 3.2 9.0 76.8 1.0162 0.00 0.0M
208020.000 1978 COM2 64 0R0 132 2.0 9.0 77.3 1.0161 0.00 0.0M
208080.000 1978 COM2 64 0R0 120 1.5 9.0 77.2 1.0160 0.00 0.0M
208140.000 1978 COM2 64 0R0 143 2.8 9.0 77.2 1.0160 0.00 0.0M
208200.000 1978 COM2 64 0R0 115 4.9 9.0 77.1 1.0159 0.00 0.0M
208260.000 1978 COM2 64 0R0 120 3.9 9.0 77.1 1.0158 0.00 0.0M
208320.000 1978 COM2 64 0R0 137 0.9 9.0 77.0 1.0158 0.00 0.0M
208380.000 1978 COM2 64 0R0 115 2.9 9.0 77.1 1.0157 0.00 0.0M
208440.000 1978 COM2 64 0R0 107 4.1 9.0 77.3 1.0156 0.00 0.0M
208500.000 1978 COM2 64 0R0 114 3.3 9.0 77.3 1.0156 0.00 0.0M
208560.000 1978 COM2 64 0R0 105 1.1 9.0 77.2 1.0157 0.00 0.0M
208620.000 1978 COM2 64 0R0 100 2.4 9.0 77.3 1.0157 0.00 0.0M
208680.000 1978 COM2 64 0R0 131 2.0 9.1 77.2 1.0157 0.00 0.0M
208740.000 1978 COM2 64 0R0 147 0.7 9.1 77.3 1.0157 0.00 0.0M
208800.000 1978 COM2 64 0R0 112 1.8 9.1 77.1 1.0156 0.00 0.0M
208860.000 1978 COM2 64 0R0 129 2.6 9.0 77.2 1.0156 0.00 0.0M
208920.000 1978 COM2 64 0R0 149 0.6 9.0 77.5 1.0156 0.00 0.0M
208980.000 1978 COM2 64 0R0 117 1.5 9.0 77.3 1.0155 0.00 0.0M
209040.000 1978 COM2 64 0R0 118 3.2 9.0 77.4 1.0155 0.00 0.0M
209100.000 1978 COM2 64 0R0 118 1.6 9.1 77.7 1.0155 0.00 0.0M
209160.000 1978 COM2 64 0R0 119 1.5 9.1 77.8 1.0155 0.00 0.0M
209220.000 1978 COM2 64 0R0 123 3.2 9.1 77.7 1.0155 0.00 0.0M
209280.000 1978 COM2 64 0R0 108 0.7 9.2 77.4 1.0155 0.00 0.0M
209340.000 1978 COM2 64 0R0 093 2.3 9.2 77.4 1.0155 0.00 0.0M
209400.000 1978 COM2 64 0R0 118 3.3 9.2 77.4 1.0156 0.00 0.0M
209460.000 1978 COM2 64 0R0 119 2.1 9.2 77.4 1.0156 0.00 0.0M
209520.000 1978 COM2 64 0R0 221 1.0 9.2 77.4 1.0156 0.00 0.0M
209580.000 1978 COM2 64 0R0 126 3.7 9.3 77.2 1.0156 0.00 0.0M
209640.000 1978 COM2 64 0R0 097 1.8 9.3 77.2 1.0156 0.00 0.0M
209700.000 1978 COM2 64 0R0 142 0.6 9.3 77.1 1.0156 0.00 0.0M
209760.000 1978 COM2 64 0R0 130 3.5 9.4 77.1 1.0156 0.00 0.0M
209820.000 1978 COM2 64 0R0 131 2.2 9.4 77.4 1.0156 0.00 0.0M
209880.000 1978 COM2 64 0R0 124 2.9 9.4 77.2 1.0156 0.00 0.0M
209940.000 1978 COM2 64 0R0 145 3.3 9.4 77.4 1.0156 0.00 0.0M
210000.000 1978 COM2 64 0R0 100 0.9 9.4 77.2 1.0156 0.00 0.0M
210060.000 1978 COM2 64 0R0 165 2.5 9.5 77.2 1.0156 0.00 0.0M
210120.000 1978 COM2 64 0R0 071 0.6 9.5 77.1 1.0156 0.00 0.0M
210180.000 1978 COM2 64 0R0 131 2.5 9.5 77.0 1.0156 0.00 0.0M
210240.000 1978 COM2 64 0R0 164 2.2 9.5 77.1 1.0156 0.00 0.0M
210300.000 1978 COM2 64 0R0 135 2.5 9.5 77.0 1.0156 0.00 0.0M
210360.000 1978 COM2 64 0R0 130 1.4 9.5 77.4 1.0156 0.00 0.0M
210420.000 1978 COM2 64 0R0 152 1.8 9.5 77.4 1.0156 0.00 0.0M
210480.000 1978 COM2 64 0R0 131 3.2 9.6 77.5 1.0155 0.00 0.0M
210540.000 1978 COM2 64 0R0 139 2.4 9.6 77.4 1.0155 0.00 0.0M
210600.000 1978 COM2 64 0R0 112 1.5 9.6 77.4 1.0155 0.00 0.0M
210660.000 1978 COM2 64 0R0 147 1.3 9.7 77.4 1.0155 0.00 0.0M
210720.000 1978 COM2 64 0R0 105 2.2 9.7 77.5 1.0154 0.00 0.0M
210780.000 1978 COM2 64 0R0 132 1.5 9.7 77.3 1.0154 0.00 0.0M
210840.000 1978 COM2 64 0R0 107 1.9 9.8 77.4 1.0154 0.00 0.0M
210900.000 1978 COM2 64 0R0 115 2.0 9.8 77.3 1.0154 0.00 0.0M
210960.000 1978 COM2 64 0R0 107 1.7 9.9 76.9 1.0154 0.00 0.0M
211020.000 1978 COM2 64 0R0 180 1.2 9.9 77.0 1.0155 0.00 0.0M
211080.000 1978 COM2 64 0R0 149 1.3 9.9 76.9 1.0154 0.00 0.0M
211140.000 1978 COM2 64 0R0 119 3.7 9.9 76.9 1.0155 0.00 0.0M
211200.000 1978 COM2 64 0R0 092 0.8 9.9 77.1 1.0154 0.00 0.0M
211260.000 1978 COM2 64 0R0 117 3.9 9.9 77.0 1.0155 0.00 0.0M
211320.000 1978 COM2 65 0R0 136 2.3 10.0 77.2 1.0154 0.00 0.0M
211380.000 1978 COM2 65 0R0 161 2.7 10.0 77.1 1.0155 0.00 0.0M
211440.000 1978 COM2 65 0R0 125 2.3 10.0 77.1 1.0155 0.00 0.0M
211500.100 1978 COM2 65 0R0 150 2.8 10.0 77.2 1.0156 0.00 0.0M
211560.000 1978 COM2 65 0R0 132 1.7 10.0 77.1 1.0156 0.00 0.0M
211620.000 1978 COM2 65 0R0 135 4.9 10.1 76.9 1.0156 0.00 0.0M
211680.000 1978 COM2 65 0R0 115 1.9 10.1 77.2 1.0156 0.00 0.0M
211740.000 1978 COM2 65 0R0 109 3.0 10.1 77.0 1.0156 0.00 0.0M
211800.000 1978 COM2 65 0R0 138 2.0 10.1 77.1 1.0155 0.00 0.0M
211860.000 1978 COM2 65 0R0 135 3.9 10.1 77.2 1.0156 0.00 0.0M
211920.000 1978 COM2 65 0R0 148 1.3 10.2 77.1 1.0155 0.00 0.0M
211980.000 1978 COM2 65 0R0 116 0.9 10.2 77.1 1.0155 0.00 0.0M
212040.000 1978 COM2 65 0R0 145 2.4 10.2 76.9 1.0155 0.00 0.0M
212100.000 1978 COM2 65 0R0 124 3.9 10.2 77.3 1.0154 0.00 0.0M
212160.000 1978 COM2 65 0R0 133 2.6 10.1 77.4 1.0154 0.00 0.0M
212220.000 1978 COM2 65 0R0 124 1.7 10.1 77.4 1.0154 0.00 0.0M
212280.000 1978 COM2 65 0R0 153 2.1 10.1 77.6 1.0154 0.00 0.0M
212340.000 1978 COM2 65 0R0 141 2.4 10.1 77.6 1.0154 0.00 0.0M
212400.000 1978 COM2 65 0R0 145 2.3 10.1 77.7 1.0154 0.00 0.0M
212460.000 1978 COM2 65 0R0 090 1.0 10.1 77.6 1.0155 0.00 0.0M
212520.000 1978 COM2 65 0R0 116 2.3 10.1 77.7 1.0155 0.00 0.0M
212580.000 1978 COM2 65 0R0 109 1.4 10.1 77.7 1.0155 0.00 0.0M
212640.000 1978 COM2 65 0R0 158 2.4 10.1 77.7 1.0154 0.00 0.0M
212700.000 1978 COM2 65 0R0 126 2.9 10.1 78.0 1.0154 0.00 0.0M
212760.000 1978 COM2 65 0R0 149 2.6 10.1 78.1 1.0153 0.00 0.0M
212820.000 1978 COM2 65 0R0 123 1.5 10.1 78.3 1.0153 0.00 0.0M
212880.000 1978 COM2 65 0R0 142 3.1 10.1 78.2 1.0154 0.00 0.0M
212940.000 1978 COM2 65 0R0 124 3.2 10.1 78.2 1.0154 0.00 0.0M
213000.000 1978 COM2 65 0R0 176 4.8 10.1 78.3 1.0154 0.00 0.0M
213060.000 1978 COM2 65 0R0 183 5.3 10.0 78.6 1.0155 0.00 0.0M
213120.000 1978 COM2 65 0R0 152 1.3 10.0 78.8 1.0154 0.00 0.0M
213180.000 1978 COM2 65 0R0 134 2.3 10.0 78.9 1.0154 0.00 0.0M
213240.000 1978 COM2 65 0R0 110 3.2 10.0 78.8 1.0153 0.00 0.0M
213300.000 1978 COM2 65 0R0 113 1.4 10.1 79.0 1.0153 0.00 0.0M
213360.000 1978 COM2 65 0R0 082 1.9 10.1 78.9 1.0153 0.00 0.0M
213420.000 1978 COM2 65 0R0 128 1.8 10.1 78.9 1.0152 0.00 0.0M
213480.000 1978 COM2 65 0R0 144 2.1 10.2 78.7 1.0153 0.00 0.0M
213540.000 1978 COM2 65 0R0 137 2.9 10.2 78.8 1.0153 0.00 0.0M
213600.000 1978 COM2 65 0R0 139 3.4 10.2 78.7 1.0153 0.00 0.0M
213660.000 1978 COM2 65 0R0 120 2.9 10.1 79.0 1.0153 0.00 0.0M
213720.000 1978 COM2 65 0R0 131 3.8 10.1 79.1 1.0153 0.00 0.0M
213780.000 1978 COM2 65 0R0 148 4.1 10.1 79.1 1.0152 0.00 0.0M
213840.000 1978 COM2 65 0R0 147 3.8 10.2 79.0 1.0151 0.00 0.0M
213900.000 1978 COM2 65 0R0 158 1.1 10.2 79.1 1.0151 0.00 0.0M
213960.000 1978 COM2 65 0R0 135 4.7 10.1 79.1 1.0151 0.00 0.0M
214020.000 1978 COM2 65 0R0 154 4.7 10.1 79.2 1.0150 0.00 0.0M
214080.000 1978 COM2 65 0R0 159 0.6 10.2 79.4 1.0150 0.00 0.0M
214140.000 1978 COM2 65 0R0 122 2.4 10.2 79.4 1.0150 0.00 0.0M
214200.000 1978 COM2 65 0R0 128 3.6 10.2 79.5 1.0150 0.00 0.0M
214260.000 1978 COM2 65 0R0 128 2.7 10.2 79.4 1.0150 0.00 0.0M
214320.000 1978 COM2 65 0R0 096 2.1 10.2 79.4 1.0150 0.00 0.0M
214380.000 1978 COM2 65 0R0 161 2.6 10.2 79.4 1.0150 0.00 0.0M
214440.000 1978 COM2 65 0R0 153 2.1 10.2 79.4 1.0150 0.00 0.0M
214500.000 1978 COM2 65 0R0 147 4.3 10.2 79.4 1.0150 0.00 0.0M
214560.000 1978 COM2 65 0R0 162 5.3 10.2 79.5 1.0150 0.00 0.0M
214620.000 1978 COM2 65 0R0 201 2.9 10.2 79.5 1.0150 0.00 0.0M
214680.000 1978 COM2 65 0R0 131 2.5 10.2 79.7 1.0151 0.00 0.0M
214740.000 1978 COM2 65 0R0 184 2.3 10.2 79.9 1.0151 0.00 0.0M
214800.000 1978 COM2 65 0R0 153 3.1 10.2 79.9 1.0151 0.00 0.0M
214860.000 1978 COM2 65 0R0 157 3.1 10.2 80.0 1.0150 0.00 0.0M
214920.000 1978 COM2 65 0R0 126 1.7 10.2 80.1 1.0149 0.00 0.0M
214980.000 1978 COM2 65 0R0 111 1.2 10.2 80.0 1.0149 0.00 0.0M
215040.000 1978 COM2 65 0R0 118 3.2 10.2 80.0 1.0149 0.00 0.0M
215100.000 1978 COM2 65 0R0 139 2.4 10.3 79.9 1.0150 0.00 0.0M
215160.000 1978 COM2 65 0R0 076 1.8 10.3 79.8 1.0150 0.00 0.0M
215220.000 1978 COM2 65 0R0 137 2.1 10.3 79.9 1.0150 0.00 0.0M
215280.000 1978 COM2 65 0R0 133 1.9 10.3 79.9 1.0150 0.00 0.0M
215340.000 1978 COM2 65 0R0 128 2.0 10.3 80.0 1.0150 0.00 0.0M
215400.000 1978 COM2 65 0R0 141 1.8 10.3 80.0 1.0150 0.00 0.0M
215460.000 1978 COM2 65 0R0 142 5.1 10.3 79.9 1.0150 0.00 0.0M
215520.000 1978 COM2 65 0R0 143 1.3 10.4 79.9 1.0151 0.00 0.0M
215580.000 1978 COM2 65 0R0 106 2.3 10.4 80.0 1.0150 0.00 0.0M
215640.000 1978 COM2 65 0R0 109 1.1 10.4 79.9 1.0151 0.00 0.0M
215700.000 1978 COM2 65 0R0 199 1.6 10.4 79.7 1.0150 0.00 0.0M
215760.000 1978 COM2 65 0R0 118 2.7 10.4 79.8 1.0150 0.00 0.0M
215820.000 1978 COM2 65 0R0 126 2.2 10.4 79.8 1.0150 0.00 0.0M
215880.000 1978 COM2 65 0R0 128 4.5 10.4 79.9 1.0150 0.00 0.0M
215940.000 1978 COM2 65 0R0 130 2.5 10.5 80.2 1.0150 0.00 0.0M
216000.000 1978 COM2 65 0R0 134 2.2 10.5 80.2 1.0151 0.00 0.0M
216060.000 1978 COM2 65 0R0 074 1.2 10.5 80.1 1.0152 0.00 0.0M
216120.000 1978 COM2 65 0R0 165 3.2 10.5 80.2 1.0152 0.00 0.0M
216180.000 1978 COM2 65 0R0 154 2.5 10.5 80.2 1.0151 0.00 0.0M
216240.000 1978 COM2 65 0R0 164 1.7 10.5 80.4 1.0151 0.00 0.0M
216300.000 1978 COM2 65 0R0 132 0.7 10.5 80.3 1.0151 0.00 0.0M
216360.100 1978 COM2 65 0R0 141 2.6 10.5 80.3 1.0151 0.00 0.0M
216420.000 1978 COM2 65 0R0 137 3.9 10.5 80.2 1.0151 0.00 0.0M
216480.000 1978 COM2 65 0R0 148 3.3 10.5 80.2 1.0152 0.00 0.0M
216540.000 1978 COM2 65 0R0 145 1.7 10.5 80.5 1.0152 0.00 0.0M
216600.000 1978 COM2 65 0R0 109 3.5 10.4 80.5 1.0152 0.00 0.0M
216660.000 1978 COM2 65 0R0 197 2.1 10.4 80.7 1.0152 0.00 0.0M
216720.000 1978 COM2 65 0R0 143 2.0 10.4 80.7 1.0152 0.00 0.0M
216780.000 1978 COM2 65 0R0 137 3.1 10.4 80.7 1.0151 0.00 0.0M
216840.000 1978 COM2 65 0R0 143 2.4 10.4 80.7 1.0151 0.00 0.0M
216900.000 1978 COM2 65 0R0 123 1.2 10.5 80.8 1.0151 0.00 0.0M
216960.000 1978 COM2 65 0R0 157 3.0 10.5 80.8 1.0151 0.00 0.0M
217020.000 1978 COM2 65 0R0 151 1.6 10.5 80.8 1.0151 0.00 0.0M
217080.000 1978 COM2 65 0R0 170 2.3 10.5 80.8 1.0151 0.00 0.0M
217140.000 1978 COM2 65 0R0 153 2.9 10.5 80.8 1.0151 0.00 0.0M
217200.000 1978 COM2 65 0R0 155 1.6 10.5 80.8 1.0152 0.00 0.0M
217260.000 1978 COM2 65 0R0 101 2.1 10.5 80.8 1.0152 0.00 0.0M
217320.000 1978 COM2 65 0R0 102 2.0 10.5 81.0 1.0152 0.00 0.0M
217380.000 1978 COM2 65 0R0 140 2.3 10.6 81.0 1.0152 0.00 0.0M
217440.000 1978 COM2 65 0R0 145 2.3 10.6 81.1 1.0151 0.00 0.0M
217500.000 1978 COM2 65 0R0 154 1.7 10.6 81.1 1.0151 0.00 0.0M
217560.000 1978 COM2 65 0R0 119 3.3 10.6 81.3 1.0150 0.00 0.0M
217620.000 1978 COM2 65 0R0 152 2.1 10.6 81.4 1.0150 0.00 0.0M
217680.000 1978 COM2 65 0R0 115 1.8 10.6 81.3 1.0149 0.00 0.0M
217740.000 1978 COM2 65 0R0 090 1.1 10.6 81.4 1.0149 0.00 0.0M
217800.000 1978 COM2 65 0R0 124 3.5 10.6 81.4 1.0149 0.00 0.0M
217860.000 1978 COM2 65 0R0 132 2.2 10.6 81.3 1.0148 0.00 0.0M
217920.000 1978 COM2 65 0R0 125 1.7 10.6 81.3 1.0148 0.00 0.0M
217980.000 1978 COM2 65 0R0 111 1.3 10.6 81.4 1.0148 0.00 0.0M
218040.100 1978 COM2 65 0R0 128 2.1 10.6 81.4 1.0149 0.00 0.0M
218100.100 1978 COM2 65 0R0 099 2.8 10.6 81.5 1.0148 0.00 0.0M
218160.100 1978 COM2 65 0R0 154 3.6 10.6 81.5 1.0147 0.00 0.0M
218220.100 1978 COM2 65 0R0 125 3.8 10.6 81.6 1.0147 0.00 0.0M
218280.000 1978 COM2 65 0R0 121 4.6 10.6 81.8 1.0146 0.00 0.0M
218340.000 1978 COM2 65 0R0 107 2.8 10.6 81.8 1.0146 0.00 0.0M
218400.000 1978 COM2 65 0R0 157 3.0 10.6 81.8 1.0146 0.00 0.0M
218460.000 1978 COM2 65 0R0 109 0.4 10.7 81.7 1.0146 0.00 0.0M
218520.000 1978 COM2 65 0R0 152 3.3 10.7 81.8 1.0146 0.00 0.0M
218580.000 1978 COM2 65 0R0 135 2.2 10.7 81.8 1.0146 0.00 0.0M
218640.000 1978 COM2 65 0R0 166 2.7 10.7 81.9 1.0146 0.00 0.0M
218700.000 1978 COM2 65 0R0 129 2.0 10.7 82.0 1.0146 0.00 0.0M
218760.000 1978 COM2 65 0R0 140 2.4 10.7 82.0 1.0146 0.00 0.0M
218820.000 1978 COM2 65 0R0 128 2.6 10.7 82.0 1.0146 0.00 0.0M
218880.000 1978 COM2 65 0R0 152 2.9 10.7 81.9 1.0146 0.00 0.0M
218940.000 1978 COM2 65 0R0 135 4.1 10.7 81.9 1.0146 0.00 0.0M
219000.000 1978 COM2 65 0R0 127 1.9 10.7 82.1 1.0146 0.00 0.0M
219060.000 1978 COM2 65 0R0 103 2.0 10.7 82.0 1.0146 0.00 0.0M
219120.000 1978 COM2 65 0R0 153 1.8 10.7 82.0 1.0145 0.00 0.0M
219180.000 1978 COM2 65 0R0 128 2.7 10.7 82.0 1.0145 0.00 0.0M
219240.000 1978 COM2 65 0R0 118 3.2 10.7 82.1 1.0146 0.00 0.0M
219300.000 1978 COM2 65 0R0 123 0.8 10.7 82.1 1.0146 0.00 0.0M
219360.000 1978 COM2 65 0R0 110 2.2 10.7 82.0 1.0146 0.00 0.0M
219420.000 1978 COM2 65 0R0 130 1.3 10.7 82.1 1.0145 0.00 0.0M
219480.000 1978 COM2 65 0R0 139 4.1 10.7 82.2 1.0146 0.00 0.0M
219540.000 1978 COM2 65 0R0 126 2.2 10.7 82.3 1.0145 0.00 0.0M
219600.000 1978 COM2 65 0R0 137 1.9 10.7 82.3 1.0145 0.00 0.0M
219660.000 1978 COM2 65 0R0 101 2.3 10.7 82.1 1.0145 0.00 0.0M
219720.000 1978 COM2 65 0R0 121 1.2 10.7 82.2 1.0146 0.00 0.0M
219780.000 1978 COM2 65 0R0 127 3.2 10.7 82.2 1.0146 0.00 0.0M
219840.000 1978 COM2 65 0R0 078 1.0 10.7 82.3 1.0146 0.00 0.0M
219900.000 1978 COM2 65 0R0 146 4.1 10.8 82.4 1.0146 0.00 0.0M
219960.000 1978 COM2 65 0R0 116 3.2 10.8 82.4 1.0145 0.00 0.0M
220020.000 1978 COM2 65 0R0 125 2.9 10.8 82.2 1.0146 0.00 0.0M
220080.000 1978 COM2 65 0R0 180 2.9 10.8 82.2 1.0146 0.00 0.0M
220140.000 1978 COM2 65 0R0 155 3.0 10.8 82.4 1.0146 0.00 0.0M
220200.000 1978 COM2 65 0R0 128 1.4 10.8 82.3 1.0146 0.00 0.0M
220260.000 1978 COM2 65 0R0 161 2.6 10.8 82.4 1.0145 0.00 0.0M
220320.000 1978 COM2 65 0R0 111 2.6 10.8 82.5 1.0145 0.00 0.0M
220380.000 1978 COM2 65 0R0 189 2.6 10.8 82.7 1.0145 0.00 0.0M
220440.000 1978 COM2 65 0R0 129 4.4 10.9 82.4 1.0145 0.00 0.0M
220500.000 1978 COM2 65 0R0 129 2.5 10.9 82.3 1.0145 0.00 0.0M
220560.000 1978 COM2 65 0R0 141 1.8 10.9 82.5 1.0145 0.00 0.0M
220620.000 1978 COM2 65 0R0 146 3.3 10.9 82.8 1.0144 0.00 0.0M
220680.000 1978 COM2 65 0R0 128 4.6 11.0 82.6 1.0144 0.00 0.0M
220740.000 1978 COM2 65 0R0 095 4.2 11.0 82.6 1.0144 0.00 0.0M
220800.000 1978 COM2 65 0R0 148 1.8 11.0 82.5 1.0144 0.00 0.0M
220860.000 1978 COM2 65 0R0 134 2.2 11.1 82.3 1.0145 0.00 0.0M
220920.000 1978 COM2 65 0R0 153 1.1 11.1 82.3 1.0145 0.00 0.0M
220980.000 1978 COM2 65 0R0 148 1.2 11.1 82.2 1.0145 0.00 0.0M
221040.000 1978 COM2 65 0R0 134 1.6 11.1 82.1 1.0145 0.00 0.0M
221100.000 1978 COM2 65 0R0 163 0.8 11.2 81.9 1.0145 0.00 0.0M
221160.000 1978 COM2 65 0R0 152 0.9 11.2 82.0 1.0145 0.00 0.0M
221220.000 1978 COM2 65 0R0 137 1.5 11.1 82.2 1.0144 0.00 0.0M
221280.000 1978 COM2 65 0R0 146 2.7 11.2 82.1 1.0143 0.00 0.0M
221340.000 1978 COM2 65 0R0 160 3.8 11.2 82.1 1.0143 0.00 0.0M
221400.000 1978 COM2 65 0R0 115 3.5 11.2 82.0 1.0143 0.00 0.0M
221460.000 1978 COM2 65 0R0 096 0.8 11.2 82.2 1.0142 0.00 0.0M
221520.000 1978 COM2 65 0R0 141 3.8 11.3 82.1 1.0143 0.00 0.0M
221580.000 1978 COM2 65 0R0 131 2.7 11.3 82.1 1.0142 0.00 0.0M
221640.000 1978 COM2 65 0R0 139 1.3 11.3 82.2 1.0143 0.00 0.0M
221700.000 1978 COM2 65 0R0 126 2.1 11.3 82.0 1.0143 0.00 0.0M
221760.000 1978 COM2 65 0R0 120 1.5 11.3 82.0 1.0142 0.00 0.0M
221820.000 1978 COM2 65 0R0 181 3.4 11.3 82.1 1.0142 0.00 0.0M
221880.000 1978 COM2 65 0R0 131 4.0 11.3 82.3 1.0141 0.00 0.0M
221940.000 1978 COM2 65 0R0 192 2.9 11.3 82.3 1.0140 0.00 0.0M
222000.000 1978 COM2 65 0R0 138 3.3 11.3 82.2 1.0140 0.00 0.0M
222060.000 1978 COM2 65 0R0 150 3.1 11.4 82.2 1.0140 0.00 0.0M
222120.000 1978 COM2 65 0R0 147 4.0 11.4 82.2 1.0140 0.00 0.0M
222180.000 1978 COM2 65 0R0 111 1.5 11.5 82.0 1.0138 0.00 0.0M
222240.000 1978 COM2 65 0R0 091 0.6 11.5 82.0 1.0138 0.00 0.0M
222300.000 1978 COM2 65 0R0 137 1.7 11.5 81.8 1.0138 0.00 0.0M
222360.000 1978 COM2 65 0R0 121 3.5 11.6 81.8 1.0138 0.00 0.0M
222420.000 1978 COM2 65 0R0 098 1.8 11.6 81.8 1.0138 0.00 0.0M
222480.000 1978 COM2 65 0R0 099 3.6 11.6 81.8 1.0138 0.00 0.0M
222540.000 1978 COM2 65 0R0 115 4.1 11.6 81.8 1.0137 0.00 0.0M
222600.000 1978 COM2 65 0R0 140 1.7 11.6 81.8 1.0137 0.00 0.0M
222660.000 1978 COM2 65 0R0 106 2.4 11.7 81.9 1.0137 0.00 0.0M
222720.000 1978 COM2 65 0R0 113 1.4 11.7 81.7 1.0136 0.00 0.0M
222780.000 1978 COM2 65 0R0 126 3.3 11.7 81.8 1.0136 0.00 0.0M
222840.000 1978 COM2 65 0R0 144 1.9 11.7 81.6 1.0136 0.00 0.0M
222900.000 1978 COM2 65 0R0 131 3.0 11.8 81.5 1.0136 0.00 0.0M
222960.000 1978 COM2 65 0R0 122 2.4 11.8 81.3 1.0135 0.00 0.0M
223020.000 1978 COM2 65 0R0 175 3.6 11.8 81.3 1.0135 0.00 0.0M
223080.000 1978 COM2 65 0R0 123 1.8 11.8 81.4 1.0135 0.00 0.0M
223140.000 1978 COM2 65 0R0 129 1.7 11.8 81.6 1.0135 0.00 0.0M
223200.000 1978 COM2 65 0R0 113 1.9 11.9 81.5 1.0135 0.00 0.0M
223260.000 1978 COM2 65 0R0 128 3.5 11.9 81.5 1.0134 0.00 0.0M
223320.000 1978 COM2 65 0R0 134 2.7 11.9 81.4 1.0134 0.00 0.0M
223380.000 1978 COM2 65 0R0 142 4.0 12.0 81.3 1.0133 0.00 0.0M
223440.000 1978 COM2 65 0R0 098 2.7 12.0 81.3 1.0132 0.00 0.0M
223500.000 1978 COM2 65 0R0 118 2.0 12.0 81.3 1.0132 0.00 0.0M
223560.000 1978 COM2 65 0R0 151 1.4 12.1 81.2 1.0132 0.00 0.0M
223620.100 1978 COM2 65 0R0 102 1.1 12.1 81.1 1.0132 0.00 0.0M
223680.000 1978 COM2 65 0R0 161 3.4 12.2 80.9 1.0132 0.00 0.0M
223740.000 1978 COM2 65 0R0 115 1.1 12.2 80.9 1.0133 0.00 0.0M
223800.000 1978 COM2 65 0R0 124 2.7 12.2 80.9 1.0133 0.00 0.0M
223860.000 1978 COM2 65 0R0 163 2.6 12.2 80.9 1.0133 0.00 0.0M
223920.000 1978 COM2 65 0R0 104 0.9 12.2 81.3 1.0133 0.00 0.0M
223980.000 1978 COM2 65 0R0 098 3.3 12.2 81.4 1.0132 0.00 0.0M
224040.000 1978 COM2 65 0R0 147 3.9 12.2 81.1 1.0132 0.00 0.0M
224100.000 1978 COM2 65 0R0 112 1.3 12.2 81.3 1.0132 0.00 0.0M
224160.000 1978 COM2 65 0R0 152 1.8 12.3 81.5 1.0132 0.00 0.0M
224220.000 1978 COM2 65 0R0 111 3.4 12.3 81.3 1.0132 0.00 0.0M
224280.000 1978 COM2 65 0R0 162 3.1 12.3 81.1 1.0132 0.00 0.0M
224340.000 1978 COM2 65 0R0 099 1.2 12.3 81.3 1.0133 0.00 0.0M
224400.000 1978 COM2 65 0R0 154 2.0 12.3 81.4 1.0133 0.00 0.0M
224460.000 1978 COM2 65 0R0 186 3.2 12.4 81.1 1.0133 0.00 0.0M
224520.000 1978 COM2 65 0R0 109 1.7 12.4 81.2 1.0133 0.00 0.0M
224580.000 1978 COM2 65 0R0 134 3.4 12.4 81.2 1.0133 0.00 0.0M
224640.000 1978 COM2 65 0R0 110 2.2 12.4 81.1 1.0134 0.00 0.0M
224700.000 1978 COM2 65 0R0 124 3.1 12.5 81.4 1.0133 0.00 0.0M
224760.000 1978 COM2 65 0R0 136 4.5 12.5 81.1 1.0133 0.00 0.0M
224820.000 1978 COM2 65 0R0 110 1.9 12.6 80.9 1.0133 0.00 0.0M
224880.000 1978 COM2 65 0R0 141 1.9 12.7 80.7 1.0133 0.00 0.0M
224940.000 1978 COM2 65 0R0 141 3.3 12.7 80.6 1.0132 0.00 0.0M
225000.000 1978 COM2 65 0R0 136 1.3 12.7 80.6 1.0131 0.00 0.0M
225060.000 1978 COM2 65 0R0 126 2.7 12.7 80.6 1.0131 0.00 0.0M
225120.000 1978 COM2 65 0R0 138 3.0 12.8 80.5 1.0131 0.00 0.0M
225180.000 1978 COM2 65 0R0 107 3.2 12.8 80.5 1.0131 0.00 0.0M
225240.000 1978 COM2 65 0R0 175 3.3 12.9 80.3 1.0131 0.00 0.0M
225300.000 1978 COM2 65 0R0 182 5.0 13.0 80.3 1.0131 0.00 0.0M
225360.000 1978 COM2 65 0R0 173 2.6 13.0 80.2 1.0131 0.00 0.0M
225420.000 1978 COM2 65 0R0 137 3.4 13.0 80.0 1.0132 0.00 0.0M
225480.000 1978 COM2 65 0R0 128 3.2 13.1 79.9 1.0131 0.00 0.0M
225540.000 1978 COM2 65 0R0 138 2.9 13.1 79.8 1.0131 0.00 0.0M
225600.000 1978 COM2 65 0R0 146 4.7 13.2 79.7 1.0131 0.00 0.0M
225660.000 1978 COM2 65 0R0 142 4.3 13.2 79.8 1.0131 0.00 0.0M
225720.000 1978 COM2 65 0R0 182 4.1 13.2 79.8 1.0131 0.00 0.0M
225780.000 1978 COM2 65 0R0 128 4.5 13.2 79.7 1.0131 0.00 0.0M
225840.000 1978 COM2 65 0R0 109 2.3 13.2 79.7 1.0131 0.00 0.0M
225900.000 1978 COM2 65 0R0 130 3.0 13.2 79.6 1.0130 0.00 0.0M
225960.000 1978 COM2 65 0R0 126 3.8 13.3 79.6 1.0130 0.00 0.0M
226020.000 1978 COM2 65 0R0 164 4.0 13.3 79.5 1.0130 0.00 0.0M
226080.000 1978 COM2 65 0R0 131 4.2 13.3 79.6 1.0130 0.00 0.0M
226140.000 1978 COM2 65 0R0 116 1.9 13.3 79.5 1.0130 0.00 0.0M
226200.000 1978 COM2 65 0R0 107 3.6 13.3 79.4 1.0129 0.00 0.0M
226260.000 1978 COM2 65 0R0 130 2.3 13.4 79.3 1.0129 0.00 0.0M
226320.000 1978 COM2 65 0R0 112 1.8 13.4 79.2 1.0128 0.00 0.0M
226380.000 1978 COM2 65 0R0 132 4.9 13.4 79.2 1.0128 0.00 0.0M
226440.000 1978 COM2 65 0R0 164 3.6 13.4 79.2 1.0128 0.00 0.0M
226500.100 1978 COM2 65 0R0 122 2.7 13.4 79.2 1.0128 0.00 0.0M
226560.000 1978 COM2 65 0R0 143 2.7 13.4 79.2 1.0128 0.00 0.0M
226620.000 1978 COM2 65 0R0 141 3.6 13.4 79.2 1.0128 0.00 0.0M
226680.000 1978 COM2 65 0R0 139 3.2 13.5 79.3 1.0128 0.00 0.0M
226740.100 1978 COM2 65 0R0 151 4.4 13.5 79.2 1.0128 0.00 0.0M
226800.000 1978 COM2 65 0R0 129 3.4 13.5 79.1 1.0128 0.00 0.0M
226860.000 1978 COM2 65 0R0 132 3.2 13.5 79.0 1.0128 0.00 0.0M
226920.000 1978 COM2 65 0R0 054 1.0 13.6 79.0 1.0128 0.00 0.0M
226980.000 1978 COM2 65 0R0 119 1.0 13.6 78.9 1.0128 0.00 0.0M
227040.000 1978 COM2 65 0R0 164 3.1 13.6 78.8 1.0128 0.00 0.0M
227100.000 1978 COM2 65 0R0 130 4.0 13.6 78.7 1.0128 0.00 0.0M
227160.000 1978 COM2 65 0R0 122 2.3 13.7 78.5 1.0128 0.00 0.0M
227220.000 1978 COM2 65 0R0 118 3.5 13.7 78.5 1.0128 0.00 0.0M
227280.000 1978 COM2 65 0R0 147 2.3 13.8 78.3 1.0128 0.00 0.0M
227340.000 1978 COM2 65 0R0 129 2.9 13.8 78.3 1.0127 0.00 0.0M
227400.000 1978 COM2 65 0R0 158 3.7 13.8 78.2 1.0127 0.00 0.0M
227460.000 1978 COM2 65 0R0 155 3.1 13.8 78.2 1.0127 0.00 0.0M
227520.000 1978 COM2 65 0R0 143 1.6 13.8 78.3 1.0127 0.00 0.0M
227580.000 1978 COM2 65 0R0 156 0.7 13.8 78.4 1.0127 0.00 0.0M
227640.000 1978 COM2 65 0R0 113 2.3 13.8 78.2 1.0127 0.00 0.0M
227700.000 1978 COM2 65 0R0 134 1.3 13.8 78.1 1.0126 0.00 0.0M
227760.000 1978 COM2 65 0R0 151 1.1 13.9 77.9 1.0126 0.00 0.0M
227820.000 1978 COM2 65 0R0 198 1.1 13.9 78.0 1.0126 0.00 0.0M
227880.000 1978 COM2 65 0R0 155 3.1 13.9 78.0 1.0126 0.00 0.0M
227940.000 1978 COM2 65 0R0 136 1.7 14.0 77.9 1.0125 0.00 0.0M
228000.000 1978 COM2 65 0R0 213 2.9 14.0 77.8 1.0125 0.00 0.0M
228060.000 1978 COM2 65 0R0 181 3.8 14.0 77.7 1.0125 0.00 0.0M
228120.000 1978 COM2 65 0R0 194 4.0 14.1 77.6 1.0125 0.00 0.0M
228180.000 1978 COM2 65 0R0 136 1.4 14.2 77.4 1.0124 0.00 0.0M
228240.000 1978 COM2 65 0R0 166 2.9 14.2 77.1 1.0123 0.00 0.0M
228300.000 1978 COM2 65 0R0 166 4.4 14.3 76.9 1.0123 0.00 0.0M
228360.000 1978 COM2 65 0R0 163 3.6 14.3 76.9 1.0123 0.00 0.0M
228420.000 1978 COM2 65 0R0 146 4.1 14.4 76.8 1.0122 0.00 0.0M
228480.000 1978 COM2 65 0R0 178 6.1 14.4 76.4 1.0122 0.00 0.0M
228540.000 1978 COM2 65 0R0 172 5.1 14.5 76.2 1.0122 0.00 0.0M
228600.000 1978 COM2 65 0R0 178 3.8 14.5 76.1 1.0120 0.00 0.0M
228660.000 1978 COM2 65 0R0 152 1.4 14.5 75.9 1.0121 0.00 0.0M
228720.000 1978 COM2 65 0R0 153 3.1 14.6 76.0 1.0121 0.00 0.0M
228780.000 1978 COM2 65 0R0 127 3.7 14.6 75.7 1.0120 0.00 0.0M
228840.000 1978 COM2 65 0R0 181 5.1 14.7 75.5 1.0119 0.00 0.0M
228900.000 1978 COM2 65 0R0 204 6.4 14.8 75.2 1.0119 0.00 0.0M
228960.000 1978 COM2 65 0R0 159 3.9 14.8 75.2 1.0119 0.00 0.0M
229020.000 1978 COM2 65 0R0 147 4.6 14.9 75.0 1.0117 0.00 0.0M
229080.000 1978 COM2 65 0R0 099 2.0 14.9 74.8 1.0119 0.00 0.0M
229140.000 1978 COM2 65 0R0 153 3.2 14.9 74.6 1.0119 0.00 0.0M
229200.000 1978 COM2 65 0R0 146 5.6 15.0 74.6 1.0119 0.00 0.0M
229260.000 1978 COM2 65 0R0 158 4.2 15.0 74.4 1.0118 0.00 0.0M
229320.000 1978 COM2 65 0R0 193 4.4 15.0 74.3 1.0117 0.00 0.0M
229380.000 1978 COM2 65 0R0 151 2.1 15.1 74.3 1.0118 0.00 0.0M
229440.000 1978 COM2 65 0R0 162 6.1 15.1 73.9 1.0117 0.00 0.0M
229500.000 1978 COM2 65 0R0 162 5.0 15.1 74.0 1.0117 0.00 0.0M
229560.000 1978 COM2 65 0R0 152 5.0 15.1 74.0 1.0117 0.00 0.0M
229620.000 1978 COM2 65 0R0 148 4.0 15.1 74.0 1.0117 0.00 0.0M
229680.000 1978 COM2 65 0R0 167 5.6 15.1 74.0 1.0116 0.00 0.0M
229740.000 1978 COM2 65 0R0 179 4.8 15.1 74.1 1.0116 0.00 0.0M
229800.000 1978 COM2 65 0R0 146 2.3 15.2 74.0 1.0116 0.00 0.0M
229860.000 1978 COM2 65 0R0 170 5.9 15.2 73.9 1.0116 0.00 0.0M
229920.000 1978 COM2 65 0R0 134 1.6 15.2 73.6 1.0116 0.00 0.0M
229980.000 1978 COM2 65 0R0 160 3.2 15.3 73.7 1.0116 0.00 0.0M
230040.000 1978 COM2 65 0R0 102 2.5 15.3 73.6 1.0116 0.00 0.0M
230100.000 1978 COM2 65 0R0 145 3.0 15.3 73.4 1.0116 0.00 0.0M
230160.000 1978 COM2 65 0R0 168 2.4 15.3 73.4 1.0115 0.00 0.0M
230220.100 1978 COM2 65 0R0 181 7.8 15.3 73.5 1.0115 0.00 0.0M
230280.000 1978 COM2 65 0R0 181 4.6 15.3 73.2 1.0114 0.00 0.0M
230340.000 1978 COM2 65 0R0 212 4.9 15.3 73.6 1.0114 0.00 0.0M
230400.000 1978 COM2 65 0R0 173 5.0 15.3 73.6 1.0115 0.00 0.0M
230460.000 1978 COM2 65 0R0 164 3.6 15.3 73.4 1.0114 0.00 0.0M
230520.000 1978 COM2 65 0R0 195 6.4 15.4 73.8 1.0114 0.00 0.0M
230580.000 1978 COM2 65 0R0 204 2.3 15.4 73.3 1.0114 0.00 0.0M
230640.000 1978 COM2 65 0R0 141 4.5 15.4 73.3 1.0114 0.00 0.0M
230700.000 1978 COM2 65 0R0 214 3.6 15.4 73.2 1.0113 0.00 0.0M
230760.000 1978 COM2 65 0R0 129 0.8 15.4 73.2 1.0113 0.00 0.0M
230820.000 1978 COM2 65 0R0 147 3.2 15.5 73.2 1.0113 0.00 0.0M
230880.000 1978 COM2 65 0R0 179 5.9 15.5 73.2 1.0113 0.00 0.0M
230940.000 1978 COM2 65 0R0 209 6.2 15.5 73.3 1.0113 0.00 0.0M
231000.000 1978 COM2 65 0R0 187 2.7 15.4 73.4 1.0112 0.00 0.0M
231060.000 1978 COM2 65 0R0 186 1.9 15.4 73.5 1.0112 0.00 0.0M
231120.000 1978 COM2 65 0R0 120 1.1 15.4 73.3 1.0112 0.00 0.0M
231180.000 1978 COM2 65 0R0 176 4.1 15.5 73.4 1.0112 0.00 0.0M
231240.000 1978 COM2 65 0R0 192 4.4 15.5 73.4 1.0112 0.00 0.0M
231300.000 1978 COM2 65 0R0 162 3.1 15.5 73.3 1.0112 0.00 0.0M
231360.000 1978 COM2 65 0R0 218 2.5 15.5 73.4 1.0111 0.00 0.0M
231420.000 1978 COM2 65 0R0 163 1.0 15.5 73.5 1.0111 0.00 0.0M
231480.000 1978 COM2 65 0R0 143 3.6 15.6 73.3 1.0111 0.00 0.0M
231540.000 1978 COM2 65 0R0 181 5.0 15.6 72.9 1.0111 0.00 0.0M
231600.000 1978 COM2 65 0R0 199 2.6 15.6 72.8 1.0111 0.00 0.0M
231660.000 1978 COM2 65 0R0 110 2.2 15.7 72.8 1.0110 0.00 0.0M
231720.000 1978 COM2 65 0R0 188 0.6 15.7 72.6 1.0110 0.00 0.0M
231780.000 1978 COM2 65 0R0 154 1.9 15.7 72.5 1.0110 0.00 0.0M
231840.000 1978 COM2 65 0R0 189 4.7 15.7 72.6 1.0110 0.00 0.0M
231900.000 1978 COM2 65 0R0 125 2.9 15.7 72.4 1.0109 0.00 0.0M
231960.000 1978 COM2 65 0R0 175 5.0 15.7 72.5 1.0109 0.00 0.0M
232020.000 1978 COM2 65 0R0 211 4.0 15.7 72.5 1.0110 0.00 0.0M
232080.000 1978 COM2 65 0R0 188 4.9 15.7 72.4 1.0109 0.00 0.0M
232140.000 1978 COM2 65 0R0 168 3.2 15.8 72.5 1.0110 0.00 0.0M
232200.000 1978 COM2 65 0R0 113 1.6 15.8 72.5 1.0110 0.00 0.0M
232260.000 1978 COM2 65 0R0 238 5.6 15.8 72.2 1.0108 0.00 0.0M
232320.000 1978 COM2 65 0R0 174 3.1 15.8 72.0 1.0109 0.00 0.0M
232380.000 1978 COM2 65 0R0 179 4.3 15.8 72.1 1.0108 0.00 0.0M
232440.000 1978 COM2 65 0R0 175 3.5 15.8 72.1 1.0107 0.00 0.0M
232500.000 1978 COM2 65 0R0 209 4.4 15.9 72.2 1.0108 0.00 0.0M
232560.000 1978 COM2 65 0R0 197 3.3 15.9 72.2 1.0108 0.00 0.0M
232620.000 1978 COM2 65 0R0 146 1.8 15.9 72.1 1.0108 0.00 0.0M
232680.000 1978 COM2 65 0R0 206 3.8 15.9 71.8 1.0108 0.00 0.0M
232740.000 1978 COM2 65 0R0 242 1.4 15.9 71.9 1.0107 0.00 0.0M
232800.000 1978 COM2 65 0R0 191 5.5 16.0 71.8 1.0107 0.00 0.0M
232860.000 1978 COM2 65 0R0 196 5.0 16.0 71.7 1.0108 0.00 0.0M
232920.000 1978 COM2 65 0R0 197 4.2 16.0 71.7 1.0107 0.00 0.0M
232980.000 1978 COM2 65 0R0 214 3.2 16.0 71.7 1.0106 0.00 0.0M
233040.000 1978 COM2 65 0R0 207 3.5 16.0 71.7 1.0107 0.00 0.0M
233100.000 1978 COM2 65 0R0 200 4.8 16.0 71.7 1.0107 0.00 0.0M
233160.000 1978 COM2 65 0R0 240 1.5 16.0 71.7 1.0107 0.00 0.0M
233220.000 1978 COM2 65 0R0 248 2.6 16.0 71.6 1.0106 0.00 0.0M
233280.000 1978 COM2 65 0R0 176 6.5 16.0 71.5 1.0106 0.00 0.0M
233340.000 1978 COM2 65 0R0 197 4.9 16.0 71.7 1.0106 0.00 0.0M
233400.000 1978 COM2 65 0R0 165 7.0 16.0 71.7 1.0106 0.00 0.0M
233460.000 1978 COM2 65 0R0 163 3.3 16.0 71.6 1.0106 0.00 0.0M
233520.000 1978 COM2 65 0R0 105 0.9 16.1 71.4 1.0105 0.00 0.0M
233580.000 1978 COM2 65 0R0 271 0.6 16.1 71.2 1.0105 0.00 0.0M
233640.000 1978 COM2 65 0R0 176 4.8 16.1 71.0 1.0104 0.00 0.0M
233700.000 1978 COM2 65 0R0 180 5.4 16.2 71.0 1.0104 0.00 0.0M
233760.000 1978 COM2 65 0R0 184 6.9 16.1 70.9 1.0102 0.00 0.0M
233820.000 1978 COM2 65 0R0 182 4.8 16.2 71.0 1.0103 0.00 0.0M
233880.000 1978 COM2 65 0R0 239 2.2 16.1 71.0 1.0103 0.00 0.0M
233940.000 1978 COM2 65 0R0 204 3.3 16.2 71.1 1.0103 0.00 0.0M
234000.000 1978 COM2 65 0R0 180 5.0 16.2 70.9 1.0102 0.00 0.0M
234060.000 1978 COM2 65 0R0 129 1.5 16.2 70.6 1.0102 0.00 0.0M
234120.000 1978 COM2 65 0R0 179 4.0 16.2 71.0 1.0103 0.00 0.0M
234180.000 1978 COM2 65 0R0 204 3.0 16.2 70.8 1.0103 0.00 0.0M
234240.100 1978 COM2 65 0R0 206 2.1 16.3 70.6 1.0104 0.00 0.0M
234300.000 1978 COM2 65 0R0 268 2.7 16.4 70.5 1.0104 0.00 0.0M
234360.100 1978 COM2 65 0R0 219 1.3 16.4 70.0 1.0104 0.00 0.0M
234420.000 1978 COM2 65 0R0 185 2.9 16.5 69.4 1.0103 0.00 0.0M
234480.000 1978 COM2 65 0R0 217 5.6 16.5 69.6 1.0103 0.00 0.0M
234540.000 1978 COM2 65 0R0 224 2.6 16.5 69.6 1.0102 0.00 0.0M
234600.000 1978 COM2 65 0R0 181 2.9 16.5 69.7 1.0102 0.00 0.0M
234660.000 1978 COM2 65 0R0 171 5.4 16.5 69.3 1.0101 0.00 0.0M
234720.000 1978 COM2 65 0R0 142 3.2 16.6 69.2 1.0101 0.00 0.0M
234780.000 1978 COM2 65 0R0 149 2.2 16.6 69.2 1.0100 0.00 0.0M
234840.000 1978 COM2 65 0R0 155 1.4 16.7 69.0 1.0100 0.00 0.0M
234900.000 1978 COM2 65 0R0 183 3.0 16.7 68.9 1.0100 0.00 0.0M
234960.000 1978 COM2 65 0R0 180 0.6 16.8 68.8 1.0100 0.00 0.0M
235020.000 1978 COM2 65 0R0 158 4.4 16.8 68.6 1.0100 0.00 0.0M
235080.000 1978 COM2 65 0R0 236 3.3 16.8 68.3 1.0099 0.00 0.0M
235140.000 1978 COM2 65 0R0 162 4.6 16.8 68.0 1.0098 0.00 0.0M
235200.000 1978 COM2 65 0R0 156 2.9 16.7 68.1 1.0098 0.00 0.0M
235260.000 1978 COM2 65 0R0 163 5.4 16.7 68.2 1.0098 0.00 0.0M
235320.000 1978 COM2 65 0R0 218 4.1 16.7 68.3 1.0098 0.00 0.0M
235380.000 1978 COM2 65 0R0 181 6.5 16.7 68.1 1.0097 0.00 0.0M
235440.000 1978 COM2 65 0R0 176 5.6 16.7 68.2 1.0097 0.00 0.0M
235500.000 1978 COM2 65 0R0 177 5.2 16.7 68.2 1.0097 0.00 0.0M
235560.000 1978 COM2 65 0R0 160 3.4 16.7 68.2 1.0097 0.00 0.0M
235620.000 1978 COM2 65 0R0 161 2.9 16.7 68.3 1.0095 0.00 0.0M
235680.000 1978 COM2 65 0R0 166 5.1 16.7 67.4 1.0094 0.00 0.0M
235740.000 1978 COM2 65 0R0 171 5.5 16.7 67.9 1.0094 0.00 0.0M
235800.000 1978 COM2 65 0R0 234 3.8 16.7 67.9 1.0093 0.00 0.0M
235860.000 1978 COM2 65 0R0 177 1.8 16.7 67.9 1.0094 0.00 0.0M
235920.000 1978 COM2 65 0R0 184 4.1 16.7 67.8 1.0094 0.00 0.0M
235980.000 1978 COM2 65 0R0 155 1.0 16.8 67.5 1.0093 0.00 0.0M
236040.000 1978 COM2 65 0R0 269 3.0 16.8 67.5 1.0094 0.00 0.0M
236100.000 1978 COM2 65 0R0 177 7.7 16.8 67.5 1.0094 0.00 0.0M
236160.000 1978 COM2 65 0R0 178 5.3 16.9 66.8 1.0093 0.00 0.0M
236220.000 1978 COM2 65 0R0 178 4.2 16.9 66.9 1.0093 0.00 0.0M
236280.000 1978 COM2 65 0R0 160 2.9 16.9 66.9 1.0093 0.00 0.0M
236340.000 1978 COM2 65 0R0 221 4.5 17.0 66.9 1.0093 0.00 0.0M
236400.000 1978 COM2 65 0R0 216 5.9 17.0 66.7 1.0092 0.00 0.0M
236460.000 1978 COM2 65 0R0 208 4.3 16.9 66.3 1.0092 0.00 0.0M
236520.000 1978 COM2 65 0R0 196 4.3 16.9 67.0 1.0091 0.00 0.0M
236580.000 1978 COM2 65 0R0 184 4.5 16.9 67.1 1.0092 0.00 0.0M
236640.000 1978 COM2 65 0R0 198 2.6 16.9 66.7 1.0091 0.00 0.0M
236700.000 1978 COM2 65 0R0 215 3.2 16.9 67.0 1.0091 0.00 0.0M
236760.000 1978 COM2 65 0R0 185 0.8 16.9 67.0 1.0090 0.00 0.0M
236820.000 1978 COM2 65 0R0 204 5.6 16.9 66.9 1.0090 0.00 0.0M
236880.000 1978 COM2 65 0R0 212 5.1 16.9 66.7 1.0089 0.00 0.0M
236940.000 1978 COM2 65 0R0 221 6.1 16.9 66.4 1.0089 0.00 0.0M
237000.000 1978 COM2 65 0R0 185 2.4 16.9 66.4 1.0089 0.00 0.0M
237060.000 1978 COM2 65 0R0 174 4.1 16.8 67.1 1.0089 0.00 0.0M
237120.000 1978 COM2 65 0R0 153 3.5 16.8 67.6 1.0088 0.00 0.0M
237180.000 1978 COM2 65 0R0 194 4.3 16.8 67.4 1.0088 0.00 0.0M
237240.000 1978 COM2 65 0R0 250 4.2 16.8 67.0 1.0087 0.00 0.0M
237300.000 1978 COM2 65 0R0 171 2.6 16.8 66.7 1.0087 0.00 0.0M
237360.000 1978 COM2 65 0R0 177 7.3 16.8 66.9 1.0087 0.00 0.0M
237420.000 1978 COM2 65 0R0 216 4.5 16.8 66.3 1.0086 0.00 0.0M
237480.000 1978 COM2 65 0R0 186 2.6 16.9 66.2 1.0085 0.00 0.0M
237540.000 1978 COM2 65 0R0 189 6.5 16.9 66.2 1.0085 0.00 0.0M
237600.000 1978 COM2 65 0R0 203 4.9 16.9 65.5 1.0085 0.00 0.0M
237660.000 1978 COM2 65 0R0 156 1.2 16.9 66.0 1.0085 0.00 0.0M
237720.000 1978 COM2 65 0R0 187 6.1 17.0 65.9 1.0084 0.00 0.0M
237780.000 1978 COM2 65 0R0 161 2.6 17.0 65.5 1.0084 0.00 0.0M
237840.000 1978 COM2 65 0R0 281 2.1 17.0 65.6 1.0084 0.00 0.0M
237900.000 1978 COM2 65 0R0 183 4.0 17.0 65.4 1.0084 0.00 0.0M
237960.000 1978 COM2 65 0R0 205 4.8 17.0 65.1 1.0084 0.00 0.0M
238020.000 1978 COM2 65 0R0 217 2.9 17.1 65.3 1.0084 0.00 0.0M
238080.000 1978 COM2 65 0R0 187 3.2 17.1 65.0 1.0084 0.00 0.0M
238140.000 1978 COM2 65 0R0 199 4.5 17.1 65.0 1.0084 0.00 0.0M
238200.000 1978 COM2 65 0R0 234 3.7 17.1 64.8 1.0084 0.00 0.0M
238260.000 1978 COM2 65 0R0 204 3.3 17.1 64.5 1.0084 0.00 0.0M
238320.000 1978 COM2 65 0R0 215 3.6 17.1 64.4 1.0083 0.00 0.0M
238380.000 1978 COM2 65 0R0 168 2.5 17.1 64.6 1.0083 0.00 0.0M
238440.000 1978 COM2 65 0R0 192 3.5 17.1 64.4 1.0082 0.00 0.0M
238500.000 1978 COM2 65 0R0 158 4.3 17.2 64.1 1.0082 0.00 0.0M
238560.000 1978 COM2 65 0R0 165 8.4 17.2 64.2 1.0083 0.00 0.0M
238620.000 1978 COM2 65 0R0 221 4.4 17.2 63.8 1.0082 0.00 0.0M
238680.000 1978 COM2 65 0R0 196 6.3 17.3 63.8 1.0083 0.00 0.0M
238740.000 1978 COM2 65 0R0 185 5.4 17.3 63.7 1.0083 0.00 0.0M
238800.000 1978 COM2 65 0R0 173 7.4 17.3 63.5 1.0082 0.00 0.0M
238860.000 1978 COM2 65 0R0 186 5.5 17.4 63.2 1.0081 0.00 0.0M
238920.000 1978 COM2 65 0R0 225 4.2 17.4 63.2 1.0081 0.00 0.0M
238980.000 1978 COM2 65 0R0 156 4.3 17.4 63.2 1.0081 0.00 0.0M
239040.000 1978 COM2 65 0R0 211 6.8 17.4 63.3 1.0081 0.00 0.0M
239100.000 1978 COM2 65 0R0 214 8.2 17.4 63.2 1.0080 0.00 0.0M
239160.000 1978 COM2 65 0R0 189 6.5 17.4 63.3 1.0081 0.00 0.0M
239220.000 1978 COM2 65 0R0 212 8.6 17.4 63.3 1.0080 0.00 0.0M
239280.000 1978 COM2 65 0R0 178 7.8 17.4 63.4 1.0080 0.00 0.0M
239340.000 1978 COM2 65 0R0 216 6.0 17.4 63.4 1.0079 0.00 0.0M
239400.000 1978 COM2 65 0R0 181 9.3 17.4 63.2 1.0079 0.00 0.0M
239460.000 1978 COM2 65 0R0 197 8.4 17.4 63.1 1.0078 0.00 0.0M
239520.000 1978 COM2 65 0R0 173 7.6 17.4 63.2 1.0078 0.00 0.0M
239580.000 1978 COM2 65 0R0 171 7.3 17.4 63.1 1.0079 0.00 0.0M
239640.000 1978 COM2 65 0R0 226 1.5 17.4 63.3 1.0078 0.00 0.0M
239700.000 1978 COM2 65 0R0 140 1.0 17.4 63.3 1.0078 0.00 0.0M
239760.000 1978 COM2 65 0R0 168 6.3 17.4 63.3 1.0079 0.00 0.0M
239820.000 1978 COM2 65 0R0 214 5.3 17.4 63.4 1.0077 0.00 0.0M
239880.000 1978 COM2 65 0R0 212 6.0 17.4 63.4 1.0077 0.00 0.0M
239940.000 1978 COM2 65 0R0 182 6.0 17.4 63.5 1.0078 0.00 0.0M
240000.000 1978 COM2 65 0R0 294 4.2 17.4 63.6 1.0077 0.00 0.0M
240060.000 1978 COM2 65 0R0 223 2.7 17.3 63.6 1.0077 0.00 0.0M
240120.000 1978 COM2 65 0R0 234 2.9 17.3 63.8 1.0078 0.00 0.0M
240180.000 1978 COM2 65 0R0 185 3.7 17.3 63.8 1.0078 0.00 0.0M
240240.000 1978 COM2 65 0R0 169 5.1 17.3 64.0 1.0079 0.00 0.0M
240300.000 1978 COM2 65 0R0 157 2.0 17.3 64.1 1.0079 0.00 0.0M
240360.000 1978 COM2 65 0R0 233 3.1 17.3 64.0 1.0079 0.00 0.0M
240420.000 1978 COM2 65 0R0 175 6.5 17.3 63.9 1.0079 0.00 0.0M
240480.000 1978 COM2 65 0R0 224 8.0 17.3 64.0 1.0078 0.00 0.0M
240540.000 1978 COM2 65 0R0 259 3.5 17.3 64.0 1.0078 0.00 0.0M
240600.000 1978 COM2 65 0R0 208 8.7 17.3 64.1 1.0078 0.00 0.0M
240660.000 1978 COM2 65 0R0 207 4.2 17.3 64.3 1.0079 0.00 0.0M
240720.000 1978 COM2 65 0R0 187 4.2 17.3 64.4 1.0080 0.00 0.0M
240780.000 1978 COM2 65 0R0 294 2.1 17.3 64.3 1.0079 0.00 0.0M
240840.000 1978 COM2 65 0R0 256 3.5 17.2 64.3 1.0078 0.00 0.0M
240900.000 1978 COM2 65 0R0 207 6.1 17.2 64.3 1.0078 0.00 0.0M
240960.000 1978 COM2 65 0R0 213 4.7 17.2 64.3 1.0079 0.00 0.0M
241020.000 1978 COM2 65 0R0 234 5.2 17.2 64.5 1.0080 0.00 0.0M
241080.000 1978 COM2 65 0R0 201 4.5 17.2 64.7 1.0080 0.00 0.0M
241140.000 1978 COM2 65 0R0 203 4.0 17.2 64.7 1.0079 0.00 0.0M
241200.000 1978 COM2 65 0R0 258 6.3 17.2 64.8 1.0078 0.00 0.0M
241260.000 1978 COM2 65 0R0 237 2.4 17.1 64.9 1.0079 0.00 0.0M
241320.000 1978 COM2 65 0R0 222 5.4 17.1 65.0 1.0079 0.00 0.0M
241380.000 1978 COM2 65 0R0 260 4.5 17.1 64.9 1.0077 0.00 0.0M
241440.000 1978 COM2 65 0R0 233 4.9 17.1 64.9 1.0078 0.00 0.0M
241500.000 1978 COM2 65 0R0 278 2.0 17.1 65.0 1.0078 0.00 0.0M
241560.000 1978 COM2 65 0R0 162 1.2 17.1 65.2 1.0078 0.00 0.0M
241620.000 1978 COM2 65 0R0 240 2.1 17.1 65.3 1.0078 0.00 0.0M
241680.000 1978 COM2 65 0R0 206 3.3 17.1 65.3 1.0077 0.00 0.0M
241740.000 1978 COM2 65 0R0 156 3.6 17.1 65.3 1.0077 0.00 0.0M
241800.000 1978 COM2 65 0R0 233 4.9 17.1 65.1 1.0076 0.00 0.0M
241860.000 1978 COM2 65 0R0 201 7.7 17.1 65.2 1.0076 0.00 0.0M
241920.000 1978 COM2 65 0R0 227 4.1 17.1 65.3 1.0074 0.00 0.0M
241980.000 1978 COM2 65 0R0 231 3.9 17.1 65.5 1.0075 0.00 0.0M
242040.000 1978 COM2 65 0R0 242 6.8 17.1 65.6 1.0075 0.00 0.0M
242100.000 1978 COM2 65 0R0 217 3.6 17.1 65.6 1.0076 0.00 0.0M
242160.000 1978 COM2 65 0R0 253 5.9 17.1 65.6 1.0076 0.00 0.0M
242220.000 1978 COM2 65 0R0 208 8.3 17.1 65.5 1.0076 0.00 0.0M
242280.000 1978 COM2 65 0R0 223 6.4 17.1 65.7 1.0075 0.00 0.0M
242340.100 1978 COM2 65 0R0 213 7.7 17.1 65.7 1.0075 0.00 0.0M
242400.000 1978 COM2 65 0R0 192 7.3 17.1 65.7 1.0075 0.00 0.0M
242460.000 1978 COM2 65 0R0 199 6.4 17.1 65.8 1.0075 0.00 0.0M
242520.000 1978 COM2 65 0R0 193 4.8 17.1 65.9 1.0075 0.00 0.0M
242580.000 1978 COM2 65 0R0 190 6.1 17.1 66.0 1.0075 0.00 0.0M
242640.000 1978 COM2 65 0R0 180 5.7 17.1 65.9 1.0074 0.00 0.0M
242700.000 1978 COM2 65 0R0 252 2.3 17.0 66.1 1.0074 0.00 0.0M
242760.000 1978 COM2 65 0R0 212 4.6 17.0 66.0 1.0072 0.00 0.0M
242820.000 1978 COM2 65 0R0 165 5.6 17.1 66.1 1.0073 0.00 0.0M
242880.000 1978 COM2 65 0R0 144 4.2 17.0 66.1 1.0073 0.00 0.0M
242940.000 1978 COM2 65 0R0 189 4.2 17.0 66.1 1.0073 0.00 0.0M
243000.000 1978 COM2 65 0R0 201 3.9 17.0 66.2 1.0073 0.00 0.0M
243060.000 1978 COM2 65 0R0 171 5.9 17.0 66.2 1.0074 0.00 0.0M
243120.000 1978 COM2 65 0R0 239 2.9 17.0 66.1 1.0073 0.00 0.0M
243180.000 1978 COM2 65 0R0 195 5.6 17.1 66.3 1.0072 0.00 0.0M
243240.000 1978 COM2 65 0R0 187 5.9 17.1 66.2 1.0073 0.00 0.0M
243300.000 1978 COM2 65 0R0 174 6.2 17.1 66.2 1.0072 0.00 0.0M
243360.000 1978 COM2 65 0R0 195 5.8 17.1 66.2 1.0072 0.00 0.0M
243420.000 1978 COM2 65 0R0 240 3.2 17.1 66.2 1.0073 0.00 0.0M
243480.000 1978 COM2 65 0R0 186 3.7 17.1 66.1 1.0073 0.00 0.0M
243540.000 1978 COM2 65 0R0 208 2.2 17.1 66.2 1.0074 0.00 0.0M
243600.000 1978 COM2 65 0R0 142 2.0 17.1 66.2 1.0073 0.00 0.0M
243660.000 1978 COM2 65 0R0 276 1.4 17.1 66.3 1.0073 0.00 0.0M
243720.000 1978 COM2 65 0R0 212 0.8 17.1 66.2 1.0074 0.00 0.0M
243780.000 1978 COM2 65 0R0 225 2.6 17.1 66.3 1.0074 0.00 0.0M
243840.000 1978 COM2 65 0R0 187 2.6 17.1 66.2 1.0074 0.00 0.0M
243900.000 1978 COM2 65 0R0 174 3.1 17.1 66.3 1.0074 0.00 0.0M
243960.000 1978 COM2 65 0R0 228 2.2 17.1 66.4 1.0075 0.00 0.0M
244020.000 1978 COM2 65 0R0 187 4.2 17.1 66.3 1.0074 0.00 0.0M
244080.000 1978 COM2 65 0R0 246 3.2 17.1 66.3 1.0074 0.00 0.0M
244140.000 1978 COM2 65 0R0 252 2.4 17.0 66.2 1.0074 0.00 0.0M
244200.000 1978 COM2 65 0R0 254 3.4 17.0 66.5 1.0074 0.00 0.0M
244260.000 1978 COM2 65 0R0 210 4.6 17.0 66.6 1.0074 0.00 0.0M
244320.000 1978 COM2 65 0R0 217 4.0 17.0 66.6 1.0074 0.00 0.0M
244380.000 1978 COM2 65 0R0 192 5.3 17.0 66.7 1.0074 0.00 0.0M
244440.000 1978 COM2 65 0R0 242 2.7 17.0 66.5 1.0073 0.00 0.0M
244500.000 1978 COM2 65 0R0 243 2.3 17.0 66.6 1.0073 0.00 0.0M
244560.000 1978 COM2 65 0R0 166 2.6 17.0 66.7 1.0073 0.00 0.0M
244620.000 1978 COM2 65 0R0 198 4.6 17.0 66.8 1.0073 0.00 0.0M
244680.000 1978 COM2 65 0R0 253 1.6 17.0 66.9 1.0072 0.00 0.0M
244740.000 1978 COM2 65 0R0 224 4.3 17.0 66.7 1.0072 0.00 0.0M
244800.000 1978 COM2 65 0R0 234 6.4 17.0 66.7 1.0072 0.00 0.0M
244860.000 1978 COM2 65 0R0 149 2.0 17.0 66.7 1.0071 0.00 0.0M
244920.000 1978 COM2 65 0R0 163 4.8 17.0 66.7 1.0069 0.00 0.0M
244980.000 1978 COM2 65 0R0 150 3.1 17.0 66.7 1.0070 0.00 0.0M
245040.000 1978 COM2 65 0R0 186 3.1 17.0 66.8 1.0070 0.00 0.0M
245100.000 1978 COM2 65 0R0 186 3.6 17.0 66.8 1.0070 0.00 0.0M
245160.000 1978 COM2 65 0R0 168 4.4 17.0 66.9 1.0069 0.00 0.0M
245220.000 1978 COM2 65 0R0 182 4.3 17.0 66.9 1.0069 0.00 0.0M
245280.000 1978 COM2 65 0R0 181 5.2 17.0 66.9 1.0069 0.00 0.0M
245340.000 1978 COM2 65 0R0 197 4.7 17.0 66.8 1.0069 0.00 0.0M
245400.000 1978 COM2 65 0R0 221 3.1 17.0 66.9 1.0069 0.00 0.0M
245460.000 1978 COM2 65 0R0 229 1.6 17.0 67.0 1.0069 0.00 0.0M
245520.000 1978 COM2 65 0R0 145 2.6 17.0 66.9 1.0069 0.00 0.0M
245580.000 1978 COM2 65 0R0 197 2.7 17.0 66.8 1.0070 0.00 0.0M
245640.000 1978 COM2 65 0R0 219 3.8 17.0 66.9 1.0070 0.00 0.0M
245700.000 1978 COM2 65 0R0 235 2.9 17.0 67.0 1.0070 0.00 0.0M
245760.000 1978 COM2 65 0R0 177 5.9 17.0 66.9 1.0070 0.00 0.0M
245820.000 1978 COM2 65 0R0 233 4.1 17.0 66.9 1.0070 0.00 0.0M
245880.000 1978 COM2 65 0R0 201 3.5 17.0 66.9 1.0070 0.00 0.0M
245940.000 1978 COM2 65 0R0 151 2.4 17.0 67.0 1.0070 0.00 0.0M
246000.000 1978 COM2 65 0R0 248 2.9 17.0 67.1 1.0070 0.00 0.0M
246060.000 1978 COM2 65 0R0 219 3.1 17.0 67.1 1.0070 0.00 0.0M
246120.000 1978 COM2 65 0R0 198 3.9 17.0 67.0 1.0069 0.00 0.0M
246180.000 1978 COM2 65 0R0 201 3.9 17.0 67.0 1.0070 0.00 0.0M
246240.000 1978 COM2 65 0R0 232 2.4 17.0 67.1 1.0070 0.00 0.0M
246300.000 1978 COM2 65 0R0 214 3.7 17.0 67.2 1.0070 0.00 0.0M
246360.000 1978 COM2 65 0R0 168 3.0 17.0 67.4 1.0070 0.00 0.0M
246420.000 1978 COM2 65 0R0 224 3.9 17.0 67.4 1.0069 0.00 0.0M
246480.000 1978 COM2 65 0R0 191 4.0 17.0 67.2 1.0069 0.00 0.0M
246540.000 1978 COM2 65 0R0 209 1.8 17.0 67.2 1.0068 0.00 0.0M
246600.000 1978 COM2 65 0R0 169 3.7 17.0 67.4 1.0068 0.00 0.0M
246660.000 1978 COM2 65 0R0 160 3.2 17.0 67.6 1.0068 0.00 0.0M
246720.000 1978 COM2 65 0R0 180 3.9 17.0 67.5 1.0068 0.00 0.0M
246780.000 1978 COM2 65 0R0 174 3.8 17.0 67.5 1.0068 0.00 0.0M
246840.000 1978 COM2 65 0R0 179 2.9 17.0 67.5 1.0068 0.00 0.0M
246900.000 1978 COM2 65 0R0 164 2.3 17.0 67.5 1.0067 0.00 0.0M
246960.000 1978 COM2 65 0R0 119 3.3 17.0 67.6 1.0066 0.00 0.0M
247020.000 1978 COM2 65 0R0 167 5.4 17.0 67.7 1.0065 0.00 0.0M
247080.000 1978 COM2 65 0R0 182 5.3 17.1 67.7 1.0064 0.00 0.0M
247140.000 1978 COM2 65 0R0 147 2.8 17.1 68.1 1.0063 0.00 0.0M
247200.000 1978 COM2 65 0R0 166 4.8 17.1 67.9 1.0064 0.00 0.0M
247260.000 1978 COM2 65 0R0 170 3.5 17.1 67.8 1.0064 0.00 0.0M
247320.000 1978 COM2 65 0R0 149 2.8 17.1 67.8 1.0064 0.00 0.0M
247380.000 1978 COM2 65 0R0 154 4.1 17.1 68.0 1.0064 0.00 0.0M
247440.000 1978 COM2 65 0R0 156 3.8 17.1 68.0 1.0063 0.00 0.0M
247500.000 1978 COM2 65 0R0 174 3.5 17.1 68.1 1.0064 0.00 0.0M
247560.000 1978 COM2 65 0R0 178 4.2 17.1 68.1 1.0064 0.00 0.0M
247620.000 1978 COM2 65 0R0 236 2.3 17.1 68.3 1.0064 0.00 0.0M
247680.000 1978 COM2 65 0R0 111 1.1 17.1 68.3 1.0064 0.00 0.0M
247740.000 1978 COM2 65 0R0 214 6.5 17.1 68.3 1.0065 0.00 0.0M
247800.000 1978 COM2 65 0R0 165 5.2 17.2 68.3 1.0064 0.00 0.0M
247860.000 1978 COM2 65 0R0 176 7.5 17.2 68.5 1.0065 0.00 0.0M
247920.000 1978 COM2 65 0R0 160 4.4 17.2 68.6 1.0065 0.00 0.0M
247980.000 1978 COM2 65 0R0 230 5.2 17.2 68.6 1.0064 0.00 0.0M
248040.000 1978 COM2 66 0R0 186 10.7 17.2 68.8 1.0062 0.00 0.0M
248100.000 1978 COM2 65 0R0 186 5.1 17.2 68.7 1.0062 0.00 0.0M
248160.000 1978 COM2 65 0R0 182 7.0 17.3 68.6 1.0063 0.00 0.0M
248220.000 1978 COM2 65 0R0 163 4.4 17.3 68.7 1.0063 0.00 0.0M
248280.000 1978 COM2 65 0R0 187 4.3 17.3 68.7 1.0063 0.00 0.0M
248340.000 1978 COM2 65 0R0 162 3.6 17.3 68.8 1.0062 0.00 0.0M
248400.100 1978 COM2 65 0R0 197 6.2 17.3 68.8 1.0063 0.00 0.0M
248460.100 1978 COM2 65 0R0 218 5.9 17.2 68.9 1.0062 0.00 0.0M
248520.000 1978 COM2 65 0R0 221 5.5 17.3 68.9 1.0063 0.00 0.0M
248580.000 1978 COM2 65 0R0 203 3.7 17.3 69.0 1.0062 0.00 0.0M
248640.100 1978 COM2 65 0R0 224 2.9 17.3 68.8 1.0063 0.00 0.0M
248700.000 1978 COM2 65 0R0 272 2.4 17.3 68.8 1.0063 0.00 0.0M
248760.000 1978 COM2 65 0R0 200 2.7 17.3 68.8 1.0063 0.00 0.0M
248820.000 1978 COM2 65 0R0 194 2.9 17.3 68.9 1.0064 0.00 0.0M
248880.000 1978 COM2 65 0R0 188 3.2 17.2 69.0 1.0063 0.00 0.0M
248940.000 1978 COM2 65 0R0 198 5.0 17.2 69.2 1.0063 0.00 0.0M
249000.000 1978 COM2 65 0R0 203 2.9 17.2 68.9 1.0062 0.00 0.0M
249060.000 1978 COM2 65 0R0 179 5.7 17.2 68.8 1.0062 0.00 0.0M
249120.000 1978 COM2 65 0R0 173 6.1 17.2 69.0 1.0062 0.00 0.0M
249180.000 1978 COM2 65 0R0 174 5.2 17.2 68.8 1.0062 0.00 0.0M
249240.000 1978 COM2 65 0R0 171 5.3 17.2 68.9 1.0062 0.00 0.0M
249300.000 1978 COM2 65 0R0 200 2.2 17.2 69.1 1.0062 0.00 0.0M
249360.000 1978 COM2 65 0R0 214 3.5 17.2 69.1 1.0062 0.00 0.0M
249420.000 1978 COM2 65 0R0 173 6.0 17.2 69.1 1.0062 0.00 0.0M
249480.000 1978 COM2 65 0R0 160 3.5 17.2 69.1 1.0062 0.00 0.0M
249540.000 1978 COM2 65 0R0 192 4.0 17.2 69.1 1.0062 0.00 0.0M
249600.000 1978 COM2 65 0R0 221 2.7 17.2 69.0 1.0062 0.00 0.0M
249660.000 1978 COM2 65 0R0 163 2.7 17.2 69.1 1.0062 0.00 0.0M
249720.000 1978 COM2 65 0R0 159 3.4 17.1 69.1 1.0062 0.00 0.0M
249780.000 1978 COM2 65 0R0 169 3.9 17.1 69.2 1.0061 0.00 0.0M
249840.000 1978 COM2 65 0R0 171 2.2 17.1 69.2 1.0061 0.00 0.0M
249900.000 1978 COM2 65 0R0 168 3.7 17.1 69.3 1.0061 0.00 0.0M
249960.000 1978 COM2 65 0R0 201 2.3 17.1 69.4 1.0061 0.00 0.0M
250020.000 1978 COM2 65 0R0 165 4.2 17.0 69.6 1.0061 0.00 0.0M
250080.000 1978 COM2 65 0R0 210 3.6 17.0 69.4 1.0061 0.00 0.0M
250140.000 1978 COM2 65 0R0 190 1.9 17.1 69.4 1.0061 0.00 0.0M
250200.000 1978 COM2 65 0R0 186 4.1 17.1 69.5 1.0062 0.00 0.0M
250260.000 1978 COM2 65 0R0 186 3.8 17.0 69.5 1.0062 0.00 0.0M
250320.000 1978 COM2 65 0R0 170 7.3 17.0 69.6 1.0061 0.00 0.0M
250380.000 1978 COM2 65 0R0 194 3.8 17.0 69.6 1.0061 0.00 0.0M
250440.000 1978 COM2 65 0R0 169 4.9 17.1 69.6 1.0061 0.00 0.0M
250500.000 1978 COM2 65 0R0 193 3.2 17.1 69.6 1.0061 0.00 0.0M
250560.000 1978 COM2 65 0R0 200 1.7 17.0 69.6 1.0061 0.00 0.0M
250620.000 1978 COM2 65 0R0 187 5.7 17.0 69.9 1.0060 0.00 0.0M
250680.000 1978 COM2 65 0R0 183 4.0 17.0 69.7 1.0059 0.00 0.0M
250740.000 1978 COM2 65 0R0 119 1.5 17.0 69.7 1.0060 0.00 0.0M
250800.000 1978 COM2 65 0R0 190 4.4 17.0 69.7 1.0060 0.00 0.0M
250860.000 1978 COM2 65 0R0 204 3.8 17.0 69.7 1.0059 0.00 0.0M
250920.000 1978 COM2 65 0R0 172 3.0 17.0 69.8 1.0059 0.00 0.0M
250980.000 1978 COM2 65 0R0 268 1.3 17.0 69.9 1.0058 0.00 0.0M
251040.000 1978 COM2 65 0R0 150 2.1 17.0 69.9 1.0057 0.00 0.0M
251100.000 1978 COM2 65 0R0 160 2.2 17.0 69.9 1.0057 0.00 0.0M
251160.000 1978 COM2 65 0R0 191 4.1 17.0 70.1 1.0058 0.00 0.0M
251220.100 1978 COM2 65 0R0 190 4.8 17.0 70.2 1.0058 0.00 0.0M
251280.000 1978 COM2 65 0R0 198 2.8 17.0 70.2 1.0058 0.00 0.0M
251340.000 1978 COM2 65 0R0 181 3.6 17.0 70.1 1.0057 0.00 0.0M
251400.000 1978 COM2 65 0R0 138 3.0 17.0 70.2 1.0057 0.00 0.0M
251460.000 1978 COM2 65 0R0 192 2.5 16.9 70.3 1.0058 0.00 0.0M
251520.000 1978 COM2 65 0R0 190 2.5 16.9 70.4 1.0058 0.00 0.0M
251580.000 1978 COM2 65 0R0 186 1.9 16.9 70.4 1.0058 0.00 0.0M
251640.000 1978 COM2 65 0R0 165 4.5 16.9 70.3 1.0058 0.00 0.0M
251700.000 1978 COM2 65 0R0 244 3.3 16.9 70.5 1.0058 0.00 0.0M
251760.000 1978 COM2 65 0R0 207 3.7 16.9 70.3 1.0058 0.00 0.0M
251820.000 1978 COM2 65 0R0 175 3.5 16.9 70.5 1.0058 0.00 0.0M
251880.000 1978 COM2 65 0R0 214 3.6 16.9 70.7 1.0058 0.00 0.0M
251940.000 1978 COM2 65 0R0 210 3.8 16.9 70.6 1.0058 0.00 0.0M
252000.000 1978 COM2 65 0R0 193 2.8 16.9 70.6 1.0057 0.00 0.0M
252060.000 1978 COM2 65 0R0 220 2.9 16.9 70.6 1.0057 0.00 0.0M
252120.000 1978 COM2 65 0R0 160 3.6 16.9 70.7 1.0057 0.00 0.0M
252180.000 1978 COM2 65 0R0 183 3.2 16.9 70.9 1.0057 0.00 0.0M
252240.000 1978 COM2 65 0R0 189 1.5 16.9 70.9 1.0056 0.00 0.0M
252300.000 1978 COM2 65 0R0 188 3.2 16.9 71.0 1.0056 0.00 0.0M
252360.000 1978 COM2 65 0R0 167 2.8 16.9 70.9 1.0056 0.00 0.0M
252420.000 1978 COM2 65 0R0 172 4.0 16.9 71.0 1.0056 0.00 0.0M
252480.000 1978 COM2 65 0R0 137 2.2 16.8 71.2 1.0055 0.00 0.0M
252540.000 1978 COM2 65 0R0 119 1.8 16.8 71.3 1.0054 0.00 0.0M
252600.000 1978 COM2 65 0R0 191 4.3 16.8 71.4 1.0054 0.00 0.0M
252660.000 1978 COM2 65 0R0 165 4.0 16.8 71.5 1.0055 0.00 0.0M
252720.000 1978 COM2 65 0R0 188 3.8 16.8 71.4 1.0054 0.00 0.0M
252780.000 1978 COM2 65 0R0 104 1.9 16.8 71.6 1.0054 0.00 0.0M
252840.000 1978 COM2 65 0R0 178 5.6 16.8 71.6 1.0055 0.00 0.0M
252900.000 1978 COM2 65 0R0 187 4.3 16.8 71.8 1.0055 0.00 0.0M
252960.000 1978 COM2 65 0R0 146 3.1 16.8 72.2 1.0054 0.00 0.0M
253020.000 1978 COM2 65 0R0 182 6.2 16.9 71.9 1.0054 0.00 0.0M
253080.000 1978 COM2 65 0R0 162 4.6 16.9 72.0 1.0054 0.00 0.0M
253140.000 1978 COM2 65 0R0 171 6.0 16.9 72.1 1.0054 0.00 0.0M
253200.000 1978 COM2 65 0R0 187 4.1 16.8 72.2 1.0054 0.00 0.0M
253260.000 1978 COM2 65 0R0 195 4.6 16.8 72.2 1.0054 0.00 0.0M
253320.000 1978 COM2 65 0R0 149 1.7 16.8 72.6 1.0054 0.00 0.0M
253380.000 1978 COM2 65 0R0 170 4.5 16.8 72.5 1.0054 0.00 0.0M
253440.000 1978 COM2 65 0R0 204 4.2 16.8 72.5 1.0054 0.00 0.0M
253500.000 1978 COM2 65 0R0 196 3.4 16.8 72.7 1.0053 0.00 0.0M
253560.000 1978 COM2 65 0R0 184 3.4 16.8 73.0 1.0053 0.00 0.0M
253620.000 1978 COM2 65 0R0 168 5.1 16.8 73.1 1.0053 0.00 0.0M
253680.000 1978 COM2 65 0R0 197 4.0 16.7 73.6 1.0052 0.00 0.0M
253740.000 1978 COM2 65 0R0 185 3.5 16.7 73.5 1.0053 0.00 0.0M
253800.000 1978 COM2 65 0R0 166 5.3 16.7 73.8 1.0052 0.00 0.0M
253860.000 1978 COM2 65 0R0 161 4.4 16.7 73.9 1.0052 0.00 0.0M
253920.000 1978 COM2 65 0R0 163 4.7 16.7 74.1 1.0053 0.00 0.0M
253980.000 1978 COM2 65 0R0 191 3.7 16.7 74.5 1.0052 0.00 0.0M
254040.000 1978 COM2 65 0R0 150 3.9 16.7 74.4 1.0052 0.00 0.0M
254100.000 1978 COM2 65 0R0 146 2.4 16.6 74.8 1.0052 0.00 0.0M
254160.000 1978 COM2 65 0R0 160 3.5 16.6 74.7 1.0051 0.00 0.0M
254220.000 1978 COM2 65 0R0 164 5.7 16.6 75.0 1.0050 0.00 0.0M
254280.000 1978 COM2 65 0R0 165 5.0 16.6 75.1 1.0050 0.00 0.0M
254340.000 1978 COM2 65 0R0 201 4.4 16.6 75.4 1.0050 0.00 0.0M
254400.000 1978 COM2 65 0R0 161 3.3 16.5 75.7 1.0049 0.00 0.0M
254460.000 1978 COM2 65 0R0 184 4.4 16.5 75.9 1.0049 0.00 0.0M
254520.000 1978 COM2 65 0R0 136 2.1 16.5 76.1 1.0049 0.00 0.0M
254580.000 1978 COM2 65 0R0 135 2.1 16.5 76.0 1.0049 0.00 0.0M
254640.000 1978 COM2 65 0R0 149 3.2 16.5 76.2 1.0049 0.00 0.0M
254700.000 1978 COM2 65 0R0 185 4.1 16.5 76.6 1.0049 0.00 0.0M
254760.000 1978 COM2 65 0R0 208 2.0 16.4 76.7 1.0049 0.00 0.0M
254820.000 1978 COM2 65 0R0 172 5.2 16.4 76.9 1.0049 0.00 0.0M
254880.000 1978 COM2 65 0R0 174 5.1 16.4 77.3 1.0048 0.00 0.0M
254940.000 1978 COM2 65 0R0 179 4.6 16.3 77.6 1.0048 0.00 0.0M
255000.000 1978 COM2 65 0R0 137 1.2 16.3 77.7 1.0048 0.00 0.0M
255060.000 1978 COM2 65 0R0 171 2.6 16.3 77.8 1.0048 0.00 0.0M
255120.000 1978 COM2 65 0R0 151 1.2 16.3 77.9 1.0049 0.00 0.0M
255180.000 1978 COM2 65 0R0 091 2.3 16.2 78.0 1.0049 0.00 0.0M
255240.000 1978 COM2 65 0R0 190 5.6 16.3 78.3 1.0049 0.00 0.0M
255300.100 1978 COM2 65 0R0 183 4.3 16.2 78.6 1.0049 0.00 0.0M
255360.000 1978 COM2 65 0R0 168 3.8 16.2 78.7 1.0049 0.00 0.0M
255420.000 1978 COM2 65 0R0 203 4.1 16.2 78.8 1.0049 0.00 0.0M
255480.000 1978 COM2 65 0R0 171 3.8 16.2 79.2 1.0049 0.00 0.0M
255540.000 1978 COM2 65 0R0 140 3.6 16.1 79.3 1.0049 0.00 0.0M
255600.000 1978 COM2 65 0R0 163 4.2 16.1 79.5 1.0049 0.00 0.0M
255660.000 1978 COM2 65 0R0 177 4.6 16.1 79.8 1.0049 0.00 0.0M
255720.000 1978 COM2 65 0R0 182 3.3 16.1 80.0 1.0049 0.01 0.0M
255780.000 1978 COM2 65 0R0 127 0.9 16.0 80.4 1.0049 0.00 0.0M
255840.000 1978 COM2 65 0R0 209 3.7 16.0 81.0 1.0049 0.00 0.0M
255900.000 1978 COM2 65 0R0 172 3.9 15.9 81.1 1.0049 0.00 0.0M
255960.000 1978 COM2 65 0R0 188 3.0 15.9 81.3 1.0048 0.00 0.0M
256020.000 1978 COM2 65 0R0 201 3.4 15.9 81.6 1.0048 0.00 0.0M
256080.000 1978 COM2 65 0R0 191 4.3 15.8 82.0 1.0048 0.00 0.0M
256140.000 1978 COM2 65 0R0 178 4.9 15.8 82.2 1.0047 0.00 0.0M
256200.000 1978 COM2 65 0R0 163 2.4 15.8 82.5 1.0047 0.00 0.0M
256260.000 1978 COM2 65 0R0 168 4.8 15.8 82.6 1.0047 0.00 0.0M
256320.000 1978 COM2 65 0R0 158 4.2 15.8 82.7 1.0047 0.00 0.0M
256380.000 1978 COM2 65 0R0 186 2.7 15.7 82.9 1.0047 0.00 0.0M
256440.000 1978 COM2 65 0R0 168 2.8 15.7 83.0 1.0047 0.00 0.0M
256500.000 1978 COM2 65 0R0 207 6.2 15.7 83.1 1.0047 0.00 0.0M
256560.000 1978 COM2 65 0R0 183 4.0 15.7 83.2 1.0047 0.00 0.0M
256620.000 1978 COM2 65 0R0 197 3.9 15.7 83.4 1.0047 0.00 0.0M
256680.000 1978 COM2 65 0R0 201 0.8 15.7 83.4 1.0047 0.00 0.0M
256740.000 1978 COM2 65 0R0 219 3.9 15.7 83.5 1.0047 0.00 0.0M
256800.000 1978 COM2 65 0R0 184 4.9 15.7 83.5 1.0047 0.00 0.0M
256860.000 1978 COM2 65 0R0 220 4.3 15.7 83.4 1.0046 0.00 0.0M
256920.000 1978 COM2 65 0R0 204 3.0 15.7 83.6 1.0046 0.00 0.0M
256980.000 1978 COM2 65 0R0 191 3.0 15.7 83.7 1.0046 0.00 0.0M
257040.000 1978 COM2 65 0R0 197 3.4 15.6 84.0 1.0046 0.00 0.0M
257100.000 1978 COM2 65 0R0 191 3.7 15.6 84.2 1.0046 0.00 0.0M
257160.000 1978 COM2 65 0R0 206 2.9 15.6 84.4 1.0046 0.00 0.0M
257220.000 1978 COM2 65 0R0 215 3.2 15.6 84.5 1.0046 0.00 0.0M
257280.000 1978 COM2 65 0R0 134 2.0 15.5 84.8 1.0046 0.00 0.0M
257340.000 1978 COM2 65 0R0 217 3.4 15.5 85.0 1.0046 0.00 0.0M
257400.000 1978 COM2 65 0R0 182 2.2 15.5 85.0 1.0045 0.00 0.0M
257460.000 1978 COM2 65 0R0 137 1.5 15.5 85.2 1.0045 0.00 0.0M
257520.000 1978 COM2 65 0R0 176 2.5 15.5 85.3 1.0045 0.00 0.0M
257580.000 1978 COM2 65 0R0 179 2.4 15.5 85.5 1.0045 0.00 0.0M
257640.000 1978 COM2 65 0R0 216 4.2 15.4 85.6 1.0045 0.00 0.0M
257700.000 1978 COM2 65 0R0 177 3.9 15.4 85.7 1.0046 0.00 0.0M
257760.000 1978 COM2 65 0R0 234 5.5 15.4 86.0 1.0047 0.00 0.0M
257820.000 1978 COM2 65 0R0 196 2.5 15.4 86.1 1.0047 0.00 0.0M
257880.000 1978 COM2 65 0R0 226 1.6 15.3 86.2 1.0047 0.00 0.0M
257940.000 1978 COM2 65 0R0 256 1.2 15.3 86.2 1.0048 0.00 0.0M
258000.000 1978 COM2 65 0R0 244 2.2 15.3 86.3 1.0047 0.00 0.0M
258060.000 1978 COM2 65 0R0 272 1.5 15.3 86.4 1.0046 0.00 0.0M
258120.000 1978 COM2 65 0R0 204 1.5 15.3 86.7 1.0046 0.00 0.0M
258180.000 1978 COM2 65 0R0 215 4.6 15.3 86.7 1.0046 0.00 0.0M
258240.000 1978 COM2 65 0R0 197 2.9 15.3 86.6 1.0046 0.00 0.0M
258300.000 1978 COM2 65 0R0 194 3.0 15.2 86.6 1.0046 0.00 0.0M
258360.000 1978 COM2 65 0R0 191 2.4 15.2 86.7 1.0046 0.00 0.0M
258420.000 1978 COM2 65 0R0 190 2.7 15.2 86.8 1.0046 0.00 0.0M
258480.000 1978 COM2 65 0R0 282 1.8 15.2 86.8 1.0046 0.00 0.0M
258540.000 1978 COM2 65 0R0 247 2.3 15.2 86.9 1.0046 0.00 0.0M
258600.000 1978 COM2 65 0R0 283 0.9 15.2 86.9 1.0046 0.00 0.0M
258660.000 1978 COM2 65 0R0 264 1.9 15.2 87.0 1.0046 0.00 0.0M
258720.000 1978 COM2 65 0R0 246 2.0 15.2 87.0 1.0046 0.00 0.0M
258780.000 1978 COM2 65 0R0 273 3.0 15.2 87.1 1.0046 0.00 0.0M
258840.000 1978 COM2 65 0R0 263 2.0 15.2 87.1 1.0047 0.00 0.0M
258900.000 1978 COM2 65 0R0 250 3.2 15.2 87.1 1.0047 0.00 0.0M
258960.000 1978 COM2 65 0R0 196 1.1 15.1 87.1 1.0046 0.00 0.0M
259020.000 1978 COM2 65 0R0 258 2.4 15.1 86.5 1.0045 0.00 0.0M
259080.000 1978 COM2 65 0R0 218 3.2 15.1 85.9 1.0045 0.00 0.0M
259140.000 1978 COM2 65 0R0 233 3.2 15.0 85.6 1.0045 0.00 0.0M
