TO [s] WNc [w] C StringLn ASCIIString
---------------------------------------
0.100 1963 COM2 65 0R0 267 1.0 27.2 55.6 1.0029 0.00 0.0M
60.100 1963 COM2 65 0R0 282 2.2 27.1 55.4 1.0029 0.00 0.0M
120.100 1963 COM2 65 0R0 308 1.6 27.1 55.0 1.0029 0.00 0.0M
180.100 1963 COM2 65 0R0 264 2.0 27.1 55.2 1.0029 0.00 0.0M
240.100 1963 COM2 65 0R0 259 2.6 27.1 55.4 1.0029 0.00 0.0M
300.100 1963 COM2 65 0R0 263 1.4 27.1 55.2 1.0029 0.00 0.0M
360.100 1963 COM2 65 0R0 249 1.8 27.1 55.2 1.0029 0.00 0.0M
420.100 1963 COM2 65 0R0 246 1.5 27.1 55.3 1.0029 0.00 0.0M
480.100 1963 COM2 65 0R0 237 1.2 27.1 55.5 1.0029 0.00 0.0M
540.100 1963 COM2 65 0R0 278 1.4 27.1 55.3 1.0029 0.00 0.0M
600.100 1963 COM2 65 0R0 251 1.5 27.1 55.4 1.0029 0.00 0.0M
660.100 1963 COM2 65 0R0 218 0.5 27.0 55.7 1.0029 0.00 0.0M
720.100 1963 COM2 65 0R0 252 1.6 27.0 55.8 1.0029 0.00 0.0M
780.100 1963 COM2 65 0R0 220 1.7 27.0 56.0 1.0029 0.00 0.0M
840.100 1963 COM2 65 0R0 259 1.5 27.0 56.1 1.0029 0.00 0.0M
900.100 1963 COM2 65 0R0 274 2.1 26.9 56.2 1.0029 0.00 0.0M
960.100 1963 COM2 65 0R0 259 2.3 26.9 56.4 1.0029 0.00 0.0M
1020.100 1963 COM2 65 0R0 221 0.8 26.9 56.4 1.0029 0.00 0.0M
1080.100 1963 COM2 65 0R0 233 1.1 26.8 56.6 1.0029 0.00 0.0M
1140.100 1963 COM2 65 0R0 262 2.4 26.8 56.7 1.0029 0.00 0.0M
1200.100 1963 COM2 65 0R0 270 1.9 26.8 56.9 1.0029 0.00 0.0M
1260.100 1963 COM2 65 0R0 246 1.6 26.8 57.0 1.0029 0.00 0.0M
1320.100 1963 COM2 65 0R0 221 1.6 26.8 57.1 1.0029 0.00 0.0M
1380.000 1963 COM2 65 0R0 240 0.9 26.7 57.3 1.0029 0.00 0.0M
1440.000 1963 COM2 65 0R0 251 1.6 26.7 57.4 1.0029 0.00 0.0M
1500.000 1963 COM2 65 0R0 256 2.6 26.7 57.5 1.0029 0.00 0.0M
1560.000 1963 COM2 65 0R0 268 1.8 26.7 57.6 1.0029 0.00 0.0M
1620.100 1963 COM2 65 0R0 262 1.8 26.7 57.7 1.0029 0.00 0.0M
1680.100 1963 COM2 65 0R0 251 1.6 26.7 57.9 1.0029 0.00 0.0M
1740.000 1963 COM2 65 0R0 181 0.4 26.6 58.0 1.0029 0.00 0.0M
1800.000 1963 COM2 65 0R0 249 2.5 26.6 57.6 1.0029 0.00 0.0M
1860.100 1963 COM2 65 0R0 239 1.1 26.6 58.4 1.0029 0.00 0.0M
1920.100 1963 COM2 65 0R0 281 1.3 26.6 58.6 1.0030 0.00 0.0M
1980.100 1963 COM2 65 0R0 257 1.6 26.6 58.8 1.0029 0.00 0.0M
2040.100 1963 COM2 65 0R0 256 1.0 26.5 58.9 1.0029 0.00 0.0M
2100.100 1963 COM2 65 0R0 272 2.4 26.5 59.1 1.0030 0.00 0.0M
2160.100 1963 COM2 65 0R0 200 0.5 26.5 59.4 1.0029 0.00 0.0M
2220.000 1963 COM2 65 0R0 248 1.6 26.5 59.4 1.0030 0.00 0.0M
2280.000 1963 COM2 65 0R0 242 1.8 26.4 59.8 1.0030 0.00 0.0M
2340.100 1963 COM2 65 0R0 255 1.4 26.4 59.8 1.0030 0.00 0.0M
2400.100 1963 COM2 65 0R0 201 1.2 26.3 60.1 1.0030 0.00 0.0M
2460.000 1963 COM2 65 0R0 248 2.3 26.3 60.3 1.0030 0.00 0.0M
2520.000 1963 COM2 65 0R0 271 1.1 26.3 60.3 1.0030 0.00 0.0M
2580.000 1963 COM2 65 0R0 237 2.0 26.2 60.5 1.0030 0.00 0.0M
2640.000 1963 COM2 65 0R0 261 1.4 26.2 60.6 1.0030 0.00 0.0M
2700.000 1963 COM2 65 0R0 252 1.8 26.2 60.6 1.0030 0.00 0.0M
2760.000 1963 COM2 65 0R0 233 1.2 26.2 60.6 1.0030 0.00 0.0M
2820.000 1963 COM2 65 0R0 254 0.5 26.2 60.8 1.0030 0.00 0.0M
2880.000 1963 COM2 65 0R0 268 0.5 26.1 60.6 1.0030 0.00 0.0M
2940.100 1963 COM2 65 0R0 231 2.0 26.1 60.9 1.0030 0.00 0.0M
3000.100 1963 COM2 65 0R0 274 2.4 26.1 60.7 1.0030 0.00 0.0M
3060.000 1963 COM2 65 0R0 250 2.1 26.1 60.8 1.0030 0.00 0.0M
3120.000 1963 COM2 65 0R0 275 1.4 26.1 60.8 1.0030 0.00 0.0M
3180.100 1963 COM2 65 0R0 283 0.5 26.1 61.1 1.0030 0.00 0.0M
3240.100 1963 COM2 65 0R0 257 1.2 26.1 61.0 1.0030 0.00 0.0M
3300.100 1963 COM2 65 0R0 258 2.6 26.1 61.1 1.0030 0.00 0.0M
3360.000 1963 COM2 65 0R0 301 1.3 26.1 60.7 1.0030 0.00 0.0M
3420.000 1963 COM2 65 0R0 252 2.4 26.1 61.1 1.0030 0.00 0.0M
3480.000 1963 COM2 65 0R0 252 1.2 26.0 60.5 1.0030 0.00 0.0M
3540.000 1963 COM2 65 0R0 276 1.0 26.0 61.0 1.0031 0.00 0.0M
3600.000 1963 COM2 65 0R0 236 1.6 26.0 60.7 1.0031 0.00 0.0M
3660.000 1963 COM2 65 0R0 275 1.8 26.0 60.7 1.0031 0.00 0.0M
3720.000 1963 COM2 65 0R0 262 1.1 26.0 60.7 1.0031 0.00 0.0M
3780.000 1963 COM2 65 0R0 250 1.5 26.0 60.9 1.0031 0.00 0.0M
3840.000 1963 COM2 65 0R0 243 0.5 26.0 60.9 1.0031 0.00 0.0M
3900.000 1963 COM2 65 0R0 257 3.1 26.0 60.8 1.0031 0.00 0.0M
3960.000 1963 COM2 65 0R0 220 1.0 26.0 60.7 1.0032 0.00 0.0M
4020.000 1963 COM2 65 0R0 240 3.2 26.0 61.0 1.0032 0.00 0.0M
4080.000 1963 COM2 65 0R0 244 1.3 25.9 60.9 1.0032 0.00 0.0M
4140.000 1963 COM2 65 0R0 239 0.8 25.9 60.9 1.0032 0.00 0.0M
4200.000 1963 COM2 65 0R0 288 0.9 25.9 60.9 1.0033 0.00 0.0M
4260.000 1963 COM2 65 0R0 216 0.8 25.9 60.9 1.0032 0.00 0.0M
4320.000 1963 COM2 65 0R0 252 2.0 25.9 61.1 1.0033 0.00 0.0M
4380.000 1963 COM2 65 0R0 185 0.7 25.8 60.9 1.0033 0.00 0.0M
4440.000 1963 COM2 65 0R0 246 1.5 25.8 61.1 1.0033 0.00 0.0M
4500.000 1963 COM2 65 0R0 258 2.3 25.8 61.1 1.0033 0.00 0.0M
4560.000 1963 COM2 65 0R0 242 1.7 25.8 61.1 1.0033 0.00 0.0M
4620.000 1963 COM2 65 0R0 250 1.7 25.8 61.0 1.0033 0.00 0.0M
4680.000 1963 COM2 65 0R0 253 2.1 25.7 61.1 1.0033 0.00 0.0M
4740.000 1963 COM2 65 0R0 270 0.6 25.8 60.9 1.0033 0.00 0.0M
4800.000 1963 COM2 65 0R0 257 2.7 25.7 61.3 1.0033 0.00 0.0M
4860.000 1963 COM2 65 0R0 262 3.2 25.7 61.2 1.0034 0.00 0.0M
4920.000 1963 COM2 65 0R0 240 1.6 25.7 61.1 1.0034 0.00 0.0M
4980.000 1963 COM2 65 0R0 235 3.0 25.7 61.2 1.0034 0.00 0.0M
5040.000 1963 COM2 65 0R0 272 1.5 25.7 60.6 1.0034 0.00 0.0M
5100.000 1963 COM2 65 0R0 238 2.4 25.7 61.2 1.0034 0.00 0.0M
5160.000 1963 COM2 65 0R0 219 1.7 25.7 61.1 1.0035 0.00 0.0M
5220.000 1963 COM2 65 0R0 243 1.9 25.7 61.1 1.0035 0.00 0.0M
5280.000 1963 COM2 65 0R0 243 2.3 25.7 61.4 1.0035 0.00 0.0M
5340.000 1963 COM2 65 0R0 240 2.3 25.7 61.3 1.0035 0.00 0.0M
5400.000 1963 COM2 65 0R0 245 2.3 25.6 61.3 1.0035 0.00 0.0M
5460.000 1963 COM2 65 0R0 257 1.6 25.6 61.4 1.0035 0.00 0.0M
5520.000 1963 COM2 65 0R0 245 1.6 25.6 61.5 1.0036 0.00 0.0M
5580.000 1963 COM2 65 0R0 257 1.2 25.6 61.5 1.0036 0.00 0.0M
5640.000 1963 COM2 65 0R0 234 1.4 25.6 61.5 1.0036 0.00 0.0M
5700.000 1963 COM2 65 0R0 260 0.7 25.6 61.6 1.0036 0.00 0.0M
5760.000 1963 COM2 65 0R0 238 2.4 25.6 61.7 1.0036 0.00 0.0M
5820.000 1963 COM2 65 0R0 236 1.7 25.6 61.5 1.0037 0.00 0.0M
5880.000 1963 COM2 65 0R0 245 1.4 25.6 61.1 1.0037 0.00 0.0M
5940.000 1963 COM2 65 0R0 240 1.3 25.6 61.5 1.0038 0.00 0.0M
6000.000 1963 COM2 65 0R0 226 1.1 25.6 61.4 1.0038 0.00 0.0M
6060.000 1963 COM2 65 0R0 247 2.0 25.6 61.6 1.0038 0.00 0.0M
6120.000 1963 COM2 65 0R0 252 0.9 25.6 61.4 1.0038 0.00 0.0M
6180.000 1963 COM2 65 0R0 250 1.3 25.6 61.6 1.0039 0.00 0.0M
6240.000 1963 COM2 65 0R0 243 1.6 25.6 61.3 1.0039 0.00 0.0M
6300.000 1963 COM2 65 0R0 291 1.9 25.6 61.6 1.0039 0.00 0.0M
6360.000 1963 COM2 65 0R0 246 2.6 25.6 61.4 1.0040 0.00 0.0M
6420.000 1963 COM2 65 0R0 247 1.7 25.6 61.5 1.0040 0.00 0.0M
6480.000 1963 COM2 65 0R0 244 2.1 25.6 61.6 1.0040 0.00 0.0M
6540.000 1963 COM2 65 0R0 210 0.4 25.6 61.6 1.0040 0.00 0.0M
6600.000 1963 COM2 65 0R0 249 1.7 25.6 61.6 1.0040 0.00 0.0M
6660.000 1963 COM2 65 0R0 235 2.2 25.6 61.7 1.0040 0.00 0.0M
6720.000 1963 COM2 65 0R0 256 2.9 25.6 61.5 1.0040 0.00 0.0M
6780.000 1963 COM2 65 0R0 256 2.2 25.5 61.5 1.0040 0.00 0.0M
6840.000 1963 COM2 65 0R0 293 1.4 25.5 61.6 1.0040 0.00 0.0M
6900.000 1963 COM2 65 0R0 274 1.9 25.5 61.6 1.0040 0.00 0.0M
6960.000 1963 COM2 65 0R0 307 0.6 25.5 61.4 1.0040 0.00 0.0M
7020.000 1963 COM2 65 0R0 244 1.2 25.5 61.4 1.0040 0.00 0.0M
7080.000 1963 COM2 65 0R0 267 1.7 25.5 61.6 1.0041 0.00 0.0M
7140.000 1963 COM2 65 0R0 240 2.4 25.5 61.9 1.0041 0.00 0.0M
7200.000 1963 COM2 65 0R0 271 1.0 25.5 61.5 1.0041 0.00 0.0M
7260.000 1963 COM2 65 0R0 277 1.6 25.5 61.8 1.0041 0.00 0.0M
7320.000 1963 COM2 65 0R0 218 1.7 25.5 61.8 1.0041 0.00 0.0M
7380.000 1963 COM2 65 0R0 265 1.6 25.5 61.8 1.0041 0.00 0.0M
7440.000 1963 COM2 65 0R0 245 1.6 25.5 61.8 1.0041 0.00 0.0M
7500.000 1963 COM2 65 0R0 245 1.9 25.4 62.0 1.0041 0.00 0.0M
7560.000 1963 COM2 65 0R0 270 2.1 25.4 62.0 1.0041 0.00 0.0M
7620.000 1963 COM2 65 0R0 221 1.1 25.4 61.7 1.0040 0.00 0.0M
7680.000 1963 COM2 65 0R0 245 0.9 25.4 62.1 1.0040 0.00 0.0M
7740.000 1963 COM2 65 0R0 259 1.6 25.4 62.2 1.0040 0.00 0.0M
7800.000 1963 COM2 65 0R0 251 0.9 25.4 62.1 1.0040 0.00 0.0M
7860.000 1963 COM2 65 0R0 241 1.5 25.4 62.1 1.0040 0.00 0.0M
7920.100 1963 COM2 65 0R0 257 1.0 25.4 62.3 1.0040 0.00 0.0M
7980.000 1963 COM2 65 0R0 243 1.5 25.4 62.3 1.0040 0.00 0.0M
8040.000 1963 COM2 65 0R0 253 1.2 25.4 62.2 1.0040 0.00 0.0M
8100.000 1963 COM2 65 0R0 232 1.4 25.4 62.2 1.0040 0.00 0.0M
8160.000 1963 COM2 65 0R0 252 1.1 25.4 62.2 1.0039 0.00 0.0M
8220.000 1963 COM2 65 0R0 245 1.4 25.4 62.2 1.0039 0.00 0.0M
8280.000 1963 COM2 65 0R0 228 1.0 25.3 62.3 1.0039 0.00 0.0M
8340.000 1963 COM2 65 0R0 274 0.6 25.4 62.0 1.0039 0.00 0.0M
8400.000 1963 COM2 65 0R0 249 1.8 25.3 62.1 1.0039 0.00 0.0M
8460.000 1963 COM2 65 0R0 240 2.2 25.4 62.1 1.0039 0.00 0.0M
8520.000 1963 COM2 65 0R0 248 1.3 25.4 62.0 1.0039 0.00 0.0M
8580.000 1963 COM2 65 0R0 241 1.9 25.4 62.1 1.0040 0.00 0.0M
8640.000 1963 COM2 65 0R0 253 0.9 25.4 62.0 1.0040 0.00 0.0M
8700.000 1963 COM2 65 0R0 165 0.5 25.3 62.2 1.0041 0.00 0.0M
8760.000 1963 COM2 65 0R0 279 1.2 25.3 62.4 1.0041 0.00 0.0M
8820.000 1963 COM2 65 0R0 282 1.0 25.3 62.4 1.0041 0.00 0.0M
8880.000 1963 COM2 65 0R0 285 2.8 25.3 62.6 1.0041 0.00 0.0M
8940.000 1963 COM2 65 0R0 209 3.1 25.3 63.0 1.0041 0.00 0.0M
9000.000 1963 COM2 65 0R0 293 1.7 25.3 62.9 1.0041 0.00 0.0M
9060.000 1963 COM2 65 0R0 274 2.1 25.2 63.0 1.0042 0.00 0.0M
9120.000 1963 COM2 65 0R0 287 4.1 25.2 63.3 1.0042 0.00 0.0M
9180.000 1963 COM2 65 0R0 228 2.4 25.2 63.4 1.0042 0.00 0.0M
9240.000 1963 COM2 65 0R0 232 1.5 25.2 63.7 1.0042 0.00 0.0M
9300.000 1963 COM2 65 0R0 251 1.8 25.2 63.8 1.0042 0.00 0.0M
9360.000 1963 COM2 65 0R0 246 0.5 25.1 64.3 1.0041 0.00 0.0M
9420.000 1963 COM2 65 0R0 237 1.7 25.1 64.6 1.0040 0.00 0.0M
9480.000 1963 COM2 65 0R0 219 0.6 25.0 64.7 1.0040 0.00 0.0M
9540.000 1963 COM2 65 0R0 199 1.3 25.0 65.0 1.0040 0.00 0.0M
9600.000 1963 COM2 65 0R0 274 1.3 24.9 65.4 1.0040 0.00 0.0M
9660.000 1963 COM2 65 0R0 254 3.0 24.9 65.6 1.0040 0.00 0.0M
9720.000 1963 COM2 65 0R0 238 2.6 24.8 65.7 1.0040 0.00 0.0M
9780.000 1963 COM2 65 0R0 218 0.9 24.8 65.7 1.0040 0.00 0.0M
9840.000 1963 COM2 65 0R0 282 1.7 24.8 65.6 1.0039 0.00 0.0M
9900.000 1963 COM2 65 0R0 253 2.0 24.8 66.0 1.0039 0.00 0.0M
9960.000 1963 COM2 65 0R0 251 1.1 24.8 66.0 1.0039 0.00 0.0M
10020.000 1963 COM2 65 0R0 266 0.9 24.7 66.3 1.0040 0.00 0.0M
10080.000 1963 COM2 65 0R0 229 0.9 24.7 66.2 1.0039 0.00 0.0M
10140.000 1963 COM2 65 0R0 236 3.0 24.7 66.4 1.0039 0.00 0.0M
10200.000 1963 COM2 65 0R0 212 1.0 24.7 66.4 1.0039 0.00 0.0M
10260.000 1963 COM2 65 0R0 263 2.1 24.6 66.5 1.0040 0.00 0.0M
10320.000 1963 COM2 65 0R0 234 2.8 24.6 66.7 1.0041 0.00 0.0M
10380.000 1963 COM2 65 0R0 221 2.1 24.6 66.8 1.0042 0.00 0.0M
10440.000 1963 COM2 65 0R0 254 2.7 24.5 67.1 1.0042 0.00 0.0M
10500.000 1963 COM2 65 0R0 259 3.2 24.5 67.1 1.0042 0.00 0.0M
10560.000 1963 COM2 65 0R0 241 2.4 24.5 67.1 1.0042 0.00 0.0M
10620.000 1963 COM2 65 0R0 218 2.1 24.4 67.2 1.0042 0.00 0.0M
10680.000 1963 COM2 65 0R0 262 1.3 24.4 67.3 1.0042 0.00 0.0M
10740.000 1963 COM2 65 0R0 226 2.7 24.3 67.3 1.0041 0.00 0.0M
10800.000 1963 COM2 65 0R0 170 1.8 24.3 67.1 1.0040 0.00 0.0M
10860.000 1963 COM2 65 0R0 145 0.4 24.3 67.0 1.0039 0.00 0.0M
10920.000 1963 COM2 65 0R0 217 0.5 24.3 67.3 1.0038 0.00 0.0M
10980.000 1963 COM2 65 0R0 237 0.9 24.3 66.8 1.0038 0.00 0.0M
11040.100 1963 COM2 65 0R0 213 1.7 24.2 66.5 1.0039 0.00 0.0M
11100.000 1963 COM2 65 0R0 202 1.4 24.2 66.5 1.0039 0.00 0.0M
11160.000 1963 COM2 65 0R0 184 1.0 24.2 66.3 1.0038 0.00 0.0M
11220.000 1963 COM2 65 0R0 239 2.3 24.3 66.3 1.0038 0.00 0.0M
11280.000 1963 COM2 65 0R0 232 1.7 24.3 66.3 1.0039 0.00 0.0M
11340.000 1963 COM2 65 0R0 237 2.7 24.3 66.4 1.0040 0.00 0.0M
11400.000 1963 COM2 65 0R0 258 1.0 24.3 66.3 1.0040 0.00 0.0M
11460.000 1963 COM2 65 0R0 232 1.6 24.3 66.2 1.0040 0.00 0.0M
11520.000 1963 COM2 65 0R0 218 1.1 24.3 66.4 1.0040 0.00 0.0M
11580.000 1963 COM2 65 0R0 264 0.6 24.2 66.4 1.0040 0.00 0.0M
11640.000 1963 COM2 65 0R0 241 2.2 24.2 66.6 1.0041 0.00 0.0M
11700.100 1963 COM2 65 0R0 248 0.5 24.2 66.5 1.0041 0.00 0.0M
11760.000 1963 COM2 65 0R0 260 1.9 24.2 66.4 1.0041 0.00 0.0M
11820.000 1963 COM2 65 0R0 249 1.2 24.2 66.4 1.0042 0.00 0.0M
11880.000 1963 COM2 65 0R0 243 2.3 24.2 66.3 1.0042 0.00 0.0M
11940.000 1963 COM2 65 0R0 209 0.7 24.2 66.1 1.0042 0.00 0.0M
12000.000 1963 COM2 65 0R0 232 1.4 24.2 66.6 1.0042 0.00 0.0M
12060.000 1963 COM2 65 0R0 244 2.8 24.2 66.2 1.0042 0.00 0.0M
12120.000 1963 COM2 65 0R0 251 2.2 24.1 65.9 1.0042 0.00 0.0M
12180.000 1963 COM2 65 0R0 224 0.8 24.1 66.0 1.0042 0.00 0.0M
12240.000 1963 COM2 65 0R0 244 1.2 24.1 65.7 1.0043 0.00 0.0M
12300.000 1963 COM2 65 0R0 274 2.2 24.1 65.8 1.0043 0.00 0.0M
12360.000 1963 COM2 65 0R0 240 3.0 24.1 65.8 1.0043 0.00 0.0M
12420.000 1963 COM2 65 0R0 245 1.2 24.1 65.5 1.0044 0.00 0.0M
12480.000 1963 COM2 65 0R0 253 3.4 24.1 65.7 1.0044 0.00 0.0M
12540.100 1963 COM2 65 0R0 241 2.3 24.1 65.3 1.0044 0.00 0.0M
12600.000 1963 COM2 65 0R0 242 1.1 24.1 65.4 1.0045 0.00 0.0M
12660.000 1963 COM2 65 0R0 250 1.8 24.1 65.5 1.0045 0.00 0.0M
12720.000 1963 COM2 65 0R0 304 1.1 24.0 65.7 1.0045 0.00 0.0M
12780.000 1963 COM2 65 0R0 237 1.0 24.0 65.9 1.0046 0.00 0.0M
12840.000 1963 COM2 65 0R0 289 2.4 24.0 65.9 1.0046 0.00 0.0M
12900.000 1963 COM2 65 0R0 281 1.0 24.0 65.6 1.0047 0.00 0.0M
12960.100 1963 COM2 65 0R0 280 2.6 24.0 66.1 1.0047 0.00 0.0M
13020.100 1963 COM2 65 0R0 294 1.7 24.0 65.7 1.0047 0.00 0.0M
13080.000 1963 COM2 65 0R0 246 3.4 23.9 65.9 1.0047 0.00 0.0M
13140.100 1963 COM2 65 0R0 243 1.4 23.9 65.6 1.0046 0.00 0.0M
13200.100 1963 COM2 65 0R0 260 1.3 23.9 65.7 1.0047 0.00 0.0M
13260.000 1963 COM2 65 0R0 286 1.3 23.9 65.7 1.0046 0.00 0.0M
13320.000 1963 COM2 65 0R0 285 1.9 23.8 65.3 1.0046 0.00 0.0M
13380.000 1963 COM2 65 0R0 270 1.3 23.8 65.7 1.0046 0.00 0.0M
13440.000 1963 COM2 65 0R0 204 0.8 23.8 65.8 1.0046 0.00 0.0M
13500.000 1963 COM2 65 0R0 251 0.6 23.8 66.0 1.0046 0.00 0.0M
13560.100 1963 COM2 65 0R0 227 0.5 23.7 65.8 1.0046 0.00 0.0M
13620.100 1963 COM2 65 0R0 252 0.7 23.7 65.9 1.0046 0.00 0.0M
13680.100 1963 COM2 65 0R0 258 1.2 23.7 66.0 1.0046 0.00 0.0M
13740.000 1963 COM2 65 0R0 275 1.2 23.7 65.4 1.0046 0.00 0.0M
13800.000 1963 COM2 65 0R0 303 0.8 23.6 66.1 1.0046 0.00 0.0M
13860.100 1963 COM2 65 0R0 268 2.9 23.6 66.0 1.0046 0.00 0.0M
13920.000 1963 COM2 65 0R0 236 0.9 23.6 65.3 1.0046 0.00 0.0M
13980.000 1963 COM2 65 0R0 291 0.8 23.5 65.8 1.0046 0.00 0.0M
14040.000 1963 COM2 65 0R0 290 1.5 23.5 65.9 1.0046 0.00 0.0M
14100.100 1963 COM2 65 0R0 284 1.6 23.5 66.3 1.0047 0.00 0.0M
14160.000 1963 COM2 65 0R0 297 2.4 23.4 66.5 1.0047 0.00 0.0M
14220.100 1963 COM2 65 0R0 228 0.5 23.4 66.7 1.0047 0.00 0.0M
14280.000 1963 COM2 65 0R0 272 2.7 23.3 66.8 1.0047 0.00 0.0M
14340.000 1963 COM2 65 0R0 283 3.5 23.3 66.9 1.0047 0.00 0.0M
14400.000 1963 COM2 65 0R0 288 1.3 23.3 67.4 1.0047 0.00 0.0M
14460.000 1963 COM2 65 0R0 265 2.5 23.2 67.7 1.0047 0.00 0.0M
14520.000 1963 COM2 65 0R0 288 1.4 23.1 67.5 1.0047 0.00 0.0M
14580.100 1963 COM2 65 0R0 274 1.2 23.1 67.8 1.0046 0.00 0.0M
14640.000 1963 COM2 65 0R0 223 0.8 23.1 68.0 1.0046 0.00 0.0M
14700.000 1963 COM2 65 0R0 264 1.1 23.1 68.2 1.0046 0.00 0.0M
14760.000 1963 COM2 65 0R0 255 0.4 23.1 67.8 1.0046 0.00 0.0M
14820.000 1963 COM2 65 0R0 234 0.5 23.0 68.0 1.0047 0.00 0.0M
14880.000 1963 COM2 65 0R0 237 0.5 23.0 67.9 1.0047 0.00 0.0M
14940.000 1963 COM2 65 0R0 178 0.6 23.0 68.0 1.0047 0.00 0.0M
15000.100 1963 COM2 65 0R0 258 0.5 23.0 68.0 1.0047 0.00 0.0M
15060.000 1963 COM2 65 0R0 266 0.6 23.0 67.9 1.0048 0.00 0.0M
15120.000 1963 COM2 65 0R0 242 2.0 23.0 67.7 1.0048 0.00 0.0M
15180.000 1963 COM2 65 0R0 277 2.0 22.9 67.4 1.0048 0.00 0.0M
15240.000 1963 COM2 65 0R0 070 0.5 22.9 67.5 1.0048 0.00 0.0M
15300.000 1963 COM2 65 0R0 262 1.0 22.9 67.8 1.0048 0.00 0.0M
15360.000 1963 COM2 65 0R0 241 0.6 22.9 67.5 1.0049 0.00 0.0M
15420.000 1963 COM2 65 0R0 280 1.8 22.8 67.9 1.0049 0.00 0.0M
15480.000 1963 COM2 65 0R0 239 1.7 22.8 67.7 1.0049 0.00 0.0M
15540.000 1963 COM2 65 0R0 274 2.0 22.8 67.7 1.0049 0.00 0.0M
15600.000 1963 COM2 65 0R0 228 1.3 22.7 67.4 1.0048 0.00 0.0M
15660.000 1963 COM2 65 0R0 226 1.1 22.7 67.4 1.0049 0.00 0.0M
15720.000 1963 COM2 65 0R0 237 1.6 22.7 67.8 1.0049 0.00 0.0M
15780.000 1963 COM2 65 0R0 242 1.2 22.6 67.5 1.0049 0.00 0.0M
15840.000 1963 COM2 65 0R0 247 1.6 22.6 67.9 1.0049 0.00 0.0M
15900.000 1963 COM2 65 0R0 274 2.0 22.6 68.0 1.0049 0.00 0.0M
15960.000 1963 COM2 65 0R0 295 1.6 22.6 66.9 1.0049 0.00 0.0M
16020.000 1963 COM2 65 0R0 252 2.0 22.6 67.3 1.0049 0.00 0.0M
16080.000 1963 COM2 65 0R0 227 1.0 22.5 66.9 1.0050 0.00 0.0M
16140.000 1963 COM2 65 0R0 310 2.3 22.5 67.1 1.0050 0.00 0.0M
16200.000 1963 COM2 65 0R0 264 0.8 22.5 65.8 1.0050 0.00 0.0M
16260.000 1963 COM2 65 0R0 250 2.2 22.5 66.8 1.0050 0.00 0.0M
16320.000 1963 COM2 65 0R0 295 1.0 22.4 66.7 1.0050 0.00 0.0M
16380.000 1963 COM2 65 0R0 247 3.2 22.4 66.6 1.0050 0.00 0.0M
16440.000 1963 COM2 65 0R0 247 0.9 22.4 66.7 1.0050 0.00 0.0M
16500.000 1963 COM2 65 0R0 183 0.8 22.4 66.8 1.0050 0.00 0.0M
16560.000 1963 COM2 65 0R0 275 1.9 22.3 66.8 1.0050 0.00 0.0M
16620.000 1963 COM2 65 0R0 273 1.3 22.3 66.5 1.0050 0.00 0.0M
16680.000 1963 COM2 65 0R0 172 0.6 22.3 66.8 1.0050 0.00 0.0M
16740.000 1963 COM2 65 0R0 280 2.2 22.3 66.8 1.0049 0.00 0.0M
16800.000 1963 COM2 65 0R0 272 3.3 22.3 66.8 1.0049 0.00 0.0M
16860.200 1963 COM2 65 0R0 284 3.5 22.3 66.7 1.0049 0.00 0.0M
16920.000 1963 COM2 65 0R0 265 2.6 22.3 66.9 1.0049 0.00 0.0M
16980.000 1963 COM2 65 0R0 258 2.0 22.2 67.0 1.0049 0.00 0.0M
17040.000 1963 COM2 65 0R0 254 1.3 22.2 67.2 1.0049 0.00 0.0M
17100.000 1963 COM2 65 0R0 314 2.2 22.2 67.3 1.0048 0.00 0.0M
17160.000 1963 COM2 65 0R0 242 0.8 22.2 66.8 1.0049 0.00 0.0M
17220.000 1963 COM2 65 0R0 267 1.2 22.2 67.1 1.0049 0.00 0.0M
17280.000 1963 COM2 65 0R0 251 0.4 22.2 67.1 1.0049 0.00 0.0M
17340.000 1963 COM2 65 0R0 237 0.9 22.2 67.1 1.0049 0.00 0.0M
17400.000 1963 COM2 65 0R0 290 0.5 22.2 67.3 1.0050 0.00 0.0M
17460.000 1963 COM2 65 0R0 262 1.2 22.1 67.3 1.0050 0.00 0.0M
17520.000 1963 COM2 65 0R0 270 1.3 22.1 67.3 1.0050 0.00 0.0M
17580.000 1963 COM2 65 0R0 266 1.3 22.1 67.3 1.0050 0.00 0.0M
17640.000 1963 COM2 65 0R0 205 1.5 22.1 67.4 1.0050 0.00 0.0M
17700.000 1963 COM2 65 0R0 264 1.9 22.1 67.4 1.0050 0.00 0.0M
17760.000 1963 COM2 65 0R0 218 2.4 22.0 67.4 1.0050 0.00 0.0M
17820.000 1963 COM2 65 0R0 264 3.9 22.0 67.6 1.0050 0.00 0.0M
17880.000 1963 COM2 65 0R0 243 2.3 22.0 67.7 1.0050 0.00 0.0M
17940.000 1963 COM2 65 0R0 257 0.9 21.9 67.8 1.0050 0.00 0.0M
18000.000 1963 COM2 65 0R0 260 1.9 21.9 68.1 1.0050 0.00 0.0M
18060.000 1963 COM2 65 0R0 289 2.9 21.8 68.0 1.0050 0.00 0.0M
18120.000 1963 COM2 65 0R0 293 1.5 21.8 68.2 1.0050 0.00 0.0M
18180.000 1963 COM2 65 0R0 289 1.1 21.8 68.5 1.0051 0.00 0.0M
18240.000 1963 COM2 65 0R0 283 0.6 21.7 68.7 1.0051 0.00 0.0M
18300.000 1963 COM2 65 0R0 232 1.3 21.7 68.8 1.0051 0.00 0.0M
18360.000 1963 COM2 65 0R0 276 2.3 21.7 68.8 1.0051 0.00 0.0M
18420.000 1963 COM2 65 0R0 292 2.0 21.7 68.9 1.0051 0.00 0.0M
18480.000 1963 COM2 65 0R0 246 0.7 21.7 69.0 1.0051 0.00 0.0M
18540.000 1963 COM2 65 0R0 273 3.5 21.6 69.0 1.0051 0.00 0.0M
18600.000 1963 COM2 65 0R0 281 3.6 21.6 68.9 1.0051 0.00 0.0M
18660.000 1963 COM2 65 0R0 284 2.5 21.6 69.0 1.0052 0.00 0.0M
18720.000 1963 COM2 65 0R0 302 2.0 21.5 69.2 1.0052 0.00 0.0M
18780.000 1963 COM2 65 0R0 266 1.3 21.5 69.3 1.0052 0.00 0.0M
18840.000 1963 COM2 65 0R0 200 0.7 21.5 69.5 1.0052 0.00 0.0M
18900.000 1963 COM2 65 0R0 355 0.6 21.5 69.5 1.0052 0.00 0.0M
18960.000 1963 COM2 65 0R0 248 1.4 21.5 69.4 1.0052 0.00 0.0M
19020.000 1963 COM2 65 0R0 233 0.6 21.5 69.5 1.0052 0.00 0.0M
19080.000 1963 COM2 65 0R0 257 3.1 21.5 69.6 1.0051 0.00 0.0M
19140.000 1963 COM2 65 0R0 269 3.5 21.5 69.7 1.0051 0.00 0.0M
19200.000 1963 COM2 65 0R0 274 1.7 21.4 69.7 1.0051 0.00 0.0M
19260.000 1963 COM2 65 0R0 197 0.5 21.4 69.9 1.0051 0.00 0.0M
19320.000 1963 COM2 65 0R0 278 1.2 21.4 70.0 1.0052 0.00 0.0M
19380.000 1963 COM2 65 0R0 251 1.3 21.4 70.0 1.0052 0.00 0.0M
19440.000 1963 COM2 65 0R0 225 1.0 21.3 70.2 1.0052 0.00 0.0M
19500.000 1963 COM2 65 0R0 243 2.7 21.3 70.1 1.0052 0.00 0.0M
19560.000 1963 COM2 65 0R0 210 0.4 21.3 70.3 1.0052 0.00 0.0M
19620.000 1963 COM2 65 0R0 221 0.9 21.3 70.3 1.0052 0.00 0.0M
19680.000 1963 COM2 65 0R0 242 1.0 21.3 70.5 1.0052 0.00 0.0M
19740.000 1963 COM2 65 0R0 247 0.9 21.3 70.6 1.0053 0.00 0.0M
19800.000 1963 COM2 65 0R0 304 0.4 21.3 70.4 1.0053 0.00 0.0M
19860.000 1963 COM2 65 0R0 227 1.8 21.3 70.6 1.0052 0.00 0.0M
19920.000 1963 COM2 65 0R0 249 0.7 21.3 70.6 1.0052 0.00 0.0M
19980.000 1963 COM2 65 0R0 283 2.3 21.2 70.6 1.0052 0.00 0.0M
20040.000 1963 COM2 65 0R0 236 2.0 21.2 70.6 1.0052 0.00 0.0M
20100.000 1963 COM2 65 0R0 290 1.0 21.2 70.6 1.0053 0.00 0.0M
20160.000 1963 COM2 65 0R0 278 0.7 21.2 70.8 1.0053 0.00 0.0M
20220.000 1963 COM2 65 0R0 273 3.2 21.2 70.9 1.0053 0.00 0.0M
20280.000 1963 COM2 65 0R0 256 1.4 21.2 70.6 1.0053 0.00 0.0M
20340.000 1963 COM2 65 0R0 211 0.4 21.1 71.0 1.0052 0.00 0.0M
20400.000 1963 COM2 65 0R0 231 2.2 21.1 70.9 1.0053 0.00 0.0M
20460.000 1963 COM2 65 0R0 232 2.3 21.1 71.1 1.0053 0.00 0.0M
20520.000 1963 COM2 65 0R0 254 1.1 21.1 71.2 1.0052 0.00 0.0M
20580.000 1963 COM2 65 0R0 251 0.9 21.1 71.3 1.0053 0.00 0.0M
20640.000 1963 COM2 65 0R0 242 2.5 21.0 71.5 1.0053 0.00 0.0M
20700.000 1963 COM2 65 0R0 347 0.6 21.0 71.6 1.0052 0.00 0.0M
20760.000 1963 COM2 65 0R0 247 2.2 21.0 71.6 1.0052 0.00 0.0M
20820.000 1963 COM2 65 0R0 259 1.7 20.9 71.7 1.0052 0.00 0.0M
20880.000 1963 COM2 65 0R0 281 1.4 20.9 71.9 1.0052 0.00 0.0M
20940.000 1963 COM2 65 0R0 223 0.8 20.9 72.1 1.0052 0.00 0.0M
21000.000 1963 COM2 65 0R0 267 1.7 20.9 72.2 1.0052 0.00 0.0M
21060.000 1963 COM2 65 0R0 251 1.0 20.9 72.2 1.0053 0.00 0.0M
21120.000 1963 COM2 65 0R0 243 1.0 20.8 72.4 1.0053 0.00 0.0M
21180.000 1963 COM2 65 0R0 270 2.2 20.8 72.5 1.0053 0.00 0.0M
21240.000 1963 COM2 65 0R0 241 0.4 20.8 72.4 1.0053 0.00 0.0M
21300.000 1963 COM2 65 0R0 254 1.9 20.8 72.7 1.0053 0.00 0.0M
21360.000 1963 COM2 65 0R0 257 2.2 20.7 72.7 1.0053 0.00 0.0M
21420.000 1963 COM2 65 0R0 271 1.1 20.7 72.8 1.0053 0.00 0.0M
21480.000 1963 COM2 65 0R0 220 0.5 20.7 72.7 1.0053 0.00 0.0M
21540.000 1963 COM2 65 0R0 235 1.2 20.7 72.8 1.0053 0.00 0.0M
21600.000 1963 COM2 65 0R0 269 0.8 20.7 72.6 1.0053 0.00 0.0M
21660.000 1963 COM2 65 0R0 135 0.3 20.7 72.9 1.0053 0.00 0.0M
21720.000 1963 COM2 65 0R0 247 0.9 20.7 72.9 1.0053 0.00 0.0M
21780.100 1963 COM2 65 0R0 241 0.6 20.7 72.8 1.0053 0.00 0.0M
21840.000 1963 COM2 65 0R0 284 0.4 20.7 72.8 1.0053 0.00 0.0M
21900.000 1963 COM2 65 0R0 264 1.2 20.6 73.1 1.0053 0.00 0.0M
21960.000 1963 COM2 65 0R0 231 2.1 20.6 73.3 1.0053 0.00 0.0M
22020.000 1963 COM2 65 0R0 226 1.6 20.6 73.4 1.0053 0.00 0.0M
22080.000 1963 COM2 65 0R0 237 1.1 20.6 73.3 1.0053 0.00 0.0M
22140.000 1963 COM2 65 0R0 304 1.1 20.6 73.4 1.0053 0.00 0.0M
22200.000 1963 COM2 65 0R0 100 0.2 20.6 73.4 1.0053 0.00 0.0M
22260.000 1963 COM2 65 0R0 286 1.3 20.6 73.6 1.0053 0.00 0.0M
22320.000 1963 COM2 65 0R0 235 1.1 20.5 73.6 1.0053 0.00 0.0M
22380.000 1963 COM2 65 0R0 261 1.9 20.5 73.7 1.0053 0.00 0.0M
22440.000 1963 COM2 65 0R0 256 4.1 20.5 73.9 1.0053 0.00 0.0M
22500.000 1963 COM2 65 0R0 272 2.8 20.4 73.9 1.0053 0.00 0.0M
22560.000 1963 COM2 65 0R0 277 3.0 20.4 74.0 1.0054 0.00 0.0M
22620.000 1963 COM2 65 0R0 297 1.7 20.4 74.1 1.0054 0.00 0.0M
22680.000 1963 COM2 65 0R0 247 0.8 20.4 74.2 1.0054 0.00 0.0M
22740.000 1963 COM2 65 0R0 303 3.1 20.3 74.5 1.0054 0.00 0.0M
22800.000 1963 COM2 65 0R0 276 2.2 20.3 74.5 1.0054 0.00 0.0M
22860.000 1963 COM2 65 0R0 221 0.6 20.3 74.7 1.0054 0.00 0.0M
22920.000 1963 COM2 65 0R0 289 1.1 20.3 74.8 1.0054 0.00 0.0M
22980.000 1963 COM2 65 0R0 250 2.0 20.3 74.9 1.0054 0.00 0.0M
23040.000 1963 COM2 65 0R0 266 1.2 20.3 75.0 1.0054 0.00 0.0M
23100.000 1963 COM2 65 0R0 232 1.7 20.2 75.0 1.0054 0.00 0.0M
23160.000 1963 COM2 65 0R0 253 1.5 20.2 75.1 1.0054 0.00 0.0M
23220.000 1963 COM2 65 0R0 255 1.0 20.2 75.0 1.0054 0.00 0.0M
23280.000 1963 COM2 65 0R0 256 2.1 20.2 74.9 1.0054 0.00 0.0M
23340.000 1963 COM2 65 0R0 276 0.7 20.2 74.9 1.0054 0.00 0.0M
23400.000 1963 COM2 65 0R0 246 1.8 20.2 75.1 1.0054 0.00 0.0M
23460.000 1963 COM2 65 0R0 266 1.1 20.2 75.2 1.0054 0.00 0.0M
23520.000 1963 COM2 65 0R0 279 2.1 20.2 75.2 1.0054 0.00 0.0M
23580.000 1963 COM2 65 0R0 233 1.9 20.2 75.2 1.0055 0.00 0.0M
23640.000 1963 COM2 65 0R0 239 1.7 20.2 75.3 1.0055 0.00 0.0M
23700.000 1963 COM2 65 0R0 273 1.1 20.2 75.5 1.0055 0.00 0.0M
23760.000 1963 COM2 65 0R0 222 1.0 20.1 75.7 1.0055 0.00 0.0M
23820.000 1963 COM2 65 0R0 215 1.5 20.1 75.8 1.0055 0.00 0.0M
23880.000 1963 COM2 65 0R0 244 1.5 20.1 75.7 1.0055 0.00 0.0M
23940.000 1963 COM2 65 0R0 251 1.4 20.1 76.1 1.0055 0.00 0.0M
24000.000 1963 COM2 65 0R0 293 2.2 20.0 76.3 1.0055 0.00 0.0M
24060.000 1963 COM2 65 0R0 253 2.3 20.0 76.1 1.0055 0.00 0.0M
24120.000 1963 COM2 65 0R0 233 1.4 20.0 76.4 1.0055 0.00 0.0M
24180.000 1963 COM2 65 0R0 236 1.2 20.0 76.4 1.0055 0.00 0.0M
24240.000 1963 COM2 65 0R0 284 0.6 20.0 76.4 1.0055 0.00 0.0M
24300.000 1963 COM2 65 0R0 269 0.7 20.0 76.6 1.0054 0.00 0.0M
24360.000 1963 COM2 65 0R0 280 1.1 19.9 76.7 1.0054 0.00 0.0M
24420.000 1963 COM2 65 0R0 279 2.4 19.9 76.5 1.0054 0.00 0.0M
24480.000 1963 COM2 65 0R0 163 0.6 19.9 76.7 1.0054 0.00 0.0M
24540.000 1963 COM2 65 0R0 253 0.9 19.9 76.6 1.0054 0.00 0.0M
24600.000 1963 COM2 65 0R0 254 2.5 19.9 76.8 1.0054 0.00 0.0M
24660.000 1963 COM2 65 0R0 262 1.7 19.9 76.6 1.0054 0.00 0.0M
24720.000 1963 COM2 65 0R0 198 0.8 19.9 76.6 1.0054 0.00 0.0M
24780.000 1963 COM2 65 0R0 312 1.3 19.9 76.5 1.0055 0.00 0.0M
24840.000 1963 COM2 65 0R0 272 1.1 19.9 76.7 1.0055 0.00 0.0M
24900.000 1963 COM2 65 0R0 280 2.0 19.8 76.8 1.0055 0.00 0.0M
24960.000 1963 COM2 65 0R0 256 1.7 19.8 76.9 1.0055 0.00 0.0M
25020.000 1963 COM2 65 0R0 256 1.2 19.8 76.7 1.0055 0.00 0.0M
25080.000 1963 COM2 65 0R0 208 0.6 19.8 76.8 1.0055 0.00 0.0M
25140.000 1963 COM2 65 0R0 272 2.5 19.8 76.9 1.0055 0.00 0.0M
25200.000 1963 COM2 65 0R0 263 2.9 19.8 76.8 1.0055 0.00 0.0M
25260.000 1963 COM2 65 0R0 289 1.2 19.8 76.9 1.0055 0.00 0.0M
25320.100 1963 COM2 65 0R0 245 1.5 19.8 77.0 1.0055 0.00 0.0M
25380.000 1963 COM2 65 0R0 279 1.6 19.8 77.1 1.0055 0.00 0.0M
25440.000 1963 COM2 65 0R0 267 1.8 19.7 77.3 1.0056 0.00 0.0M
25500.000 1963 COM2 65 0R0 287 2.2 19.7 77.4 1.0055 0.00 0.0M
25560.000 1963 COM2 65 0R0 297 3.4 19.7 77.4 1.0056 0.00 0.0M
25620.000 1963 COM2 65 0R0 254 1.0 19.7 77.3 1.0055 0.00 0.0M
25680.000 1963 COM2 65 0R0 283 1.2 19.7 77.5 1.0055 0.00 0.0M
25740.000 1963 COM2 65 0R0 272 3.0 19.7 77.6 1.0056 0.00 0.0M
25800.000 1963 COM2 65 0R0 297 2.9 19.6 77.6 1.0056 0.00 0.0M
25860.000 1963 COM2 65 0R0 165 1.1 19.6 77.6 1.0056 0.00 0.0M
25920.000 1963 COM2 65 0R0 254 1.7 19.6 77.7 1.0055 0.00 0.0M
25980.000 1963 COM2 65 0R0 281 3.0 19.6 77.8 1.0055 0.00 0.0M
26040.000 1963 COM2 65 0R0 277 3.0 19.6 77.9 1.0055 0.00 0.0M
26100.000 1963 COM2 65 0R0 353 1.3 19.5 77.8 1.0055 0.00 0.0M
26160.100 1963 COM2 65 0R0 316 1.6 19.5 77.9 1.0056 0.00 0.0M
26220.100 1963 COM2 65 0R0 068 0.7 19.5 78.0 1.0055 0.00 0.0M
26280.100 1963 COM2 65 0R0 240 1.6 19.5 77.9 1.0055 0.00 0.0M
26340.100 1963 COM2 65 0R0 282 0.9 19.5 78.0 1.0056 0.00 0.0M
26400.100 1963 COM2 65 0R0 291 2.7 19.5 78.2 1.0056 0.00 0.0M
26460.100 1963 COM2 65 0R0 284 4.4 19.5 78.0 1.0056 0.00 0.0M
26520.100 1963 COM2 65 0R0 261 0.9 19.5 78.2 1.0056 0.00 0.0M
26580.100 1963 COM2 65 0R0 273 1.7 19.4 78.4 1.0056 0.00 0.0M
26640.100 1963 COM2 65 0R0 266 1.8 19.4 78.4 1.0056 0.00 0.0M
26700.100 1963 COM2 65 0R0 256 1.2 19.4 78.4 1.0056 0.00 0.0M
26760.100 1963 COM2 65 0R0 258 1.7 19.4 78.5 1.0056 0.00 0.0M
26820.100 1963 COM2 65 0R0 255 1.2 19.4 78.6 1.0056 0.00 0.0M
26880.100 1963 COM2 65 0R0 300 1.4 19.4 78.6 1.0056 0.00 0.0M
26940.100 1963 COM2 65 0R0 268 2.3 19.4 78.7 1.0056 0.00 0.0M
27000.100 1963 COM2 65 0R0 283 2.6 19.3 78.8 1.0057 0.00 0.0M
27060.100 1963 COM2 65 0R0 295 0.8 19.3 78.7 1.0057 0.00 0.0M
27120.100 1963 COM2 65 0R0 277 1.5 19.3 78.9 1.0057 0.00 0.0M
27180.100 1963 COM2 65 0R0 259 1.9 19.3 78.8 1.0057 0.00 0.0M
27240.100 1963 COM2 65 0R0 268 1.7 19.3 79.0 1.0057 0.00 0.0M
27300.100 1963 COM2 65 0R0 228 0.7 19.3 79.1 1.0057 0.00 0.0M
27360.100 1963 COM2 65 0R0 265 1.2 19.3 79.2 1.0058 0.00 0.0M
27420.100 1963 COM2 65 0R0 262 3.7 19.3 79.2 1.0058 0.00 0.0M
27480.100 1963 COM2 65 0R0 108 0.8 19.2 79.3 1.0058 0.00 0.0M
27540.100 1963 COM2 65 0R0 188 1.5 19.2 79.5 1.0058 0.00 0.0M
27600.100 1963 COM2 65 0R0 284 1.9 19.2 79.5 1.0058 0.00 0.0M
27660.000 1963 COM2 65 0R0 262 2.8 19.2 79.6 1.0058 0.00 0.0M
27720.000 1963 COM2 65 0R0 265 1.2 19.2 79.7 1.0058 0.00 0.0M
27780.000 1963 COM2 65 0R0 216 0.3 19.2 79.7 1.0058 0.00 0.0M
27840.000 1963 COM2 65 0R0 283 0.7 19.2 79.7 1.0058 0.00 0.0M
27900.000 1963 COM2 65 0R0 278 2.0 19.2 79.8 1.0058 0.00 0.0M
27960.000 1963 COM2 65 0R0 303 0.5 19.2 79.6 1.0058 0.00 0.0M
28020.000 1963 COM2 65 0R0 238 1.6 19.2 79.7 1.0059 0.00 0.0M
28080.000 1963 COM2 65 0R0 267 1.0 19.2 79.7 1.0059 0.00 0.0M
28140.000 1963 COM2 65 0R0 352 0.9 19.2 79.8 1.0059 0.00 0.0M
28200.000 1963 COM2 65 0R0 273 1.0 19.1 79.8 1.0059 0.00 0.0M
28260.000 1963 COM2 65 0R0 211 1.1 19.1 79.7 1.0059 0.00 0.0M
28320.000 1963 COM2 65 0R0 253 2.7 19.1 79.8 1.0059 0.00 0.0M
28380.000 1963 COM2 65 0R0 260 1.0 19.1 80.0 1.0059 0.00 0.0M
28440.000 1963 COM2 65 0R0 269 1.1 19.1 80.1 1.0059 0.00 0.0M
28500.000 1963 COM2 65 0R0 271 2.7 19.1 80.2 1.0059 0.00 0.0M
28560.000 1963 COM2 65 0R0 240 2.2 19.1 80.2 1.0059 0.00 0.0M
28620.000 1963 COM2 65 0R0 256 1.4 19.0 80.2 1.0059 0.00 0.0M
28680.000 1963 COM2 65 0R0 253 1.6 19.0 80.3 1.0060 0.00 0.0M
28740.000 1963 COM2 65 0R0 290 0.9 19.0 80.4 1.0060 0.00 0.0M
28800.000 1963 COM2 65 0R0 267 1.0 19.0 80.5 1.0060 0.00 0.0M
28860.000 1963 COM2 65 0R0 287 0.6 19.0 80.6 1.0060 0.00 0.0M
28920.000 1963 COM2 65 0R0 194 0.3 19.0 80.6 1.0060 0.00 0.0M
28980.000 1963 COM2 65 0R0 235 0.5 19.0 80.6 1.0061 0.00 0.0M
29040.000 1963 COM2 65 0R0 259 0.9 19.0 80.6 1.0061 0.00 0.0M
29100.000 1963 COM2 65 0R0 271 2.6 19.0 80.6 1.0061 0.00 0.0M
29160.000 1963 COM2 65 0R0 253 1.3 19.0 80.6 1.0061 0.00 0.0M
29220.000 1963 COM2 65 0R0 265 0.6 18.9 80.6 1.0061 0.00 0.0M
29280.000 1963 COM2 65 0R0 246 1.1 18.9 80.8 1.0061 0.00 0.0M
29340.000 1963 COM2 65 0R0 233 0.6 18.9 80.7 1.0061 0.00 0.0M
29400.000 1963 COM2 65 0R0 251 2.1 18.9 80.8 1.0061 0.00 0.0M
29460.000 1963 COM2 65 0R0 248 1.2 18.9 80.9 1.0061 0.00 0.0M
29520.000 1963 COM2 65 0R0 221 0.4 18.9 80.7 1.0061 0.00 0.0M
29580.000 1963 COM2 65 0R0 287 0.9 18.9 80.6 1.0062 0.00 0.0M
29640.000 1963 COM2 65 0R0 267 0.6 18.9 80.6 1.0062 0.00 0.0M
29700.000 1963 COM2 65 0R0 144 0.5 18.9 80.9 1.0062 0.00 0.0M
29760.000 1963 COM2 65 0R0 257 0.3 18.9 80.9 1.0062 0.00 0.0M
29820.000 1963 COM2 65 0R0 265 0.6 18.9 80.8 1.0063 0.00 0.0M
29880.000 1963 COM2 65 0R0 160 0.7 18.9 80.9 1.0063 0.00 0.0M
29940.000 1963 COM2 65 0R0 264 0.6 18.9 80.7 1.0063 0.00 0.0M
30000.000 1963 COM2 65 0R0 197 0.6 18.9 80.7 1.0063 0.00 0.0M
30060.000 1963 COM2 65 0R0 250 0.5 18.9 80.7 1.0063 0.00 0.0M
30120.000 1963 COM2 65 0R0 198 1.4 18.9 80.8 1.0063 0.00 0.0M
30180.000 1963 COM2 65 0R0 198 1.4 18.9 80.8 1.0063 0.00 0.0M
30240.000 1963 COM2 65 0R0 219 0.6 18.9 80.8 1.0063 0.00 0.0M
30300.000 1963 COM2 65 0R0 243 0.9 18.9 80.9 1.0063 0.00 0.0M
30360.000 1963 COM2 65 0R0 226 1.1 18.9 80.9 1.0064 0.00 0.0M
30420.000 1963 COM2 65 0R0 235 1.0 18.9 81.0 1.0064 0.00 0.0M
30480.000 1963 COM2 65 0R0 210 0.9 18.9 81.0 1.0064 0.00 0.0M
30540.000 1963 COM2 65 0R0 249 1.2 18.9 81.0 1.0064 0.00 0.0M
30600.000 1963 COM2 65 0R0 256 1.3 18.9 81.0 1.0064 0.00 0.0M
30660.000 1963 COM2 65 0R0 241 0.7 18.8 81.0 1.0064 0.00 0.0M
30720.000 1963 COM2 65 0R0 240 1.2 18.8 81.1 1.0065 0.00 0.0M
30780.000 1963 COM2 65 0R0 268 1.7 18.8 80.9 1.0065 0.00 0.0M
30840.000 1963 COM2 65 0R0 259 0.8 18.8 81.2 1.0065 0.00 0.0M
30900.000 1963 COM2 65 0R0 225 0.5 18.8 81.1 1.0065 0.00 0.0M
30960.000 1963 COM2 65 0R0 248 2.3 18.8 81.0 1.0065 0.00 0.0M
31020.000 1963 COM2 65 0R0 267 1.2 18.8 81.0 1.0065 0.00 0.0M
31080.000 1963 COM2 65 0R0 282 1.3 18.8 81.1 1.0065 0.00 0.0M
31140.000 1963 COM2 65 0R0 276 1.0 18.8 81.2 1.0065 0.00 0.0M
31200.000 1963 COM2 65 0R0 254 1.1 18.8 81.3 1.0065 0.00 0.0M
31260.000 1963 COM2 65 0R0 322 0.8 18.8 81.0 1.0065 0.00 0.0M
31320.000 1963 COM2 65 0R0 267 0.6 18.8 81.1 1.0066 0.00 0.0M
31380.000 1963 COM2 65 0R0 221 0.5 18.8 81.2 1.0066 0.00 0.0M
31440.000 1963 COM2 65 0R0 266 1.0 18.8 81.2 1.0066 0.00 0.0M
31500.000 1963 COM2 65 0R0 281 0.9 18.8 81.1 1.0066 0.00 0.0M
31560.000 1963 COM2 65 0R0 254 0.4 18.8 81.1 1.0066 0.00 0.0M
31620.000 1963 COM2 65 0R0 176 0.6 18.8 81.1 1.0066 0.00 0.0M
31680.000 1963 COM2 65 0R0 221 0.8 18.8 81.1 1.0066 0.00 0.0M
31740.000 1963 COM2 65 0R0 238 1.2 18.8 81.1 1.0066 0.00 0.0M
31800.000 1963 COM2 65 0R0 198 0.9 18.8 81.1 1.0066 0.00 0.0M
31860.000 1963 COM2 65 0R0 210 0.5 18.8 81.1 1.0067 0.00 0.0M
31920.000 1963 COM2 65 0R0 269 1.4 18.8 81.0 1.0067 0.00 0.0M
31980.000 1963 COM2 65 0R0 277 1.3 18.8 81.2 1.0067 0.00 0.0M
32040.000 1963 COM2 65 0R0 280 1.5 18.8 81.3 1.0067 0.00 0.0M
32100.000 1963 COM2 65 0R0 261 1.1 18.7 81.3 1.0067 0.00 0.0M
32160.000 1963 COM2 65 0R0 299 0.2 18.7 81.5 1.0067 0.00 0.0M
32220.000 1963 COM2 65 0R0 276 0.7 18.7 81.4 1.0067 0.00 0.0M
32280.000 1963 COM2 65 0R0 271 1.4 18.7 81.6 1.0068 0.00 0.0M
32340.000 1963 COM2 65 0R0 282 1.9 18.7 81.5 1.0068 0.00 0.0M
32400.000 1963 COM2 65 0R0 253 1.5 18.7 81.5 1.0068 0.00 0.0M
32460.000 1963 COM2 65 0R0 286 0.5 18.7 81.7 1.0068 0.00 0.0M
32520.000 1963 COM2 65 0R0 271 1.2 18.7 81.7 1.0069 0.00 0.0M
32580.000 1963 COM2 65 0R0 232 0.4 18.6 81.8 1.0069 0.00 0.0M
32640.000 1963 COM2 65 0R0 267 0.5 18.6 81.8 1.0069 0.00 0.0M
32700.000 1963 COM2 65 0R0 270 0.4 18.6 81.7 1.0069 0.00 0.0M
32760.000 1963 COM2 65 0R0 116 0.2 18.6 81.8 1.0069 0.00 0.0M
32820.000 1963 COM2 65 0R0 312 1.3 18.6 81.8 1.0069 0.00 0.0M
32880.000 1963 COM2 65 0R0 292 2.0 18.6 81.8 1.0069 0.00 0.0M
32940.000 1963 COM2 65 0R0 279 2.4 18.6 81.6 1.0069 0.00 0.0M
33000.000 1963 COM2 65 0R0 322 0.4 18.6 81.7 1.0069 0.00 0.0M
33060.000 1963 COM2 65 0R0 286 1.3 18.6 81.8 1.0069 0.00 0.0M
33120.000 1963 COM2 65 0R0 280 1.9 18.6 81.9 1.0069 0.00 0.0M
33180.000 1963 COM2 65 0R0 262 0.6 18.6 81.9 1.0069 0.00 0.0M
33240.000 1963 COM2 65 0R0 276 1.0 18.6 82.0 1.0070 0.00 0.0M
33300.000 1963 COM2 65 0R0 271 2.0 18.6 82.0 1.0070 0.00 0.0M
33360.000 1963 COM2 65 0R0 299 1.0 18.6 82.0 1.0070 0.00 0.0M
33420.000 1963 COM2 65 0R0 268 1.4 18.6 82.1 1.0070 0.00 0.0M
33480.000 1963 COM2 65 0R0 284 2.2 18.6 82.0 1.0070 0.00 0.0M
33540.000 1963 COM2 65 0R0 251 2.3 18.6 81.9 1.0070 0.00 0.0M
33600.000 1963 COM2 65 0R0 259 1.5 18.6 81.9 1.0071 0.00 0.0M
33660.000 1963 COM2 65 0R0 262 1.8 18.6 81.9 1.0071 0.00 0.0M
33720.000 1963 COM2 65 0R0 260 0.9 18.6 82.0 1.0071 0.00 0.0M
33780.000 1963 COM2 65 0R0 236 1.8 18.6 82.0 1.0071 0.00 0.0M
33840.000 1963 COM2 65 0R0 298 1.8 18.6 82.0 1.0071 0.00 0.0M
33900.000 1963 COM2 65 0R0 278 1.6 18.6 82.1 1.0071 0.00 0.0M
33960.000 1963 COM2 65 0R0 267 1.0 18.5 82.1 1.0071 0.00 0.0M
34020.000 1963 COM2 65 0R0 266 1.3 18.5 82.2 1.0071 0.00 0.0M
34080.000 1963 COM2 65 0R0 289 2.9 18.5 82.3 1.0072 0.00 0.0M
34140.000 1963 COM2 65 0R0 275 1.7 18.5 82.2 1.0072 0.00 0.0M
34200.000 1963 COM2 65 0R0 266 3.2 18.5 82.3 1.0072 0.00 0.0M
34260.000 1963 COM2 65 0R0 258 0.4 18.5 82.2 1.0072 0.00 0.0M
34320.000 1963 COM2 65 0R0 282 1.5 18.5 82.4 1.0072 0.00 0.0M
34380.000 1963 COM2 65 0R0 306 1.2 18.5 82.4 1.0072 0.00 0.0M
34440.000 1963 COM2 65 0R0 262 2.0 18.5 82.3 1.0073 0.00 0.0M
34500.000 1963 COM2 65 0R0 278 0.6 18.5 82.5 1.0073 0.00 0.0M
34560.000 1963 COM2 65 0R0 263 2.8 18.5 82.5 1.0073 0.00 0.0M
34620.000 1963 COM2 65 0R0 229 0.4 18.4 82.6 1.0073 0.00 0.0M
34680.000 1963 COM2 65 0R0 275 1.8 18.4 82.5 1.0074 0.00 0.0M
34740.000 1963 COM2 65 0R0 285 3.0 18.4 82.8 1.0074 0.00 0.0M
34800.000 1963 COM2 65 0R0 273 3.2 18.4 82.7 1.0074 0.00 0.0M
34860.000 1963 COM2 65 0R0 294 2.0 18.4 82.8 1.0074 0.00 0.0M
34920.000 1963 COM2 65 0R0 258 2.9 18.3 83.0 1.0074 0.00 0.0M
34980.000 1963 COM2 65 0R0 272 1.0 18.3 83.1 1.0075 0.00 0.0M
35040.000 1963 COM2 65 0R0 263 1.1 18.3 83.1 1.0075 0.00 0.0M
35100.000 1963 COM2 65 0R0 276 1.7 18.3 83.0 1.0075 0.00 0.0M
35160.000 1963 COM2 65 0R0 299 1.7 18.3 83.2 1.0075 0.00 0.0M
35220.000 1963 COM2 65 0R0 255 1.7 18.3 83.3 1.0075 0.00 0.0M
35280.000 1963 COM2 65 0R0 249 1.2 18.3 83.3 1.0075 0.00 0.0M
35340.000 1963 COM2 65 0R0 287 1.4 18.3 83.3 1.0076 0.00 0.0M
35400.000 1963 COM2 65 0R0 238 0.8 18.3 83.3 1.0076 0.00 0.0M
35460.000 1963 COM2 65 0R0 270 2.7 18.2 83.4 1.0076 0.00 0.0M
35520.000 1963 COM2 65 0R0 277 2.5 18.2 83.4 1.0076 0.00 0.0M
35580.000 1963 COM2 65 0R0 278 2.7 18.2 83.6 1.0076 0.00 0.0M
35640.000 1963 COM2 65 0R0 273 2.5 18.2 83.6 1.0076 0.00 0.0M
35700.000 1963 COM2 65 0R0 283 1.0 18.2 83.7 1.0076 0.00 0.0M
35760.000 1963 COM2 65 0R0 286 3.4 18.1 83.8 1.0077 0.00 0.0M
35820.000 1963 COM2 65 0R0 289 2.9 18.1 83.7 1.0076 0.00 0.0M
35880.000 1963 COM2 65 0R0 246 0.6 18.1 83.9 1.0077 0.00 0.0M
35940.000 1963 COM2 65 0R0 265 2.6 18.1 83.8 1.0077 0.00 0.0M
36000.000 1963 COM2 65 0R0 302 1.2 18.1 83.9 1.0077 0.00 0.0M
36060.000 1963 COM2 65 0R0 180 1.2 18.1 83.9 1.0077 0.00 0.0M
36120.100 1963 COM2 65 0R0 265 2.4 18.1 84.0 1.0077 0.00 0.0M
36180.000 1963 COM2 65 0R0 295 2.2 18.1 83.9 1.0077 0.00 0.0M
36240.100 1963 COM2 65 0R0 277 2.3 18.1 83.9 1.0077 0.00 0.0M
36300.000 1963 COM2 65 0R0 278 2.5 18.1 83.9 1.0077 0.00 0.0M
36360.100 1963 COM2 65 0R0 273 3.2 18.1 84.0 1.0077 0.00 0.0M
36420.000 1963 COM2 65 0R0 273 3.6 18.1 83.9 1.0078 0.00 0.0M
36480.000 1963 COM2 65 0R0 267 1.2 18.1 83.9 1.0078 0.00 0.0M
36540.000 1963 COM2 65 0R0 246 0.8 18.1 83.9 1.0078 0.00 0.0M
36600.000 1963 COM2 65 0R0 231 1.5 18.1 83.9 1.0078 0.00 0.0M
36660.000 1963 COM2 65 0R0 287 1.9 18.1 83.8 1.0078 0.00 0.0M
36720.000 1963 COM2 65 0R0 267 3.0 18.1 83.8 1.0078 0.00 0.0M
36780.000 1963 COM2 65 0R0 271 1.5 18.1 83.9 1.0078 0.00 0.0M
36840.000 1963 COM2 65 0R0 270 2.7 18.1 83.9 1.0079 0.00 0.0M
36900.000 1963 COM2 65 0R0 279 2.4 18.1 83.9 1.0079 0.00 0.0M
36960.000 1963 COM2 65 0R0 281 3.4 18.1 83.9 1.0079 0.00 0.0M
37020.000 1963 COM2 65 0R0 279 2.7 18.1 83.9 1.0079 0.00 0.0M
37080.000 1963 COM2 65 0R0 300 1.0 18.1 83.9 1.0079 0.00 0.0M
37140.000 1963 COM2 65 0R0 265 2.9 18.1 83.8 1.0079 0.00 0.0M
37200.000 1963 COM2 65 0R0 275 3.0 18.1 83.8 1.0079 0.00 0.0M
37260.000 1963 COM2 65 0R0 276 1.8 18.0 83.9 1.0079 0.00 0.0M
37320.000 1963 COM2 65 0R0 294 0.9 18.0 83.9 1.0079 0.00 0.0M
37380.000 1963 COM2 65 0R0 292 2.3 18.0 83.9 1.0079 0.00 0.0M
37440.000 1963 COM2 65 0R0 278 3.7 18.0 83.9 1.0079 0.00 0.0M
37500.000 1963 COM2 65 0R0 261 2.3 18.0 83.9 1.0079 0.00 0.0M
37560.000 1963 COM2 65 0R0 283 2.0 18.0 83.9 1.0080 0.00 0.0M
37620.000 1963 COM2 65 0R0 185 1.0 18.0 83.9 1.0080 0.00 0.0M
37680.000 1963 COM2 65 0R0 271 3.0 18.0 83.8 1.0080 0.00 0.0M
37740.000 1963 COM2 65 0R0 273 3.6 18.1 83.7 1.0080 0.00 0.0M
37800.000 1963 COM2 65 0R0 279 1.1 18.0 83.8 1.0080 0.00 0.0M
37860.000 1963 COM2 65 0R0 279 3.0 18.0 83.9 1.0080 0.00 0.0M
37920.000 1963 COM2 65 0R0 273 1.1 18.0 83.9 1.0081 0.00 0.0M
37980.000 1963 COM2 65 0R0 289 1.7 18.0 83.9 1.0081 0.00 0.0M
38040.000 1963 COM2 65 0R0 291 3.8 18.0 83.9 1.0081 0.00 0.0M
38100.000 1963 COM2 65 0R0 266 0.8 18.0 83.9 1.0081 0.00 0.0M
38160.000 1963 COM2 65 0R0 264 1.8 18.0 83.9 1.0082 0.00 0.0M
38220.000 1963 COM2 65 0R0 266 2.7 18.0 83.9 1.0081 0.00 0.0M
38280.000 1963 COM2 65 0R0 282 2.4 18.0 83.8 1.0081 0.00 0.0M
38340.000 1963 COM2 65 0R0 297 2.2 18.0 83.9 1.0081 0.00 0.0M
38400.000 1963 COM2 65 0R0 248 0.8 18.0 83.8 1.0081 0.00 0.0M
38460.000 1963 COM2 65 0R0 257 2.3 18.0 83.8 1.0081 0.00 0.0M
38520.000 1963 COM2 65 0R0 287 1.9 18.0 83.8 1.0081 0.00 0.0M
38580.000 1963 COM2 65 0R0 280 0.5 18.0 83.8 1.0081 0.00 0.0M
38640.000 1963 COM2 65 0R0 277 2.9 18.1 83.7 1.0081 0.00 0.0M
38700.100 1963 COM2 65 0R0 285 1.3 18.1 83.6 1.0082 0.00 0.0M
38760.000 1963 COM2 65 0R0 285 1.2 18.1 83.7 1.0082 0.00 0.0M
38820.000 1963 COM2 65 0R0 317 0.9 18.1 83.6 1.0082 0.00 0.0M
38880.000 1963 COM2 65 0R0 276 2.4 18.1 83.7 1.0082 0.00 0.0M
38940.000 1963 COM2 65 0R0 294 0.7 18.0 83.8 1.0082 0.00 0.0M
39000.100 1963 COM2 65 0R0 263 0.8 18.0 83.7 1.0083 0.00 0.0M
39060.000 1963 COM2 65 0R0 284 1.1 18.0 83.8 1.0082 0.00 0.0M
39120.100 1963 COM2 65 0R0 273 2.3 18.0 83.8 1.0082 0.00 0.0M
39180.000 1963 COM2 65 0R0 270 1.2 18.1 83.8 1.0082 0.00 0.0M
39240.000 1963 COM2 65 0R0 270 2.9 18.1 83.6 1.0083 0.00 0.0M
39300.000 1963 COM2 65 0R0 265 3.2 18.1 83.4 1.0083 0.00 0.0M
39360.100 1963 COM2 65 0R0 236 1.4 18.2 83.2 1.0083 0.00 0.0M
39420.000 1963 COM2 65 0R0 290 3.6 18.2 83.2 1.0083 0.00 0.0M
39480.000 1963 COM2 65 0R0 276 3.1 18.2 82.9 1.0083 0.00 0.0M
39540.000 1963 COM2 65 0R0 308 1.4 18.2 82.8 1.0083 0.00 0.0M
39600.000 1963 COM2 65 0R0 302 2.0 18.3 82.6 1.0082 0.00 0.0M
39660.000 1963 COM2 65 0R0 293 1.4 18.3 82.5 1.0082 0.00 0.0M
39720.000 1963 COM2 65 0R0 306 0.9 18.3 82.4 1.0082 0.00 0.0M
39780.000 1963 COM2 65 0R0 267 2.0 18.4 82.4 1.0082 0.00 0.0M
39840.000 1963 COM2 65 0R0 270 1.5 18.4 82.2 1.0083 0.00 0.0M
39900.000 1963 COM2 65 0R0 212 0.8 18.4 82.1 1.0083 0.00 0.0M
39960.000 1963 COM2 65 0R0 270 2.9 18.4 82.1 1.0083 0.00 0.0M
40020.100 1963 COM2 65 0R0 281 1.7 18.4 81.9 1.0083 0.00 0.0M
40080.000 1963 COM2 65 0R0 286 0.9 18.5 81.9 1.0083 0.00 0.0M
40140.000 1963 COM2 65 0R0 303 1.0 18.5 81.1 1.0082 0.00 0.0M
40200.100 1963 COM2 65 0R0 336 2.0 18.5 81.2 1.0082 0.00 0.0M
40260.100 1963 COM2 65 0R0 263 0.8 18.5 81.4 1.0082 0.00 0.0M
40320.000 1963 COM2 65 0R0 280 2.1 18.5 81.4 1.0082 0.00 0.0M
40380.000 1963 COM2 65 0R0 281 2.5 18.6 81.3 1.0083 0.00 0.0M
40440.000 1963 COM2 65 0R0 279 4.1 18.6 81.2 1.0082 0.00 0.0M
40500.100 1963 COM2 65 0R0 297 3.7 18.6 80.7 1.0083 0.00 0.0M
40560.000 1963 COM2 65 0R0 287 3.5 18.6 80.7 1.0083 0.00 0.0M
40620.100 1963 COM2 65 0R0 268 1.1 18.7 80.6 1.0083 0.00 0.0M
40680.100 1963 COM2 65 0R0 304 2.8 18.7 80.5 1.0084 0.00 0.0M
40740.000 1963 COM2 65 0R0 220 0.9 18.7 80.5 1.0084 0.00 0.0M
40800.000 1963 COM2 65 0R0 270 2.5 18.7 80.4 1.0084 0.00 0.0M
40860.100 1963 COM2 65 0R0 254 0.9 18.8 80.0 1.0084 0.00 0.0M
40920.100 1963 COM2 65 0R0 288 2.1 18.8 80.0 1.0084 0.00 0.0M
40980.100 1963 COM2 65 0R0 316 1.5 18.9 79.8 1.0085 0.00 0.0M
41040.000 1963 COM2 65 0R0 302 1.6 18.9 79.8 1.0085 0.00 0.0M
41100.000 1963 COM2 65 0R0 306 1.6 18.9 79.6 1.0085 0.00 0.0M
41160.000 1963 COM2 65 0R0 249 1.1 18.9 79.7 1.0085 0.00 0.0M
41220.100 1963 COM2 65 0R0 325 0.8 19.0 79.4 1.0086 0.00 0.0M
41280.100 1963 COM2 65 0R0 302 1.8 19.0 79.3 1.0086 0.00 0.0M
41340.100 1963 COM2 65 0R0 300 2.2 19.1 78.8 1.0086 0.00 0.0M
41400.100 1963 COM2 65 0R0 294 1.8 19.1 79.0 1.0086 0.00 0.0M
41460.000 1963 COM2 65 0R0 242 0.6 19.1 79.0 1.0086 0.00 0.0M
41520.000 1963 COM2 65 0R0 313 3.6 19.1 79.0 1.0087 0.00 0.0M
41580.000 1963 COM2 65 0R0 288 1.9 19.1 78.5 1.0087 0.00 0.0M
41640.000 1963 COM2 65 0R0 219 0.6 19.1 78.5 1.0087 0.00 0.0M
41700.000 1963 COM2 65 0R0 239 1.3 19.2 78.7 1.0087 0.00 0.0M
41760.000 1963 COM2 65 0R0 266 1.9 19.2 78.3 1.0087 0.00 0.0M
41820.000 1963 COM2 65 0R0 207 2.8 19.3 78.3 1.0088 0.00 0.0M
41880.000 1963 COM2 65 0R0 324 0.4 19.3 77.5 1.0087 0.00 0.0M
41940.000 1963 COM2 65 0R0 193 0.4 19.3 77.7 1.0088 0.00 0.0M
42000.000 1963 COM2 65 0R0 300 0.5 19.4 77.7 1.0088 0.00 0.0M
42060.100 1963 COM2 65 0R0 302 0.3 19.5 77.1 1.0089 0.00 0.0M
42120.000 1963 COM2 65 0R0 293 2.1 19.5 76.8 1.0088 0.00 0.0M
42180.000 1963 COM2 65 0R0 212 0.7 19.6 76.7 1.0089 0.00 0.0M
42240.000 1963 COM2 65 0R0 238 0.4 19.6 76.8 1.0089 0.00 0.0M
42300.200 1963 COM2 65 0R0 342 0.7 19.6 76.4 1.0089 0.00 0.0M
42360.000 1963 COM2 65 0R0 300 0.5 19.7 76.4 1.0089 0.00 0.0M
42420.000 1963 COM2 65 0R0 242 2.0 19.7 76.3 1.0089 0.00 0.0M
42480.000 1963 COM2 65 0R0 200 0.9 19.7 76.3 1.0090 0.00 0.0M
42540.000 1963 COM2 65 0R0 248 1.0 19.7 76.1 1.0090 0.00 0.0M
42600.000 1963 COM2 65 0R0 313 1.1 19.8 75.9 1.0090 0.00 0.0M
42660.000 1963 COM2 65 0R0 307 0.6 19.8 74.8 1.0090 0.00 0.0M
42720.000 1963 COM2 65 0R0 292 3.4 19.8 75.4 1.0090 0.00 0.0M
42780.000 1963 COM2 65 0R0 247 1.4 19.8 75.4 1.0090 0.00 0.0M
42840.000 1963 COM2 65 0R0 274 0.7 19.8 75.6 1.0090 0.00 0.0M
42900.000 1963 COM2 65 0R0 029 0.9 19.8 75.5 1.0091 0.00 0.0M
42960.000 1963 COM2 65 0R0 197 1.1 20.0 75.3 1.0091 0.00 0.0M
43020.000 1963 COM2 65 0R0 291 2.0 20.1 74.5 1.0091 0.00 0.0M
43080.000 1963 COM2 65 0R0 107 0.3 20.1 74.6 1.0091 0.00 0.0M
43140.000 1963 COM2 65 0R0 257 1.2 20.2 74.1 1.0091 0.00 0.0M
43200.000 1963 COM2 65 0R0 280 3.0 20.3 73.5 1.0091 0.00 0.0M
43260.000 1963 COM2 65 0R0 254 1.3 20.3 73.9 1.0091 0.00 0.0M
43320.000 1963 COM2 65 0R0 261 1.3 20.3 73.7 1.0091 0.00 0.0M
43380.000 1963 COM2 65 0R0 280 3.1 20.3 73.6 1.0091 0.00 0.0M
43440.000 1963 COM2 65 0R0 325 1.5 20.2 73.5 1.0091 0.00 0.0M
43500.000 1963 COM2 65 0R0 298 1.2 20.2 74.0 1.0091 0.00 0.0M
43560.000 1963 COM2 65 0R0 280 1.7 20.2 74.0 1.0091 0.00 0.0M
43620.000 1963 COM2 65 0R0 276 0.7 20.2 74.1 1.0091 0.00 0.0M
43680.000 1963 COM2 65 0R0 037 0.6 20.3 73.9 1.0091 0.00 0.0M
43740.000 1963 COM2 65 0R0 293 1.7 20.4 73.3 1.0091 0.00 0.0M
43800.000 1963 COM2 65 0R0 226 1.1 20.4 73.6 1.0091 0.00 0.0M
43860.000 1963 COM2 65 0R0 332 0.7 20.4 73.2 1.0092 0.00 0.0M
43920.000 1963 COM2 65 0R0 312 2.5 20.4 73.1 1.0092 0.00 0.0M
43980.000 1963 COM2 65 0R0 153 0.9 20.3 73.3 1.0092 0.00 0.0M
44040.000 1963 COM2 65 0R0 275 2.4 20.3 73.6 1.0091 0.00 0.0M
44100.000 1963 COM2 65 0R0 302 1.5 20.3 73.4 1.0091 0.00 0.0M
44160.000 1963 COM2 65 0R0 226 0.4 20.3 73.7 1.0092 0.00 0.0M
44220.000 1963 COM2 65 0R0 294 1.4 20.4 73.5 1.0092 0.00 0.0M
44280.000 1963 COM2 65 0R0 293 2.0 20.5 72.8 1.0092 0.00 0.0M
44340.000 1963 COM2 65 0R0 294 2.4 20.5 72.4 1.0092 0.00 0.0M
44400.000 1963 COM2 65 0R0 270 3.1 20.4 72.5 1.0091 0.00 0.0M
44460.000 1963 COM2 65 0R0 292 1.3 20.3 73.1 1.0091 0.00 0.0M
44520.000 1963 COM2 65 0R0 294 3.8 20.3 73.4 1.0091 0.00 0.0M
44580.000 1963 COM2 65 0R0 278 3.5 20.3 73.0 1.0091 0.00 0.0M
44640.000 1963 COM2 65 0R0 275 3.8 20.2 73.2 1.0091 0.00 0.0M
44700.000 1963 COM2 65 0R0 205 2.7 20.2 73.6 1.0091 0.00 0.0M
44760.000 1963 COM2 65 0R0 286 4.1 20.3 73.3 1.0091 0.00 0.0M
44820.000 1963 COM2 65 0R0 266 1.9 20.3 73.2 1.0091 0.00 0.0M
44880.000 1963 COM2 65 0R0 287 1.3 20.3 73.3 1.0092 0.00 0.0M
44940.000 1963 COM2 65 0R0 300 2.0 20.4 73.0 1.0092 0.00 0.0M
45000.000 1963 COM2 65 0R0 277 2.0 20.5 72.4 1.0092 0.00 0.0M
45060.000 1963 COM2 65 0R0 281 3.3 20.5 72.6 1.0092 0.00 0.0M
45120.000 1963 COM2 65 0R0 326 0.7 20.5 72.5 1.0092 0.00 0.0M
45180.000 1963 COM2 65 0R0 226 1.1 20.5 72.4 1.0092 0.00 0.0M
45240.000 1963 COM2 65 0R0 271 1.2 20.6 72.9 1.0092 0.00 0.0M
45300.000 1963 COM2 65 0R0 276 3.1 20.7 71.8 1.0092 0.00 0.0M
45360.000 1963 COM2 65 0R0 281 3.3 20.8 71.6 1.0092 0.00 0.0M
45420.000 1963 COM2 65 0R0 287 2.8 20.8 70.9 1.0092 0.00 0.0M
45480.000 1963 COM2 65 0R0 304 0.7 20.8 71.2 1.0093 0.00 0.0M
45540.000 1963 COM2 65 0R0 279 0.9 20.8 71.4 1.0093 0.00 0.0M
45600.000 1963 COM2 65 0R0 288 5.5 20.9 70.7 1.0093 0.00 0.0M
45660.000 1963 COM2 65 0R0 261 1.2 20.9 71.4 1.0092 0.00 0.0M
45720.000 1963 COM2 65 0R0 278 3.1 20.8 71.4 1.0092 0.00 0.0M
45780.000 1963 COM2 65 0R0 271 1.9 20.9 71.0 1.0092 0.00 0.0M
45840.000 1963 COM2 65 0R0 247 0.7 20.9 71.1 1.0092 0.00 0.0M
45900.000 1963 COM2 65 0R0 271 1.2 21.0 70.7 1.0092 0.00 0.0M
45960.000 1963 COM2 65 0R0 299 4.1 21.1 69.2 1.0091 0.00 0.0M
46020.000 1963 COM2 65 0R0 266 4.8 21.0 69.8 1.0091 0.00 0.0M
46080.000 1963 COM2 65 0R0 289 4.5 20.9 70.1 1.0092 0.00 0.0M
46140.000 1963 COM2 65 0R0 285 2.6 20.9 70.1 1.0092 0.00 0.0M
46200.000 1963 COM2 65 0R0 327 0.8 20.9 70.6 1.0092 0.00 0.0M
46260.000 1963 COM2 65 0R0 289 1.9 21.0 70.0 1.0092 0.00 0.0M
46320.000 1963 COM2 65 0R0 293 4.8 21.1 68.8 1.0092 0.00 0.0M
46380.000 1963 COM2 65 0R0 302 1.5 21.1 69.6 1.0093 0.00 0.0M
46440.000 1963 COM2 65 0R0 303 1.5 21.2 69.2 1.0093 0.00 0.0M
46500.000 1963 COM2 65 0R0 269 2.8 21.2 68.5 1.0093 0.00 0.0M
46560.000 1963 COM2 65 0R0 272 0.4 21.2 69.2 1.0093 0.00 0.0M
46620.000 1963 COM2 65 0R0 002 0.8 21.3 68.7 1.0093 0.00 0.0M
46680.100 1963 COM2 65 0R0 291 2.0 21.4 68.3 1.0093 0.00 0.0M
46740.000 1963 COM2 65 0R0 276 0.9 21.5 68.0 1.0094 0.00 0.0M
46800.000 1963 COM2 65 0R0 133 0.4 21.6 68.0 1.0094 0.00 0.0M
46860.000 1963 COM2 65 0R0 277 1.1 21.7 67.6 1.0094 0.00 0.0M
46920.000 1963 COM2 65 0R0 062 0.5 21.8 67.0 1.0094 0.00 0.0M
46980.000 1963 COM2 65 0R0 003 1.1 22.0 65.8 1.0094 0.00 0.0M
47040.000 1963 COM2 65 0R0 264 2.9 22.1 65.6 1.0094 0.00 0.0M
47100.000 1963 COM2 65 0R0 211 1.2 22.1 66.1 1.0094 0.00 0.0M
47160.000 1963 COM2 65 0R0 302 3.0 22.2 65.0 1.0095 0.00 0.0M
47220.000 1963 COM2 65 0R0 347 1.2 22.1 65.5 1.0095 0.00 0.0M
47280.000 1963 COM2 65 0R0 322 4.0 22.1 63.9 1.0095 0.00 0.0M
47340.000 1963 COM2 65 0R0 317 2.8 22.0 64.7 1.0095 0.00 0.0M
47400.000 1963 COM2 65 0R0 273 1.3 21.8 65.6 1.0095 0.00 0.0M
47460.000 1963 COM2 65 0R0 296 2.1 21.8 65.3 1.0095 0.00 0.0M
47520.000 1963 COM2 65 0R0 314 0.4 21.8 65.6 1.0095 0.00 0.0M
47580.000 1963 COM2 65 0R0 214 0.4 21.9 65.8 1.0094 0.00 0.0M
47640.000 1963 COM2 65 0R0 280 1.5 22.1 65.2 1.0095 0.00 0.0M
47700.000 1963 COM2 65 0R0 252 1.5 22.1 65.0 1.0095 0.00 0.0M
47760.000 1963 COM2 65 0R0 293 2.5 22.1 64.5 1.0095 0.00 0.0M
47820.000 1963 COM2 65 0R0 330 3.8 22.0 64.5 1.0095 0.00 0.0M
47880.000 1963 COM2 65 0R0 296 2.9 21.8 64.7 1.0095 0.00 0.0M
47940.000 1963 COM2 65 0R0 225 0.9 21.7 65.9 1.0095 0.00 0.0M
48000.000 1963 COM2 65 0R0 315 1.2 21.7 65.6 1.0096 0.00 0.0M
48060.000 1963 COM2 65 0R0 266 2.6 21.7 65.6 1.0096 0.00 0.0M
48120.100 1963 COM2 65 0R0 309 3.9 21.7 64.8 1.0095 0.00 0.0M
48180.000 1963 COM2 65 0R0 271 2.0 21.7 65.1 1.0095 0.00 0.0M
48240.000 1963 COM2 65 0R0 007 1.6 21.7 65.4 1.0096 0.00 0.0M
48300.000 1963 COM2 65 0R0 321 1.9 21.8 65.0 1.0096 0.00 0.0M
48360.000 1963 COM2 65 0R0 260 2.5 21.7 65.6 1.0095 0.00 0.0M
48420.000 1963 COM2 65 0R0 277 1.8 21.8 65.2 1.0095 0.00 0.0M
48480.000 1963 COM2 65 0R0 262 2.2 21.8 65.5 1.0095 0.00 0.0M
48540.000 1963 COM2 65 0R0 326 2.1 21.8 65.5 1.0096 0.00 0.0M
48600.000 1963 COM2 65 0R0 354 2.8 21.8 65.6 1.0096 0.00 0.0M
48660.000 1963 COM2 65 0R0 310 3.6 21.9 65.3 1.0096 0.00 0.0M
48720.000 1963 COM2 65 0R0 286 1.9 22.0 64.4 1.0096 0.00 0.0M
48780.000 1963 COM2 65 0R0 258 2.1 22.0 64.6 1.0096 0.00 0.0M
48840.000 1963 COM2 65 0R0 226 1.5 22.0 65.0 1.0096 0.00 0.0M
48900.000 1963 COM2 65 0R0 249 1.0 22.1 64.8 1.0096 0.00 0.0M
48960.000 1963 COM2 65 0R0 125 1.0 22.2 64.4 1.0096 0.00 0.0M
49020.000 1963 COM2 65 0R0 238 0.8 22.5 64.0 1.0096 0.00 0.0M
49080.000 1963 COM2 65 0R0 012 1.0 22.6 63.2 1.0096 0.00 0.0M
49140.000 1963 COM2 65 0R0 008 0.9 22.7 63.2 1.0096 0.00 0.0M
49200.000 1963 COM2 65 0R0 161 0.7 22.7 63.7 1.0096 0.00 0.0M
49260.000 1963 COM2 65 0R0 028 0.6 22.7 62.9 1.0096 0.00 0.0M
49320.000 1963 COM2 65 0R0 270 2.2 22.9 62.2 1.0096 0.00 0.0M
49380.000 1963 COM2 65 0R0 079 0.5 22.9 62.4 1.0096 0.00 0.0M
49440.000 1963 COM2 65 0R0 029 0.7 22.9 62.4 1.0096 0.00 0.0M
49500.000 1963 COM2 65 0R0 161 0.8 23.0 61.6 1.0096 0.00 0.0M
49560.000 1963 COM2 65 0R0 041 1.0 23.2 60.5 1.0096 0.00 0.0M
49620.000 1963 COM2 65 0R0 090 0.4 23.3 60.9 1.0096 0.00 0.0M
49680.000 1963 COM2 65 0R0 319 0.3 23.4 60.7 1.0097 0.00 0.0M
49740.000 1963 COM2 65 0R0 349 0.3 23.6 60.1 1.0097 0.00 0.0M
49800.000 1963 COM2 65 0R0 186 1.3 23.6 60.1 1.0096 0.00 0.0M
49860.000 1963 COM2 65 0R0 261 1.5 23.7 59.1 1.0096 0.00 0.0M
49920.000 1963 COM2 65 0R0 331 2.2 23.7 58.1 1.0097 0.00 0.0M
49980.000 1963 COM2 65 0R0 289 4.9 23.4 58.7 1.0097 0.00 0.0M
50040.000 1963 COM2 65 0R0 304 0.7 23.0 59.5 1.0097 0.00 0.0M
50100.000 1963 COM2 65 0R0 343 2.2 22.7 59.8 1.0098 0.00 0.0M
50160.000 1963 COM2 65 0R0 031 1.1 22.5 60.5 1.0097 0.00 0.0M
50220.000 1963 COM2 65 0R0 249 1.5 22.5 61.4 1.0097 0.00 0.0M
50280.000 1963 COM2 65 0R0 260 0.4 22.8 60.5 1.0097 0.00 0.0M
50340.000 1963 COM2 65 0R0 318 1.4 22.9 60.6 1.0098 0.00 0.0M
50400.000 1963 COM2 65 0R0 023 2.2 23.0 60.5 1.0098 0.00 0.0M
50460.000 1963 COM2 65 0R0 017 0.5 23.0 60.4 1.0098 0.00 0.0M
50520.000 1963 COM2 65 0R0 267 1.6 23.1 59.3 1.0098 0.00 0.0M
50580.000 1963 COM2 65 0R0 345 2.6 23.1 59.5 1.0098 0.00 0.0M
50640.000 1963 COM2 65 0R0 292 3.8 23.1 60.1 1.0099 0.00 0.0M
50700.000 1963 COM2 65 0R0 303 2.2 23.0 59.6 1.0097 0.00 0.0M
50760.000 1963 COM2 65 0R0 254 1.5 23.0 59.8 1.0099 0.00 0.0M
50820.000 1963 COM2 65 0R0 250 1.7 23.0 59.2 1.0098 0.00 0.0M
50880.000 1963 COM2 65 0R0 294 1.4 23.2 59.5 1.0099 0.00 0.0M
50940.000 1963 COM2 65 0R0 253 1.1 23.2 59.0 1.0098 0.00 0.0M
51000.000 1963 COM2 65 0R0 311 3.5 23.2 58.1 1.0099 0.00 0.0M
51060.000 1963 COM2 65 0R0 019 1.2 23.1 59.5 1.0099 0.00 0.0M
51120.000 1963 COM2 65 0R0 322 0.4 23.0 59.4 1.0099 0.00 0.0M
51180.000 1963 COM2 65 0R0 307 1.8 23.1 58.8 1.0099 0.00 0.0M
51240.000 1963 COM2 65 0R0 312 3.0 23.1 58.4 1.0099 0.00 0.0M
51300.000 1963 COM2 65 0R0 337 3.8 23.0 58.3 1.0099 0.00 0.0M
51360.000 1963 COM2 65 0R0 218 0.7 23.0 59.3 1.0099 0.00 0.0M
51420.000 1963 COM2 65 0R0 358 1.6 23.0 58.9 1.0099 0.00 0.0M
51480.000 1963 COM2 65 0R0 014 1.4 23.1 58.4 1.0099 0.00 0.0M
51540.000 1963 COM2 65 0R0 342 2.6 23.0 57.9 1.0099 0.00 0.0M
51600.000 1963 COM2 65 0R0 312 2.9 22.9 58.1 1.0099 0.00 0.0M
51660.000 1963 COM2 65 0R0 337 0.4 22.9 58.7 1.0099 0.00 0.0M
51720.000 1963 COM2 65 0R0 299 1.1 22.9 58.7 1.0099 0.00 0.0M
51780.000 1963 COM2 65 0R0 351 0.9 23.0 58.3 1.0099 0.00 0.0M
51840.000 1963 COM2 65 0R0 357 0.6 23.1 58.6 1.0099 0.00 0.0M
51900.000 1963 COM2 65 0R0 293 0.7 23.3 58.7 1.0099 0.00 0.0M
51960.000 1963 COM2 65 0R0 313 2.6 23.5 58.3 1.0099 0.00 0.0M
52020.000 1963 COM2 65 0R0 306 3.1 23.6 58.2 1.0100 0.00 0.0M
52080.000 1963 COM2 65 0R0 305 2.0 23.6 58.2 1.0100 0.00 0.0M
52140.000 1963 COM2 65 0R0 348 0.7 23.5 58.6 1.0100 0.00 0.0M
52200.000 1963 COM2 65 0R0 282 1.5 23.6 57.0 1.0100 0.00 0.0M
52260.000 1963 COM2 65 0R0 320 1.0 23.7 56.7 1.0100 0.00 0.0M
52320.000 1963 COM2 65 0R0 308 1.2 23.8 57.1 1.0100 0.00 0.0M
52380.000 1963 COM2 65 0R0 270 4.1 23.8 55.2 1.0100 0.00 0.0M
52440.000 1963 COM2 65 0R0 329 1.3 23.7 56.1 1.0101 0.00 0.0M
52500.000 1963 COM2 65 0R0 024 0.6 23.7 56.1 1.0101 0.00 0.0M
52560.000 1963 COM2 65 0R0 344 0.9 23.7 56.1 1.0101 0.00 0.0M
52620.000 1963 COM2 65 0R0 083 1.2 23.8 56.1 1.0101 0.00 0.0M
52680.000 1963 COM2 65 0R0 341 1.4 23.9 55.5 1.0101 0.00 0.0M
52740.000 1963 COM2 65 0R0 331 1.8 23.9 54.6 1.0101 0.00 0.0M
52800.000 1963 COM2 65 0R0 298 1.0 23.8 55.4 1.0101 0.00 0.0M
52860.000 1963 COM2 65 0R0 353 0.4 23.8 56.0 1.0101 0.00 0.0M
52920.000 1963 COM2 65 0R0 010 0.7 23.8 55.2 1.0101 0.00 0.0M
52980.000 1963 COM2 65 0R0 017 0.3 23.8 55.7 1.0102 0.00 0.0M
53040.000 1963 COM2 65 0R0 288 1.3 24.0 55.8 1.0102 0.00 0.0M
53100.000 1963 COM2 65 0R0 297 3.9 24.3 55.5 1.0102 0.00 0.0M
53160.000 1963 COM2 65 0R0 246 1.4 24.3 56.5 1.0102 0.00 0.0M
53220.000 1963 COM2 65 0R0 247 0.5 24.2 56.6 1.0102 0.00 0.0M
53280.000 1963 COM2 65 0R0 261 1.1 24.3 56.8 1.0102 0.00 0.0M
53340.000 1963 COM2 65 0R0 212 0.7 24.4 56.2 1.0102 0.00 0.0M
53400.100 1963 COM2 65 0R0 272 1.0 24.4 56.2 1.0102 0.00 0.0M
53460.000 1963 COM2 65 0R0 262 1.5 24.4 56.1 1.0103 0.00 0.0M
53520.100 1963 COM2 65 0R0 327 2.1 24.3 55.0 1.0103 0.00 0.0M
53580.100 1963 COM2 65 0R0 218 0.7 24.0 55.0 1.0102 0.00 0.0M
53640.100 1963 COM2 65 0R0 221 0.4 23.8 55.7 1.0103 0.00 0.0M
53700.100 1963 COM2 65 0R0 310 2.7 23.8 56.2 1.0102 0.00 0.0M
53760.100 1963 COM2 65 0R0 292 2.7 23.8 56.0 1.0102 0.00 0.0M
53820.100 1963 COM2 65 0R0 034 1.2 23.8 55.6 1.0102 0.00 0.0M
53880.100 1963 COM2 65 0R0 356 2.3 23.8 55.3 1.0103 0.00 0.0M
53940.100 1963 COM2 65 0R0 347 2.1 23.9 54.0 1.0102 0.00 0.0M
54000.100 1963 COM2 65 0R0 023 1.0 23.9 55.2 1.0102 0.00 0.0M
54060.100 1963 COM2 65 0R0 005 1.7 23.9 55.6 1.0102 0.00 0.0M
54120.100 1963 COM2 65 0R0 057 0.9 24.1 55.3 1.0102 0.00 0.0M
54180.100 1963 COM2 65 0R0 049 0.5 24.2 55.2 1.0102 0.00 0.0M
54240.100 1963 COM2 65 0R0 222 0.7 24.3 55.2 1.0102 0.00 0.0M
54300.100 1963 COM2 65 0R0 023 0.4 24.5 52.8 1.0101 0.00 0.0M
54360.000 1963 COM2 65 0R0 349 0.5 24.5 53.6 1.0101 0.00 0.0M
54420.100 1963 COM2 65 0R0 040 2.8 24.5 53.6 1.0101 0.00 0.0M
54480.100 1963 COM2 65 0R0 302 0.8 24.4 53.7 1.0101 0.00 0.0M
54540.100 1963 COM2 65 0R0 233 0.7 24.4 53.8 1.0101 0.00 0.0M
54600.100 1963 COM2 65 0R0 335 1.3 24.6 53.8 1.0101 0.00 0.0M
54660.100 1963 COM2 65 0R0 356 2.5 24.8 52.7 1.0102 0.00 0.0M
54720.100 1963 COM2 65 0R0 228 0.7 24.7 53.9 1.0102 0.00 0.0M
54780.100 1963 COM2 65 0R0 115 0.7 24.7 53.3 1.0101 0.00 0.0M
54840.100 1963 COM2 65 0R0 235 1.1 24.7 52.9 1.0101 0.00 0.0M
54900.100 1963 COM2 65 0R0 241 1.0 24.8 53.3 1.0101 0.00 0.0M
54960.100 1963 COM2 65 0R0 209 0.3 24.9 52.9 1.0101 0.00 0.0M
55020.100 1963 COM2 65 0R0 335 0.2 25.0 53.3 1.0101 0.00 0.0M
55080.100 1963 COM2 65 0R0 257 1.7 25.2 53.1 1.0101 0.00 0.0M
55140.100 1963 COM2 65 0R0 255 4.4 25.2 52.9 1.0101 0.00 0.0M
55200.100 1963 COM2 65 0R0 329 0.4 24.8 53.2 1.0101 0.00 0.0M
55260.000 1963 COM2 65 0R0 272 2.2 24.7 54.2 1.0101 0.00 0.0M
55320.000 1963 COM2 65 0R0 264 2.1 24.6 53.2 1.0101 0.00 0.0M
55380.100 1963 COM2 65 0R0 297 2.9 24.6 53.2 1.0101 0.00 0.0M
55440.100 1963 COM2 65 0R0 271 3.9 24.6 52.7 1.0101 0.00 0.0M
55500.000 1963 COM2 65 0R0 302 3.0 24.5 51.9 1.0102 0.00 0.0M
55560.100 1963 COM2 65 0R0 335 2.1 24.3 53.2 1.0102 0.00 0.0M
55620.100 1963 COM2 65 0R0 248 0.7 24.2 54.0 1.0102 0.00 0.0M
55680.000 1963 COM2 65 0R0 294 2.3 24.3 53.7 1.0102 0.00 0.0M
55740.100 1963 COM2 65 0R0 329 0.3 24.4 53.7 1.0102 0.00 0.0M
55800.100 1963 COM2 65 0R0 349 1.4 24.6 53.4 1.0102 0.00 0.0M
55860.000 1963 COM2 65 0R0 091 1.0 24.6 53.9 1.0102 0.00 0.0M
55920.000 1963 COM2 65 0R0 294 1.8 24.6 54.2 1.0102 0.00 0.0M
55980.000 1963 COM2 65 0R0 298 1.4 24.7 54.1 1.0102 0.00 0.0M
56040.000 1963 COM2 65 0R0 221 1.1 24.8 54.2 1.0102 0.00 0.0M
56100.100 1963 COM2 65 0R0 255 1.1 25.0 54.2 1.0102 0.00 0.0M
56160.100 1963 COM2 65 0R0 303 2.6 25.1 53.3 1.0102 0.00 0.0M
56220.100 1963 COM2 65 0R0 281 1.4 25.1 54.2 1.0102 0.00 0.0M
56280.000 1963 COM2 65 0R0 271 1.1 24.9 54.1 1.0102 0.00 0.0M
56340.100 1963 COM2 65 0R0 288 1.4 24.6 54.5 1.0102 0.00 0.0M
56400.100 1963 COM2 65 0R0 337 0.4 24.5 55.0 1.0102 0.00 0.0M
56460.100 1963 COM2 65 0R0 277 1.6 24.6 54.4 1.0102 0.00 0.0M
56520.100 1963 COM2 65 0R0 230 0.6 24.7 54.3 1.0102 0.00 0.0M
56580.100 1963 COM2 65 0R0 218 1.2 24.7 55.1 1.0103 0.00 0.0M
56640.100 1963 COM2 65 0R0 305 2.9 24.9 54.0 1.0103 0.00 0.0M
56700.000 1963 COM2 65 0R0 305 4.7 24.9 52.0 1.0103 0.00 0.0M
56760.100 1963 COM2 65 0R0 294 4.1 24.6 52.9 1.0103 0.00 0.0M
56820.000 1963 COM2 65 0R0 257 2.9 24.4 54.2 1.0103 0.00 0.0M
56880.000 1963 COM2 65 0R0 319 1.1 24.4 53.1 1.0103 0.00 0.0M
56940.000 1963 COM2 65 0R0 289 3.4 24.5 52.2 1.0103 0.00 0.0M
57000.100 1963 COM2 65 0R0 102 0.8 24.5 53.0 1.0103 0.00 0.0M
57060.100 1963 COM2 65 0R0 284 1.4 24.6 53.3 1.0103 0.00 0.0M
57120.100 1963 COM2 65 0R0 263 1.1 24.7 52.3 1.0103 0.00 0.0M
57180.000 1963 COM2 65 0R0 240 0.5 24.9 52.6 1.0103 0.00 0.0M
57240.000 1963 COM2 65 0R0 245 0.8 25.2 52.1 1.0103 0.00 0.0M
57300.000 1963 COM2 65 0R0 258 1.7 25.3 52.2 1.0103 0.00 0.0M
57360.000 1963 COM2 65 0R0 174 0.7 25.5 52.1 1.0104 0.00 0.0M
57420.000 1963 COM2 65 0R0 294 1.6 25.6 52.6 1.0104 0.00 0.0M
57480.000 1963 COM2 65 0R0 267 0.6 25.6 52.4 1.0104 0.00 0.0M
57540.000 1963 COM2 65 0R0 047 0.8 25.7 52.0 1.0104 0.00 0.0M
57600.000 1963 COM2 65 0R0 265 1.3 25.9 52.5 1.0103 0.00 0.0M
57660.000 1963 COM2 65 0R0 271 3.2 26.0 50.2 1.0103 0.00 0.0M
57720.000 1963 COM2 65 0R0 340 2.7 25.9 49.1 1.0104 0.00 0.0M
57780.000 1963 COM2 65 0R0 028 2.1 25.7 49.4 1.0103 0.00 0.0M
57840.000 1963 COM2 65 0R0 320 1.2 25.6 50.4 1.0103 0.00 0.0M
57900.000 1963 COM2 65 0R0 338 4.3 25.5 49.2 1.0103 0.00 0.0M
57960.000 1963 COM2 65 0R0 345 2.6 25.2 50.5 1.0103 0.00 0.0M
58020.000 1963 COM2 65 0R0 033 0.9 25.1 50.3 1.0103 0.00 0.0M
58080.000 1963 COM2 65 0R0 326 1.2 25.1 50.2 1.0103 0.00 0.0M
58140.000 1963 COM2 65 0R0 038 2.1 25.0 51.1 1.0103 0.00 0.0M
58200.000 1963 COM2 65 0R0 290 1.8 24.9 50.7 1.0103 0.00 0.0M
58260.000 1963 COM2 65 0R0 018 1.0 25.0 50.9 1.0103 0.00 0.0M
58320.000 1963 COM2 65 0R0 263 3.2 25.2 50.7 1.0103 0.00 0.0M
58380.000 1963 COM2 65 0R0 320 0.7 25.2 50.9 1.0103 0.00 0.0M
58440.000 1963 COM2 65 0R0 341 2.0 25.3 50.6 1.0103 0.00 0.0M
58500.000 1963 COM2 65 0R0 018 2.0 25.3 50.3 1.0103 0.00 0.0M
58560.000 1963 COM2 65 0R0 089 0.8 25.2 50.7 1.0103 0.00 0.0M
58620.000 1963 COM2 65 0R0 258 1.9 25.3 51.9 1.0103 0.00 0.0M
58680.000 1963 COM2 65 0R0 234 1.9 25.3 52.3 1.0103 0.00 0.0M
58740.000 1963 COM2 65 0R0 294 1.6 25.3 52.4 1.0103 0.00 0.0M
58800.000 1963 COM2 65 0R0 275 3.4 25.2 51.9 1.0103 0.00 0.0M
58860.000 1963 COM2 65 0R0 287 2.6 25.1 52.4 1.0103 0.00 0.0M
58920.000 1963 COM2 65 0R0 268 1.7 25.1 52.2 1.0102 0.00 0.0M
58980.000 1963 COM2 65 0R0 274 3.6 25.2 51.9 1.0103 0.00 0.0M
59040.000 1963 COM2 65 0R0 278 3.7 25.2 51.7 1.0102 0.00 0.0M
59100.000 1963 COM2 65 0R0 275 3.3 25.2 51.4 1.0102 0.00 0.0M
59160.000 1963 COM2 65 0R0 297 1.1 25.1 52.1 1.0103 0.00 0.0M
59220.100 1963 COM2 65 0R0 261 2.3 25.1 52.5 1.0103 0.00 0.0M
59280.000 1963 COM2 65 0R0 294 2.7 25.3 52.2 1.0103 0.00 0.0M
59340.000 1963 COM2 65 0R0 291 2.2 25.4 51.5 1.0103 0.00 0.0M
59400.000 1963 COM2 65 0R0 302 1.4 25.4 51.8 1.0103 0.00 0.0M
59460.000 1963 COM2 65 0R0 351 1.2 25.4 51.0 1.0103 0.00 0.0M
59520.000 1963 COM2 65 0R0 318 1.5 25.3 51.5 1.0103 0.00 0.0M
59580.000 1963 COM2 65 0R0 272 2.4 25.2 52.0 1.0104 0.00 0.0M
59640.000 1963 COM2 65 0R0 273 2.6 25.1 52.6 1.0104 0.00 0.0M
59700.000 1963 COM2 65 0R0 241 1.7 25.1 52.6 1.0104 0.00 0.0M
59760.000 1963 COM2 65 0R0 258 2.3 25.2 51.6 1.0104 0.00 0.0M
59820.000 1963 COM2 65 0R0 278 2.7 25.3 51.9 1.0104 0.00 0.0M
59880.000 1963 COM2 65 0R0 233 2.9 25.3 51.8 1.0104 0.00 0.0M
59940.000 1963 COM2 65 0R0 219 0.8 25.3 52.1 1.0104 0.00 0.0M
60000.000 1963 COM2 65 0R0 024 1.9 25.4 51.7 1.0104 0.00 0.0M
60060.000 1963 COM2 65 0R0 327 0.5 25.4 52.0 1.0104 0.00 0.0M
60120.000 1963 COM2 65 0R0 228 1.5 25.5 52.4 1.0104 0.00 0.0M
60180.000 1963 COM2 65 0R0 269 3.9 25.6 51.4 1.0104 0.00 0.0M
60240.000 1963 COM2 65 0R0 288 4.3 25.6 50.3 1.0104 0.00 0.0M
60300.000 1963 COM2 65 0R0 232 1.5 25.2 51.2 1.0104 0.00 0.0M
60360.000 1963 COM2 65 0R0 234 0.9 25.1 51.6 1.0105 0.00 0.0M
60420.000 1963 COM2 65 0R0 236 1.0 25.2 51.0 1.0105 0.00 0.0M
60480.000 1963 COM2 65 0R0 268 1.1 25.4 50.3 1.0105 0.00 0.0M
60540.000 1963 COM2 65 0R0 287 1.6 25.7 49.8 1.0105 0.00 0.0M
60600.000 1963 COM2 65 0R0 195 1.2 25.8 50.0 1.0105 0.00 0.0M
60660.000 1963 COM2 65 0R0 291 3.6 25.9 50.3 1.0105 0.00 0.0M
60720.000 1963 COM2 65 0R0 306 1.3 25.9 49.6 1.0105 0.00 0.0M
60780.000 1963 COM2 65 0R0 284 0.2 25.9 50.7 1.0105 0.00 0.0M
60840.000 1963 COM2 65 0R0 016 1.7 26.1 50.1 1.0104 0.00 0.0M
60900.000 1963 COM2 65 0R0 290 2.2 26.3 50.5 1.0105 0.00 0.0M
60960.000 1963 COM2 65 0R0 262 1.5 26.3 49.3 1.0105 0.00 0.0M
61020.000 1963 COM2 65 0R0 277 2.4 26.4 47.9 1.0105 0.00 0.0M
61080.000 1963 COM2 65 0R0 251 1.1 26.3 48.5 1.0105 0.00 0.0M
61140.000 1963 COM2 65 0R0 297 0.7 26.4 48.5 1.0105 0.00 0.0M
61200.000 1963 COM2 65 0R0 218 1.4 26.4 47.8 1.0105 0.00 0.0M
61260.000 1963 COM2 65 0R0 032 0.7 26.5 47.9 1.0105 0.00 0.0M
61320.000 1963 COM2 65 0R0 331 1.8 26.4 48.1 1.0105 0.00 0.0M
61380.000 1963 COM2 65 0R0 290 4.0 26.2 47.7 1.0105 0.00 0.0M
61440.000 1963 COM2 65 0R0 008 1.4 26.0 47.7 1.0106 0.00 0.0M
61500.000 1963 COM2 65 0R0 213 0.7 25.8 48.5 1.0106 0.00 0.0M
61560.000 1963 COM2 65 0R0 253 0.5 25.8 48.6 1.0106 0.00 0.0M
61620.000 1963 COM2 65 0R0 310 0.3 25.8 48.2 1.0106 0.00 0.0M
61680.000 1963 COM2 65 0R0 286 4.5 25.9 48.4 1.0106 0.00 0.0M
61740.000 1963 COM2 65 0R0 180 1.6 25.7 49.9 1.0105 0.00 0.0M
61800.000 1963 COM2 65 0R0 168 0.9 25.8 49.5 1.0106 0.00 0.0M
61860.000 1963 COM2 65 0R0 269 1.2 26.0 49.1 1.0106 0.00 0.0M
61920.000 1963 COM2 65 0R0 115 0.6 26.0 49.2 1.0106 0.00 0.0M
61980.000 1963 COM2 65 0R0 262 0.7 26.2 49.0 1.0106 0.00 0.0M
62040.000 1963 COM2 65 0R0 200 1.9 26.3 49.2 1.0106 0.00 0.0M
62100.100 1963 COM2 65 0R0 255 1.9 26.5 49.1 1.0106 0.00 0.0M
62160.100 1963 COM2 65 0R0 257 2.9 26.6 47.2 1.0106 0.00 0.0M
62220.000 1963 COM2 65 0R0 298 1.7 26.4 47.5 1.0106 0.00 0.0M
62280.000 1963 COM2 65 0R0 307 0.9 26.2 48.8 1.0106 0.00 0.0M
62340.000 1963 COM2 65 0R0 244 0.5 26.2 49.0 1.0106 0.00 0.0M
62400.000 1963 COM2 65 0R0 331 2.1 26.2 47.8 1.0106 0.00 0.0M
62460.000 1963 COM2 65 0R0 035 2.9 26.4 47.4 1.0106 0.00 0.0M
62520.000 1963 COM2 65 0R0 336 0.6 26.4 48.2 1.0106 0.00 0.0M
62580.000 1963 COM2 65 0R0 265 1.4 26.5 48.0 1.0106 0.00 0.0M
62640.000 1963 COM2 65 0R0 329 0.4 26.6 48.0 1.0106 0.00 0.0M
62700.000 1963 COM2 65 0R0 011 1.0 26.7 47.2 1.0106 0.00 0.0M
62760.000 1963 COM2 65 0R0 290 1.1 26.6 48.0 1.0106 0.00 0.0M
62820.000 1963 COM2 65 0R0 280 1.0 26.5 48.3 1.0106 0.00 0.0M
62880.000 1963 COM2 65 0R0 303 1.7 26.5 48.3 1.0106 0.00 0.0M
62940.000 1963 COM2 65 0R0 307 0.7 26.5 49.1 1.0107 0.00 0.0M
63000.000 1963 COM2 65 0R0 242 3.2 26.5 48.0 1.0107 0.00 0.0M
63060.000 1963 COM2 65 0R0 275 1.7 26.5 48.0 1.0107 0.00 0.0M
63120.000 1963 COM2 65 0R0 286 3.6 26.5 47.6 1.0107 0.00 0.0M
63180.000 1963 COM2 65 0R0 227 1.2 26.5 48.1 1.0107 0.00 0.0M
63240.000 1963 COM2 65 0R0 270 1.9 26.5 47.9 1.0107 0.00 0.0M
63300.000 1963 COM2 65 0R0 032 0.5 26.5 47.8 1.0107 0.00 0.0M
63360.000 1963 COM2 65 0R0 303 4.1 26.5 46.6 1.0107 0.00 0.0M
63420.000 1963 COM2 65 0R0 300 3.7 26.4 47.4 1.0107 0.00 0.0M
63480.000 1963 COM2 65 0R0 315 1.1 26.1 48.0 1.0108 0.00 0.0M
63540.000 1963 COM2 65 0R0 340 3.4 25.9 47.8 1.0107 0.00 0.0M
63600.000 1963 COM2 65 0R0 253 1.9 25.8 49.0 1.0107 0.00 0.0M
63660.000 1963 COM2 65 0R0 234 0.4 25.9 48.8 1.0107 0.00 0.0M
63720.000 1963 COM2 65 0R0 257 1.9 26.1 49.2 1.0108 0.00 0.0M
63780.000 1963 COM2 65 0R0 292 2.3 26.3 48.6 1.0108 0.00 0.0M
63840.000 1963 COM2 65 0R0 294 1.5 26.3 47.6 1.0108 0.00 0.0M
63900.000 1963 COM2 65 0R0 241 0.8 26.1 48.7 1.0107 0.00 0.0M
63960.000 1963 COM2 65 0R0 243 4.6 26.2 48.8 1.0107 0.00 0.0M
64020.000 1963 COM2 65 0R0 238 4.7 26.4 48.3 1.0105 0.00 0.0M
64080.000 1963 COM2 65 0R0 256 4.6 26.6 47.8 1.0106 0.00 0.0M
64140.000 1963 COM2 65 0R0 257 1.8 26.7 47.3 1.0107 0.00 0.0M
64200.000 1963 COM2 65 0R0 235 1.5 26.7 46.9 1.0107 0.00 0.0M
64260.000 1963 COM2 65 0R0 326 1.8 26.6 46.9 1.0108 0.00 0.0M
64320.000 1963 COM2 65 0R0 290 3.9 26.5 46.7 1.0108 0.00 0.0M
64380.000 1963 COM2 65 0R0 299 2.9 26.2 47.8 1.0107 0.00 0.0M
64440.000 1963 COM2 65 0R0 309 1.8 26.2 48.5 1.0107 0.00 0.0M
64500.000 1963 COM2 65 0R0 273 1.4 26.2 48.3 1.0107 0.00 0.0M
64560.000 1963 COM2 65 0R0 301 1.5 26.3 48.1 1.0108 0.00 0.0M
64620.000 1963 COM2 65 0R0 216 0.5 26.4 48.1 1.0107 0.00 0.0M
64680.000 1963 COM2 65 0R0 260 0.9 26.6 48.5 1.0107 0.00 0.0M
64740.000 1963 COM2 65 0R0 012 1.7 26.8 46.7 1.0107 0.00 0.0M
64800.000 1963 COM2 65 0R0 237 0.8 26.9 46.9 1.0107 0.00 0.0M
64860.000 1963 COM2 65 0R0 302 2.5 26.9 47.3 1.0107 0.00 0.0M
64920.000 1963 COM2 65 0R0 278 1.5 27.0 46.5 1.0106 0.00 0.0M
64980.000 1963 COM2 65 0R0 222 1.0 27.1 46.6 1.0106 0.00 0.0M
65040.000 1963 COM2 65 0R0 261 1.1 27.3 46.5 1.0106 0.00 0.0M
65100.000 1963 COM2 65 0R0 253 2.0 27.4 46.4 1.0106 0.00 0.0M
65160.000 1963 COM2 65 0R0 282 0.8 27.4 45.7 1.0106 0.00 0.0M
65220.000 1963 COM2 65 0R0 247 1.1 27.5 46.1 1.0106 0.00 0.0M
65280.000 1963 COM2 65 0R0 247 1.0 27.6 46.1 1.0106 0.00 0.0M
65340.000 1963 COM2 65 0R0 234 1.5 27.5 45.3 1.0106 0.00 0.0M
65400.000 1963 COM2 65 0R0 252 3.4 27.4 45.2 1.0106 0.00 0.0M
65460.000 1963 COM2 65 0R0 244 0.2 27.2 45.3 1.0106 0.00 0.0M
65520.000 1963 COM2 65 0R0 129 0.5 27.2 45.7 1.0106 0.00 0.0M
65580.000 1963 COM2 65 0R0 001 0.3 27.2 45.0 1.0106 0.00 0.0M
65640.000 1963 COM2 65 0R0 316 1.3 27.3 45.1 1.0105 0.00 0.0M
65700.000 1963 COM2 65 0R0 260 2.4 27.3 44.7 1.0105 0.00 0.0M
65760.000 1963 COM2 65 0R0 296 2.8 27.2 45.2 1.0105 0.00 0.0M
65820.000 1963 COM2 65 0R0 274 1.3 27.1 45.3 1.0105 0.00 0.0M
65880.000 1963 COM2 65 0R0 249 4.0 27.2 45.2 1.0105 0.00 0.0M
65940.000 1963 COM2 65 0R0 251 2.6 27.1 45.7 1.0105 0.00 0.0M
66000.000 1963 COM2 65 0R0 237 2.8 27.1 45.6 1.0105 0.00 0.0M
66060.000 1963 COM2 65 0R0 278 2.8 27.1 46.1 1.0105 0.00 0.0M
66120.000 1963 COM2 65 0R0 282 5.1 27.0 45.5 1.0105 0.00 0.0M
66180.000 1963 COM2 65 0R0 277 2.6 26.9 46.1 1.0105 0.00 0.0M
66240.000 1963 COM2 65 0R0 284 0.9 26.9 46.3 1.0105 0.00 0.0M
66300.000 1963 COM2 65 0R0 240 1.5 27.0 45.7 1.0105 0.00 0.0M
66360.000 1963 COM2 65 0R0 277 0.5 27.1 45.7 1.0105 0.00 0.0M
66420.000 1963 COM2 65 0R0 295 0.9 27.1 46.0 1.0105 0.00 0.0M
66480.000 1963 COM2 65 0R0 253 2.6 27.3 45.4 1.0104 0.00 0.0M
66540.000 1963 COM2 65 0R0 287 1.5 27.3 44.9 1.0104 0.00 0.0M
66600.000 1963 COM2 65 0R0 259 1.4 27.1 45.8 1.0105 0.00 0.0M
66660.000 1963 COM2 65 0R0 285 2.2 27.0 46.1 1.0105 0.00 0.0M
66720.100 1963 COM2 65 0R0 288 1.3 27.1 46.3 1.0105 0.00 0.0M
66780.000 1963 COM2 65 0R0 204 0.9 27.2 46.3 1.0105 0.00 0.0M
66840.000 1963 COM2 65 0R0 281 0.4 27.4 46.0 1.0105 0.00 0.0M
66900.000 1963 COM2 65 0R0 355 3.1 27.6 44.7 1.0105 0.00 0.0M
66960.000 1963 COM2 65 0R0 322 3.0 27.6 44.4 1.0105 0.00 0.0M
67020.000 1963 COM2 65 0R0 348 1.6 27.4 44.9 1.0105 0.00 0.0M
67080.000 1963 COM2 65 0R0 005 1.7 27.2 45.0 1.0105 0.00 0.0M
67140.000 1963 COM2 65 0R0 315 1.4 27.1 46.3 1.0104 0.00 0.0M
67200.100 1963 COM2 65 0R0 269 1.3 27.1 46.2 1.0104 0.00 0.0M
67260.100 1963 COM2 65 0R0 276 3.0 27.1 45.4 1.0104 0.00 0.0M
67320.100 1963 COM2 65 0R0 227 2.6 27.0 45.4 1.0103 0.00 0.0M
67380.100 1963 COM2 65 0R0 307 2.0 26.9 46.2 1.0103 0.00 0.0M
67440.100 1963 COM2 65 0R0 191 1.0 26.9 46.3 1.0103 0.00 0.0M
67500.100 1963 COM2 65 0R0 259 3.1 27.1 45.7 1.0103 0.00 0.0M
67560.100 1963 COM2 65 0R0 270 4.1 27.1 45.2 1.0103 0.00 0.0M
67620.100 1963 COM2 65 0R0 250 1.8 27.1 45.8 1.0103 0.00 0.0M
67680.100 1963 COM2 65 0R0 245 2.3 27.1 45.5 1.0103 0.00 0.0M
67740.100 1963 COM2 65 0R0 238 1.5 27.1 45.4 1.0103 0.00 0.0M
67800.100 1963 COM2 65 0R0 253 2.6 27.1 45.5 1.0103 0.00 0.0M
67860.100 1963 COM2 65 0R0 269 2.9 27.1 45.4 1.0102 0.00 0.0M
67920.100 1963 COM2 65 0R0 290 3.9 27.1 45.2 1.0102 0.00 0.0M
67980.100 1963 COM2 65 0R0 263 1.5 27.0 45.4 1.0102 0.00 0.0M
68040.100 1963 COM2 65 0R0 265 1.0 27.0 46.0 1.0102 0.00 0.0M
68100.100 1963 COM2 65 0R0 315 0.7 27.0 46.2 1.0102 0.00 0.0M
68160.100 1963 COM2 65 0R0 272 0.5 27.1 46.2 1.0102 0.00 0.0M
68220.100 1963 COM2 65 0R0 292 2.1 27.3 46.2 1.0102 0.00 0.0M
68280.100 1963 COM2 65 0R0 260 1.6 27.4 45.5 1.0102 0.00 0.0M
68340.100 1963 COM2 65 0R0 294 2.8 27.3 45.7 1.0101 0.00 0.0M
68400.100 1963 COM2 65 0R0 267 3.8 27.2 45.8 1.0101 0.00 0.0M
68460.100 1963 COM2 65 0R0 212 0.3 27.2 46.0 1.0102 0.00 0.0M
68520.100 1963 COM2 65 0R0 292 2.8 27.3 45.9 1.0102 0.00 0.0M
68580.100 1963 COM2 65 0R0 326 0.8 27.3 45.7 1.0102 0.00 0.0M
68640.100 1963 COM2 65 0R0 278 2.7 27.4 45.6 1.0102 0.00 0.0M
68700.100 1963 COM2 65 0R0 294 2.2 27.3 45.2 1.0101 0.00 0.0M
68760.000 1963 COM2 65 0R0 281 2.4 27.3 45.8 1.0102 0.00 0.0M
68820.000 1963 COM2 65 0R0 276 1.7 27.3 45.0 1.0102 0.00 0.0M
68880.100 1963 COM2 65 0R0 284 0.9 27.2 44.7 1.0101 0.00 0.0M
68940.000 1963 COM2 65 0R0 296 1.3 27.2 44.7 1.0101 0.00 0.0M
69000.100 1963 COM2 65 0R0 277 2.1 27.1 46.0 1.0101 0.00 0.0M
69060.100 1963 COM2 65 0R0 282 2.3 27.2 45.0 1.0101 0.00 0.0M
69120.000 1963 COM2 65 0R0 152 1.6 27.3 45.3 1.0100 0.00 0.0M
69180.100 1963 COM2 65 0R0 298 5.3 27.3 44.6 1.0100 0.00 0.0M
69240.100 1963 COM2 65 0R0 281 2.5 27.2 44.7 1.0101 0.00 0.0M
69300.100 1963 COM2 65 0R0 293 2.0 27.0 44.3 1.0100 0.00 0.0M
69360.100 1963 COM2 65 0R0 278 0.7 26.9 44.8 1.0100 0.00 0.0M
69420.100 1963 COM2 65 0R0 037 1.3 27.0 45.0 1.0100 0.00 0.0M
69480.000 1963 COM2 65 0R0 286 2.2 27.1 45.4 1.0100 0.00 0.0M
69540.000 1963 COM2 65 0R0 289 1.3 27.2 45.7 1.0100 0.00 0.0M
69600.000 1963 COM2 65 0R0 229 1.8 27.3 44.6 1.0099 0.00 0.0M
69660.000 1963 COM2 65 0R0 283 1.9 27.4 44.7 1.0099 0.00 0.0M
69720.100 1963 COM2 65 0R0 284 3.7 27.5 44.3 1.0099 0.00 0.0M
69780.100 1963 COM2 65 0R0 272 2.4 27.5 43.6 1.0099 0.00 0.0M
69840.100 1963 COM2 65 0R0 248 2.2 27.3 44.2 1.0099 0.00 0.0M
69900.000 1963 COM2 65 0R0 280 3.2 27.3 43.8 1.0099 0.00 0.0M
69960.100 1963 COM2 65 0R0 279 2.0 27.2 44.2 1.0099 0.00 0.0M
70020.100 1963 COM2 65 0R0 272 3.2 27.2 44.5 1.0099 0.00 0.0M
70080.100 1963 COM2 65 0R0 252 5.3 27.3 44.4 1.0099 0.00 0.0M
70140.100 1963 COM2 65 0R0 279 1.3 27.2 44.2 1.0099 0.00 0.0M
70200.000 1963 COM2 65 0R0 277 4.1 27.3 44.1 1.0099 0.00 0.0M
70260.000 1963 COM2 65 0R0 267 4.9 27.3 44.6 1.0099 0.00 0.0M
70320.000 1963 COM2 65 0R0 185 1.2 27.3 44.7 1.0100 0.00 0.0M
70380.000 1963 COM2 65 0R0 257 2.1 27.4 44.3 1.0100 0.00 0.0M
70440.000 1963 COM2 65 0R0 266 3.0 27.5 44.1 1.0100 0.00 0.0M
70500.000 1963 COM2 65 0R0 246 2.4 27.5 43.7 1.0100 0.00 0.0M
70560.000 1963 COM2 65 0R0 258 2.0 27.5 44.1 1.0100 0.00 0.0M
70620.000 1963 COM2 65 0R0 253 1.3 27.5 44.5 1.0100 0.00 0.0M
70680.000 1963 COM2 65 0R0 287 0.6 27.6 44.7 1.0100 0.00 0.0M
70740.000 1963 COM2 65 0R0 192 0.8 27.6 44.8 1.0100 0.00 0.0M
70800.000 1963 COM2 65 0R0 351 2.9 27.8 43.3 1.0100 0.00 0.0M
70860.000 1963 COM2 65 0R0 016 0.7 27.8 44.5 1.0100 0.00 0.0M
70920.000 1963 COM2 65 0R0 309 0.7 27.7 43.7 1.0100 0.00 0.0M
70980.000 1963 COM2 65 0R0 158 0.9 27.6 44.4 1.0100 0.00 0.0M
71040.000 1963 COM2 65 0R0 318 0.7 27.7 44.2 1.0100 0.00 0.0M
71100.000 1963 COM2 65 0R0 299 1.3 27.7 43.1 1.0100 0.00 0.0M
71160.000 1963 COM2 65 0R0 228 1.1 27.8 43.2 1.0100 0.00 0.0M
71220.000 1963 COM2 65 0R0 308 1.0 27.9 43.2 1.0100 0.00 0.0M
71280.000 1963 COM2 65 0R0 317 4.6 28.0 41.7 1.0100 0.00 0.0M
71340.000 1963 COM2 65 0R0 300 3.7 27.8 42.5 1.0101 0.00 0.0M
71400.000 1963 COM2 65 0R0 319 2.7 27.7 42.5 1.0101 0.00 0.0M
71460.000 1963 COM2 65 0R0 260 1.8 27.6 42.8 1.0101 0.00 0.0M
71520.000 1963 COM2 65 0R0 117 1.0 27.6 41.7 1.0101 0.00 0.0M
71580.000 1963 COM2 65 0R0 007 0.5 27.7 41.6 1.0100 0.00 0.0M
71640.000 1963 COM2 65 0R0 053 0.6 27.8 41.7 1.0101 0.00 0.0M
71700.000 1963 COM2 65 0R0 316 0.6 28.0 41.5 1.0101 0.00 0.0M
71760.000 1963 COM2 65 0R0 344 1.6 28.1 39.9 1.0101 0.00 0.0M
71820.000 1963 COM2 65 0R0 321 2.9 28.0 40.8 1.0101 0.00 0.0M
71880.000 1963 COM2 65 0R0 002 0.7 27.9 41.2 1.0101 0.00 0.0M
71940.000 1963 COM2 65 0R0 208 0.6 27.8 42.1 1.0101 0.00 0.0M
72000.000 1963 COM2 65 0R0 038 0.6 27.8 41.6 1.0101 0.00 0.0M
72060.000 1963 COM2 65 0R0 278 4.5 27.9 42.0 1.0101 0.00 0.0M
72120.000 1963 COM2 65 0R0 282 2.3 27.9 42.2 1.0101 0.00 0.0M
72180.000 1963 COM2 65 0R0 258 2.2 27.9 42.4 1.0100 0.00 0.0M
72240.000 1963 COM2 65 0R0 267 2.8 27.9 42.2 1.0100 0.00 0.0M
72300.000 1963 COM2 65 0R0 192 1.8 27.7 42.7 1.0100 0.00 0.0M
72360.000 1963 COM2 65 0R0 223 1.1 27.7 43.2 1.0100 0.00 0.0M
72420.000 1963 COM2 65 0R0 238 0.9 27.7 43.3 1.0100 0.00 0.0M
72480.000 1963 COM2 65 0R0 194 1.8 27.8 43.0 1.0100 0.00 0.0M
72540.000 1963 COM2 65 0R0 239 1.2 27.9 42.3 1.0101 0.00 0.0M
72600.000 1963 COM2 65 0R0 268 0.2 27.9 42.0 1.0101 0.00 0.0M
72660.000 1963 COM2 65 0R0 020 1.2 28.0 41.9 1.0101 0.00 0.0M
72720.000 1963 COM2 65 0R0 346 2.8 28.0 40.5 1.0100 0.00 0.0M
72780.000 1963 COM2 65 0R0 315 1.6 28.0 41.2 1.0101 0.00 0.0M
72840.000 1963 COM2 65 0R0 296 2.4 27.9 41.2 1.0101 0.00 0.0M
72900.000 1963 COM2 65 0R0 346 1.1 27.8 41.1 1.0100 0.00 0.0M
72960.000 1963 COM2 65 0R0 311 0.8 27.8 41.9 1.0100 0.00 0.0M
73020.000 1963 COM2 65 0R0 262 0.9 27.8 41.7 1.0100 0.00 0.0M
73080.000 1963 COM2 65 0R0 309 2.0 27.9 41.9 1.0100 0.00 0.0M
73140.000 1963 COM2 65 0R0 294 4.3 28.1 41.7 1.0100 0.00 0.0M
73200.000 1963 COM2 65 0R0 287 1.3 28.0 41.9 1.0100 0.00 0.0M
73260.000 1963 COM2 65 0R0 304 4.2 27.9 41.1 1.0100 0.00 0.0M
73320.000 1963 COM2 65 0R0 342 2.8 27.7 41.6 1.0100 0.00 0.0M
73380.000 1963 COM2 65 0R0 279 0.7 27.5 42.6 1.0100 0.00 0.0M
73440.000 1963 COM2 65 0R0 156 0.4 27.5 42.5 1.0099 0.00 0.0M
73500.000 1963 COM2 65 0R0 301 3.8 27.7 41.5 1.0100 0.00 0.0M
73560.000 1963 COM2 65 0R0 340 1.3 27.7 41.3 1.0100 0.00 0.0M
73620.000 1963 COM2 65 0R0 315 1.8 27.7 42.5 1.0100 0.00 0.0M
73680.000 1963 COM2 65 0R0 259 0.5 27.7 42.4 1.0100 0.00 0.0M
73740.000 1963 COM2 65 0R0 287 3.3 27.8 42.6 1.0100 0.00 0.0M
73800.000 1963 COM2 65 0R0 267 1.1 27.8 42.7 1.0100 0.00 0.0M
73860.000 1963 COM2 65 0R0 268 1.7 28.0 42.3 1.0100 0.00 0.0M
73920.000 1963 COM2 65 0R0 018 0.5 28.1 40.7 1.0100 0.00 0.0M
73980.000 1963 COM2 65 0R0 304 1.6 28.2 40.7 1.0101 0.00 0.0M
74040.000 1963 COM2 65 0R0 006 0.4 28.2 40.5 1.0101 0.00 0.0M
74100.000 1963 COM2 65 0R0 264 2.6 28.3 39.8 1.0100 0.00 0.0M
74160.000 1963 COM2 65 0R0 173 1.0 28.3 40.3 1.0101 0.00 0.0M
74220.000 1963 COM2 65 0R0 145 0.8 28.3 40.2 1.0101 0.00 0.0M
74280.000 1963 COM2 65 0R0 245 1.4 28.4 39.5 1.0100 0.00 0.0M
74340.000 1963 COM2 65 0R0 295 1.8 28.5 40.2 1.0101 0.00 0.0M
74400.000 1963 COM2 65 0R0 226 2.2 28.5 39.9 1.0100 0.00 0.0M
74460.000 1963 COM2 65 0R0 208 1.0 28.5 40.3 1.0100 0.00 0.0M
74520.000 1963 COM2 65 0R0 138 1.4 28.3 40.9 1.0100 0.00 0.0M
74580.000 1963 COM2 65 0R0 310 3.2 28.3 40.5 1.0101 0.00 0.0M
74640.000 1963 COM2 65 0R0 274 0.6 28.1 41.4 1.0101 0.00 0.0M
74700.000 1963 COM2 65 0R0 288 2.3 28.1 41.0 1.0101 0.00 0.0M
74760.000 1963 COM2 65 0R0 320 1.8 28.0 41.4 1.0101 0.00 0.0M
74820.000 1963 COM2 65 0R0 280 4.1 28.0 40.5 1.0100 0.00 0.0M
74880.000 1963 COM2 65 0R0 308 1.1 27.8 40.9 1.0100 0.00 0.0M
74940.000 1963 COM2 65 0R0 118 0.6 27.8 41.2 1.0101 0.00 0.0M
75000.000 1963 COM2 65 0R0 127 0.5 27.9 41.3 1.0100 0.00 0.0M
75060.000 1963 COM2 65 0R0 214 0.7 28.1 41.6 1.0100 0.00 0.0M
75120.000 1963 COM2 65 0R0 283 2.0 28.2 41.0 1.0100 0.00 0.0M
75180.000 1963 COM2 65 0R0 323 2.6 28.4 40.6 1.0101 0.00 0.0M
75240.000 1963 COM2 65 0R0 297 2.6 28.3 40.4 1.0101 0.00 0.0M
75300.000 1963 COM2 65 0R0 293 1.5 28.1 40.9 1.0101 0.00 0.0M
75360.000 1963 COM2 65 0R0 327 0.8 28.0 41.5 1.0101 0.00 0.0M
75420.000 1963 COM2 65 0R0 087 0.3 28.0 41.8 1.0101 0.00 0.0M
75480.000 1963 COM2 65 0R0 271 1.9 28.1 41.8 1.0101 0.00 0.0M
75540.000 1963 COM2 65 0R0 092 1.2 28.3 41.4 1.0101 0.00 0.0M
75600.000 1963 COM2 65 0R0 237 1.4 28.4 41.2 1.0101 0.00 0.0M
75660.000 1963 COM2 65 0R0 303 3.6 28.5 40.1 1.0101 0.00 0.0M
75720.000 1963 COM2 65 0R0 276 2.5 28.4 39.6 1.0101 0.00 0.0M
75780.000 1963 COM2 65 0R0 312 2.1 28.2 39.8 1.0101 0.00 0.0M
75840.000 1963 COM2 65 0R0 333 0.8 28.1 40.7 1.0101 0.00 0.0M
75900.000 1963 COM2 65 0R0 227 0.9 28.1 41.0 1.0101 0.00 0.0M
75960.000 1963 COM2 65 0R0 293 2.3 28.2 40.9 1.0102 0.00 0.0M
76020.000 1963 COM2 65 0R0 286 1.6 28.3 41.3 1.0102 0.00 0.0M
76080.000 1963 COM2 65 0R0 306 1.9 28.3 41.1 1.0102 0.00 0.0M
76140.000 1963 COM2 65 0R0 241 2.2 28.3 41.5 1.0102 0.00 0.0M
76200.000 1963 COM2 65 0R0 325 1.7 28.2 41.6 1.0102 0.00 0.0M
76260.000 1963 COM2 65 0R0 312 1.6 28.2 41.5 1.0102 0.00 0.0M
76320.000 1963 COM2 65 0R0 275 2.8 28.2 41.2 1.0102 0.00 0.0M
76380.000 1963 COM2 65 0R0 214 1.2 28.1 41.8 1.0103 0.00 0.0M
76440.100 1963 COM2 65 0R0 267 2.4 28.1 41.3 1.0103 0.00 0.0M
76500.000 1963 COM2 65 0R0 296 0.7 28.1 41.2 1.0103 0.00 0.0M
76560.000 1963 COM2 65 0R0 221 2.3 28.1 41.4 1.0102 0.00 0.0M
76620.000 1963 COM2 65 0R0 231 1.9 28.1 41.7 1.0102 0.00 0.0M
76680.000 1963 COM2 65 0R0 288 2.0 28.0 42.0 1.0102 0.00 0.0M
76740.000 1963 COM2 65 0R0 296 0.7 28.0 42.3 1.0103 0.00 0.0M
76800.000 1963 COM2 65 0R0 347 3.2 28.0 41.9 1.0102 0.00 0.0M
76860.000 1963 COM2 65 0R0 340 2.2 28.0 41.3 1.0102 0.00 0.0M
76920.000 1963 COM2 65 0R0 276 2.1 27.9 43.1 1.0103 0.00 0.0M
76980.000 1963 COM2 65 0R0 321 2.0 27.8 42.8 1.0102 0.00 0.0M
77040.000 1963 COM2 65 0R0 240 1.2 27.8 42.4 1.0102 0.00 0.0M
77100.000 1963 COM2 65 0R0 274 1.2 27.9 41.6 1.0102 0.00 0.0M
77160.000 1963 COM2 65 0R0 213 1.1 27.9 42.1 1.0102 0.00 0.0M
77220.000 1963 COM2 65 0R0 287 4.7 27.9 42.3 1.0102 0.00 0.0M
77280.000 1963 COM2 65 0R0 279 2.9 27.8 42.0 1.0102 0.00 0.0M
77340.000 1963 COM2 65 0R0 300 2.1 27.8 42.2 1.0102 0.00 0.0M
77400.000 1963 COM2 65 0R0 297 2.4 27.7 42.2 1.0102 0.00 0.0M
77460.000 1963 COM2 65 0R0 208 0.9 27.7 42.4 1.0102 0.00 0.0M
77520.000 1963 COM2 65 0R0 247 2.8 27.7 42.7 1.0102 0.00 0.0M
77580.000 1963 COM2 65 0R0 287 1.9 27.8 42.6 1.0102 0.00 0.0M
77640.000 1963 COM2 65 0R0 249 2.7 27.8 42.5 1.0102 0.00 0.0M
77700.000 1963 COM2 65 0R0 280 3.8 27.7 42.3 1.0102 0.00 0.0M
77760.000 1963 COM2 65 0R0 240 1.8 27.7 43.2 1.0102 0.00 0.0M
77820.000 1963 COM2 65 0R0 251 1.9 27.7 43.2 1.0102 0.00 0.0M
77880.000 1963 COM2 65 0R0 314 4.2 27.7 42.5 1.0102 0.00 0.0M
77940.000 1963 COM2 65 0R0 303 1.2 27.6 43.1 1.0102 0.00 0.0M
78000.000 1963 COM2 65 0R0 253 1.1 27.6 43.2 1.0102 0.00 0.0M
78060.000 1963 COM2 65 0R0 194 0.9 27.6 43.7 1.0102 0.00 0.0M
78120.000 1963 COM2 65 0R0 245 2.1 27.8 42.8 1.0102 0.00 0.0M
78180.000 1963 COM2 65 0R0 280 3.1 27.9 42.1 1.0102 0.00 0.0M
78240.000 1963 COM2 65 0R0 296 2.9 27.9 42.4 1.0102 0.00 0.0M
78300.000 1963 COM2 65 0R0 232 1.1 27.9 42.4 1.0102 0.00 0.0M
78360.000 1963 COM2 65 0R0 274 3.1 27.9 41.9 1.0102 0.00 0.0M
78420.000 1963 COM2 65 0R0 272 1.5 27.8 42.4 1.0102 0.00 0.0M
78480.000 1963 COM2 65 0R0 268 1.3 27.8 42.6 1.0102 0.00 0.0M
78540.000 1963 COM2 65 0R0 272 1.1 27.8 42.7 1.0102 0.00 0.0M
78600.000 1963 COM2 65 0R0 287 1.3 27.9 42.5 1.0103 0.00 0.0M
78660.000 1963 COM2 65 0R0 278 2.2 27.9 42.6 1.0103 0.00 0.0M
78720.000 1963 COM2 65 0R0 277 1.1 27.8 42.6 1.0103 0.00 0.0M
78780.000 1963 COM2 65 0R0 234 1.1 27.8 42.5 1.0103 0.00 0.0M
78840.000 1963 COM2 65 0R0 278 3.3 27.7 42.4 1.0103 0.00 0.0M
78900.000 1963 COM2 65 0R0 310 2.6 27.7 42.9 1.0103 0.00 0.0M
78960.000 1963 COM2 65 0R0 288 2.6 27.6 42.8 1.0103 0.00 0.0M
79020.000 1963 COM2 65 0R0 301 3.7 27.6 43.0 1.0103 0.00 0.0M
79080.000 1963 COM2 65 0R0 012 0.5 27.5 43.2 1.0103 0.00 0.0M
79140.000 1963 COM2 65 0R0 281 2.2 27.5 43.4 1.0103 0.00 0.0M
79200.000 1963 COM2 65 0R0 284 2.2 27.5 43.6 1.0103 0.00 0.0M
79260.000 1963 COM2 65 0R0 256 0.8 27.6 44.2 1.0103 0.00 0.0M
79320.000 1963 COM2 65 0R0 274 0.6 27.7 44.0 1.0103 0.00 0.0M
79380.000 1963 COM2 65 0R0 250 0.7 27.8 43.7 1.0103 0.00 0.0M
79440.100 1963 COM2 65 0R0 222 0.5 27.8 43.6 1.0103 0.00 0.0M
79500.000 1963 COM2 65 0R0 249 0.6 27.8 43.7 1.0103 0.00 0.0M
79560.000 1963 COM2 65 0R0 285 2.5 27.8 42.7 1.0103 0.00 0.0M
79620.000 1963 COM2 65 0R0 298 3.7 27.8 43.2 1.0103 0.00 0.0M
79680.000 1963 COM2 65 0R0 296 1.9 27.7 43.8 1.0103 0.00 0.0M
79740.000 1963 COM2 65 0R0 299 1.8 27.7 43.9 1.0103 0.00 0.0M
79800.000 1963 COM2 65 0R0 285 1.1 27.7 43.6 1.0103 0.00 0.0M
79860.000 1963 COM2 65 0R0 244 1.2 27.8 43.5 1.0103 0.00 0.0M
79920.000 1963 COM2 65 0R0 287 2.5 27.8 43.4 1.0103 0.00 0.0M
79980.000 1963 COM2 65 0R0 240 0.8 27.7 43.6 1.0103 0.00 0.0M
80040.000 1963 COM2 65 0R0 295 0.6 27.8 43.6 1.0103 0.00 0.0M
80100.100 1963 COM2 65 0R0 274 1.8 27.7 42.9 1.0103 0.00 0.0M
80160.000 1963 COM2 65 0R0 235 1.1 27.7 43.2 1.0103 0.00 0.0M
80220.100 1963 COM2 65 0R0 270 1.8 27.7 43.4 1.0104 0.00 0.0M
80280.000 1963 COM2 65 0R0 273 1.4 27.7 43.3 1.0104 0.00 0.0M
80340.000 1963 COM2 65 0R0 248 2.3 27.6 43.8 1.0104 0.00 0.0M
80400.100 1963 COM2 65 0R0 282 3.0 27.6 42.6 1.0104 0.00 0.0M
80460.000 1963 COM2 65 0R0 268 1.5 27.5 43.8 1.0104 0.00 0.0M
80520.000 1963 COM2 65 0R0 282 2.6 27.5 43.9 1.0103 0.00 0.0M
80580.000 1963 COM2 65 0R0 263 1.2 27.5 44.0 1.0104 0.00 0.0M
80640.100 1963 COM2 65 0R0 247 1.0 27.5 43.9 1.0104 0.00 0.0M
80700.000 1963 COM2 65 0R0 251 1.7 27.6 43.6 1.0104 0.00 0.0M
80760.000 1963 COM2 65 0R0 246 1.3 27.6 43.7 1.0104 0.00 0.0M
80820.000 1963 COM2 65 0R0 243 1.0 27.7 43.7 1.0105 0.00 0.0M
80880.000 1963 COM2 65 0R0 251 0.7 27.7 44.0 1.0105 0.00 0.0M
80940.100 1963 COM2 65 0R0 244 1.7 27.8 43.7 1.0105 0.00 0.0M
81000.000 1963 COM2 65 0R0 214 0.3 27.8 43.7 1.0105 0.00 0.0M
81060.000 1963 COM2 65 0R0 276 0.8 27.8 43.8 1.0105 0.00 0.0M
81120.100 1963 COM2 65 0R0 236 0.4 27.9 43.9 1.0104 0.00 0.0M
81180.000 1963 COM2 65 0R0 195 0.7 27.9 43.9 1.0105 0.00 0.0M
81240.000 1963 COM2 65 0R0 243 1.0 27.9 43.9 1.0105 0.00 0.0M
81300.100 1963 COM2 65 0R0 248 0.9 28.0 44.0 1.0105 0.00 0.0M
81360.100 1963 COM2 65 0R0 204 0.6 28.0 44.0 1.0105 0.00 0.0M
81420.100 1963 COM2 65 0R0 277 1.4 28.0 42.5 1.0105 0.00 0.0M
81480.100 1963 COM2 65 0R0 278 1.2 28.0 43.3 1.0106 0.00 0.0M
81540.100 1963 COM2 65 0R0 294 2.2 27.9 43.2 1.0106 0.00 0.0M
81600.100 1963 COM2 65 0R0 263 0.4 27.9 43.7 1.0106 0.00 0.0M
81660.100 1963 COM2 65 0R0 193 0.3 27.9 43.5 1.0106 0.00 0.0M
81720.100 1963 COM2 65 0R0 252 2.0 27.9 43.5 1.0106 0.00 0.0M
81780.100 1963 COM2 65 0R0 264 1.5 27.8 43.3 1.0106 0.00 0.0M
81840.100 1963 COM2 65 0R0 284 1.3 27.8 43.5 1.0106 0.00 0.0M
81900.100 1963 COM2 65 0R0 279 1.8 27.7 43.0 1.0106 0.00 0.0M
81960.100 1963 COM2 65 0R0 274 1.4 27.6 43.6 1.0106 0.00 0.0M
82020.100 1963 COM2 65 0R0 257 0.5 27.6 43.9 1.0106 0.00 0.0M
82080.100 1963 COM2 65 0R0 266 2.2 27.5 43.6 1.0106 0.00 0.0M
82140.100 1963 COM2 65 0R0 288 1.3 27.5 44.1 1.0106 0.00 0.0M
82200.100 1963 COM2 65 0R0 291 1.4 27.4 44.3 1.0107 0.00 0.0M
82260.100 1963 COM2 65 0R0 289 2.5 27.4 44.7 1.0107 0.00 0.0M
82320.100 1963 COM2 65 0R0 274 1.7 27.3 44.7 1.0107 0.00 0.0M
82380.100 1963 COM2 65 0R0 091 0.4 27.3 44.8 1.0107 0.00 0.0M
82440.100 1963 COM2 65 0R0 303 1.0 27.4 45.1 1.0107 0.00 0.0M
82500.100 1963 COM2 65 0R0 269 1.1 27.4 45.1 1.0107 0.00 0.0M
82560.100 1963 COM2 65 0R0 256 0.7 27.4 45.4 1.0107 0.00 0.0M
82620.100 1963 COM2 65 0R0 249 1.0 27.4 45.5 1.0107 0.00 0.0M
82680.100 1963 COM2 65 0R0 317 0.6 27.4 45.7 1.0107 0.00 0.0M
82740.100 1963 COM2 65 0R0 234 0.3 27.4 45.7 1.0107 0.00 0.0M
82800.100 1963 COM2 65 0R0 271 0.9 27.4 46.0 1.0107 0.00 0.0M
82860.100 1963 COM2 65 0R0 258 0.3 27.4 46.2 1.0107 0.00 0.0M
82920.100 1963 COM2 65 0R0 262 0.2 27.4 46.2 1.0107 0.00 0.0M
82980.000 1963 COM2 65 0R0 257 1.4 27.4 46.5 1.0107 0.00 0.0M
83040.100 1963 COM2 65 0R0 283 1.1 27.4 46.6 1.0107 0.00 0.0M
83100.100 1963 COM2 65 0R0 216 0.8 27.4 46.7 1.0107 0.00 0.0M
83160.100 1963 COM2 65 0R0 239 0.8 27.4 47.0 1.0108 0.00 0.0M
83220.100 1963 COM2 65 0R0 245 0.8 27.4 47.1 1.0108 0.00 0.0M
83280.000 1963 COM2 65 0R0 150 0.2 27.4 47.1 1.0108 0.00 0.0M
83340.100 1963 COM2 65 0R0 235 0.3 27.4 47.3 1.0108 0.00 0.0M
83400.100 1963 COM2 65 0R0 222 0.9 27.4 47.3 1.0108 0.00 0.0M
83460.100 1963 COM2 65 0R0 243 0.8 27.4 47.3 1.0108 0.00 0.0M
83520.100 1963 COM2 65 0R0 194 0.9 27.3 47.6 1.0108 0.00 0.0M
83580.000 1963 COM2 65 0R0 236 0.6 27.3 47.8 1.0108 0.00 0.0M
83640.100 1963 COM2 65 0R0 231 1.0 27.3 47.8 1.0108 0.00 0.0M
83700.100 1963 COM2 65 0R0 222 0.3 27.2 47.8 1.0108 0.00 0.0M
83760.100 1963 COM2 65 0R0 262 0.5 27.2 48.0 1.0108 0.00 0.0M
83820.100 1963 COM2 65 0R0 207 0.7 27.2 48.2 1.0108 0.00 0.0M
83880.000 1963 COM2 65 0R0 256 0.6 27.2 48.4 1.0108 0.00 0.0M
83940.000 1963 COM2 65 0R0 246 1.0 27.1 48.1 1.0108 0.00 0.0M
84000.000 1963 COM2 65 0R0 248 1.0 27.1 48.6 1.0108 0.00 0.0M
84060.000 1963 COM2 65 0R0 244 1.6 27.0 48.6 1.0108 0.00 0.0M
84120.000 1963 COM2 65 0R0 264 1.0 27.0 48.7 1.0108 0.00 0.0M
84180.000 1963 COM2 65 0R0 226 1.5 27.0 48.9 1.0108 0.00 0.0M
84240.000 1963 COM2 65 0R0 254 0.5 26.9 49.1 1.0108 0.00 0.0M
84300.000 1963 COM2 65 0R0 237 1.3 26.9 48.8 1.0108 0.00 0.0M
84360.000 1963 COM2 65 0R0 248 0.8 26.8 49.3 1.0108 0.00 0.0M
84420.000 1963 COM2 65 0R0 246 1.1 26.8 49.4 1.0108 0.00 0.0M
84480.000 1963 COM2 65 0R0 191 0.3 26.8 49.4 1.0108 0.00 0.0M
84540.000 1963 COM2 65 0R0 258 0.5 26.8 49.7 1.0108 0.00 0.0M
84600.000 1963 COM2 65 0R0 254 1.0 26.8 49.6 1.0108 0.00 0.0M
84660.000 1963 COM2 65 0R0 260 0.8 26.7 49.8 1.0108 0.00 0.0M
84720.000 1963 COM2 65 0R0 256 0.5 26.7 49.6 1.0108 0.00 0.0M
84780.000 1963 COM2 65 0R0 265 1.2 26.7 49.8 1.0108 0.00 0.0M
84840.000 1963 COM2 65 0R0 215 0.6 26.6 50.0 1.0108 0.00 0.0M
84900.000 1963 COM2 65 0R0 281 0.3 26.6 50.4 1.0108 0.00 0.0M
84960.000 1963 COM2 65 0R0 226 0.7 26.5 50.5 1.0108 0.00 0.0M
85020.000 1963 COM2 65 0R0 186 0.9 26.5 50.4 1.0108 0.00 0.0M
85080.000 1963 COM2 65 0R0 211 0.9 26.4 50.6 1.0108 0.00 0.0M
85140.000 1963 COM2 65 0R0 188 0.6 26.4 51.0 1.0108 0.00 0.0M
85200.000 1963 COM2 65 0R0 239 0.9 26.3 50.9 1.0108 0.00 0.0M
85260.000 1963 COM2 65 0R0 280 0.3 26.3 51.1 1.0108 0.00 0.0M
85320.000 1963 COM2 65 0R0 213 0.5 26.3 51.3 1.0108 0.00 0.0M
85380.000 1963 COM2 65 0R0 228 0.4 26.3 51.4 1.0108 0.00 0.0M
85440.000 1963 COM2 65 0R0 194 0.5 26.2 51.2 1.0108 0.00 0.0M
85500.000 1963 COM2 65 0R0 208 0.4 26.2 51.7 1.0108 0.00 0.0M
85560.000 1963 COM2 65 0R0 207 0.5 26.2 51.7 1.0107 0.00 0.0M
85620.000 1963 COM2 65 0R0 146 0.2 26.3 52.1 1.0107 0.00 0.0M
85680.000 1963 COM2 65 0R0 176 0.4 26.3 52.0 1.0107 0.00 0.0M
85740.000 1963 COM2 65 0R0 129 0.3 26.2 52.5 1.0107 0.00 0.0M
85800.000 1963 COM2 65 0R0 227 0.2 26.2 52.6 1.0107 0.00 0.0M
85860.000 1963 COM2 65 0R0 244 0.3 26.2 52.4 1.0107 0.00 0.0M
85920.000 1963 COM2 65 0R0 209 0.6 26.1 53.0 1.0107 0.00 0.0M
85980.000 1963 COM2 65 0R0 194 0.7 26.1 53.5 1.0107 0.00 0.0M
86040.000 1963 COM2 65 0R0 198 0.8 26.0 53.7 1.0107 0.00 0.0M
86100.000 1963 COM2 65 0R0 197 0.4 25.9 53.9 1.0107 0.00 0.0M
86160.000 1963 COM2 65 0R0 193 0.5 25.8 54.2 1.0107 0.00 0.0M
86220.000 1963 COM2 65 0R0 208 0.6 25.8 54.1 1.0107 0.00 0.0M
86280.000 1963 COM2 65 0R0 198 0.5 25.8 54.4 1.0107 0.00 0.0M
86340.000 1963 COM2 65 0R0 147 0.2 25.7 54.9 1.0107 0.00 0.0M
