TO [s] WNc [w] C StringLn ASCIIString
---------------------------------------
345600.100 1965 COM2 65 0R0 347 1.7 15.7 90.1 1.0036 0.00 0.0M
345660.100 1965 COM2 65 0R0 339 2.8 15.7 90.1 1.0036 0.00 0.0M
345720.000 1965 COM2 65 0R0 344 0.9 15.6 89.4 1.0036 0.00 0.0M
345780.100 1965 COM2 65 0R0 347 2.4 15.6 89.9 1.0035 0.01 0.0M
345840.000 1965 COM2 65 0R0 339 3.0 15.6 89.7 1.0035 0.00 0.0M
345900.000 1965 COM2 65 0R0 052 1.0 15.6 90.1 1.0034 0.01 0.0M
345960.000 1965 COM2 65 0R0 027 2.1 15.6 90.0 1.0034 0.01 0.0M
346020.000 1965 COM2 65 0R0 351 1.8 15.6 89.9 1.0033 0.01 0.0M
346080.000 1965 COM2 65 0R0 349 0.8 15.6 89.9 1.0033 0.01 0.0M
346140.000 1965 COM2 65 0R0 046 1.2 15.6 90.1 1.0034 0.01 0.0M
346200.000 1965 COM2 65 0R0 355 1.6 15.6 90.2 1.0035 0.01 0.0M
346260.000 1965 COM2 65 0R0 034 0.8 15.5 90.0 1.0035 0.01 0.0M
346320.000 1965 COM2 65 0R0 359 1.3 15.5 90.1 1.0036 0.00 0.0M
346380.000 1965 COM2 65 0R0 344 1.4 15.5 90.2 1.0036 0.01 0.0M
346440.000 1965 COM2 65 0R0 011 0.4 15.5 90.3 1.0036 0.01 0.0M
346500.000 1965 COM2 65 0R0 022 0.7 15.5 90.3 1.0036 0.00 0.0M
346560.000 1965 COM2 65 0R0 342 1.9 15.6 90.3 1.0036 0.01 0.0M
346620.000 1965 COM2 65 0R0 353 1.2 15.5 90.4 1.0036 0.01 0.0M
346680.000 1965 COM2 65 0R0 012 1.5 15.5 89.9 1.0036 0.01 0.0M
346740.000 1965 COM2 65 0R0 343 0.7 15.5 90.1 1.0036 0.00 0.0M
346800.000 1965 COM2 65 0R0 333 1.0 15.5 90.3 1.0036 0.01 0.0M
346860.000 1965 COM2 65 0R0 010 0.9 15.5 90.3 1.0037 0.02 0.0M
346920.000 1965 COM2 65 0R0 356 0.6 15.5 90.5 1.0038 0.01 0.0M
346980.000 1965 COM2 65 0R0 325 0.5 15.6 90.5 1.0039 0.00 0.0M
347040.000 1965 COM2 65 0R0 340 0.8 15.6 90.5 1.0040 0.02 0.0M
347100.000 1965 COM2 65 0R0 339 0.4 15.6 90.5 1.0040 0.01 0.0M
347160.000 1965 COM2 65 0R0 032 0.7 15.6 90.1 1.0041 0.01 0.0M
347220.000 1965 COM2 65 0R0 352 0.8 15.6 90.2 1.0041 0.03 0.0M
347280.000 1965 COM2 65 0R0 339 2.3 15.6 90.0 1.0041 0.03 0.0M
347340.000 1965 COM2 65 0R0 332 1.0 15.6 90.0 1.0041 0.06 0.0M
347400.000 1965 COM2 65 0R0 083 0.2 15.6 90.2 1.0042 0.05 0.0M
347460.000 1965 COM2 65 0R0 298 0.3 15.6 90.6 1.0041 0.03 0.0M
347520.000 1965 COM2 65 0R0 022 0.5 15.6 90.5 1.0041 0.04 0.0M
347580.000 1965 COM2 65 0R0 110 0.5 15.7 90.5 1.0041 0.02 0.0M
347640.000 1965 COM2 65 0R0 271 0.3 15.7 90.4 1.0041 0.01 0.0M
347700.000 1965 COM2 65 0R0 340 0.8 15.7 90.4 1.0041 0.00 0.0M
347760.000 1965 COM2 65 0R0 036 0.9 15.7 90.1 1.0041 0.00 0.0M
347820.000 1965 COM2 65 0R0 328 0.9 15.6 89.8 1.0042 0.00 0.0M
347880.000 1965 COM2 65 0R0 303 1.2 15.6 90.0 1.0042 0.00 0.0M
347940.000 1965 COM2 65 0R0 294 0.6 15.6 90.2 1.0042 0.00 0.0M
348000.000 1965 COM2 65 0R0 294 1.5 15.6 90.0 1.0042 0.02 0.0M
348060.000 1965 COM2 65 0R0 296 0.5 15.6 90.2 1.0042 0.02 0.0M
348120.000 1965 COM2 65 0R0 294 1.4 15.6 90.3 1.0042 0.01 0.0M
348180.000 1965 COM2 65 0R0 224 0.4 15.6 90.2 1.0042 0.03 0.0M
348240.000 1965 COM2 65 0R0 005 0.2 15.6 90.1 1.0041 0.05 0.0M
348300.000 1965 COM2 65 0R0 337 1.7 15.6 90.2 1.0041 0.06 0.0M
348360.000 1965 COM2 65 0R0 086 0.3 15.6 90.1 1.0041 0.04 0.0M
348420.000 1965 COM2 65 0R0 026 0.6 15.6 90.0 1.0040 0.03 0.0M
348480.000 1965 COM2 65 0R0 318 0.7 15.6 90.2 1.0039 0.03 0.0M
348540.000 1965 COM2 65 0R0 334 1.9 15.6 89.8 1.0038 0.04 0.0M
348600.000 1965 COM2 65 0R0 319 0.8 15.6 89.7 1.0038 0.03 0.0M
348660.000 1965 COM2 65 0R0 302 0.4 15.6 89.9 1.0038 0.03 0.0M
348720.000 1965 COM2 65 0R0 282 0.3 15.6 90.2 1.0039 0.06 0.0M
348780.000 1965 COM2 65 0R0 319 2.0 15.6 90.2 1.0039 0.06 0.0M
348840.000 1965 COM2 65 0R0 040 0.4 15.6 90.2 1.0040 0.05 0.0M
348900.000 1965 COM2 65 0R0 302 0.1 15.6 90.4 1.0042 0.01 0.0M
348960.000 1965 COM2 65 0R0 316 2.7 15.6 90.4 1.0042 0.04 0.0M
349020.000 1965 COM2 65 0R0 028 0.4 15.6 90.6 1.0041 0.03 0.0M
349080.000 1965 COM2 65 0R0 345 3.1 15.6 90.5 1.0039 0.04 0.0M
349140.000 1965 COM2 65 0R0 053 1.8 15.6 90.1 1.0037 0.04 0.0M
349200.000 1965 COM2 65 0R0 342 2.1 15.6 90.2 1.0038 0.06 0.0M
349260.000 1965 COM2 65 0R0 296 1.4 15.5 90.0 1.0038 0.03 0.0M
349320.000 1965 COM2 65 0R0 331 1.0 15.5 90.5 1.0040 0.03 0.0M
349380.000 1965 COM2 65 0R0 260 0.3 15.5 90.5 1.0040 0.02 0.0M
349440.000 1965 COM2 65 0R0 296 1.3 15.5 90.4 1.0040 0.01 0.0M
349500.000 1965 COM2 65 0R0 290 1.1 15.5 90.5 1.0040 0.01 0.0M
349560.000 1965 COM2 65 0R0 355 2.4 15.5 90.5 1.0040 0.01 0.0M
349620.000 1965 COM2 65 0R0 280 1.4 15.5 90.4 1.0040 0.01 0.0M
349680.000 1965 COM2 65 0R0 291 0.6 15.5 90.5 1.0039 0.01 0.0M
349740.000 1965 COM2 65 0R0 339 1.3 15.5 90.5 1.0039 0.02 0.0M
349800.000 1965 COM2 65 0R0 027 1.9 15.5 90.5 1.0039 0.02 0.0M
349860.000 1965 COM2 65 0R0 342 1.1 15.5 90.5 1.0038 0.01 0.0M
349920.000 1965 COM2 65 0R0 039 1.5 15.5 90.4 1.0038 0.01 0.0M
349980.000 1965 COM2 65 0R0 014 2.0 15.5 90.2 1.0038 0.00 0.0M
350040.000 1965 COM2 65 0R0 021 1.4 15.5 90.3 1.0038 0.00 0.0M
350100.000 1965 COM2 65 0R0 003 0.9 15.5 90.4 1.0037 0.01 0.0M
350160.000 1965 COM2 65 0R0 338 0.4 15.5 90.5 1.0037 0.01 0.0M
350220.000 1965 COM2 65 0R0 026 1.5 15.5 90.5 1.0036 0.02 0.0M
350280.000 1965 COM2 65 0R0 355 1.0 15.5 90.4 1.0036 0.01 0.0M
350340.000 1965 COM2 65 0R0 053 1.0 15.5 90.3 1.0037 0.00 0.0M
350400.000 1965 COM2 65 0R0 031 2.3 15.5 90.4 1.0036 0.01 0.0M
350460.000 1965 COM2 65 0R0 039 1.1 15.5 90.5 1.0036 0.01 0.0M
350520.000 1965 COM2 65 0R0 026 2.6 15.5 90.6 1.0035 0.01 0.0M
350580.000 1965 COM2 65 0R0 353 1.1 15.5 90.5 1.0035 0.00 0.0M
350640.000 1965 COM2 65 0R0 033 1.8 15.5 90.5 1.0035 0.00 0.0M
350700.000 1965 COM2 65 0R0 335 1.0 15.4 90.3 1.0035 0.01 0.0M
350760.000 1965 COM2 65 0R0 013 2.0 15.4 90.5 1.0035 0.00 0.0M
350820.000 1965 COM2 65 0R0 340 1.1 15.4 90.5 1.0036 0.00 0.0M
350880.100 1965 COM2 65 0R0 356 1.4 15.4 90.6 1.0036 0.00 0.0M
350940.000 1965 COM2 65 0R0 024 1.3 15.4 90.6 1.0036 0.00 0.0M
351000.000 1965 COM2 65 0R0 350 0.5 15.4 90.8 1.0036 0.00 0.0M
351060.000 1965 COM2 65 0R0 345 0.7 15.5 90.7 1.0036 0.00 0.0M
351120.000 1965 COM2 65 0R0 356 0.7 15.5 90.7 1.0035 0.00 0.0M
351180.000 1965 COM2 65 0R0 010 0.6 15.5 90.7 1.0035 0.00 0.0M
351240.000 1965 COM2 65 0R0 346 0.4 15.5 90.7 1.0035 0.00 0.0M
351300.000 1965 COM2 65 0R0 060 1.7 15.5 90.7 1.0034 0.00 0.0M
351360.000 1965 COM2 65 0R0 003 2.1 15.5 90.7 1.0034 0.01 0.0M
351420.000 1965 COM2 65 0R0 319 0.4 15.5 90.6 1.0034 0.00 0.0M
351480.000 1965 COM2 65 0R0 009 1.0 15.5 90.7 1.0034 0.00 0.0M
351540.000 1965 COM2 65 0R0 191 0.6 15.5 90.7 1.0034 0.00 0.0M
351600.000 1965 COM2 65 0R0 072 0.4 15.5 90.7 1.0034 0.00 0.0M
351660.000 1965 COM2 65 0R0 098 0.2 15.5 90.8 1.0035 0.00 0.0M
351720.000 1965 COM2 65 0R0 127 0.4 15.5 90.9 1.0035 0.00 0.0M
351780.000 1965 COM2 65 0R0 126 0.3 15.5 90.9 1.0036 0.00 0.0M
351840.000 1965 COM2 65 0R0 341 1.6 15.5 90.5 1.0036 0.00 0.0M
351900.000 1965 COM2 65 0R0 330 1.3 15.5 90.4 1.0036 0.00 0.0M
351960.000 1965 COM2 65 0R0 354 0.5 15.5 90.5 1.0036 0.00 0.0M
352020.000 1965 COM2 65 0R0 332 1.0 15.5 90.7 1.0036 0.00 0.0M
352080.000 1965 COM2 65 0R0 345 0.5 15.5 90.5 1.0037 0.00 0.0M
352140.000 1965 COM2 65 0R0 021 1.2 15.5 90.4 1.0037 0.01 0.0M
352200.000 1965 COM2 65 0R0 350 0.8 15.5 90.5 1.0037 0.01 0.0M
352260.000 1965 COM2 65 0R0 342 2.0 15.5 90.6 1.0037 0.03 0.0M
352320.000 1965 COM2 65 0R0 337 0.7 15.5 90.5 1.0037 0.02 0.0M
352380.000 1965 COM2 65 0R0 299 0.4 15.5 90.4 1.0037 0.00 0.0M
352440.000 1965 COM2 65 0R0 318 1.4 15.5 90.4 1.0037 0.01 0.0M
352500.000 1965 COM2 65 0R0 341 1.4 15.5 90.1 1.0037 0.01 0.0M
352560.000 1965 COM2 65 0R0 031 1.7 15.5 90.1 1.0037 0.02 0.0M
352620.000 1965 COM2 65 0R0 047 0.8 15.5 90.3 1.0037 0.01 0.0M
352680.000 1965 COM2 65 0R0 063 0.4 15.5 90.4 1.0037 0.03 0.0M
352740.000 1965 COM2 65 0R0 334 0.8 15.5 90.5 1.0037 0.04 0.0M
352800.000 1965 COM2 65 0R0 341 1.5 15.5 90.7 1.0037 0.05 0.0M
352860.000 1965 COM2 65 0R0 004 1.2 15.5 90.7 1.0036 0.06 0.0M
352920.000 1965 COM2 65 0R0 065 1.6 15.5 90.7 1.0035 0.07 0.0M
352980.100 1965 COM2 65 0R0 003 2.5 15.4 90.4 1.0034 0.08 0.0M
353040.000 1965 COM2 65 0R0 339 1.5 15.4 90.6 1.0033 0.08 0.0M
353100.000 1965 COM2 65 0R0 083 0.7 15.4 90.7 1.0033 0.09 0.0M
353160.000 1965 COM2 65 0R0 017 1.0 15.4 90.9 1.0033 0.04 0.0M
353220.000 1965 COM2 65 0R0 289 0.3 15.4 90.8 1.0033 0.09 0.0M
353280.000 1965 COM2 65 0R0 308 3.0 15.4 90.8 1.0033 0.09 0.0M
353340.000 1965 COM2 65 0R0 299 2.9 15.4 90.7 1.0034 0.05 0.0M
353400.000 1965 COM2 65 0R0 358 1.3 15.4 90.5 1.0034 0.08 0.0M
353460.000 1965 COM2 65 0R0 350 2.1 15.4 90.6 1.0034 0.05 0.0M
353520.000 1965 COM2 65 0R0 336 1.6 15.4 90.7 1.0035 0.04 0.0M
353580.000 1965 COM2 65 0R0 334 0.6 15.4 90.8 1.0035 0.04 0.0M
353640.000 1965 COM2 65 0R0 127 0.5 15.4 90.7 1.0034 0.04 0.0M
353700.000 1965 COM2 65 0R0 353 1.4 15.4 90.8 1.0035 0.02 0.0M
353760.000 1965 COM2 65 0R0 337 0.3 15.4 90.7 1.0035 0.04 0.0M
353820.000 1965 COM2 65 0R0 338 3.2 15.4 90.5 1.0035 0.04 0.0M
353880.000 1965 COM2 65 0R0 027 0.4 15.4 90.3 1.0035 0.03 0.0M
353940.000 1965 COM2 65 0R0 349 0.9 15.4 90.6 1.0035 0.02 0.0M
354000.000 1965 COM2 65 0R0 026 0.3 15.4 90.5 1.0035 0.01 0.0M
354060.000 1965 COM2 65 0R0 337 1.1 15.4 90.6 1.0035 0.03 0.0M
354120.000 1965 COM2 65 0R0 340 2.1 15.4 90.7 1.0034 0.00 0.0M
354180.000 1965 COM2 65 0R0 030 1.9 15.4 90.5 1.0034 0.01 0.0M
354240.000 1965 COM2 65 0R0 312 0.3 15.4 90.5 1.0034 0.01 0.0M
354300.000 1965 COM2 65 0R0 341 2.3 15.4 90.6 1.0034 0.01 0.0M
354360.000 1965 COM2 65 0R0 342 1.9 15.4 90.3 1.0033 0.02 0.0M
354420.000 1965 COM2 65 0R0 063 0.8 15.4 90.4 1.0033 0.02 0.0M
354480.000 1965 COM2 65 0R0 346 3.4 15.4 90.5 1.0033 0.01 0.0M
354540.000 1965 COM2 65 0R0 003 1.1 15.4 90.3 1.0032 0.02 0.0M
354600.000 1965 COM2 65 0R0 049 1.0 15.4 90.5 1.0032 0.03 0.0M
354660.000 1965 COM2 65 0R0 341 2.9 15.4 90.4 1.0032 0.07 0.0M
354720.000 1965 COM2 65 0R0 042 1.3 15.3 90.3 1.0033 0.05 0.0M
354780.000 1965 COM2 65 0R0 323 1.3 15.3 90.6 1.0033 0.03 0.0M
354840.000 1965 COM2 65 0R0 302 1.1 15.3 90.5 1.0033 0.03 0.0M
354900.000 1965 COM2 65 0R0 313 0.7 15.3 90.6 1.0032 0.05 0.0M
354960.000 1965 COM2 65 0R0 332 1.7 15.3 90.5 1.0031 0.05 0.0M
355020.000 1965 COM2 65 0R0 328 1.8 15.3 90.4 1.0031 0.03 0.0M
355080.000 1965 COM2 65 0R0 023 1.0 15.3 90.5 1.0031 0.05 0.0M
355140.100 1965 COM2 65 0R0 036 1.5 15.3 90.5 1.0031 0.03 0.0M
355200.000 1965 COM2 65 0R0 068 1.0 15.3 90.5 1.0031 0.05 0.0M
355260.000 1965 COM2 65 0R0 026 0.7 15.3 90.7 1.0031 0.05 0.0M
355320.000 1965 COM2 65 0R0 325 1.5 15.3 90.6 1.0031 0.05 0.0M
355380.000 1965 COM2 65 0R0 034 1.4 15.3 90.6 1.0031 0.03 0.0M
355440.000 1965 COM2 65 0R0 014 0.7 15.3 90.6 1.0030 0.03 0.0M
355500.000 1965 COM2 65 0R0 096 0.7 15.3 90.6 1.0030 0.02 0.0M
355560.000 1965 COM2 65 0R0 357 1.4 15.3 90.7 1.0029 0.02 0.0M
355620.000 1965 COM2 65 0R0 339 1.0 15.3 90.7 1.0029 0.01 0.0M
355680.000 1965 COM2 65 0R0 018 1.8 15.3 90.7 1.0029 0.02 0.0M
355740.000 1965 COM2 65 0R0 338 1.8 15.3 90.8 1.0029 0.01 0.0M
355800.000 1965 COM2 65 0R0 345 1.6 15.3 90.7 1.0029 0.02 0.0M
355860.000 1965 COM2 65 0R0 042 1.7 15.3 90.7 1.0028 0.01 0.0M
355920.000 1965 COM2 65 0R0 334 2.3 15.2 90.7 1.0028 0.01 0.0M
355980.000 1965 COM2 65 0R0 008 1.3 15.2 90.9 1.0027 0.00 0.0M
356040.000 1965 COM2 65 0R0 022 1.2 15.2 90.9 1.0027 0.01 0.0M
356100.000 1965 COM2 65 0R0 346 1.3 15.2 90.9 1.0027 0.00 0.0M
356160.000 1965 COM2 65 0R0 026 1.1 15.2 90.8 1.0026 0.01 0.0M
356220.000 1965 COM2 65 0R0 045 1.8 15.2 91.0 1.0026 0.00 0.0M
356280.000 1965 COM2 65 0R0 058 0.5 15.2 90.9 1.0026 0.01 0.0M
356340.100 1965 COM2 65 0R0 055 0.6 15.2 91.1 1.0026 0.00 0.0M
356400.000 1965 COM2 65 0R0 033 2.0 15.3 91.1 1.0026 0.01 0.0M
356460.000 1965 COM2 65 0R0 301 0.6 15.2 91.1 1.0026 0.00 0.0M
356520.000 1965 COM2 65 0R0 015 0.7 15.2 91.2 1.0026 0.01 0.0M
356580.000 1965 COM2 65 0R0 035 1.3 15.3 91.2 1.0026 0.00 0.0M
356640.000 1965 COM2 65 0R0 058 0.6 15.3 91.1 1.0026 0.00 0.0M
356700.000 1965 COM2 65 0R0 055 1.2 15.2 91.2 1.0025 0.00 0.0M
356760.000 1965 COM2 65 0R0 007 1.7 15.2 91.2 1.0025 0.00 0.0M
356820.000 1965 COM2 65 0R0 040 1.9 15.2 91.1 1.0024 0.00 0.0M
356880.000 1965 COM2 65 0R0 002 0.9 15.2 91.2 1.0024 0.00 0.0M
356940.000 1965 COM2 65 0R0 049 0.5 15.2 91.2 1.0024 0.01 0.0M
357000.000 1965 COM2 65 0R0 006 1.5 15.2 91.2 1.0023 0.00 0.0M
357060.000 1965 COM2 65 0R0 039 2.8 15.2 91.2 1.0023 0.01 0.0M
357120.000 1965 COM2 65 0R0 010 1.7 15.2 91.3 1.0022 0.01 0.0M
357180.000 1965 COM2 65 0R0 330 1.0 15.2 91.2 1.0022 0.01 0.0M
357240.000 1965 COM2 65 0R0 350 1.5 15.2 91.3 1.0022 0.00 0.0M
357300.000 1965 COM2 65 0R0 000 0.9 15.2 91.3 1.0022 0.00 0.0M
357360.000 1965 COM2 65 0R0 046 1.6 15.2 91.3 1.0022 0.00 0.0M
357420.000 1965 COM2 65 0R0 026 2.1 15.2 91.4 1.0021 0.00 0.0M
357480.000 1965 COM2 65 0R0 058 1.3 15.2 91.4 1.0020 0.00 0.0M
357540.000 1965 COM2 65 0R0 033 2.7 15.2 91.5 1.0019 0.00 0.0M
357600.000 1965 COM2 65 0R0 031 2.5 15.1 91.5 1.0019 0.00 0.0M
357660.000 1965 COM2 65 0R0 069 0.7 15.1 91.5 1.0020 0.00 0.0M
357720.000 1965 COM2 65 0R0 023 1.9 15.1 91.6 1.0021 0.00 0.0M
357780.000 1965 COM2 65 0R0 013 1.1 15.1 91.7 1.0021 0.00 0.0M
357840.000 1965 COM2 65 0R0 318 0.7 15.1 91.7 1.0022 0.00 0.0M
357900.000 1965 COM2 65 0R0 035 0.7 15.2 91.8 1.0022 0.00 0.0M
357960.000 1965 COM2 65 0R0 070 0.3 15.2 91.7 1.0022 0.00 0.0M
358020.000 1965 COM2 65 0R0 309 0.3 15.2 91.7 1.0022 0.00 0.0M
358080.000 1965 COM2 65 0R0 343 0.7 15.2 91.7 1.0022 0.00 0.0M
358140.000 1965 COM2 65 0R0 081 1.5 15.2 91.8 1.0023 0.00 0.0M
358200.000 1965 COM2 65 0R0 048 0.6 15.2 91.8 1.0023 0.00 0.0M
358260.000 1965 COM2 65 0R0 060 1.1 15.2 91.8 1.0024 0.00 0.0M
358320.000 1965 COM2 65 0R0 042 1.7 15.2 91.8 1.0024 0.01 0.0M
358380.000 1965 COM2 65 0R0 073 0.2 15.2 91.8 1.0024 0.00 0.0M
358440.000 1965 COM2 65 0R0 309 0.8 15.2 91.7 1.0024 0.00 0.0M
358500.000 1965 COM2 65 0R0 012 1.7 15.2 91.6 1.0024 0.00 0.0M
358560.000 1965 COM2 65 0R0 328 0.1 15.2 91.6 1.0024 0.00 0.0M
358620.000 1965 COM2 65 0R0 031 1.6 15.2 91.7 1.0025 0.00 0.0M
358680.000 1965 COM2 65 0R0 056 0.2 15.2 91.7 1.0025 0.01 0.0M
358740.000 1965 COM2 65 0R0 052 0.7 15.2 91.7 1.0025 0.01 0.0M
358800.000 1965 COM2 65 0R0 027 0.9 15.2 91.6 1.0024 0.02 0.0M
358860.000 1965 COM2 65 0R0 045 1.3 15.2 91.6 1.0024 0.01 0.0M
358920.000 1965 COM2 65 0R0 096 0.6 15.2 91.6 1.0023 0.01 0.0M
358980.000 1965 COM2 65 0R0 025 1.7 15.2 91.6 1.0023 0.00 0.0M
359040.000 1965 COM2 65 0R0 024 1.3 15.2 91.5 1.0023 0.00 0.0M
359100.000 1965 COM2 65 0R0 020 1.1 15.2 91.5 1.0022 0.00 0.0M
359160.000 1965 COM2 65 0R0 340 0.7 15.2 91.6 1.0022 0.00 0.0M
359220.000 1965 COM2 65 0R0 013 0.9 15.2 91.6 1.0022 0.00 0.0M
359280.000 1965 COM2 65 0R0 068 0.7 15.2 91.6 1.0022 0.00 0.0M
359340.000 1965 COM2 65 0R0 095 0.5 15.2 91.7 1.0022 0.00 0.0M
359400.000 1965 COM2 65 0R0 039 0.8 15.3 91.6 1.0023 0.00 0.0M
359460.000 1965 COM2 65 0R0 036 0.6 15.2 91.6 1.0023 0.00 0.0M
359520.000 1965 COM2 65 0R0 044 0.9 15.2 91.6 1.0023 0.00 0.0M
359580.000 1965 COM2 65 0R0 038 0.4 15.2 91.6 1.0023 0.01 0.0M
359640.000 1965 COM2 65 0R0 109 0.2 15.2 91.7 1.0022 0.01 0.0M
359700.000 1965 COM2 65 0R0 007 0.3 15.2 91.7 1.0022 0.00 0.0M
359760.000 1965 COM2 65 0R0 029 0.7 15.2 91.7 1.0022 0.00 0.0M
359820.000 1965 COM2 65 0R0 057 0.3 15.3 91.7 1.0023 0.00 0.0M
359880.000 1965 COM2 65 0R0 142 0.1 15.3 91.7 1.0023 0.00 0.0M
359940.000 1965 COM2 65 0R0 032 0.3 15.3 91.8 1.0023 0.00 0.0M
360000.000 1965 COM2 65 0R0 350 0.3 15.3 91.8 1.0023 0.00 0.0M
360060.000 1965 COM2 65 0R0 070 0.3 15.3 91.8 1.0023 0.00 0.0M
360120.000 1965 COM2 65 0R0 348 0.8 15.3 91.8 1.0023 0.00 0.0M
360180.000 1965 COM2 65 0R0 345 0.2 15.3 91.6 1.0023 0.00 0.0M
360240.000 1965 COM2 65 0R0 338 0.1 15.3 91.6 1.0022 0.00 0.0M
360300.000 1965 COM2 65 0R0 033 0.6 15.3 91.7 1.0023 0.00 0.0M
360360.000 1965 COM2 65 0R0 009 0.2 15.3 91.6 1.0023 0.00 0.0M
360420.000 1965 COM2 65 0R0 251 0.3 15.3 91.7 1.0023 0.00 0.0M
360480.000 1965 COM2 65 0R0 043 0.3 15.3 91.7 1.0022 0.00 0.0M
360540.000 1965 COM2 65 0R0 332 0.5 15.4 91.7 1.0022 0.00 0.0M
360600.000 1965 COM2 65 0R0 309 0.3 15.4 91.7 1.0021 0.00 0.0M
360660.000 1965 COM2 65 0R0 015 0.7 15.4 91.6 1.0021 0.00 0.0M
360720.000 1965 COM2 65 0R0 017 0.4 15.3 91.6 1.0020 0.00 0.0M
360780.000 1965 COM2 65 0R0 061 0.4 15.4 91.6 1.0020 0.00 0.0M
360840.000 1965 COM2 65 0R0 286 0.3 15.4 91.5 1.0020 0.00 0.0M
360900.000 1965 COM2 65 0R0 038 0.4 15.4 91.4 1.0019 0.00 0.0M
360960.000 1965 COM2 65 0R0 043 1.1 15.4 91.3 1.0018 0.00 0.0M
361020.000 1965 COM2 65 0R0 056 1.3 15.3 91.3 1.0016 0.00 0.0M
361080.000 1965 COM2 65 0R0 092 0.9 15.3 91.4 1.0016 0.00 0.0M
361140.000 1965 COM2 65 0R0 082 0.8 15.3 91.5 1.0016 0.00 0.0M
361200.000 1965 COM2 65 0R0 066 1.0 15.4 91.5 1.0016 0.00 0.0M
361260.000 1965 COM2 65 0R0 072 1.7 15.4 91.4 1.0016 0.00 0.0M
361320.000 1965 COM2 65 0R0 074 2.1 15.3 91.1 1.0016 0.00 0.0M
361380.000 1965 COM2 65 0R0 088 1.7 15.3 91.2 1.0015 0.00 0.0M
361440.000 1965 COM2 65 0R0 058 1.6 15.3 91.4 1.0015 0.00 0.0M
361500.000 1965 COM2 65 0R0 076 0.9 15.3 91.6 1.0014 0.00 0.0M
361560.000 1965 COM2 65 0R0 064 1.2 15.3 91.6 1.0013 0.00 0.0M
361620.000 1965 COM2 65 0R0 067 3.0 15.3 91.5 1.0013 0.00 0.0M
361680.000 1965 COM2 65 0R0 091 1.0 15.3 91.5 1.0012 0.00 0.0M
361740.000 1965 COM2 65 0R0 084 0.5 15.3 91.7 1.0012 0.00 0.0M
361800.000 1965 COM2 65 0R0 083 1.8 15.3 91.6 1.0011 0.00 0.0M
361860.000 1965 COM2 65 0R0 062 2.7 15.3 91.6 1.0010 0.00 0.0M
361920.000 1965 COM2 65 0R0 069 2.6 15.3 91.7 1.0009 0.00 0.0M
361980.000 1965 COM2 65 0R0 085 2.0 15.3 91.8 1.0009 0.00 0.0M
362040.000 1965 COM2 65 0R0 083 0.6 15.3 91.9 1.0011 0.00 0.0M
362100.000 1965 COM2 65 0R0 082 0.5 15.3 92.1 1.0012 0.00 0.0M
362160.000 1965 COM2 65 0R0 119 0.4 15.3 92.2 1.0013 0.00 0.0M
362220.000 1965 COM2 65 0R0 098 1.0 15.3 92.1 1.0014 0.00 0.0M
362280.000 1965 COM2 65 0R0 151 1.0 15.3 92.0 1.0015 0.00 0.0M
362340.000 1965 COM2 65 0R0 155 0.3 15.4 92.0 1.0017 0.00 0.0M
362400.000 1965 COM2 65 0R0 178 0.6 15.4 92.0 1.0018 0.00 0.0M
362460.000 1965 COM2 65 0R0 105 1.0 15.4 92.0 1.0019 0.00 0.0M
362520.000 1965 COM2 65 0R0 221 0.8 15.4 91.8 1.0019 0.00 0.0M
362580.000 1965 COM2 65 0R0 136 0.2 15.4 91.8 1.0020 0.01 0.0M
362640.000 1965 COM2 65 0R0 203 1.6 15.5 91.8 1.0021 0.00 0.0M
362700.000 1965 COM2 65 0R0 193 1.6 15.5 91.6 1.0021 0.01 0.0M
362760.000 1965 COM2 65 0R0 110 1.1 15.4 91.6 1.0022 0.01 0.0M
362820.000 1965 COM2 65 0R0 181 1.6 15.5 91.7 1.0022 0.00 0.0M
362880.000 1965 COM2 65 0R0 185 0.4 15.5 91.7 1.0022 0.01 0.0M
362940.000 1965 COM2 65 0R0 064 0.4 15.5 91.8 1.0021 0.00 0.0M
363000.000 1965 COM2 65 0R0 134 0.6 15.5 91.7 1.0021 0.00 0.0M
363060.000 1965 COM2 65 0R0 155 1.6 15.5 91.6 1.0021 0.00 0.0M
363120.000 1965 COM2 65 0R0 108 0.8 15.5 91.5 1.0020 0.00 0.0M
363180.000 1965 COM2 65 0R0 101 0.7 15.5 91.6 1.0020 0.01 0.0M
363240.000 1965 COM2 65 0R0 166 1.6 15.6 91.5 1.0021 0.00 0.0M
363300.300 1965 COM2 65 0R0 171 1.7 15.6 91.3 1.0021 0.00 0.0M
363360.000 1965 COM2 65 0R0 147 1.3 15.5 91.3 1.0020 0.00 0.0M
363420.000 1965 COM2 65 0R0 147 0.4 15.5 91.2 1.0019 0.01 0.0M
363480.000 1965 COM2 65 0R0 132 0.8 15.5 91.3 1.0017 0.02 0.0M
363540.000 1965 COM2 65 0R0 076 1.2 15.5 91.3 1.0015 0.03 0.0M
363600.000 1965 COM2 65 0R0 087 1.0 15.5 91.3 1.0014 0.03 0.0M
363660.000 1965 COM2 65 0R0 091 1.8 15.5 91.5 1.0014 0.01 0.0M
363720.000 1965 COM2 65 0R0 116 0.7 15.5 91.4 1.0015 0.01 0.0M
363780.000 1965 COM2 65 0R0 100 0.9 15.5 91.4 1.0016 0.01 0.0M
363840.000 1965 COM2 65 0R0 108 0.9 15.5 91.4 1.0017 0.00 0.0M
363900.000 1965 COM2 65 0R0 104 0.9 15.5 91.3 1.0016 0.01 0.0M
363960.000 1965 COM2 65 0R0 061 0.2 15.5 91.4 1.0016 0.01 0.0M
364020.000 1965 COM2 65 0R0 077 0.8 15.6 91.6 1.0016 0.00 0.0M
364080.000 1965 COM2 65 0R0 039 0.5 15.6 91.6 1.0016 0.00 0.0M
364140.000 1965 COM2 65 0R0 306 0.2 15.6 91.3 1.0017 0.00 0.0M
364200.300 1965 COM2 65 0R0 293 0.2 15.6 91.4 1.0018 0.00 0.0M
364260.000 1965 COM2 65 0R0 020 0.2 15.6 91.5 1.0019 0.00 0.0M
364320.000 1965 COM2 65 0R0 282 0.7 15.7 91.5 1.0019 0.00 0.0M
364380.000 1965 COM2 65 0R0 256 0.3 15.7 91.5 1.0019 0.00 0.0M
364440.000 1965 COM2 65 0R0 275 0.3 15.7 91.5 1.0018 0.01 0.0M
364500.000 1965 COM2 65 0R0 221 0.3 15.7 91.5 1.0018 0.00 0.0M
364560.100 1965 COM2 65 0R0 190 0.7 15.7 91.5 1.0019 0.00 0.0M
364620.000 1965 COM2 65 0R0 191 1.0 15.7 91.4 1.0019 0.00 0.0M
364680.200 1965 COM2 65 0R0 225 0.6 15.7 91.4 1.0019 0.00 0.0M
364740.200 1965 COM2 65 0R0 243 0.5 15.7 91.3 1.0019 0.00 0.0M
364800.200 1965 COM2 65 0R0 275 1.1 15.8 91.3 1.0021 0.00 0.0M
364860.200 1965 COM2 65 0R0 275 0.8 15.7 91.2 1.0023 0.00 0.0M
364920.200 1965 COM2 65 0R0 237 0.6 15.7 91.1 1.0024 0.00 0.0M
364980.200 1965 COM2 65 0R0 209 1.9 15.7 91.1 1.0025 0.00 0.0M
365040.200 1965 COM2 65 0R0 248 0.6 15.7 91.1 1.0025 0.00 0.0M
365100.200 1965 COM2 65 0R0 265 1.9 15.7 91.1 1.0025 0.00 0.0M
365160.200 1965 COM2 65 0R0 265 1.3 15.7 91.1 1.0025 0.00 0.0M
365220.200 1965 COM2 65 0R0 261 0.6 15.7 91.2 1.0025 0.00 0.0M
365280.200 1965 COM2 65 0R0 252 1.4 15.7 91.3 1.0024 0.00 0.0M
365340.200 1965 COM2 65 0R0 263 2.3 15.8 91.1 1.0025 0.00 0.0M
365400.200 1965 COM2 65 0R0 291 2.0 15.7 91.0 1.0026 0.00 0.0M
365460.200 1965 COM2 65 0R0 264 2.3 15.7 91.0 1.0028 0.00 0.0M
365520.000 1965 COM2 65 0R0 264 2.4 15.7 91.1 1.0028 0.01 0.0M
365580.200 1965 COM2 65 0R0 251 3.6 15.7 91.2 1.0028 0.00 0.0M
365640.000 1965 COM2 65 0R0 232 1.5 15.7 91.3 1.0028 0.00 0.0M
365700.000 1965 COM2 65 0R0 273 1.5 15.7 91.4 1.0027 0.00 0.0M
365760.000 1965 COM2 65 0R0 258 2.2 15.6 91.4 1.0027 0.01 0.0M
365820.000 1965 COM2 65 0R0 294 2.3 15.6 91.4 1.0027 0.00 0.0M
365880.000 1965 COM2 65 0R0 285 0.6 15.6 91.5 1.0029 0.00 0.0M
365940.000 1965 COM2 65 0R0 267 1.9 15.6 91.6 1.0029 0.00 0.0M
366000.000 1965 COM2 65 0R0 269 2.5 15.6 91.7 1.0029 0.00 0.0M
366060.000 1965 COM2 65 0R0 265 2.5 15.6 91.5 1.0028 0.01 0.0M
366120.000 1965 COM2 65 0R0 269 1.3 15.6 91.4 1.0026 0.00 0.0M
366180.000 1965 COM2 65 0R0 268 2.2 15.6 91.6 1.0026 0.01 0.0M
366240.000 1965 COM2 65 0R0 277 1.5 15.5 91.5 1.0026 0.00 0.0M
366300.000 1965 COM2 65 0R0 279 1.1 15.5 91.5 1.0026 0.00 0.0M
366360.000 1965 COM2 65 0R0 288 3.3 15.5 91.6 1.0027 0.00 0.0M
366420.000 1965 COM2 65 0R0 282 2.5 15.5 91.6 1.0028 0.00 0.0M
366480.000 1965 COM2 65 0R0 274 1.6 15.5 91.6 1.0028 0.01 0.0M
366540.000 1965 COM2 65 0R0 294 2.9 15.5 91.5 1.0027 0.00 0.0M
366600.000 1965 COM2 65 0R0 282 2.4 15.5 91.6 1.0026 0.01 0.0M
366660.000 1965 COM2 65 0R0 278 0.9 15.5 91.6 1.0025 0.01 0.0M
366720.000 1965 COM2 65 0R0 283 1.3 15.4 91.5 1.0025 0.00 0.0M
366780.000 1965 COM2 65 0R0 306 2.4 15.4 91.4 1.0025 0.00 0.0M
366840.000 1965 COM2 65 0R0 357 0.9 15.4 91.5 1.0026 0.00 0.0M
366900.200 1965 COM2 65 0R0 277 2.4 15.4 91.5 1.0028 0.00 0.0M
366960.000 1965 COM2 65 0R0 295 3.8 15.4 91.5 1.0028 0.00 0.0M
367020.000 1965 COM2 65 0R0 252 1.8 15.4 91.7 1.0028 0.00 0.0M
367080.000 1965 COM2 65 0R0 284 2.9 15.4 91.7 1.0027 0.00 0.0M
367140.000 1965 COM2 65 0R0 293 0.8 15.4 91.5 1.0026 0.00 0.0M
367200.000 1965 COM2 65 0R0 300 3.1 15.4 91.4 1.0025 0.01 0.0M
367260.000 1965 COM2 65 0R0 290 2.7 15.4 91.4 1.0024 0.00 0.0M
367320.000 1965 COM2 65 0R0 275 2.0 15.4 91.5 1.0024 0.00 0.0M
367380.000 1965 COM2 65 0R0 265 2.5 15.4 91.6 1.0026 0.00 0.0M
367440.000 1965 COM2 65 0R0 236 1.0 15.4 91.6 1.0028 0.00 0.0M
367500.000 1965 COM2 65 0R0 256 2.5 15.4 91.7 1.0029 0.00 0.0M
367560.000 1965 COM2 65 0R0 221 1.1 15.4 91.7 1.0030 0.01 0.0M
367620.000 1965 COM2 65 0R0 263 1.5 15.4 91.7 1.0031 0.00 0.0M
367680.000 1965 COM2 65 0R0 291 1.1 15.4 91.8 1.0032 0.00 0.0M
367740.000 1965 COM2 65 0R0 291 1.2 15.4 91.7 1.0033 0.00 0.0M
367800.000 1965 COM2 65 0R0 215 1.9 15.5 91.7 1.0032 0.01 0.0M
367860.000 1965 COM2 65 0R0 277 1.3 15.4 91.6 1.0032 0.00 0.0M
367920.000 1965 COM2 65 0R0 308 1.0 15.4 91.6 1.0031 0.00 0.0M
367980.000 1965 COM2 65 0R0 260 0.6 15.4 91.6 1.0029 0.00 0.0M
368040.000 1965 COM2 65 0R0 289 1.2 15.5 91.6 1.0028 0.00 0.0M
368100.000 1965 COM2 65 0R0 275 3.0 15.4 91.4 1.0028 0.00 0.0M
368160.000 1965 COM2 65 0R0 258 0.5 15.4 91.4 1.0029 0.00 0.0M
368220.000 1965 COM2 65 0R0 260 1.6 15.4 91.5 1.0029 0.00 0.0M
368280.000 1965 COM2 65 0R0 268 2.2 15.4 91.5 1.0028 0.00 0.0M
368340.000 1965 COM2 65 0R0 250 1.6 15.4 91.4 1.0027 0.00 0.0M
368400.000 1965 COM2 65 0R0 264 1.4 15.4 91.3 1.0026 0.00 0.0M
368460.000 1965 COM2 65 0R0 295 2.5 15.4 91.3 1.0026 0.00 0.0M
368520.000 1965 COM2 65 0R0 295 1.6 15.4 91.3 1.0026 0.00 0.0M
368580.000 1965 COM2 65 0R0 292 3.1 15.4 91.4 1.0026 0.00 0.0M
368640.000 1965 COM2 65 0R0 239 1.8 15.4 91.4 1.0026 0.00 0.0M
368700.000 1965 COM2 65 0R0 291 1.1 15.4 91.4 1.0027 0.00 0.0M
368760.100 1965 COM2 65 0R0 254 1.5 15.4 91.4 1.0027 0.00 0.0M
368820.000 1965 COM2 65 0R0 276 1.1 15.5 91.5 1.0027 0.00 0.0M
368880.000 1965 COM2 65 0R0 267 1.4 15.5 91.4 1.0026 0.00 0.0M
368940.000 1965 COM2 65 0R0 233 0.8 15.5 91.3 1.0026 0.00 0.0M
369000.000 1965 COM2 65 0R0 307 1.8 15.5 91.3 1.0025 0.00 0.0M
369060.000 1965 COM2 65 0R0 279 2.0 15.5 91.2 1.0024 0.00 0.0M
369120.000 1965 COM2 65 0R0 280 2.7 15.4 91.2 1.0024 0.00 0.0M
369180.000 1965 COM2 65 0R0 260 2.0 15.4 91.0 1.0025 0.00 0.0M
369240.000 1965 COM2 65 0R0 273 2.1 15.4 91.1 1.0025 0.00 0.0M
369300.000 1965 COM2 65 0R0 216 1.3 15.4 91.2 1.0025 0.00 0.0M
369360.000 1965 COM2 65 0R0 277 1.3 15.4 91.2 1.0025 0.00 0.0M
369420.000 1965 COM2 65 0R0 304 1.0 15.4 91.3 1.0026 0.00 0.0M
369480.000 1965 COM2 65 0R0 259 0.4 15.4 91.3 1.0026 0.00 0.0M
369540.000 1965 COM2 65 0R0 294 1.1 15.5 91.4 1.0026 0.00 0.0M
369600.000 1965 COM2 65 0R0 259 2.6 15.5 91.2 1.0026 0.00 0.0M
369660.000 1965 COM2 65 0R0 277 2.4 15.5 91.1 1.0025 0.00 0.0M
369720.000 1965 COM2 65 0R0 291 0.7 15.4 90.9 1.0025 0.00 0.0M
369780.000 1965 COM2 65 0R0 257 2.8 15.4 90.9 1.0025 0.00 0.0M
369840.000 1965 COM2 65 0R0 248 1.1 15.4 91.1 1.0025 0.00 0.0M
369900.000 1965 COM2 65 0R0 225 0.6 15.4 91.0 1.0025 0.00 0.0M
369960.000 1965 COM2 65 0R0 279 2.3 15.4 90.9 1.0024 0.00 0.0M
370020.000 1965 COM2 65 0R0 260 2.8 15.4 90.9 1.0023 0.00 0.0M
370080.000 1965 COM2 65 0R0 295 2.0 15.4 91.0 1.0023 0.00 0.0M
370140.000 1965 COM2 65 0R0 291 0.3 15.4 90.9 1.0024 0.00 0.0M
370200.000 1965 COM2 65 0R0 215 0.7 15.4 91.0 1.0025 0.00 0.0M
370260.000 1965 COM2 65 0R0 241 2.3 15.4 91.1 1.0025 0.00 0.0M
370320.000 1965 COM2 65 0R0 267 3.1 15.4 91.0 1.0025 0.00 0.0M
370380.000 1965 COM2 65 0R0 255 0.5 15.4 91.1 1.0025 0.00 0.0M
370440.000 1965 COM2 65 0R0 250 2.4 15.4 91.2 1.0025 0.00 0.0M
370500.000 1965 COM2 65 0R0 277 2.3 15.4 91.1 1.0025 0.00 0.0M
370560.000 1965 COM2 65 0R0 283 3.4 15.4 91.0 1.0024 0.00 0.0M
370620.000 1965 COM2 65 0R0 310 1.1 15.3 91.0 1.0024 0.00 0.0M
370680.000 1965 COM2 65 0R0 287 2.4 15.3 91.2 1.0023 0.00 0.0M
370740.000 1965 COM2 65 0R0 266 0.6 15.3 91.1 1.0023 0.00 0.0M
370800.000 1965 COM2 65 0R0 281 1.7 15.4 91.1 1.0023 0.00 0.0M
370860.000 1965 COM2 65 0R0 280 2.4 15.4 91.1 1.0023 0.00 0.0M
370920.000 1965 COM2 65 0R0 275 3.1 15.4 91.0 1.0023 0.00 0.0M
370980.000 1965 COM2 65 0R0 212 0.4 15.3 91.1 1.0023 0.00 0.0M
371040.000 1965 COM2 65 0R0 148 0.7 15.3 91.3 1.0023 0.00 0.0M
371100.000 1965 COM2 65 0R0 236 1.2 15.4 91.2 1.0023 0.00 0.0M
371160.000 1965 COM2 65 0R0 289 1.0 15.4 91.2 1.0023 0.00 0.0M
371220.000 1965 COM2 65 0R0 314 1.6 15.4 91.2 1.0023 0.00 0.0M
371280.000 1965 COM2 65 0R0 306 0.8 15.4 91.0 1.0023 0.00 0.0M
371340.000 1965 COM2 65 0R0 285 0.3 15.4 91.0 1.0024 0.00 0.0M
371400.000 1965 COM2 65 0R0 280 2.6 15.4 91.0 1.0024 0.00 0.0M
371460.000 1965 COM2 65 0R0 244 1.9 15.4 91.1 1.0024 0.00 0.0M
371520.000 1965 COM2 65 0R0 276 1.0 15.4 91.1 1.0024 0.00 0.0M
371580.000 1965 COM2 65 0R0 343 0.8 15.4 91.1 1.0025 0.00 0.0M
371640.000 1965 COM2 65 0R0 270 3.5 15.4 91.0 1.0025 0.00 0.0M
371700.000 1965 COM2 65 0R0 286 2.3 15.3 90.8 1.0024 0.00 0.0M
371760.000 1965 COM2 65 0R0 136 0.8 15.3 90.9 1.0024 0.00 0.0M
371820.000 1965 COM2 65 0R0 240 0.3 15.3 91.0 1.0024 0.00 0.0M
371880.000 1965 COM2 65 0R0 225 1.1 15.4 90.9 1.0024 0.00 0.0M
371940.000 1965 COM2 65 0R0 255 1.3 15.4 90.8 1.0025 0.00 0.0M
372000.000 1965 COM2 65 0R0 239 0.9 15.4 90.9 1.0026 0.00 0.0M
372060.000 1965 COM2 65 0R0 268 3.0 15.4 90.9 1.0026 0.00 0.0M
372120.000 1965 COM2 65 0R0 206 0.7 15.4 90.7 1.0025 0.00 0.0M
372180.000 1965 COM2 65 0R0 248 0.7 15.4 90.8 1.0025 0.00 0.0M
372240.000 1965 COM2 65 0R0 245 2.1 15.4 90.7 1.0025 0.00 0.0M
372300.000 1965 COM2 65 0R0 244 1.6 15.4 90.8 1.0025 0.00 0.0M
372360.000 1965 COM2 65 0R0 240 1.1 15.4 90.8 1.0024 0.00 0.0M
372420.000 1965 COM2 65 0R0 249 1.0 15.4 90.7 1.0024 0.00 0.0M
372480.000 1965 COM2 65 0R0 244 1.1 15.4 90.6 1.0025 0.00 0.0M
372540.000 1965 COM2 65 0R0 268 1.6 15.4 90.7 1.0025 0.00 0.0M
372600.000 1965 COM2 65 0R0 248 1.5 15.4 90.5 1.0026 0.00 0.0M
372660.000 1965 COM2 65 0R0 249 1.5 15.4 90.6 1.0026 0.00 0.0M
372720.000 1965 COM2 65 0R0 266 2.2 15.4 90.6 1.0026 0.00 0.0M
372780.000 1965 COM2 65 0R0 219 1.1 15.4 90.6 1.0025 0.00 0.0M
372840.000 1965 COM2 65 0R0 256 1.2 15.4 90.6 1.0025 0.00 0.0M
372900.000 1965 COM2 65 0R0 281 2.0 15.4 90.5 1.0024 0.00 0.0M
372960.000 1965 COM2 65 0R0 229 0.4 15.4 90.6 1.0024 0.00 0.0M
373020.000 1965 COM2 65 0R0 211 0.8 15.4 90.6 1.0024 0.00 0.0M
373080.000 1965 COM2 65 0R0 269 2.1 15.4 90.5 1.0024 0.00 0.0M
373140.000 1965 COM2 65 0R0 195 0.3 15.4 90.6 1.0024 0.00 0.0M
373200.000 1965 COM2 65 0R0 264 0.5 15.4 90.6 1.0024 0.00 0.0M
373260.000 1965 COM2 65 0R0 273 0.5 15.4 90.6 1.0024 0.00 0.0M
373320.000 1965 COM2 65 0R0 278 2.3 15.4 90.4 1.0023 0.00 0.0M
373380.000 1965 COM2 65 0R0 314 1.0 15.3 90.3 1.0022 0.00 0.0M
373440.000 1965 COM2 65 0R0 287 2.7 15.3 90.2 1.0023 0.00 0.0M
373500.000 1965 COM2 65 0R0 276 2.5 15.3 90.3 1.0023 0.00 0.0M
373560.000 1965 COM2 65 0R0 304 1.3 15.3 90.4 1.0023 0.00 0.0M
373620.000 1965 COM2 65 0R0 316 0.9 15.3 90.4 1.0023 0.00 0.0M
373680.000 1965 COM2 65 0R0 249 0.5 15.3 90.4 1.0023 0.00 0.0M
373740.000 1965 COM2 65 0R0 331 0.6 15.3 90.5 1.0023 0.00 0.0M
373800.000 1965 COM2 65 0R0 265 1.4 15.3 90.6 1.0023 0.00 0.0M
373860.000 1965 COM2 65 0R0 244 2.1 15.3 90.5 1.0023 0.00 0.0M
373920.000 1965 COM2 65 0R0 247 3.3 15.3 90.4 1.0023 0.00 0.0M
373980.000 1965 COM2 65 0R0 291 2.1 15.3 90.3 1.0023 0.00 0.0M
374040.000 1965 COM2 65 0R0 258 0.7 15.3 90.5 1.0024 0.00 0.0M
374100.000 1965 COM2 65 0R0 231 1.2 15.3 90.6 1.0024 0.00 0.0M
374160.000 1965 COM2 65 0R0 245 1.5 15.3 90.6 1.0024 0.00 0.0M
374220.000 1965 COM2 65 0R0 253 2.4 15.3 90.5 1.0024 0.00 0.0M
374280.000 1965 COM2 65 0R0 253 1.3 15.3 90.5 1.0024 0.00 0.0M
374340.000 1965 COM2 65 0R0 257 1.5 15.3 90.7 1.0024 0.00 0.0M
374400.000 1965 COM2 65 0R0 250 2.6 15.3 90.8 1.0024 0.00 0.0M
374460.000 1965 COM2 65 0R0 262 1.5 15.3 90.6 1.0023 0.00 0.0M
374520.000 1965 COM2 65 0R0 240 3.0 15.3 90.6 1.0023 0.00 0.0M
374580.000 1965 COM2 65 0R0 116 0.7 15.2 90.6 1.0023 0.00 0.0M
374640.000 1965 COM2 65 0R0 282 2.5 15.3 90.7 1.0024 0.00 0.0M
374700.000 1965 COM2 65 0R0 274 3.7 15.2 90.5 1.0024 0.00 0.0M
374760.000 1965 COM2 65 0R0 289 0.4 15.2 90.6 1.0023 0.00 0.0M
374820.000 1965 COM2 65 0R0 196 0.9 15.2 90.7 1.0023 0.00 0.0M
374880.000 1965 COM2 65 0R0 304 2.0 15.2 90.7 1.0023 0.00 0.0M
374940.000 1965 COM2 65 0R0 224 1.5 15.2 90.5 1.0023 0.00 0.0M
375000.000 1965 COM2 65 0R0 226 1.3 15.2 90.5 1.0023 0.00 0.0M
375060.000 1965 COM2 65 0R0 189 0.8 15.2 90.5 1.0023 0.00 0.0M
375120.000 1965 COM2 65 0R0 234 0.4 15.2 90.4 1.0024 0.00 0.0M
375180.000 1965 COM2 65 0R0 236 1.1 15.2 90.3 1.0024 0.00 0.0M
375240.000 1965 COM2 65 0R0 296 1.1 15.2 90.2 1.0023 0.00 0.0M
375300.000 1965 COM2 65 0R0 195 0.6 15.2 90.3 1.0023 0.00 0.0M
375360.000 1965 COM2 65 0R0 273 1.2 15.2 90.4 1.0023 0.00 0.0M
375420.000 1965 COM2 65 0R0 211 1.4 15.2 90.4 1.0022 0.00 0.0M
375480.000 1965 COM2 65 0R0 250 2.5 15.2 90.1 1.0022 0.00 0.0M
375540.000 1965 COM2 65 0R0 250 1.5 15.2 90.2 1.0023 0.00 0.0M
375600.000 1965 COM2 65 0R0 269 0.6 15.2 89.8 1.0023 0.00 0.0M
375660.000 1965 COM2 65 0R0 316 0.5 15.2 90.0 1.0023 0.00 0.0M
375720.000 1965 COM2 65 0R0 264 1.9 15.2 90.1 1.0023 0.00 0.0M
375780.000 1965 COM2 65 0R0 222 1.0 15.2 90.1 1.0022 0.00 0.0M
375840.000 1965 COM2 65 0R0 137 0.5 15.2 90.2 1.0022 0.00 0.0M
375900.000 1965 COM2 65 0R0 259 0.5 15.2 90.3 1.0022 0.00 0.0M
375960.000 1965 COM2 65 0R0 282 1.3 15.2 90.3 1.0022 0.00 0.0M
376020.000 1965 COM2 65 0R0 267 1.8 15.2 90.2 1.0022 0.00 0.0M
376080.100 1965 COM2 65 0R0 256 0.8 15.2 90.1 1.0022 0.00 0.0M
376140.000 1965 COM2 65 0R0 289 1.2 15.1 90.1 1.0022 0.00 0.0M
376200.000 1965 COM2 65 0R0 267 1.7 15.1 89.9 1.0021 0.00 0.0M
376260.000 1965 COM2 65 0R0 280 3.0 15.1 90.0 1.0020 0.00 0.0M
376320.000 1965 COM2 65 0R0 283 0.9 15.1 90.1 1.0021 0.00 0.0M
376380.000 1965 COM2 65 0R0 255 0.8 15.1 90.0 1.0021 0.00 0.0M
376440.000 1965 COM2 65 0R0 252 0.5 15.1 90.0 1.0021 0.00 0.0M
376500.000 1965 COM2 65 0R0 260 0.8 15.1 90.1 1.0022 0.00 0.0M
376560.000 1965 COM2 65 0R0 284 2.2 15.1 90.2 1.0022 0.00 0.0M
376620.000 1965 COM2 65 0R0 271 2.0 15.1 90.1 1.0023 0.00 0.0M
376680.000 1965 COM2 65 0R0 279 0.9 15.1 90.1 1.0023 0.00 0.0M
376740.000 1965 COM2 65 0R0 299 1.1 15.1 90.0 1.0023 0.00 0.0M
376800.000 1965 COM2 65 0R0 298 1.0 15.0 90.1 1.0023 0.00 0.0M
376860.000 1965 COM2 65 0R0 266 2.0 15.0 90.1 1.0024 0.00 0.0M
376920.000 1965 COM2 65 0R0 239 1.0 15.0 90.1 1.0024 0.00 0.0M
376980.000 1965 COM2 65 0R0 265 2.7 15.0 90.1 1.0024 0.00 0.0M
377040.000 1965 COM2 65 0R0 234 2.2 15.0 90.2 1.0024 0.00 0.0M
377100.000 1965 COM2 65 0R0 240 0.8 15.0 90.2 1.0024 0.00 0.0M
377160.000 1965 COM2 65 0R0 291 2.2 15.0 90.3 1.0024 0.00 0.0M
377220.000 1965 COM2 65 0R0 261 3.6 15.0 90.3 1.0025 0.00 0.0M
377280.000 1965 COM2 65 0R0 233 1.2 15.0 90.2 1.0025 0.00 0.0M
377340.000 1965 COM2 65 0R0 281 2.0 15.0 90.2 1.0025 0.00 0.0M
377400.000 1965 COM2 65 0R0 276 3.0 15.0 90.3 1.0025 0.00 0.0M
377460.000 1965 COM2 65 0R0 259 0.6 15.0 90.4 1.0024 0.00 0.0M
377520.000 1965 COM2 65 0R0 276 2.0 15.0 90.3 1.0024 0.00 0.0M
377580.000 1965 COM2 65 0R0 132 0.6 15.0 90.3 1.0024 0.00 0.0M
377640.000 1965 COM2 65 0R0 271 0.6 14.9 90.3 1.0024 0.00 0.0M
377700.000 1965 COM2 65 0R0 267 0.9 14.9 90.3 1.0024 0.00 0.0M
377760.000 1965 COM2 65 0R0 262 1.3 14.9 90.3 1.0024 0.00 0.0M
377820.000 1965 COM2 65 0R0 262 0.8 14.9 90.4 1.0024 0.00 0.0M
377880.000 1965 COM2 65 0R0 242 2.9 14.9 90.4 1.0024 0.00 0.0M
377940.000 1965 COM2 65 0R0 297 1.8 14.9 90.4 1.0024 0.00 0.0M
378000.000 1965 COM2 65 0R0 274 1.3 14.9 90.2 1.0024 0.00 0.0M
378060.000 1965 COM2 65 0R0 258 1.7 14.8 90.3 1.0024 0.00 0.0M
378120.000 1965 COM2 65 0R0 229 0.6 14.9 90.4 1.0024 0.00 0.0M
378180.000 1965 COM2 65 0R0 277 0.6 14.9 90.3 1.0025 0.00 0.0M
378240.000 1965 COM2 65 0R0 267 3.1 14.9 90.4 1.0025 0.00 0.0M
378300.000 1965 COM2 65 0R0 264 1.1 14.9 90.3 1.0025 0.00 0.0M
378360.000 1965 COM2 65 0R0 294 2.3 14.9 90.3 1.0025 0.00 0.0M
378420.000 1965 COM2 65 0R0 278 3.2 14.9 90.3 1.0025 0.00 0.0M
378480.000 1965 COM2 65 0R0 299 2.3 14.9 90.4 1.0025 0.00 0.0M
378540.000 1965 COM2 65 0R0 286 2.2 14.9 90.4 1.0025 0.00 0.0M
378600.000 1965 COM2 65 0R0 259 0.8 14.9 90.4 1.0024 0.00 0.0M
378660.000 1965 COM2 65 0R0 269 1.5 14.9 90.4 1.0024 0.00 0.0M
378720.000 1965 COM2 65 0R0 259 1.1 14.9 90.2 1.0024 0.00 0.0M
378780.000 1965 COM2 65 0R0 240 0.8 14.9 90.4 1.0024 0.00 0.0M
378840.000 1965 COM2 65 0R0 319 1.2 14.9 90.3 1.0025 0.00 0.0M
378900.000 1965 COM2 65 0R0 259 2.9 14.9 90.3 1.0025 0.00 0.0M
378960.000 1965 COM2 65 0R0 200 0.6 14.9 90.3 1.0025 0.00 0.0M
379020.000 1965 COM2 65 0R0 265 3.1 14.9 90.3 1.0025 0.00 0.0M
379080.000 1965 COM2 65 0R0 254 1.5 14.9 90.2 1.0025 0.00 0.0M
379140.000 1965 COM2 65 0R0 284 1.5 14.9 90.3 1.0025 0.00 0.0M
379200.000 1965 COM2 65 0R0 261 1.3 14.9 90.3 1.0025 0.00 0.0M
379260.000 1965 COM2 65 0R0 259 1.3 14.9 90.4 1.0025 0.00 0.0M
379320.000 1965 COM2 65 0R0 264 1.7 14.9 90.4 1.0025 0.00 0.0M
379380.100 1965 COM2 65 0R0 284 1.1 14.9 90.4 1.0025 0.00 0.0M
379440.000 1965 COM2 65 0R0 214 1.8 14.9 90.3 1.0025 0.00 0.0M
379500.000 1965 COM2 65 0R0 249 1.7 14.9 90.3 1.0025 0.00 0.0M
379560.000 1965 COM2 65 0R0 262 0.6 14.9 90.5 1.0025 0.00 0.0M
379620.000 1965 COM2 65 0R0 277 0.7 15.0 90.4 1.0025 0.00 0.0M
379680.000 1965 COM2 65 0R0 257 1.3 15.0 90.4 1.0025 0.00 0.0M
379740.000 1965 COM2 65 0R0 259 2.7 15.0 90.4 1.0025 0.00 0.0M
379800.000 1965 COM2 65 0R0 271 1.5 15.0 90.4 1.0025 0.00 0.0M
379860.000 1965 COM2 65 0R0 270 0.7 15.0 90.4 1.0025 0.00 0.0M
379920.000 1965 COM2 65 0R0 287 0.8 15.0 90.4 1.0025 0.00 0.0M
379980.000 1965 COM2 65 0R0 111 0.3 15.0 90.4 1.0026 0.00 0.0M
380040.000 1965 COM2 65 0R0 286 1.1 15.0 90.4 1.0026 0.00 0.0M
380100.000 1965 COM2 65 0R0 234 0.7 15.0 90.5 1.0026 0.00 0.0M
380160.000 1965 COM2 65 0R0 272 2.2 15.0 90.4 1.0026 0.00 0.0M
380220.000 1965 COM2 65 0R0 268 2.1 15.0 90.3 1.0026 0.00 0.0M
380280.000 1965 COM2 65 0R0 294 1.7 15.0 90.4 1.0026 0.00 0.0M
380340.000 1965 COM2 65 0R0 279 1.8 15.0 90.0 1.0026 0.00 0.0M
380400.000 1965 COM2 65 0R0 211 0.5 15.0 90.2 1.0026 0.00 0.0M
380460.000 1965 COM2 65 0R0 282 1.3 15.0 90.1 1.0026 0.00 0.0M
380520.000 1965 COM2 65 0R0 158 0.5 15.0 90.0 1.0026 0.00 0.0M
380580.000 1965 COM2 65 0R0 268 2.1 15.0 90.3 1.0026 0.00 0.0M
380640.000 1965 COM2 65 0R0 258 1.6 15.0 90.1 1.0026 0.00 0.0M
380700.000 1965 COM2 65 0R0 280 1.1 15.0 89.7 1.0026 0.00 0.0M
380760.000 1965 COM2 65 0R0 195 1.1 15.0 89.8 1.0026 0.00 0.0M
380820.000 1965 COM2 65 0R0 272 1.2 15.0 89.8 1.0026 0.00 0.0M
380880.000 1965 COM2 65 0R0 239 2.3 15.0 89.7 1.0026 0.00 0.0M
380940.000 1965 COM2 65 0R0 281 1.3 15.0 89.5 1.0026 0.00 0.0M
381000.000 1965 COM2 65 0R0 271 1.8 15.0 89.5 1.0026 0.00 0.0M
381060.000 1965 COM2 65 0R0 067 0.7 15.0 89.5 1.0026 0.00 0.0M
381120.000 1965 COM2 65 0R0 179 0.5 15.0 89.4 1.0026 0.00 0.0M
381180.000 1965 COM2 65 0R0 249 2.1 15.0 89.4 1.0026 0.00 0.0M
381240.000 1965 COM2 65 0R0 270 2.0 15.0 89.3 1.0027 0.00 0.0M
381300.000 1965 COM2 65 0R0 140 0.2 15.0 89.5 1.0027 0.00 0.0M
381360.100 1965 COM2 65 0R0 263 2.8 15.0 89.1 1.0027 0.00 0.0M
381420.000 1965 COM2 65 0R0 220 0.5 15.0 89.4 1.0027 0.00 0.0M
381480.000 1965 COM2 65 0R0 238 0.6 15.0 89.5 1.0027 0.00 0.0M
381540.000 1965 COM2 65 0R0 275 1.2 15.0 89.3 1.0027 0.00 0.0M
381600.000 1965 COM2 65 0R0 279 1.0 15.0 89.6 1.0028 0.00 0.0M
381660.100 1965 COM2 65 0R0 278 0.9 15.0 89.6 1.0028 0.00 0.0M
381720.000 1965 COM2 65 0R0 247 1.5 15.0 89.6 1.0028 0.00 0.0M
381780.000 1965 COM2 65 0R0 180 0.3 15.0 90.0 1.0028 0.00 0.0M
381840.000 1965 COM2 65 0R0 237 1.3 15.0 90.0 1.0028 0.00 0.0M
381900.000 1965 COM2 65 0R0 237 1.0 15.0 90.1 1.0028 0.00 0.0M
381960.000 1965 COM2 65 0R0 121 0.3 15.0 90.1 1.0028 0.00 0.0M
382020.000 1965 COM2 65 0R0 245 0.9 15.0 90.2 1.0028 0.00 0.0M
382080.000 1965 COM2 65 0R0 258 1.3 15.0 89.9 1.0028 0.00 0.0M
382140.000 1965 COM2 65 0R0 249 2.8 15.0 89.3 1.0029 0.00 0.0M
382200.000 1965 COM2 65 0R0 259 2.6 14.9 89.2 1.0029 0.00 0.0M
382260.000 1965 COM2 65 0R0 229 1.8 14.9 89.3 1.0029 0.00 0.0M
382320.000 1965 COM2 65 0R0 262 3.8 14.9 89.2 1.0029 0.00 0.0M
382380.000 1965 COM2 65 0R0 225 1.6 14.8 87.7 1.0029 0.00 0.0M
382440.000 1965 COM2 65 0R0 250 1.3 14.8 87.0 1.0030 0.00 0.0M
382500.000 1965 COM2 65 0R0 238 2.7 14.7 87.4 1.0030 0.00 0.0M
382560.000 1965 COM2 65 0R0 273 2.2 14.7 86.7 1.0030 0.00 0.0M
382620.000 1965 COM2 65 0R0 282 0.7 14.7 87.3 1.0030 0.00 0.0M
382680.000 1965 COM2 65 0R0 248 0.6 14.7 87.6 1.0030 0.00 0.0M
382740.000 1965 COM2 65 0R0 264 0.6 14.7 87.5 1.0030 0.00 0.0M
382800.000 1965 COM2 65 0R0 237 1.2 14.7 86.9 1.0030 0.00 0.0M
382860.000 1965 COM2 65 0R0 224 1.4 14.7 87.0 1.0031 0.00 0.0M
382920.000 1965 COM2 65 0R0 186 0.4 14.7 87.4 1.0031 0.00 0.0M
382980.100 1965 COM2 65 0R0 261 0.4 14.7 87.5 1.0031 0.00 0.0M
383040.000 1965 COM2 65 0R0 226 1.9 14.6 87.4 1.0031 0.00 0.0M
383100.000 1965 COM2 65 0R0 267 1.7 14.6 86.8 1.0031 0.00 0.0M
383160.000 1965 COM2 65 0R0 248 1.4 14.6 86.8 1.0031 0.00 0.0M
383220.100 1965 COM2 65 0R0 198 1.9 14.6 87.0 1.0031 0.00 0.0M
383280.000 1965 COM2 65 0R0 242 1.6 14.6 87.1 1.0031 0.00 0.0M
383340.000 1965 COM2 65 0R0 235 1.3 14.6 87.0 1.0032 0.00 0.0M
383400.000 1965 COM2 65 0R0 278 0.8 14.5 87.3 1.0032 0.00 0.0M
383460.000 1965 COM2 65 0R0 256 0.8 14.5 87.5 1.0032 0.00 0.0M
383520.000 1965 COM2 65 0R0 223 1.7 14.5 87.3 1.0032 0.00 0.0M
383580.000 1965 COM2 65 0R0 188 0.9 14.5 87.4 1.0032 0.00 0.0M
383640.000 1965 COM2 65 0R0 270 0.9 14.5 87.5 1.0033 0.00 0.0M
383700.000 1965 COM2 65 0R0 179 0.7 14.5 87.5 1.0032 0.00 0.0M
383760.000 1965 COM2 65 0R0 170 1.1 14.5 87.3 1.0032 0.00 0.0M
383820.000 1965 COM2 65 0R0 248 1.1 14.5 87.3 1.0033 0.00 0.0M
383880.000 1965 COM2 65 0R0 235 1.0 14.5 87.1 1.0033 0.00 0.0M
383940.000 1965 COM2 65 0R0 251 1.3 14.4 87.5 1.0033 0.00 0.0M
384000.000 1965 COM2 65 0R0 246 2.9 14.4 87.2 1.0034 0.00 0.0M
384060.000 1965 COM2 65 0R0 202 0.7 14.4 87.1 1.0034 0.00 0.0M
384120.000 1965 COM2 65 0R0 275 1.1 14.4 87.5 1.0034 0.00 0.0M
384180.000 1965 COM2 65 0R0 252 1.1 14.4 87.4 1.0034 0.00 0.0M
384240.000 1965 COM2 65 0R0 261 1.5 14.4 87.3 1.0033 0.00 0.0M
384300.000 1965 COM2 65 0R0 280 0.6 14.4 87.3 1.0034 0.00 0.0M
384360.000 1965 COM2 65 0R0 256 1.7 14.4 87.4 1.0033 0.00 0.0M
384420.000 1965 COM2 65 0R0 201 0.7 14.4 87.2 1.0033 0.00 0.0M
384480.000 1965 COM2 65 0R0 263 2.2 14.4 87.4 1.0033 0.00 0.0M
384540.000 1965 COM2 65 0R0 257 1.4 14.4 87.4 1.0033 0.00 0.0M
384600.000 1965 COM2 65 0R0 258 2.7 14.4 87.5 1.0033 0.00 0.0M
384660.000 1965 COM2 65 0R0 245 1.2 14.4 87.3 1.0033 0.00 0.0M
384720.000 1965 COM2 65 0R0 216 0.9 14.4 87.5 1.0033 0.00 0.0M
384780.000 1965 COM2 65 0R0 130 0.5 14.4 87.5 1.0033 0.00 0.0M
384840.000 1965 COM2 65 0R0 246 1.1 14.4 87.6 1.0033 0.00 0.0M
384900.000 1965 COM2 65 0R0 255 1.1 14.4 87.3 1.0033 0.00 0.0M
384960.000 1965 COM2 65 0R0 246 1.0 14.3 87.6 1.0033 0.00 0.0M
385020.000 1965 COM2 65 0R0 269 0.7 14.3 87.7 1.0033 0.00 0.0M
385080.000 1965 COM2 65 0R0 252 1.4 14.3 88.1 1.0033 0.00 0.0M
385140.000 1965 COM2 65 0R0 229 1.0 14.4 87.7 1.0033 0.00 0.0M
385200.000 1965 COM2 65 0R0 255 1.2 14.3 88.0 1.0033 0.00 0.0M
385260.000 1965 COM2 65 0R0 229 0.8 14.3 87.9 1.0033 0.00 0.0M
385320.000 1965 COM2 65 0R0 240 0.8 14.3 88.1 1.0033 0.00 0.0M
385380.000 1965 COM2 65 0R0 247 1.2 14.3 88.3 1.0033 0.00 0.0M
385440.000 1965 COM2 65 0R0 243 1.0 14.3 88.0 1.0033 0.00 0.0M
385500.000 1965 COM2 65 0R0 253 1.9 14.3 87.9 1.0033 0.00 0.0M
385560.000 1965 COM2 65 0R0 269 1.3 14.3 88.0 1.0033 0.00 0.0M
385620.000 1965 COM2 65 0R0 256 1.5 14.3 87.9 1.0033 0.00 0.0M
385680.000 1965 COM2 65 0R0 243 1.0 14.3 88.0 1.0033 0.00 0.0M
385740.000 1965 COM2 65 0R0 241 2.4 14.4 88.0 1.0033 0.00 0.0M
385800.000 1965 COM2 65 0R0 275 0.7 14.4 87.7 1.0034 0.00 0.0M
385860.000 1965 COM2 65 0R0 225 1.1 14.4 87.9 1.0034 0.00 0.0M
385920.000 1965 COM2 65 0R0 240 2.1 14.4 88.0 1.0034 0.00 0.0M
385980.000 1965 COM2 65 0R0 239 0.7 14.4 88.0 1.0034 0.00 0.0M
386040.000 1965 COM2 65 0R0 236 1.4 14.4 88.1 1.0034 0.00 0.0M
386100.000 1965 COM2 65 0R0 216 0.9 14.4 88.2 1.0034 0.00 0.0M
386160.000 1965 COM2 65 0R0 241 1.3 14.5 88.2 1.0034 0.00 0.0M
386220.000 1965 COM2 65 0R0 265 1.2 14.5 88.1 1.0034 0.00 0.0M
386280.000 1965 COM2 65 0R0 260 1.0 14.5 88.1 1.0034 0.00 0.0M
386340.000 1965 COM2 65 0R0 237 1.2 14.5 88.1 1.0034 0.00 0.0M
386400.000 1965 COM2 65 0R0 273 0.4 14.5 88.1 1.0034 0.00 0.0M
386460.000 1965 COM2 65 0R0 281 1.0 14.5 88.2 1.0034 0.00 0.0M
386520.000 1965 COM2 65 0R0 238 2.0 14.5 87.4 1.0034 0.00 0.0M
386580.000 1965 COM2 65 0R0 236 0.8 14.5 87.6 1.0034 0.00 0.0M
386640.000 1965 COM2 65 0R0 257 0.5 14.5 88.1 1.0034 0.00 0.0M
386700.000 1965 COM2 65 0R0 258 1.1 14.5 87.6 1.0034 0.00 0.0M
386760.000 1965 COM2 65 0R0 248 1.2 14.5 88.2 1.0034 0.00 0.0M
386820.000 1965 COM2 65 0R0 249 0.6 14.5 88.1 1.0034 0.00 0.0M
386880.000 1965 COM2 65 0R0 221 0.3 14.5 88.3 1.0034 0.00 0.0M
386940.000 1965 COM2 65 0R0 262 1.1 14.5 88.2 1.0034 0.00 0.0M
387000.000 1965 COM2 65 0R0 257 0.9 14.5 88.2 1.0034 0.00 0.0M
387060.000 1965 COM2 65 0R0 251 1.1 14.5 88.3 1.0034 0.00 0.0M
387120.000 1965 COM2 65 0R0 272 1.5 14.5 88.0 1.0034 0.00 0.0M
387180.000 1965 COM2 65 0R0 218 0.8 14.5 88.0 1.0034 0.00 0.0M
387240.000 1965 COM2 65 0R0 283 0.6 14.6 87.9 1.0034 0.00 0.0M
387300.000 1965 COM2 65 0R0 278 0.9 14.6 87.8 1.0034 0.00 0.0M
387360.000 1965 COM2 65 0R0 254 1.6 14.6 87.5 1.0034 0.00 0.0M
387420.000 1965 COM2 65 0R0 271 1.2 14.6 87.7 1.0034 0.00 0.0M
387480.000 1965 COM2 65 0R0 252 2.1 14.6 87.5 1.0034 0.00 0.0M
387540.000 1965 COM2 65 0R0 199 0.9 14.6 87.9 1.0034 0.00 0.0M
387600.000 1965 COM2 65 0R0 219 1.1 14.6 88.1 1.0034 0.00 0.0M
387660.000 1965 COM2 65 0R0 208 0.5 14.6 88.3 1.0034 0.00 0.0M
387720.000 1965 COM2 65 0R0 323 1.3 14.6 87.9 1.0034 0.00 0.0M
387780.000 1965 COM2 65 0R0 283 0.7 14.6 88.0 1.0034 0.00 0.0M
387840.000 1965 COM2 65 0R0 258 2.2 14.7 87.6 1.0034 0.00 0.0M
387900.000 1965 COM2 65 0R0 240 3.0 14.6 87.4 1.0035 0.00 0.0M
387960.000 1965 COM2 65 0R0 254 1.7 14.6 87.2 1.0035 0.00 0.0M
388020.000 1965 COM2 65 0R0 279 2.3 14.6 87.3 1.0035 0.00 0.0M
388080.000 1965 COM2 65 0R0 272 2.5 14.6 88.0 1.0035 0.00 0.0M
388140.000 1965 COM2 65 0R0 286 1.7 14.6 88.0 1.0035 0.00 0.0M
388200.000 1965 COM2 65 0R0 238 2.1 14.6 88.1 1.0035 0.00 0.0M
388260.000 1965 COM2 65 0R0 266 2.1 14.6 87.2 1.0035 0.00 0.0M
388320.000 1965 COM2 65 0R0 263 2.7 14.6 87.6 1.0035 0.00 0.0M
388380.000 1965 COM2 65 0R0 287 1.1 14.6 87.3 1.0035 0.00 0.0M
388440.000 1965 COM2 65 0R0 229 0.7 14.6 87.5 1.0035 0.00 0.0M
388500.000 1965 COM2 65 0R0 254 0.9 14.6 87.4 1.0035 0.00 0.0M
388560.000 1965 COM2 65 0R0 256 2.6 14.7 87.9 1.0035 0.00 0.0M
388620.000 1965 COM2 65 0R0 237 2.5 14.7 87.0 1.0035 0.00 0.0M
388680.000 1965 COM2 65 0R0 292 1.4 14.7 87.1 1.0035 0.00 0.0M
388740.000 1965 COM2 65 0R0 269 2.6 14.7 87.0 1.0036 0.00 0.0M
388800.000 1965 COM2 65 0R0 286 4.4 14.7 86.7 1.0035 0.00 0.0M
388860.000 1965 COM2 65 0R0 276 1.4 14.7 87.2 1.0036 0.00 0.0M
388920.000 1965 COM2 65 0R0 296 2.5 14.7 86.9 1.0036 0.00 0.0M
388980.000 1965 COM2 65 0R0 310 1.6 14.7 87.1 1.0036 0.00 0.0M
389040.000 1965 COM2 65 0R0 261 1.6 14.7 87.4 1.0036 0.00 0.0M
389100.000 1965 COM2 65 0R0 288 0.8 14.7 87.6 1.0036 0.00 0.0M
389160.000 1965 COM2 65 0R0 222 1.0 14.7 87.6 1.0036 0.00 0.0M
389220.000 1965 COM2 65 0R0 254 1.8 14.7 86.9 1.0036 0.00 0.0M
389280.000 1965 COM2 65 0R0 255 0.8 14.7 87.3 1.0036 0.00 0.0M
389340.000 1965 COM2 65 0R0 246 1.3 14.7 87.3 1.0036 0.00 0.0M
389400.000 1965 COM2 65 0R0 279 1.8 14.7 86.8 1.0036 0.00 0.0M
389460.000 1965 COM2 65 0R0 253 1.7 14.7 87.1 1.0036 0.00 0.0M
389520.000 1965 COM2 65 0R0 243 1.3 14.7 87.0 1.0036 0.00 0.0M
389580.000 1965 COM2 65 0R0 186 0.9 14.8 87.4 1.0036 0.00 0.0M
389640.000 1965 COM2 65 0R0 243 1.8 14.8 87.5 1.0036 0.00 0.0M
389700.000 1965 COM2 65 0R0 258 1.9 14.8 87.1 1.0036 0.00 0.0M
389760.000 1965 COM2 65 0R0 243 1.4 14.8 86.9 1.0036 0.00 0.0M
389820.000 1965 COM2 65 0R0 238 1.5 14.8 87.1 1.0036 0.00 0.0M
389880.000 1965 COM2 65 0R0 274 2.1 14.8 86.8 1.0037 0.00 0.0M
389940.000 1965 COM2 65 0R0 252 1.5 14.8 86.1 1.0037 0.00 0.0M
390000.000 1965 COM2 65 0R0 263 2.1 14.8 86.3 1.0037 0.00 0.0M
390060.000 1965 COM2 65 0R0 247 2.4 14.9 86.3 1.0037 0.00 0.0M
390120.000 1965 COM2 65 0R0 238 1.1 14.9 86.1 1.0037 0.00 0.0M
390180.000 1965 COM2 65 0R0 231 1.5 14.9 86.5 1.0037 0.00 0.0M
390240.000 1965 COM2 65 0R0 251 2.6 15.0 85.9 1.0037 0.00 0.0M
390300.000 1965 COM2 65 0R0 250 2.2 15.0 85.4 1.0037 0.00 0.0M
390360.000 1965 COM2 65 0R0 256 2.8 14.9 85.5 1.0037 0.00 0.0M
390420.000 1965 COM2 65 0R0 251 1.3 15.0 85.7 1.0037 0.00 0.0M
390480.000 1965 COM2 65 0R0 285 0.6 15.0 86.1 1.0037 0.00 0.0M
390540.000 1965 COM2 65 0R0 190 0.6 15.0 86.1 1.0037 0.00 0.0M
390600.000 1965 COM2 65 0R0 259 2.7 15.2 85.5 1.0037 0.00 0.0M
390660.000 1965 COM2 65 0R0 245 3.2 15.2 84.9 1.0037 0.00 0.0M
390720.000 1965 COM2 65 0R0 217 0.9 15.2 85.0 1.0036 0.00 0.0M
390780.000 1965 COM2 65 0R0 242 2.2 15.3 84.6 1.0037 0.00 0.0M
390840.000 1965 COM2 65 0R0 267 2.1 15.3 84.8 1.0037 0.00 0.0M
390900.000 1965 COM2 65 0R0 257 2.0 15.3 84.7 1.0037 0.00 0.0M
390960.000 1965 COM2 65 0R0 266 1.9 15.4 84.1 1.0037 0.00 0.0M
391020.000 1965 COM2 65 0R0 237 2.6 15.4 84.2 1.0037 0.00 0.0M
391080.000 1965 COM2 65 0R0 256 2.1 15.4 84.6 1.0037 0.00 0.0M
391140.000 1965 COM2 65 0R0 272 1.0 15.4 84.7 1.0037 0.00 0.0M
391200.000 1965 COM2 65 0R0 256 0.5 15.4 84.1 1.0037 0.00 0.0M
391260.000 1965 COM2 65 0R0 233 1.9 15.4 84.5 1.0036 0.00 0.0M
391320.000 1965 COM2 65 0R0 240 1.3 15.4 83.6 1.0036 0.00 0.0M
391380.000 1965 COM2 65 0R0 299 1.6 15.4 83.3 1.0036 0.00 0.0M
391440.000 1965 COM2 65 0R0 152 1.1 15.4 84.3 1.0036 0.00 0.0M
391500.000 1965 COM2 65 0R0 058 0.5 15.5 84.9 1.0036 0.00 0.0M
391560.000 1965 COM2 65 0R0 237 2.5 15.5 84.5 1.0036 0.00 0.0M
391620.000 1965 COM2 65 0R0 235 3.7 15.5 83.2 1.0036 0.00 0.0M
391680.000 1965 COM2 65 0R0 229 1.6 15.5 83.1 1.0036 0.00 0.0M
391740.000 1965 COM2 65 0R0 244 2.3 15.4 83.5 1.0035 0.00 0.0M
391800.000 1965 COM2 65 0R0 221 0.5 15.4 83.1 1.0035 0.00 0.0M
391860.000 1965 COM2 65 0R0 208 2.7 15.4 82.8 1.0035 0.00 0.0M
391920.000 1965 COM2 65 0R0 207 2.0 15.4 83.2 1.0035 0.00 0.0M
391980.000 1965 COM2 65 0R0 242 2.9 15.3 83.5 1.0035 0.00 0.0M
392040.000 1965 COM2 65 0R0 224 1.8 15.3 83.6 1.0034 0.00 0.0M
392100.000 1965 COM2 65 0R0 234 1.6 15.4 81.9 1.0034 0.00 0.0M
392160.000 1965 COM2 65 0R0 279 1.3 15.5 82.7 1.0035 0.00 0.0M
392220.000 1965 COM2 65 0R0 243 0.8 15.5 82.0 1.0035 0.00 0.0M
392280.000 1965 COM2 65 0R0 215 2.4 15.5 81.7 1.0035 0.00 0.0M
392340.000 1965 COM2 65 0R0 213 1.4 15.5 81.5 1.0035 0.00 0.0M
392400.000 1965 COM2 65 0R0 262 2.0 15.5 81.0 1.0035 0.00 0.0M
392460.000 1965 COM2 65 0R0 244 2.0 15.5 81.3 1.0034 0.00 0.0M
392520.000 1965 COM2 65 0R0 191 2.5 15.5 80.6 1.0034 0.00 0.0M
392580.000 1965 COM2 65 0R0 232 2.5 15.4 81.9 1.0035 0.00 0.0M
392640.000 1965 COM2 65 0R0 216 1.6 15.4 82.0 1.0035 0.00 0.0M
392700.000 1965 COM2 65 0R0 222 2.7 15.5 82.2 1.0035 0.00 0.0M
392760.000 1965 COM2 65 0R0 203 1.4 15.6 81.7 1.0035 0.00 0.0M
392820.000 1965 COM2 65 0R0 209 3.0 15.6 80.8 1.0035 0.00 0.0M
392880.000 1965 COM2 65 0R0 207 2.0 15.5 82.2 1.0035 0.00 0.0M
392940.000 1965 COM2 65 0R0 220 3.2 15.5 82.0 1.0035 0.00 0.0M
393000.000 1965 COM2 65 0R0 220 2.4 15.5 82.3 1.0035 0.00 0.0M
393060.000 1965 COM2 65 0R0 200 2.7 15.6 82.4 1.0036 0.00 0.0M
393120.000 1965 COM2 65 0R0 220 2.4 15.6 82.0 1.0036 0.00 0.0M
393180.000 1965 COM2 65 0R0 271 1.9 15.8 82.1 1.0036 0.00 0.0M
393240.000 1965 COM2 65 0R0 270 1.7 15.8 80.2 1.0036 0.00 0.0M
393300.000 1965 COM2 65 0R0 292 0.9 15.9 80.4 1.0037 0.00 0.0M
393360.000 1965 COM2 65 0R0 291 1.4 15.9 79.2 1.0036 0.00 0.0M
393420.000 1965 COM2 65 0R0 268 1.9 15.9 80.0 1.0037 0.00 0.0M
393480.000 1965 COM2 65 0R0 255 1.5 15.9 80.7 1.0037 0.00 0.0M
393540.000 1965 COM2 65 0R0 274 2.7 15.9 80.6 1.0037 0.00 0.0M
393600.100 1965 COM2 65 0R0 237 1.9 16.0 79.3 1.0037 0.00 0.0M
393660.100 1965 COM2 65 0R0 241 1.4 16.0 79.8 1.0037 0.00 0.0M
393720.100 1965 COM2 65 0R0 235 2.0 16.0 79.9 1.0037 0.00 0.0M
393780.000 1965 COM2 65 0R0 211 3.1 16.0 79.7 1.0037 0.00 0.0M
393840.000 1965 COM2 65 0R0 267 1.5 16.0 80.1 1.0037 0.00 0.0M
393900.000 1965 COM2 65 0R0 229 3.2 15.9 79.6 1.0037 0.00 0.0M
393960.000 1965 COM2 65 0R0 263 4.4 15.9 79.9 1.0037 0.00 0.0M
394020.000 1965 COM2 65 0R0 242 2.3 15.8 79.0 1.0037 0.00 0.0M
394080.000 1965 COM2 65 0R0 196 3.2 15.8 79.8 1.0037 0.00 0.0M
394140.000 1965 COM2 65 0R0 223 2.8 15.7 80.0 1.0038 0.00 0.0M
394200.000 1965 COM2 65 0R0 237 1.1 15.7 78.9 1.0038 0.00 0.0M
394260.000 1965 COM2 65 0R0 180 3.1 15.8 80.2 1.0038 0.00 0.0M
394320.000 1965 COM2 65 0R0 232 3.6 15.8 80.0 1.0038 0.00 0.0M
394380.000 1965 COM2 65 0R0 260 3.6 15.9 80.3 1.0038 0.00 0.0M
394440.000 1965 COM2 65 0R0 286 1.9 16.0 80.6 1.0039 0.00 0.0M
394500.000 1965 COM2 65 0R0 286 1.7 16.1 78.7 1.0039 0.00 0.0M
394560.000 1965 COM2 65 0R0 242 1.5 16.2 78.5 1.0039 0.00 0.0M
394620.000 1965 COM2 65 0R0 246 2.6 16.3 77.9 1.0039 0.00 0.0M
394680.000 1965 COM2 65 0R0 248 1.4 16.3 78.6 1.0039 0.00 0.0M
394740.000 1965 COM2 65 0R0 237 0.8 16.4 78.7 1.0039 0.00 0.0M
394800.000 1965 COM2 65 0R0 226 1.8 16.6 78.5 1.0039 0.00 0.0M
394860.000 1965 COM2 65 0R0 333 0.7 16.7 77.7 1.0040 0.00 0.0M
394920.000 1965 COM2 65 0R0 302 1.3 16.8 77.1 1.0040 0.00 0.0M
394980.000 1965 COM2 65 0R0 272 1.6 16.9 75.8 1.0040 0.00 0.0M
395040.000 1965 COM2 65 0R0 281 1.2 16.9 75.9 1.0040 0.00 0.0M
395100.000 1965 COM2 65 0R0 255 3.4 16.9 74.4 1.0041 0.00 0.0M
395160.000 1965 COM2 65 0R0 232 1.3 16.9 74.2 1.0041 0.00 0.0M
395220.000 1965 COM2 65 0R0 255 4.3 16.9 74.1 1.0041 0.00 0.0M
395280.000 1965 COM2 65 0R0 221 3.7 16.9 76.2 1.0041 0.00 0.0M
395340.000 1965 COM2 65 0R0 182 3.5 16.9 74.4 1.0041 0.00 0.0M
395400.000 1965 COM2 65 0R0 219 1.2 16.9 75.7 1.0041 0.00 0.0M
395460.000 1965 COM2 65 0R0 236 1.3 16.9 75.1 1.0041 0.00 0.0M
395520.000 1965 COM2 65 0R0 190 0.7 17.0 75.5 1.0041 0.00 0.0M
395580.000 1965 COM2 65 0R0 250 3.8 17.0 75.3 1.0041 0.00 0.0M
395640.000 1965 COM2 65 0R0 234 2.0 17.0 75.5 1.0041 0.00 0.0M
395700.000 1965 COM2 65 0R0 263 2.3 17.1 75.3 1.0041 0.00 0.0M
395760.000 1965 COM2 65 0R0 275 4.3 17.1 74.6 1.0041 0.00 0.0M
395820.000 1965 COM2 65 0R0 251 4.5 17.0 75.2 1.0041 0.00 0.0M
395880.000 1965 COM2 65 0R0 273 2.2 17.0 75.6 1.0041 0.00 0.0M
395940.000 1965 COM2 65 0R0 287 1.9 17.0 75.6 1.0041 0.00 0.0M
396000.000 1965 COM2 65 0R0 252 2.9 17.0 75.2 1.0042 0.00 0.0M
396060.000 1965 COM2 65 0R0 304 1.0 16.9 75.9 1.0042 0.00 0.0M
396120.000 1965 COM2 65 0R0 238 1.8 16.9 75.6 1.0042 0.00 0.0M
396180.000 1965 COM2 65 0R0 289 2.1 17.0 75.6 1.0042 0.00 0.0M
396240.000 1965 COM2 65 0R0 223 1.8 17.0 76.1 1.0042 0.00 0.0M
396300.000 1965 COM2 65 0R0 242 2.2 17.0 76.2 1.0042 0.00 0.0M
396360.000 1965 COM2 65 0R0 201 3.5 17.0 76.0 1.0042 0.00 0.0M
396420.000 1965 COM2 65 0R0 243 1.8 17.0 76.0 1.0042 0.00 0.0M
396480.000 1965 COM2 65 0R0 220 1.5 17.0 76.0 1.0043 0.00 0.0M
396540.000 1965 COM2 65 0R0 243 2.0 17.1 75.2 1.0043 0.00 0.0M
396600.000 1965 COM2 65 0R0 245 2.6 17.1 75.6 1.0043 0.00 0.0M
396660.000 1965 COM2 65 0R0 178 0.7 17.2 76.3 1.0043 0.00 0.0M
396720.000 1965 COM2 65 0R0 296 1.1 17.2 75.2 1.0043 0.00 0.0M
396780.000 1965 COM2 65 0R0 289 6.6 17.3 74.0 1.0043 0.00 0.0M
396840.000 1965 COM2 65 0R0 202 1.5 17.1 74.6 1.0044 0.00 0.0M
396900.000 1965 COM2 65 0R0 261 5.4 17.0 74.4 1.0045 0.00 0.0M
396960.000 1965 COM2 65 0R0 258 1.8 16.9 74.0 1.0044 0.00 0.0M
397020.000 1965 COM2 65 0R0 291 3.7 16.8 74.5 1.0044 0.00 0.0M
397080.000 1965 COM2 65 0R0 293 2.4 16.7 75.3 1.0045 0.00 0.0M
397140.000 1965 COM2 65 0R0 277 3.6 16.6 75.8 1.0045 0.00 0.0M
397200.000 1965 COM2 65 0R0 296 1.9 16.6 76.1 1.0045 0.00 0.0M
397260.000 1965 COM2 65 0R0 228 1.7 16.6 76.2 1.0045 0.00 0.0M
397320.000 1965 COM2 65 0R0 187 1.5 16.6 76.1 1.0045 0.00 0.0M
397380.000 1965 COM2 65 0R0 275 1.4 16.6 75.9 1.0045 0.00 0.0M
397440.000 1965 COM2 65 0R0 266 4.3 16.6 76.5 1.0045 0.00 0.0M
397500.000 1965 COM2 65 0R0 280 4.1 16.6 75.9 1.0046 0.00 0.0M
397560.000 1965 COM2 65 0R0 281 1.3 16.5 76.0 1.0046 0.00 0.0M
397620.000 1965 COM2 65 0R0 271 1.2 16.5 76.5 1.0046 0.00 0.0M
397680.000 1965 COM2 65 0R0 243 1.7 16.6 76.8 1.0047 0.00 0.0M
397740.000 1965 COM2 65 0R0 254 2.1 16.6 76.2 1.0047 0.00 0.0M
397800.000 1965 COM2 65 0R0 270 1.9 16.6 76.2 1.0047 0.00 0.0M
397860.000 1965 COM2 65 0R0 243 2.9 16.6 76.9 1.0047 0.00 0.0M
397920.000 1965 COM2 65 0R0 263 3.3 16.5 76.4 1.0046 0.00 0.0M
397980.000 1965 COM2 65 0R0 248 2.5 16.5 76.6 1.0046 0.00 0.0M
398040.000 1965 COM2 65 0R0 273 4.2 16.4 76.6 1.0046 0.00 0.0M
398100.000 1965 COM2 65 0R0 305 2.5 16.4 76.7 1.0045 0.00 0.0M
398160.000 1965 COM2 65 0R0 238 3.8 16.3 76.8 1.0046 0.00 0.0M
398220.000 1965 COM2 65 0R0 254 2.7 16.3 76.6 1.0046 0.00 0.0M
398280.000 1965 COM2 65 0R0 260 3.2 16.3 77.1 1.0046 0.00 0.0M
398340.000 1965 COM2 65 0R0 343 1.4 16.2 77.8 1.0046 0.00 0.0M
398400.000 1965 COM2 65 0R0 251 2.9 16.2 78.1 1.0045 0.00 0.0M
398460.000 1965 COM2 65 0R0 288 1.9 16.3 78.1 1.0046 0.00 0.0M
398520.000 1965 COM2 65 0R0 270 2.0 16.3 77.7 1.0046 0.00 0.0M
398580.000 1965 COM2 65 0R0 266 3.1 16.3 78.4 1.0046 0.00 0.0M
398640.000 1965 COM2 65 0R0 225 2.3 16.3 78.5 1.0046 0.00 0.0M
398700.000 1965 COM2 65 0R0 257 1.5 16.4 77.9 1.0046 0.00 0.0M
398760.000 1965 COM2 65 0R0 283 1.2 16.4 77.5 1.0046 0.00 0.0M
398820.000 1965 COM2 65 0R0 240 1.2 16.4 77.7 1.0047 0.00 0.0M
398880.000 1965 COM2 65 0R0 243 2.3 16.4 77.5 1.0047 0.00 0.0M
398940.000 1965 COM2 65 0R0 275 4.3 16.4 77.5 1.0046 0.00 0.0M
399000.000 1965 COM2 65 0R0 251 2.4 16.4 77.6 1.0046 0.00 0.0M
399060.000 1965 COM2 65 0R0 260 1.3 16.4 77.6 1.0046 0.00 0.0M
399120.000 1965 COM2 65 0R0 211 2.4 16.4 77.9 1.0046 0.00 0.0M
399180.000 1965 COM2 65 0R0 253 3.0 16.4 77.4 1.0046 0.00 0.0M
399240.000 1965 COM2 65 0R0 245 5.0 16.4 77.3 1.0046 0.00 0.0M
399300.000 1965 COM2 65 0R0 164 2.0 16.4 78.2 1.0046 0.00 0.0M
399360.000 1965 COM2 65 0R0 274 1.8 16.4 78.2 1.0047 0.00 0.0M
399420.000 1965 COM2 65 0R0 309 1.2 16.4 77.6 1.0047 0.00 0.0M
399480.000 1965 COM2 65 0R0 280 2.7 16.4 78.0 1.0047 0.00 0.0M
399540.000 1965 COM2 65 0R0 237 1.6 16.4 78.6 1.0047 0.00 0.0M
399600.000 1965 COM2 65 0R0 267 0.9 16.4 78.4 1.0047 0.00 0.0M
399660.000 1965 COM2 65 0R0 191 1.3 16.4 78.3 1.0048 0.00 0.0M
399720.000 1965 COM2 65 0R0 269 3.0 16.5 78.2 1.0048 0.00 0.0M
399780.000 1965 COM2 65 0R0 263 1.2 16.5 78.4 1.0048 0.00 0.0M
399840.000 1965 COM2 65 0R0 251 1.7 16.5 77.5 1.0048 0.00 0.0M
399900.000 1965 COM2 65 0R0 212 1.3 16.5 77.9 1.0048 0.00 0.0M
399960.000 1965 COM2 65 0R0 234 1.0 16.6 77.9 1.0048 0.00 0.0M
400020.000 1965 COM2 65 0R0 270 2.1 16.7 77.4 1.0048 0.00 0.0M
400080.000 1965 COM2 65 0R0 295 0.6 16.7 77.8 1.0048 0.00 0.0M
400140.000 1965 COM2 65 0R0 196 0.7 16.8 77.2 1.0048 0.00 0.0M
400200.000 1965 COM2 65 0R0 262 3.9 16.8 75.8 1.0048 0.00 0.0M
400260.000 1965 COM2 65 0R0 300 2.3 16.7 76.2 1.0049 0.00 0.0M
400320.000 1965 COM2 65 0R0 230 0.7 16.6 76.8 1.0049 0.00 0.0M
400380.000 1965 COM2 65 0R0 265 1.4 16.6 77.0 1.0049 0.00 0.0M
400440.000 1965 COM2 65 0R0 277 1.1 16.6 76.4 1.0049 0.00 0.0M
400500.000 1965 COM2 65 0R0 281 3.0 16.6 76.4 1.0049 0.00 0.0M
400560.000 1965 COM2 65 0R0 233 1.5 16.5 75.8 1.0049 0.00 0.0M
400620.000 1965 COM2 65 0R0 239 2.0 16.6 75.6 1.0049 0.00 0.0M
400680.000 1965 COM2 65 0R0 268 2.4 16.5 75.4 1.0049 0.00 0.0M
400740.000 1965 COM2 65 0R0 287 1.5 16.5 76.4 1.0049 0.00 0.0M
400800.000 1965 COM2 65 0R0 303 0.9 16.5 76.2 1.0049 0.00 0.0M
400860.000 1965 COM2 65 0R0 293 1.3 16.5 76.8 1.0049 0.00 0.0M
400920.000 1965 COM2 65 0R0 241 0.7 16.6 76.4 1.0049 0.00 0.0M
400980.000 1965 COM2 65 0R0 324 0.9 16.7 76.5 1.0049 0.00 0.0M
401040.000 1965 COM2 65 0R0 189 0.9 16.8 77.0 1.0049 0.00 0.0M
401100.000 1965 COM2 65 0R0 237 1.0 16.9 75.4 1.0049 0.00 0.0M
401160.000 1965 COM2 65 0R0 233 2.4 17.0 75.3 1.0049 0.00 0.0M
401220.000 1965 COM2 65 0R0 291 2.8 17.0 73.8 1.0049 0.00 0.0M
401280.000 1965 COM2 65 0R0 319 1.1 17.0 74.1 1.0049 0.00 0.0M
401340.000 1965 COM2 65 0R0 228 1.4 17.0 74.5 1.0049 0.00 0.0M
401400.000 1965 COM2 65 0R0 263 0.6 17.1 74.2 1.0049 0.00 0.0M
401460.000 1965 COM2 65 0R0 221 1.3 17.2 73.1 1.0049 0.00 0.0M
401520.000 1965 COM2 65 0R0 298 2.4 17.2 73.0 1.0048 0.00 0.0M
401580.000 1965 COM2 65 0R0 134 0.6 17.3 72.6 1.0049 0.00 0.0M
401640.000 1965 COM2 65 0R0 298 2.9 17.3 71.8 1.0049 0.00 0.0M
401700.000 1965 COM2 65 0R0 237 0.9 17.3 72.8 1.0049 0.00 0.0M
401760.000 1965 COM2 65 0R0 281 3.6 17.4 71.4 1.0049 0.00 0.0M
401820.000 1965 COM2 65 0R0 230 2.7 17.4 71.9 1.0048 0.00 0.0M
401880.000 1965 COM2 65 0R0 250 2.9 17.4 71.8 1.0049 0.00 0.0M
401940.000 1965 COM2 65 0R0 239 1.9 17.5 71.2 1.0049 0.00 0.0M
402000.000 1965 COM2 65 0R0 254 4.7 17.5 71.1 1.0049 0.00 0.0M
402060.000 1965 COM2 65 0R0 257 1.2 17.6 70.7 1.0049 0.00 0.0M
402120.000 1965 COM2 65 0R0 264 2.1 17.6 71.3 1.0049 0.00 0.0M
402180.000 1965 COM2 65 0R0 239 3.3 17.6 69.9 1.0049 0.00 0.0M
402240.000 1965 COM2 65 0R0 252 1.6 17.6 71.0 1.0049 0.00 0.0M
402300.000 1965 COM2 65 0R0 154 1.5 17.6 69.3 1.0049 0.00 0.0M
402360.000 1965 COM2 65 0R0 260 4.0 17.6 70.6 1.0049 0.00 0.0M
402420.000 1965 COM2 65 0R0 192 3.1 17.7 70.7 1.0048 0.00 0.0M
402480.000 1965 COM2 65 0R0 253 1.8 17.8 70.7 1.0048 0.00 0.0M
402540.000 1965 COM2 65 0R0 283 4.1 17.8 69.6 1.0048 0.00 0.0M
402600.000 1965 COM2 65 0R0 230 1.9 17.8 70.2 1.0048 0.00 0.0M
402660.000 1965 COM2 65 0R0 298 2.1 17.9 70.2 1.0048 0.00 0.0M
402720.000 1965 COM2 65 0R0 192 4.7 18.0 68.4 1.0047 0.00 0.0M
402780.000 1965 COM2 65 0R0 250 3.0 18.0 68.9 1.0047 0.00 0.0M
402840.000 1965 COM2 65 0R0 248 2.9 18.0 69.5 1.0047 0.00 0.0M
402900.000 1965 COM2 65 0R0 233 3.2 18.0 68.6 1.0047 0.00 0.0M
402960.000 1965 COM2 65 0R0 227 4.1 17.9 69.1 1.0047 0.00 0.0M
403020.000 1965 COM2 65 0R0 259 2.9 17.9 69.6 1.0047 0.00 0.0M
403080.000 1965 COM2 65 0R0 269 3.1 17.9 69.6 1.0047 0.00 0.0M
403140.000 1965 COM2 65 0R0 274 1.9 17.9 69.1 1.0047 0.00 0.0M
403200.000 1965 COM2 65 0R0 288 1.3 18.0 69.5 1.0048 0.00 0.0M
403260.000 1965 COM2 65 0R0 286 1.3 18.1 68.4 1.0048 0.00 0.0M
403320.000 1965 COM2 65 0R0 265 2.3 18.2 67.7 1.0048 0.00 0.0M
403380.000 1965 COM2 65 0R0 212 1.5 18.2 68.9 1.0048 0.00 0.0M
403440.000 1965 COM2 65 0R0 275 0.9 18.2 68.3 1.0048 0.00 0.0M
403500.000 1965 COM2 65 0R0 259 1.4 18.3 67.8 1.0048 0.00 0.0M
403560.000 1965 COM2 65 0R0 238 2.9 18.4 67.2 1.0048 0.00 0.0M
403620.000 1965 COM2 65 0R0 232 4.5 18.4 66.5 1.0047 0.00 0.0M
403680.000 1965 COM2 65 0R0 231 3.1 18.4 67.5 1.0047 0.00 0.0M
403740.000 1965 COM2 65 0R0 253 2.8 18.4 68.4 1.0048 0.00 0.0M
403800.000 1965 COM2 65 0R0 248 2.3 18.5 67.6 1.0048 0.00 0.0M
403860.000 1965 COM2 65 0R0 210 4.2 18.5 67.4 1.0047 0.00 0.0M
403920.000 1965 COM2 65 0R0 212 2.1 18.5 66.9 1.0048 0.00 0.0M
403980.000 1965 COM2 65 0R0 339 1.3 18.6 67.3 1.0048 0.00 0.0M
404040.000 1965 COM2 65 0R0 237 1.6 18.6 67.6 1.0048 0.00 0.0M
404100.000 1965 COM2 65 0R0 229 3.1 18.7 66.1 1.0048 0.00 0.0M
404160.000 1965 COM2 65 0R0 258 1.8 18.8 66.9 1.0048 0.00 0.0M
404220.000 1965 COM2 65 0R0 237 4.9 18.9 66.1 1.0047 0.00 0.0M
404280.000 1965 COM2 65 0R0 217 3.6 18.8 66.1 1.0048 0.00 0.0M
404340.000 1965 COM2 65 0R0 269 3.1 18.8 65.9 1.0047 0.00 0.0M
404400.000 1965 COM2 65 0R0 236 1.1 18.8 66.0 1.0048 0.00 0.0M
404460.000 1965 COM2 65 0R0 245 4.1 18.8 65.4 1.0048 0.00 0.0M
404520.000 1965 COM2 65 0R0 171 0.7 18.8 65.4 1.0048 0.00 0.0M
404580.000 1965 COM2 65 0R0 273 3.0 18.8 66.1 1.0047 0.00 0.0M
404640.000 1965 COM2 65 0R0 251 1.3 18.8 66.6 1.0047 0.00 0.0M
404700.000 1965 COM2 65 0R0 271 2.9 19.0 65.6 1.0047 0.00 0.0M
404760.000 1965 COM2 65 0R0 251 1.5 19.1 65.1 1.0047 0.00 0.0M
404820.000 1965 COM2 65 0R0 289 3.3 19.2 64.8 1.0047 0.00 0.0M
404880.000 1965 COM2 65 0R0 235 1.1 19.3 64.0 1.0047 0.00 0.0M
404940.000 1965 COM2 65 0R0 157 3.8 19.2 63.6 1.0045 0.00 0.0M
405000.000 1965 COM2 65 0R0 181 1.7 19.1 65.0 1.0046 0.00 0.0M
405060.000 1965 COM2 65 0R0 242 2.2 19.2 65.3 1.0046 0.00 0.0M
405120.000 1965 COM2 65 0R0 175 0.9 19.4 65.1 1.0046 0.00 0.0M
405180.000 1965 COM2 65 0R0 251 2.6 19.5 63.6 1.0046 0.00 0.0M
405240.000 1965 COM2 65 0R0 238 3.1 19.5 62.6 1.0045 0.00 0.0M
405300.000 1965 COM2 65 0R0 283 1.8 19.5 62.6 1.0045 0.00 0.0M
405360.000 1965 COM2 65 0R0 295 3.3 19.6 61.9 1.0045 0.00 0.0M
405420.000 1965 COM2 65 0R0 240 1.0 19.6 62.4 1.0045 0.00 0.0M
405480.000 1965 COM2 65 0R0 265 0.9 19.7 61.8 1.0045 0.00 0.0M
405540.000 1965 COM2 65 0R0 209 1.3 19.6 62.0 1.0045 0.00 0.0M
405600.000 1965 COM2 65 0R0 185 3.0 19.7 61.5 1.0045 0.00 0.0M
405660.000 1965 COM2 65 0R0 247 2.4 19.7 62.7 1.0045 0.00 0.0M
405720.000 1965 COM2 65 0R0 263 1.9 19.8 61.8 1.0045 0.00 0.0M
405780.000 1965 COM2 65 0R0 285 2.6 19.8 61.6 1.0045 0.00 0.0M
405840.000 1965 COM2 65 0R0 301 2.9 19.8 62.2 1.0045 0.00 0.0M
405900.000 1965 COM2 65 0R0 282 2.6 19.6 61.5 1.0045 0.00 0.0M
405960.000 1965 COM2 65 0R0 262 1.6 19.5 61.3 1.0045 0.00 0.0M
406020.000 1965 COM2 65 0R0 263 1.2 19.5 63.1 1.0045 0.00 0.0M
406080.000 1965 COM2 65 0R0 179 1.2 19.6 63.4 1.0045 0.00 0.0M
406140.000 1965 COM2 65 0R0 225 1.3 19.8 62.9 1.0045 0.00 0.0M
406200.000 1965 COM2 65 0R0 238 3.1 20.0 62.4 1.0045 0.00 0.0M
406260.000 1965 COM2 65 0R0 279 3.2 20.0 61.0 1.0045 0.00 0.0M
406320.000 1965 COM2 65 0R0 215 0.6 20.0 62.2 1.0045 0.00 0.0M
406380.000 1965 COM2 65 0R0 260 1.3 20.1 60.8 1.0045 0.00 0.0M
406440.000 1965 COM2 65 0R0 282 2.9 20.1 61.3 1.0045 0.00 0.0M
406500.000 1965 COM2 65 0R0 246 2.4 20.2 60.6 1.0045 0.00 0.0M
406560.000 1965 COM2 65 0R0 275 3.2 20.0 61.0 1.0044 0.00 0.0M
406620.000 1965 COM2 65 0R0 236 2.0 19.9 62.1 1.0044 0.00 0.0M
406680.000 1965 COM2 65 0R0 265 1.6 19.8 62.7 1.0044 0.00 0.0M
406740.000 1965 COM2 65 0R0 185 0.9 19.9 62.5 1.0044 0.00 0.0M
406800.000 1965 COM2 65 0R0 244 1.7 19.9 61.9 1.0044 0.00 0.0M
406860.000 1965 COM2 65 0R0 284 4.0 20.0 59.2 1.0044 0.00 0.0M
406920.000 1965 COM2 65 0R0 243 1.4 20.1 61.5 1.0044 0.00 0.0M
406980.000 1965 COM2 65 0R0 272 2.3 20.2 60.9 1.0044 0.00 0.0M
407040.000 1965 COM2 65 0R0 259 1.5 20.2 60.0 1.0044 0.00 0.0M
407100.000 1965 COM2 65 0R0 288 0.8 20.3 60.5 1.0044 0.00 0.0M
407160.000 1965 COM2 65 0R0 242 2.0 20.3 59.8 1.0044 0.00 0.0M
407220.100 1965 COM2 65 0R0 200 0.8 20.4 58.1 1.0043 0.00 0.0M
407280.000 1965 COM2 65 0R0 295 2.4 20.4 59.3 1.0043 0.00 0.0M
407340.000 1965 COM2 65 0R0 272 4.0 20.4 59.4 1.0043 0.00 0.0M
407400.000 1965 COM2 65 0R0 244 1.7 20.5 60.0 1.0043 0.00 0.0M
407460.000 1965 COM2 65 0R0 287 1.8 20.5 59.0 1.0043 0.00 0.0M
407520.000 1965 COM2 65 0R0 215 1.0 20.5 58.3 1.0043 0.00 0.0M
407580.000 1965 COM2 65 0R0 291 2.2 20.6 59.2 1.0043 0.00 0.0M
407640.000 1965 COM2 65 0R0 229 2.9 20.7 59.1 1.0043 0.00 0.0M
407700.000 1965 COM2 65 0R0 312 2.7 20.7 57.8 1.0043 0.00 0.0M
407760.000 1965 COM2 65 0R0 280 1.3 20.6 57.6 1.0043 0.00 0.0M
407820.000 1965 COM2 65 0R0 214 1.0 20.6 58.7 1.0043 0.00 0.0M
407880.000 1965 COM2 65 0R0 251 5.1 20.7 58.0 1.0042 0.00 0.0M
407940.000 1965 COM2 65 0R0 274 1.8 20.7 55.8 1.0043 0.00 0.0M
408000.000 1965 COM2 65 0R0 232 2.2 20.8 57.5 1.0043 0.00 0.0M
408060.000 1965 COM2 65 0R0 243 2.8 20.8 56.7 1.0043 0.00 0.0M
408120.000 1965 COM2 65 0R0 237 3.0 20.8 57.0 1.0043 0.00 0.0M
408180.000 1965 COM2 65 0R0 248 3.9 20.8 56.7 1.0043 0.00 0.0M
408240.000 1965 COM2 65 0R0 279 1.0 20.8 57.6 1.0043 0.00 0.0M
408300.000 1965 COM2 65 0R0 277 4.6 20.8 56.6 1.0043 0.00 0.0M
408360.000 1965 COM2 65 0R0 354 1.4 20.6 57.3 1.0043 0.00 0.0M
408420.000 1965 COM2 65 0R0 311 3.2 20.5 57.2 1.0043 0.00 0.0M
408480.000 1965 COM2 65 0R0 243 2.4 20.5 57.8 1.0043 0.00 0.0M
408540.000 1965 COM2 65 0R0 236 2.9 20.5 57.7 1.0043 0.00 0.0M
408600.000 1965 COM2 65 0R0 240 2.9 20.6 55.8 1.0043 0.00 0.0M
408660.000 1965 COM2 65 0R0 242 0.8 20.7 56.6 1.0043 0.00 0.0M
408720.000 1965 COM2 65 0R0 230 1.4 20.8 56.2 1.0043 0.00 0.0M
408780.000 1965 COM2 65 0R0 252 5.4 20.8 55.4 1.0043 0.00 0.0M
408840.000 1965 COM2 65 0R0 275 4.0 20.7 55.5 1.0043 0.00 0.0M
408900.000 1965 COM2 65 0R0 290 2.1 20.6 56.5 1.0043 0.00 0.0M
408960.000 1965 COM2 65 0R0 280 3.2 20.6 56.7 1.0043 0.00 0.0M
409020.000 1965 COM2 65 0R0 280 1.6 20.5 56.7 1.0044 0.00 0.0M
409080.000 1965 COM2 65 0R0 267 2.8 20.5 57.2 1.0044 0.00 0.0M
409140.000 1965 COM2 65 0R0 212 0.8 20.4 57.6 1.0044 0.00 0.0M
409200.000 1965 COM2 65 0R0 261 0.7 20.4 57.4 1.0044 0.00 0.0M
409260.000 1965 COM2 65 0R0 245 2.0 20.4 58.5 1.0044 0.00 0.0M
409320.000 1965 COM2 65 0R0 236 2.8 20.4 58.0 1.0043 0.00 0.0M
409380.000 1965 COM2 65 0R0 273 2.7 20.5 57.5 1.0043 0.00 0.0M
409440.000 1965 COM2 65 0R0 180 1.5 20.6 58.3 1.0043 0.00 0.0M
409500.000 1965 COM2 65 0R0 197 0.7 20.7 58.5 1.0043 0.00 0.0M
409560.000 1965 COM2 65 0R0 280 0.3 20.8 58.3 1.0043 0.00 0.0M
409620.000 1965 COM2 65 0R0 277 4.9 21.0 55.9 1.0042 0.00 0.0M
409680.000 1965 COM2 65 0R0 292 2.5 21.0 56.8 1.0043 0.00 0.0M
409740.000 1965 COM2 65 0R0 264 1.0 20.9 57.0 1.0043 0.00 0.0M
409800.000 1965 COM2 65 0R0 304 2.4 20.9 56.1 1.0043 0.00 0.0M
409860.000 1965 COM2 65 0R0 242 2.9 20.8 57.2 1.0043 0.00 0.0M
409920.000 1965 COM2 65 0R0 237 2.5 20.8 56.8 1.0043 0.00 0.0M
409980.000 1965 COM2 65 0R0 279 2.7 20.7 56.5 1.0043 0.00 0.0M
410040.000 1965 COM2 65 0R0 267 1.8 20.7 56.6 1.0043 0.00 0.0M
410100.000 1965 COM2 65 0R0 272 3.8 20.7 57.5 1.0043 0.00 0.0M
410160.000 1965 COM2 65 0R0 277 2.5 20.8 56.8 1.0043 0.00 0.0M
410220.000 1965 COM2 65 0R0 262 3.6 20.8 55.1 1.0043 0.00 0.0M
410280.000 1965 COM2 65 0R0 316 3.0 20.7 55.7 1.0043 0.00 0.0M
410340.000 1965 COM2 65 0R0 284 6.1 20.7 55.7 1.0043 0.00 0.0M
410400.000 1965 COM2 65 0R0 256 2.8 20.8 55.5 1.0043 0.00 0.0M
410460.000 1965 COM2 65 0R0 254 2.0 20.8 54.3 1.0043 0.00 0.0M
410520.200 1965 COM2 65 0R0 254 2.9 20.9 53.9 1.0043 0.00 0.0M
410580.000 1965 COM2 65 0R0 245 3.1 20.9 53.9 1.0043 0.00 0.0M
410640.000 1965 COM2 65 0R0 239 5.6 20.9 54.3 1.0042 0.00 0.0M
410700.000 1965 COM2 65 0R0 272 2.0 20.9 54.4 1.0042 0.00 0.0M
410760.000 1965 COM2 65 0R0 233 2.1 20.8 55.2 1.0042 0.00 0.0M
410820.000 1965 COM2 65 0R0 268 2.0 20.7 55.8 1.0042 0.00 0.0M
410880.000 1965 COM2 65 0R0 237 1.9 20.7 53.9 1.0042 0.00 0.0M
410940.000 1965 COM2 65 0R0 186 2.6 20.7 54.5 1.0042 0.00 0.0M
411000.000 1965 COM2 65 0R0 237 1.3 20.8 54.4 1.0042 0.00 0.0M
411060.000 1965 COM2 65 0R0 228 3.6 20.9 53.9 1.0042 0.00 0.0M
411120.000 1965 COM2 65 0R0 177 1.1 21.0 52.7 1.0041 0.00 0.0M
411180.000 1965 COM2 65 0R0 253 3.4 21.1 51.1 1.0041 0.00 0.0M
411240.000 1965 COM2 65 0R0 273 3.4 21.1 50.8 1.0041 0.00 0.0M
411300.000 1965 COM2 65 0R0 290 1.0 21.1 49.3 1.0041 0.00 0.0M
411360.000 1965 COM2 65 0R0 241 4.9 21.1 51.3 1.0040 0.00 0.0M
411420.000 1965 COM2 65 0R0 174 5.4 21.2 51.0 1.0040 0.00 0.0M
411480.000 1965 COM2 65 0R0 253 4.4 21.2 50.1 1.0040 0.00 0.0M
411540.000 1965 COM2 65 0R0 219 2.0 21.2 49.9 1.0041 0.00 0.0M
411600.000 1965 COM2 65 0R0 252 4.5 21.2 50.2 1.0040 0.00 0.0M
411660.000 1965 COM2 65 0R0 247 4.7 21.3 48.6 1.0040 0.00 0.0M
411720.000 1965 COM2 65 0R0 258 4.0 21.3 48.7 1.0041 0.00 0.0M
411780.000 1965 COM2 65 0R0 192 2.3 21.3 48.0 1.0040 0.00 0.0M
411840.000 1965 COM2 65 0R0 196 2.8 21.4 48.1 1.0040 0.00 0.0M
411900.000 1965 COM2 65 0R0 267 4.4 21.4 48.7 1.0039 0.00 0.0M
411960.000 1965 COM2 65 0R0 270 4.4 21.5 49.0 1.0039 0.00 0.0M
412020.000 1965 COM2 65 0R0 250 2.0 21.5 49.2 1.0039 0.00 0.0M
412080.000 1965 COM2 65 0R0 223 7.7 21.6 47.3 1.0038 0.00 0.0M
412140.000 1965 COM2 65 0R0 228 8.1 21.6 47.7 1.0038 0.00 0.0M
412200.000 1965 COM2 65 0R0 262 4.1 21.5 48.5 1.0039 0.00 0.0M
412260.000 1965 COM2 65 0R0 229 4.8 21.6 48.3 1.0039 0.00 0.0M
412320.000 1965 COM2 65 0R0 244 2.7 21.6 48.5 1.0039 0.00 0.0M
412380.000 1965 COM2 65 0R0 240 6.0 21.6 48.1 1.0039 0.00 0.0M
412440.000 1965 COM2 65 0R0 242 3.1 21.5 48.1 1.0039 0.00 0.0M
412500.000 1965 COM2 65 0R0 229 1.3 21.6 48.5 1.0040 0.00 0.0M
412560.000 1965 COM2 65 0R0 265 2.1 21.7 49.0 1.0040 0.00 0.0M
412620.000 1965 COM2 65 0R0 264 2.4 21.7 47.1 1.0039 0.00 0.0M
412680.000 1965 COM2 65 0R0 257 7.1 21.7 47.2 1.0039 0.00 0.0M
412740.000 1965 COM2 65 0R0 256 5.7 21.7 46.0 1.0040 0.00 0.0M
412800.000 1965 COM2 65 0R0 239 4.4 21.7 47.7 1.0039 0.00 0.0M
412860.000 1965 COM2 65 0R0 248 1.4 21.7 48.3 1.0040 0.00 0.0M
412920.000 1965 COM2 65 0R0 232 3.1 21.7 47.4 1.0039 0.00 0.0M
412980.100 1965 COM2 65 0R0 223 3.0 21.7 45.5 1.0040 0.00 0.0M
413040.100 1965 COM2 65 0R0 188 4.5 21.7 46.1 1.0040 0.00 0.0M
413100.000 1965 COM2 65 0R0 211 3.5 21.7 46.4 1.0040 0.00 0.0M
413160.000 1965 COM2 65 0R0 288 1.7 21.6 47.1 1.0040 0.00 0.0M
413220.000 1965 COM2 65 0R0 212 3.0 21.6 47.8 1.0041 0.00 0.0M
413280.000 1965 COM2 65 0R0 286 2.6 21.6 47.2 1.0041 0.00 0.0M
413340.000 1965 COM2 65 0R0 265 3.1 21.6 44.5 1.0039 0.00 0.0M
413400.000 1965 COM2 65 0R0 216 1.4 21.6 45.6 1.0040 0.00 0.0M
413460.000 1965 COM2 65 0R0 250 6.3 21.6 45.5 1.0040 0.00 0.0M
413520.000 1965 COM2 65 0R0 236 1.5 21.6 45.5 1.0040 0.00 0.0M
413580.000 1965 COM2 65 0R0 325 2.0 21.6 46.1 1.0040 0.00 0.0M
413640.000 1965 COM2 65 0R0 275 6.3 21.6 46.0 1.0039 0.00 0.0M
413700.000 1965 COM2 65 0R0 262 4.4 21.6 46.3 1.0039 0.00 0.0M
413760.000 1965 COM2 65 0R0 224 1.2 21.6 45.3 1.0039 0.00 0.0M
413820.000 1965 COM2 65 0R0 280 3.8 21.7 45.9 1.0039 0.00 0.0M
413880.000 1965 COM2 65 0R0 279 2.6 21.7 45.3 1.0038 0.00 0.0M
413940.000 1965 COM2 65 0R0 216 1.2 21.8 45.8 1.0039 0.00 0.0M
414000.000 1965 COM2 65 0R0 175 2.3 21.9 46.5 1.0039 0.00 0.0M
414060.000 1965 COM2 65 0R0 269 2.3 22.0 46.8 1.0038 0.00 0.0M
414120.000 1965 COM2 65 0R0 269 3.6 22.1 46.1 1.0038 0.00 0.0M
414180.000 1965 COM2 65 0R0 233 2.2 22.2 45.1 1.0038 0.00 0.0M
414240.000 1965 COM2 65 0R0 247 5.4 22.3 44.6 1.0038 0.00 0.0M
414300.000 1965 COM2 65 0R0 287 2.1 22.3 43.6 1.0038 0.00 0.0M
414360.000 1965 COM2 65 0R0 239 4.7 22.2 43.6 1.0038 0.00 0.0M
414420.000 1965 COM2 65 0R0 237 2.7 22.1 43.1 1.0038 0.00 0.0M
414480.000 1965 COM2 65 0R0 284 3.5 22.0 42.5 1.0039 0.00 0.0M
414540.000 1965 COM2 65 0R0 258 2.2 21.9 43.5 1.0039 0.00 0.0M
414600.000 1965 COM2 65 0R0 229 1.4 21.8 44.0 1.0039 0.00 0.0M
414660.000 1965 COM2 65 0R0 251 4.2 21.7 44.7 1.0039 0.00 0.0M
414720.000 1965 COM2 65 0R0 261 2.6 21.7 44.1 1.0038 0.00 0.0M
414780.000 1965 COM2 65 0R0 241 2.4 21.7 44.3 1.0038 0.00 0.0M
414840.000 1965 COM2 65 0R0 260 2.5 21.7 44.7 1.0039 0.00 0.0M
414900.000 1965 COM2 65 0R0 273 7.0 21.7 44.7 1.0039 0.00 0.0M
414960.000 1965 COM2 65 0R0 299 3.9 21.7 42.6 1.0039 0.00 0.0M
415020.000 1965 COM2 65 0R0 247 3.3 21.7 43.7 1.0038 0.00 0.0M
415080.000 1965 COM2 65 0R0 288 3.2 21.7 43.8 1.0038 0.00 0.0M
415140.000 1965 COM2 65 0R0 242 5.7 21.8 44.0 1.0038 0.00 0.0M
415200.000 1965 COM2 65 0R0 239 3.2 21.9 42.6 1.0038 0.00 0.0M
415260.000 1965 COM2 65 0R0 219 1.7 21.9 43.8 1.0039 0.00 0.0M
415320.000 1965 COM2 65 0R0 287 4.2 22.0 43.1 1.0038 0.00 0.0M
415380.000 1965 COM2 65 0R0 283 3.2 22.1 43.5 1.0039 0.00 0.0M
415440.000 1965 COM2 65 0R0 248 1.3 22.1 42.9 1.0039 0.00 0.0M
415500.000 1965 COM2 65 0R0 204 4.0 22.0 44.1 1.0038 0.00 0.0M
415560.000 1965 COM2 65 0R0 257 5.7 22.0 43.8 1.0038 0.00 0.0M
415620.000 1965 COM2 65 0R0 245 3.6 22.0 44.3 1.0038 0.00 0.0M
415680.000 1965 COM2 65 0R0 276 1.8 22.1 44.5 1.0038 0.00 0.0M
415740.000 1965 COM2 65 0R0 249 1.3 22.1 44.4 1.0038 0.00 0.0M
415800.000 1965 COM2 65 0R0 311 3.3 22.2 44.1 1.0038 0.00 0.0M
415860.000 1965 COM2 65 0R0 286 2.9 22.2 43.1 1.0038 0.00 0.0M
415920.000 1965 COM2 65 0R0 238 3.1 22.1 43.6 1.0038 0.00 0.0M
415980.000 1965 COM2 65 0R0 242 2.5 22.1 44.4 1.0038 0.00 0.0M
416040.000 1965 COM2 65 0R0 232 2.6 22.2 45.2 1.0038 0.00 0.0M
416100.000 1965 COM2 65 0R0 211 7.2 22.3 43.4 1.0038 0.00 0.0M
416160.000 1965 COM2 65 0R0 231 4.1 22.2 42.4 1.0037 0.00 0.0M
416220.000 1965 COM2 65 0R0 269 2.4 22.1 41.4 1.0034 0.00 0.0M
416280.000 1965 COM2 65 0R0 236 5.2 22.1 42.0 1.0036 0.00 0.0M
416340.000 1965 COM2 65 0R0 222 4.6 22.1 41.2 1.0036 0.00 0.0M
416400.000 1965 COM2 65 0R0 255 6.6 22.1 41.7 1.0037 0.00 0.0M
416460.000 1965 COM2 65 0R0 239 5.7 22.1 41.9 1.0038 0.00 0.0M
416520.000 1965 COM2 65 0R0 252 3.4 22.1 42.3 1.0039 0.00 0.0M
416580.000 1965 COM2 65 0R0 249 3.3 22.1 43.3 1.0039 0.00 0.0M
416640.000 1965 COM2 65 0R0 219 7.0 22.2 42.8 1.0039 0.00 0.0M
416700.000 1965 COM2 65 0R0 254 3.7 22.1 43.0 1.0039 0.00 0.0M
416760.000 1965 COM2 65 0R0 246 2.8 22.1 43.7 1.0039 0.00 0.0M
416820.000 1965 COM2 65 0R0 244 6.0 22.1 43.7 1.0039 0.00 0.0M
416880.000 1965 COM2 65 0R0 258 2.2 22.0 44.0 1.0038 0.00 0.0M
416940.000 1965 COM2 65 0R0 207 4.6 22.0 44.0 1.0039 0.00 0.0M
417000.000 1965 COM2 65 0R0 235 6.1 21.9 44.4 1.0038 0.00 0.0M
417060.000 1965 COM2 65 0R0 263 4.5 21.9 43.9 1.0039 0.00 0.0M
417120.000 1965 COM2 65 0R0 289 1.8 21.9 43.9 1.0039 0.00 0.0M
417180.000 1965 COM2 65 0R0 262 3.6 22.0 43.2 1.0039 0.00 0.0M
417240.000 1965 COM2 65 0R0 214 3.2 22.0 43.3 1.0039 0.00 0.0M
417300.000 1965 COM2 65 0R0 199 3.5 22.0 42.3 1.0038 0.00 0.0M
417360.000 1965 COM2 65 0R0 283 3.2 22.0 42.6 1.0039 0.00 0.0M
417420.000 1965 COM2 65 0R0 267 2.3 22.1 42.1 1.0038 0.00 0.0M
417480.000 1965 COM2 65 0R0 231 5.8 22.1 42.2 1.0038 0.00 0.0M
417540.000 1965 COM2 65 0R0 198 5.0 22.0 42.0 1.0038 0.00 0.0M
417600.000 1965 COM2 65 0R0 249 1.1 22.0 42.8 1.0038 0.00 0.0M
417660.000 1965 COM2 65 0R0 238 3.4 22.0 42.9 1.0038 0.00 0.0M
417720.000 1965 COM2 65 0R0 245 6.6 22.1 42.2 1.0037 0.00 0.0M
417780.000 1965 COM2 65 0R0 255 2.8 22.1 41.7 1.0037 0.00 0.0M
417840.000 1965 COM2 65 0R0 276 3.6 22.2 42.2 1.0038 0.00 0.0M
417900.000 1965 COM2 65 0R0 276 3.0 22.2 42.7 1.0038 0.00 0.0M
417960.000 1965 COM2 65 0R0 282 3.5 22.1 42.7 1.0038 0.00 0.0M
418020.000 1965 COM2 65 0R0 254 3.3 22.1 42.9 1.0039 0.00 0.0M
418080.000 1965 COM2 65 0R0 265 2.3 22.0 42.8 1.0039 0.00 0.0M
418140.000 1965 COM2 65 0R0 259 2.2 22.0 42.2 1.0038 0.00 0.0M
418200.000 1965 COM2 65 0R0 237 3.7 22.0 42.9 1.0038 0.00 0.0M
418260.000 1965 COM2 65 0R0 290 3.4 22.0 42.5 1.0038 0.00 0.0M
418320.000 1965 COM2 65 0R0 305 4.5 22.0 43.0 1.0039 0.00 0.0M
418380.000 1965 COM2 65 0R0 287 3.6 22.1 42.9 1.0039 0.00 0.0M
418440.000 1965 COM2 65 0R0 261 2.9 22.1 43.0 1.0039 0.00 0.0M
418500.000 1965 COM2 65 0R0 239 2.2 22.0 43.7 1.0039 0.00 0.0M
418560.000 1965 COM2 65 0R0 235 3.5 22.1 43.9 1.0039 0.00 0.0M
418620.000 1965 COM2 65 0R0 259 3.3 22.1 43.8 1.0039 0.00 0.0M
418680.000 1965 COM2 65 0R0 249 2.6 22.2 43.3 1.0039 0.00 0.0M
418740.000 1965 COM2 65 0R0 251 1.9 22.3 43.6 1.0039 0.00 0.0M
418800.000 1965 COM2 65 0R0 260 4.3 22.3 42.3 1.0039 0.00 0.0M
418860.000 1965 COM2 65 0R0 227 2.5 22.3 42.4 1.0039 0.00 0.0M
418920.000 1965 COM2 65 0R0 244 5.0 22.3 42.4 1.0039 0.00 0.0M
418980.000 1965 COM2 65 0R0 221 3.3 22.3 42.8 1.0039 0.00 0.0M
419040.000 1965 COM2 65 0R0 190 6.5 22.3 41.3 1.0039 0.00 0.0M
419100.000 1965 COM2 65 0R0 215 1.7 22.2 42.1 1.0040 0.00 0.0M
419160.000 1965 COM2 65 0R0 227 4.3 22.2 40.8 1.0039 0.00 0.0M
419220.100 1965 COM2 65 0R0 278 1.1 22.1 41.3 1.0040 0.00 0.0M
419280.000 1965 COM2 65 0R0 210 4.5 22.1 41.3 1.0040 0.00 0.0M
419340.000 1965 COM2 65 0R0 254 2.0 22.0 41.5 1.0040 0.00 0.0M
419400.000 1965 COM2 65 0R0 277 2.3 22.0 42.4 1.0040 0.00 0.0M
419460.000 1965 COM2 65 0R0 221 1.7 22.1 41.7 1.0040 0.00 0.0M
419520.000 1965 COM2 65 0R0 255 2.4 22.1 40.9 1.0040 0.00 0.0M
419580.000 1965 COM2 65 0R0 216 1.7 22.1 41.8 1.0041 0.00 0.0M
419640.000 1965 COM2 65 0R0 250 2.7 22.1 41.7 1.0041 0.00 0.0M
419700.000 1965 COM2 65 0R0 204 6.3 22.1 41.0 1.0039 0.00 0.0M
419760.000 1965 COM2 65 0R0 280 2.1 21.9 41.7 1.0041 0.00 0.0M
419820.000 1965 COM2 65 0R0 261 2.7 21.9 42.1 1.0041 0.00 0.0M
419880.000 1965 COM2 65 0R0 212 2.0 21.9 42.6 1.0041 0.00 0.0M
419940.000 1965 COM2 65 0R0 285 2.9 21.9 42.6 1.0041 0.00 0.0M
420000.000 1965 COM2 65 0R0 301 2.0 21.9 42.9 1.0041 0.00 0.0M
420060.000 1965 COM2 65 0R0 250 5.2 21.9 42.9 1.0041 0.00 0.0M
420120.000 1965 COM2 65 0R0 284 3.4 21.9 43.0 1.0041 0.00 0.0M
420180.000 1965 COM2 65 0R0 241 6.8 21.9 42.9 1.0041 0.00 0.0M
420240.000 1965 COM2 65 0R0 208 8.6 21.8 43.2 1.0040 0.00 0.0M
420300.000 1965 COM2 65 0R0 232 4.4 21.8 43.0 1.0040 0.00 0.0M
420360.100 1965 COM2 65 0R0 243 4.9 21.8 43.1 1.0039 0.00 0.0M
420420.000 1965 COM2 65 0R0 277 2.2 21.7 43.4 1.0040 0.00 0.0M
420480.100 1965 COM2 65 0R0 283 2.4 21.8 43.7 1.0040 0.00 0.0M
420540.100 1965 COM2 65 0R0 254 2.2 21.7 44.1 1.0041 0.00 0.0M
420600.000 1965 COM2 65 0R0 235 3.9 21.7 43.4 1.0041 0.00 0.0M
420660.000 1965 COM2 65 0R0 200 5.0 21.7 43.7 1.0040 0.00 0.0M
420720.000 1965 COM2 65 0R0 298 2.1 21.7 43.8 1.0041 0.00 0.0M
420780.000 1965 COM2 65 0R0 220 5.2 21.7 43.6 1.0040 0.00 0.0M
420840.000 1965 COM2 65 0R0 252 7.8 21.7 43.8 1.0040 0.00 0.0M
420900.000 1965 COM2 65 0R0 272 4.6 21.7 44.2 1.0040 0.00 0.0M
420960.000 1965 COM2 65 0R0 195 2.4 21.7 44.2 1.0040 0.00 0.0M
421020.000 1965 COM2 65 0R0 203 3.9 21.7 44.5 1.0041 0.00 0.0M
421080.000 1965 COM2 65 0R0 249 5.0 21.7 44.4 1.0041 0.00 0.0M
421140.000 1965 COM2 65 0R0 265 1.7 21.6 45.4 1.0041 0.00 0.0M
421200.000 1965 COM2 65 0R0 227 2.4 21.7 45.3 1.0042 0.00 0.0M
421260.000 1965 COM2 65 0R0 258 5.5 21.7 44.8 1.0041 0.00 0.0M
421320.000 1965 COM2 65 0R0 248 1.9 21.7 44.9 1.0041 0.00 0.0M
421380.000 1965 COM2 65 0R0 258 4.8 21.7 45.4 1.0041 0.00 0.0M
421440.000 1965 COM2 65 0R0 235 3.0 21.7 45.5 1.0042 0.00 0.0M
421500.000 1965 COM2 65 0R0 246 2.9 21.6 45.6 1.0043 0.00 0.0M
421560.000 1965 COM2 65 0R0 264 1.9 21.6 45.6 1.0043 0.00 0.0M
421620.000 1965 COM2 65 0R0 266 2.1 21.5 45.8 1.0043 0.00 0.0M
421680.000 1965 COM2 65 0R0 265 3.8 21.5 45.3 1.0043 0.00 0.0M
421740.000 1965 COM2 65 0R0 212 1.8 21.4 46.4 1.0043 0.00 0.0M
421800.000 1965 COM2 65 0R0 283 2.9 21.4 46.3 1.0042 0.00 0.0M
421860.000 1965 COM2 65 0R0 257 1.5 21.4 46.9 1.0043 0.00 0.0M
421920.000 1965 COM2 65 0R0 241 2.0 21.5 46.6 1.0043 0.00 0.0M
421980.000 1965 COM2 65 0R0 245 4.4 21.5 46.5 1.0043 0.00 0.0M
422040.000 1965 COM2 65 0R0 265 2.7 21.5 45.4 1.0042 0.00 0.0M
422100.000 1965 COM2 65 0R0 256 1.9 21.6 46.3 1.0043 0.00 0.0M
422160.000 1965 COM2 65 0R0 253 2.5 21.7 45.2 1.0042 0.00 0.0M
422220.000 1965 COM2 65 0R0 271 3.9 21.7 44.5 1.0043 0.00 0.0M
422280.000 1965 COM2 65 0R0 267 3.5 21.8 43.6 1.0043 0.00 0.0M
422340.000 1965 COM2 65 0R0 244 4.0 21.7 43.7 1.0042 0.00 0.0M
422400.000 1965 COM2 65 0R0 289 4.3 21.7 42.6 1.0042 0.00 0.0M
422460.000 1965 COM2 65 0R0 234 6.4 21.7 43.1 1.0042 0.00 0.0M
422520.000 1965 COM2 65 0R0 216 5.4 21.6 43.2 1.0043 0.00 0.0M
422580.000 1965 COM2 65 0R0 246 2.5 21.6 43.2 1.0043 0.00 0.0M
422640.000 1965 COM2 65 0R0 199 2.3 21.6 43.5 1.0043 0.00 0.0M
422700.000 1965 COM2 65 0R0 301 4.0 21.6 43.3 1.0043 0.00 0.0M
422760.000 1965 COM2 65 0R0 254 3.1 21.6 43.2 1.0043 0.00 0.0M
422820.000 1965 COM2 65 0R0 295 4.8 21.6 43.3 1.0044 0.00 0.0M
422880.000 1965 COM2 65 0R0 277 2.9 21.6 43.4 1.0044 0.00 0.0M
422940.000 1965 COM2 65 0R0 230 3.8 21.6 43.0 1.0043 0.00 0.0M
423000.100 1965 COM2 65 0R0 261 2.7 21.6 43.3 1.0044 0.00 0.0M
423060.000 1965 COM2 65 0R0 286 1.9 21.6 43.7 1.0045 0.00 0.0M
423120.000 1965 COM2 65 0R0 246 2.1 21.6 43.4 1.0045 0.00 0.0M
423180.000 1965 COM2 65 0R0 258 1.6 21.6 44.2 1.0045 0.00 0.0M
423240.000 1965 COM2 65 0R0 214 1.1 21.7 44.2 1.0045 0.00 0.0M
423300.000 1965 COM2 65 0R0 247 2.2 21.7 44.4 1.0045 0.00 0.0M
423360.000 1965 COM2 65 0R0 238 2.3 21.7 43.9 1.0045 0.00 0.0M
423420.000 1965 COM2 65 0R0 237 2.1 21.7 44.6 1.0045 0.00 0.0M
423480.000 1965 COM2 65 0R0 277 3.0 21.6 43.9 1.0045 0.00 0.0M
423540.000 1965 COM2 65 0R0 246 2.4 21.6 44.2 1.0045 0.00 0.0M
423600.000 1965 COM2 65 0R0 299 5.0 21.6 43.9 1.0045 0.00 0.0M
423660.000 1965 COM2 65 0R0 284 4.3 21.5 44.7 1.0045 0.00 0.0M
423720.000 1965 COM2 65 0R0 254 4.2 21.5 45.0 1.0045 0.00 0.0M
423780.000 1965 COM2 65 0R0 261 3.0 21.5 44.3 1.0046 0.00 0.0M
423840.000 1965 COM2 65 0R0 239 1.9 21.5 44.3 1.0045 0.00 0.0M
423900.000 1965 COM2 65 0R0 190 1.9 21.5 44.5 1.0045 0.00 0.0M
423960.000 1965 COM2 65 0R0 214 2.2 21.5 43.9 1.0045 0.00 0.0M
424020.000 1965 COM2 65 0R0 237 4.1 21.5 43.7 1.0045 0.00 0.0M
424080.000 1965 COM2 65 0R0 285 2.7 21.5 44.2 1.0045 0.00 0.0M
424140.000 1965 COM2 65 0R0 270 2.7 21.4 44.3 1.0046 0.00 0.0M
424200.000 1965 COM2 65 0R0 245 3.0 21.5 44.4 1.0046 0.00 0.0M
424260.000 1965 COM2 65 0R0 223 3.0 21.5 44.0 1.0046 0.00 0.0M
424320.000 1965 COM2 65 0R0 273 3.9 21.5 44.0 1.0046 0.00 0.0M
424380.000 1965 COM2 65 0R0 266 2.5 21.5 44.5 1.0046 0.00 0.0M
424440.000 1965 COM2 65 0R0 277 1.5 21.5 44.6 1.0047 0.00 0.0M
424500.000 1965 COM2 65 0R0 251 6.1 21.4 43.8 1.0047 0.00 0.0M
424560.000 1965 COM2 65 0R0 221 1.9 21.4 42.6 1.0047 0.00 0.0M
424620.000 1965 COM2 65 0R0 216 3.8 21.4 43.4 1.0047 0.00 0.0M
424680.000 1965 COM2 65 0R0 215 2.0 21.4 43.4 1.0047 0.00 0.0M
424740.000 1965 COM2 65 0R0 276 2.4 21.3 43.0 1.0048 0.00 0.0M
424800.000 1965 COM2 65 0R0 253 3.1 21.3 42.5 1.0047 0.00 0.0M
424860.000 1965 COM2 65 0R0 285 1.5 21.3 42.1 1.0048 0.00 0.0M
424920.000 1965 COM2 65 0R0 278 3.0 21.3 42.5 1.0048 0.00 0.0M
424980.000 1965 COM2 65 0R0 286 3.3 21.3 42.2 1.0048 0.00 0.0M
425040.000 1965 COM2 65 0R0 262 3.9 21.3 42.3 1.0048 0.00 0.0M
425100.000 1965 COM2 65 0R0 289 5.7 21.3 42.2 1.0048 0.00 0.0M
425160.000 1965 COM2 65 0R0 238 4.6 21.2 42.3 1.0049 0.00 0.0M
425220.000 1965 COM2 65 0R0 234 3.0 21.2 42.1 1.0049 0.00 0.0M
425280.000 1965 COM2 65 0R0 259 2.1 21.2 42.3 1.0049 0.00 0.0M
425340.000 1965 COM2 65 0R0 275 5.1 21.2 42.5 1.0050 0.00 0.0M
425400.000 1965 COM2 65 0R0 259 2.8 21.2 42.6 1.0050 0.00 0.0M
425460.000 1965 COM2 65 0R0 272 2.2 21.1 43.0 1.0050 0.00 0.0M
425520.000 1965 COM2 65 0R0 308 2.4 21.1 42.8 1.0050 0.00 0.0M
425580.000 1965 COM2 65 0R0 235 1.6 21.1 43.1 1.0050 0.00 0.0M
425640.000 1965 COM2 65 0R0 271 2.8 21.1 43.3 1.0050 0.00 0.0M
425700.000 1965 COM2 65 0R0 280 3.9 21.1 43.3 1.0050 0.00 0.0M
425760.000 1965 COM2 65 0R0 266 3.7 21.0 43.2 1.0050 0.00 0.0M
425820.000 1965 COM2 65 0R0 259 1.4 21.0 43.7 1.0050 0.00 0.0M
425880.000 1965 COM2 65 0R0 312 1.8 21.0 44.2 1.0050 0.00 0.0M
425940.000 1965 COM2 65 0R0 256 1.2 21.0 43.9 1.0050 0.00 0.0M
426000.000 1965 COM2 65 0R0 264 2.5 21.0 44.0 1.0051 0.00 0.0M
426060.000 1965 COM2 65 0R0 268 1.2 21.0 43.9 1.0050 0.00 0.0M
426120.000 1965 COM2 65 0R0 263 0.8 21.0 44.2 1.0050 0.00 0.0M
426180.000 1965 COM2 65 0R0 265 3.0 21.0 44.5 1.0050 0.00 0.0M
426240.000 1965 COM2 65 0R0 263 1.7 21.0 44.8 1.0050 0.00 0.0M
426300.000 1965 COM2 65 0R0 306 1.1 21.0 44.2 1.0049 0.00 0.0M
426360.000 1965 COM2 65 0R0 328 0.6 21.0 44.5 1.0049 0.00 0.0M
426420.000 1965 COM2 65 0R0 262 3.0 21.0 44.5 1.0049 0.00 0.0M
426480.000 1965 COM2 65 0R0 226 0.6 20.9 44.7 1.0049 0.00 0.0M
426540.000 1965 COM2 65 0R0 287 1.4 20.9 45.2 1.0049 0.00 0.0M
426600.000 1965 COM2 65 0R0 271 1.5 20.9 45.3 1.0049 0.00 0.0M
426660.000 1965 COM2 65 0R0 248 3.1 20.9 44.9 1.0049 0.00 0.0M
426720.000 1965 COM2 65 0R0 277 1.7 20.9 45.1 1.0049 0.00 0.0M
426780.000 1965 COM2 65 0R0 254 1.8 20.9 45.6 1.0049 0.00 0.0M
426840.100 1965 COM2 65 0R0 273 0.6 20.8 46.2 1.0050 0.00 0.0M
426900.000 1965 COM2 65 0R0 237 1.6 20.8 45.7 1.0050 0.00 0.0M
426960.000 1965 COM2 65 0R0 269 2.7 20.9 45.5 1.0050 0.00 0.0M
427020.000 1965 COM2 65 0R0 296 1.1 20.8 45.5 1.0050 0.00 0.0M
427080.000 1965 COM2 65 0R0 268 1.6 20.8 45.5 1.0050 0.00 0.0M
427140.000 1965 COM2 65 0R0 293 2.4 20.8 45.7 1.0050 0.00 0.0M
427200.000 1965 COM2 65 0R0 255 3.6 20.7 46.1 1.0050 0.00 0.0M
427260.000 1965 COM2 65 0R0 262 4.0 20.7 46.4 1.0050 0.00 0.0M
427320.000 1965 COM2 65 0R0 280 2.8 20.6 46.4 1.0050 0.00 0.0M
427380.000 1965 COM2 65 0R0 215 1.6 20.6 46.7 1.0051 0.00 0.0M
427440.000 1965 COM2 65 0R0 254 2.1 20.6 46.9 1.0051 0.00 0.0M
427500.000 1965 COM2 65 0R0 235 1.0 20.5 47.3 1.0051 0.00 0.0M
427560.000 1965 COM2 65 0R0 250 2.9 20.5 46.9 1.0051 0.00 0.0M
427620.000 1965 COM2 65 0R0 271 1.2 20.5 47.7 1.0052 0.00 0.0M
427680.000 1965 COM2 65 0R0 221 0.5 20.5 47.3 1.0052 0.00 0.0M
427740.000 1965 COM2 65 0R0 258 2.3 20.5 47.6 1.0052 0.00 0.0M
427800.000 1965 COM2 65 0R0 282 1.3 20.4 48.0 1.0052 0.00 0.0M
427860.000 1965 COM2 65 0R0 259 1.0 20.4 47.9 1.0052 0.00 0.0M
427920.000 1965 COM2 65 0R0 227 1.2 20.4 48.1 1.0053 0.00 0.0M
427980.000 1965 COM2 65 0R0 250 1.1 20.4 48.0 1.0053 0.00 0.0M
428040.000 1965 COM2 65 0R0 238 1.9 20.4 48.7 1.0052 0.00 0.0M
428100.000 1965 COM2 65 0R0 261 2.3 20.3 48.7 1.0053 0.00 0.0M
428160.000 1965 COM2 65 0R0 249 2.0 20.3 48.8 1.0053 0.00 0.0M
428220.000 1965 COM2 65 0R0 231 1.7 20.3 48.9 1.0053 0.00 0.0M
428280.000 1965 COM2 65 0R0 234 0.9 20.2 49.0 1.0053 0.00 0.0M
428340.000 1965 COM2 65 0R0 271 1.7 20.2 49.4 1.0053 0.00 0.0M
428400.000 1965 COM2 65 0R0 255 2.4 20.1 49.2 1.0053 0.00 0.0M
428460.000 1965 COM2 65 0R0 275 3.7 20.1 49.6 1.0053 0.00 0.0M
428520.000 1965 COM2 65 0R0 273 2.2 20.0 49.6 1.0053 0.00 0.0M
428580.000 1965 COM2 65 0R0 227 0.6 20.0 50.2 1.0053 0.00 0.0M
428640.000 1965 COM2 65 0R0 233 1.2 19.9 50.2 1.0053 0.00 0.0M
428700.000 1965 COM2 65 0R0 248 2.5 19.9 50.5 1.0053 0.00 0.0M
428760.000 1965 COM2 65 0R0 266 2.5 19.8 50.6 1.0053 0.00 0.0M
428820.000 1965 COM2 65 0R0 211 1.2 19.8 50.7 1.0054 0.00 0.0M
428880.000 1965 COM2 65 0R0 230 0.8 19.7 50.7 1.0054 0.00 0.0M
428940.000 1965 COM2 65 0R0 263 2.3 19.7 51.1 1.0054 0.00 0.0M
429000.000 1965 COM2 65 0R0 164 0.8 19.7 50.8 1.0054 0.00 0.0M
429060.000 1965 COM2 65 0R0 259 3.1 19.7 50.4 1.0053 0.00 0.0M
429120.000 1965 COM2 65 0R0 248 2.0 19.6 51.1 1.0053 0.00 0.0M
429180.000 1965 COM2 65 0R0 218 1.1 19.6 50.7 1.0053 0.00 0.0M
429240.000 1965 COM2 65 0R0 240 1.9 19.6 50.9 1.0054 0.00 0.0M
429300.000 1965 COM2 65 0R0 240 1.3 19.5 51.3 1.0054 0.00 0.0M
429360.000 1965 COM2 65 0R0 229 1.1 19.5 51.3 1.0054 0.00 0.0M
429420.000 1965 COM2 65 0R0 234 1.9 19.5 51.1 1.0053 0.00 0.0M
429480.000 1965 COM2 65 0R0 261 4.2 19.4 51.1 1.0053 0.00 0.0M
429540.000 1965 COM2 65 0R0 258 2.2 19.4 51.5 1.0054 0.00 0.0M
429600.000 1965 COM2 65 0R0 242 2.1 19.3 51.7 1.0054 0.00 0.0M
429660.000 1965 COM2 65 0R0 300 0.8 19.3 52.1 1.0054 0.00 0.0M
429720.000 1965 COM2 65 0R0 248 3.6 19.3 52.0 1.0054 0.00 0.0M
429780.000 1965 COM2 65 0R0 237 2.0 19.3 51.4 1.0055 0.00 0.0M
429840.000 1965 COM2 65 0R0 208 2.6 19.2 51.9 1.0055 0.00 0.0M
429900.000 1965 COM2 65 0R0 251 1.7 19.2 52.1 1.0055 0.00 0.0M
429960.000 1965 COM2 65 0R0 295 1.4 19.2 52.0 1.0055 0.00 0.0M
430020.000 1965 COM2 65 0R0 254 2.3 19.1 52.2 1.0055 0.00 0.0M
430080.000 1965 COM2 65 0R0 237 1.5 19.1 52.3 1.0055 0.00 0.0M
430140.000 1965 COM2 65 0R0 201 2.1 19.1 52.6 1.0055 0.00 0.0M
430200.000 1965 COM2 65 0R0 270 1.5 19.1 52.2 1.0056 0.00 0.0M
430260.000 1965 COM2 65 0R0 235 1.2 19.0 52.6 1.0056 0.00 0.0M
430320.000 1965 COM2 65 0R0 232 1.8 19.0 52.7 1.0056 0.00 0.0M
430380.000 1965 COM2 65 0R0 226 3.3 19.0 52.4 1.0056 0.00 0.0M
430440.000 1965 COM2 65 0R0 256 1.8 19.0 52.4 1.0057 0.00 0.0M
430500.000 1965 COM2 65 0R0 247 1.7 19.0 52.4 1.0057 0.00 0.0M
430560.000 1965 COM2 65 0R0 232 0.8 19.0 52.7 1.0057 0.00 0.0M
430620.000 1965 COM2 65 0R0 261 1.4 18.9 52.7 1.0057 0.00 0.0M
430680.000 1965 COM2 65 0R0 239 1.6 18.9 52.8 1.0057 0.00 0.0M
430740.000 1965 COM2 65 0R0 241 0.9 18.9 53.3 1.0057 0.00 0.0M
430800.000 1965 COM2 65 0R0 254 1.5 18.8 53.5 1.0058 0.00 0.0M
430860.000 1965 COM2 65 0R0 243 0.9 18.8 53.5 1.0058 0.00 0.0M
430920.000 1965 COM2 65 0R0 241 3.6 18.8 53.2 1.0058 0.00 0.0M
430980.000 1965 COM2 65 0R0 213 0.8 18.8 53.7 1.0059 0.00 0.0M
431040.000 1965 COM2 65 0R0 236 1.9 18.7 53.4 1.0059 0.00 0.0M
431100.000 1965 COM2 65 0R0 240 2.1 18.7 54.0 1.0059 0.00 0.0M
431160.000 1965 COM2 65 0R0 256 1.8 18.7 54.0 1.0059 0.00 0.0M
431220.000 1965 COM2 65 0R0 279 2.0 18.7 53.8 1.0059 0.00 0.0M
431280.000 1965 COM2 65 0R0 241 2.8 18.6 54.1 1.0059 0.00 0.0M
431340.000 1965 COM2 65 0R0 229 1.9 18.6 54.6 1.0059 0.00 0.0M
431400.000 1965 COM2 65 0R0 241 1.5 18.6 54.6 1.0059 0.00 0.0M
431460.000 1965 COM2 65 0R0 245 3.0 18.5 54.5 1.0059 0.00 0.0M
431520.000 1965 COM2 65 0R0 252 1.3 18.5 54.8 1.0059 0.00 0.0M
431580.000 1965 COM2 65 0R0 243 2.5 18.5 55.3 1.0059 0.00 0.0M
431640.000 1965 COM2 65 0R0 223 0.9 18.5 55.2 1.0059 0.00 0.0M
431700.000 1965 COM2 65 0R0 230 2.0 18.5 54.8 1.0059 0.00 0.0M
431760.000 1965 COM2 65 0R0 276 1.0 18.4 55.4 1.0059 0.00 0.0M
431820.000 1965 COM2 65 0R0 249 1.9 18.4 55.4 1.0059 0.00 0.0M
431880.000 1965 COM2 65 0R0 244 1.7 18.4 55.5 1.0059 0.00 0.0M
431940.000 1965 COM2 65 0R0 238 2.1 18.4 55.5 1.0060 0.00 0.0M
