TO [s] WNc [w] C StringLn ASCIIString
---------------------------------------
86400.000 1967 COM2 65 0R0 127 1.2 22.2 74.7 1.0108 0.00 0.0M
86460.000 1967 COM2 65 0R0 123 1.6 22.2 74.6 1.0108 0.00 0.0M
86520.000 1967 COM2 65 0R0 122 1.5 22.2 74.7 1.0109 0.00 0.0M
86580.000 1967 COM2 65 0R0 116 2.4 22.2 74.8 1.0109 0.00 0.0M
86640.000 1967 COM2 65 0R0 112 2.7 22.1 74.8 1.0109 0.00 0.0M
86700.000 1967 COM2 65 0R0 113 2.6 22.1 75.1 1.0109 0.00 0.0M
86760.000 1967 COM2 65 0R0 121 2.1 22.1 75.2 1.0109 0.00 0.0M
86820.000 1967 COM2 65 0R0 118 0.7 22.0 75.3 1.0109 0.00 0.0M
86880.000 1967 COM2 65 0R0 101 2.0 22.0 75.3 1.0109 0.00 0.0M
86940.000 1967 COM2 65 0R0 126 1.8 22.0 75.4 1.0109 0.00 0.0M
87000.000 1967 COM2 65 0R0 126 0.7 22.0 75.3 1.0110 0.00 0.0M
87060.000 1967 COM2 65 0R0 136 0.9 22.0 75.3 1.0110 0.00 0.0M
87120.000 1967 COM2 65 0R0 120 1.0 22.0 75.5 1.0110 0.00 0.0M
87180.000 1967 COM2 65 0R0 126 0.8 22.0 75.7 1.0110 0.00 0.0M
87240.000 1967 COM2 65 0R0 109 2.2 21.9 75.7 1.0110 0.00 0.0M
87300.000 1967 COM2 65 0R0 107 2.1 21.9 75.6 1.0110 0.00 0.0M
87360.000 1967 COM2 65 0R0 103 2.0 21.9 75.9 1.0110 0.00 0.0M
87420.000 1967 COM2 65 0R0 122 1.7 21.9 76.0 1.0110 0.00 0.0M
87480.000 1967 COM2 65 0R0 120 2.0 21.9 76.1 1.0110 0.00 0.0M
87540.000 1967 COM2 65 0R0 116 2.7 21.8 76.3 1.0110 0.00 0.0M
87600.000 1967 COM2 65 0R0 128 0.9 21.8 76.2 1.0110 0.00 0.0M
87660.100 1967 COM2 65 0R0 131 2.2 21.8 76.5 1.0110 0.00 0.0M
87720.000 1967 COM2 65 0R0 111 1.1 21.8 76.4 1.0110 0.00 0.0M
87780.000 1967 COM2 65 0R0 113 1.9 21.7 76.5 1.0110 0.00 0.0M
87840.000 1967 COM2 65 0R0 107 2.6 21.7 76.8 1.0110 0.00 0.0M
87900.000 1967 COM2 65 0R0 098 1.7 21.7 76.9 1.0111 0.00 0.0M
87960.000 1967 COM2 65 0R0 105 0.9 21.7 76.8 1.0111 0.00 0.0M
88020.000 1967 COM2 65 0R0 132 1.9 21.7 77.2 1.0111 0.00 0.0M
88080.000 1967 COM2 65 0R0 113 2.0 21.7 77.2 1.0111 0.00 0.0M
88140.000 1967 COM2 65 0R0 099 1.8 21.6 77.2 1.0111 0.00 0.0M
88200.000 1967 COM2 65 0R0 122 1.3 21.6 77.6 1.0111 0.00 0.0M
88260.000 1967 COM2 65 0R0 134 0.4 21.6 77.1 1.0111 0.00 0.0M
88320.000 1967 COM2 65 0R0 106 2.1 21.6 77.5 1.0111 0.00 0.0M
88380.000 1967 COM2 65 0R0 105 1.7 21.6 77.3 1.0111 0.00 0.0M
88440.000 1967 COM2 65 0R0 097 2.4 21.6 77.3 1.0111 0.00 0.0M
88500.000 1967 COM2 65 0R0 100 1.7 21.6 77.6 1.0111 0.00 0.0M
88560.000 1967 COM2 65 0R0 089 0.9 21.5 77.3 1.0111 0.00 0.0M
88620.000 1967 COM2 65 0R0 104 1.8 21.5 77.8 1.0112 0.00 0.0M
88680.000 1967 COM2 65 0R0 109 1.7 21.5 77.6 1.0112 0.00 0.0M
88740.000 1967 COM2 65 0R0 095 1.8 21.5 77.8 1.0112 0.00 0.0M
88800.000 1967 COM2 65 0R0 107 1.5 21.4 78.3 1.0112 0.00 0.0M
88860.000 1967 COM2 65 0R0 143 0.7 21.4 78.3 1.0112 0.00 0.0M
88920.000 1967 COM2 65 0R0 122 0.6 21.4 78.2 1.0112 0.00 0.0M
88980.000 1967 COM2 65 0R0 118 1.9 21.4 78.3 1.0112 0.00 0.0M
89040.000 1967 COM2 65 0R0 134 2.2 21.4 78.3 1.0112 0.00 0.0M
89100.000 1967 COM2 65 0R0 138 0.7 21.3 78.6 1.0112 0.00 0.0M
89160.000 1967 COM2 65 0R0 121 0.6 21.3 78.7 1.0112 0.00 0.0M
89220.000 1967 COM2 65 0R0 110 1.4 21.3 78.6 1.0112 0.00 0.0M
89280.000 1967 COM2 65 0R0 097 1.4 21.3 78.9 1.0112 0.00 0.0M
89340.000 1967 COM2 65 0R0 109 0.8 21.2 78.8 1.0111 0.00 0.0M
89400.000 1967 COM2 65 0R0 124 1.3 21.2 78.8 1.0111 0.00 0.0M
89460.000 1967 COM2 65 0R0 123 1.6 21.2 78.9 1.0111 0.00 0.0M
89520.000 1967 COM2 65 0R0 240 0.2 21.2 77.8 1.0111 0.00 0.0M
89580.000 1967 COM2 65 0R0 226 0.5 21.2 78.1 1.0111 0.00 0.0M
89640.000 1967 COM2 65 0R0 131 1.1 21.3 78.5 1.0111 0.00 0.0M
89700.000 1967 COM2 65 0R0 134 0.6 21.3 78.6 1.0111 0.00 0.0M
89760.000 1967 COM2 65 0R0 099 1.2 21.3 78.6 1.0111 0.00 0.0M
89820.000 1967 COM2 65 0R0 100 1.5 21.3 78.6 1.0112 0.00 0.0M
89880.000 1967 COM2 65 0R0 098 0.4 21.3 78.6 1.0112 0.00 0.0M
89940.000 1967 COM2 65 0R0 113 0.8 21.3 78.6 1.0112 0.00 0.0M
90000.000 1967 COM2 65 0R0 079 0.8 21.2 78.8 1.0112 0.00 0.0M
90060.000 1967 COM2 65 0R0 090 1.3 21.2 79.1 1.0112 0.00 0.0M
90120.000 1967 COM2 65 0R0 328 0.3 21.2 78.2 1.0112 0.00 0.0M
90180.000 1967 COM2 65 0R0 044 0.3 21.2 78.2 1.0112 0.00 0.0M
90240.000 1967 COM2 65 0R0 164 0.4 21.3 78.7 1.0112 0.00 0.0M
90300.000 1967 COM2 65 0R0 134 1.2 21.3 78.8 1.0112 0.00 0.0M
90360.000 1967 COM2 65 0R0 119 1.5 21.2 79.1 1.0112 0.00 0.0M
90420.000 1967 COM2 65 0R0 102 0.9 21.1 79.2 1.0112 0.00 0.0M
90480.000 1967 COM2 65 0R0 115 0.8 21.1 79.3 1.0112 0.00 0.0M
90540.000 1967 COM2 65 0R0 112 2.1 21.0 79.9 1.0112 0.00 0.0M
90600.000 1967 COM2 65 0R0 118 1.9 21.0 80.1 1.0112 0.00 0.0M
90660.000 1967 COM2 65 0R0 091 1.6 20.9 80.2 1.0112 0.00 0.0M
90720.000 1967 COM2 65 0R0 109 1.5 20.9 80.4 1.0111 0.00 0.0M
90780.000 1967 COM2 65 0R0 113 2.0 20.8 80.7 1.0111 0.00 0.0M
90840.000 1967 COM2 65 0R0 089 2.0 20.8 80.7 1.0111 0.00 0.0M
90900.000 1967 COM2 65 0R0 132 1.9 20.8 80.8 1.0111 0.00 0.0M
90960.000 1967 COM2 65 0R0 133 0.9 20.8 80.9 1.0111 0.00 0.0M
91020.000 1967 COM2 65 0R0 105 1.2 20.8 81.0 1.0111 0.00 0.0M
91080.000 1967 COM2 65 0R0 096 1.1 20.8 80.5 1.0111 0.00 0.0M
91140.000 1967 COM2 65 0R0 098 0.8 20.8 80.8 1.0111 0.00 0.0M
91200.000 1967 COM2 65 0R0 118 1.2 20.8 80.8 1.0112 0.00 0.0M
91260.000 1967 COM2 65 0R0 101 1.3 20.8 80.8 1.0112 0.00 0.0M
91320.000 1967 COM2 65 0R0 123 0.7 20.8 80.6 1.0112 0.00 0.0M
91380.000 1967 COM2 65 0R0 125 0.4 20.8 80.7 1.0112 0.00 0.0M
91440.000 1967 COM2 65 0R0 106 0.9 20.8 80.3 1.0112 0.00 0.0M
91500.000 1967 COM2 65 0R0 100 0.3 20.8 79.7 1.0112 0.00 0.0M
91560.000 1967 COM2 65 0R0 098 0.8 20.9 80.1 1.0112 0.00 0.0M
91620.000 1967 COM2 65 0R0 098 1.1 20.9 80.3 1.0112 0.00 0.0M
91680.000 1967 COM2 65 0R0 121 1.7 20.9 80.5 1.0112 0.00 0.0M
91740.000 1967 COM2 65 0R0 189 0.5 20.9 80.3 1.0112 0.00 0.0M
91800.000 1967 COM2 65 0R0 139 0.6 20.9 80.4 1.0112 0.00 0.0M
91860.000 1967 COM2 65 0R0 094 0.8 20.8 80.8 1.0112 0.00 0.0M
91920.000 1967 COM2 65 0R0 112 1.6 20.8 81.1 1.0112 0.00 0.0M
91980.000 1967 COM2 65 0R0 122 1.7 20.7 81.3 1.0112 0.00 0.0M
92040.000 1967 COM2 65 0R0 110 1.8 20.7 81.3 1.0112 0.00 0.0M
92100.000 1967 COM2 65 0R0 104 1.4 20.6 81.6 1.0112 0.00 0.0M
92160.000 1967 COM2 65 0R0 112 2.1 20.6 81.9 1.0112 0.00 0.0M
92220.000 1967 COM2 65 0R0 087 0.7 20.6 81.5 1.0113 0.00 0.0M
92280.000 1967 COM2 65 0R0 137 0.9 20.6 81.4 1.0113 0.00 0.0M
92340.000 1967 COM2 65 0R0 081 0.8 20.6 81.2 1.0113 0.00 0.0M
92400.000 1967 COM2 65 0R0 100 1.2 20.6 82.1 1.0113 0.00 0.0M
92460.000 1967 COM2 65 0R0 131 0.7 20.6 82.0 1.0112 0.00 0.0M
92520.000 1967 COM2 65 0R0 092 1.0 20.5 82.0 1.0112 0.00 0.0M
92580.000 1967 COM2 65 0R0 110 0.6 20.5 82.5 1.0112 0.00 0.0M
92640.000 1967 COM2 65 0R0 107 1.7 20.5 82.6 1.0112 0.00 0.0M
92700.000 1967 COM2 65 0R0 094 1.8 20.4 82.5 1.0112 0.00 0.0M
92760.000 1967 COM2 65 0R0 064 0.4 20.4 82.8 1.0111 0.00 0.0M
92820.000 1967 COM2 65 0R0 075 0.1 20.3 82.3 1.0111 0.00 0.0M
92880.000 1967 COM2 65 0R0 095 1.9 20.4 83.1 1.0111 0.00 0.0M
92940.000 1967 COM2 65 0R0 072 0.6 20.3 83.2 1.0111 0.00 0.0M
93000.000 1967 COM2 65 0R0 110 0.7 20.3 82.9 1.0112 0.00 0.0M
93060.000 1967 COM2 65 0R0 208 0.1 20.3 82.5 1.0112 0.00 0.0M
93120.000 1967 COM2 65 0R0 336 0.3 20.3 83.2 1.0112 0.00 0.0M
93180.000 1967 COM2 65 0R0 127 0.5 20.4 83.3 1.0112 0.00 0.0M
93240.000 1967 COM2 65 0R0 154 0.3 20.3 83.1 1.0112 0.00 0.0M
93300.000 1967 COM2 65 0R0 096 0.5 20.3 83.3 1.0112 0.00 0.0M
93360.000 1967 COM2 65 0R0 108 1.2 20.3 83.4 1.0112 0.00 0.0M
93420.000 1967 COM2 65 0R0 059 0.5 20.3 83.1 1.0112 0.00 0.0M
93480.000 1967 COM2 65 0R0 095 1.7 20.3 83.6 1.0112 0.00 0.0M
93540.000 1967 COM2 65 0R0 121 1.6 20.3 83.6 1.0112 0.00 0.0M
93600.000 1967 COM2 65 0R0 104 2.1 20.3 83.7 1.0113 0.00 0.0M
93660.000 1967 COM2 65 0R0 078 1.8 20.2 83.9 1.0113 0.00 0.0M
93720.000 1967 COM2 65 0R0 095 2.4 20.2 84.4 1.0113 0.00 0.0M
93780.000 1967 COM2 65 0R0 094 1.3 20.1 84.3 1.0113 0.00 0.0M
93840.000 1967 COM2 65 0R0 204 0.7 20.1 84.5 1.0114 0.00 0.0M
93900.000 1967 COM2 65 0R0 091 0.3 20.1 84.0 1.0114 0.00 0.0M
93960.000 1967 COM2 65 0R0 094 1.3 20.1 84.7 1.0114 0.00 0.0M
94020.000 1967 COM2 65 0R0 113 1.6 20.1 85.1 1.0114 0.00 0.0M
94080.000 1967 COM2 65 0R0 174 0.7 20.0 85.2 1.0114 0.00 0.0M
94140.000 1967 COM2 65 0R0 083 1.6 20.0 85.0 1.0114 0.00 0.0M
94200.000 1967 COM2 65 0R0 146 0.6 19.9 84.8 1.0114 0.00 0.0M
94260.000 1967 COM2 65 0R0 112 0.8 19.9 84.9 1.0114 0.00 0.0M
94320.000 1967 COM2 65 0R0 122 2.5 19.9 84.8 1.0114 0.00 0.0M
94380.000 1967 COM2 65 0R0 071 1.8 19.9 84.8 1.0115 0.00 0.0M
94440.100 1967 COM2 65 0R0 084 1.6 19.9 85.5 1.0115 0.00 0.0M
94500.000 1967 COM2 65 0R0 077 1.2 19.8 85.7 1.0115 0.00 0.0M
94560.100 1967 COM2 65 0R0 116 0.6 19.8 85.9 1.0115 0.00 0.0M
94620.000 1967 COM2 65 0R0 080 1.3 19.8 86.3 1.0115 0.00 0.0M
94680.000 1967 COM2 65 0R0 059 0.8 19.7 86.5 1.0115 0.00 0.0M
94740.100 1967 COM2 65 0R0 081 1.8 19.7 86.7 1.0115 0.00 0.0M
94800.000 1967 COM2 65 0R0 087 0.3 19.7 86.3 1.0114 0.00 0.0M
94860.100 1967 COM2 65 0R0 070 1.1 19.7 86.6 1.0114 0.00 0.0M
94920.000 1967 COM2 65 0R0 071 0.3 19.7 86.5 1.0114 0.00 0.0M
94980.000 1967 COM2 65 0R0 080 1.6 19.7 86.8 1.0114 0.00 0.0M
95040.000 1967 COM2 65 0R0 086 0.7 19.7 86.4 1.0114 0.00 0.0M
95100.000 1967 COM2 65 0R0 065 1.0 19.7 86.8 1.0114 0.00 0.0M
95160.000 1967 COM2 65 0R0 169 0.2 19.7 86.8 1.0114 0.00 0.0M
95220.000 1967 COM2 65 0R0 083 0.8 19.7 86.9 1.0114 0.00 0.0M
95280.100 1967 COM2 65 0R0 063 1.4 19.7 87.0 1.0114 0.00 0.0M
95340.000 1967 COM2 65 0R0 036 1.3 19.6 87.2 1.0114 0.00 0.0M
95400.100 1967 COM2 65 0R0 012 0.4 19.6 87.1 1.0114 0.00 0.0M
95460.000 1967 COM2 65 0R0 066 1.1 19.6 87.2 1.0114 0.00 0.0M
95520.000 1967 COM2 65 0R0 069 1.1 19.6 87.2 1.0114 0.00 0.0M
95580.100 1967 COM2 65 0R0 066 0.9 19.6 87.3 1.0114 0.00 0.0M
95640.100 1967 COM2 65 0R0 092 1.1 19.5 87.3 1.0114 0.00 0.0M
95700.100 1967 COM2 65 0R0 072 0.9 19.5 87.1 1.0114 0.00 0.0M
95760.100 1967 COM2 65 0R0 071 1.0 19.5 87.5 1.0114 0.00 0.0M
95820.100 1967 COM2 65 0R0 057 1.1 19.5 87.6 1.0114 0.00 0.0M
95880.100 1967 COM2 65 0R0 050 0.8 19.5 87.5 1.0114 0.00 0.0M
95940.100 1967 COM2 65 0R0 100 0.4 19.5 87.5 1.0114 0.00 0.0M
96000.100 1967 COM2 65 0R0 040 0.7 19.5 87.5 1.0114 0.00 0.0M
96060.100 1967 COM2 65 0R0 064 0.9 19.4 87.6 1.0114 0.00 0.0M
96120.100 1967 COM2 65 0R0 033 1.0 19.4 87.7 1.0114 0.00 0.0M
96180.100 1967 COM2 65 0R0 042 0.4 19.4 87.8 1.0114 0.00 0.0M
96240.100 1967 COM2 65 0R0 053 1.4 19.4 87.8 1.0114 0.00 0.0M
96300.100 1967 COM2 65 0R0 064 1.2 19.4 87.8 1.0114 0.00 0.0M
96360.100 1967 COM2 65 0R0 034 1.1 19.4 87.8 1.0114 0.00 0.0M
96420.100 1967 COM2 65 0R0 039 1.4 19.4 87.9 1.0114 0.00 0.0M
96480.100 1967 COM2 65 0R0 054 0.8 19.4 87.9 1.0114 0.00 0.0M
96540.100 1967 COM2 65 0R0 054 0.6 19.3 87.8 1.0115 0.00 0.0M
96600.100 1967 COM2 65 0R0 104 0.1 19.3 87.8 1.0114 0.00 0.0M
96660.100 1967 COM2 65 0R0 084 0.5 19.4 87.7 1.0114 0.00 0.0M
96720.100 1967 COM2 65 0R0 014 0.2 19.4 87.5 1.0114 0.00 0.0M
96780.100 1967 COM2 65 0R0 056 1.3 19.4 87.5 1.0114 0.00 0.0M
96840.100 1967 COM2 65 0R0 031 0.4 19.4 87.5 1.0114 0.00 0.0M
96900.100 1967 COM2 65 0R0 090 0.8 19.4 87.4 1.0114 0.00 0.0M
96960.100 1967 COM2 65 0R0 357 0.8 19.4 87.7 1.0114 0.00 0.0M
97020.100 1967 COM2 65 0R0 071 1.6 19.4 87.8 1.0114 0.00 0.0M
97080.100 1967 COM2 65 0R0 080 1.6 19.4 87.9 1.0114 0.00 0.0M
97140.100 1967 COM2 65 0R0 069 1.6 19.3 88.0 1.0114 0.00 0.0M
97200.100 1967 COM2 65 0R0 018 0.7 19.3 88.0 1.0114 0.00 0.0M
97260.100 1967 COM2 65 0R0 066 0.7 19.3 88.1 1.0114 0.00 0.0M
97320.100 1967 COM2 65 0R0 042 0.6 19.3 88.1 1.0114 0.00 0.0M
97380.000 1967 COM2 65 0R0 039 1.7 19.3 88.1 1.0114 0.00 0.0M
97440.000 1967 COM2 65 0R0 046 1.1 19.3 88.0 1.0114 0.00 0.0M
97500.000 1967 COM2 65 0R0 033 1.2 19.3 88.0 1.0114 0.00 0.0M
97560.000 1967 COM2 65 0R0 040 1.4 19.3 88.0 1.0114 0.00 0.0M
97620.100 1967 COM2 65 0R0 035 1.2 19.3 88.0 1.0114 0.00 0.0M
97680.100 1967 COM2 65 0R0 037 0.4 19.3 88.0 1.0114 0.00 0.0M
97740.100 1967 COM2 65 0R0 093 1.3 19.3 88.0 1.0114 0.00 0.0M
97800.100 1967 COM2 65 0R0 031 0.3 19.3 87.9 1.0114 0.00 0.0M
97860.100 1967 COM2 65 0R0 021 0.5 19.3 87.7 1.0115 0.00 0.0M
97920.100 1967 COM2 65 0R0 074 0.4 19.3 87.9 1.0115 0.00 0.0M
97980.100 1967 COM2 65 0R0 095 0.7 19.3 87.9 1.0115 0.00 0.0M
98040.000 1967 COM2 65 0R0 027 1.2 19.3 87.9 1.0115 0.00 0.0M
98100.100 1967 COM2 65 0R0 013 1.0 19.3 88.0 1.0115 0.00 0.0M
98160.100 1967 COM2 65 0R0 035 1.5 19.3 88.2 1.0115 0.00 0.0M
98220.000 1967 COM2 65 0R0 038 1.0 19.2 88.2 1.0115 0.00 0.0M
98280.000 1967 COM2 65 0R0 020 0.9 19.2 88.3 1.0115 0.00 0.0M
98340.100 1967 COM2 65 0R0 066 0.7 19.2 88.4 1.0115 0.00 0.0M
98400.100 1967 COM2 65 0R0 037 0.7 19.2 88.3 1.0115 0.00 0.0M
98460.000 1967 COM2 65 0R0 069 0.2 19.2 88.1 1.0115 0.00 0.0M
98520.100 1967 COM2 65 0R0 030 1.0 19.2 88.2 1.0115 0.00 0.0M
98580.000 1967 COM2 65 0R0 025 1.5 19.2 88.3 1.0115 0.00 0.0M
98640.000 1967 COM2 65 0R0 032 1.0 19.2 88.3 1.0115 0.00 0.0M
98700.000 1967 COM2 65 0R0 015 1.1 19.2 88.3 1.0115 0.00 0.0M
98760.000 1967 COM2 65 0R0 028 1.1 19.2 88.2 1.0115 0.00 0.0M
98820.000 1967 COM2 65 0R0 009 1.0 19.2 88.2 1.0115 0.00 0.0M
98880.000 1967 COM2 65 0R0 015 0.3 19.2 88.2 1.0115 0.00 0.0M
98940.100 1967 COM2 65 0R0 084 0.7 19.2 88.2 1.0115 0.00 0.0M
99000.000 1967 COM2 65 0R0 039 0.8 19.2 88.2 1.0116 0.00 0.0M
99060.000 1967 COM2 65 0R0 041 1.6 19.2 88.3 1.0116 0.00 0.0M
99120.100 1967 COM2 65 0R0 039 1.4 19.2 88.3 1.0116 0.00 0.0M
99180.000 1967 COM2 65 0R0 033 0.8 19.2 88.3 1.0116 0.00 0.0M
99240.000 1967 COM2 65 0R0 026 1.5 19.2 88.3 1.0116 0.00 0.0M
99300.100 1967 COM2 65 0R0 023 0.9 19.2 88.4 1.0116 0.00 0.0M
99360.000 1967 COM2 65 0R0 042 0.5 19.2 88.3 1.0115 0.00 0.0M
99420.100 1967 COM2 65 0R0 083 1.0 19.2 88.1 1.0116 0.00 0.0M
99480.000 1967 COM2 65 0R0 063 1.4 19.2 88.1 1.0116 0.00 0.0M
99540.000 1967 COM2 65 0R0 066 1.8 19.2 88.2 1.0115 0.00 0.0M
99600.000 1967 COM2 65 0R0 074 1.6 19.2 88.2 1.0115 0.00 0.0M
99660.000 1967 COM2 65 0R0 067 1.2 19.2 88.3 1.0115 0.00 0.0M
99720.000 1967 COM2 65 0R0 073 2.0 19.1 88.3 1.0115 0.00 0.0M
99780.000 1967 COM2 65 0R0 042 1.4 19.1 88.5 1.0115 0.00 0.0M
99840.000 1967 COM2 65 0R0 351 0.4 19.1 88.4 1.0116 0.00 0.0M
99900.000 1967 COM2 65 0R0 063 1.0 19.1 88.5 1.0116 0.00 0.0M
99960.000 1967 COM2 65 0R0 015 0.5 19.1 88.6 1.0116 0.00 0.0M
100020.000 1967 COM2 65 0R0 030 1.6 19.1 88.7 1.0116 0.00 0.0M
100080.000 1967 COM2 65 0R0 048 0.7 19.1 88.8 1.0115 0.00 0.0M
100140.000 1967 COM2 65 0R0 088 0.6 19.0 88.7 1.0115 0.00 0.0M
100200.000 1967 COM2 65 0R0 074 1.5 19.0 88.8 1.0115 0.00 0.0M
100260.000 1967 COM2 65 0R0 056 0.6 19.0 88.8 1.0115 0.00 0.0M
100320.000 1967 COM2 65 0R0 034 1.3 19.0 88.8 1.0115 0.00 0.0M
100380.000 1967 COM2 65 0R0 041 1.0 19.0 88.8 1.0115 0.00 0.0M
100440.000 1967 COM2 65 0R0 014 0.6 19.0 88.7 1.0115 0.00 0.0M
100500.000 1967 COM2 65 0R0 052 0.5 19.0 88.8 1.0115 0.00 0.0M
100560.000 1967 COM2 65 0R0 058 1.0 19.0 88.9 1.0115 0.00 0.0M
100620.000 1967 COM2 65 0R0 050 1.1 19.0 88.9 1.0115 0.00 0.0M
100680.000 1967 COM2 65 0R0 002 0.3 19.0 88.9 1.0115 0.00 0.0M
100740.000 1967 COM2 65 0R0 030 0.6 19.0 88.9 1.0115 0.00 0.0M
100800.000 1967 COM2 65 0R0 055 0.9 19.0 88.9 1.0115 0.00 0.0M
100860.000 1967 COM2 65 0R0 039 1.1 19.0 88.8 1.0115 0.00 0.0M
100920.000 1967 COM2 65 0R0 016 0.7 19.0 88.7 1.0115 0.00 0.0M
100980.000 1967 COM2 65 0R0 024 1.2 19.0 88.7 1.0115 0.00 0.0M
101040.000 1967 COM2 65 0R0 351 0.7 19.0 88.7 1.0115 0.00 0.0M
101100.000 1967 COM2 65 0R0 019 1.2 19.0 88.7 1.0115 0.00 0.0M
101160.000 1967 COM2 65 0R0 028 1.9 19.0 88.7 1.0115 0.00 0.0M
101220.000 1967 COM2 65 0R0 068 0.8 19.0 88.6 1.0115 0.00 0.0M
101280.000 1967 COM2 65 0R0 043 0.9 19.0 88.5 1.0115 0.00 0.0M
101340.000 1967 COM2 65 0R0 341 0.9 19.0 88.4 1.0115 0.00 0.0M
101400.000 1967 COM2 65 0R0 038 0.7 19.1 88.4 1.0115 0.00 0.0M
101460.000 1967 COM2 65 0R0 118 0.3 19.1 88.6 1.0115 0.00 0.0M
101520.000 1967 COM2 65 0R0 083 0.9 19.1 88.5 1.0116 0.00 0.0M
101580.000 1967 COM2 65 0R0 086 0.5 19.1 88.4 1.0116 0.00 0.0M
101640.000 1967 COM2 65 0R0 079 1.9 19.1 88.4 1.0116 0.00 0.0M
101700.000 1967 COM2 65 0R0 080 1.5 19.1 88.5 1.0116 0.00 0.0M
101760.000 1967 COM2 65 0R0 062 1.6 19.1 88.6 1.0116 0.00 0.0M
101820.000 1967 COM2 65 0R0 024 0.9 19.0 88.7 1.0116 0.00 0.0M
101880.000 1967 COM2 65 0R0 100 0.3 19.0 88.7 1.0115 0.00 0.0M
101940.000 1967 COM2 65 0R0 085 0.5 19.0 88.5 1.0115 0.00 0.0M
102000.000 1967 COM2 65 0R0 030 0.4 19.1 88.4 1.0115 0.00 0.0M
102060.000 1967 COM2 65 0R0 029 1.4 19.1 88.5 1.0115 0.00 0.0M
102120.000 1967 COM2 65 0R0 094 0.4 19.1 88.4 1.0115 0.00 0.0M
102180.000 1967 COM2 65 0R0 017 0.9 19.1 88.3 1.0114 0.00 0.0M
102240.000 1967 COM2 65 0R0 081 0.3 19.1 88.3 1.0114 0.00 0.0M
102300.000 1967 COM2 65 0R0 028 1.2 19.0 88.4 1.0114 0.00 0.0M
102360.000 1967 COM2 65 0R0 346 1.2 19.0 88.5 1.0114 0.00 0.0M
102420.000 1967 COM2 65 0R0 065 0.9 19.0 88.4 1.0113 0.00 0.0M
102480.000 1967 COM2 65 0R0 347 0.4 19.0 88.4 1.0113 0.00 0.0M
102540.000 1967 COM2 65 0R0 014 0.2 19.0 88.4 1.0113 0.00 0.0M
102600.000 1967 COM2 65 0R0 051 0.8 19.0 88.1 1.0113 0.00 0.0M
102660.000 1967 COM2 65 0R0 073 1.6 19.0 87.9 1.0113 0.00 0.0M
102720.000 1967 COM2 65 0R0 067 1.1 19.0 88.1 1.0113 0.00 0.0M
102780.000 1967 COM2 65 0R0 080 0.9 19.1 88.0 1.0113 0.00 0.0M
102840.000 1967 COM2 65 0R0 346 0.4 19.1 87.9 1.0113 0.00 0.0M
102900.000 1967 COM2 65 0R0 097 1.1 19.1 87.8 1.0113 0.00 0.0M
102960.000 1967 COM2 65 0R0 071 1.2 19.1 87.8 1.0113 0.00 0.0M
103020.000 1967 COM2 65 0R0 343 0.6 19.1 87.7 1.0113 0.00 0.0M
103080.000 1967 COM2 65 0R0 042 1.5 19.1 87.7 1.0113 0.00 0.0M
103140.000 1967 COM2 65 0R0 018 0.4 19.1 87.8 1.0113 0.00 0.0M
103200.000 1967 COM2 65 0R0 034 0.2 19.0 87.7 1.0113 0.00 0.0M
103260.000 1967 COM2 65 0R0 121 0.1 19.1 87.6 1.0113 0.00 0.0M
103320.000 1967 COM2 65 0R0 092 0.7 19.1 87.3 1.0113 0.00 0.0M
103380.000 1967 COM2 65 0R0 080 0.5 19.1 87.2 1.0113 0.00 0.0M
103440.000 1967 COM2 65 0R0 028 1.6 19.1 87.2 1.0113 0.00 0.0M
103500.000 1967 COM2 65 0R0 335 0.4 19.1 87.2 1.0113 0.00 0.0M
103560.000 1967 COM2 65 0R0 006 0.9 19.1 87.1 1.0113 0.00 0.0M
103620.000 1967 COM2 65 0R0 041 1.8 19.1 87.0 1.0113 0.00 0.0M
103680.000 1967 COM2 65 0R0 003 1.2 19.1 87.1 1.0113 0.00 0.0M
103740.000 1967 COM2 65 0R0 056 0.5 19.1 87.2 1.0113 0.00 0.0M
103800.000 1967 COM2 65 0R0 022 0.5 19.1 87.0 1.0113 0.00 0.0M
103860.000 1967 COM2 65 0R0 025 1.0 19.2 86.8 1.0113 0.00 0.0M
103920.000 1967 COM2 65 0R0 054 0.8 19.2 86.8 1.0113 0.00 0.0M
103980.000 1967 COM2 65 0R0 082 1.1 19.2 86.7 1.0113 0.00 0.0M
104040.000 1967 COM2 65 0R0 357 0.3 19.2 86.6 1.0113 0.00 0.0M
104100.000 1967 COM2 65 0R0 070 1.2 19.2 86.2 1.0113 0.00 0.0M
104160.000 1967 COM2 65 0R0 016 0.7 19.2 86.4 1.0112 0.00 0.0M
104220.000 1967 COM2 65 0R0 347 0.7 19.2 86.3 1.0112 0.00 0.0M
104280.000 1967 COM2 65 0R0 034 1.3 19.2 86.3 1.0112 0.00 0.0M
104340.000 1967 COM2 65 0R0 030 2.0 19.3 86.3 1.0112 0.00 0.0M
104400.000 1967 COM2 65 0R0 037 1.5 19.3 86.2 1.0112 0.00 0.0M
104460.000 1967 COM2 65 0R0 356 1.5 19.3 86.2 1.0112 0.00 0.0M
104520.000 1967 COM2 65 0R0 102 0.7 19.3 86.0 1.0113 0.00 0.0M
104580.000 1967 COM2 65 0R0 066 1.9 19.3 86.1 1.0113 0.00 0.0M
104640.000 1967 COM2 65 0R0 083 0.2 19.3 86.2 1.0113 0.00 0.0M
104700.000 1967 COM2 65 0R0 341 0.9 19.3 86.1 1.0113 0.00 0.0M
104760.000 1967 COM2 65 0R0 005 1.5 19.3 86.2 1.0113 0.00 0.0M
104820.000 1967 COM2 65 0R0 025 1.9 19.3 86.2 1.0113 0.00 0.0M
104880.000 1967 COM2 65 0R0 330 0.5 19.3 86.3 1.0112 0.00 0.0M
104940.000 1967 COM2 65 0R0 087 0.5 19.3 86.3 1.0112 0.00 0.0M
105000.000 1967 COM2 65 0R0 073 1.2 19.3 86.4 1.0112 0.00 0.0M
105060.000 1967 COM2 65 0R0 022 1.1 19.3 86.4 1.0112 0.00 0.0M
105120.000 1967 COM2 65 0R0 359 0.8 19.3 86.4 1.0112 0.00 0.0M
105180.000 1967 COM2 65 0R0 350 0.5 19.3 86.4 1.0112 0.00 0.0M
105240.000 1967 COM2 65 0R0 031 1.2 19.3 86.3 1.0112 0.00 0.0M
105300.000 1967 COM2 65 0R0 318 0.4 19.3 86.3 1.0112 0.00 0.0M
105360.000 1967 COM2 65 0R0 050 0.4 19.3 86.3 1.0112 0.00 0.0M
105420.000 1967 COM2 65 0R0 021 0.6 19.3 86.2 1.0112 0.00 0.0M
105480.000 1967 COM2 65 0R0 001 1.1 19.3 86.1 1.0112 0.00 0.0M
105540.000 1967 COM2 65 0R0 026 2.0 19.3 86.0 1.0112 0.00 0.0M
105600.000 1967 COM2 65 0R0 022 1.6 19.3 86.0 1.0112 0.00 0.0M
105660.000 1967 COM2 65 0R0 017 1.0 19.3 86.0 1.0112 0.00 0.0M
105720.000 1967 COM2 65 0R0 054 0.8 19.3 86.0 1.0112 0.00 0.0M
105780.000 1967 COM2 65 0R0 052 0.8 19.3 86.0 1.0112 0.00 0.0M
105840.000 1967 COM2 65 0R0 082 1.4 19.3 85.8 1.0112 0.00 0.0M
105900.000 1967 COM2 65 0R0 048 2.5 19.3 85.9 1.0113 0.00 0.0M
105960.000 1967 COM2 65 0R0 085 1.7 19.3 86.2 1.0113 0.00 0.0M
106020.000 1967 COM2 65 0R0 032 0.8 19.3 85.9 1.0113 0.00 0.0M
106080.000 1967 COM2 65 0R0 359 0.7 19.3 85.7 1.0113 0.00 0.0M
106140.000 1967 COM2 65 0R0 105 0.4 19.3 85.7 1.0113 0.00 0.0M
106200.000 1967 COM2 65 0R0 031 1.1 19.3 85.7 1.0113 0.00 0.0M
106260.000 1967 COM2 65 0R0 048 2.3 19.3 85.7 1.0113 0.00 0.0M
106320.000 1967 COM2 65 0R0 081 1.1 19.4 85.8 1.0113 0.00 0.0M
106380.000 1967 COM2 65 0R0 036 0.3 19.4 85.8 1.0113 0.00 0.0M
106440.000 1967 COM2 65 0R0 081 2.1 19.3 85.8 1.0112 0.00 0.0M
106500.000 1967 COM2 65 0R0 083 0.8 19.4 85.8 1.0112 0.00 0.0M
106560.000 1967 COM2 65 0R0 041 1.2 19.4 85.8 1.0112 0.00 0.0M
106620.000 1967 COM2 65 0R0 055 2.2 19.4 85.7 1.0112 0.00 0.0M
106680.000 1967 COM2 65 0R0 060 1.5 19.4 85.9 1.0112 0.00 0.0M
106740.000 1967 COM2 65 0R0 101 0.7 19.4 85.9 1.0112 0.00 0.0M
106800.000 1967 COM2 65 0R0 042 1.6 19.4 85.9 1.0112 0.00 0.0M
106860.000 1967 COM2 65 0R0 071 1.6 19.3 86.1 1.0112 0.00 0.0M
106920.000 1967 COM2 65 0R0 143 0.4 19.3 86.1 1.0112 0.00 0.0M
106980.000 1967 COM2 65 0R0 065 1.4 19.3 86.0 1.0112 0.00 0.0M
107040.000 1967 COM2 65 0R0 071 1.4 19.3 86.2 1.0112 0.00 0.0M
107100.000 1967 COM2 65 0R0 034 1.1 19.3 86.3 1.0112 0.00 0.0M
107160.000 1967 COM2 65 0R0 334 0.6 19.3 86.3 1.0112 0.00 0.0M
107220.000 1967 COM2 65 0R0 049 1.3 19.3 86.0 1.0113 0.00 0.0M
107280.000 1967 COM2 65 0R0 074 2.8 19.3 86.3 1.0112 0.00 0.0M
107340.000 1967 COM2 65 0R0 077 0.9 19.3 86.3 1.0112 0.00 0.0M
107400.000 1967 COM2 65 0R0 092 1.0 19.3 86.1 1.0112 0.00 0.0M
107460.000 1967 COM2 65 0R0 080 2.0 19.3 86.4 1.0112 0.00 0.0M
107520.000 1967 COM2 65 0R0 070 1.2 19.3 86.4 1.0112 0.00 0.0M
107580.000 1967 COM2 65 0R0 076 1.7 19.3 86.5 1.0112 0.00 0.0M
107640.000 1967 COM2 65 0R0 071 1.8 19.3 86.5 1.0112 0.00 0.0M
107700.000 1967 COM2 65 0R0 074 1.6 19.3 86.6 1.0112 0.00 0.0M
107760.000 1967 COM2 65 0R0 029 0.9 19.3 86.6 1.0112 0.00 0.0M
107820.000 1967 COM2 65 0R0 051 0.9 19.3 86.4 1.0112 0.00 0.0M
107880.000 1967 COM2 65 0R0 064 0.8 19.3 86.4 1.0112 0.00 0.0M
107940.000 1967 COM2 65 0R0 075 1.7 19.3 86.4 1.0112 0.00 0.0M
108000.000 1967 COM2 65 0R0 017 1.9 19.4 86.5 1.0112 0.00 0.0M
108060.000 1967 COM2 65 0R0 112 0.8 19.4 86.3 1.0111 0.00 0.0M
108120.000 1967 COM2 65 0R0 008 0.3 19.4 85.9 1.0111 0.00 0.0M
108180.000 1967 COM2 65 0R0 054 1.1 19.4 86.2 1.0111 0.00 0.0M
108240.000 1967 COM2 65 0R0 262 0.3 19.4 86.2 1.0111 0.00 0.0M
108300.000 1967 COM2 65 0R0 036 0.5 19.4 85.9 1.0111 0.00 0.0M
108360.100 1967 COM2 65 0R0 094 0.9 19.4 85.9 1.0111 0.00 0.0M
108420.000 1967 COM2 65 0R0 065 1.8 19.4 86.0 1.0111 0.00 0.0M
108480.000 1967 COM2 65 0R0 046 0.5 19.4 86.2 1.0111 0.00 0.0M
108540.000 1967 COM2 65 0R0 062 0.6 19.5 85.9 1.0111 0.00 0.0M
108600.000 1967 COM2 65 0R0 063 1.2 19.5 86.3 1.0112 0.00 0.0M
108660.000 1967 COM2 65 0R0 097 0.6 19.4 86.1 1.0112 0.00 0.0M
108720.000 1967 COM2 65 0R0 095 1.1 19.5 86.0 1.0111 0.00 0.0M
108780.000 1967 COM2 65 0R0 079 1.5 19.5 86.0 1.0111 0.00 0.0M
108840.100 1967 COM2 65 0R0 063 1.0 19.5 86.0 1.0111 0.00 0.0M
108900.000 1967 COM2 65 0R0 052 1.6 19.5 86.2 1.0111 0.00 0.0M
108960.000 1967 COM2 65 0R0 050 1.5 19.5 86.2 1.0111 0.00 0.0M
109020.000 1967 COM2 65 0R0 031 1.1 19.5 86.2 1.0111 0.00 0.0M
109080.000 1967 COM2 65 0R0 051 1.2 19.5 86.2 1.0110 0.00 0.0M
109140.100 1967 COM2 65 0R0 051 1.3 19.5 86.2 1.0110 0.00 0.0M
109200.000 1967 COM2 65 0R0 063 0.8 19.5 86.2 1.0111 0.00 0.0M
109260.000 1967 COM2 65 0R0 088 1.5 19.5 86.2 1.0110 0.00 0.0M
109320.000 1967 COM2 65 0R0 049 0.5 19.5 86.3 1.0110 0.00 0.0M
109380.000 1967 COM2 65 0R0 022 1.6 19.5 85.9 1.0110 0.00 0.0M
109440.100 1967 COM2 65 0R0 049 0.4 19.5 86.0 1.0110 0.00 0.0M
109500.000 1967 COM2 65 0R0 068 1.5 19.5 86.0 1.0110 0.00 0.0M
109560.100 1967 COM2 65 0R0 075 2.4 19.5 86.0 1.0110 0.00 0.0M
109620.000 1967 COM2 65 0R0 084 1.7 19.5 85.7 1.0110 0.00 0.0M
109680.000 1967 COM2 65 0R0 070 1.8 19.5 86.1 1.0109 0.00 0.0M
109740.000 1967 COM2 65 0R0 059 1.3 19.5 86.0 1.0109 0.00 0.0M
109800.100 1967 COM2 65 0R0 054 2.0 19.5 85.8 1.0109 0.00 0.0M
109860.100 1967 COM2 65 0R0 192 0.4 19.5 85.5 1.0109 0.00 0.0M
109920.000 1967 COM2 65 0R0 076 2.4 19.5 85.7 1.0109 0.00 0.0M
109980.000 1967 COM2 65 0R0 051 1.8 19.5 86.0 1.0108 0.00 0.0M
110040.100 1967 COM2 65 0R0 070 1.0 19.5 86.2 1.0108 0.00 0.0M
110100.000 1967 COM2 65 0R0 087 0.7 19.5 86.1 1.0108 0.00 0.0M
110160.000 1967 COM2 65 0R0 070 0.5 19.5 85.9 1.0108 0.00 0.0M
110220.000 1967 COM2 65 0R0 032 1.3 19.5 85.9 1.0108 0.00 0.0M
110280.000 1967 COM2 65 0R0 084 1.3 19.5 85.7 1.0108 0.00 0.0M
110340.000 1967 COM2 65 0R0 078 2.1 19.5 85.8 1.0108 0.00 0.0M
110400.100 1967 COM2 65 0R0 088 1.2 19.5 85.9 1.0108 0.00 0.0M
110460.000 1967 COM2 65 0R0 082 0.4 19.5 85.9 1.0108 0.00 0.0M
110520.000 1967 COM2 65 0R0 121 0.2 19.5 85.9 1.0108 0.00 0.0M
110580.000 1967 COM2 65 0R0 331 0.3 19.5 85.8 1.0107 0.00 0.0M
110640.000 1967 COM2 65 0R0 155 0.1 19.6 85.5 1.0107 0.00 0.0M
110700.000 1967 COM2 65 0R0 028 1.2 19.6 85.0 1.0107 0.00 0.0M
110760.100 1967 COM2 65 0R0 059 1.8 19.6 85.5 1.0107 0.00 0.0M
110820.000 1967 COM2 65 0R0 007 0.8 19.6 85.6 1.0107 0.00 0.0M
110880.000 1967 COM2 65 0R0 064 2.0 19.6 86.0 1.0107 0.00 0.0M
110940.000 1967 COM2 65 0R0 072 1.2 19.5 86.1 1.0107 0.00 0.0M
111000.000 1967 COM2 65 0R0 067 1.3 19.5 85.9 1.0107 0.00 0.0M
111060.000 1967 COM2 65 0R0 075 3.1 19.5 85.9 1.0107 0.00 0.0M
111120.000 1967 COM2 65 0R0 067 1.9 19.5 86.0 1.0107 0.00 0.0M
111180.000 1967 COM2 65 0R0 043 1.8 19.5 86.2 1.0107 0.00 0.0M
111240.000 1967 COM2 65 0R0 040 1.7 19.4 86.4 1.0107 0.00 0.0M
111300.000 1967 COM2 65 0R0 025 1.3 19.4 86.6 1.0107 0.00 0.0M
111360.000 1967 COM2 65 0R0 003 1.5 19.4 86.6 1.0107 0.00 0.0M
111420.000 1967 COM2 65 0R0 357 1.1 19.4 86.6 1.0107 0.00 0.0M
111480.000 1967 COM2 65 0R0 065 1.6 19.4 86.6 1.0107 0.00 0.0M
111540.000 1967 COM2 65 0R0 093 0.8 19.4 86.7 1.0107 0.00 0.0M
111600.000 1967 COM2 65 0R0 032 1.6 19.4 86.7 1.0106 0.00 0.0M
111660.000 1967 COM2 65 0R0 054 1.2 19.4 86.8 1.0106 0.00 0.0M
111720.000 1967 COM2 65 0R0 045 1.1 19.4 86.7 1.0106 0.00 0.0M
111780.000 1967 COM2 65 0R0 082 0.6 19.4 86.7 1.0106 0.00 0.0M
111840.000 1967 COM2 65 0R0 063 2.7 19.4 86.7 1.0106 0.00 0.0M
111900.100 1967 COM2 65 0R0 069 0.6 19.4 86.9 1.0106 0.00 0.0M
111960.000 1967 COM2 65 0R0 065 1.5 19.4 86.9 1.0105 0.00 0.0M
112020.000 1967 COM2 65 0R0 295 0.3 19.4 86.7 1.0106 0.00 0.0M
112080.000 1967 COM2 65 0R0 040 1.3 19.4 86.5 1.0106 0.00 0.0M
112140.000 1967 COM2 65 0R0 048 0.5 19.4 86.5 1.0106 0.00 0.0M
112200.000 1967 COM2 65 0R0 046 1.4 19.5 86.3 1.0106 0.00 0.0M
112260.000 1967 COM2 65 0R0 061 1.8 19.5 86.6 1.0106 0.00 0.0M
112320.000 1967 COM2 65 0R0 025 2.0 19.5 86.6 1.0106 0.00 0.0M
112380.000 1967 COM2 65 0R0 092 0.7 19.5 86.3 1.0106 0.00 0.0M
112440.000 1967 COM2 65 0R0 089 1.0 19.5 86.2 1.0106 0.00 0.0M
112500.000 1967 COM2 65 0R0 057 1.0 19.5 86.4 1.0107 0.00 0.0M
112560.000 1967 COM2 65 0R0 063 1.6 19.5 86.4 1.0107 0.00 0.0M
112620.000 1967 COM2 65 0R0 076 2.0 19.5 86.2 1.0107 0.00 0.0M
112680.000 1967 COM2 65 0R0 079 1.3 19.5 86.6 1.0106 0.00 0.0M
112740.000 1967 COM2 65 0R0 080 2.5 19.5 86.7 1.0106 0.00 0.0M
112800.000 1967 COM2 65 0R0 046 1.5 19.5 86.6 1.0106 0.00 0.0M
112860.000 1967 COM2 65 0R0 068 1.9 19.5 86.8 1.0106 0.00 0.0M
112920.000 1967 COM2 65 0R0 068 1.9 19.5 86.8 1.0106 0.00 0.0M
112980.000 1967 COM2 65 0R0 074 1.9 19.4 86.9 1.0106 0.00 0.0M
113040.000 1967 COM2 65 0R0 083 0.6 19.4 87.0 1.0106 0.00 0.0M
113100.000 1967 COM2 65 0R0 097 0.1 19.4 86.8 1.0106 0.00 0.0M
113160.000 1967 COM2 65 0R0 030 0.4 19.5 86.6 1.0106 0.00 0.0M
113220.000 1967 COM2 65 0R0 081 0.4 19.5 86.4 1.0106 0.00 0.0M
113280.000 1967 COM2 65 0R0 129 0.4 19.5 86.2 1.0106 0.00 0.0M
113340.000 1967 COM2 65 0R0 066 1.3 19.5 86.0 1.0106 0.00 0.0M
113400.000 1967 COM2 65 0R0 091 0.8 19.6 86.0 1.0105 0.00 0.0M
113460.000 1967 COM2 65 0R0 215 0.3 19.6 85.7 1.0105 0.00 0.0M
113520.000 1967 COM2 65 0R0 066 2.3 19.6 86.1 1.0105 0.00 0.0M
113580.000 1967 COM2 65 0R0 075 2.2 19.6 86.5 1.0105 0.00 0.0M
113640.000 1967 COM2 65 0R0 009 0.5 19.5 86.7 1.0104 0.00 0.0M
113700.000 1967 COM2 65 0R0 040 1.1 19.5 86.8 1.0104 0.00 0.0M
113760.000 1967 COM2 65 0R0 308 0.8 19.5 86.6 1.0103 0.00 0.0M
113820.000 1967 COM2 65 0R0 057 2.5 19.5 86.8 1.0103 0.00 0.0M
113880.000 1967 COM2 65 0R0 086 3.6 19.5 86.9 1.0103 0.00 0.0M
113940.000 1967 COM2 65 0R0 073 1.6 19.5 86.9 1.0102 0.00 0.0M
114000.000 1967 COM2 65 0R0 040 2.3 19.4 87.0 1.0102 0.00 0.0M
114060.000 1967 COM2 65 0R0 085 1.9 19.5 87.0 1.0102 0.00 0.0M
114120.000 1967 COM2 65 0R0 058 1.6 19.4 87.1 1.0102 0.00 0.0M
114180.000 1967 COM2 65 0R0 070 2.5 19.4 87.1 1.0102 0.00 0.0M
114240.000 1967 COM2 65 0R0 092 1.4 19.4 87.0 1.0102 0.00 0.0M
114300.000 1967 COM2 65 0R0 051 1.4 19.4 87.0 1.0102 0.00 0.0M
114360.000 1967 COM2 65 0R0 041 1.0 19.4 87.0 1.0102 0.00 0.0M
114420.000 1967 COM2 65 0R0 046 1.9 19.4 87.1 1.0101 0.00 0.0M
114480.000 1967 COM2 65 0R0 063 2.8 19.4 87.2 1.0101 0.00 0.0M
114540.000 1967 COM2 65 0R0 016 2.9 19.4 87.3 1.0101 0.00 0.0M
114600.000 1967 COM2 65 0R0 062 1.4 19.4 87.4 1.0101 0.00 0.0M
114660.000 1967 COM2 65 0R0 081 2.7 19.4 87.5 1.0101 0.00 0.0M
114720.000 1967 COM2 65 0R0 077 2.4 19.4 87.5 1.0101 0.00 0.0M
114780.000 1967 COM2 65 0R0 085 1.6 19.4 87.3 1.0101 0.00 0.0M
114840.000 1967 COM2 65 0R0 078 0.8 19.4 87.2 1.0101 0.00 0.0M
114900.000 1967 COM2 65 0R0 107 0.7 19.4 87.0 1.0101 0.00 0.0M
114960.000 1967 COM2 65 0R0 076 2.3 19.4 86.9 1.0101 0.00 0.0M
115020.000 1967 COM2 65 0R0 038 0.7 19.5 86.7 1.0101 0.00 0.0M
115080.000 1967 COM2 65 0R0 079 0.9 19.5 86.7 1.0101 0.00 0.0M
115140.000 1967 COM2 65 0R0 056 2.5 19.5 86.8 1.0100 0.00 0.0M
115200.000 1967 COM2 65 0R0 055 2.3 19.5 86.7 1.0100 0.00 0.0M
115260.000 1967 COM2 65 0R0 077 1.6 19.5 86.7 1.0101 0.00 0.0M
115320.000 1967 COM2 65 0R0 105 2.1 19.5 86.6 1.0101 0.00 0.0M
115380.000 1967 COM2 65 0R0 104 1.6 19.5 86.3 1.0101 0.00 0.0M
115440.000 1967 COM2 65 0R0 105 1.6 19.5 86.5 1.0101 0.00 0.0M
115500.000 1967 COM2 65 0R0 251 0.3 19.5 86.2 1.0101 0.00 0.0M
115560.000 1967 COM2 65 0R0 060 0.7 19.5 86.3 1.0101 0.00 0.0M
115620.000 1967 COM2 65 0R0 100 2.4 19.6 86.0 1.0101 0.00 0.0M
115680.000 1967 COM2 65 0R0 168 0.4 19.6 86.0 1.0101 0.00 0.0M
115740.000 1967 COM2 65 0R0 084 1.5 19.6 85.5 1.0101 0.00 0.0M
115800.000 1967 COM2 65 0R0 099 2.2 19.6 85.7 1.0102 0.00 0.0M
115860.000 1967 COM2 65 0R0 105 2.2 19.6 85.9 1.0102 0.00 0.0M
115920.000 1967 COM2 65 0R0 086 0.7 19.6 85.8 1.0102 0.00 0.0M
115980.000 1967 COM2 65 0R0 086 1.6 19.6 85.9 1.0102 0.00 0.0M
116040.000 1967 COM2 65 0R0 092 1.1 19.6 85.7 1.0102 0.00 0.0M
116100.000 1967 COM2 65 0R0 085 0.8 19.6 85.4 1.0102 0.00 0.0M
116160.000 1967 COM2 65 0R0 110 1.5 19.7 85.6 1.0102 0.00 0.0M
116220.000 1967 COM2 65 0R0 042 1.0 19.7 85.6 1.0102 0.00 0.0M
116280.000 1967 COM2 65 0R0 348 0.5 19.7 84.8 1.0102 0.00 0.0M
116340.000 1967 COM2 65 0R0 109 1.4 19.7 84.9 1.0102 0.00 0.0M
116400.000 1967 COM2 65 0R0 074 1.4 19.7 85.2 1.0102 0.00 0.0M
116460.000 1967 COM2 65 0R0 150 0.7 19.7 85.1 1.0102 0.00 0.0M
116520.000 1967 COM2 65 0R0 083 0.6 19.8 85.0 1.0103 0.00 0.0M
116580.000 1967 COM2 65 0R0 130 0.3 19.8 84.6 1.0103 0.00 0.0M
116640.000 1967 COM2 65 0R0 102 1.5 19.8 84.7 1.0103 0.00 0.0M
116700.100 1967 COM2 65 0R0 044 1.2 19.8 84.6 1.0103 0.00 0.0M
116760.000 1967 COM2 65 0R0 080 1.5 19.8 84.9 1.0104 0.00 0.0M
116820.000 1967 COM2 65 0R0 019 0.2 19.8 84.8 1.0104 0.00 0.0M
116880.000 1967 COM2 65 0R0 139 0.7 19.8 84.8 1.0104 0.00 0.0M
116940.000 1967 COM2 65 0R0 034 0.3 19.8 84.5 1.0104 0.00 0.0M
117000.000 1967 COM2 65 0R0 097 1.1 19.9 84.4 1.0104 0.00 0.0M
117060.000 1967 COM2 65 0R0 084 1.5 19.9 84.6 1.0104 0.00 0.0M
117120.000 1967 COM2 65 0R0 103 1.1 19.9 84.6 1.0104 0.00 0.0M
117180.000 1967 COM2 65 0R0 012 0.6 19.9 84.0 1.0104 0.00 0.0M
117240.000 1967 COM2 65 0R0 029 1.1 19.9 85.0 1.0104 0.00 0.0M
117300.000 1967 COM2 65 0R0 037 1.1 19.9 85.0 1.0104 0.00 0.0M
117360.000 1967 COM2 65 0R0 044 2.0 19.8 85.0 1.0104 0.00 0.0M
117420.000 1967 COM2 65 0R0 020 0.7 19.8 85.1 1.0104 0.00 0.0M
117480.000 1967 COM2 65 0R0 037 1.5 19.8 85.1 1.0104 0.00 0.0M
117540.000 1967 COM2 65 0R0 033 0.9 19.8 85.0 1.0104 0.00 0.0M
117600.000 1967 COM2 65 0R0 010 0.3 19.8 84.8 1.0104 0.00 0.0M
117660.000 1967 COM2 65 0R0 340 0.7 19.8 85.0 1.0104 0.00 0.0M
117720.000 1967 COM2 65 0R0 044 1.0 19.8 85.1 1.0104 0.00 0.0M
117780.000 1967 COM2 65 0R0 014 1.1 19.8 85.1 1.0104 0.00 0.0M
117840.000 1967 COM2 65 0R0 078 0.4 19.8 85.0 1.0104 0.00 0.0M
117900.000 1967 COM2 65 0R0 043 0.4 19.8 85.1 1.0104 0.00 0.0M
117960.000 1967 COM2 65 0R0 348 0.5 19.8 85.1 1.0104 0.00 0.0M
118020.000 1967 COM2 65 0R0 009 0.6 19.8 85.0 1.0104 0.00 0.0M
118080.000 1967 COM2 65 0R0 349 1.3 19.8 85.1 1.0104 0.00 0.0M
118140.000 1967 COM2 65 0R0 354 0.3 19.8 85.1 1.0104 0.00 0.0M
118200.000 1967 COM2 65 0R0 090 0.3 19.8 85.1 1.0104 0.00 0.0M
118260.000 1967 COM2 65 0R0 020 1.1 19.8 85.0 1.0104 0.00 0.0M
118320.000 1967 COM2 65 0R0 025 0.9 19.8 85.2 1.0105 0.00 0.0M
118380.000 1967 COM2 65 0R0 015 1.6 19.8 85.2 1.0105 0.00 0.0M
118440.000 1967 COM2 65 0R0 351 0.4 19.8 85.2 1.0105 0.00 0.0M
118500.000 1967 COM2 65 0R0 032 0.7 19.8 85.3 1.0105 0.00 0.0M
118560.000 1967 COM2 65 0R0 185 0.4 19.8 85.3 1.0105 0.00 0.0M
118620.000 1967 COM2 65 0R0 015 1.2 19.8 85.2 1.0105 0.00 0.0M
118680.000 1967 COM2 65 0R0 006 0.7 19.8 85.3 1.0105 0.00 0.0M
118740.000 1967 COM2 65 0R0 055 0.5 19.8 85.4 1.0105 0.00 0.0M
118800.000 1967 COM2 65 0R0 032 0.7 19.8 85.4 1.0104 0.00 0.0M
118860.000 1967 COM2 65 0R0 040 0.4 19.8 85.4 1.0104 0.00 0.0M
118920.000 1967 COM2 65 0R0 348 1.2 19.8 85.5 1.0104 0.00 0.0M
118980.000 1967 COM2 65 0R0 023 0.5 19.8 85.4 1.0104 0.00 0.0M
119040.100 1967 COM2 65 0R0 338 0.6 19.8 85.5 1.0104 0.00 0.0M
119100.000 1967 COM2 65 0R0 024 0.9 19.8 85.5 1.0104 0.00 0.0M
119160.000 1967 COM2 65 0R0 329 0.3 19.8 85.5 1.0104 0.00 0.0M
119220.000 1967 COM2 65 0R0 013 0.9 19.8 85.5 1.0103 0.00 0.0M
119280.100 1967 COM2 65 0R0 025 1.1 19.8 85.5 1.0103 0.00 0.0M
119340.000 1967 COM2 65 0R0 022 1.4 19.8 85.6 1.0103 0.00 0.0M
119400.000 1967 COM2 65 0R0 027 0.9 19.8 85.6 1.0103 0.00 0.0M
119460.000 1967 COM2 65 0R0 014 1.8 19.8 85.7 1.0103 0.00 0.0M
119520.000 1967 COM2 65 0R0 047 1.8 19.8 85.7 1.0103 0.00 0.0M
119580.000 1967 COM2 65 0R0 039 1.2 19.8 85.7 1.0103 0.00 0.0M
119640.000 1967 COM2 65 0R0 019 1.2 19.8 85.7 1.0103 0.00 0.0M
119700.000 1967 COM2 65 0R0 345 1.0 19.8 85.8 1.0103 0.00 0.0M
119760.000 1967 COM2 65 0R0 338 0.7 19.8 85.9 1.0103 0.00 0.0M
119820.000 1967 COM2 65 0R0 014 0.4 19.8 85.8 1.0103 0.00 0.0M
119880.000 1967 COM2 65 0R0 094 0.7 19.8 85.8 1.0103 0.00 0.0M
119940.000 1967 COM2 65 0R0 051 0.4 19.8 85.7 1.0103 0.00 0.0M
120000.000 1967 COM2 65 0R0 029 0.6 19.8 85.8 1.0103 0.00 0.0M
120060.000 1967 COM2 65 0R0 336 0.5 19.8 85.8 1.0103 0.00 0.0M
120120.000 1967 COM2 65 0R0 001 0.2 19.8 85.9 1.0103 0.00 0.0M
120180.000 1967 COM2 65 0R0 010 0.3 19.8 85.6 1.0103 0.00 0.0M
120240.000 1967 COM2 65 0R0 035 1.1 19.8 85.7 1.0103 0.00 0.0M
120300.000 1967 COM2 65 0R0 063 0.6 19.8 85.9 1.0103 0.00 0.0M
120360.000 1967 COM2 65 0R0 316 0.7 19.8 85.9 1.0103 0.00 0.0M
120420.000 1967 COM2 65 0R0 040 0.7 19.8 85.9 1.0103 0.00 0.0M
120480.000 1967 COM2 65 0R0 028 1.9 19.8 85.9 1.0103 0.00 0.0M
120540.000 1967 COM2 65 0R0 030 1.3 19.8 86.0 1.0103 0.00 0.0M
120600.000 1967 COM2 65 0R0 046 0.5 19.8 85.8 1.0103 0.00 0.0M
120660.000 1967 COM2 65 0R0 024 0.5 19.8 85.9 1.0102 0.00 0.0M
120720.000 1967 COM2 65 0R0 278 0.5 19.8 85.9 1.0102 0.00 0.0M
120780.000 1967 COM2 65 0R0 049 0.6 19.8 86.0 1.0103 0.00 0.0M
120840.000 1967 COM2 65 0R0 351 0.7 19.8 85.9 1.0103 0.00 0.0M
120900.000 1967 COM2 65 0R0 014 1.2 19.8 86.0 1.0103 0.00 0.0M
120960.000 1967 COM2 65 0R0 343 0.5 19.8 86.0 1.0103 0.00 0.0M
121020.000 1967 COM2 65 0R0 338 0.8 19.8 86.1 1.0103 0.00 0.0M
121080.000 1967 COM2 65 0R0 346 1.6 19.8 86.1 1.0103 0.00 0.0M
121140.000 1967 COM2 65 0R0 342 2.1 19.8 86.2 1.0103 0.00 0.0M
121200.000 1967 COM2 65 0R0 000 0.5 19.7 86.2 1.0103 0.00 0.0M
121260.000 1967 COM2 65 0R0 019 1.3 19.7 86.2 1.0104 0.00 0.0M
121320.000 1967 COM2 65 0R0 017 1.6 19.7 86.2 1.0104 0.00 0.0M
121380.000 1967 COM2 65 0R0 347 1.0 19.7 86.2 1.0104 0.00 0.0M
121440.000 1967 COM2 65 0R0 329 0.6 19.7 86.3 1.0104 0.00 0.0M
121500.000 1967 COM2 65 0R0 041 1.0 19.7 86.4 1.0104 0.00 0.0M
121560.000 1967 COM2 65 0R0 314 0.5 19.7 86.2 1.0104 0.00 0.0M
121620.000 1967 COM2 65 0R0 034 0.8 19.7 86.3 1.0104 0.00 0.0M
121680.000 1967 COM2 65 0R0 358 0.3 19.7 86.3 1.0104 0.00 0.0M
121740.000 1967 COM2 65 0R0 030 0.6 19.7 86.2 1.0104 0.00 0.0M
121800.000 1967 COM2 65 0R0 012 0.6 19.7 86.1 1.0104 0.00 0.0M
121860.000 1967 COM2 65 0R0 034 0.4 19.7 86.1 1.0104 0.00 0.0M
121920.000 1967 COM2 65 0R0 042 1.4 19.7 86.0 1.0104 0.00 0.0M
121980.000 1967 COM2 65 0R0 073 0.2 19.7 85.9 1.0103 0.00 0.0M
122040.000 1967 COM2 65 0R0 035 1.1 19.8 85.9 1.0103 0.00 0.0M
122100.000 1967 COM2 65 0R0 047 0.3 19.8 85.9 1.0103 0.00 0.0M
122160.100 1967 COM2 65 0R0 029 1.2 19.8 85.9 1.0104 0.00 0.0M
122220.000 1967 COM2 65 0R0 015 1.6 19.8 85.7 1.0104 0.00 0.0M
122280.000 1967 COM2 65 0R0 072 0.9 19.8 85.9 1.0104 0.00 0.0M
122340.000 1967 COM2 65 0R0 045 1.0 19.8 85.9 1.0104 0.00 0.0M
122400.000 1967 COM2 65 0R0 002 0.2 19.8 85.8 1.0104 0.00 0.0M
122460.100 1967 COM2 65 0R0 014 1.1 19.8 86.0 1.0104 0.00 0.0M
122520.000 1967 COM2 65 0R0 013 1.0 19.8 85.9 1.0104 0.00 0.0M
122580.000 1967 COM2 65 0R0 059 0.5 19.8 86.0 1.0104 0.00 0.0M
122640.100 1967 COM2 65 0R0 286 0.4 19.8 85.9 1.0104 0.00 0.0M
122700.100 1967 COM2 65 0R0 001 0.7 19.8 85.9 1.0104 0.00 0.0M
122760.100 1967 COM2 65 0R0 039 1.4 19.8 85.9 1.0104 0.00 0.0M
122820.100 1967 COM2 65 0R0 328 0.8 19.8 85.9 1.0104 0.00 0.0M
122880.100 1967 COM2 65 0R0 359 1.2 19.8 85.9 1.0104 0.00 0.0M
122940.100 1967 COM2 65 0R0 333 0.8 19.8 85.7 1.0104 0.00 0.0M
123000.100 1967 COM2 65 0R0 001 0.7 19.8 85.7 1.0104 0.00 0.0M
123060.100 1967 COM2 65 0R0 009 0.2 19.8 85.7 1.0104 0.00 0.0M
123120.100 1967 COM2 65 0R0 004 0.8 19.8 85.7 1.0104 0.00 0.0M
123180.100 1967 COM2 65 0R0 064 1.1 19.8 85.5 1.0104 0.00 0.0M
123240.100 1967 COM2 65 0R0 069 0.6 19.9 85.6 1.0104 0.00 0.0M
123300.100 1967 COM2 65 0R0 065 0.6 19.9 85.6 1.0104 0.00 0.0M
123360.100 1967 COM2 65 0R0 303 0.4 19.9 85.4 1.0104 0.00 0.0M
123420.100 1967 COM2 65 0R0 000 0.3 19.9 85.6 1.0104 0.00 0.0M
123480.100 1967 COM2 65 0R0 017 1.3 19.9 85.8 1.0105 0.00 0.0M
123540.100 1967 COM2 65 0R0 019 1.7 19.8 85.7 1.0105 0.00 0.0M
123600.100 1967 COM2 65 0R0 060 1.1 19.8 85.9 1.0105 0.00 0.0M
123660.100 1967 COM2 65 0R0 069 0.7 19.8 86.0 1.0105 0.00 0.0M
123720.100 1967 COM2 65 0R0 071 0.3 19.8 86.0 1.0105 0.00 0.0M
123780.100 1967 COM2 65 0R0 031 0.3 19.8 86.0 1.0105 0.00 0.0M
123840.100 1967 COM2 65 0R0 093 0.3 19.8 86.0 1.0105 0.00 0.0M
123900.100 1967 COM2 65 0R0 102 0.4 19.8 85.9 1.0105 0.00 0.0M
123960.100 1967 COM2 65 0R0 099 0.5 19.8 85.4 1.0105 0.00 0.0M
124020.000 1967 COM2 65 0R0 005 0.3 19.8 85.5 1.0105 0.00 0.0M
124080.100 1967 COM2 65 0R0 045 1.0 19.9 85.7 1.0106 0.00 0.0M
124140.100 1967 COM2 65 0R0 003 0.6 19.9 85.8 1.0106 0.00 0.0M
124200.100 1967 COM2 65 0R0 073 0.4 19.9 85.8 1.0106 0.00 0.0M
124260.000 1967 COM2 65 0R0 053 0.4 19.8 85.9 1.0106 0.00 0.0M
124320.000 1967 COM2 65 0R0 081 0.7 19.8 85.8 1.0106 0.00 0.0M
124380.000 1967 COM2 65 0R0 041 1.2 19.8 85.8 1.0107 0.00 0.0M
124440.000 1967 COM2 65 0R0 032 0.6 19.8 85.9 1.0107 0.00 0.0M
124500.000 1967 COM2 65 0R0 039 1.3 19.8 86.0 1.0107 0.00 0.0M
124560.000 1967 COM2 65 0R0 082 0.2 19.8 86.0 1.0107 0.00 0.0M
124620.000 1967 COM2 65 0R0 065 1.2 19.8 86.1 1.0107 0.00 0.0M
124680.000 1967 COM2 65 0R0 028 0.8 19.8 86.0 1.0108 0.00 0.0M
124740.000 1967 COM2 65 0R0 024 1.2 19.8 86.3 1.0108 0.00 0.0M
124800.000 1967 COM2 65 0R0 066 0.4 19.7 86.4 1.0108 0.00 0.0M
124860.000 1967 COM2 65 0R0 035 1.5 19.7 86.4 1.0108 0.00 0.0M
124920.000 1967 COM2 65 0R0 040 1.2 19.7 86.4 1.0108 0.00 0.0M
124980.000 1967 COM2 65 0R0 029 1.0 19.7 86.4 1.0108 0.00 0.0M
125040.000 1967 COM2 65 0R0 032 1.9 19.7 86.5 1.0107 0.00 0.0M
125100.000 1967 COM2 65 0R0 004 0.4 19.7 86.5 1.0107 0.00 0.0M
125160.000 1967 COM2 65 0R0 074 0.2 19.7 86.7 1.0107 0.00 0.0M
125220.100 1967 COM2 65 0R0 046 1.6 19.7 86.7 1.0108 0.00 0.0M
125280.000 1967 COM2 65 0R0 050 0.6 19.7 86.8 1.0108 0.00 0.0M
125340.000 1967 COM2 65 0R0 026 1.2 19.7 86.9 1.0108 0.00 0.0M
125400.000 1967 COM2 65 0R0 022 1.8 19.7 87.1 1.0108 0.00 0.0M
125460.000 1967 COM2 65 0R0 035 2.3 19.7 87.2 1.0108 0.00 0.0M
125520.000 1967 COM2 65 0R0 037 1.8 19.6 87.3 1.0108 0.00 0.0M
125580.000 1967 COM2 65 0R0 032 0.7 19.6 87.4 1.0108 0.00 0.0M
125640.000 1967 COM2 65 0R0 029 1.0 19.6 87.5 1.0108 0.00 0.0M
125700.000 1967 COM2 65 0R0 341 2.0 19.6 87.7 1.0108 0.00 0.0M
125760.000 1967 COM2 65 0R0 012 1.9 19.6 87.8 1.0108 0.00 0.0M
125820.000 1967 COM2 65 0R0 058 2.1 19.6 87.6 1.0109 0.00 0.0M
125880.000 1967 COM2 65 0R0 031 2.2 19.6 87.7 1.0109 0.00 0.0M
125940.000 1967 COM2 65 0R0 019 1.1 19.6 87.7 1.0109 0.00 0.0M
126000.000 1967 COM2 65 0R0 002 0.4 19.6 87.8 1.0109 0.00 0.0M
126060.000 1967 COM2 65 0R0 331 0.3 19.6 87.9 1.0109 0.00 0.0M
126120.000 1967 COM2 65 0R0 053 0.7 19.6 87.9 1.0109 0.00 0.0M
126180.000 1967 COM2 65 0R0 030 0.7 19.6 87.9 1.0109 0.00 0.0M
126240.000 1967 COM2 65 0R0 024 2.8 19.6 88.0 1.0110 0.00 0.0M
126300.000 1967 COM2 65 0R0 053 1.3 19.5 88.2 1.0110 0.00 0.0M
126360.000 1967 COM2 65 0R0 014 1.4 19.5 88.2 1.0110 0.00 0.0M
126420.000 1967 COM2 65 0R0 017 1.3 19.5 88.3 1.0110 0.00 0.0M
126480.000 1967 COM2 65 0R0 092 0.6 19.5 88.2 1.0111 0.00 0.0M
126540.000 1967 COM2 65 0R0 052 0.4 19.5 88.1 1.0111 0.00 0.0M
126600.000 1967 COM2 65 0R0 350 0.8 19.5 88.1 1.0111 0.00 0.0M
126660.000 1967 COM2 65 0R0 080 0.3 19.5 88.0 1.0111 0.00 0.0M
126720.200 1967 COM2 65 0R0 029 0.7 19.6 87.8 1.0111 0.00 0.0M
126780.000 1967 COM2 65 0R0 340 0.6 19.6 87.8 1.0111 0.00 0.0M
126840.000 1967 COM2 65 0R0 014 1.8 19.6 87.9 1.0111 0.00 0.0M
126900.000 1967 COM2 65 0R0 057 1.4 19.6 88.0 1.0111 0.00 0.0M
126960.000 1967 COM2 65 0R0 036 0.9 19.6 88.1 1.0111 0.00 0.0M
127020.000 1967 COM2 65 0R0 021 2.7 19.6 88.3 1.0111 0.00 0.0M
127080.000 1967 COM2 65 0R0 009 0.9 19.5 88.4 1.0111 0.00 0.0M
127140.000 1967 COM2 65 0R0 031 0.9 19.5 88.4 1.0111 0.00 0.0M
127200.000 1967 COM2 65 0R0 026 1.9 19.5 88.5 1.0111 0.00 0.0M
127260.000 1967 COM2 65 0R0 065 1.8 19.5 88.5 1.0111 0.00 0.0M
127320.000 1967 COM2 65 0R0 010 1.2 19.5 88.5 1.0112 0.00 0.0M
127380.000 1967 COM2 65 0R0 356 0.9 19.5 88.6 1.0112 0.00 0.0M
127440.000 1967 COM2 65 0R0 029 0.7 19.5 88.5 1.0112 0.00 0.0M
127500.000 1967 COM2 65 0R0 340 0.3 19.5 88.4 1.0112 0.00 0.0M
127560.000 1967 COM2 65 0R0 013 1.1 19.5 88.4 1.0112 0.00 0.0M
127620.000 1967 COM2 65 0R0 025 1.1 19.6 88.4 1.0112 0.00 0.0M
127680.000 1967 COM2 65 0R0 009 1.2 19.5 88.5 1.0112 0.00 0.0M
127740.000 1967 COM2 65 0R0 017 1.1 19.5 88.6 1.0112 0.00 0.0M
127800.000 1967 COM2 65 0R0 069 0.8 19.5 88.6 1.0112 0.00 0.0M
127860.000 1967 COM2 65 0R0 032 1.3 19.5 88.7 1.0112 0.00 0.0M
127920.000 1967 COM2 65 0R0 010 1.4 19.5 88.7 1.0112 0.00 0.0M
127980.000 1967 COM2 65 0R0 013 0.9 19.5 88.7 1.0112 0.00 0.0M
128040.000 1967 COM2 65 0R0 028 2.5 19.5 88.7 1.0112 0.00 0.0M
128100.000 1967 COM2 65 0R0 012 1.3 19.5 88.6 1.0112 0.00 0.0M
128160.000 1967 COM2 65 0R0 041 1.0 19.5 88.6 1.0112 0.00 0.0M
128220.000 1967 COM2 65 0R0 016 1.0 19.5 88.6 1.0112 0.00 0.0M
128280.000 1967 COM2 65 0R0 351 0.3 19.5 88.6 1.0112 0.00 0.0M
128340.000 1967 COM2 65 0R0 067 0.5 19.6 88.5 1.0112 0.00 0.0M
128400.000 1967 COM2 65 0R0 081 0.6 19.6 88.3 1.0112 0.00 0.0M
128460.000 1967 COM2 65 0R0 019 1.7 19.6 88.1 1.0112 0.00 0.0M
128520.000 1967 COM2 65 0R0 010 0.8 19.6 88.2 1.0112 0.00 0.0M
128580.000 1967 COM2 65 0R0 011 1.4 19.6 88.1 1.0111 0.00 0.0M
128640.000 1967 COM2 65 0R0 010 0.7 19.7 88.2 1.0111 0.00 0.0M
128700.000 1967 COM2 65 0R0 036 0.6 19.7 88.1 1.0111 0.00 0.0M
128760.000 1967 COM2 65 0R0 327 1.3 19.7 88.1 1.0111 0.00 0.0M
128820.000 1967 COM2 65 0R0 029 2.1 19.7 88.2 1.0111 0.00 0.0M
128880.000 1967 COM2 65 0R0 004 0.2 19.7 88.3 1.0111 0.00 0.0M
128940.000 1967 COM2 65 0R0 027 1.8 19.7 88.0 1.0111 0.00 0.0M
129000.000 1967 COM2 65 0R0 034 1.6 19.7 88.0 1.0111 0.00 0.0M
129060.000 1967 COM2 65 0R0 022 0.9 19.7 88.0 1.0111 0.00 0.0M
129120.000 1967 COM2 65 0R0 045 0.4 19.7 88.1 1.0111 0.00 0.0M
129180.000 1967 COM2 65 0R0 024 1.7 19.7 88.1 1.0111 0.00 0.0M
129240.000 1967 COM2 65 0R0 053 0.6 19.7 88.1 1.0111 0.00 0.0M
129300.000 1967 COM2 65 0R0 347 1.1 19.7 88.1 1.0111 0.00 0.0M
129360.000 1967 COM2 65 0R0 050 1.2 19.7 88.0 1.0111 0.00 0.0M
129420.000 1967 COM2 65 0R0 047 1.6 19.7 87.9 1.0111 0.00 0.0M
129480.000 1967 COM2 65 0R0 037 0.6 19.7 87.9 1.0111 0.00 0.0M
129540.000 1967 COM2 65 0R0 021 0.7 19.8 87.8 1.0111 0.00 0.0M
129600.000 1967 COM2 65 0R0 024 1.1 19.8 87.7 1.0111 0.00 0.0M
129660.000 1967 COM2 65 0R0 076 1.0 19.8 87.7 1.0111 0.00 0.0M
129720.000 1967 COM2 65 0R0 340 0.3 19.8 87.6 1.0111 0.00 0.0M
129780.000 1967 COM2 65 0R0 036 2.0 19.8 87.5 1.0112 0.00 0.0M
129840.000 1967 COM2 65 0R0 020 2.0 19.8 87.5 1.0112 0.00 0.0M
129900.000 1967 COM2 65 0R0 048 1.7 19.8 87.5 1.0112 0.00 0.0M
129960.000 1967 COM2 65 0R0 007 0.9 19.8 87.5 1.0112 0.00 0.0M
130020.000 1967 COM2 65 0R0 025 0.8 19.8 87.5 1.0112 0.00 0.0M
130080.000 1967 COM2 65 0R0 056 0.9 19.8 87.4 1.0112 0.00 0.0M
130140.000 1967 COM2 65 0R0 041 1.1 19.9 87.2 1.0113 0.00 0.0M
130200.000 1967 COM2 65 0R0 021 1.3 19.9 87.3 1.0113 0.00 0.0M
130260.000 1967 COM2 65 0R0 030 1.5 19.9 87.2 1.0113 0.00 0.0M
130320.000 1967 COM2 65 0R0 060 1.1 19.9 87.3 1.0113 0.00 0.0M
130380.000 1967 COM2 65 0R0 358 0.5 19.9 87.0 1.0113 0.00 0.0M
130440.000 1967 COM2 65 0R0 325 0.8 19.9 86.8 1.0113 0.00 0.0M
130500.000 1967 COM2 65 0R0 034 1.2 19.9 86.8 1.0113 0.00 0.0M
130560.000 1967 COM2 65 0R0 338 0.5 20.0 86.8 1.0113 0.00 0.0M
130620.000 1967 COM2 65 0R0 081 1.6 20.0 86.6 1.0113 0.00 0.0M
130680.000 1967 COM2 65 0R0 027 2.2 20.0 86.6 1.0113 0.00 0.0M
130740.000 1967 COM2 65 0R0 020 0.7 20.0 86.6 1.0113 0.00 0.0M
130800.000 1967 COM2 65 0R0 028 2.8 20.0 86.6 1.0113 0.00 0.0M
130860.000 1967 COM2 65 0R0 029 2.8 20.0 86.5 1.0113 0.00 0.0M
130920.000 1967 COM2 65 0R0 015 2.6 20.0 86.4 1.0112 0.00 0.0M
130980.000 1967 COM2 65 0R0 050 2.5 19.9 86.6 1.0113 0.00 0.0M
131040.000 1967 COM2 65 0R0 070 3.2 19.9 85.7 1.0112 0.00 0.0M
131100.000 1967 COM2 65 0R0 027 3.9 19.9 86.0 1.0112 0.00 0.0M
131160.000 1967 COM2 65 0R0 038 2.9 19.9 86.2 1.0112 0.00 0.0M
131220.000 1967 COM2 65 0R0 038 2.7 19.9 85.9 1.0112 0.00 0.0M
131280.000 1967 COM2 65 0R0 040 1.4 19.9 86.0 1.0112 0.00 0.0M
131340.000 1967 COM2 65 0R0 034 2.4 19.9 86.0 1.0112 0.00 0.0M
131400.000 1967 COM2 65 0R0 066 3.0 19.9 85.7 1.0112 0.00 0.0M
131460.000 1967 COM2 65 0R0 030 3.9 20.0 85.4 1.0112 0.00 0.0M
131520.000 1967 COM2 65 0R0 062 1.1 20.0 85.4 1.0112 0.00 0.0M
131580.000 1967 COM2 65 0R0 298 0.4 20.0 85.4 1.0112 0.00 0.0M
131640.000 1967 COM2 65 0R0 011 1.0 20.0 85.2 1.0111 0.00 0.0M
131700.000 1967 COM2 65 0R0 046 2.3 20.1 84.9 1.0112 0.00 0.0M
131760.000 1967 COM2 65 0R0 044 1.2 20.1 84.8 1.0112 0.00 0.0M
131820.000 1967 COM2 65 0R0 004 0.5 20.1 84.8 1.0112 0.00 0.0M
131880.000 1967 COM2 65 0R0 025 1.8 20.1 84.6 1.0112 0.00 0.0M
131940.000 1967 COM2 65 0R0 031 2.7 20.1 84.6 1.0112 0.00 0.0M
132000.000 1967 COM2 65 0R0 072 3.3 20.1 84.6 1.0112 0.00 0.0M
132060.000 1967 COM2 65 0R0 074 1.8 20.1 84.5 1.0112 0.00 0.0M
132120.000 1967 COM2 65 0R0 066 1.6 20.1 84.8 1.0112 0.00 0.0M
132180.000 1967 COM2 65 0R0 063 1.0 20.1 84.6 1.0112 0.00 0.0M
132240.000 1967 COM2 65 0R0 332 0.5 20.2 84.6 1.0112 0.00 0.0M
132300.000 1967 COM2 65 0R0 066 1.4 20.2 84.4 1.0112 0.00 0.0M
132360.000 1967 COM2 65 0R0 034 3.3 20.2 84.2 1.0112 0.00 0.0M
132420.000 1967 COM2 65 0R0 067 2.8 20.2 84.3 1.0112 0.00 0.0M
132480.000 1967 COM2 65 0R0 034 2.8 20.2 84.4 1.0112 0.00 0.0M
132540.000 1967 COM2 65 0R0 071 1.0 20.2 84.4 1.0112 0.00 0.0M
132600.000 1967 COM2 65 0R0 036 2.0 20.2 84.3 1.0111 0.00 0.0M
132660.000 1967 COM2 65 0R0 029 1.8 20.2 84.5 1.0111 0.00 0.0M
132720.000 1967 COM2 65 0R0 027 2.9 20.2 84.1 1.0112 0.00 0.0M
132780.000 1967 COM2 65 0R0 066 1.4 20.2 84.0 1.0111 0.00 0.0M
132840.000 1967 COM2 65 0R0 034 0.9 20.2 84.1 1.0111 0.00 0.0M
132900.000 1967 COM2 65 0R0 349 1.2 20.2 84.3 1.0111 0.00 0.0M
132960.000 1967 COM2 65 0R0 023 1.8 20.2 84.2 1.0112 0.00 0.0M
133020.000 1967 COM2 65 0R0 333 0.6 20.2 84.2 1.0112 0.00 0.0M
133080.000 1967 COM2 65 0R0 107 1.2 20.3 84.0 1.0112 0.00 0.0M
133140.000 1967 COM2 65 0R0 022 1.4 20.3 83.6 1.0112 0.00 0.0M
133200.000 1967 COM2 65 0R0 109 0.5 20.3 83.4 1.0112 0.00 0.0M
133260.000 1967 COM2 65 0R0 063 3.0 20.4 83.4 1.0113 0.00 0.0M
133320.000 1967 COM2 65 0R0 018 1.8 20.4 83.7 1.0113 0.00 0.0M
133380.000 1967 COM2 65 0R0 027 2.1 20.4 83.3 1.0113 0.00 0.0M
133440.000 1967 COM2 65 0R0 049 1.2 20.4 83.7 1.0113 0.00 0.0M
133500.000 1967 COM2 65 0R0 011 1.1 20.4 83.6 1.0113 0.00 0.0M
133560.000 1967 COM2 65 0R0 048 1.2 20.4 83.7 1.0113 0.00 0.0M
133620.000 1967 COM2 65 0R0 122 1.4 20.4 83.6 1.0112 0.00 0.0M
133680.000 1967 COM2 65 0R0 046 2.8 20.4 83.7 1.0112 0.00 0.0M
133740.000 1967 COM2 65 0R0 032 2.9 20.4 83.2 1.0112 0.00 0.0M
133800.000 1967 COM2 65 0R0 049 3.1 20.5 83.1 1.0112 0.00 0.0M
133860.000 1967 COM2 65 0R0 352 0.4 20.4 83.1 1.0112 0.00 0.0M
133920.000 1967 COM2 65 0R0 063 2.9 20.4 83.2 1.0112 0.00 0.0M
133980.000 1967 COM2 65 0R0 051 0.8 20.4 83.4 1.0112 0.00 0.0M
134040.000 1967 COM2 65 0R0 026 5.1 20.4 83.0 1.0112 0.00 0.0M
134100.000 1967 COM2 65 0R0 022 4.0 20.4 83.3 1.0113 0.00 0.0M
134160.000 1967 COM2 65 0R0 087 1.0 20.4 83.4 1.0113 0.00 0.0M
134220.000 1967 COM2 65 0R0 047 1.7 20.4 83.3 1.0113 0.00 0.0M
134280.000 1967 COM2 65 0R0 012 2.5 20.4 83.4 1.0113 0.00 0.0M
134340.000 1967 COM2 65 0R0 040 3.6 20.4 83.2 1.0113 0.00 0.0M
134400.000 1967 COM2 65 0R0 026 2.8 20.4 83.5 1.0113 0.00 0.0M
134460.000 1967 COM2 65 0R0 055 3.1 20.3 83.5 1.0112 0.00 0.0M
134520.000 1967 COM2 65 0R0 047 2.7 20.3 83.6 1.0112 0.00 0.0M
134580.000 1967 COM2 65 0R0 065 3.9 20.3 83.7 1.0112 0.00 0.0M
134640.000 1967 COM2 65 0R0 027 0.9 20.3 83.8 1.0113 0.00 0.0M
134700.000 1967 COM2 65 0R0 040 2.1 20.3 84.0 1.0113 0.00 0.0M
134760.000 1967 COM2 65 0R0 020 3.5 20.3 84.0 1.0113 0.00 0.0M
134820.000 1967 COM2 65 0R0 027 3.5 20.3 83.8 1.0113 0.00 0.0M
134880.000 1967 COM2 65 0R0 055 2.0 20.3 84.0 1.0114 0.00 0.0M
134940.000 1967 COM2 65 0R0 023 1.6 20.3 83.8 1.0114 0.00 0.0M
135000.000 1967 COM2 65 0R0 020 2.9 20.3 83.8 1.0114 0.00 0.0M
135060.000 1967 COM2 65 0R0 037 2.0 20.3 83.7 1.0114 0.00 0.0M
135120.000 1967 COM2 65 0R0 050 0.9 20.3 83.8 1.0114 0.00 0.0M
135180.000 1967 COM2 65 0R0 001 1.0 20.3 83.8 1.0114 0.00 0.0M
135240.000 1967 COM2 65 0R0 069 1.2 20.4 83.8 1.0114 0.00 0.0M
135300.000 1967 COM2 65 0R0 068 2.2 20.4 83.7 1.0114 0.00 0.0M
135360.000 1967 COM2 65 0R0 083 4.3 20.4 83.4 1.0114 0.00 0.0M
135420.000 1967 COM2 65 0R0 081 3.5 20.4 83.6 1.0114 0.00 0.0M
135480.000 1967 COM2 65 0R0 037 2.1 20.4 83.8 1.0114 0.00 0.0M
135540.000 1967 COM2 65 0R0 057 2.2 20.4 83.7 1.0114 0.00 0.0M
135600.000 1967 COM2 65 0R0 033 2.7 20.4 83.6 1.0114 0.00 0.0M
135660.000 1967 COM2 65 0R0 036 1.5 20.4 83.6 1.0114 0.00 0.0M
135720.000 1967 COM2 65 0R0 040 1.8 20.4 83.6 1.0114 0.00 0.0M
135780.000 1967 COM2 65 0R0 036 1.1 20.4 83.6 1.0114 0.00 0.0M
135840.100 1967 COM2 65 0R0 042 2.2 20.4 83.5 1.0114 0.00 0.0M
135900.000 1967 COM2 65 0R0 069 1.9 20.4 83.8 1.0114 0.00 0.0M
135960.000 1967 COM2 65 0R0 062 3.4 20.4 83.6 1.0114 0.00 0.0M
136020.000 1967 COM2 65 0R0 072 3.3 20.4 83.8 1.0114 0.00 0.0M
136080.000 1967 COM2 65 0R0 059 2.1 20.4 83.9 1.0114 0.00 0.0M
136140.100 1967 COM2 65 0R0 058 2.2 20.4 84.0 1.0114 0.00 0.0M
136200.000 1967 COM2 65 0R0 081 2.5 20.4 84.2 1.0114 0.00 0.0M
136260.100 1967 COM2 65 0R0 032 3.3 20.4 84.1 1.0114 0.00 0.0M
136320.000 1967 COM2 65 0R0 288 0.6 20.4 84.2 1.0114 0.00 0.0M
136380.000 1967 COM2 65 0R0 023 1.0 20.4 83.8 1.0114 0.00 0.0M
136440.000 1967 COM2 65 0R0 049 1.2 20.4 83.8 1.0114 0.00 0.0M
136500.000 1967 COM2 65 0R0 090 2.5 20.4 83.8 1.0114 0.00 0.0M
136560.000 1967 COM2 65 0R0 345 0.4 20.4 83.6 1.0114 0.00 0.0M
136620.000 1967 COM2 65 0R0 079 1.9 20.5 83.9 1.0114 0.00 0.0M
136680.100 1967 COM2 65 0R0 067 1.1 20.5 84.0 1.0114 0.00 0.0M
136740.000 1967 COM2 65 0R0 037 4.3 20.4 84.0 1.0114 0.00 0.0M
136800.000 1967 COM2 65 0R0 068 2.5 20.4 84.2 1.0113 0.00 0.0M
136860.000 1967 COM2 65 0R0 047 2.3 20.3 84.5 1.0113 0.00 0.0M
136920.100 1967 COM2 65 0R0 058 2.7 20.3 84.8 1.0113 0.00 0.0M
136980.000 1967 COM2 65 0R0 065 2.8 20.3 85.0 1.0113 0.00 0.0M
137040.000 1967 COM2 65 0R0 345 1.0 20.3 85.2 1.0113 0.00 0.0M
137100.100 1967 COM2 65 0R0 038 2.8 20.3 85.1 1.0113 0.00 0.0M
137160.000 1967 COM2 65 0R0 049 2.3 20.3 85.3 1.0113 0.00 0.0M
137220.000 1967 COM2 65 0R0 056 1.3 20.3 85.3 1.0113 0.00 0.0M
137280.100 1967 COM2 65 0R0 069 2.1 20.3 85.3 1.0113 0.00 0.0M
137340.100 1967 COM2 65 0R0 358 2.0 20.3 85.1 1.0113 0.00 0.0M
137400.000 1967 COM2 65 0R0 070 1.1 20.3 85.2 1.0114 0.00 0.0M
137460.100 1967 COM2 65 0R0 067 2.3 20.2 85.2 1.0114 0.00 0.0M
137520.000 1967 COM2 65 0R0 074 0.9 20.3 85.2 1.0114 0.00 0.0M
137580.000 1967 COM2 65 0R0 352 2.7 20.3 85.1 1.0113 0.00 0.0M
137640.000 1967 COM2 65 0R0 041 2.5 20.3 84.9 1.0113 0.00 0.0M
137700.000 1967 COM2 65 0R0 057 3.0 20.3 84.7 1.0114 0.00 0.0M
137760.000 1967 COM2 65 0R0 040 2.3 20.4 84.7 1.0113 0.00 0.0M
137820.000 1967 COM2 65 0R0 087 0.5 20.4 84.6 1.0113 0.00 0.0M
137880.000 1967 COM2 65 0R0 030 1.4 20.4 84.6 1.0113 0.00 0.0M
137940.000 1967 COM2 65 0R0 051 1.9 20.5 84.2 1.0113 0.00 0.0M
138000.100 1967 COM2 65 0R0 047 3.3 20.5 84.0 1.0113 0.00 0.0M
138060.100 1967 COM2 65 0R0 023 2.3 20.5 83.8 1.0113 0.00 0.0M
138120.000 1967 COM2 65 0R0 076 1.3 20.6 83.7 1.0113 0.00 0.0M
138180.000 1967 COM2 65 0R0 012 0.7 20.6 83.2 1.0113 0.00 0.0M
138240.000 1967 COM2 65 0R0 046 1.0 20.7 83.3 1.0113 0.00 0.0M
138300.000 1967 COM2 65 0R0 065 1.5 20.8 82.5 1.0113 0.00 0.0M
138360.000 1967 COM2 65 0R0 063 3.2 20.8 82.0 1.0112 0.00 0.0M
138420.000 1967 COM2 65 0R0 038 2.9 20.8 82.2 1.0113 0.00 0.0M
138480.000 1967 COM2 65 0R0 007 2.1 20.8 82.4 1.0113 0.00 0.0M
138540.000 1967 COM2 65 0R0 033 3.7 20.8 82.1 1.0113 0.00 0.0M
138600.000 1967 COM2 65 0R0 034 2.5 20.8 81.9 1.0112 0.00 0.0M
138660.000 1967 COM2 65 0R0 024 2.0 20.8 82.0 1.0112 0.00 0.0M
138720.000 1967 COM2 65 0R0 020 3.0 20.8 82.2 1.0112 0.00 0.0M
138780.000 1967 COM2 65 0R0 014 1.8 20.8 82.1 1.0112 0.00 0.0M
138840.000 1967 COM2 65 0R0 018 1.6 20.8 81.8 1.0112 0.00 0.0M
138900.000 1967 COM2 65 0R0 056 2.0 20.9 81.5 1.0112 0.00 0.0M
138960.000 1967 COM2 65 0R0 092 2.6 20.9 81.4 1.0112 0.00 0.0M
139020.000 1967 COM2 65 0R0 016 1.1 21.0 81.2 1.0112 0.00 0.0M
139080.000 1967 COM2 65 0R0 007 1.6 21.0 80.9 1.0112 0.00 0.0M
139140.000 1967 COM2 65 0R0 079 3.3 21.0 80.8 1.0112 0.00 0.0M
139200.000 1967 COM2 65 0R0 080 3.0 21.0 80.7 1.0112 0.00 0.0M
139260.000 1967 COM2 65 0R0 072 5.2 21.0 80.4 1.0112 0.00 0.0M
139320.000 1967 COM2 65 0R0 326 0.6 21.0 80.6 1.0112 0.00 0.0M
139380.000 1967 COM2 65 0R0 028 2.0 21.1 80.1 1.0112 0.00 0.0M
139440.000 1967 COM2 65 0R0 066 3.6 21.1 80.1 1.0112 0.00 0.0M
139500.000 1967 COM2 65 0R0 015 1.7 21.1 80.3 1.0112 0.00 0.0M
139560.000 1967 COM2 65 0R0 013 3.3 21.1 79.9 1.0112 0.00 0.0M
139620.000 1967 COM2 65 0R0 063 1.5 21.1 80.2 1.0112 0.00 0.0M
139680.000 1967 COM2 65 0R0 059 4.3 21.1 79.9 1.0112 0.00 0.0M
139740.000 1967 COM2 65 0R0 042 0.6 21.1 80.1 1.0112 0.00 0.0M
139800.000 1967 COM2 65 0R0 052 4.5 21.1 79.8 1.0112 0.00 0.0M
139860.000 1967 COM2 65 0R0 043 3.2 21.1 80.2 1.0112 0.00 0.0M
139920.000 1967 COM2 65 0R0 004 2.5 21.1 80.1 1.0112 0.00 0.0M
139980.000 1967 COM2 65 0R0 021 4.1 21.1 80.1 1.0111 0.00 0.0M
140040.000 1967 COM2 65 0R0 075 2.7 21.1 80.2 1.0111 0.00 0.0M
140100.000 1967 COM2 65 0R0 026 2.9 21.1 79.9 1.0111 0.00 0.0M
140160.000 1967 COM2 65 0R0 060 2.4 21.2 79.9 1.0112 0.00 0.0M
140220.000 1967 COM2 65 0R0 039 2.2 21.2 80.0 1.0112 0.00 0.0M
140280.000 1967 COM2 65 0R0 057 2.8 21.2 79.9 1.0112 0.00 0.0M
140340.000 1967 COM2 65 0R0 055 2.1 21.2 80.3 1.0112 0.00 0.0M
140400.000 1967 COM2 65 0R0 082 2.2 21.2 80.1 1.0112 0.00 0.0M
140460.000 1967 COM2 65 0R0 087 2.3 21.2 79.8 1.0112 0.00 0.0M
140520.000 1967 COM2 65 0R0 062 1.5 21.2 80.2 1.0112 0.00 0.0M
140580.000 1967 COM2 65 0R0 068 5.0 21.3 79.6 1.0112 0.00 0.0M
140640.000 1967 COM2 65 0R0 073 3.0 21.2 79.9 1.0112 0.00 0.0M
140700.000 1967 COM2 65 0R0 031 0.7 21.2 80.2 1.0112 0.00 0.0M
140760.000 1967 COM2 65 0R0 079 2.8 21.2 80.1 1.0112 0.00 0.0M
140820.000 1967 COM2 65 0R0 065 1.8 21.2 80.0 1.0112 0.00 0.0M
140880.000 1967 COM2 65 0R0 011 1.5 21.2 79.8 1.0112 0.00 0.0M
140940.000 1967 COM2 65 0R0 072 3.0 21.2 79.7 1.0112 0.00 0.0M
141000.000 1967 COM2 65 0R0 066 2.3 21.2 80.1 1.0112 0.00 0.0M
141060.000 1967 COM2 65 0R0 035 3.4 21.2 80.1 1.0112 0.00 0.0M
141120.000 1967 COM2 65 0R0 063 0.7 21.2 80.0 1.0112 0.00 0.0M
141180.000 1967 COM2 65 0R0 074 1.0 21.3 79.8 1.0112 0.00 0.0M
141240.100 1967 COM2 65 0R0 075 1.8 21.3 79.7 1.0112 0.00 0.0M
141300.000 1967 COM2 65 0R0 010 1.7 21.3 79.6 1.0112 0.00 0.0M
141360.000 1967 COM2 65 0R0 042 1.7 21.4 79.6 1.0112 0.00 0.0M
141420.000 1967 COM2 65 0R0 024 3.1 21.4 79.5 1.0112 0.00 0.0M
141480.000 1967 COM2 65 0R0 036 1.2 21.3 79.6 1.0112 0.00 0.0M
141540.000 1967 COM2 65 0R0 021 3.1 21.3 79.5 1.0112 0.00 0.0M
141600.000 1967 COM2 65 0R0 009 2.9 21.3 79.7 1.0112 0.00 0.0M
141660.000 1967 COM2 65 0R0 013 1.3 21.3 79.8 1.0112 0.00 0.0M
141720.000 1967 COM2 65 0R0 048 1.0 21.3 79.8 1.0112 0.00 0.0M
141780.000 1967 COM2 65 0R0 021 4.8 21.3 79.4 1.0111 0.00 0.0M
141840.000 1967 COM2 65 0R0 032 2.6 21.3 79.3 1.0112 0.00 0.0M
141900.100 1967 COM2 65 0R0 022 1.1 21.3 79.5 1.0111 0.00 0.0M
141960.000 1967 COM2 65 0R0 016 2.8 21.3 79.7 1.0111 0.00 0.0M
142020.000 1967 COM2 65 0R0 032 2.2 21.3 79.8 1.0111 0.00 0.0M
142080.000 1967 COM2 65 0R0 029 3.6 21.4 79.8 1.0111 0.00 0.0M
142140.000 1967 COM2 65 0R0 073 2.3 21.4 79.7 1.0111 0.00 0.0M
142200.000 1967 COM2 65 0R0 327 0.6 21.4 79.6 1.0111 0.00 0.0M
142260.000 1967 COM2 65 0R0 082 3.6 21.4 79.4 1.0110 0.00 0.0M
142320.000 1967 COM2 65 0R0 208 0.4 21.4 79.4 1.0110 0.00 0.0M
142380.000 1967 COM2 65 0R0 069 0.5 21.4 79.4 1.0110 0.00 0.0M
142440.000 1967 COM2 65 0R0 074 2.5 21.5 79.5 1.0110 0.00 0.0M
142500.000 1967 COM2 65 0R0 073 1.7 21.6 79.2 1.0111 0.00 0.0M
142560.000 1967 COM2 65 0R0 063 2.2 21.6 79.5 1.0111 0.00 0.0M
142620.000 1967 COM2 65 0R0 079 1.7 21.5 79.4 1.0111 0.00 0.0M
142680.000 1967 COM2 65 0R0 058 2.4 21.5 79.3 1.0110 0.00 0.0M
142740.000 1967 COM2 65 0R0 097 3.3 21.5 79.4 1.0110 0.00 0.0M
142800.000 1967 COM2 65 0R0 357 1.7 21.5 79.7 1.0110 0.00 0.0M
142860.000 1967 COM2 65 0R0 049 5.1 21.5 79.5 1.0110 0.00 0.0M
142920.000 1967 COM2 65 0R0 070 2.6 21.5 79.5 1.0110 0.00 0.0M
142980.000 1967 COM2 65 0R0 071 4.9 21.5 79.4 1.0110 0.00 0.0M
143040.000 1967 COM2 65 0R0 062 3.4 21.4 79.5 1.0110 0.00 0.0M
143100.000 1967 COM2 65 0R0 039 0.7 21.4 79.4 1.0110 0.00 0.0M
143160.000 1967 COM2 65 0R0 032 1.0 21.4 79.6 1.0110 0.00 0.0M
143220.000 1967 COM2 65 0R0 049 0.7 21.5 79.7 1.0110 0.00 0.0M
143280.000 1967 COM2 65 0R0 054 2.4 21.5 79.5 1.0110 0.00 0.0M
143340.000 1967 COM2 65 0R0 004 0.3 21.6 79.4 1.0110 0.00 0.0M
143400.000 1967 COM2 65 0R0 021 1.9 21.6 79.0 1.0110 0.00 0.0M
143460.000 1967 COM2 65 0R0 028 3.3 21.6 79.3 1.0110 0.00 0.0M
143520.000 1967 COM2 65 0R0 024 2.3 21.6 79.1 1.0110 0.00 0.0M
143580.000 1967 COM2 65 0R0 079 2.5 21.6 79.5 1.0109 0.00 0.0M
143640.000 1967 COM2 65 0R0 009 1.9 21.6 79.2 1.0109 0.00 0.0M
143700.000 1967 COM2 65 0R0 059 1.8 21.7 79.3 1.0109 0.00 0.0M
143760.000 1967 COM2 65 0R0 076 4.3 21.6 79.2 1.0109 0.00 0.0M
143820.000 1967 COM2 65 0R0 075 4.1 21.6 79.1 1.0109 0.00 0.0M
143880.000 1967 COM2 65 0R0 032 3.6 21.5 79.2 1.0110 0.00 0.0M
143940.000 1967 COM2 65 0R0 356 0.8 21.5 79.4 1.0110 0.00 0.0M
144000.000 1967 COM2 65 0R0 344 0.9 21.5 79.3 1.0110 0.00 0.0M
144060.000 1967 COM2 65 0R0 051 2.7 21.6 79.5 1.0110 0.00 0.0M
144120.000 1967 COM2 65 0R0 069 2.9 21.6 79.3 1.0110 0.00 0.0M
144180.000 1967 COM2 65 0R0 072 2.8 21.6 79.3 1.0110 0.00 0.0M
144240.000 1967 COM2 65 0R0 090 3.7 21.6 79.4 1.0110 0.00 0.0M
144300.000 1967 COM2 65 0R0 041 2.9 21.6 79.2 1.0110 0.00 0.0M
144360.000 1967 COM2 65 0R0 063 1.1 21.6 79.0 1.0110 0.00 0.0M
144420.000 1967 COM2 65 0R0 020 2.4 21.6 79.3 1.0109 0.00 0.0M
144480.000 1967 COM2 65 0R0 111 0.6 21.7 79.0 1.0109 0.00 0.0M
144540.000 1967 COM2 65 0R0 057 2.1 21.7 79.0 1.0109 0.00 0.0M
144600.000 1967 COM2 65 0R0 112 1.4 21.7 78.8 1.0109 0.00 0.0M
144660.000 1967 COM2 65 0R0 066 3.8 21.7 78.9 1.0108 0.00 0.0M
144720.000 1967 COM2 65 0R0 063 1.8 21.7 79.0 1.0108 0.00 0.0M
144780.000 1967 COM2 65 0R0 071 3.3 21.7 79.2 1.0108 0.00 0.0M
144840.000 1967 COM2 65 0R0 042 1.2 21.7 79.2 1.0108 0.00 0.0M
144900.100 1967 COM2 65 0R0 034 1.0 21.7 79.0 1.0109 0.00 0.0M
144960.000 1967 COM2 65 0R0 028 2.1 21.7 79.0 1.0109 0.00 0.0M
145020.000 1967 COM2 65 0R0 050 1.1 21.8 78.9 1.0109 0.00 0.0M
145080.000 1967 COM2 65 0R0 025 1.4 21.8 78.8 1.0109 0.00 0.0M
145140.000 1967 COM2 65 0R0 050 3.0 21.8 78.8 1.0109 0.00 0.0M
145200.000 1967 COM2 65 0R0 058 0.9 21.8 78.9 1.0109 0.00 0.0M
145260.000 1967 COM2 65 0R0 041 2.2 21.8 79.1 1.0109 0.00 0.0M
145320.000 1967 COM2 65 0R0 077 1.7 21.8 78.7 1.0109 0.00 0.0M
145380.000 1967 COM2 65 0R0 061 2.8 21.8 78.9 1.0108 0.00 0.0M
145440.000 1967 COM2 65 0R0 069 2.6 21.8 79.1 1.0108 0.00 0.0M
145500.000 1967 COM2 65 0R0 036 2.0 21.7 79.0 1.0108 0.00 0.0M
145560.000 1967 COM2 65 0R0 016 1.5 21.7 79.2 1.0108 0.00 0.0M
145620.000 1967 COM2 65 0R0 048 2.8 21.7 79.3 1.0108 0.00 0.0M
145680.000 1967 COM2 65 0R0 031 2.5 21.6 79.6 1.0108 0.00 0.0M
145740.000 1967 COM2 65 0R0 039 0.9 21.6 79.5 1.0108 0.00 0.0M
145800.000 1967 COM2 65 0R0 017 1.3 21.7 79.4 1.0108 0.00 0.0M
145860.000 1967 COM2 65 0R0 020 0.5 21.7 79.2 1.0108 0.00 0.0M
145920.000 1967 COM2 65 0R0 027 1.2 21.8 79.2 1.0108 0.00 0.0M
145980.000 1967 COM2 65 0R0 030 3.5 21.8 79.0 1.0107 0.00 0.0M
146040.000 1967 COM2 65 0R0 008 1.4 21.8 79.0 1.0107 0.00 0.0M
146100.000 1967 COM2 65 0R0 066 3.9 21.8 78.9 1.0107 0.00 0.0M
146160.000 1967 COM2 65 0R0 089 2.5 21.7 79.3 1.0107 0.00 0.0M
146220.000 1967 COM2 65 0R0 050 2.1 21.7 79.5 1.0107 0.00 0.0M
146280.000 1967 COM2 65 0R0 069 2.5 21.7 79.6 1.0107 0.00 0.0M
146340.000 1967 COM2 65 0R0 013 1.0 21.7 79.8 1.0107 0.00 0.0M
146400.000 1967 COM2 65 0R0 037 1.4 21.7 79.4 1.0107 0.00 0.0M
146460.000 1967 COM2 65 0R0 084 2.6 21.8 79.4 1.0107 0.00 0.0M
146520.000 1967 COM2 65 0R0 019 1.4 21.8 79.5 1.0107 0.00 0.0M
146580.000 1967 COM2 65 0R0 034 3.4 21.8 79.5 1.0107 0.00 0.0M
146640.000 1967 COM2 65 0R0 036 3.1 21.8 79.1 1.0107 0.00 0.0M
146700.000 1967 COM2 65 0R0 064 0.7 21.8 79.1 1.0107 0.00 0.0M
146760.000 1967 COM2 65 0R0 044 3.7 21.8 79.0 1.0107 0.00 0.0M
146820.000 1967 COM2 65 0R0 338 1.5 21.8 79.4 1.0107 0.00 0.0M
146880.000 1967 COM2 65 0R0 070 1.6 21.7 79.4 1.0107 0.00 0.0M
146940.000 1967 COM2 65 0R0 078 3.0 21.7 79.6 1.0107 0.00 0.0M
147000.000 1967 COM2 65 0R0 071 1.7 21.7 80.0 1.0107 0.00 0.0M
147060.000 1967 COM2 65 0R0 078 3.6 21.7 80.0 1.0107 0.00 0.0M
147120.000 1967 COM2 65 0R0 047 0.9 21.6 80.0 1.0107 0.00 0.0M
147180.000 1967 COM2 65 0R0 033 1.5 21.6 80.2 1.0107 0.00 0.0M
147240.000 1967 COM2 65 0R0 078 2.6 21.6 79.5 1.0107 0.00 0.0M
147300.000 1967 COM2 65 0R0 036 2.3 21.6 80.4 1.0107 0.00 0.0M
147360.000 1967 COM2 65 0R0 037 3.2 21.6 80.5 1.0106 0.00 0.0M
147420.000 1967 COM2 65 0R0 038 3.0 21.6 80.4 1.0107 0.00 0.0M
147480.000 1967 COM2 65 0R0 018 2.3 21.6 80.6 1.0106 0.00 0.0M
147540.000 1967 COM2 65 0R0 011 2.6 21.6 81.0 1.0106 0.00 0.0M
147600.000 1967 COM2 65 0R0 062 1.0 21.6 81.0 1.0106 0.00 0.0M
147660.000 1967 COM2 65 0R0 044 0.5 21.6 80.9 1.0106 0.00 0.0M
147720.000 1967 COM2 65 0R0 038 2.4 21.6 81.3 1.0106 0.00 0.0M
147780.000 1967 COM2 65 0R0 349 0.8 21.6 81.4 1.0106 0.00 0.0M
147840.000 1967 COM2 65 0R0 018 4.2 21.6 80.9 1.0106 0.00 0.0M
147900.000 1967 COM2 65 0R0 039 1.9 21.6 81.2 1.0107 0.00 0.0M
147960.100 1967 COM2 65 0R0 049 2.1 21.7 81.0 1.0107 0.00 0.0M
148020.000 1967 COM2 65 0R0 011 2.0 21.7 81.0 1.0107 0.00 0.0M
148080.000 1967 COM2 65 0R0 008 1.3 21.7 81.0 1.0106 0.00 0.0M
148140.000 1967 COM2 65 0R0 004 1.7 21.7 80.7 1.0106 0.00 0.0M
148200.000 1967 COM2 65 0R0 032 2.5 21.8 80.6 1.0106 0.00 0.0M
148260.000 1967 COM2 65 0R0 045 2.1 21.8 80.6 1.0106 0.00 0.0M
148320.000 1967 COM2 65 0R0 056 1.6 21.8 80.3 1.0106 0.00 0.0M
148380.000 1967 COM2 65 0R0 018 2.5 21.8 80.1 1.0106 0.00 0.0M
148440.000 1967 COM2 65 0R0 030 3.4 21.8 80.2 1.0106 0.00 0.0M
148500.000 1967 COM2 65 0R0 033 1.0 21.8 80.3 1.0106 0.00 0.0M
148560.000 1967 COM2 65 0R0 043 3.4 21.8 80.4 1.0105 0.00 0.0M
148620.000 1967 COM2 65 0R0 050 2.0 21.8 80.4 1.0105 0.00 0.0M
148680.000 1967 COM2 65 0R0 067 1.3 21.8 80.6 1.0105 0.00 0.0M
148740.000 1967 COM2 65 0R0 036 3.2 21.9 80.5 1.0105 0.00 0.0M
148800.000 1967 COM2 65 0R0 347 1.6 21.9 79.9 1.0104 0.00 0.0M
148860.000 1967 COM2 65 0R0 026 3.3 21.9 79.6 1.0104 0.00 0.0M
148920.100 1967 COM2 65 0R0 023 3.4 21.9 79.5 1.0104 0.00 0.0M
148980.000 1967 COM2 65 0R0 026 2.6 21.9 79.8 1.0104 0.00 0.0M
149040.000 1967 COM2 65 0R0 137 0.5 21.9 79.9 1.0104 0.00 0.0M
149100.000 1967 COM2 65 0R0 034 2.6 21.9 79.8 1.0105 0.00 0.0M
149160.000 1967 COM2 65 0R0 078 1.6 22.0 80.1 1.0105 0.00 0.0M
149220.000 1967 COM2 65 0R0 316 0.7 22.0 79.2 1.0105 0.00 0.0M
149280.100 1967 COM2 65 0R0 015 0.8 22.1 79.2 1.0105 0.00 0.0M
149340.100 1967 COM2 65 0R0 077 2.2 22.1 79.1 1.0105 0.00 0.0M
149400.000 1967 COM2 65 0R0 073 2.1 22.1 79.2 1.0105 0.00 0.0M
149460.000 1967 COM2 65 0R0 064 2.9 22.2 78.7 1.0105 0.00 0.0M
149520.000 1967 COM2 65 0R0 104 1.3 22.2 78.8 1.0105 0.00 0.0M
149580.000 1967 COM2 65 0R0 061 1.9 22.2 78.7 1.0105 0.00 0.0M
149640.000 1967 COM2 65 0R0 059 2.0 22.2 78.9 1.0105 0.00 0.0M
149700.000 1967 COM2 65 0R0 075 0.9 22.2 79.0 1.0105 0.00 0.0M
149760.000 1967 COM2 65 0R0 354 0.6 22.2 78.9 1.0105 0.00 0.0M
149820.000 1967 COM2 65 0R0 015 0.5 22.3 78.5 1.0105 0.00 0.0M
149880.000 1967 COM2 65 0R0 013 2.2 22.3 78.1 1.0105 0.00 0.0M
149940.000 1967 COM2 65 0R0 083 3.0 22.2 78.2 1.0105 0.00 0.0M
150000.000 1967 COM2 65 0R0 032 2.2 22.2 78.1 1.0105 0.00 0.0M
150060.000 1967 COM2 65 0R0 031 3.1 22.2 77.7 1.0105 0.00 0.0M
150120.000 1967 COM2 65 0R0 074 1.9 22.1 78.0 1.0105 0.00 0.0M
150180.000 1967 COM2 65 0R0 066 4.4 22.1 78.2 1.0105 0.00 0.0M
150240.000 1967 COM2 65 0R0 067 1.7 22.0 78.6 1.0104 0.00 0.0M
150300.000 1967 COM2 65 0R0 059 3.4 22.0 78.9 1.0104 0.00 0.0M
150360.000 1967 COM2 65 0R0 026 2.4 22.0 79.3 1.0104 0.00 0.0M
150420.000 1967 COM2 65 0R0 076 4.5 22.0 78.9 1.0104 0.00 0.0M
150480.000 1967 COM2 65 0R0 065 2.6 22.0 79.2 1.0104 0.00 0.0M
150540.000 1967 COM2 65 0R0 069 3.7 22.0 79.0 1.0104 0.00 0.0M
150600.000 1967 COM2 65 0R0 055 4.4 22.0 79.0 1.0104 0.00 0.0M
150660.000 1967 COM2 65 0R0 030 2.9 22.0 79.0 1.0104 0.00 0.0M
150720.000 1967 COM2 65 0R0 074 3.9 22.0 78.5 1.0104 0.00 0.0M
150780.000 1967 COM2 65 0R0 049 2.7 22.1 79.0 1.0104 0.00 0.0M
150840.000 1967 COM2 65 0R0 048 3.6 22.1 78.4 1.0104 0.00 0.0M
150900.000 1967 COM2 65 0R0 081 2.6 22.1 78.4 1.0104 0.00 0.0M
150960.000 1967 COM2 65 0R0 035 1.4 22.1 78.5 1.0104 0.00 0.0M
151020.000 1967 COM2 65 0R0 326 1.1 22.2 78.1 1.0104 0.00 0.0M
151080.000 1967 COM2 65 0R0 019 2.8 22.2 78.0 1.0104 0.00 0.0M
151140.000 1967 COM2 65 0R0 037 2.4 22.3 78.2 1.0104 0.00 0.0M
151200.000 1967 COM2 65 0R0 020 1.6 22.3 78.1 1.0104 0.00 0.0M
151260.000 1967 COM2 65 0R0 065 3.2 22.4 77.4 1.0104 0.00 0.0M
151320.000 1967 COM2 65 0R0 039 3.2 22.3 77.5 1.0103 0.00 0.0M
151380.000 1967 COM2 65 0R0 021 1.9 22.3 77.6 1.0103 0.00 0.0M
151440.000 1967 COM2 65 0R0 353 0.9 22.3 77.9 1.0103 0.00 0.0M
151500.000 1967 COM2 65 0R0 044 1.7 22.4 77.4 1.0103 0.00 0.0M
151560.000 1967 COM2 65 0R0 037 2.6 22.4 77.2 1.0103 0.00 0.0M
151620.000 1967 COM2 65 0R0 020 2.2 22.4 77.3 1.0103 0.00 0.0M
151680.000 1967 COM2 65 0R0 017 1.6 22.4 77.1 1.0103 0.00 0.0M
151740.000 1967 COM2 65 0R0 023 3.7 22.4 77.1 1.0103 0.00 0.0M
151800.000 1967 COM2 65 0R0 025 3.0 22.5 76.7 1.0103 0.00 0.0M
151860.000 1967 COM2 65 0R0 031 3.3 22.4 77.0 1.0103 0.00 0.0M
151920.000 1967 COM2 65 0R0 043 2.8 22.4 77.5 1.0102 0.00 0.0M
151980.000 1967 COM2 65 0R0 074 2.6 22.4 77.4 1.0102 0.00 0.0M
152040.000 1967 COM2 65 0R0 327 0.7 22.4 77.3 1.0102 0.00 0.0M
152100.200 1967 COM2 65 0R0 007 2.8 22.5 76.5 1.0102 0.00 0.0M
152160.000 1967 COM2 65 0R0 032 4.8 22.5 76.5 1.0102 0.00 0.0M
152220.200 1967 COM2 65 0R0 047 0.6 22.5 76.7 1.0102 0.00 0.0M
152280.000 1967 COM2 65 0R0 014 3.5 22.6 75.6 1.0102 0.00 0.0M
152340.100 1967 COM2 65 0R0 346 1.8 22.5 76.3 1.0102 0.00 0.0M
152400.000 1967 COM2 65 0R0 034 2.7 22.6 76.4 1.0102 0.00 0.0M
152460.000 1967 COM2 65 0R0 028 2.3 22.6 76.3 1.0102 0.00 0.0M
152520.000 1967 COM2 65 0R0 052 1.7 22.6 76.2 1.0102 0.00 0.0M
152580.000 1967 COM2 65 0R0 028 2.7 22.5 76.3 1.0102 0.00 0.0M
152640.000 1967 COM2 65 0R0 018 3.4 22.5 76.0 1.0102 0.00 0.0M
152700.000 1967 COM2 65 0R0 090 2.3 22.5 76.4 1.0102 0.00 0.0M
152760.000 1967 COM2 65 0R0 006 1.2 22.5 76.6 1.0102 0.00 0.0M
152820.000 1967 COM2 65 0R0 300 0.6 22.5 76.5 1.0102 0.00 0.0M
152880.000 1967 COM2 65 0R0 064 2.4 22.5 76.6 1.0102 0.00 0.0M
152940.000 1967 COM2 65 0R0 330 0.5 22.5 76.9 1.0102 0.00 0.0M
153000.000 1967 COM2 65 0R0 026 3.4 22.6 76.2 1.0102 0.00 0.0M
153060.000 1967 COM2 65 0R0 023 2.8 22.6 76.0 1.0102 0.00 0.0M
153120.000 1967 COM2 65 0R0 061 1.9 22.5 76.2 1.0101 0.00 0.0M
153180.000 1967 COM2 65 0R0 023 2.7 22.4 76.1 1.0101 0.00 0.0M
153240.000 1967 COM2 65 0R0 040 2.1 22.4 76.3 1.0101 0.00 0.0M
153300.000 1967 COM2 65 0R0 027 2.1 22.4 76.5 1.0100 0.00 0.0M
153360.000 1967 COM2 65 0R0 339 1.5 22.4 76.8 1.0100 0.00 0.0M
153420.000 1967 COM2 65 0R0 015 3.4 22.4 76.7 1.0100 0.00 0.0M
153480.000 1967 COM2 65 0R0 084 2.6 22.4 76.6 1.0100 0.00 0.0M
153540.000 1967 COM2 65 0R0 033 2.7 22.4 76.9 1.0100 0.00 0.0M
153600.000 1967 COM2 65 0R0 024 2.4 22.4 76.3 1.0100 0.00 0.0M
153660.000 1967 COM2 65 0R0 036 3.3 22.4 76.8 1.0100 0.00 0.0M
153720.000 1967 COM2 65 0R0 034 3.5 22.4 76.7 1.0100 0.00 0.0M
153780.000 1967 COM2 65 0R0 355 1.3 22.4 76.9 1.0100 0.00 0.0M
153840.000 1967 COM2 65 0R0 028 3.2 22.4 76.9 1.0100 0.00 0.0M
153900.000 1967 COM2 65 0R0 033 0.7 22.4 77.1 1.0100 0.00 0.0M
153960.000 1967 COM2 65 0R0 079 0.9 22.4 77.0 1.0100 0.00 0.0M
154020.000 1967 COM2 65 0R0 009 2.0 22.3 77.0 1.0101 0.00 0.0M
154080.100 1967 COM2 65 0R0 034 2.9 22.4 77.0 1.0101 0.00 0.0M
154140.000 1967 COM2 65 0R0 049 2.5 22.3 77.2 1.0101 0.00 0.0M
154200.000 1967 COM2 65 0R0 046 1.3 22.3 77.2 1.0101 0.00 0.0M
154260.000 1967 COM2 65 0R0 019 4.3 22.3 77.0 1.0101 0.00 0.0M
154320.000 1967 COM2 65 0R0 025 3.9 22.3 77.0 1.0101 0.00 0.0M
154380.000 1967 COM2 65 0R0 351 0.6 22.3 77.4 1.0100 0.00 0.0M
154440.000 1967 COM2 65 0R0 070 2.9 22.3 77.4 1.0100 0.00 0.0M
154500.000 1967 COM2 65 0R0 005 1.3 22.3 77.6 1.0100 0.00 0.0M
154560.000 1967 COM2 65 0R0 077 0.9 22.3 77.3 1.0100 0.00 0.0M
154620.000 1967 COM2 65 0R0 053 2.5 22.3 77.3 1.0100 0.00 0.0M
154680.000 1967 COM2 65 0R0 068 2.5 22.3 77.3 1.0100 0.00 0.0M
154740.000 1967 COM2 65 0R0 036 1.7 22.3 77.6 1.0100 0.00 0.0M
154800.000 1967 COM2 65 0R0 021 1.0 22.3 77.8 1.0101 0.00 0.0M
154860.000 1967 COM2 65 0R0 038 3.3 22.3 77.7 1.0101 0.00 0.0M
154920.000 1967 COM2 65 0R0 011 1.7 22.2 77.9 1.0101 0.00 0.0M
154980.000 1967 COM2 65 0R0 042 0.9 22.2 78.0 1.0101 0.00 0.0M
155040.100 1967 COM2 65 0R0 051 1.7 22.2 78.0 1.0101 0.00 0.0M
155100.000 1967 COM2 65 0R0 000 2.8 22.2 77.9 1.0101 0.00 0.0M
155160.000 1967 COM2 65 0R0 025 2.0 22.2 77.8 1.0101 0.00 0.0M
155220.000 1967 COM2 65 0R0 001 1.2 22.2 78.0 1.0100 0.00 0.0M
155280.000 1967 COM2 65 0R0 007 1.0 22.2 77.8 1.0101 0.00 0.0M
155340.000 1967 COM2 65 0R0 059 2.0 22.2 78.0 1.0100 0.00 0.0M
155400.000 1967 COM2 65 0R0 065 2.5 22.2 78.2 1.0100 0.00 0.0M
155460.000 1967 COM2 65 0R0 055 2.3 22.2 78.1 1.0100 0.00 0.0M
155520.000 1967 COM2 65 0R0 348 0.7 22.2 78.2 1.0100 0.00 0.0M
155580.000 1967 COM2 65 0R0 069 2.6 22.2 78.1 1.0100 0.00 0.0M
155640.000 1967 COM2 65 0R0 087 0.9 22.2 78.1 1.0100 0.00 0.0M
155700.000 1967 COM2 65 0R0 062 1.0 22.2 78.1 1.0100 0.00 0.0M
155760.000 1967 COM2 65 0R0 008 0.9 22.3 77.8 1.0101 0.00 0.0M
155820.000 1967 COM2 65 0R0 078 1.9 22.3 77.6 1.0101 0.00 0.0M
155880.000 1967 COM2 65 0R0 044 2.0 22.3 77.3 1.0101 0.00 0.0M
155940.000 1967 COM2 65 0R0 022 1.4 22.3 77.4 1.0101 0.00 0.0M
156000.000 1967 COM2 65 0R0 019 0.9 22.3 77.5 1.0101 0.00 0.0M
156060.000 1967 COM2 65 0R0 067 2.2 22.3 77.7 1.0101 0.00 0.0M
156120.000 1967 COM2 65 0R0 049 2.7 22.3 77.5 1.0101 0.00 0.0M
156180.000 1967 COM2 65 0R0 039 2.9 22.3 77.7 1.0101 0.00 0.0M
156240.100 1967 COM2 65 0R0 059 1.7 22.3 77.7 1.0101 0.00 0.0M
156300.000 1967 COM2 65 0R0 082 1.1 22.2 77.8 1.0101 0.00 0.0M
156360.000 1967 COM2 65 0R0 048 1.1 22.2 78.0 1.0101 0.00 0.0M
156420.000 1967 COM2 65 0R0 035 1.9 22.2 78.1 1.0101 0.00 0.0M
156480.000 1967 COM2 65 0R0 034 3.1 22.2 77.9 1.0101 0.00 0.0M
156540.000 1967 COM2 65 0R0 070 0.7 22.2 78.0 1.0101 0.00 0.0M
156600.000 1967 COM2 65 0R0 026 1.6 22.3 77.9 1.0100 0.00 0.0M
156660.000 1967 COM2 65 0R0 078 1.6 22.3 77.9 1.0100 0.00 0.0M
156720.000 1967 COM2 65 0R0 018 1.8 22.3 77.6 1.0100 0.00 0.0M
156780.000 1967 COM2 65 0R0 033 1.3 22.4 77.1 1.0100 0.00 0.0M
156840.000 1967 COM2 65 0R0 049 1.5 22.4 77.2 1.0100 0.00 0.0M
156900.000 1967 COM2 65 0R0 051 2.6 22.4 77.5 1.0100 0.00 0.0M
156960.000 1967 COM2 65 0R0 040 1.3 22.3 77.5 1.0100 0.00 0.0M
157020.000 1967 COM2 65 0R0 012 0.7 22.4 77.5 1.0100 0.00 0.0M
157080.000 1967 COM2 65 0R0 018 1.4 22.4 77.2 1.0100 0.00 0.0M
157140.000 1967 COM2 65 0R0 347 0.8 22.4 77.3 1.0101 0.00 0.0M
157200.000 1967 COM2 65 0R0 036 1.8 22.5 77.1 1.0101 0.00 0.0M
157260.000 1967 COM2 65 0R0 068 2.5 22.5 76.7 1.0101 0.00 0.0M
157320.000 1967 COM2 65 0R0 035 1.7 22.5 76.5 1.0101 0.00 0.0M
157380.000 1967 COM2 65 0R0 069 2.8 22.5 76.7 1.0101 0.00 0.0M
157440.000 1967 COM2 65 0R0 071 0.7 22.5 76.8 1.0101 0.00 0.0M
157500.000 1967 COM2 65 0R0 079 1.3 22.5 76.9 1.0101 0.00 0.0M
157560.000 1967 COM2 65 0R0 079 0.7 22.5 76.9 1.0100 0.00 0.0M
157620.000 1967 COM2 65 0R0 008 0.4 22.6 76.2 1.0100 0.00 0.0M
157680.000 1967 COM2 65 0R0 035 0.9 22.7 76.1 1.0100 0.00 0.0M
157740.000 1967 COM2 65 0R0 082 0.8 22.9 75.3 1.0100 0.00 0.0M
157800.000 1967 COM2 65 0R0 050 1.4 23.0 74.9 1.0100 0.00 0.0M
157860.000 1967 COM2 65 0R0 058 0.4 23.0 74.9 1.0100 0.00 0.0M
157920.000 1967 COM2 65 0R0 021 0.9 23.1 74.6 1.0100 0.00 0.0M
157980.000 1967 COM2 65 0R0 021 2.1 23.1 74.5 1.0100 0.00 0.0M
158040.000 1967 COM2 65 0R0 067 2.9 23.0 74.5 1.0100 0.00 0.0M
158100.000 1967 COM2 65 0R0 060 2.8 22.9 74.8 1.0100 0.00 0.0M
158160.000 1967 COM2 65 0R0 082 2.4 22.9 75.1 1.0100 0.00 0.0M
158220.000 1967 COM2 65 0R0 052 3.2 22.8 75.4 1.0100 0.00 0.0M
158280.000 1967 COM2 65 0R0 076 0.5 22.8 74.9 1.0099 0.00 0.0M
158340.000 1967 COM2 65 0R0 072 2.4 22.8 75.1 1.0099 0.00 0.0M
158400.000 1967 COM2 65 0R0 060 3.4 22.8 75.6 1.0099 0.00 0.0M
158460.000 1967 COM2 65 0R0 065 2.2 22.8 75.6 1.0099 0.00 0.0M
158520.000 1967 COM2 65 0R0 052 2.5 22.8 75.6 1.0099 0.00 0.0M
158580.000 1967 COM2 65 0R0 350 1.1 22.8 75.7 1.0099 0.00 0.0M
158640.000 1967 COM2 65 0R0 007 2.1 22.9 75.1 1.0098 0.00 0.0M
158700.000 1967 COM2 65 0R0 038 2.7 22.9 74.7 1.0098 0.00 0.0M
158760.000 1967 COM2 65 0R0 038 2.7 22.9 74.8 1.0098 0.00 0.0M
158820.000 1967 COM2 65 0R0 018 2.0 22.9 74.8 1.0098 0.00 0.0M
158880.000 1967 COM2 65 0R0 042 0.8 22.9 75.0 1.0098 0.00 0.0M
158940.000 1967 COM2 65 0R0 054 1.2 22.9 74.8 1.0097 0.00 0.0M
159000.000 1967 COM2 65 0R0 189 0.6 23.0 74.6 1.0097 0.00 0.0M
159060.000 1967 COM2 65 0R0 095 1.5 23.0 74.6 1.0097 0.00 0.0M
159120.000 1967 COM2 65 0R0 090 1.9 23.1 73.9 1.0098 0.00 0.0M
159180.000 1967 COM2 65 0R0 029 2.3 23.1 74.5 1.0098 0.00 0.0M
159240.000 1967 COM2 65 0R0 327 0.3 23.1 74.1 1.0098 0.00 0.0M
159300.000 1967 COM2 65 0R0 097 0.9 23.2 73.7 1.0098 0.00 0.0M
159360.000 1967 COM2 65 0R0 035 1.4 23.3 73.8 1.0098 0.00 0.0M
159420.000 1967 COM2 65 0R0 090 1.9 23.3 73.8 1.0098 0.00 0.0M
159480.000 1967 COM2 65 0R0 051 2.1 23.2 73.7 1.0098 0.00 0.0M
159540.000 1967 COM2 65 0R0 007 0.5 23.1 74.1 1.0098 0.00 0.0M
159600.000 1967 COM2 65 0R0 086 3.9 23.1 74.1 1.0098 0.00 0.0M
159660.000 1967 COM2 65 0R0 068 2.7 23.1 74.3 1.0098 0.00 0.0M
159720.000 1967 COM2 65 0R0 085 3.1 23.1 74.1 1.0098 0.00 0.0M
159780.000 1967 COM2 65 0R0 078 3.1 23.1 74.3 1.0098 0.00 0.0M
159840.000 1967 COM2 65 0R0 070 2.6 23.0 74.6 1.0098 0.00 0.0M
159900.000 1967 COM2 65 0R0 051 3.5 23.0 74.6 1.0099 0.00 0.0M
159960.000 1967 COM2 65 0R0 075 1.1 23.0 74.6 1.0098 0.00 0.0M
160020.000 1967 COM2 65 0R0 091 2.0 23.0 74.3 1.0098 0.00 0.0M
160080.000 1967 COM2 65 0R0 074 0.6 23.1 74.4 1.0098 0.00 0.0M
160140.000 1967 COM2 65 0R0 081 0.7 23.2 74.1 1.0098 0.00 0.0M
160200.000 1967 COM2 65 0R0 017 0.3 23.2 73.9 1.0098 0.00 0.0M
160260.000 1967 COM2 65 0R0 016 1.0 23.3 74.0 1.0098 0.00 0.0M
160320.000 1967 COM2 65 0R0 089 0.7 23.3 73.7 1.0098 0.00 0.0M
160380.000 1967 COM2 65 0R0 003 1.0 23.4 74.1 1.0098 0.00 0.0M
160440.000 1967 COM2 65 0R0 351 1.4 23.5 73.3 1.0098 0.00 0.0M
160500.000 1967 COM2 65 0R0 063 1.3 23.5 73.2 1.0097 0.00 0.0M
160560.100 1967 COM2 65 0R0 077 2.5 23.6 73.1 1.0097 0.00 0.0M
160620.000 1967 COM2 65 0R0 097 0.9 23.6 72.6 1.0097 0.00 0.0M
160680.000 1967 COM2 65 0R0 051 2.0 23.6 72.9 1.0097 0.00 0.0M
160740.000 1967 COM2 65 0R0 067 2.0 23.5 73.4 1.0097 0.00 0.0M
160800.000 1967 COM2 65 0R0 038 2.3 23.4 73.7 1.0097 0.00 0.0M
160860.000 1967 COM2 65 0R0 048 1.4 23.4 73.6 1.0097 0.00 0.0M
160920.000 1967 COM2 65 0R0 028 2.5 23.4 73.8 1.0097 0.00 0.0M
160980.000 1967 COM2 65 0R0 019 2.4 23.3 73.8 1.0097 0.00 0.0M
161040.000 1967 COM2 65 0R0 059 1.6 23.3 74.0 1.0097 0.00 0.0M
161100.000 1967 COM2 65 0R0 044 0.8 23.2 74.5 1.0097 0.00 0.0M
161160.000 1967 COM2 65 0R0 025 1.4 23.2 74.5 1.0097 0.00 0.0M
161220.000 1967 COM2 65 0R0 074 1.7 23.2 74.6 1.0097 0.00 0.0M
161280.000 1967 COM2 65 0R0 085 2.0 23.2 74.3 1.0097 0.00 0.0M
161340.000 1967 COM2 65 0R0 064 1.8 23.2 74.9 1.0098 0.00 0.0M
161400.000 1967 COM2 65 0R0 137 0.7 23.2 74.8 1.0098 0.00 0.0M
161460.100 1967 COM2 65 0R0 072 2.2 23.2 74.8 1.0098 0.00 0.0M
161520.000 1967 COM2 65 0R0 063 2.5 23.2 75.0 1.0098 0.00 0.0M
161580.000 1967 COM2 65 0R0 080 2.4 23.2 75.3 1.0098 0.00 0.0M
161640.000 1967 COM2 65 0R0 083 0.8 23.1 75.3 1.0098 0.00 0.0M
161700.000 1967 COM2 65 0R0 116 2.1 23.1 75.6 1.0098 0.00 0.0M
161760.000 1967 COM2 65 0R0 098 2.7 23.1 75.7 1.0098 0.00 0.0M
161820.000 1967 COM2 65 0R0 103 1.5 23.0 75.9 1.0098 0.00 0.0M
161880.000 1967 COM2 65 0R0 335 1.1 23.0 76.4 1.0098 0.00 0.0M
161940.000 1967 COM2 65 0R0 093 2.9 23.0 76.4 1.0098 0.00 0.0M
162000.000 1967 COM2 65 0R0 105 2.2 22.9 76.6 1.0098 0.00 0.0M
162060.000 1967 COM2 65 0R0 113 1.8 22.9 76.4 1.0098 0.00 0.0M
162120.000 1967 COM2 65 0R0 099 1.4 22.9 76.6 1.0098 0.00 0.0M
162180.000 1967 COM2 65 0R0 091 3.9 22.9 76.5 1.0098 0.00 0.0M
162240.000 1967 COM2 65 0R0 111 1.6 22.9 76.5 1.0098 0.00 0.0M
162300.000 1967 COM2 65 0R0 103 3.3 22.8 76.8 1.0099 0.00 0.0M
162360.000 1967 COM2 65 0R0 095 1.7 22.8 77.1 1.0099 0.00 0.0M
162420.000 1967 COM2 65 0R0 082 2.7 22.8 77.2 1.0099 0.00 0.0M
162480.100 1967 COM2 65 0R0 108 1.7 22.7 77.6 1.0099 0.00 0.0M
162540.000 1967 COM2 65 0R0 092 1.6 22.7 77.6 1.0099 0.00 0.0M
162600.000 1967 COM2 65 0R0 109 1.3 22.7 77.5 1.0099 0.00 0.0M
162660.000 1967 COM2 65 0R0 083 2.0 22.7 77.3 1.0099 0.00 0.0M
162720.000 1967 COM2 65 0R0 084 3.1 22.7 77.7 1.0099 0.00 0.0M
162780.000 1967 COM2 65 0R0 075 3.0 22.7 78.3 1.0099 0.00 0.0M
162840.000 1967 COM2 65 0R0 337 0.7 22.6 78.6 1.0099 0.00 0.0M
162900.000 1967 COM2 65 0R0 075 4.3 22.6 78.4 1.0099 0.00 0.0M
162960.000 1967 COM2 65 0R0 054 2.5 22.5 78.4 1.0099 0.00 0.0M
163020.000 1967 COM2 65 0R0 058 3.2 22.5 78.8 1.0099 0.00 0.0M
163080.000 1967 COM2 65 0R0 057 2.6 22.4 79.0 1.0099 0.00 0.0M
163140.000 1967 COM2 65 0R0 352 1.0 22.4 79.1 1.0099 0.00 0.0M
163200.000 1967 COM2 65 0R0 072 2.7 22.5 79.1 1.0099 0.00 0.0M
163260.000 1967 COM2 65 0R0 076 0.6 22.5 78.9 1.0098 0.00 0.0M
163320.000 1967 COM2 65 0R0 086 4.2 22.5 78.8 1.0098 0.00 0.0M
163380.000 1967 COM2 65 0R0 074 4.5 22.5 78.2 1.0097 0.00 0.0M
163440.000 1967 COM2 65 0R0 038 2.0 22.4 78.4 1.0097 0.00 0.0M
163500.000 1967 COM2 65 0R0 104 3.2 22.4 77.9 1.0097 0.00 0.0M
163560.000 1967 COM2 65 0R0 069 1.9 22.4 78.3 1.0097 0.00 0.0M
163620.000 1967 COM2 65 0R0 041 2.4 22.4 78.6 1.0097 0.00 0.0M
163680.000 1967 COM2 65 0R0 041 2.7 22.4 78.7 1.0097 0.00 0.0M
163740.000 1967 COM2 65 0R0 065 3.2 22.4 78.6 1.0097 0.00 0.0M
163800.000 1967 COM2 65 0R0 034 2.9 22.4 78.9 1.0097 0.00 0.0M
163860.000 1967 COM2 65 0R0 046 2.1 22.3 78.8 1.0097 0.00 0.0M
163920.000 1967 COM2 65 0R0 054 2.6 22.4 78.9 1.0096 0.00 0.0M
163980.000 1967 COM2 65 0R0 032 4.6 22.3 79.0 1.0096 0.00 0.0M
164040.000 1967 COM2 65 0R0 029 3.0 22.3 79.3 1.0097 0.00 0.0M
164100.000 1967 COM2 65 0R0 020 1.7 22.3 79.5 1.0097 0.00 0.0M
164160.100 1967 COM2 65 0R0 019 2.1 22.3 79.5 1.0097 0.00 0.0M
164220.000 1967 COM2 65 0R0 021 2.2 22.3 79.5 1.0097 0.00 0.0M
164280.000 1967 COM2 65 0R0 011 1.0 22.3 79.3 1.0097 0.00 0.0M
164340.000 1967 COM2 65 0R0 045 1.5 22.3 79.4 1.0097 0.00 0.0M
164400.000 1967 COM2 65 0R0 015 2.6 22.3 79.4 1.0097 0.00 0.0M
164460.000 1967 COM2 65 0R0 024 1.8 22.3 79.6 1.0097 0.00 0.0M
164520.000 1967 COM2 65 0R0 027 1.2 22.3 79.7 1.0097 0.00 0.0M
164580.000 1967 COM2 65 0R0 038 2.3 22.3 79.3 1.0097 0.00 0.0M
164640.000 1967 COM2 65 0R0 078 2.8 22.3 79.3 1.0097 0.00 0.0M
164700.000 1967 COM2 65 0R0 043 1.4 22.3 79.5 1.0097 0.00 0.0M
164760.000 1967 COM2 65 0R0 044 2.3 22.3 79.6 1.0097 0.00 0.0M
164820.000 1967 COM2 65 0R0 041 1.7 22.3 79.6 1.0097 0.00 0.0M
164880.000 1967 COM2 65 0R0 060 2.5 22.3 79.1 1.0097 0.00 0.0M
164940.000 1967 COM2 65 0R0 019 2.5 22.3 79.0 1.0097 0.00 0.0M
165000.000 1967 COM2 65 0R0 034 1.3 22.3 79.3 1.0097 0.00 0.0M
165060.000 1967 COM2 65 0R0 049 2.7 22.3 78.9 1.0097 0.00 0.0M
165120.000 1967 COM2 65 0R0 057 3.5 22.3 78.7 1.0097 0.00 0.0M
165180.000 1967 COM2 65 0R0 031 3.6 22.3 78.4 1.0097 0.00 0.0M
165240.000 1967 COM2 65 0R0 050 2.1 22.3 78.3 1.0097 0.00 0.0M
165300.000 1967 COM2 65 0R0 039 2.9 22.3 78.3 1.0097 0.00 0.0M
165360.000 1967 COM2 65 0R0 022 4.0 22.3 78.4 1.0097 0.00 0.0M
165420.000 1967 COM2 65 0R0 012 1.0 22.3 78.4 1.0097 0.00 0.0M
165480.000 1967 COM2 65 0R0 023 2.9 22.3 78.0 1.0097 0.00 0.0M
165540.000 1967 COM2 65 0R0 338 1.1 22.3 78.3 1.0098 0.00 0.0M
165600.000 1967 COM2 65 0R0 020 2.4 22.3 78.5 1.0098 0.00 0.0M
165660.000 1967 COM2 65 0R0 029 0.4 22.3 78.3 1.0098 0.00 0.0M
165720.000 1967 COM2 65 0R0 041 2.5 22.3 78.6 1.0097 0.00 0.0M
165780.000 1967 COM2 65 0R0 049 2.6 22.3 78.4 1.0098 0.00 0.0M
165840.000 1967 COM2 65 0R0 018 1.9 22.2 78.6 1.0097 0.00 0.0M
165900.000 1967 COM2 65 0R0 066 2.3 22.3 78.7 1.0098 0.00 0.0M
165960.000 1967 COM2 65 0R0 039 2.8 22.3 78.7 1.0097 0.00 0.0M
166020.000 1967 COM2 65 0R0 026 1.8 22.3 78.6 1.0097 0.00 0.0M
166080.000 1967 COM2 65 0R0 025 3.1 22.3 78.7 1.0097 0.00 0.0M
166140.000 1967 COM2 65 0R0 030 1.9 22.3 79.0 1.0097 0.00 0.0M
166200.000 1967 COM2 65 0R0 051 2.0 22.3 78.8 1.0097 0.00 0.0M
166260.000 1967 COM2 65 0R0 310 0.5 22.3 78.9 1.0097 0.00 0.0M
166320.000 1967 COM2 65 0R0 215 0.4 22.3 78.6 1.0097 0.00 0.0M
166380.000 1967 COM2 65 0R0 021 2.4 22.3 78.0 1.0097 0.00 0.0M
166440.000 1967 COM2 65 0R0 036 2.8 22.3 78.1 1.0097 0.00 0.0M
166500.000 1967 COM2 65 0R0 346 0.3 22.3 78.0 1.0097 0.00 0.0M
166560.000 1967 COM2 65 0R0 046 3.1 22.3 78.0 1.0097 0.00 0.0M
166620.000 1967 COM2 65 0R0 044 1.6 22.3 78.0 1.0097 0.00 0.0M
166680.000 1967 COM2 65 0R0 028 2.2 22.3 78.1 1.0097 0.00 0.0M
166740.000 1967 COM2 65 0R0 046 3.0 22.2 77.5 1.0097 0.00 0.0M
166800.000 1967 COM2 65 0R0 057 2.8 22.2 78.0 1.0097 0.00 0.0M
166860.000 1967 COM2 65 0R0 057 2.4 22.2 78.4 1.0097 0.00 0.0M
166920.000 1967 COM2 65 0R0 068 1.6 22.2 78.4 1.0097 0.00 0.0M
166980.000 1967 COM2 65 0R0 356 1.1 22.2 78.6 1.0096 0.00 0.0M
167040.000 1967 COM2 65 0R0 026 1.7 22.2 78.6 1.0097 0.00 0.0M
167100.000 1967 COM2 65 0R0 012 0.6 22.2 78.5 1.0097 0.00 0.0M
167160.000 1967 COM2 65 0R0 014 1.8 22.1 78.5 1.0097 0.00 0.0M
167220.000 1967 COM2 65 0R0 102 1.3 22.1 78.2 1.0097 0.00 0.0M
167280.000 1967 COM2 65 0R0 028 3.2 22.1 78.3 1.0097 0.00 0.0M
167340.000 1967 COM2 65 0R0 029 2.4 22.1 78.5 1.0097 0.00 0.0M
167400.000 1967 COM2 65 0R0 057 2.0 22.1 78.6 1.0096 0.00 0.0M
167460.000 1967 COM2 65 0R0 042 3.0 22.1 78.9 1.0096 0.00 0.0M
167520.000 1967 COM2 65 0R0 022 4.0 22.0 78.8 1.0097 0.00 0.0M
167580.000 1967 COM2 65 0R0 055 0.4 22.0 79.0 1.0096 0.00 0.0M
167640.000 1967 COM2 65 0R0 042 2.6 22.0 79.0 1.0096 0.00 0.0M
167700.000 1967 COM2 65 0R0 051 0.7 21.9 79.2 1.0096 0.00 0.0M
167760.000 1967 COM2 65 0R0 022 2.8 21.9 79.2 1.0096 0.00 0.0M
167820.000 1967 COM2 65 0R0 075 3.3 21.9 79.4 1.0096 0.00 0.0M
167880.000 1967 COM2 65 0R0 006 0.7 21.9 79.2 1.0096 0.00 0.0M
167940.000 1967 COM2 65 0R0 054 0.6 21.9 79.4 1.0096 0.00 0.0M
168000.000 1967 COM2 65 0R0 034 2.4 21.8 79.4 1.0096 0.00 0.0M
168060.000 1967 COM2 65 0R0 082 1.1 21.8 79.6 1.0096 0.00 0.0M
168120.000 1967 COM2 65 0R0 062 1.2 21.8 79.6 1.0096 0.00 0.0M
168180.000 1967 COM2 65 0R0 027 2.3 21.8 79.9 1.0096 0.00 0.0M
168240.000 1967 COM2 65 0R0 038 2.7 21.8 79.9 1.0096 0.00 0.0M
168300.000 1967 COM2 65 0R0 040 1.6 21.7 80.0 1.0096 0.00 0.0M
168360.000 1967 COM2 65 0R0 049 0.8 21.7 79.9 1.0096 0.00 0.0M
168420.000 1967 COM2 65 0R0 072 3.3 21.7 80.0 1.0096 0.00 0.0M
168480.000 1967 COM2 65 0R0 341 0.8 21.7 79.9 1.0096 0.00 0.0M
168540.000 1967 COM2 65 0R0 049 1.7 21.7 79.9 1.0096 0.00 0.0M
168600.000 1967 COM2 65 0R0 071 1.4 21.7 80.1 1.0096 0.00 0.0M
168660.000 1967 COM2 65 0R0 019 2.0 21.7 80.2 1.0096 0.00 0.0M
168720.000 1967 COM2 65 0R0 028 2.1 21.6 80.4 1.0096 0.00 0.0M
168780.000 1967 COM2 65 0R0 007 1.5 21.6 80.5 1.0096 0.00 0.0M
168840.000 1967 COM2 65 0R0 032 2.0 21.6 80.6 1.0096 0.00 0.0M
168900.000 1967 COM2 65 0R0 033 0.5 21.6 80.4 1.0096 0.00 0.0M
168960.000 1967 COM2 65 0R0 036 1.3 21.5 80.8 1.0096 0.00 0.0M
169020.000 1967 COM2 65 0R0 054 1.2 21.5 80.9 1.0096 0.00 0.0M
169080.000 1967 COM2 65 0R0 044 2.2 21.5 81.0 1.0096 0.00 0.0M
169140.000 1967 COM2 65 0R0 097 1.2 21.5 80.4 1.0096 0.00 0.0M
169200.000 1967 COM2 65 0R0 032 1.4 21.5 80.9 1.0096 0.00 0.0M
169260.000 1967 COM2 65 0R0 056 2.1 21.5 81.3 1.0096 0.00 0.0M
169320.000 1967 COM2 65 0R0 069 0.6 21.5 81.2 1.0096 0.00 0.0M
169380.000 1967 COM2 65 0R0 055 1.9 21.4 81.4 1.0096 0.00 0.0M
169440.000 1967 COM2 65 0R0 059 1.1 21.4 81.4 1.0096 0.00 0.0M
169500.000 1967 COM2 65 0R0 327 0.6 21.4 81.2 1.0096 0.00 0.0M
169560.000 1967 COM2 65 0R0 358 0.9 21.4 81.6 1.0096 0.00 0.0M
169620.000 1967 COM2 65 0R0 048 1.6 21.4 81.7 1.0096 0.00 0.0M
169680.000 1967 COM2 65 0R0 046 2.0 21.3 81.8 1.0096 0.00 0.0M
169740.000 1967 COM2 65 0R0 355 1.0 21.3 81.7 1.0096 0.00 0.0M
169800.000 1967 COM2 65 0R0 044 0.6 21.3 81.8 1.0096 0.00 0.0M
169860.000 1967 COM2 65 0R0 032 1.6 21.3 82.0 1.0096 0.00 0.0M
169920.000 1967 COM2 65 0R0 051 2.4 21.3 82.1 1.0096 0.00 0.0M
169980.000 1967 COM2 65 0R0 072 1.5 21.3 82.0 1.0096 0.00 0.0M
170040.000 1967 COM2 65 0R0 031 0.6 21.3 82.0 1.0096 0.00 0.0M
170100.000 1967 COM2 65 0R0 093 0.7 21.3 82.1 1.0096 0.00 0.0M
170160.000 1967 COM2 65 0R0 036 1.8 21.3 82.3 1.0096 0.00 0.0M
170220.000 1967 COM2 65 0R0 051 2.4 21.2 82.4 1.0097 0.00 0.0M
170280.000 1967 COM2 65 0R0 031 0.8 21.2 82.3 1.0097 0.00 0.0M
170340.000 1967 COM2 65 0R0 013 1.2 21.2 82.5 1.0097 0.00 0.0M
170400.000 1967 COM2 65 0R0 033 0.9 21.2 82.4 1.0097 0.00 0.0M
170460.000 1967 COM2 65 0R0 026 1.2 21.2 82.5 1.0097 0.00 0.0M
170520.000 1967 COM2 65 0R0 353 0.6 21.2 82.6 1.0097 0.00 0.0M
170580.000 1967 COM2 65 0R0 336 1.0 21.2 82.4 1.0097 0.00 0.0M
170640.000 1967 COM2 65 0R0 005 0.9 21.1 82.7 1.0097 0.00 0.0M
170700.000 1967 COM2 65 0R0 026 0.7 21.1 82.7 1.0097 0.00 0.0M
170760.000 1967 COM2 65 0R0 049 1.4 21.1 82.9 1.0097 0.00 0.0M
170820.100 1967 COM2 65 0R0 334 0.7 21.1 82.8 1.0097 0.00 0.0M
170880.000 1967 COM2 65 0R0 014 1.6 21.1 83.1 1.0097 0.00 0.0M
170940.000 1967 COM2 65 0R0 345 0.6 21.0 83.3 1.0097 0.00 0.0M
171000.000 1967 COM2 65 0R0 021 1.9 21.0 83.5 1.0097 0.00 0.0M
171060.000 1967 COM2 65 0R0 010 1.2 21.0 83.7 1.0096 0.00 0.0M
171120.000 1967 COM2 65 0R0 019 0.7 21.0 83.8 1.0096 0.00 0.0M
171180.000 1967 COM2 65 0R0 037 1.0 21.0 83.9 1.0096 0.00 0.0M
171240.000 1967 COM2 65 0R0 021 1.7 20.9 84.1 1.0096 0.00 0.0M
171300.000 1967 COM2 65 0R0 357 0.7 20.9 84.2 1.0097 0.00 0.0M
171360.000 1967 COM2 65 0R0 359 0.9 20.9 84.5 1.0097 0.00 0.0M
171420.000 1967 COM2 65 0R0 351 0.9 20.9 84.6 1.0097 0.00 0.0M
171480.000 1967 COM2 65 0R0 000 0.8 20.8 84.7 1.0097 0.00 0.0M
171540.000 1967 COM2 65 0R0 033 0.3 20.8 84.5 1.0097 0.00 0.0M
171600.000 1967 COM2 65 0R0 005 1.1 20.8 84.5 1.0098 0.00 0.0M
171660.000 1967 COM2 65 0R0 042 2.1 20.8 84.5 1.0098 0.00 0.0M
171720.100 1967 COM2 65 0R0 031 1.4 20.8 84.4 1.0098 0.00 0.0M
171780.000 1967 COM2 65 0R0 025 1.4 20.8 84.4 1.0098 0.00 0.0M
171840.000 1967 COM2 65 0R0 030 2.3 20.9 84.4 1.0098 0.00 0.0M
171900.000 1967 COM2 65 0R0 073 0.7 20.9 84.4 1.0098 0.00 0.0M
171960.000 1967 COM2 65 0R0 023 1.8 20.9 84.3 1.0098 0.00 0.0M
172020.000 1967 COM2 65 0R0 028 0.8 20.9 84.2 1.0098 0.00 0.0M
172080.000 1967 COM2 65 0R0 031 1.8 20.8 84.4 1.0098 0.00 0.0M
172140.000 1967 COM2 65 0R0 097 0.5 20.8 84.5 1.0098 0.00 0.0M
172200.000 1967 COM2 65 0R0 007 0.5 20.8 84.6 1.0099 0.00 0.0M
172260.000 1967 COM2 65 0R0 055 1.5 20.8 84.6 1.0099 0.00 0.0M
172320.000 1967 COM2 65 0R0 033 0.9 20.8 84.5 1.0099 0.00 0.0M
172380.000 1967 COM2 65 0R0 042 1.9 20.8 84.6 1.0099 0.00 0.0M
172440.000 1967 COM2 65 0R0 049 2.0 20.8 84.9 1.0099 0.00 0.0M
172500.000 1967 COM2 65 0R0 044 1.6 20.8 84.9 1.0099 0.00 0.0M
172560.000 1967 COM2 65 0R0 034 0.9 20.7 85.0 1.0100 0.00 0.0M
172620.000 1967 COM2 65 0R0 348 1.2 20.7 85.1 1.0100 0.00 0.0M
172680.000 1967 COM2 65 0R0 040 0.7 20.7 85.1 1.0100 0.00 0.0M
172740.000 1967 COM2 65 0R0 040 1.1 20.7 85.2 1.0100 0.00 0.0M
