TO [s] WNc [w] C StringLn ASCIIString
---------------------------------------
0.000 1971 COM2 65 0R0 243 0.8 19.5 83.4 1.0133 0.00 0.0M
60.000 1971 COM2 65 0R0 264 0.5 19.5 83.4 1.0133 0.00 0.0M
120.000 1971 COM2 65 0R0 257 0.6 19.4 83.5 1.0133 0.00 0.0M
180.000 1971 COM2 65 0R0 299 0.4 19.4 83.4 1.0133 0.00 0.0M
240.100 1971 COM2 65 0R0 268 0.6 19.4 83.5 1.0133 0.00 0.0M
300.000 1971 COM2 65 0R0 256 1.0 19.4 83.5 1.0133 0.00 0.0M
360.000 1971 COM2 65 0R0 219 0.9 19.4 83.4 1.0133 0.00 0.0M
420.000 1971 COM2 65 0R0 235 1.4 19.4 83.5 1.0133 0.00 0.0M
480.000 1971 COM2 65 0R0 157 0.3 19.4 83.7 1.0133 0.00 0.0M
540.000 1971 COM2 65 0R0 281 0.5 19.4 83.7 1.0133 0.00 0.0M
600.000 1971 COM2 65 0R0 282 0.5 19.4 83.7 1.0133 0.00 0.0M
660.000 1971 COM2 65 0R0 272 0.9 19.4 83.8 1.0134 0.00 0.0M
720.000 1971 COM2 65 0R0 309 0.9 19.4 83.7 1.0134 0.00 0.0M
780.000 1971 COM2 65 0R0 270 1.4 19.3 83.8 1.0134 0.00 0.0M
840.000 1971 COM2 65 0R0 269 1.4 19.3 83.5 1.0134 0.00 0.0M
900.000 1971 COM2 65 0R0 285 1.2 19.3 83.5 1.0134 0.00 0.0M
960.000 1971 COM2 65 0R0 284 1.5 19.3 83.7 1.0134 0.00 0.0M
1020.000 1971 COM2 65 0R0 277 0.4 19.3 83.3 1.0134 0.00 0.0M
1080.000 1971 COM2 65 0R0 295 1.4 19.3 83.2 1.0134 0.00 0.0M
1140.000 1971 COM2 65 0R0 295 0.3 19.3 83.5 1.0135 0.00 0.0M
1200.000 1971 COM2 65 0R0 274 1.3 19.3 83.5 1.0135 0.00 0.0M
1260.000 1971 COM2 65 0R0 282 1.5 19.3 83.3 1.0135 0.00 0.0M
1320.000 1971 COM2 65 0R0 293 1.2 19.3 83.3 1.0135 0.00 0.0M
1380.000 1971 COM2 65 0R0 281 1.5 19.3 83.5 1.0135 0.00 0.0M
1440.000 1971 COM2 65 0R0 258 0.9 19.2 83.5 1.0135 0.00 0.0M
1500.000 1971 COM2 65 0R0 280 1.7 19.2 83.3 1.0135 0.00 0.0M
1560.000 1971 COM2 65 0R0 269 1.4 19.2 83.5 1.0135 0.00 0.0M
1620.000 1971 COM2 65 0R0 288 0.8 19.2 83.5 1.0135 0.00 0.0M
1680.000 1971 COM2 65 0R0 272 1.0 19.2 83.7 1.0135 0.00 0.0M
1740.000 1971 COM2 65 0R0 260 1.1 19.2 83.8 1.0135 0.00 0.0M
1800.000 1971 COM2 65 0R0 270 1.4 19.2 83.9 1.0135 0.00 0.0M
1860.000 1971 COM2 65 0R0 256 0.8 19.2 84.0 1.0135 0.00 0.0M
1920.000 1971 COM2 65 0R0 250 0.6 19.2 84.0 1.0135 0.00 0.0M
1980.000 1971 COM2 65 0R0 260 0.6 19.1 84.1 1.0134 0.00 0.0M
2040.000 1971 COM2 65 0R0 283 0.4 19.1 84.3 1.0134 0.00 0.0M
2100.000 1971 COM2 65 0R0 269 0.6 19.1 84.3 1.0134 0.00 0.0M
2160.000 1971 COM2 65 0R0 261 0.6 19.1 84.4 1.0134 0.00 0.0M
2220.000 1971 COM2 65 0R0 262 0.6 19.1 84.3 1.0134 0.00 0.0M
2280.000 1971 COM2 65 0R0 269 1.0 19.1 84.6 1.0135 0.00 0.0M
2340.000 1971 COM2 65 0R0 316 0.2 19.0 84.7 1.0135 0.00 0.0M
2400.000 1971 COM2 65 0R0 269 0.6 19.0 84.7 1.0135 0.00 0.0M
2460.000 1971 COM2 65 0R0 249 0.6 19.0 84.8 1.0135 0.00 0.0M
2520.000 1971 COM2 65 0R0 271 0.6 19.0 85.0 1.0135 0.00 0.0M
2580.000 1971 COM2 65 0R0 259 1.3 19.0 85.1 1.0135 0.00 0.0M
2640.000 1971 COM2 65 0R0 271 0.7 19.0 85.2 1.0135 0.00 0.0M
2700.000 1971 COM2 65 0R0 230 0.5 19.0 85.3 1.0135 0.00 0.0M
2760.000 1971 COM2 65 0R0 242 0.5 19.0 85.3 1.0135 0.00 0.0M
2820.000 1971 COM2 65 0R0 172 0.4 19.0 85.2 1.0135 0.00 0.0M
2880.000 1971 COM2 65 0R0 233 0.4 18.9 85.2 1.0135 0.00 0.0M
2940.000 1971 COM2 65 0R0 202 0.4 18.9 85.4 1.0135 0.00 0.0M
3000.000 1971 COM2 65 0R0 247 0.5 18.9 85.3 1.0135 0.00 0.0M
3060.000 1971 COM2 65 0R0 248 0.8 18.9 85.4 1.0135 0.00 0.0M
3120.000 1971 COM2 65 0R0 219 0.4 18.9 85.4 1.0135 0.00 0.0M
3180.000 1971 COM2 65 0R0 234 0.8 18.9 85.5 1.0135 0.00 0.0M
3240.000 1971 COM2 65 0R0 263 0.5 18.9 85.7 1.0135 0.00 0.0M
3300.000 1971 COM2 65 0R0 270 0.6 18.9 85.7 1.0134 0.00 0.0M
3360.000 1971 COM2 65 0R0 236 0.6 18.9 85.7 1.0134 0.00 0.0M
3420.000 1971 COM2 65 0R0 226 0.6 18.9 85.7 1.0134 0.00 0.0M
3480.000 1971 COM2 65 0R0 250 0.4 18.9 85.7 1.0134 0.00 0.0M
3540.000 1971 COM2 65 0R0 233 0.4 18.9 85.6 1.0134 0.00 0.0M
3600.000 1971 COM2 65 0R0 258 1.0 18.9 85.8 1.0134 0.00 0.0M
3660.000 1971 COM2 65 0R0 253 0.8 18.9 85.6 1.0134 0.00 0.0M
3720.000 1971 COM2 65 0R0 239 0.8 18.9 85.6 1.0134 0.00 0.0M
3780.000 1971 COM2 65 0R0 247 0.9 18.9 85.7 1.0134 0.00 0.0M
3840.000 1971 COM2 65 0R0 234 1.0 18.9 85.8 1.0134 0.00 0.0M
3900.000 1971 COM2 65 0R0 223 0.5 18.9 85.7 1.0134 0.00 0.0M
3960.000 1971 COM2 65 0R0 255 0.6 18.9 85.7 1.0134 0.00 0.0M
4020.000 1971 COM2 65 0R0 246 0.4 18.9 85.7 1.0134 0.00 0.0M
4080.000 1971 COM2 65 0R0 262 0.7 18.9 85.6 1.0134 0.00 0.0M
4140.000 1971 COM2 65 0R0 253 0.5 18.9 85.6 1.0134 0.00 0.0M
4200.000 1971 COM2 65 0R0 274 0.4 18.9 85.3 1.0134 0.00 0.0M
4260.000 1971 COM2 65 0R0 270 0.8 18.9 85.2 1.0134 0.00 0.0M
4320.000 1971 COM2 65 0R0 247 0.6 18.9 85.0 1.0134 0.00 0.0M
4380.000 1971 COM2 65 0R0 266 0.8 18.9 84.9 1.0134 0.00 0.0M
4440.000 1971 COM2 65 0R0 258 0.7 18.9 84.8 1.0134 0.00 0.0M
4500.000 1971 COM2 65 0R0 270 0.8 18.9 84.9 1.0134 0.00 0.0M
4560.000 1971 COM2 65 0R0 267 0.7 18.9 85.0 1.0134 0.00 0.0M
4620.000 1971 COM2 65 0R0 264 1.1 18.9 84.7 1.0134 0.00 0.0M
4680.000 1971 COM2 65 0R0 276 1.0 18.9 84.8 1.0134 0.00 0.0M
4740.000 1971 COM2 65 0R0 278 1.2 18.9 85.0 1.0134 0.00 0.0M
4800.000 1971 COM2 65 0R0 275 0.5 18.9 84.7 1.0134 0.00 0.0M
4860.000 1971 COM2 65 0R0 247 0.3 18.9 84.8 1.0134 0.00 0.0M
4920.100 1971 COM2 65 0R0 246 0.7 18.9 84.5 1.0134 0.00 0.0M
4980.000 1971 COM2 65 0R0 234 0.5 18.9 84.4 1.0134 0.00 0.0M
5040.000 1971 COM2 65 0R0 252 0.1 18.9 84.4 1.0134 0.00 0.0M
5100.000 1971 COM2 65 0R0 280 0.3 18.9 84.4 1.0134 0.00 0.0M
5160.000 1971 COM2 65 0R0 189 0.2 18.9 84.5 1.0134 0.00 0.0M
5220.000 1971 COM2 65 0R0 227 0.2 18.9 84.5 1.0134 0.00 0.0M
5280.000 1971 COM2 65 0R0 319 0.1 18.9 84.4 1.0134 0.00 0.0M
5340.000 1971 COM2 65 0R0 154 0.2 19.0 84.5 1.0134 0.00 0.0M
5400.000 1971 COM2 65 0R0 180 0.2 19.0 84.4 1.0134 0.00 0.0M
5460.000 1971 COM2 65 0R0 214 0.5 19.0 84.4 1.0134 0.00 0.0M
5520.000 1971 COM2 65 0R0 323 0.2 19.0 84.6 1.0134 0.00 0.0M
5580.000 1971 COM2 65 0R0 250 0.2 19.0 84.6 1.0134 0.00 0.0M
5640.000 1971 COM2 65 0R0 206 0.1 19.0 84.4 1.0134 0.00 0.0M
5700.000 1971 COM2 65 0R0 042 0.1 19.0 84.6 1.0134 0.00 0.0M
5760.100 1971 COM2 65 0R0 268 0.2 19.0 84.6 1.0134 0.00 0.0M
5820.100 1971 COM2 65 0R0 178 0.8 19.0 84.6 1.0134 0.00 0.0M
5880.100 1971 COM2 65 0R0 173 0.4 19.0 84.7 1.0134 0.00 0.0M
5940.000 1971 COM2 65 0R0 199 0.2 19.0 84.9 1.0134 0.00 0.0M
6000.000 1971 COM2 65 0R0 197 0.2 19.0 84.8 1.0134 0.00 0.0M
6060.000 1971 COM2 65 0R0 198 0.2 19.0 84.8 1.0134 0.00 0.0M
6120.000 1971 COM2 65 0R0 235 0.1 19.0 84.8 1.0134 0.00 0.0M
6180.000 1971 COM2 65 0R0 155 0.2 19.0 84.9 1.0134 0.00 0.0M
6240.000 1971 COM2 65 0R0 187 0.9 19.0 85.0 1.0134 0.00 0.0M
6300.000 1971 COM2 65 0R0 193 0.9 19.0 85.2 1.0134 0.00 0.0M
6360.000 1971 COM2 65 0R0 073 0.2 18.9 85.1 1.0134 0.00 0.0M
6420.000 1971 COM2 65 0R0 182 0.1 18.9 85.4 1.0134 0.00 0.0M
6480.000 1971 COM2 65 0R0 011 0.1 18.9 85.4 1.0134 0.00 0.0M
6540.000 1971 COM2 65 0R0 141 0.1 18.9 85.2 1.0134 0.00 0.0M
6600.100 1971 COM2 65 0R0 080 0.1 18.9 85.3 1.0134 0.00 0.0M
6660.000 1971 COM2 65 0R0 150 0.1 18.9 85.4 1.0134 0.00 0.0M
6720.000 1971 COM2 65 0R0 289 0.2 18.9 85.2 1.0134 0.00 0.0M
6780.000 1971 COM2 65 0R0 205 0.4 18.9 84.9 1.0134 0.00 0.0M
6840.000 1971 COM2 65 0R0 226 0.5 18.9 84.9 1.0134 0.00 0.0M
6900.000 1971 COM2 65 0R0 227 0.6 18.8 85.2 1.0134 0.00 0.0M
6960.000 1971 COM2 65 0R0 207 0.8 18.9 85.4 1.0134 0.00 0.0M
7020.000 1971 COM2 65 0R0 202 0.8 18.8 85.6 1.0134 0.00 0.0M
7080.000 1971 COM2 65 0R0 204 0.7 18.8 85.6 1.0134 0.00 0.0M
7140.000 1971 COM2 65 0R0 223 0.6 18.8 85.6 1.0134 0.00 0.0M
7200.000 1971 COM2 65 0R0 281 0.3 18.8 85.6 1.0135 0.00 0.0M
7260.000 1971 COM2 65 0R0 277 0.2 18.8 85.6 1.0135 0.00 0.0M
7320.000 1971 COM2 65 0R0 232 0.5 18.8 85.5 1.0135 0.00 0.0M
7380.000 1971 COM2 65 0R0 243 0.5 18.8 85.4 1.0135 0.00 0.0M
7440.000 1971 COM2 65 0R0 224 0.5 18.8 85.4 1.0135 0.00 0.0M
7500.000 1971 COM2 65 0R0 133 0.2 18.8 85.5 1.0135 0.00 0.0M
7560.000 1971 COM2 65 0R0 181 0.5 18.8 85.6 1.0135 0.00 0.0M
7620.000 1971 COM2 65 0R0 193 1.1 18.8 85.4 1.0135 0.00 0.0M
7680.000 1971 COM2 65 0R0 197 1.0 18.8 85.4 1.0135 0.00 0.0M
7740.000 1971 COM2 65 0R0 173 0.7 18.8 85.6 1.0135 0.00 0.0M
7800.000 1971 COM2 65 0R0 184 1.1 18.8 85.6 1.0135 0.00 0.0M
7860.000 1971 COM2 65 0R0 198 1.3 18.8 85.8 1.0135 0.00 0.0M
7920.000 1971 COM2 65 0R0 179 1.2 18.8 85.9 1.0135 0.00 0.0M
7980.000 1971 COM2 65 0R0 169 1.2 18.8 85.7 1.0135 0.00 0.0M
8040.000 1971 COM2 65 0R0 191 0.5 18.8 85.8 1.0134 0.00 0.0M
8100.000 1971 COM2 65 0R0 187 0.9 18.8 85.7 1.0134 0.00 0.0M
8160.000 1971 COM2 65 0R0 235 0.6 18.8 85.9 1.0134 0.00 0.0M
8220.000 1971 COM2 65 0R0 227 0.6 18.8 85.8 1.0134 0.00 0.0M
8280.000 1971 COM2 65 0R0 232 0.7 18.8 86.0 1.0134 0.00 0.0M
8340.000 1971 COM2 65 0R0 225 0.5 18.8 85.7 1.0133 0.00 0.0M
8400.000 1971 COM2 65 0R0 091 0.2 18.8 85.7 1.0133 0.00 0.0M
8460.000 1971 COM2 65 0R0 189 0.6 18.8 86.0 1.0133 0.00 0.0M
8520.000 1971 COM2 65 0R0 265 0.2 18.8 85.8 1.0133 0.00 0.0M
8580.000 1971 COM2 65 0R0 172 0.2 18.8 85.7 1.0133 0.00 0.0M
8640.000 1971 COM2 65 0R0 253 0.4 18.8 85.7 1.0133 0.00 0.0M
8700.000 1971 COM2 65 0R0 225 0.6 18.8 85.8 1.0133 0.00 0.0M
8760.000 1971 COM2 65 0R0 226 0.4 18.8 85.9 1.0133 0.00 0.0M
8820.000 1971 COM2 65 0R0 220 0.5 18.8 85.9 1.0133 0.00 0.0M
8880.000 1971 COM2 65 0R0 229 0.8 18.8 86.1 1.0133 0.00 0.0M
8940.000 1971 COM2 65 0R0 205 0.5 18.8 86.2 1.0133 0.00 0.0M
9000.000 1971 COM2 65 0R0 209 1.0 18.7 86.2 1.0133 0.00 0.0M
9060.000 1971 COM2 65 0R0 206 0.8 18.7 86.5 1.0133 0.00 0.0M
9120.000 1971 COM2 65 0R0 270 0.4 18.7 86.4 1.0133 0.00 0.0M
9180.000 1971 COM2 65 0R0 248 0.6 18.7 86.3 1.0133 0.00 0.0M
9240.000 1971 COM2 65 0R0 244 0.4 18.7 86.3 1.0132 0.00 0.0M
9300.000 1971 COM2 65 0R0 214 0.7 18.7 86.3 1.0132 0.00 0.0M
9360.000 1971 COM2 65 0R0 243 0.7 18.7 86.5 1.0132 0.00 0.0M
9420.100 1971 COM2 65 0R0 302 0.5 18.7 86.5 1.0132 0.00 0.0M
9480.000 1971 COM2 65 0R0 233 0.7 18.7 86.6 1.0132 0.00 0.0M
9540.000 1971 COM2 65 0R0 195 0.4 18.7 86.7 1.0131 0.00 0.0M
9600.000 1971 COM2 65 0R0 239 0.4 18.6 86.8 1.0131 0.00 0.0M
9660.000 1971 COM2 65 0R0 196 0.9 18.6 86.9 1.0131 0.00 0.0M
9720.000 1971 COM2 65 0R0 184 0.4 18.6 86.8 1.0131 0.00 0.0M
9780.000 1971 COM2 65 0R0 172 0.4 18.6 86.8 1.0131 0.00 0.0M
9840.000 1971 COM2 65 0R0 165 0.8 18.6 86.7 1.0131 0.00 0.0M
9900.000 1971 COM2 65 0R0 225 1.0 18.6 86.8 1.0132 0.00 0.0M
9960.000 1971 COM2 65 0R0 228 0.8 18.6 86.8 1.0132 0.00 0.0M
10020.000 1971 COM2 65 0R0 185 0.7 18.6 87.0 1.0132 0.00 0.0M
10080.000 1971 COM2 65 0R0 238 0.7 18.6 86.9 1.0132 0.00 0.0M
10140.000 1971 COM2 65 0R0 248 0.7 18.6 86.9 1.0132 0.00 0.0M
10200.000 1971 COM2 65 0R0 212 1.4 18.6 87.4 1.0132 0.00 0.0M
10260.000 1971 COM2 65 0R0 196 1.1 18.6 87.6 1.0132 0.00 0.0M
10320.000 1971 COM2 65 0R0 204 1.2 18.5 87.5 1.0132 0.00 0.0M
10380.000 1971 COM2 65 0R0 142 0.3 18.5 87.4 1.0132 0.00 0.0M
10440.000 1971 COM2 65 0R0 153 0.4 18.5 87.6 1.0132 0.00 0.0M
10500.000 1971 COM2 65 0R0 168 1.0 18.5 87.5 1.0132 0.00 0.0M
10560.000 1971 COM2 65 0R0 163 0.3 18.5 87.5 1.0132 0.00 0.0M
10620.000 1971 COM2 65 0R0 099 0.3 18.4 87.5 1.0132 0.00 0.0M
10680.000 1971 COM2 65 0R0 253 0.1 18.4 87.5 1.0132 0.00 0.0M
10740.000 1971 COM2 65 0R0 230 0.4 18.4 87.7 1.0132 0.00 0.0M
10800.000 1971 COM2 65 0R0 236 0.5 18.4 87.8 1.0132 0.00 0.0M
10860.000 1971 COM2 65 0R0 181 0.3 18.4 87.9 1.0131 0.00 0.0M
10920.000 1971 COM2 65 0R0 235 0.9 18.4 88.2 1.0131 0.00 0.0M
10980.000 1971 COM2 65 0R0 201 0.4 18.3 88.3 1.0131 0.00 0.0M
11040.000 1971 COM2 65 0R0 237 0.7 18.3 88.3 1.0131 0.00 0.0M
11100.000 1971 COM2 65 0R0 239 0.4 18.3 88.5 1.0131 0.00 0.0M
11160.000 1971 COM2 65 0R0 258 1.1 18.3 88.5 1.0131 0.00 0.0M
11220.100 1971 COM2 65 0R0 168 0.2 18.3 88.8 1.0131 0.00 0.0M
11280.000 1971 COM2 65 0R0 204 0.3 18.3 88.8 1.0131 0.00 0.0M
11340.000 1971 COM2 65 0R0 245 1.2 18.3 88.9 1.0131 0.00 0.0M
11400.000 1971 COM2 65 0R0 242 1.2 18.2 89.0 1.0131 0.00 0.0M
11460.000 1971 COM2 65 0R0 267 0.5 18.2 89.0 1.0131 0.00 0.0M
11520.000 1971 COM2 65 0R0 283 0.6 18.2 89.0 1.0131 0.00 0.0M
11580.000 1971 COM2 65 0R0 265 1.3 18.2 89.0 1.0131 0.00 0.0M
11640.000 1971 COM2 65 0R0 248 0.4 18.2 89.1 1.0132 0.00 0.0M
11700.000 1971 COM2 65 0R0 252 0.9 18.1 89.1 1.0132 0.00 0.0M
11760.100 1971 COM2 65 0R0 222 0.7 18.1 89.2 1.0132 0.00 0.0M
11820.000 1971 COM2 65 0R0 240 1.1 18.1 89.2 1.0132 0.00 0.0M
11880.000 1971 COM2 65 0R0 280 1.0 18.1 89.3 1.0131 0.00 0.0M
11940.000 1971 COM2 65 0R0 278 1.2 18.1 89.3 1.0131 0.00 0.0M
12000.000 1971 COM2 65 0R0 218 0.5 18.1 89.4 1.0131 0.00 0.0M
12060.000 1971 COM2 65 0R0 256 0.6 18.1 89.4 1.0131 0.00 0.0M
12120.000 1971 COM2 65 0R0 265 1.5 18.1 89.4 1.0131 0.00 0.0M
12180.000 1971 COM2 65 0R0 240 1.3 18.1 89.4 1.0131 0.00 0.0M
12240.000 1971 COM2 65 0R0 277 1.2 18.1 89.5 1.0131 0.00 0.0M
12300.000 1971 COM2 65 0R0 268 0.9 18.1 89.5 1.0131 0.00 0.0M
12360.000 1971 COM2 65 0R0 254 0.8 18.1 89.4 1.0130 0.00 0.0M
12420.000 1971 COM2 65 0R0 237 1.1 18.1 89.4 1.0130 0.00 0.0M
12480.000 1971 COM2 65 0R0 275 0.8 18.1 89.4 1.0130 0.00 0.0M
12540.000 1971 COM2 65 0R0 244 1.5 18.1 89.3 1.0130 0.00 0.0M
12600.000 1971 COM2 65 0R0 249 1.0 18.1 89.2 1.0130 0.00 0.0M
12660.000 1971 COM2 65 0R0 287 0.4 18.1 89.2 1.0130 0.00 0.0M
12720.000 1971 COM2 65 0R0 250 0.2 18.1 89.2 1.0130 0.00 0.0M
12780.000 1971 COM2 65 0R0 197 0.4 18.1 89.1 1.0130 0.00 0.0M
12840.000 1971 COM2 65 0R0 249 0.7 18.1 89.1 1.0130 0.00 0.0M
12900.000 1971 COM2 65 0R0 260 1.0 18.1 89.0 1.0130 0.00 0.0M
12960.000 1971 COM2 65 0R0 248 0.6 18.1 89.0 1.0129 0.00 0.0M
13020.000 1971 COM2 65 0R0 184 0.8 18.1 88.9 1.0129 0.00 0.0M
13080.000 1971 COM2 65 0R0 219 0.7 18.1 88.7 1.0129 0.00 0.0M
13140.000 1971 COM2 65 0R0 250 0.3 18.1 88.7 1.0129 0.00 0.0M
13200.000 1971 COM2 65 0R0 212 0.4 18.1 88.6 1.0129 0.00 0.0M
13260.000 1971 COM2 65 0R0 185 0.6 18.1 88.5 1.0129 0.00 0.0M
13320.000 1971 COM2 65 0R0 216 0.7 18.1 88.5 1.0129 0.00 0.0M
13380.000 1971 COM2 65 0R0 199 0.5 18.1 88.5 1.0129 0.00 0.0M
13440.000 1971 COM2 65 0R0 279 0.6 18.1 88.4 1.0129 0.00 0.0M
13500.000 1971 COM2 65 0R0 200 0.7 18.2 88.4 1.0129 0.00 0.0M
13560.000 1971 COM2 65 0R0 217 0.3 18.2 88.4 1.0129 0.00 0.0M
13620.000 1971 COM2 65 0R0 197 0.3 18.2 88.4 1.0129 0.00 0.0M
13680.000 1971 COM2 65 0R0 246 0.8 18.2 88.3 1.0129 0.00 0.0M
13740.000 1971 COM2 65 0R0 272 0.5 18.2 88.3 1.0129 0.00 0.0M
13800.000 1971 COM2 65 0R0 233 0.9 18.2 88.3 1.0129 0.00 0.0M
13860.000 1971 COM2 65 0R0 251 1.2 18.2 88.3 1.0129 0.00 0.0M
13920.000 1971 COM2 65 0R0 261 0.7 18.2 88.2 1.0129 0.00 0.0M
13980.000 1971 COM2 65 0R0 262 0.4 18.2 88.2 1.0129 0.00 0.0M
14040.000 1971 COM2 65 0R0 237 0.6 18.2 88.2 1.0129 0.00 0.0M
14100.000 1971 COM2 65 0R0 263 1.4 18.2 88.2 1.0129 0.00 0.0M
14160.000 1971 COM2 65 0R0 230 0.5 18.2 88.2 1.0128 0.00 0.0M
14220.000 1971 COM2 65 0R0 244 0.4 18.2 88.2 1.0128 0.00 0.0M
14280.000 1971 COM2 65 0R0 263 1.4 18.2 88.1 1.0128 0.00 0.0M
14340.000 1971 COM2 65 0R0 248 0.6 18.2 88.1 1.0128 0.00 0.0M
14400.000 1971 COM2 65 0R0 240 0.8 18.2 88.0 1.0128 0.00 0.0M
14460.000 1971 COM2 65 0R0 259 0.8 18.2 88.0 1.0128 0.00 0.0M
14520.000 1971 COM2 65 0R0 249 0.7 18.2 87.9 1.0128 0.00 0.0M
14580.000 1971 COM2 65 0R0 255 0.5 18.2 87.8 1.0128 0.00 0.0M
14640.000 1971 COM2 65 0R0 248 1.1 18.2 87.8 1.0128 0.00 0.0M
14700.000 1971 COM2 65 0R0 272 0.8 18.2 87.6 1.0128 0.00 0.0M
14760.000 1971 COM2 65 0R0 256 0.9 18.2 87.5 1.0127 0.00 0.0M
14820.000 1971 COM2 65 0R0 209 0.4 18.2 87.4 1.0127 0.00 0.0M
14880.000 1971 COM2 65 0R0 249 1.1 18.2 87.1 1.0127 0.00 0.0M
14940.000 1971 COM2 65 0R0 253 0.7 18.2 87.1 1.0127 0.00 0.0M
15000.000 1971 COM2 65 0R0 269 0.3 18.2 87.2 1.0127 0.00 0.0M
15060.000 1971 COM2 65 0R0 343 0.3 18.2 87.2 1.0127 0.00 0.0M
15120.000 1971 COM2 65 0R0 300 0.3 18.2 87.1 1.0127 0.00 0.0M
15180.000 1971 COM2 65 0R0 227 0.8 18.2 87.0 1.0127 0.00 0.0M
15240.000 1971 COM2 65 0R0 267 0.9 18.2 86.9 1.0128 0.00 0.0M
15300.000 1971 COM2 65 0R0 277 0.7 18.2 87.0 1.0128 0.00 0.0M
15360.000 1971 COM2 65 0R0 240 1.0 18.2 87.0 1.0128 0.00 0.0M
15420.000 1971 COM2 65 0R0 251 1.2 18.2 87.0 1.0128 0.00 0.0M
15480.000 1971 COM2 65 0R0 272 0.7 18.2 87.0 1.0128 0.00 0.0M
15540.000 1971 COM2 65 0R0 269 1.5 18.2 86.9 1.0127 0.00 0.0M
15600.000 1971 COM2 65 0R0 276 1.2 18.2 86.9 1.0127 0.00 0.0M
15660.000 1971 COM2 65 0R0 242 0.9 18.2 86.8 1.0127 0.00 0.0M
15720.000 1971 COM2 65 0R0 276 0.2 18.2 86.7 1.0127 0.00 0.0M
15780.000 1971 COM2 65 0R0 278 0.4 18.2 86.8 1.0127 0.00 0.0M
15840.000 1971 COM2 65 0R0 271 0.5 18.2 86.9 1.0127 0.00 0.0M
15900.000 1971 COM2 65 0R0 235 1.2 18.2 86.9 1.0127 0.00 0.0M
15960.000 1971 COM2 65 0R0 232 0.7 18.2 86.8 1.0127 0.00 0.0M
16020.000 1971 COM2 65 0R0 260 0.6 18.2 86.9 1.0127 0.00 0.0M
16080.000 1971 COM2 65 0R0 214 0.8 18.2 87.0 1.0126 0.00 0.0M
16140.000 1971 COM2 65 0R0 239 0.7 18.2 87.0 1.0126 0.00 0.0M
16200.000 1971 COM2 65 0R0 241 1.3 18.2 87.1 1.0126 0.00 0.0M
16260.000 1971 COM2 65 0R0 262 1.2 18.2 87.1 1.0126 0.00 0.0M
16320.000 1971 COM2 65 0R0 223 0.6 18.2 87.2 1.0126 0.00 0.0M
16380.000 1971 COM2 65 0R0 255 1.8 18.2 87.4 1.0126 0.00 0.0M
16440.000 1971 COM2 65 0R0 136 0.3 18.1 87.6 1.0126 0.00 0.0M
16500.000 1971 COM2 65 0R0 256 0.4 18.1 87.7 1.0125 0.00 0.0M
16560.000 1971 COM2 65 0R0 232 0.5 18.1 87.6 1.0125 0.00 0.0M
16620.000 1971 COM2 65 0R0 243 0.5 18.1 87.7 1.0125 0.00 0.0M
16680.000 1971 COM2 65 0R0 260 0.7 18.1 87.6 1.0125 0.00 0.0M
16740.000 1971 COM2 65 0R0 274 0.5 18.1 87.6 1.0125 0.00 0.0M
16800.000 1971 COM2 65 0R0 278 0.2 18.1 87.7 1.0125 0.00 0.0M
16860.000 1971 COM2 65 0R0 264 0.8 18.1 87.7 1.0125 0.00 0.0M
16920.000 1971 COM2 65 0R0 279 1.0 18.1 88.0 1.0124 0.00 0.0M
16980.000 1971 COM2 65 0R0 253 0.6 18.1 88.1 1.0124 0.00 0.0M
17040.000 1971 COM2 65 0R0 228 0.7 18.1 88.2 1.0124 0.00 0.0M
17100.000 1971 COM2 65 0R0 245 1.2 18.1 88.2 1.0123 0.00 0.0M
17160.000 1971 COM2 65 0R0 264 0.9 18.1 88.4 1.0123 0.00 0.0M
17220.000 1971 COM2 65 0R0 261 0.9 18.1 88.7 1.0123 0.00 0.0M
17280.000 1971 COM2 65 0R0 213 0.5 18.1 88.7 1.0123 0.00 0.0M
17340.000 1971 COM2 65 0R0 235 0.9 18.1 88.6 1.0122 0.00 0.0M
17400.000 1971 COM2 65 0R0 258 0.8 18.1 88.7 1.0122 0.00 0.0M
17460.000 1971 COM2 65 0R0 224 1.0 18.1 88.7 1.0122 0.00 0.0M
17520.000 1971 COM2 65 0R0 174 1.1 18.1 88.6 1.0122 0.00 0.0M
17580.000 1971 COM2 65 0R0 200 1.3 18.1 88.7 1.0122 0.00 0.0M
17640.000 1971 COM2 65 0R0 176 1.1 18.1 88.5 1.0122 0.00 0.0M
17700.000 1971 COM2 65 0R0 172 0.4 18.1 88.5 1.0122 0.00 0.0M
17760.000 1971 COM2 65 0R0 198 1.7 18.1 88.6 1.0122 0.00 0.0M
17820.000 1971 COM2 65 0R0 222 0.4 18.1 88.7 1.0122 0.00 0.0M
17880.000 1971 COM2 65 0R0 230 1.1 18.1 88.8 1.0122 0.00 0.0M
17940.000 1971 COM2 65 0R0 264 1.1 18.1 89.1 1.0122 0.00 0.0M
18000.000 1971 COM2 65 0R0 221 2.5 18.1 89.1 1.0122 0.00 0.0M
18060.000 1971 COM2 65 0R0 232 2.5 18.1 89.3 1.0122 0.00 0.0M
18120.000 1971 COM2 65 0R0 227 2.3 18.1 89.3 1.0122 0.00 0.0M
18180.000 1971 COM2 65 0R0 246 2.3 18.1 89.2 1.0122 0.00 0.0M
18240.000 1971 COM2 65 0R0 219 1.8 18.1 89.2 1.0122 0.00 0.0M
18300.000 1971 COM2 65 0R0 230 2.0 18.1 89.3 1.0121 0.00 0.0M
18360.000 1971 COM2 65 0R0 218 1.5 18.1 89.2 1.0121 0.00 0.0M
18420.000 1971 COM2 65 0R0 242 2.0 18.1 89.2 1.0121 0.00 0.0M
18480.000 1971 COM2 65 0R0 259 1.5 18.1 89.3 1.0121 0.00 0.0M
18540.000 1971 COM2 65 0R0 249 1.8 18.1 89.2 1.0121 0.00 0.0M
18600.000 1971 COM2 65 0R0 195 1.5 18.1 89.2 1.0121 0.00 0.0M
18660.000 1971 COM2 65 0R0 101 0.5 18.1 89.2 1.0121 0.00 0.0M
18720.000 1971 COM2 65 0R0 227 1.7 18.1 89.1 1.0121 0.00 0.0M
18780.000 1971 COM2 65 0R0 221 1.2 18.1 89.1 1.0121 0.00 0.0M
18840.000 1971 COM2 65 0R0 233 0.9 18.1 89.1 1.0121 0.00 0.0M
18900.000 1971 COM2 65 0R0 238 1.1 18.1 89.1 1.0121 0.00 0.0M
18960.000 1971 COM2 65 0R0 210 0.7 18.1 89.1 1.0121 0.00 0.0M
19020.000 1971 COM2 65 0R0 206 1.9 18.1 89.2 1.0120 0.00 0.0M
19080.000 1971 COM2 65 0R0 201 0.9 18.1 89.3 1.0120 0.00 0.0M
19140.000 1971 COM2 65 0R0 189 1.5 18.1 89.3 1.0120 0.00 0.0M
19200.000 1971 COM2 65 0R0 191 1.0 18.1 89.2 1.0120 0.00 0.0M
19260.000 1971 COM2 65 0R0 213 0.2 18.0 89.1 1.0120 0.00 0.0M
19320.000 1971 COM2 65 0R0 206 0.8 18.1 89.0 1.0120 0.00 0.0M
19380.000 1971 COM2 65 0R0 180 0.6 18.0 89.0 1.0120 0.00 0.0M
19440.000 1971 COM2 65 0R0 220 1.2 18.0 89.1 1.0120 0.00 0.0M
19500.000 1971 COM2 65 0R0 265 1.2 18.0 89.3 1.0120 0.00 0.0M
19560.100 1971 COM2 65 0R0 228 1.0 18.0 89.4 1.0120 0.00 0.0M
19620.000 1971 COM2 65 0R0 262 0.9 18.0 89.4 1.0120 0.00 0.0M
19680.000 1971 COM2 65 0R0 274 0.5 18.0 89.5 1.0120 0.00 0.0M
19740.000 1971 COM2 65 0R0 228 0.5 18.0 89.5 1.0120 0.00 0.0M
19800.000 1971 COM2 65 0R0 212 1.4 18.0 89.6 1.0120 0.00 0.0M
19860.000 1971 COM2 65 0R0 213 0.9 18.0 89.7 1.0120 0.00 0.0M
19920.000 1971 COM2 65 0R0 296 0.6 18.0 89.7 1.0120 0.00 0.0M
19980.000 1971 COM2 65 0R0 212 0.8 18.0 89.7 1.0120 0.00 0.0M
20040.000 1971 COM2 65 0R0 177 1.3 18.0 89.8 1.0120 0.00 0.0M
20100.000 1971 COM2 65 0R0 246 0.4 18.0 89.8 1.0120 0.00 0.0M
20160.000 1971 COM2 65 0R0 291 0.4 18.0 89.8 1.0120 0.00 0.0M
20220.000 1971 COM2 65 0R0 207 0.4 18.0 89.8 1.0120 0.00 0.0M
20280.000 1971 COM2 65 0R0 273 0.6 18.0 89.8 1.0120 0.00 0.0M
20340.000 1971 COM2 65 0R0 201 1.2 18.0 89.8 1.0120 0.00 0.0M
20400.000 1971 COM2 65 0R0 260 0.5 18.0 89.8 1.0120 0.00 0.0M
20460.000 1971 COM2 65 0R0 259 0.4 18.0 89.8 1.0120 0.00 0.0M
20520.000 1971 COM2 65 0R0 266 0.6 18.0 89.8 1.0119 0.00 0.0M
20580.100 1971 COM2 65 0R0 220 0.8 18.0 89.8 1.0119 0.00 0.0M
20640.000 1971 COM2 65 0R0 252 0.7 18.0 89.8 1.0119 0.00 0.0M
20700.000 1971 COM2 65 0R0 249 1.1 18.0 89.9 1.0119 0.00 0.0M
20760.000 1971 COM2 65 0R0 250 0.5 18.0 90.0 1.0119 0.00 0.0M
20820.000 1971 COM2 65 0R0 279 0.6 18.0 90.0 1.0119 0.00 0.0M
20880.000 1971 COM2 65 0R0 239 0.9 18.0 90.0 1.0119 0.00 0.0M
20940.000 1971 COM2 65 0R0 296 0.4 18.0 90.0 1.0119 0.00 0.0M
21000.000 1971 COM2 65 0R0 239 1.5 18.0 90.0 1.0119 0.00 0.0M
21060.000 1971 COM2 65 0R0 272 1.2 18.1 90.0 1.0119 0.00 0.0M
21120.000 1971 COM2 65 0R0 265 1.6 18.1 90.1 1.0119 0.00 0.0M
21180.000 1971 COM2 65 0R0 261 0.7 18.1 90.1 1.0119 0.00 0.0M
21240.000 1971 COM2 65 0R0 218 0.7 18.1 90.2 1.0119 0.00 0.0M
21300.000 1971 COM2 65 0R0 267 0.9 18.1 90.2 1.0119 0.00 0.0M
21360.000 1971 COM2 65 0R0 285 0.8 18.1 90.2 1.0119 0.00 0.0M
21420.000 1971 COM2 65 0R0 207 0.5 18.1 90.2 1.0119 0.00 0.0M
21480.000 1971 COM2 65 0R0 248 1.7 18.1 90.3 1.0118 0.00 0.0M
21540.000 1971 COM2 65 0R0 265 1.4 18.1 90.4 1.0118 0.00 0.0M
21600.000 1971 COM2 65 0R0 251 1.1 18.1 90.4 1.0118 0.00 0.0M
21660.000 1971 COM2 65 0R0 251 1.3 18.1 90.4 1.0118 0.00 0.0M
21720.100 1971 COM2 65 0R0 251 0.7 18.1 90.4 1.0118 0.00 0.0M
21780.000 1971 COM2 65 0R0 233 0.4 18.1 90.4 1.0118 0.00 0.0M
21840.000 1971 COM2 65 0R0 246 0.7 18.1 90.5 1.0118 0.00 0.0M
21900.000 1971 COM2 65 0R0 305 1.0 18.1 90.5 1.0118 0.00 0.0M
21960.000 1971 COM2 65 0R0 264 0.7 18.1 90.5 1.0119 0.00 0.0M
22020.000 1971 COM2 65 0R0 278 1.7 18.1 90.5 1.0119 0.00 0.0M
22080.000 1971 COM2 65 0R0 260 0.9 18.0 90.4 1.0119 0.00 0.0M
22140.000 1971 COM2 65 0R0 269 1.6 18.0 90.5 1.0118 0.00 0.0M
22200.000 1971 COM2 65 0R0 251 1.0 18.0 90.5 1.0118 0.00 0.0M
22260.000 1971 COM2 65 0R0 202 0.5 18.0 90.6 1.0118 0.00 0.0M
22320.000 1971 COM2 65 0R0 237 0.2 18.0 90.6 1.0118 0.00 0.0M
22380.000 1971 COM2 65 0R0 311 0.1 18.0 90.6 1.0118 0.00 0.0M
22440.000 1971 COM2 65 0R0 214 0.4 18.0 90.6 1.0118 0.00 0.0M
22500.000 1971 COM2 65 0R0 133 0.3 18.0 90.6 1.0118 0.00 0.0M
22560.000 1971 COM2 65 0R0 210 1.2 18.0 90.6 1.0117 0.00 0.0M
22620.000 1971 COM2 65 0R0 183 1.4 18.0 90.5 1.0118 0.00 0.0M
22680.000 1971 COM2 65 0R0 115 0.3 18.0 90.5 1.0117 0.00 0.0M
22740.000 1971 COM2 65 0R0 126 0.2 18.0 90.3 1.0117 0.00 0.0M
22800.000 1971 COM2 65 0R0 259 0.6 18.0 90.3 1.0117 0.00 0.0M
22860.000 1971 COM2 65 0R0 181 1.1 18.0 90.3 1.0117 0.00 0.0M
22920.000 1971 COM2 65 0R0 149 0.3 18.0 90.4 1.0117 0.00 0.0M
22980.000 1971 COM2 65 0R0 251 0.3 18.0 90.3 1.0117 0.00 0.0M
23040.000 1971 COM2 65 0R0 316 0.2 18.0 90.3 1.0117 0.00 0.0M
23100.000 1971 COM2 65 0R0 315 0.2 18.0 90.3 1.0117 0.00 0.0M
23160.000 1971 COM2 65 0R0 245 0.4 18.0 90.3 1.0117 0.00 0.0M
23220.000 1971 COM2 65 0R0 003 0.2 18.0 90.3 1.0117 0.00 0.0M
23280.000 1971 COM2 65 0R0 342 0.2 18.0 90.2 1.0118 0.00 0.0M
23340.000 1971 COM2 65 0R0 245 0.3 18.0 90.1 1.0118 0.00 0.0M
23400.000 1971 COM2 65 0R0 036 0.2 18.0 90.1 1.0118 0.00 0.0M
23460.000 1971 COM2 65 0R0 187 0.2 18.0 90.0 1.0118 0.00 0.0M
23520.000 1971 COM2 65 0R0 235 0.6 18.0 90.0 1.0118 0.00 0.0M
23580.000 1971 COM2 65 0R0 263 0.8 18.0 89.9 1.0118 0.00 0.0M
23640.000 1971 COM2 65 0R0 236 0.6 18.0 90.0 1.0117 0.00 0.0M
23700.000 1971 COM2 65 0R0 202 0.2 18.0 90.0 1.0117 0.00 0.0M
23760.000 1971 COM2 65 0R0 267 0.1 18.0 90.0 1.0117 0.00 0.0M
23820.000 1971 COM2 65 0R0 164 0.3 18.0 89.9 1.0117 0.00 0.0M
23880.000 1971 COM2 65 0R0 183 0.2 18.0 89.9 1.0117 0.00 0.0M
23940.000 1971 COM2 65 0R0 149 0.5 18.0 89.9 1.0117 0.00 0.0M
24000.000 1971 COM2 65 0R0 190 1.3 18.0 89.9 1.0117 0.00 0.0M
24060.000 1971 COM2 65 0R0 128 0.5 18.0 89.8 1.0117 0.00 0.0M
24120.000 1971 COM2 65 0R0 339 0.3 18.0 89.7 1.0117 0.00 0.0M
24180.000 1971 COM2 65 0R0 239 0.4 18.0 89.7 1.0116 0.00 0.0M
24240.000 1971 COM2 65 0R0 130 0.3 18.0 89.7 1.0116 0.00 0.0M
24300.000 1971 COM2 65 0R0 239 0.6 18.0 89.7 1.0116 0.00 0.0M
24360.000 1971 COM2 65 0R0 266 0.3 18.0 89.7 1.0116 0.00 0.0M
24420.000 1971 COM2 65 0R0 239 0.5 18.0 89.8 1.0116 0.00 0.0M
24480.000 1971 COM2 65 0R0 272 0.3 18.0 89.8 1.0116 0.00 0.0M
24540.000 1971 COM2 65 0R0 253 0.6 18.0 89.9 1.0116 0.00 0.0M
24600.000 1971 COM2 65 0R0 273 0.3 18.0 89.9 1.0116 0.00 0.0M
24660.000 1971 COM2 65 0R0 206 0.8 18.0 89.9 1.0116 0.00 0.0M
24720.000 1971 COM2 65 0R0 244 1.3 18.0 89.9 1.0116 0.00 0.0M
24780.000 1971 COM2 65 0R0 220 0.8 18.0 90.0 1.0116 0.00 0.0M
24840.100 1971 COM2 65 0R0 113 0.1 18.0 90.0 1.0116 0.00 0.0M
24900.000 1971 COM2 65 0R0 016 0.2 18.0 90.0 1.0115 0.00 0.0M
24960.000 1971 COM2 65 0R0 118 0.2 18.0 90.0 1.0115 0.00 0.0M
25020.000 1971 COM2 65 0R0 356 0.1 18.0 89.9 1.0115 0.00 0.0M
25080.000 1971 COM2 65 0R0 119 0.1 18.0 89.8 1.0115 0.00 0.0M
25140.000 1971 COM2 65 0R0 016 0.1 18.0 89.8 1.0115 0.00 0.0M
25200.000 1971 COM2 65 0R0 331 0.2 18.0 89.8 1.0115 0.00 0.0M
25260.000 1971 COM2 65 0R0 074 0.6 18.0 89.7 1.0114 0.00 0.0M
25320.000 1971 COM2 65 0R0 091 0.1 18.0 89.7 1.0114 0.00 0.0M
25380.000 1971 COM2 65 0R0 168 0.2 18.0 89.6 1.0114 0.00 0.0M
25440.000 1971 COM2 65 0R0 181 0.1 18.0 89.4 1.0114 0.00 0.0M
25500.000 1971 COM2 65 0R0 117 0.1 18.0 89.4 1.0114 0.00 0.0M
25560.000 1971 COM2 65 0R0 285 0.2 18.0 89.4 1.0114 0.00 0.0M
25620.000 1971 COM2 65 0R0 253 0.5 18.0 89.4 1.0113 0.00 0.0M
25680.000 1971 COM2 65 0R0 226 0.6 18.0 89.4 1.0113 0.00 0.0M
25740.000 1971 COM2 65 0R0 115 0.6 18.0 89.5 1.0113 0.00 0.0M
25800.000 1971 COM2 65 0R0 246 0.4 18.0 89.5 1.0113 0.00 0.0M
25860.000 1971 COM2 65 0R0 338 0.1 18.0 89.5 1.0113 0.00 0.0M
25920.000 1971 COM2 65 0R0 210 0.6 18.0 89.5 1.0113 0.00 0.0M
25980.000 1971 COM2 65 0R0 243 0.3 18.0 89.5 1.0113 0.00 0.0M
26040.000 1971 COM2 65 0R0 311 0.2 18.0 89.3 1.0113 0.00 0.0M
26100.000 1971 COM2 65 0R0 228 0.5 18.0 89.3 1.0113 0.00 0.0M
26160.000 1971 COM2 65 0R0 210 0.9 18.0 89.2 1.0113 0.00 0.0M
26220.000 1971 COM2 65 0R0 208 0.6 18.0 89.2 1.0113 0.00 0.0M
26280.000 1971 COM2 65 0R0 076 0.2 18.0 89.1 1.0113 0.00 0.0M
26340.000 1971 COM2 65 0R0 319 0.1 18.0 89.1 1.0112 0.00 0.0M
26400.000 1971 COM2 65 0R0 057 0.2 18.0 89.1 1.0112 0.00 0.0M
26460.000 1971 COM2 65 0R0 190 1.0 18.0 89.1 1.0112 0.00 0.0M
26520.000 1971 COM2 65 0R0 029 0.2 18.1 89.1 1.0112 0.00 0.0M
26580.000 1971 COM2 65 0R0 124 0.3 18.1 89.1 1.0112 0.00 0.0M
26640.000 1971 COM2 65 0R0 167 0.2 18.1 89.1 1.0112 0.00 0.0M
26700.000 1971 COM2 65 0R0 342 0.2 18.1 89.1 1.0112 0.00 0.0M
26760.000 1971 COM2 65 0R0 323 0.2 18.1 89.0 1.0112 0.00 0.0M
26820.000 1971 COM2 65 0R0 015 0.2 18.1 89.0 1.0112 0.00 0.0M
26880.000 1971 COM2 65 0R0 145 0.2 18.1 89.0 1.0111 0.00 0.0M
26940.000 1971 COM2 65 0R0 228 0.5 18.1 88.9 1.0111 0.00 0.0M
27000.000 1971 COM2 65 0R0 092 0.2 18.1 88.9 1.0111 0.00 0.0M
27060.000 1971 COM2 65 0R0 152 0.4 18.1 89.0 1.0111 0.00 0.0M
27120.000 1971 COM2 65 0R0 163 0.5 18.1 89.0 1.0111 0.00 0.0M
27180.000 1971 COM2 65 0R0 104 0.2 18.1 88.9 1.0111 0.00 0.0M
27240.000 1971 COM2 65 0R0 187 0.3 18.1 88.9 1.0111 0.00 0.0M
27300.000 1971 COM2 65 0R0 155 0.9 18.1 88.9 1.0111 0.00 0.0M
27360.000 1971 COM2 65 0R0 206 0.2 18.1 88.9 1.0111 0.00 0.0M
27420.000 1971 COM2 65 0R0 216 0.4 18.1 88.9 1.0111 0.00 0.0M
27480.000 1971 COM2 65 0R0 219 0.4 18.1 89.0 1.0111 0.00 0.0M
27540.000 1971 COM2 65 0R0 217 0.5 18.1 89.1 1.0111 0.00 0.0M
27600.000 1971 COM2 65 0R0 247 0.5 18.1 89.2 1.0111 0.00 0.0M
27660.000 1971 COM2 65 0R0 205 0.7 18.1 89.3 1.0111 0.00 0.0M
27720.000 1971 COM2 65 0R0 195 0.6 18.1 89.3 1.0111 0.00 0.0M
27780.000 1971 COM2 65 0R0 225 0.2 18.1 89.3 1.0110 0.00 0.0M
27840.000 1971 COM2 65 0R0 173 0.6 18.1 89.3 1.0110 0.00 0.0M
27900.000 1971 COM2 65 0R0 182 0.8 18.1 89.4 1.0110 0.00 0.0M
27960.000 1971 COM2 65 0R0 169 0.9 18.1 89.6 1.0110 0.00 0.0M
28020.000 1971 COM2 65 0R0 283 0.4 18.1 89.7 1.0110 0.00 0.0M
28080.000 1971 COM2 65 0R0 182 0.2 18.1 89.7 1.0110 0.00 0.0M
28140.000 1971 COM2 65 0R0 231 0.4 18.1 89.7 1.0110 0.00 0.0M
28200.000 1971 COM2 65 0R0 187 1.2 18.1 89.8 1.0109 0.00 0.0M
28260.100 1971 COM2 65 0R0 153 0.9 18.1 89.8 1.0109 0.00 0.0M
28320.000 1971 COM2 65 0R0 306 0.4 18.0 89.9 1.0109 0.00 0.0M
28380.000 1971 COM2 65 0R0 215 1.8 18.0 89.9 1.0109 0.00 0.0M
28440.000 1971 COM2 65 0R0 204 1.8 18.0 90.0 1.0109 0.00 0.0M
28500.000 1971 COM2 65 0R0 139 1.8 18.0 90.1 1.0108 0.00 0.0M
28560.000 1971 COM2 65 0R0 265 0.9 18.0 90.3 1.0108 0.00 0.0M
28620.000 1971 COM2 65 0R0 198 1.9 18.0 90.3 1.0108 0.00 0.0M
28680.000 1971 COM2 65 0R0 149 0.5 18.0 90.4 1.0108 0.00 0.0M
28740.000 1971 COM2 65 0R0 121 0.7 17.9 90.4 1.0108 0.00 0.0M
28800.000 1971 COM2 65 0R0 191 1.4 17.9 90.4 1.0108 0.00 0.0M
28860.000 1971 COM2 65 0R0 161 1.1 17.9 90.4 1.0109 0.00 0.0M
28920.000 1971 COM2 65 0R0 176 1.4 17.9 90.6 1.0109 0.00 0.0M
28980.000 1971 COM2 65 0R0 198 0.6 17.8 90.6 1.0108 0.00 0.0M
29040.100 1971 COM2 65 0R0 169 0.9 17.8 90.8 1.0108 0.00 0.0M
29100.000 1971 COM2 65 0R0 205 1.2 17.8 90.9 1.0108 0.00 0.0M
29160.000 1971 COM2 65 0R0 174 1.0 17.8 91.0 1.0108 0.00 0.0M
29220.000 1971 COM2 65 0R0 153 0.8 17.8 91.1 1.0108 0.00 0.0M
29280.000 1971 COM2 65 0R0 211 1.4 17.8 91.1 1.0108 0.00 0.0M
29340.000 1971 COM2 65 0R0 205 0.9 17.8 91.2 1.0107 0.00 0.0M
29400.100 1971 COM2 65 0R0 135 0.4 17.8 91.3 1.0107 0.00 0.0M
29460.000 1971 COM2 65 0R0 122 0.5 17.8 91.3 1.0107 0.00 0.0M
29520.000 1971 COM2 65 0R0 161 0.3 17.8 91.3 1.0107 0.00 0.0M
29580.000 1971 COM2 65 0R0 124 0.6 17.8 91.3 1.0107 0.00 0.0M
29640.000 1971 COM2 65 0R0 129 0.4 17.8 91.3 1.0107 0.00 0.0M
29700.000 1971 COM2 65 0R0 248 0.3 17.8 91.2 1.0107 0.00 0.0M
29760.000 1971 COM2 65 0R0 209 0.5 17.8 91.2 1.0107 0.00 0.0M
29820.000 1971 COM2 65 0R0 146 0.2 17.8 91.3 1.0107 0.00 0.0M
29880.000 1971 COM2 65 0R0 199 1.0 17.8 91.3 1.0107 0.00 0.0M
29940.000 1971 COM2 65 0R0 256 0.2 17.8 91.3 1.0107 0.00 0.0M
30000.000 1971 COM2 65 0R0 207 0.8 17.8 91.3 1.0107 0.00 0.0M
30060.000 1971 COM2 65 0R0 169 0.8 17.8 91.3 1.0107 0.00 0.0M
30120.000 1971 COM2 65 0R0 190 0.6 17.8 91.2 1.0107 0.00 0.0M
30180.000 1971 COM2 65 0R0 169 0.6 17.8 91.2 1.0107 0.00 0.0M
30240.000 1971 COM2 65 0R0 163 0.3 17.8 91.2 1.0107 0.00 0.0M
30300.000 1971 COM2 65 0R0 250 1.2 17.8 91.2 1.0107 0.00 0.0M
30360.000 1971 COM2 65 0R0 228 1.0 17.8 91.2 1.0107 0.00 0.0M
30420.000 1971 COM2 65 0R0 208 0.9 17.8 91.2 1.0107 0.00 0.0M
30480.000 1971 COM2 65 0R0 224 1.0 17.8 91.3 1.0107 0.00 0.0M
30540.000 1971 COM2 65 0R0 240 1.0 17.8 91.3 1.0107 0.00 0.0M
30600.000 1971 COM2 65 0R0 232 1.2 17.8 91.3 1.0107 0.00 0.0M
30660.000 1971 COM2 65 0R0 203 0.4 17.8 91.3 1.0107 0.00 0.0M
30720.000 1971 COM2 65 0R0 161 0.8 17.8 91.4 1.0106 0.00 0.0M
30780.000 1971 COM2 65 0R0 188 1.3 17.8 91.3 1.0106 0.00 0.0M
30840.000 1971 COM2 65 0R0 149 0.6 17.8 91.4 1.0106 0.00 0.0M
30900.000 1971 COM2 65 0R0 176 1.3 17.8 91.4 1.0106 0.00 0.0M
30960.000 1971 COM2 65 0R0 133 0.7 17.8 91.3 1.0106 0.00 0.0M
31020.000 1971 COM2 65 0R0 204 1.1 17.8 91.3 1.0106 0.00 0.0M
31080.000 1971 COM2 65 0R0 217 1.0 17.8 91.3 1.0107 0.00 0.0M
31140.000 1971 COM2 65 0R0 174 1.1 17.8 91.4 1.0107 0.00 0.0M
31200.000 1971 COM2 65 0R0 206 1.0 17.8 91.5 1.0107 0.00 0.0M
31260.000 1971 COM2 65 0R0 198 1.2 17.8 91.5 1.0107 0.00 0.0M
31320.000 1971 COM2 65 0R0 208 1.0 17.8 91.5 1.0107 0.00 0.0M
31380.000 1971 COM2 65 0R0 270 0.6 17.8 91.5 1.0107 0.00 0.0M
31440.000 1971 COM2 65 0R0 199 0.9 17.8 91.6 1.0107 0.00 0.0M
31500.000 1971 COM2 65 0R0 282 0.5 17.8 91.6 1.0107 0.00 0.0M
31560.000 1971 COM2 65 0R0 233 0.9 17.8 91.6 1.0107 0.00 0.0M
31620.000 1971 COM2 65 0R0 035 0.3 17.8 91.7 1.0107 0.00 0.0M
31680.000 1971 COM2 65 0R0 201 1.3 17.8 91.7 1.0106 0.00 0.0M
31740.000 1971 COM2 65 0R0 177 1.0 17.8 91.7 1.0106 0.00 0.0M
31800.000 1971 COM2 65 0R0 187 1.5 17.8 91.8 1.0106 0.00 0.0M
31860.000 1971 COM2 65 0R0 206 1.0 17.8 91.8 1.0106 0.00 0.0M
31920.000 1971 COM2 65 0R0 174 1.2 17.8 91.8 1.0106 0.00 0.0M
31980.000 1971 COM2 65 0R0 124 0.2 17.8 91.8 1.0106 0.00 0.0M
32040.000 1971 COM2 65 0R0 232 1.1 17.8 91.8 1.0106 0.00 0.0M
32100.000 1971 COM2 65 0R0 240 2.8 17.8 91.8 1.0106 0.00 0.0M
32160.000 1971 COM2 65 0R0 250 2.0 17.8 91.9 1.0105 0.00 0.0M
32220.000 1971 COM2 65 0R0 214 0.7 17.8 91.8 1.0105 0.00 0.0M
32280.000 1971 COM2 65 0R0 203 1.5 17.8 91.9 1.0105 0.00 0.0M
32340.000 1971 COM2 65 0R0 196 0.7 17.8 91.8 1.0105 0.00 0.0M
32400.000 1971 COM2 65 0R0 209 1.8 17.8 91.8 1.0105 0.00 0.0M
32460.000 1971 COM2 65 0R0 175 1.7 17.8 91.8 1.0105 0.00 0.0M
32520.000 1971 COM2 65 0R0 199 1.6 17.8 91.7 1.0105 0.00 0.0M
32580.000 1971 COM2 65 0R0 167 1.2 17.8 91.7 1.0105 0.00 0.0M
32640.000 1971 COM2 65 0R0 213 2.0 17.8 91.7 1.0105 0.00 0.0M
32700.000 1971 COM2 65 0R0 225 0.5 17.8 91.8 1.0105 0.00 0.0M
32760.000 1971 COM2 65 0R0 221 0.5 17.8 91.8 1.0105 0.00 0.0M
32820.000 1971 COM2 65 0R0 256 0.8 17.8 91.8 1.0105 0.00 0.0M
32880.000 1971 COM2 65 0R0 226 0.6 17.8 91.8 1.0105 0.00 0.0M
32940.000 1971 COM2 65 0R0 192 0.6 17.8 91.8 1.0105 0.00 0.0M
33000.000 1971 COM2 65 0R0 219 1.0 17.8 91.8 1.0105 0.00 0.0M
33060.000 1971 COM2 65 0R0 216 0.9 17.8 91.9 1.0106 0.00 0.0M
33120.000 1971 COM2 65 0R0 304 0.3 17.8 91.9 1.0106 0.00 0.0M
33180.000 1971 COM2 65 0R0 266 1.1 17.8 91.9 1.0105 0.00 0.0M
33240.000 1971 COM2 65 0R0 126 0.4 17.8 91.9 1.0106 0.00 0.0M
33300.000 1971 COM2 65 0R0 226 1.0 17.8 91.9 1.0105 0.00 0.0M
33360.000 1971 COM2 65 0R0 258 0.3 17.8 91.8 1.0105 0.00 0.0M
33420.000 1971 COM2 65 0R0 263 1.3 17.8 91.8 1.0105 0.00 0.0M
33480.000 1971 COM2 65 0R0 234 1.8 17.8 91.8 1.0105 0.00 0.0M
33540.100 1971 COM2 65 0R0 230 1.9 17.8 91.8 1.0105 0.00 0.0M
33600.000 1971 COM2 65 0R0 228 1.9 17.8 91.7 1.0105 0.00 0.0M
33660.100 1971 COM2 65 0R0 224 1.4 17.8 91.7 1.0105 0.00 0.0M
33720.100 1971 COM2 65 0R0 208 1.8 17.8 91.7 1.0105 0.00 0.0M
33780.000 1971 COM2 65 0R0 220 1.3 17.8 91.7 1.0105 0.00 0.0M
33840.000 1971 COM2 65 0R0 218 0.5 17.8 91.7 1.0105 0.00 0.0M
33900.000 1971 COM2 65 0R0 271 0.8 17.8 91.7 1.0105 0.00 0.0M
33960.000 1971 COM2 65 0R0 262 0.5 17.8 91.7 1.0105 0.00 0.0M
34020.000 1971 COM2 65 0R0 214 1.7 17.8 91.7 1.0105 0.00 0.0M
34080.000 1971 COM2 65 0R0 241 0.6 17.8 91.7 1.0106 0.00 0.0M
34140.000 1971 COM2 65 0R0 241 0.5 17.8 91.7 1.0106 0.00 0.0M
34200.000 1971 COM2 65 0R0 243 0.7 17.8 91.7 1.0106 0.00 0.0M
34260.000 1971 COM2 65 0R0 243 0.5 17.8 91.7 1.0106 0.00 0.0M
34320.000 1971 COM2 65 0R0 264 0.6 17.8 91.7 1.0106 0.00 0.0M
34380.000 1971 COM2 65 0R0 243 1.0 17.9 91.7 1.0105 0.00 0.0M
34440.000 1971 COM2 65 0R0 226 0.7 17.9 91.6 1.0105 0.00 0.0M
34500.100 1971 COM2 65 0R0 175 0.7 17.9 91.6 1.0105 0.00 0.0M
34560.000 1971 COM2 65 0R0 195 0.9 17.9 91.7 1.0105 0.00 0.0M
34620.000 1971 COM2 65 0R0 177 0.9 17.9 91.7 1.0105 0.00 0.0M
34680.000 1971 COM2 65 0R0 203 1.3 17.9 91.6 1.0105 0.00 0.0M
34740.000 1971 COM2 65 0R0 200 1.1 17.9 91.6 1.0105 0.00 0.0M
34800.000 1971 COM2 65 0R0 174 1.5 17.9 91.6 1.0105 0.00 0.0M
34860.000 1971 COM2 65 0R0 236 0.9 17.9 91.5 1.0105 0.00 0.0M
34920.000 1971 COM2 65 0R0 168 0.6 17.9 91.5 1.0105 0.00 0.0M
34980.000 1971 COM2 65 0R0 124 0.4 17.9 91.5 1.0105 0.00 0.0M
35040.000 1971 COM2 65 0R0 203 1.1 17.9 91.5 1.0105 0.00 0.0M
35100.000 1971 COM2 65 0R0 203 1.0 17.9 91.5 1.0105 0.00 0.0M
35160.100 1971 COM2 65 0R0 191 1.1 17.9 91.5 1.0105 0.00 0.0M
35220.000 1971 COM2 65 0R0 187 1.3 17.9 91.4 1.0105 0.00 0.0M
35280.100 1971 COM2 65 0R0 166 1.4 17.9 91.4 1.0104 0.00 0.0M
35340.000 1971 COM2 65 0R0 236 1.3 17.9 91.4 1.0104 0.00 0.0M
35400.100 1971 COM2 65 0R0 210 1.6 17.9 91.3 1.0104 0.00 0.0M
35460.000 1971 COM2 65 0R0 187 1.5 17.9 91.3 1.0103 0.00 0.0M
35520.000 1971 COM2 65 0R0 090 1.0 17.9 91.4 1.0103 0.00 0.0M
35580.000 1971 COM2 65 0R0 169 1.5 17.9 91.4 1.0103 0.00 0.0M
35640.000 1971 COM2 65 0R0 200 1.0 17.9 91.4 1.0103 0.00 0.0M
35700.000 1971 COM2 65 0R0 199 1.1 17.9 91.4 1.0103 0.00 0.0M
35760.000 1971 COM2 65 0R0 253 1.3 17.9 91.4 1.0103 0.00 0.0M
35820.000 1971 COM2 65 0R0 209 0.3 17.9 91.6 1.0103 0.00 0.0M
35880.000 1971 COM2 65 0R0 186 0.7 17.9 91.6 1.0103 0.00 0.0M
35940.000 1971 COM2 65 0R0 241 0.3 17.9 91.6 1.0103 0.00 0.0M
36000.000 1971 COM2 65 0R0 205 0.9 17.9 91.6 1.0103 0.00 0.0M
36060.000 1971 COM2 65 0R0 226 1.1 17.9 91.6 1.0103 0.00 0.0M
36120.000 1971 COM2 65 0R0 244 0.9 17.9 91.7 1.0103 0.00 0.0M
36180.000 1971 COM2 65 0R0 213 0.8 17.9 91.7 1.0103 0.00 0.0M
36240.000 1971 COM2 65 0R0 200 1.6 17.9 91.7 1.0103 0.00 0.0M
36300.000 1971 COM2 65 0R0 200 1.2 17.9 91.8 1.0103 0.00 0.0M
36360.000 1971 COM2 65 0R0 216 0.6 17.9 91.8 1.0103 0.00 0.0M
36420.000 1971 COM2 65 0R0 222 1.3 17.9 91.8 1.0103 0.00 0.0M
36480.000 1971 COM2 65 0R0 136 1.6 17.9 91.8 1.0102 0.00 0.0M
36540.000 1971 COM2 65 0R0 119 1.1 17.9 91.9 1.0102 0.00 0.0M
36600.000 1971 COM2 65 0R0 135 1.4 17.9 91.9 1.0102 0.00 0.0M
36660.000 1971 COM2 65 0R0 160 1.9 17.9 91.9 1.0102 0.00 0.0M
36720.000 1971 COM2 65 0R0 086 0.6 17.9 91.9 1.0101 0.00 0.0M
36780.000 1971 COM2 65 0R0 127 0.6 17.9 91.9 1.0101 0.00 0.0M
36840.000 1971 COM2 65 0R0 139 1.5 17.9 92.0 1.0100 0.00 0.0M
36900.000 1971 COM2 65 0R0 141 1.6 17.9 92.0 1.0100 0.00 0.0M
36960.000 1971 COM2 65 0R0 144 2.3 17.9 92.0 1.0100 0.00 0.0M
37020.000 1971 COM2 65 0R0 127 1.5 17.8 92.1 1.0100 0.00 0.0M
37080.000 1971 COM2 65 0R0 136 1.6 17.9 92.1 1.0100 0.00 0.0M
37140.000 1971 COM2 65 0R0 134 1.4 17.8 92.1 1.0100 0.00 0.0M
37200.000 1971 COM2 65 0R0 148 1.8 17.8 92.1 1.0100 0.00 0.0M
37260.000 1971 COM2 65 0R0 118 1.8 17.8 92.2 1.0100 0.00 0.0M
37320.000 1971 COM2 65 0R0 172 1.9 17.8 92.2 1.0100 0.00 0.0M
37380.000 1971 COM2 65 0R0 117 1.3 17.8 92.3 1.0100 0.00 0.0M
37440.000 1971 COM2 65 0R0 129 1.1 17.8 92.3 1.0100 0.00 0.0M
37500.000 1971 COM2 65 0R0 106 1.2 17.8 92.3 1.0100 0.00 0.0M
37560.000 1971 COM2 65 0R0 155 1.5 17.8 92.3 1.0100 0.00 0.0M
37620.000 1971 COM2 65 0R0 138 1.9 17.8 92.3 1.0100 0.00 0.0M
37680.000 1971 COM2 65 0R0 152 2.2 17.8 92.3 1.0099 0.00 0.0M
37740.000 1971 COM2 65 0R0 138 1.6 17.8 92.4 1.0099 0.00 0.0M
37800.000 1971 COM2 65 0R0 146 2.1 17.8 92.4 1.0099 0.00 0.0M
37860.000 1971 COM2 65 0R0 136 1.6 17.8 92.4 1.0099 0.00 0.0M
37920.000 1971 COM2 65 0R0 151 1.7 17.8 92.4 1.0099 0.00 0.0M
37980.000 1971 COM2 65 0R0 108 1.0 17.8 92.4 1.0099 0.00 0.0M
38040.000 1971 COM2 65 0R0 147 1.2 17.8 92.4 1.0099 0.00 0.0M
38100.000 1971 COM2 65 0R0 148 3.2 17.8 92.5 1.0099 0.00 0.0M
38160.000 1971 COM2 65 0R0 170 3.4 17.8 92.5 1.0099 0.00 0.0M
38220.000 1971 COM2 65 0R0 146 1.9 17.8 92.5 1.0099 0.00 0.0M
38280.000 1971 COM2 65 0R0 106 1.3 17.8 92.5 1.0099 0.00 0.0M
38340.000 1971 COM2 65 0R0 136 0.9 17.8 92.5 1.0099 0.00 0.0M
38400.000 1971 COM2 65 0R0 129 2.7 17.8 92.5 1.0099 0.00 0.0M
38460.000 1971 COM2 65 0R0 126 1.1 17.8 92.6 1.0099 0.00 0.0M
38520.000 1971 COM2 65 0R0 190 2.2 17.8 92.6 1.0099 0.00 0.0M
38580.000 1971 COM2 65 0R0 139 0.6 17.8 92.6 1.0099 0.00 0.0M
38640.000 1971 COM2 65 0R0 240 0.4 17.8 92.6 1.0099 0.00 0.0M
38700.000 1971 COM2 65 0R0 137 0.5 17.9 92.7 1.0098 0.00 0.0M
38760.000 1971 COM2 65 0R0 182 2.3 17.9 92.6 1.0098 0.00 0.0M
38820.000 1971 COM2 65 0R0 111 0.7 17.9 92.7 1.0098 0.00 0.0M
38880.000 1971 COM2 65 0R0 149 1.1 17.9 92.7 1.0098 0.00 0.0M
38940.000 1971 COM2 65 0R0 151 2.3 17.9 92.6 1.0098 0.00 0.0M
39000.000 1971 COM2 65 0R0 157 2.3 17.9 92.6 1.0098 0.00 0.0M
39060.000 1971 COM2 65 0R0 164 1.3 17.8 92.6 1.0098 0.00 0.0M
39120.000 1971 COM2 65 0R0 140 0.6 17.8 92.6 1.0098 0.00 0.0M
39180.000 1971 COM2 65 0R0 184 1.5 17.8 92.6 1.0097 0.00 0.0M
39240.000 1971 COM2 65 0R0 208 0.7 17.8 92.6 1.0098 0.00 0.0M
39300.000 1971 COM2 65 0R0 133 0.6 17.8 92.6 1.0097 0.00 0.0M
39360.000 1971 COM2 65 0R0 099 1.6 17.8 92.6 1.0098 0.00 0.0M
39420.000 1971 COM2 65 0R0 186 1.3 17.8 92.6 1.0097 0.00 0.0M
39480.000 1971 COM2 65 0R0 160 1.3 17.9 92.7 1.0097 0.00 0.0M
39540.000 1971 COM2 65 0R0 166 2.0 17.9 92.7 1.0097 0.00 0.0M
39600.000 1971 COM2 65 0R0 158 2.7 17.9 92.7 1.0097 0.00 0.0M
39660.000 1971 COM2 65 0R0 148 1.9 17.9 92.6 1.0097 0.00 0.0M
39720.000 1971 COM2 65 0R0 166 1.9 17.9 92.6 1.0097 0.00 0.0M
39780.000 1971 COM2 65 0R0 134 1.4 17.9 92.6 1.0096 0.00 0.0M
39840.000 1971 COM2 65 0R0 126 0.9 17.8 92.6 1.0096 0.00 0.0M
39900.000 1971 COM2 65 0R0 140 0.8 17.8 92.6 1.0096 0.00 0.0M
39960.000 1971 COM2 65 0R0 118 1.6 17.8 92.7 1.0096 0.00 0.0M
40020.000 1971 COM2 65 0R0 149 1.9 17.8 92.7 1.0096 0.00 0.0M
40080.000 1971 COM2 65 0R0 121 1.2 17.8 92.7 1.0096 0.00 0.0M
40140.000 1971 COM2 65 0R0 143 2.0 17.9 92.7 1.0096 0.00 0.0M
40200.000 1971 COM2 65 0R0 141 2.4 17.9 92.7 1.0096 0.00 0.0M
40260.000 1971 COM2 65 0R0 119 1.4 17.9 92.7 1.0096 0.00 0.0M
40320.000 1971 COM2 65 0R0 131 1.7 17.9 92.7 1.0096 0.00 0.0M
40380.000 1971 COM2 65 0R0 146 2.2 17.9 92.7 1.0096 0.00 0.0M
40440.000 1971 COM2 65 0R0 126 2.2 17.9 92.7 1.0096 0.00 0.0M
40500.000 1971 COM2 65 0R0 129 1.4 17.9 92.7 1.0096 0.00 0.0M
40560.000 1971 COM2 65 0R0 172 3.0 17.9 92.7 1.0096 0.00 0.0M
40620.000 1971 COM2 65 0R0 083 1.2 17.9 92.8 1.0096 0.00 0.0M
40680.000 1971 COM2 65 0R0 138 0.4 17.9 92.8 1.0096 0.00 0.0M
40740.000 1971 COM2 65 0R0 127 1.4 17.9 92.8 1.0096 0.00 0.0M
40800.000 1971 COM2 65 0R0 133 1.7 17.9 92.8 1.0096 0.00 0.0M
40860.000 1971 COM2 65 0R0 160 1.6 17.9 92.8 1.0096 0.00 0.0M
40920.000 1971 COM2 65 0R0 155 2.2 17.9 92.8 1.0096 0.00 0.0M
40980.000 1971 COM2 65 0R0 147 1.7 17.9 92.8 1.0096 0.00 0.0M
41040.000 1971 COM2 65 0R0 147 2.6 17.9 92.8 1.0096 0.00 0.0M
41100.000 1971 COM2 65 0R0 143 1.6 17.9 92.8 1.0096 0.00 0.0M
41160.000 1971 COM2 65 0R0 123 1.1 17.9 92.8 1.0096 0.00 0.0M
41220.000 1971 COM2 65 0R0 158 2.0 17.9 92.8 1.0097 0.00 0.0M
41280.000 1971 COM2 65 0R0 116 0.7 17.9 92.8 1.0097 0.00 0.0M
41340.000 1971 COM2 65 0R0 145 0.9 17.9 92.8 1.0097 0.00 0.0M
41400.000 1971 COM2 65 0R0 182 2.0 17.9 92.9 1.0097 0.00 0.0M
41460.000 1971 COM2 65 0R0 132 1.6 17.9 92.9 1.0097 0.00 0.0M
41520.000 1971 COM2 65 0R0 150 1.5 17.9 92.8 1.0097 0.00 0.0M
41580.000 1971 COM2 65 0R0 188 2.6 17.9 92.8 1.0097 0.00 0.0M
41640.000 1971 COM2 65 0R0 142 1.2 17.9 92.9 1.0097 0.00 0.0M
41700.000 1971 COM2 65 0R0 163 1.1 17.9 92.9 1.0097 0.00 0.0M
41760.000 1971 COM2 65 0R0 121 1.1 17.9 92.9 1.0097 0.00 0.0M
41820.000 1971 COM2 65 0R0 160 2.1 17.9 92.9 1.0097 0.00 0.0M
41880.000 1971 COM2 65 0R0 169 2.1 17.9 92.8 1.0097 0.00 0.0M
41940.000 1971 COM2 65 0R0 167 2.6 17.9 92.8 1.0097 0.00 0.0M
42000.000 1971 COM2 65 0R0 131 1.1 17.9 92.8 1.0097 0.00 0.0M
42060.000 1971 COM2 65 0R0 141 1.3 17.9 92.8 1.0097 0.00 0.0M
42120.000 1971 COM2 65 0R0 151 3.0 17.9 92.8 1.0097 0.00 0.0M
42180.000 1971 COM2 65 0R0 187 1.9 17.9 92.9 1.0097 0.00 0.0M
42240.000 1971 COM2 65 0R0 174 2.8 17.9 92.9 1.0098 0.00 0.0M
42300.000 1971 COM2 65 0R0 178 3.0 17.9 92.9 1.0098 0.00 0.0M
42360.000 1971 COM2 65 0R0 131 1.1 17.9 92.9 1.0098 0.00 0.0M
42420.000 1971 COM2 65 0R0 168 1.1 17.9 92.9 1.0098 0.00 0.0M
42480.000 1971 COM2 65 0R0 224 0.8 17.9 92.9 1.0098 0.00 0.0M
42540.000 1971 COM2 65 0R0 187 2.0 17.9 92.9 1.0098 0.00 0.0M
42600.000 1971 COM2 65 0R0 280 1.4 17.9 92.9 1.0098 0.00 0.0M
42660.000 1971 COM2 65 0R0 205 2.5 17.9 92.9 1.0097 0.00 0.0M
42720.000 1971 COM2 65 0R0 119 0.9 17.9 92.9 1.0097 0.00 0.0M
42780.000 1971 COM2 65 0R0 157 0.5 17.9 92.9 1.0097 0.00 0.0M
42840.000 1971 COM2 65 0R0 218 0.7 17.9 92.9 1.0097 0.00 0.0M
42900.000 1971 COM2 65 0R0 104 0.9 18.0 92.9 1.0097 0.00 0.0M
42960.000 1971 COM2 65 0R0 130 2.1 18.0 92.9 1.0097 0.00 0.0M
43020.000 1971 COM2 65 0R0 147 2.6 17.9 92.9 1.0097 0.00 0.0M
43080.000 1971 COM2 65 0R0 137 1.7 18.0 92.9 1.0096 0.00 0.0M
43140.000 1971 COM2 65 0R0 153 1.6 17.9 92.9 1.0096 0.00 0.0M
43200.000 1971 COM2 65 0R0 117 2.1 17.9 92.9 1.0096 0.00 0.0M
43260.000 1971 COM2 65 0R0 137 1.5 17.9 92.9 1.0096 0.00 0.0M
43320.000 1971 COM2 65 0R0 148 1.2 17.9 92.9 1.0096 0.00 0.0M
43380.000 1971 COM2 65 0R0 164 3.1 17.9 92.9 1.0096 0.00 0.0M
43440.000 1971 COM2 65 0R0 163 1.1 17.9 92.9 1.0096 0.00 0.0M
43500.000 1971 COM2 65 0R0 154 3.0 17.9 92.9 1.0096 0.00 0.0M
43560.000 1971 COM2 65 0R0 145 1.9 17.9 92.9 1.0096 0.00 0.0M
43620.000 1971 COM2 65 0R0 116 0.7 17.9 92.9 1.0096 0.00 0.0M
43680.000 1971 COM2 65 0R0 102 0.9 18.0 92.9 1.0096 0.00 0.0M
43740.000 1971 COM2 65 0R0 114 0.5 18.0 93.0 1.0097 0.00 0.0M
43800.000 1971 COM2 65 0R0 156 1.1 18.0 93.0 1.0097 0.00 0.0M
43860.000 1971 COM2 65 0R0 193 1.5 18.0 93.0 1.0097 0.00 0.0M
43920.000 1971 COM2 65 0R0 157 2.6 18.0 92.9 1.0097 0.00 0.0M
43980.000 1971 COM2 65 0R0 132 1.2 18.0 93.0 1.0096 0.00 0.0M
44040.000 1971 COM2 65 0R0 128 2.3 18.0 93.0 1.0096 0.00 0.0M
44100.000 1971 COM2 65 0R0 140 3.2 18.0 93.0 1.0096 0.00 0.0M
44160.000 1971 COM2 65 0R0 150 3.3 18.0 93.0 1.0096 0.00 0.0M
44220.000 1971 COM2 65 0R0 143 3.2 18.0 93.0 1.0096 0.00 0.0M
44280.000 1971 COM2 65 0R0 133 1.3 18.0 93.0 1.0096 0.00 0.0M
44340.000 1971 COM2 65 0R0 128 2.1 18.0 93.0 1.0096 0.00 0.0M
44400.000 1971 COM2 65 0R0 132 1.8 18.0 93.0 1.0096 0.00 0.0M
44460.000 1971 COM2 65 0R0 136 1.0 18.0 93.0 1.0096 0.00 0.0M
44520.000 1971 COM2 65 0R0 158 1.9 18.0 93.0 1.0096 0.00 0.0M
44580.000 1971 COM2 65 0R0 124 1.5 18.0 93.0 1.0097 0.00 0.0M
44640.000 1971 COM2 65 0R0 165 2.9 18.0 93.0 1.0097 0.00 0.0M
44700.000 1971 COM2 65 0R0 171 2.5 18.0 93.0 1.0097 0.00 0.0M
44760.000 1971 COM2 65 0R0 168 1.5 18.0 93.0 1.0097 0.00 0.0M
44820.000 1971 COM2 65 0R0 125 1.8 18.0 93.1 1.0097 0.00 0.0M
44880.000 1971 COM2 65 0R0 093 0.8 18.0 93.1 1.0097 0.00 0.0M
44940.000 1971 COM2 65 0R0 177 2.8 18.1 93.1 1.0097 0.00 0.0M
45000.000 1971 COM2 65 0R0 164 3.0 18.1 93.1 1.0097 0.00 0.0M
45060.000 1971 COM2 65 0R0 174 2.6 18.1 93.1 1.0097 0.00 0.0M
45120.000 1971 COM2 65 0R0 162 1.7 18.1 93.1 1.0097 0.00 0.0M
45180.000 1971 COM2 65 0R0 148 2.3 18.1 93.1 1.0097 0.00 0.0M
45240.000 1971 COM2 65 0R0 127 0.9 18.1 93.1 1.0097 0.00 0.0M
45300.000 1971 COM2 65 0R0 201 3.3 18.1 93.1 1.0097 0.00 0.0M
45360.000 1971 COM2 65 0R0 172 3.5 18.1 93.1 1.0097 0.00 0.0M
45420.000 1971 COM2 65 0R0 110 1.0 18.1 93.1 1.0097 0.00 0.0M
45480.000 1971 COM2 65 0R0 148 2.5 18.1 93.1 1.0097 0.00 0.0M
45540.000 1971 COM2 65 0R0 132 0.8 18.1 93.1 1.0097 0.00 0.0M
45600.000 1971 COM2 65 0R0 120 0.7 18.1 93.1 1.0097 0.00 0.0M
45660.000 1971 COM2 65 0R0 130 1.8 18.1 93.1 1.0097 0.00 0.0M
45720.000 1971 COM2 65 0R0 126 2.4 18.1 93.1 1.0096 0.00 0.0M
45780.000 1971 COM2 65 0R0 144 1.7 18.1 93.1 1.0097 0.00 0.0M
45840.000 1971 COM2 65 0R0 122 1.5 18.1 93.1 1.0097 0.00 0.0M
45900.000 1971 COM2 65 0R0 170 3.6 18.1 93.1 1.0097 0.00 0.0M
45960.000 1971 COM2 65 0R0 136 1.7 18.1 93.1 1.0097 0.00 0.0M
46020.000 1971 COM2 65 0R0 145 1.1 18.1 93.1 1.0096 0.00 0.0M
46080.000 1971 COM2 65 0R0 178 3.9 18.1 93.1 1.0096 0.00 0.0M
46140.000 1971 COM2 65 0R0 158 0.9 18.1 93.1 1.0096 0.00 0.0M
46200.000 1971 COM2 65 0R0 135 1.7 18.1 93.1 1.0096 0.00 0.0M
46260.000 1971 COM2 65 0R0 137 1.2 18.2 93.1 1.0096 0.00 0.0M
46320.000 1971 COM2 65 0R0 171 1.1 18.2 93.2 1.0096 0.00 0.0M
46380.000 1971 COM2 65 0R0 161 3.0 18.2 93.2 1.0096 0.00 0.0M
46440.000 1971 COM2 65 0R0 154 2.6 18.2 93.1 1.0096 0.00 0.0M
46500.000 1971 COM2 65 0R0 186 3.1 18.2 93.1 1.0096 0.00 0.0M
46560.000 1971 COM2 65 0R0 183 3.0 18.2 93.1 1.0096 0.00 0.0M
46620.000 1971 COM2 65 0R0 188 2.0 18.2 93.1 1.0097 0.00 0.0M
46680.000 1971 COM2 65 0R0 180 2.5 18.2 93.1 1.0097 0.00 0.0M
46740.000 1971 COM2 65 0R0 166 1.7 18.2 93.2 1.0097 0.00 0.0M
46800.000 1971 COM2 65 0R0 180 2.6 18.3 93.2 1.0097 0.00 0.0M
46860.000 1971 COM2 65 0R0 144 2.0 18.3 93.2 1.0096 0.00 0.0M
46920.000 1971 COM2 65 0R0 171 4.3 18.3 93.2 1.0096 0.00 0.0M
46980.000 1971 COM2 65 0R0 174 4.3 18.3 93.2 1.0096 0.00 0.0M
47040.000 1971 COM2 65 0R0 190 3.1 18.3 93.1 1.0096 0.00 0.0M
47100.000 1971 COM2 65 0R0 126 2.8 18.3 93.2 1.0095 0.00 0.0M
47160.000 1971 COM2 65 0R0 170 2.6 18.3 93.2 1.0095 0.00 0.0M
47220.000 1971 COM2 65 0R0 140 1.7 18.3 93.2 1.0095 0.00 0.0M
47280.000 1971 COM2 65 0R0 159 1.9 18.4 93.2 1.0095 0.00 0.0M
47340.000 1971 COM2 65 0R0 178 3.0 18.4 93.2 1.0095 0.00 0.0M
47400.000 1971 COM2 65 0R0 202 3.5 18.4 93.2 1.0095 0.00 0.0M
47460.000 1971 COM2 65 0R0 187 4.4 18.4 93.1 1.0094 0.00 0.0M
47520.000 1971 COM2 65 0R0 091 1.9 18.4 93.1 1.0094 0.00 0.0M
47580.000 1971 COM2 65 0R0 200 3.1 18.4 93.1 1.0094 0.00 0.0M
47640.000 1971 COM2 65 0R0 171 4.5 18.4 93.1 1.0094 0.00 0.0M
47700.000 1971 COM2 65 0R0 217 3.4 18.4 93.1 1.0095 0.00 0.0M
47760.100 1971 COM2 65 0R0 205 3.0 18.4 93.1 1.0095 0.00 0.0M
47820.000 1971 COM2 65 0R0 221 2.5 18.5 93.1 1.0095 0.00 0.0M
47880.000 1971 COM2 65 0R0 214 3.6 18.5 93.1 1.0094 0.00 0.0M
47940.000 1971 COM2 65 0R0 229 2.1 18.5 93.1 1.0094 0.00 0.0M
48000.000 1971 COM2 65 0R0 111 1.4 18.5 93.2 1.0094 0.00 0.0M
48060.000 1971 COM2 65 0R0 228 1.2 18.5 93.1 1.0094 0.00 0.0M
48120.000 1971 COM2 65 0R0 174 3.0 18.5 93.1 1.0094 0.00 0.0M
48180.000 1971 COM2 65 0R0 129 1.5 18.6 93.1 1.0094 0.00 0.0M
48240.000 1971 COM2 65 0R0 158 1.9 18.6 93.0 1.0093 0.00 0.0M
48300.000 1971 COM2 65 0R0 207 1.9 18.6 93.1 1.0093 0.00 0.0M
48360.000 1971 COM2 65 0R0 210 2.0 18.6 93.1 1.0093 0.00 0.0M
48420.000 1971 COM2 65 0R0 202 3.6 18.6 93.0 1.0093 0.00 0.0M
48480.000 1971 COM2 65 0R0 224 3.4 18.6 93.0 1.0092 0.00 0.0M
48540.000 1971 COM2 65 0R0 194 2.5 18.7 93.0 1.0093 0.00 0.0M
48600.000 1971 COM2 65 0R0 141 1.7 18.7 92.9 1.0093 0.00 0.0M
48660.000 1971 COM2 65 0R0 112 2.4 18.7 92.8 1.0093 0.00 0.0M
48720.000 1971 COM2 65 0R0 161 3.0 18.7 92.8 1.0093 0.00 0.0M
48780.000 1971 COM2 65 0R0 118 1.4 18.7 92.9 1.0093 0.00 0.0M
48840.000 1971 COM2 65 0R0 234 2.7 18.7 92.8 1.0093 0.00 0.0M
48900.000 1971 COM2 65 0R0 247 2.1 18.7 92.7 1.0092 0.00 0.0M
48960.000 1971 COM2 65 0R0 174 2.5 18.8 92.7 1.0092 0.00 0.0M
49020.000 1971 COM2 65 0R0 250 1.8 18.8 92.7 1.0092 0.00 0.0M
49080.000 1971 COM2 65 0R0 228 3.2 18.8 92.7 1.0092 0.00 0.0M
49140.000 1971 COM2 65 0R0 254 2.5 18.8 92.6 1.0093 0.00 0.0M
49200.000 1971 COM2 65 0R0 202 3.0 18.8 92.4 1.0093 0.00 0.0M
49260.000 1971 COM2 65 0R0 244 1.6 18.8 92.3 1.0093 0.00 0.0M
49320.000 1971 COM2 65 0R0 224 2.2 18.8 92.2 1.0093 0.00 0.0M
49380.000 1971 COM2 65 0R0 242 2.9 18.8 92.3 1.0093 0.00 0.0M
49440.000 1971 COM2 65 0R0 197 2.5 18.8 92.1 1.0093 0.00 0.0M
49500.000 1971 COM2 65 0R0 216 2.1 18.8 92.0 1.0093 0.00 0.0M
49560.000 1971 COM2 65 0R0 190 3.0 18.8 92.0 1.0092 0.00 0.0M
49620.000 1971 COM2 65 0R0 242 0.4 18.8 92.1 1.0092 0.00 0.0M
49680.000 1971 COM2 65 0R0 216 3.1 18.9 92.1 1.0092 0.00 0.0M
49740.000 1971 COM2 65 0R0 219 1.8 18.9 91.9 1.0092 0.00 0.0M
49800.000 1971 COM2 65 0R0 239 2.0 18.9 91.8 1.0093 0.00 0.0M
49860.000 1971 COM2 65 0R0 225 2.5 18.9 91.7 1.0093 0.00 0.0M
49920.000 1971 COM2 65 0R0 197 1.6 18.9 91.8 1.0093 0.00 0.0M
49980.000 1971 COM2 65 0R0 213 2.8 18.9 91.8 1.0093 0.00 0.0M
50040.000 1971 COM2 65 0R0 168 2.4 18.9 91.6 1.0092 0.00 0.0M
50100.000 1971 COM2 65 0R0 159 1.0 18.9 91.6 1.0093 0.00 0.0M
50160.000 1971 COM2 65 0R0 123 1.1 19.0 91.8 1.0092 0.00 0.0M
50220.000 1971 COM2 65 0R0 212 2.0 19.0 91.8 1.0093 0.00 0.0M
50280.000 1971 COM2 65 0R0 218 2.2 19.1 91.5 1.0093 0.00 0.0M
50340.000 1971 COM2 65 0R0 186 4.7 19.1 91.4 1.0093 0.00 0.0M
50400.000 1971 COM2 65 0R0 200 2.8 19.1 90.7 1.0092 0.00 0.0M
50460.000 1971 COM2 65 0R0 190 3.3 19.1 90.8 1.0092 0.00 0.0M
50520.000 1971 COM2 65 0R0 228 2.8 19.1 90.6 1.0092 0.00 0.0M
50580.000 1971 COM2 65 0R0 223 5.3 19.1 89.8 1.0091 0.00 0.0M
50640.000 1971 COM2 65 0R0 209 4.4 19.0 89.8 1.0091 0.00 0.0M
50700.000 1971 COM2 65 0R0 198 4.5 19.0 89.1 1.0091 0.00 0.0M
50760.000 1971 COM2 65 0R0 192 4.1 19.0 89.6 1.0091 0.00 0.0M
50820.000 1971 COM2 65 0R0 205 4.6 19.0 89.5 1.0091 0.00 0.0M
50880.000 1971 COM2 65 0R0 217 3.8 19.1 89.8 1.0091 0.00 0.0M
50940.000 1971 COM2 65 0R0 151 2.8 19.1 89.9 1.0091 0.00 0.0M
51000.000 1971 COM2 65 0R0 195 4.8 19.1 89.9 1.0091 0.00 0.0M
51060.000 1971 COM2 65 0R0 239 1.4 19.1 89.8 1.0091 0.00 0.0M
51120.000 1971 COM2 65 0R0 138 1.2 19.1 89.9 1.0091 0.00 0.0M
51180.000 1971 COM2 65 0R0 257 1.9 19.2 90.0 1.0090 0.00 0.0M
51240.000 1971 COM2 65 0R0 196 2.7 19.2 90.1 1.0091 0.00 0.0M
51300.000 1971 COM2 65 0R0 243 2.3 19.2 90.2 1.0091 0.00 0.0M
51360.000 1971 COM2 65 0R0 217 4.5 19.2 89.6 1.0090 0.00 0.0M
51420.000 1971 COM2 65 0R0 139 3.1 19.2 89.4 1.0090 0.00 0.0M
51480.000 1971 COM2 65 0R0 183 1.4 19.2 89.0 1.0090 0.00 0.0M
51540.000 1971 COM2 65 0R0 236 3.0 19.2 89.3 1.0090 0.00 0.0M
51600.000 1971 COM2 65 0R0 205 3.1 19.2 89.1 1.0090 0.00 0.0M
51660.000 1971 COM2 65 0R0 168 3.8 19.2 89.1 1.0090 0.00 0.0M
51720.000 1971 COM2 65 0R0 198 6.3 19.2 88.8 1.0089 0.00 0.0M
51780.100 1971 COM2 65 0R0 218 4.4 19.2 88.7 1.0089 0.00 0.0M
51840.000 1971 COM2 65 0R0 227 6.7 19.3 88.1 1.0088 0.00 0.0M
51900.100 1971 COM2 65 0R0 243 2.7 19.3 88.4 1.0088 0.00 0.0M
51960.000 1971 COM2 65 0R0 198 5.6 19.3 88.2 1.0088 0.00 0.0M
52020.000 1971 COM2 65 0R0 169 3.6 19.3 87.9 1.0089 0.00 0.0M
52080.000 1971 COM2 65 0R0 237 2.9 19.3 88.2 1.0089 0.00 0.0M
52140.000 1971 COM2 65 0R0 241 2.7 19.4 87.8 1.0089 0.00 0.0M
52200.000 1971 COM2 65 0R0 200 3.5 19.4 87.8 1.0088 0.00 0.0M
52260.000 1971 COM2 65 0R0 213 5.7 19.4 87.3 1.0087 0.00 0.0M
52320.000 1971 COM2 65 0R0 245 3.7 19.4 87.4 1.0088 0.00 0.0M
52380.000 1971 COM2 65 0R0 226 1.8 19.4 86.6 1.0087 0.00 0.0M
52440.000 1971 COM2 65 0R0 252 2.2 19.5 86.6 1.0087 0.00 0.0M
52500.000 1971 COM2 65 0R0 258 1.5 19.5 86.5 1.0087 0.00 0.0M
52560.000 1971 COM2 65 0R0 195 5.8 19.5 86.4 1.0086 0.00 0.0M
52620.000 1971 COM2 65 0R0 199 4.9 19.5 86.3 1.0087 0.00 0.0M
52680.000 1971 COM2 65 0R0 203 6.3 19.5 85.5 1.0085 0.00 0.0M
52740.000 1971 COM2 65 0R0 225 3.8 19.5 86.0 1.0086 0.00 0.0M
52800.000 1971 COM2 65 0R0 190 1.8 19.5 85.7 1.0086 0.00 0.0M
52860.000 1971 COM2 65 0R0 239 2.6 19.5 86.3 1.0086 0.00 0.0M
52920.000 1971 COM2 65 0R0 209 3.4 19.6 86.2 1.0086 0.00 0.0M
52980.000 1971 COM2 65 0R0 208 3.0 19.6 86.0 1.0086 0.00 0.0M
53040.000 1971 COM2 65 0R0 224 3.6 19.6 85.2 1.0086 0.00 0.0M
53100.000 1971 COM2 65 0R0 231 5.4 19.6 85.2 1.0085 0.00 0.0M
53160.000 1971 COM2 65 0R0 188 3.7 19.7 85.3 1.0086 0.00 0.0M
53220.000 1971 COM2 65 0R0 236 2.5 19.7 84.8 1.0086 0.00 0.0M
53280.000 1971 COM2 65 0R0 211 7.2 19.7 84.6 1.0085 0.00 0.0M
53340.000 1971 COM2 65 0R0 219 5.0 19.7 84.6 1.0085 0.00 0.0M
53400.000 1971 COM2 65 0R0 188 5.5 19.7 84.4 1.0085 0.00 0.0M
53460.000 1971 COM2 65 0R0 236 2.1 19.7 84.6 1.0085 0.00 0.0M
53520.000 1971 COM2 65 0R0 227 3.1 19.7 84.8 1.0085 0.00 0.0M
53580.000 1971 COM2 65 0R0 235 3.4 19.7 84.5 1.0085 0.00 0.0M
53640.000 1971 COM2 65 0R0 203 2.2 19.7 84.6 1.0085 0.00 0.0M
53700.000 1971 COM2 65 0R0 188 3.9 19.7 84.8 1.0085 0.00 0.0M
53760.000 1971 COM2 65 0R0 202 4.4 19.7 84.2 1.0085 0.00 0.0M
53820.000 1971 COM2 65 0R0 251 3.9 19.8 84.2 1.0085 0.00 0.0M
53880.000 1971 COM2 65 0R0 255 2.7 19.8 84.1 1.0085 0.00 0.0M
53940.000 1971 COM2 65 0R0 246 2.6 19.8 84.0 1.0085 0.00 0.0M
54000.000 1971 COM2 65 0R0 228 4.6 19.8 84.1 1.0085 0.00 0.0M
54060.000 1971 COM2 65 0R0 285 3.0 19.8 83.6 1.0085 0.00 0.0M
54120.000 1971 COM2 65 0R0 243 4.9 19.9 83.1 1.0083 0.00 0.0M
54180.000 1971 COM2 65 0R0 167 2.6 19.9 83.8 1.0084 0.00 0.0M
54240.000 1971 COM2 65 0R0 189 5.7 19.9 83.1 1.0083 0.00 0.0M
54300.000 1971 COM2 65 0R0 194 2.6 19.9 83.4 1.0084 0.00 0.0M
54360.000 1971 COM2 65 0R0 240 2.0 19.9 83.6 1.0083 0.00 0.0M
54420.000 1971 COM2 65 0R0 168 3.2 19.9 83.5 1.0083 0.00 0.0M
54480.000 1971 COM2 65 0R0 208 3.0 19.9 83.4 1.0084 0.00 0.0M
54540.000 1971 COM2 65 0R0 212 1.7 19.9 83.6 1.0084 0.00 0.0M
54600.000 1971 COM2 65 0R0 229 5.6 19.9 83.1 1.0084 0.00 0.0M
54660.000 1971 COM2 65 0R0 148 1.1 19.8 83.7 1.0084 0.00 0.0M
54720.000 1971 COM2 65 0R0 227 3.5 19.8 84.0 1.0084 0.00 0.0M
54780.000 1971 COM2 65 0R0 175 3.1 19.8 84.0 1.0084 0.00 0.0M
54840.000 1971 COM2 65 0R0 221 3.9 19.8 83.8 1.0084 0.00 0.0M
54900.000 1971 COM2 65 0R0 230 4.3 19.8 84.0 1.0084 0.00 0.0M
54960.000 1971 COM2 65 0R0 231 3.6 19.8 83.6 1.0083 0.00 0.0M
55020.000 1971 COM2 65 0R0 127 2.3 19.8 84.1 1.0083 0.00 0.0M
55080.000 1971 COM2 65 0R0 217 6.1 19.8 84.0 1.0082 0.00 0.0M
55140.000 1971 COM2 65 0R0 194 5.1 19.8 83.8 1.0082 0.00 0.0M
55200.000 1971 COM2 65 0R0 195 5.0 19.8 83.8 1.0082 0.00 0.0M
55260.000 1971 COM2 65 0R0 205 5.9 19.7 83.8 1.0081 0.00 0.0M
55320.000 1971 COM2 65 0R0 195 5.6 19.7 84.1 1.0081 0.00 0.0M
55380.000 1971 COM2 65 0R0 205 3.7 19.7 84.5 1.0081 0.00 0.0M
55440.000 1971 COM2 65 0R0 198 4.6 19.7 84.5 1.0081 0.00 0.0M
55500.000 1971 COM2 65 0R0 171 4.1 19.8 84.4 1.0081 0.00 0.0M
55560.000 1971 COM2 65 0R0 204 4.7 19.8 84.0 1.0080 0.00 0.0M
55620.000 1971 COM2 65 0R0 207 4.3 19.8 84.2 1.0080 0.00 0.0M
55680.000 1971 COM2 65 0R0 184 4.4 19.8 84.2 1.0080 0.00 0.0M
55740.000 1971 COM2 65 0R0 230 6.0 19.8 84.2 1.0080 0.00 0.0M
55800.000 1971 COM2 65 0R0 272 1.1 19.8 84.1 1.0081 0.00 0.0M
55860.000 1971 COM2 65 0R0 221 4.9 19.9 84.1 1.0080 0.00 0.0M
55920.000 1971 COM2 65 0R0 206 3.7 19.9 83.5 1.0080 0.00 0.0M
55980.000 1971 COM2 65 0R0 191 5.2 19.9 82.0 1.0079 0.00 0.0M
56040.000 1971 COM2 65 0R0 202 1.1 20.0 82.8 1.0080 0.00 0.0M
56100.000 1971 COM2 65 0R0 198 4.6 20.0 83.3 1.0079 0.00 0.0M
56160.000 1971 COM2 65 0R0 240 3.7 20.0 82.7 1.0079 0.00 0.0M
56220.000 1971 COM2 65 0R0 179 0.9 20.1 83.1 1.0079 0.00 0.0M
56280.000 1971 COM2 65 0R0 247 4.6 20.1 82.4 1.0078 0.00 0.0M
56340.000 1971 COM2 65 0R0 229 3.8 20.2 82.6 1.0078 0.00 0.0M
56400.000 1971 COM2 65 0R0 195 4.4 20.2 82.0 1.0078 0.00 0.0M
56460.000 1971 COM2 65 0R0 200 2.3 20.2 82.3 1.0078 0.00 0.0M
56520.000 1971 COM2 65 0R0 257 1.4 20.2 82.7 1.0078 0.00 0.0M
56580.000 1971 COM2 65 0R0 191 4.5 20.3 82.6 1.0078 0.00 0.0M
56640.000 1971 COM2 65 0R0 235 4.2 20.3 82.3 1.0078 0.00 0.0M
56700.000 1971 COM2 65 0R0 240 4.5 20.3 81.2 1.0077 0.00 0.0M
56760.000 1971 COM2 65 0R0 227 2.3 20.3 81.2 1.0078 0.00 0.0M
56820.000 1971 COM2 65 0R0 207 4.1 20.3 81.7 1.0078 0.00 0.0M
56880.000 1971 COM2 65 0R0 188 7.3 20.3 81.1 1.0076 0.00 0.0M
56940.000 1971 COM2 65 0R0 203 6.3 20.3 80.6 1.0076 0.00 0.0M
57000.000 1971 COM2 65 0R0 218 4.5 20.3 80.9 1.0077 0.00 0.0M
57060.000 1971 COM2 65 0R0 200 3.4 20.3 81.9 1.0077 0.00 0.0M
57120.000 1971 COM2 65 0R0 111 2.2 20.3 81.5 1.0077 0.00 0.0M
57180.000 1971 COM2 65 0R0 185 2.4 20.3 82.1 1.0077 0.00 0.0M
57240.000 1971 COM2 65 0R0 205 5.7 20.4 81.5 1.0076 0.00 0.0M
57300.000 1971 COM2 65 0R0 196 5.7 20.4 81.8 1.0077 0.00 0.0M
57360.000 1971 COM2 65 0R0 229 2.6 20.4 81.5 1.0077 0.00 0.0M
57420.000 1971 COM2 65 0R0 211 2.7 20.4 81.0 1.0077 0.00 0.0M
57480.000 1971 COM2 65 0R0 213 5.1 20.4 81.1 1.0076 0.00 0.0M
57540.000 1971 COM2 65 0R0 199 4.2 20.4 80.8 1.0076 0.00 0.0M
57600.000 1971 COM2 65 0R0 174 3.0 20.4 81.2 1.0076 0.00 0.0M
57660.000 1971 COM2 65 0R0 183 3.6 20.4 80.5 1.0076 0.00 0.0M
57720.000 1971 COM2 65 0R0 212 6.4 20.4 80.3 1.0075 0.00 0.0M
57780.000 1971 COM2 65 0R0 219 3.5 20.4 80.5 1.0075 0.00 0.0M
57840.000 1971 COM2 65 0R0 234 2.2 20.5 79.2 1.0075 0.00 0.0M
57900.000 1971 COM2 65 0R0 198 4.7 20.5 79.5 1.0075 0.00 0.0M
57960.000 1971 COM2 65 0R0 174 3.9 20.6 79.2 1.0074 0.00 0.0M
58020.000 1971 COM2 65 0R0 139 3.5 20.6 78.8 1.0074 0.00 0.0M
58080.000 1971 COM2 65 0R0 191 6.0 20.6 79.7 1.0074 0.00 0.0M
58140.000 1971 COM2 65 0R0 189 7.2 20.6 79.2 1.0074 0.00 0.0M
58200.000 1971 COM2 65 0R0 205 4.7 20.6 79.3 1.0074 0.00 0.0M
58260.000 1971 COM2 65 0R0 176 6.6 20.6 78.7 1.0073 0.00 0.0M
58320.000 1971 COM2 65 0R0 167 5.0 20.6 78.4 1.0074 0.00 0.0M
58380.000 1971 COM2 65 0R0 217 3.2 20.6 78.7 1.0074 0.00 0.0M
58440.000 1971 COM2 65 0R0 198 5.7 20.6 78.2 1.0074 0.00 0.0M
58500.000 1971 COM2 65 0R0 215 1.7 20.7 78.5 1.0074 0.00 0.0M
58560.000 1971 COM2 65 0R0 180 1.9 20.7 77.5 1.0074 0.00 0.0M
58620.000 1971 COM2 65 0R0 203 4.9 20.7 76.7 1.0072 0.00 0.0M
58680.000 1971 COM2 65 0R0 237 5.1 20.7 75.7 1.0073 0.00 0.0M
58740.000 1971 COM2 65 0R0 197 3.6 20.8 76.5 1.0073 0.00 0.0M
58800.000 1971 COM2 65 0R0 232 3.4 20.8 75.7 1.0073 0.00 0.0M
58860.000 1971 COM2 65 0R0 182 5.0 20.8 75.9 1.0073 0.00 0.0M
58920.000 1971 COM2 65 0R0 247 4.2 20.8 75.6 1.0072 0.00 0.0M
58980.000 1971 COM2 65 0R0 229 3.7 20.8 75.7 1.0073 0.00 0.0M
59040.000 1971 COM2 65 0R0 223 7.1 20.7 75.4 1.0071 0.00 0.0M
59100.000 1971 COM2 65 0R0 220 3.8 20.7 75.7 1.0072 0.00 0.0M
59160.000 1971 COM2 65 0R0 203 3.9 20.7 76.1 1.0072 0.00 0.0M
59220.000 1971 COM2 65 0R0 190 4.6 20.7 76.7 1.0072 0.00 0.0M
59280.000 1971 COM2 65 0R0 179 7.0 20.7 76.0 1.0071 0.00 0.0M
59340.000 1971 COM2 65 0R0 172 6.4 20.6 76.2 1.0070 0.00 0.0M
59400.000 1971 COM2 65 0R0 223 3.5 20.6 76.3 1.0071 0.00 0.0M
59460.000 1971 COM2 65 0R0 251 2.8 20.6 76.5 1.0071 0.00 0.0M
59520.000 1971 COM2 65 0R0 201 5.0 20.6 76.5 1.0070 0.00 0.0M
59580.000 1971 COM2 65 0R0 200 4.8 20.6 76.3 1.0070 0.00 0.0M
59640.000 1971 COM2 65 0R0 179 1.4 20.6 76.4 1.0070 0.00 0.0M
59700.000 1971 COM2 65 0R0 198 4.1 20.6 76.5 1.0070 0.00 0.0M
59760.000 1971 COM2 65 0R0 204 2.9 20.6 77.1 1.0070 0.00 0.0M
59820.000 1971 COM2 65 0R0 206 7.3 20.6 76.7 1.0068 0.00 0.0M
59880.000 1971 COM2 65 0R0 230 6.2 20.6 76.3 1.0068 0.00 0.0M
59940.000 1971 COM2 65 0R0 215 6.7 20.5 76.8 1.0068 0.00 0.0M
60000.000 1971 COM2 65 0R0 243 5.0 20.5 76.7 1.0068 0.00 0.0M
60060.000 1971 COM2 65 0R0 218 6.9 20.6 76.9 1.0068 0.00 0.0M
60120.000 1971 COM2 65 0R0 175 4.2 20.6 76.4 1.0068 0.00 0.0M
60180.000 1971 COM2 65 0R0 210 4.5 20.6 76.4 1.0068 0.00 0.0M
60240.000 1971 COM2 65 0R0 208 3.9 20.6 76.7 1.0068 0.00 0.0M
60300.000 1971 COM2 65 0R0 204 3.6 20.6 76.4 1.0067 0.00 0.0M
60360.000 1971 COM2 65 0R0 202 4.2 20.6 76.4 1.0067 0.00 0.0M
60420.000 1971 COM2 65 0R0 264 3.0 20.5 76.5 1.0067 0.00 0.0M
60480.000 1971 COM2 65 0R0 207 3.8 20.5 76.7 1.0067 0.00 0.0M
60540.000 1971 COM2 65 0R0 185 4.5 20.5 76.6 1.0067 0.00 0.0M
60600.000 1971 COM2 65 0R0 189 3.9 20.5 77.3 1.0066 0.00 0.0M
60660.000 1971 COM2 65 0R0 233 1.3 20.5 77.3 1.0067 0.00 0.0M
60720.000 1971 COM2 65 0R0 215 1.2 20.6 76.8 1.0067 0.00 0.0M
60780.000 1971 COM2 65 0R0 211 4.6 20.6 77.0 1.0066 0.00 0.0M
60840.000 1971 COM2 65 0R0 199 4.5 20.6 76.8 1.0065 0.00 0.0M
60900.000 1971 COM2 65 0R0 208 3.7 20.6 77.0 1.0065 0.00 0.0M
60960.000 1971 COM2 65 0R0 191 2.2 20.5 77.1 1.0066 0.00 0.0M
61020.000 1971 COM2 65 0R0 171 3.8 20.5 77.1 1.0065 0.00 0.0M
61080.000 1971 COM2 65 0R0 210 4.3 20.5 77.1 1.0065 0.00 0.0M
61140.000 1971 COM2 65 0R0 251 2.7 20.5 77.1 1.0065 0.00 0.0M
61200.000 1971 COM2 65 0R0 230 4.4 20.5 77.2 1.0065 0.00 0.0M
61260.000 1971 COM2 65 0R0 200 4.1 20.5 77.8 1.0065 0.00 0.0M
61320.000 1971 COM2 65 0R0 236 3.6 20.5 77.0 1.0064 0.00 0.0M
61380.000 1971 COM2 65 0R0 261 1.1 20.5 76.9 1.0064 0.00 0.0M
61440.000 1971 COM2 65 0R0 231 4.5 20.6 76.9 1.0063 0.00 0.0M
61500.000 1971 COM2 65 0R0 236 4.4 20.6 76.8 1.0064 0.00 0.0M
61560.000 1971 COM2 65 0R0 197 5.1 20.6 76.8 1.0063 0.00 0.0M
61620.000 1971 COM2 65 0R0 208 3.4 20.5 76.8 1.0063 0.00 0.0M
61680.000 1971 COM2 65 0R0 218 4.2 20.5 77.1 1.0062 0.00 0.0M
61740.000 1971 COM2 65 0R0 230 4.2 20.5 77.1 1.0062 0.00 0.0M
61800.000 1971 COM2 65 0R0 222 4.6 20.5 77.1 1.0062 0.00 0.0M
61860.000 1971 COM2 65 0R0 199 4.9 20.5 77.6 1.0062 0.00 0.0M
61920.000 1971 COM2 65 0R0 232 3.3 20.5 77.7 1.0063 0.00 0.0M
61980.000 1971 COM2 65 0R0 166 2.0 20.5 77.7 1.0062 0.00 0.0M
62040.000 1971 COM2 65 0R0 232 5.8 20.5 77.8 1.0062 0.00 0.0M
62100.000 1971 COM2 65 0R0 252 1.7 20.5 77.8 1.0063 0.00 0.0M
62160.000 1971 COM2 65 0R0 231 1.8 20.5 77.9 1.0063 0.00 0.0M
62220.000 1971 COM2 65 0R0 260 3.2 20.5 77.5 1.0062 0.00 0.0M
62280.000 1971 COM2 65 0R0 240 3.5 20.6 77.6 1.0062 0.00 0.0M
62340.000 1971 COM2 65 0R0 167 2.4 20.6 77.9 1.0062 0.00 0.0M
62400.000 1971 COM2 65 0R0 232 3.6 20.6 77.5 1.0062 0.00 0.0M
62460.000 1971 COM2 65 0R0 226 3.3 20.6 77.6 1.0061 0.00 0.0M
62520.000 1971 COM2 65 0R0 220 5.6 20.6 77.4 1.0061 0.00 0.0M
62580.000 1971 COM2 65 0R0 208 6.4 20.6 77.6 1.0060 0.00 0.0M
62640.000 1971 COM2 65 0R0 199 2.2 20.6 77.5 1.0061 0.00 0.0M
62700.000 1971 COM2 65 0R0 165 4.8 20.6 77.4 1.0061 0.00 0.0M
62760.000 1971 COM2 65 0R0 213 7.2 20.5 77.7 1.0060 0.00 0.0M
62820.000 1971 COM2 65 0R0 196 6.5 20.5 77.5 1.0060 0.00 0.0M
62880.000 1971 COM2 65 0R0 189 4.6 20.5 78.0 1.0060 0.00 0.0M
62940.000 1971 COM2 65 0R0 240 5.1 20.5 78.3 1.0060 0.00 0.0M
63000.000 1971 COM2 65 0R0 209 3.4 20.5 78.1 1.0060 0.00 0.0M
63060.100 1971 COM2 65 0R0 225 5.6 20.5 77.5 1.0059 0.00 0.0M
63120.000 1971 COM2 65 0R0 219 4.0 20.5 77.9 1.0060 0.00 0.0M
63180.000 1971 COM2 65 0R0 212 5.4 20.5 77.9 1.0059 0.00 0.0M
63240.000 1971 COM2 65 0R0 196 4.1 20.6 77.9 1.0059 0.00 0.0M
63300.000 1971 COM2 65 0R0 179 3.9 20.6 77.9 1.0059 0.00 0.0M
63360.000 1971 COM2 65 0R0 195 5.4 20.6 77.8 1.0058 0.00 0.0M
63420.000 1971 COM2 65 0R0 205 6.5 20.5 77.9 1.0058 0.00 0.0M
63480.000 1971 COM2 65 0R0 247 2.4 20.5 78.2 1.0058 0.00 0.0M
63540.000 1971 COM2 65 0R0 235 5.0 20.5 77.9 1.0058 0.00 0.0M
63600.000 1971 COM2 65 0R0 234 4.0 20.5 78.1 1.0058 0.00 0.0M
63660.000 1971 COM2 65 0R0 231 3.2 20.6 77.7 1.0058 0.00 0.0M
63720.000 1971 COM2 65 0R0 203 3.8 20.6 77.9 1.0058 0.00 0.0M
63780.000 1971 COM2 65 0R0 197 7.1 20.7 77.3 1.0057 0.00 0.0M
63840.000 1971 COM2 65 0R0 181 4.2 20.7 77.5 1.0058 0.00 0.0M
63900.000 1971 COM2 65 0R0 233 4.4 20.6 77.5 1.0057 0.00 0.0M
63960.000 1971 COM2 65 0R0 244 3.3 20.6 77.4 1.0057 0.00 0.0M
64020.000 1971 COM2 65 0R0 187 3.2 20.6 77.7 1.0057 0.00 0.0M
64080.000 1971 COM2 65 0R0 147 1.5 20.7 77.7 1.0056 0.00 0.0M
64140.000 1971 COM2 65 0R0 242 4.7 20.7 77.3 1.0056 0.00 0.0M
64200.000 1971 COM2 65 0R0 215 3.1 20.7 77.5 1.0056 0.00 0.0M
64260.000 1971 COM2 65 0R0 195 2.7 20.7 77.4 1.0056 0.00 0.0M
64320.000 1971 COM2 65 0R0 230 4.6 20.7 77.7 1.0055 0.00 0.0M
64380.000 1971 COM2 65 0R0 201 4.1 20.7 77.5 1.0055 0.00 0.0M
64440.000 1971 COM2 65 0R0 226 3.4 20.7 77.6 1.0055 0.00 0.0M
64500.000 1971 COM2 65 0R0 215 2.5 20.7 77.6 1.0055 0.00 0.0M
64560.000 1971 COM2 65 0R0 260 3.8 20.7 77.6 1.0054 0.00 0.0M
64620.000 1971 COM2 65 0R0 255 2.2 20.7 77.6 1.0055 0.00 0.0M
64680.000 1971 COM2 65 0R0 178 4.4 20.7 76.9 1.0054 0.00 0.0M
64740.000 1971 COM2 65 0R0 230 5.3 20.8 76.6 1.0054 0.00 0.0M
64800.000 1971 COM2 65 0R0 190 6.2 20.7 76.8 1.0053 0.00 0.0M
64860.000 1971 COM2 65 0R0 182 3.7 20.7 77.4 1.0053 0.00 0.0M
64920.000 1971 COM2 65 0R0 168 6.2 20.8 77.4 1.0053 0.00 0.0M
64980.000 1971 COM2 65 0R0 162 4.4 20.8 76.9 1.0053 0.00 0.0M
65040.000 1971 COM2 65 0R0 176 5.4 20.8 76.7 1.0053 0.00 0.0M
65100.000 1971 COM2 65 0R0 207 4.1 20.8 76.5 1.0052 0.00 0.0M
65160.000 1971 COM2 65 0R0 175 6.2 20.8 76.6 1.0052 0.00 0.0M
65220.000 1971 COM2 65 0R0 190 7.8 20.9 76.7 1.0051 0.00 0.0M
65280.000 1971 COM2 65 0R0 194 2.5 20.8 76.8 1.0052 0.00 0.0M
65340.000 1971 COM2 65 0R0 174 5.6 20.8 76.5 1.0052 0.00 0.0M
65400.000 1971 COM2 65 0R0 220 4.4 20.8 76.6 1.0052 0.00 0.0M
65460.000 1971 COM2 65 0R0 158 1.2 20.8 76.2 1.0051 0.00 0.0M
65520.000 1971 COM2 65 0R0 215 3.2 20.8 76.6 1.0051 0.00 0.0M
65580.000 1971 COM2 65 0R0 251 3.0 20.8 76.5 1.0051 0.00 0.0M
65640.000 1971 COM2 65 0R0 222 3.1 20.8 76.4 1.0050 0.00 0.0M
65700.000 1971 COM2 65 0R0 189 3.5 20.9 76.7 1.0051 0.00 0.0M
65760.000 1971 COM2 65 0R0 250 2.0 20.9 76.6 1.0051 0.00 0.0M
65820.000 1971 COM2 65 0R0 243 3.0 20.9 76.5 1.0051 0.00 0.0M
65880.000 1971 COM2 65 0R0 296 1.7 20.9 76.5 1.0051 0.00 0.0M
65940.000 1971 COM2 65 0R0 214 3.6 20.9 76.3 1.0051 0.00 0.0M
66000.000 1971 COM2 65 0R0 238 4.6 20.9 76.2 1.0050 0.00 0.0M
66060.000 1971 COM2 65 0R0 226 3.7 21.0 75.9 1.0051 0.00 0.0M
66120.000 1971 COM2 65 0R0 202 2.9 21.0 75.9 1.0051 0.00 0.0M
66180.000 1971 COM2 65 0R0 227 4.5 21.0 76.6 1.0051 0.00 0.0M
66240.000 1971 COM2 65 0R0 234 4.8 20.9 76.0 1.0050 0.00 0.0M
66300.000 1971 COM2 65 0R0 225 4.1 20.9 76.3 1.0051 0.00 0.0M
66360.000 1971 COM2 65 0R0 229 5.8 20.9 76.0 1.0050 0.00 0.0M
66420.000 1971 COM2 65 0R0 248 5.0 20.9 76.0 1.0049 0.00 0.0M
66480.000 1971 COM2 65 0R0 199 4.4 20.9 76.2 1.0050 0.00 0.0M
66540.000 1971 COM2 65 0R0 234 4.9 20.9 76.3 1.0050 0.00 0.0M
66600.000 1971 COM2 65 0R0 230 4.2 20.9 76.3 1.0050 0.00 0.0M
66660.000 1971 COM2 65 0R0 220 4.4 20.9 76.4 1.0050 0.00 0.0M
66720.000 1971 COM2 65 0R0 188 3.9 20.9 76.8 1.0050 0.00 0.0M
66780.000 1971 COM2 65 0R0 179 5.4 20.9 77.0 1.0049 0.00 0.0M
66840.000 1971 COM2 65 0R0 179 5.2 20.9 76.6 1.0049 0.00 0.0M
66900.000 1971 COM2 65 0R0 231 3.2 20.9 76.6 1.0049 0.00 0.0M
66960.000 1971 COM2 65 0R0 259 2.5 20.9 76.8 1.0049 0.00 0.0M
67020.000 1971 COM2 65 0R0 214 4.2 20.9 76.7 1.0049 0.00 0.0M
67080.000 1971 COM2 65 0R0 255 2.4 20.9 76.9 1.0049 0.00 0.0M
67140.000 1971 COM2 65 0R0 237 3.6 20.9 76.7 1.0049 0.00 0.0M
67200.000 1971 COM2 65 0R0 195 4.5 20.9 77.1 1.0049 0.00 0.0M
67260.000 1971 COM2 65 0R0 206 2.1 20.9 77.2 1.0049 0.00 0.0M
67320.000 1971 COM2 65 0R0 237 3.4 20.9 76.6 1.0049 0.00 0.0M
67380.000 1971 COM2 65 0R0 147 1.5 20.9 76.8 1.0049 0.00 0.0M
67440.000 1971 COM2 65 0R0 167 4.8 20.9 77.3 1.0048 0.00 0.0M
67500.000 1971 COM2 65 0R0 201 3.7 20.9 76.8 1.0049 0.00 0.0M
67560.000 1971 COM2 65 0R0 225 2.7 21.0 76.5 1.0048 0.00 0.0M
67620.000 1971 COM2 65 0R0 228 3.7 20.9 76.2 1.0048 0.00 0.0M
67680.000 1971 COM2 65 0R0 208 4.9 20.9 76.7 1.0048 0.00 0.0M
67740.000 1971 COM2 65 0R0 192 3.1 20.9 76.6 1.0048 0.00 0.0M
67800.000 1971 COM2 65 0R0 201 1.4 20.9 76.4 1.0048 0.00 0.0M
67860.000 1971 COM2 65 0R0 175 3.7 20.9 76.7 1.0047 0.00 0.0M
67920.000 1971 COM2 65 0R0 207 4.1 20.9 76.1 1.0047 0.00 0.0M
67980.000 1971 COM2 65 0R0 209 8.0 20.9 75.7 1.0046 0.00 0.0M
68040.000 1971 COM2 65 0R0 219 6.8 20.8 75.7 1.0046 0.00 0.0M
68100.000 1971 COM2 65 0R0 214 6.0 20.8 75.7 1.0046 0.00 0.0M
68160.000 1971 COM2 65 0R0 180 4.6 20.8 76.4 1.0047 0.00 0.0M
68220.000 1971 COM2 65 0R0 242 3.0 20.8 76.3 1.0047 0.00 0.0M
68280.000 1971 COM2 65 0R0 233 6.2 20.8 75.6 1.0045 0.00 0.0M
68340.000 1971 COM2 65 0R0 234 7.1 20.8 76.0 1.0045 0.00 0.0M
68400.000 1971 COM2 65 0R0 172 7.7 20.8 75.9 1.0045 0.00 0.0M
68460.000 1971 COM2 65 0R0 181 5.0 20.8 76.2 1.0047 0.00 0.0M
68520.000 1971 COM2 65 0R0 205 6.6 20.8 75.9 1.0046 0.00 0.0M
68580.000 1971 COM2 65 0R0 225 4.4 20.7 76.3 1.0046 0.00 0.0M
68640.000 1971 COM2 65 0R0 217 7.3 20.7 76.2 1.0045 0.00 0.0M
68700.000 1971 COM2 65 0R0 239 4.4 20.7 76.7 1.0046 0.00 0.0M
68760.000 1971 COM2 65 0R0 184 5.3 20.6 76.9 1.0046 0.00 0.0M
68820.000 1971 COM2 65 0R0 214 3.4 20.6 77.2 1.0046 0.00 0.0M
68880.000 1971 COM2 65 0R0 158 2.8 20.6 76.9 1.0046 0.00 0.0M
68940.000 1971 COM2 65 0R0 247 5.0 20.6 76.9 1.0045 0.00 0.0M
69000.000 1971 COM2 65 0R0 228 6.7 20.6 76.2 1.0044 0.00 0.0M
69060.000 1971 COM2 65 0R0 230 6.7 20.6 76.5 1.0045 0.00 0.0M
69120.000 1971 COM2 65 0R0 223 2.3 20.6 76.6 1.0046 0.00 0.0M
69180.000 1971 COM2 65 0R0 241 3.7 20.6 76.7 1.0046 0.00 0.0M
69240.000 1971 COM2 65 0R0 175 1.6 20.6 76.7 1.0046 0.00 0.0M
69300.000 1971 COM2 65 0R0 231 4.6 20.6 76.7 1.0045 0.00 0.0M
69360.000 1971 COM2 65 0R0 214 3.1 20.6 76.1 1.0045 0.00 0.0M
69420.000 1971 COM2 65 0R0 198 4.6 20.6 76.2 1.0045 0.00 0.0M
69480.000 1971 COM2 65 0R0 227 4.7 20.6 75.6 1.0045 0.00 0.0M
69540.000 1971 COM2 65 0R0 179 4.0 20.6 76.1 1.0045 0.00 0.0M
69600.000 1971 COM2 65 0R0 247 6.5 20.6 76.1 1.0045 0.00 0.0M
69660.000 1971 COM2 65 0R0 196 5.2 20.6 75.8 1.0045 0.00 0.0M
69720.000 1971 COM2 65 0R0 214 4.6 20.6 76.1 1.0045 0.00 0.0M
69780.000 1971 COM2 65 0R0 237 3.8 20.6 76.2 1.0045 0.00 0.0M
69840.000 1971 COM2 65 0R0 190 5.6 20.6 76.0 1.0044 0.00 0.0M
69900.000 1971 COM2 65 0R0 199 5.5 20.6 75.6 1.0044 0.00 0.0M
69960.000 1971 COM2 65 0R0 226 4.3 20.6 75.7 1.0044 0.00 0.0M
70020.000 1971 COM2 65 0R0 217 1.9 20.6 75.6 1.0044 0.00 0.0M
70080.000 1971 COM2 65 0R0 244 1.4 20.6 75.5 1.0044 0.00 0.0M
70140.000 1971 COM2 65 0R0 182 5.3 20.6 74.4 1.0044 0.00 0.0M
70200.000 1971 COM2 65 0R0 238 6.9 20.6 74.5 1.0043 0.00 0.0M
70260.000 1971 COM2 65 0R0 239 5.8 20.6 74.8 1.0044 0.00 0.0M
70320.000 1971 COM2 65 0R0 208 6.2 20.6 74.8 1.0043 0.00 0.0M
70380.000 1971 COM2 65 0R0 194 5.6 20.6 74.6 1.0043 0.00 0.0M
70440.000 1971 COM2 65 0R0 209 1.4 20.6 75.4 1.0044 0.00 0.0M
70500.100 1971 COM2 65 0R0 172 1.8 20.6 75.2 1.0044 0.00 0.0M
70560.000 1971 COM2 65 0R0 239 3.1 20.6 75.1 1.0044 0.00 0.0M
70620.000 1971 COM2 65 0R0 231 5.8 20.6 74.9 1.0042 0.00 0.0M
70680.000 1971 COM2 65 0R0 221 5.5 20.6 74.9 1.0044 0.00 0.0M
70740.000 1971 COM2 65 0R0 228 4.2 20.6 75.0 1.0044 0.00 0.0M
70800.000 1971 COM2 65 0R0 253 3.4 20.5 75.0 1.0044 0.00 0.0M
70860.000 1971 COM2 65 0R0 153 3.1 20.5 75.2 1.0044 0.00 0.0M
70920.000 1971 COM2 65 0R0 206 3.7 20.5 75.6 1.0044 0.00 0.0M
70980.000 1971 COM2 65 0R0 192 4.0 20.5 75.6 1.0044 0.00 0.0M
71040.000 1971 COM2 65 0R0 212 5.9 20.5 75.9 1.0044 0.00 0.0M
71100.000 1971 COM2 65 0R0 194 4.7 20.5 75.6 1.0044 0.00 0.0M
71160.000 1971 COM2 65 0R0 202 4.6 20.5 75.6 1.0043 0.00 0.0M
71220.000 1971 COM2 65 0R0 238 5.1 20.5 75.8 1.0044 0.00 0.0M
71280.000 1971 COM2 65 0R0 224 3.8 20.5 75.9 1.0043 0.00 0.0M
71340.000 1971 COM2 65 0R0 184 3.3 20.5 75.8 1.0043 0.00 0.0M
71400.000 1971 COM2 65 0R0 181 5.4 20.5 75.9 1.0042 0.00 0.0M
71460.000 1971 COM2 65 0R0 191 1.2 20.4 76.1 1.0043 0.00 0.0M
71520.000 1971 COM2 65 0R0 218 3.0 20.4 76.3 1.0043 0.00 0.0M
71580.000 1971 COM2 65 0R0 223 1.4 20.4 76.5 1.0043 0.00 0.0M
71640.000 1971 COM2 65 0R0 183 5.2 20.4 76.4 1.0043 0.00 0.0M
71700.000 1971 COM2 65 0R0 218 5.6 20.4 76.3 1.0042 0.00 0.0M
71760.000 1971 COM2 65 0R0 209 6.7 20.4 76.3 1.0042 0.00 0.0M
71820.000 1971 COM2 65 0R0 182 4.4 20.4 76.3 1.0042 0.00 0.0M
71880.000 1971 COM2 65 0R0 235 3.8 20.4 76.1 1.0042 0.00 0.0M
71940.000 1971 COM2 65 0R0 241 4.5 20.3 76.2 1.0041 0.00 0.0M
72000.000 1971 COM2 65 0R0 274 2.6 20.3 76.5 1.0042 0.00 0.0M
72060.000 1971 COM2 65 0R0 220 4.4 20.3 76.6 1.0042 0.00 0.0M
72120.000 1971 COM2 65 0R0 221 4.4 20.3 76.7 1.0042 0.00 0.0M
72180.000 1971 COM2 65 0R0 233 4.9 20.3 76.8 1.0042 0.00 0.0M
72240.000 1971 COM2 65 0R0 251 4.1 20.3 76.3 1.0042 0.00 0.0M
72300.000 1971 COM2 65 0R0 272 4.0 20.3 76.8 1.0041 0.00 0.0M
72360.000 1971 COM2 65 0R0 239 4.4 20.3 76.7 1.0042 0.00 0.0M
72420.000 1971 COM2 65 0R0 261 3.5 20.3 76.6 1.0041 0.00 0.0M
72480.000 1971 COM2 65 0R0 256 1.5 20.3 76.8 1.0042 0.00 0.0M
72540.000 1971 COM2 65 0R0 186 4.0 20.3 77.0 1.0042 0.00 0.0M
72600.000 1971 COM2 65 0R0 180 3.9 20.3 77.0 1.0042 0.00 0.0M
72660.000 1971 COM2 65 0R0 224 4.9 20.3 76.9 1.0042 0.00 0.0M
72720.000 1971 COM2 65 0R0 222 3.0 20.3 77.0 1.0042 0.00 0.0M
72780.000 1971 COM2 65 0R0 253 0.9 20.3 77.0 1.0042 0.00 0.0M
72840.000 1971 COM2 65 0R0 131 1.2 20.3 77.2 1.0041 0.00 0.0M
72900.000 1971 COM2 65 0R0 277 3.1 20.3 76.9 1.0041 0.00 0.0M
72960.000 1971 COM2 65 0R0 224 5.7 20.3 76.8 1.0041 0.00 0.0M
73020.000 1971 COM2 65 0R0 263 3.2 20.3 77.1 1.0041 0.00 0.0M
73080.000 1971 COM2 65 0R0 234 5.8 20.3 76.7 1.0040 0.00 0.0M
73140.000 1971 COM2 65 0R0 210 3.4 20.3 76.6 1.0040 0.00 0.0M
73200.000 1971 COM2 65 0R0 237 1.6 20.3 77.0 1.0040 0.00 0.0M
73260.000 1971 COM2 65 0R0 223 6.6 20.2 76.9 1.0039 0.00 0.0M
73320.000 1971 COM2 65 0R0 212 5.9 20.2 76.0 1.0039 0.00 0.0M
73380.000 1971 COM2 65 0R0 175 4.2 20.3 75.9 1.0039 0.00 0.0M
73440.000 1971 COM2 65 0R0 212 6.5 20.3 76.0 1.0039 0.00 0.0M
73500.000 1971 COM2 65 0R0 198 7.2 20.3 75.9 1.0038 0.00 0.0M
73560.000 1971 COM2 65 0R0 249 3.3 20.3 75.8 1.0038 0.00 0.0M
73620.000 1971 COM2 65 0R0 169 2.6 20.3 75.8 1.0039 0.00 0.0M
73680.000 1971 COM2 65 0R0 221 2.2 20.3 75.8 1.0039 0.00 0.0M
73740.000 1971 COM2 65 0R0 188 4.5 20.3 75.5 1.0038 0.00 0.0M
73800.000 1971 COM2 65 0R0 201 3.0 20.3 75.3 1.0038 0.00 0.0M
73860.000 1971 COM2 65 0R0 209 4.3 20.4 75.2 1.0038 0.00 0.0M
73920.000 1971 COM2 65 0R0 198 5.4 20.4 75.2 1.0038 0.00 0.0M
73980.000 1971 COM2 65 0R0 224 3.0 20.4 75.5 1.0038 0.00 0.0M
74040.000 1971 COM2 65 0R0 191 1.0 20.3 75.6 1.0038 0.00 0.0M
74100.000 1971 COM2 65 0R0 182 6.7 20.3 75.4 1.0037 0.00 0.0M
74160.000 1971 COM2 65 0R0 206 2.8 20.3 75.7 1.0037 0.00 0.0M
74220.000 1971 COM2 65 0R0 165 4.4 20.3 75.6 1.0038 0.00 0.0M
74280.000 1971 COM2 65 0R0 219 2.6 20.3 75.4 1.0038 0.00 0.0M
74340.000 1971 COM2 65 0R0 218 3.9 20.3 75.5 1.0037 0.00 0.0M
74400.000 1971 COM2 65 0R0 199 5.6 20.3 75.4 1.0037 0.00 0.0M
74460.000 1971 COM2 65 0R0 236 5.5 20.3 75.2 1.0037 0.00 0.0M
74520.000 1971 COM2 65 0R0 185 6.0 20.3 75.1 1.0036 0.00 0.0M
74580.000 1971 COM2 65 0R0 197 7.3 20.3 75.2 1.0036 0.00 0.0M
74640.000 1971 COM2 65 0R0 227 6.4 20.3 75.0 1.0036 0.00 0.0M
74700.000 1971 COM2 65 0R0 184 3.0 20.3 75.0 1.0036 0.00 0.0M
74760.000 1971 COM2 65 0R0 217 4.7 20.3 75.0 1.0036 0.00 0.0M
74820.000 1971 COM2 65 0R0 217 4.5 20.3 75.3 1.0036 0.00 0.0M
74880.000 1971 COM2 65 0R0 177 5.2 20.4 75.4 1.0036 0.00 0.0M
74940.100 1971 COM2 65 0R0 205 6.6 20.4 74.9 1.0035 0.00 0.0M
75000.000 1971 COM2 65 0R0 205 3.3 20.4 74.8 1.0036 0.00 0.0M
75060.100 1971 COM2 65 0R0 222 3.1 20.4 74.8 1.0035 0.00 0.0M
75120.000 1971 COM2 65 0R0 182 1.5 20.4 74.8 1.0035 0.00 0.0M
75180.000 1971 COM2 65 0R0 252 1.3 20.4 74.7 1.0035 0.00 0.0M
75240.000 1971 COM2 65 0R0 179 2.5 20.4 74.5 1.0035 0.00 0.0M
75300.000 1971 COM2 65 0R0 231 2.7 20.4 74.6 1.0034 0.00 0.0M
75360.000 1971 COM2 65 0R0 165 4.2 20.4 74.6 1.0035 0.00 0.0M
75420.000 1971 COM2 65 0R0 235 6.3 20.4 74.7 1.0035 0.00 0.0M
75480.100 1971 COM2 65 0R0 244 5.3 20.4 74.4 1.0035 0.00 0.0M
75540.000 1971 COM2 65 0R0 250 2.6 20.4 74.6 1.0035 0.00 0.0M
75600.000 1971 COM2 65 0R0 237 4.2 20.4 74.5 1.0035 0.00 0.0M
75660.000 1971 COM2 65 0R0 232 5.3 20.4 74.4 1.0034 0.00 0.0M
75720.000 1971 COM2 65 0R0 157 2.0 20.4 74.6 1.0035 0.00 0.0M
75780.000 1971 COM2 65 0R0 259 4.0 20.4 74.4 1.0035 0.00 0.0M
75840.000 1971 COM2 65 0R0 222 3.6 20.4 74.4 1.0035 0.00 0.0M
75900.000 1971 COM2 65 0R0 228 2.1 20.4 74.4 1.0035 0.00 0.0M
75960.000 1971 COM2 65 0R0 232 6.8 20.4 74.1 1.0034 0.00 0.0M
76020.000 1971 COM2 65 0R0 130 1.8 20.4 74.5 1.0034 0.00 0.0M
76080.000 1971 COM2 65 0R0 231 4.5 20.4 74.3 1.0034 0.00 0.0M
76140.000 1971 COM2 65 0R0 245 4.3 20.4 74.3 1.0034 0.00 0.0M
76200.000 1971 COM2 65 0R0 221 2.7 20.4 74.3 1.0034 0.00 0.0M
76260.000 1971 COM2 65 0R0 210 4.7 20.4 74.4 1.0033 0.00 0.0M
76320.000 1971 COM2 65 0R0 176 1.8 20.4 74.6 1.0034 0.00 0.0M
76380.000 1971 COM2 65 0R0 179 4.2 20.4 74.4 1.0033 0.00 0.0M
76440.000 1971 COM2 65 0R0 211 4.6 20.4 74.6 1.0033 0.00 0.0M
76500.000 1971 COM2 65 0R0 182 6.0 20.4 74.4 1.0033 0.00 0.0M
76560.000 1971 COM2 65 0R0 199 3.9 20.4 74.6 1.0033 0.00 0.0M
76620.000 1971 COM2 65 0R0 214 3.0 20.4 74.8 1.0033 0.00 0.0M
76680.000 1971 COM2 65 0R0 237 3.2 20.4 74.8 1.0033 0.00 0.0M
76740.000 1971 COM2 65 0R0 228 4.5 20.4 74.8 1.0033 0.00 0.0M
76800.000 1971 COM2 65 0R0 229 3.2 20.4 74.8 1.0033 0.00 0.0M
76860.000 1971 COM2 65 0R0 249 1.4 20.4 74.7 1.0033 0.00 0.0M
76920.000 1971 COM2 65 0R0 183 4.8 20.4 74.4 1.0032 0.00 0.0M
76980.000 1971 COM2 65 0R0 179 2.6 20.4 74.7 1.0033 0.00 0.0M
77040.000 1971 COM2 65 0R0 188 2.8 20.4 74.8 1.0033 0.00 0.0M
77100.000 1971 COM2 65 0R0 223 3.7 20.4 74.8 1.0032 0.00 0.0M
77160.000 1971 COM2 65 0R0 179 4.5 20.5 75.1 1.0032 0.00 0.0M
77220.000 1971 COM2 65 0R0 220 4.3 20.5 74.7 1.0032 0.00 0.0M
77280.000 1971 COM2 65 0R0 249 3.0 20.5 74.7 1.0032 0.00 0.0M
77340.000 1971 COM2 65 0R0 221 4.5 20.5 74.7 1.0033 0.00 0.0M
77400.000 1971 COM2 65 0R0 229 4.1 20.5 74.4 1.0032 0.00 0.0M
77460.000 1971 COM2 65 0R0 191 3.7 20.5 75.0 1.0033 0.00 0.0M
77520.000 1971 COM2 65 0R0 203 2.6 20.5 74.8 1.0032 0.00 0.0M
77580.000 1971 COM2 65 0R0 224 2.8 20.5 75.2 1.0033 0.00 0.0M
77640.000 1971 COM2 65 0R0 157 3.1 20.5 75.2 1.0033 0.00 0.0M
77700.000 1971 COM2 65 0R0 177 3.9 20.5 75.1 1.0033 0.00 0.0M
77760.000 1971 COM2 65 0R0 207 5.7 20.5 74.8 1.0032 0.00 0.0M
77820.000 1971 COM2 65 0R0 206 5.8 20.5 74.9 1.0032 0.00 0.0M
77880.000 1971 COM2 65 0R0 224 5.7 20.5 74.5 1.0031 0.00 0.0M
77940.000 1971 COM2 65 0R0 187 2.8 20.5 75.2 1.0032 0.00 0.0M
78000.000 1971 COM2 65 0R0 192 2.9 20.5 74.8 1.0032 0.00 0.0M
78060.000 1971 COM2 65 0R0 198 5.8 20.5 74.8 1.0032 0.00 0.0M
78120.100 1971 COM2 65 0R0 156 3.3 20.5 75.0 1.0032 0.00 0.0M
78180.100 1971 COM2 65 0R0 183 7.9 20.5 75.3 1.0032 0.00 0.0M
78240.000 1971 COM2 65 0R0 173 6.0 20.5 75.4 1.0032 0.00 0.0M
78300.000 1971 COM2 65 0R0 171 4.1 20.5 75.4 1.0032 0.00 0.0M
78360.000 1971 COM2 65 0R0 172 3.8 20.5 75.2 1.0033 0.00 0.0M
78420.000 1971 COM2 65 0R0 285 1.7 20.5 75.3 1.0033 0.00 0.0M
78480.000 1971 COM2 65 0R0 214 3.8 20.5 75.1 1.0033 0.00 0.0M
78540.000 1971 COM2 65 0R0 202 4.9 20.5 74.9 1.0033 0.00 0.0M
78600.000 1971 COM2 65 0R0 181 6.2 20.5 75.1 1.0032 0.00 0.0M
78660.000 1971 COM2 65 0R0 191 4.7 20.5 75.3 1.0032 0.00 0.0M
78720.000 1971 COM2 65 0R0 161 4.6 20.5 74.9 1.0032 0.00 0.0M
78780.000 1971 COM2 65 0R0 193 5.5 20.5 75.1 1.0032 0.00 0.0M
78840.000 1971 COM2 65 0R0 202 4.6 20.5 75.1 1.0032 0.00 0.0M
78900.000 1971 COM2 65 0R0 196 4.6 20.5 74.9 1.0032 0.00 0.0M
78960.000 1971 COM2 65 0R0 180 2.7 20.4 75.0 1.0033 0.00 0.0M
79020.000 1971 COM2 65 0R0 247 2.9 20.4 75.1 1.0032 0.00 0.0M
79080.000 1971 COM2 65 0R0 214 5.0 20.4 75.0 1.0032 0.00 0.0M
79140.000 1971 COM2 65 0R0 230 1.7 20.4 75.2 1.0032 0.00 0.0M
79200.000 1971 COM2 65 0R0 181 5.4 20.4 75.2 1.0032 0.00 0.0M
79260.000 1971 COM2 65 0R0 224 6.1 20.4 75.1 1.0031 0.00 0.0M
79320.000 1971 COM2 65 0R0 203 5.9 20.4 75.0 1.0031 0.00 0.0M
79380.000 1971 COM2 65 0R0 181 4.3 20.4 75.2 1.0032 0.00 0.0M
79440.000 1971 COM2 65 0R0 225 4.1 20.4 75.1 1.0031 0.00 0.0M
79500.000 1971 COM2 65 0R0 197 3.5 20.4 75.3 1.0032 0.00 0.0M
79560.000 1971 COM2 65 0R0 196 7.2 20.4 75.3 1.0031 0.00 0.0M
79620.000 1971 COM2 65 0R0 201 1.2 20.4 75.3 1.0032 0.00 0.0M
79680.000 1971 COM2 65 0R0 201 5.0 20.4 75.5 1.0031 0.00 0.0M
79740.000 1971 COM2 65 0R0 212 5.6 20.4 75.6 1.0031 0.00 0.0M
79800.000 1971 COM2 65 0R0 189 5.0 20.4 75.5 1.0031 0.00 0.0M
79860.000 1971 COM2 65 0R0 190 5.9 20.4 75.4 1.0030 0.00 0.0M
79920.000 1971 COM2 65 0R0 217 5.4 20.4 75.7 1.0030 0.00 0.0M
79980.000 1971 COM2 65 0R0 221 6.9 20.4 75.3 1.0029 0.00 0.0M
80040.000 1971 COM2 65 0R0 230 1.7 20.4 75.4 1.0029 0.00 0.0M
80100.000 1971 COM2 65 0R0 169 4.0 20.4 75.5 1.0030 0.00 0.0M
80160.000 1971 COM2 65 0R0 222 4.3 20.4 75.7 1.0030 0.00 0.0M
80220.000 1971 COM2 65 0R0 252 4.0 20.4 75.1 1.0029 0.00 0.0M
80280.000 1971 COM2 65 0R0 203 6.2 20.4 75.3 1.0029 0.00 0.0M
80340.000 1971 COM2 65 0R0 225 6.0 20.4 75.1 1.0029 0.00 0.0M
80400.000 1971 COM2 65 0R0 197 4.0 20.4 75.3 1.0029 0.00 0.0M
80460.000 1971 COM2 65 0R0 169 3.6 20.4 75.3 1.0029 0.00 0.0M
80520.000 1971 COM2 65 0R0 224 3.8 20.4 75.4 1.0029 0.00 0.0M
80580.000 1971 COM2 65 0R0 163 4.4 20.4 75.8 1.0029 0.00 0.0M
80640.000 1971 COM2 65 0R0 158 5.9 20.4 75.5 1.0029 0.00 0.0M
80700.000 1971 COM2 65 0R0 171 5.5 20.4 75.9 1.0028 0.00 0.0M
80760.000 1971 COM2 65 0R0 165 5.2 20.4 76.3 1.0028 0.00 0.0M
80820.000 1971 COM2 65 0R0 240 1.6 20.4 75.6 1.0028 0.00 0.0M
80880.000 1971 COM2 65 0R0 178 3.0 20.4 75.5 1.0028 0.00 0.0M
80940.000 1971 COM2 65 0R0 237 6.0 20.4 75.3 1.0026 0.00 0.0M
81000.000 1971 COM2 65 0R0 234 3.2 20.4 75.4 1.0028 0.00 0.0M
81060.000 1971 COM2 65 0R0 181 5.6 20.4 75.3 1.0027 0.00 0.0M
81120.000 1971 COM2 65 0R0 260 1.3 20.4 75.4 1.0028 0.00 0.0M
81180.000 1971 COM2 65 0R0 189 4.5 20.4 75.5 1.0027 0.00 0.0M
81240.000 1971 COM2 65 0R0 165 3.9 20.4 75.7 1.0027 0.00 0.0M
81300.000 1971 COM2 65 0R0 204 4.0 20.4 75.6 1.0027 0.00 0.0M
81360.000 1971 COM2 65 0R0 197 3.5 20.4 75.5 1.0027 0.00 0.0M
81420.000 1971 COM2 65 0R0 145 2.1 20.4 75.6 1.0027 0.00 0.0M
81480.000 1971 COM2 65 0R0 186 4.2 20.4 76.1 1.0026 0.00 0.0M
81540.000 1971 COM2 65 0R0 199 5.0 20.4 75.7 1.0026 0.00 0.0M
81600.000 1971 COM2 65 0R0 181 1.5 20.4 75.5 1.0026 0.00 0.0M
81660.000 1971 COM2 65 0R0 208 4.3 20.4 75.8 1.0026 0.00 0.0M
81720.000 1971 COM2 65 0R0 186 6.7 20.4 75.6 1.0026 0.00 0.0M
81780.000 1971 COM2 65 0R0 259 5.0 20.4 75.6 1.0026 0.00 0.0M
81840.000 1971 COM2 65 0R0 173 5.1 20.4 75.5 1.0026 0.00 0.0M
81900.000 1971 COM2 65 0R0 185 7.7 20.4 76.1 1.0025 0.00 0.0M
81960.100 1971 COM2 65 0R0 191 7.1 20.4 75.8 1.0025 0.00 0.0M
82020.000 1971 COM2 65 0R0 175 3.7 20.4 75.6 1.0026 0.00 0.0M
82080.000 1971 COM2 65 0R0 223 1.9 20.4 75.4 1.0027 0.00 0.0M
82140.000 1971 COM2 65 0R0 232 5.0 20.4 75.5 1.0025 0.00 0.0M
82200.000 1971 COM2 65 0R0 192 6.7 20.4 75.4 1.0025 0.00 0.0M
82260.000 1971 COM2 65 0R0 234 8.5 20.4 75.4 1.0024 0.00 0.0M
82320.000 1971 COM2 65 0R0 214 2.6 20.4 75.3 1.0025 0.00 0.0M
82380.000 1971 COM2 65 0R0 239 2.8 20.4 75.6 1.0026 0.00 0.0M
82440.000 1971 COM2 65 0R0 194 3.2 20.4 75.9 1.0026 0.00 0.0M
82500.000 1971 COM2 65 0R0 188 2.6 20.4 75.8 1.0026 0.00 0.0M
82560.000 1971 COM2 65 0R0 223 3.6 20.4 75.6 1.0026 0.00 0.0M
82620.000 1971 COM2 65 0R0 207 4.7 20.4 75.7 1.0026 0.00 0.0M
82680.000 1971 COM2 65 0R0 195 5.3 20.4 75.7 1.0026 0.00 0.0M
82740.000 1971 COM2 65 0R0 166 2.2 20.4 75.9 1.0026 0.00 0.0M
82800.000 1971 COM2 65 0R0 223 3.1 20.4 75.9 1.0026 0.00 0.0M
82860.000 1971 COM2 65 0R0 145 2.2 20.4 76.0 1.0026 0.00 0.0M
82920.000 1971 COM2 65 0R0 193 5.9 20.4 76.0 1.0025 0.00 0.0M
82980.000 1971 COM2 65 0R0 185 5.0 20.4 76.5 1.0025 0.00 0.0M
83040.000 1971 COM2 65 0R0 139 2.5 20.4 76.0 1.0025 0.00 0.0M
83100.000 1971 COM2 65 0R0 225 4.9 20.4 76.1 1.0025 0.00 0.0M
83160.000 1971 COM2 65 0R0 222 5.5 20.4 75.9 1.0024 0.00 0.0M
83220.000 1971 COM2 65 0R0 156 4.0 20.4 76.4 1.0024 0.00 0.0M
83280.000 1971 COM2 65 0R0 186 5.4 20.4 76.3 1.0024 0.00 0.0M
83340.000 1971 COM2 65 0R0 189 4.0 20.4 76.5 1.0024 0.00 0.0M
83400.000 1971 COM2 65 0R0 123 2.4 20.4 76.6 1.0024 0.00 0.0M
83460.000 1971 COM2 65 0R0 197 4.3 20.4 76.3 1.0024 0.00 0.0M
83520.000 1971 COM2 65 0R0 197 5.0 20.4 76.6 1.0024 0.00 0.0M
83580.000 1971 COM2 65 0R0 142 2.7 20.4 76.5 1.0023 0.00 0.0M
83640.000 1971 COM2 65 0R0 194 5.3 20.4 76.6 1.0023 0.00 0.0M
83700.000 1971 COM2 65 0R0 170 6.7 20.4 76.3 1.0022 0.00 0.0M
83760.000 1971 COM2 65 0R0 188 6.1 20.4 76.2 1.0023 0.00 0.0M
83820.000 1971 COM2 65 0R0 167 4.8 20.4 76.5 1.0023 0.00 0.0M
83880.000 1971 COM2 65 0R0 175 5.4 20.4 76.7 1.0023 0.00 0.0M
83940.000 1971 COM2 65 0R0 187 5.1 20.4 76.6 1.0023 0.00 0.0M
84000.000 1971 COM2 65 0R0 184 4.2 20.4 76.9 1.0022 0.00 0.0M
84060.000 1971 COM2 65 0R0 193 3.9 20.4 76.7 1.0022 0.00 0.0M
84120.000 1971 COM2 65 0R0 151 2.4 20.4 76.8 1.0022 0.00 0.0M
84180.000 1971 COM2 65 0R0 193 5.4 20.4 77.2 1.0022 0.00 0.0M
84240.000 1971 COM2 65 0R0 190 4.5 20.4 77.3 1.0022 0.00 0.0M
84300.000 1971 COM2 65 0R0 211 4.3 20.4 77.0 1.0022 0.00 0.0M
84360.000 1971 COM2 65 0R0 157 3.6 20.4 76.9 1.0022 0.00 0.0M
84420.000 1971 COM2 65 0R0 190 5.0 20.4 76.8 1.0022 0.00 0.0M
84480.000 1971 COM2 65 0R0 173 6.6 20.4 77.3 1.0022 0.00 0.0M
84540.000 1971 COM2 65 0R0 185 5.6 20.4 76.7 1.0022 0.00 0.0M
84600.000 1971 COM2 65 0R0 199 3.1 20.4 76.8 1.0022 0.00 0.0M
84660.000 1971 COM2 65 0R0 208 4.0 20.4 76.8 1.0022 0.00 0.0M
84720.000 1971 COM2 65 0R0 190 5.4 20.4 77.0 1.0022 0.00 0.0M
84780.000 1971 COM2 65 0R0 201 4.9 20.3 76.9 1.0022 0.00 0.0M
84840.000 1971 COM2 65 0R0 210 4.9 20.3 76.9 1.0022 0.00 0.0M
84900.000 1971 COM2 65 0R0 160 4.2 20.3 77.2 1.0022 0.00 0.0M
84960.000 1971 COM2 65 0R0 215 5.6 20.3 77.3 1.0021 0.00 0.0M
85020.000 1971 COM2 65 0R0 179 2.1 20.3 77.3 1.0021 0.00 0.0M
85080.000 1971 COM2 65 0R0 207 5.7 20.3 77.5 1.0021 0.00 0.0M
85140.000 1971 COM2 65 0R0 223 3.4 20.3 77.3 1.0022 0.00 0.0M
85200.000 1971 COM2 65 0R0 200 3.7 20.3 77.5 1.0022 0.00 0.0M
85260.000 1971 COM2 65 0R0 213 2.3 20.3 77.4 1.0022 0.00 0.0M
85320.000 1971 COM2 65 0R0 224 3.7 20.2 77.6 1.0022 0.00 0.0M
85380.000 1971 COM2 65 0R0 222 4.9 20.2 77.7 1.0022 0.00 0.0M
85440.000 1971 COM2 65 0R0 212 2.5 20.2 77.8 1.0022 0.00 0.0M
85500.000 1971 COM2 65 0R0 179 4.4 20.2 78.3 1.0022 0.00 0.0M
85560.000 1971 COM2 65 0R0 180 3.4 20.2 78.2 1.0021 0.00 0.0M
85620.000 1971 COM2 65 0R0 173 4.6 20.2 78.3 1.0021 0.00 0.0M
85680.000 1971 COM2 65 0R0 194 5.0 20.2 78.2 1.0021 0.00 0.0M
85740.000 1971 COM2 65 0R0 146 1.8 20.2 78.3 1.0021 0.00 0.0M
85800.000 1971 COM2 65 0R0 161 2.6 20.2 78.5 1.0020 0.00 0.0M
85860.000 1971 COM2 65 0R0 189 4.7 20.1 78.9 1.0020 0.00 0.0M
85920.000 1971 COM2 65 0R0 123 2.8 20.1 78.6 1.0019 0.00 0.0M
85980.000 1971 COM2 65 0R0 199 6.4 20.1 78.8 1.0019 0.00 0.0M
86040.000 1971 COM2 65 0R0 196 4.7 20.1 78.5 1.0019 0.00 0.0M
86100.100 1971 COM2 65 0R0 191 5.5 20.1 78.8 1.0018 0.00 0.0M
86160.000 1971 COM2 65 0R0 131 2.8 20.0 78.9 1.0018 0.00 0.0M
86220.000 1971 COM2 65 0R0 188 5.3 20.0 79.1 1.0018 0.00 0.0M
86280.000 1971 COM2 65 0R0 137 2.8 20.0 78.8 1.0018 0.00 0.0M
86340.000 1971 COM2 65 0R0 135 2.7 20.0 78.9 1.0018 0.00 0.0M
