TO [s] WNc [w] C StringLn ASCIIString
---------------------------------------
86400.000 1958 COM2 65 0R0 257 0.5 28.3 49.1 1.0057 0.00 0.0M
86460.000 1958 COM2 65 0R0 202 0.4 28.4 48.6 1.0057 0.00 0.0M
86520.000 1958 COM2 65 0R0 294 0.4 28.4 48.8 1.0057 0.00 0.0M
86580.000 1958 COM2 65 0R0 118 0.3 28.4 49.1 1.0057 0.00 0.0M
86640.100 1958 COM2 65 0R0 269 0.4 28.4 49.2 1.0057 0.00 0.0M
86700.000 1958 COM2 65 0R0 288 0.3 28.4 48.9 1.0058 0.00 0.0M
86760.000 1958 COM2 65 0R0 087 0.2 28.4 48.7 1.0058 0.00 0.0M
86820.000 1958 COM2 65 0R0 277 0.8 28.4 49.1 1.0058 0.00 0.0M
86880.000 1958 COM2 65 0R0 213 0.2 28.4 49.1 1.0058 0.00 0.0M
86940.000 1958 COM2 65 0R0 206 0.3 28.3 49.6 1.0058 0.00 0.0M
87000.100 1958 COM2 65 0R0 114 0.3 28.3 49.5 1.0058 0.00 0.0M
87060.000 1958 COM2 65 0R0 068 0.3 28.3 49.4 1.0058 0.00 0.0M
87120.000 1958 COM2 65 0R0 171 0.5 28.3 50.0 1.0058 0.00 0.0M
87180.000 1958 COM2 65 0R0 042 0.2 28.3 49.9 1.0058 0.00 0.0M
87240.000 1958 COM2 65 0R0 217 0.2 28.3 50.0 1.0058 0.00 0.0M
87300.000 1958 COM2 65 0R0 004 0.3 28.3 50.3 1.0059 0.00 0.0M
87360.000 1958 COM2 65 0R0 311 0.2 28.2 49.8 1.0059 0.00 0.0M
87420.000 1958 COM2 65 0R0 206 0.2 28.2 49.8 1.0059 0.00 0.0M
87480.000 1958 COM2 65 0R0 178 0.3 28.1 50.5 1.0059 0.00 0.0M
87540.000 1958 COM2 65 0R0 235 0.3 28.1 50.6 1.0059 0.00 0.0M
87600.000 1958 COM2 65 0R0 208 0.3 28.1 50.6 1.0059 0.00 0.0M
87660.000 1958 COM2 65 0R0 297 0.2 28.1 50.9 1.0059 0.00 0.0M
87720.000 1958 COM2 65 0R0 302 0.8 28.1 50.4 1.0059 0.00 0.0M
87780.000 1958 COM2 65 0R0 225 0.5 28.1 49.7 1.0059 0.00 0.0M
87840.000 1958 COM2 65 0R0 315 0.6 28.1 50.6 1.0059 0.00 0.0M
87900.000 1958 COM2 65 0R0 258 0.6 28.0 50.5 1.0059 0.00 0.0M
87960.000 1958 COM2 65 0R0 251 0.7 28.0 50.7 1.0059 0.00 0.0M
88020.000 1958 COM2 65 0R0 119 0.2 27.9 51.3 1.0059 0.00 0.0M
88080.000 1958 COM2 65 0R0 127 0.2 27.9 51.6 1.0059 0.00 0.0M
88140.000 1958 COM2 65 0R0 268 0.3 27.9 51.8 1.0059 0.00 0.0M
88200.000 1958 COM2 65 0R0 270 0.8 27.8 51.6 1.0059 0.00 0.0M
88260.000 1958 COM2 65 0R0 286 0.8 27.8 51.6 1.0059 0.00 0.0M
88320.000 1958 COM2 65 0R0 260 0.4 27.8 51.3 1.0059 0.00 0.0M
88380.000 1958 COM2 65 0R0 130 0.3 27.8 52.0 1.0059 0.00 0.0M
88440.100 1958 COM2 65 0R0 190 0.3 27.8 52.0 1.0059 0.00 0.0M
88500.000 1958 COM2 65 0R0 101 0.3 27.7 52.1 1.0060 0.00 0.0M
88560.000 1958 COM2 65 0R0 264 0.6 27.7 52.3 1.0060 0.00 0.0M
88620.000 1958 COM2 65 0R0 102 0.4 27.7 51.7 1.0060 0.00 0.0M
88680.000 1958 COM2 65 0R0 251 0.2 27.7 52.4 1.0060 0.00 0.0M
88740.000 1958 COM2 65 0R0 223 0.4 27.6 52.6 1.0060 0.00 0.0M
88800.000 1958 COM2 65 0R0 191 0.3 27.6 52.1 1.0060 0.00 0.0M
88860.000 1958 COM2 65 0R0 256 0.7 27.6 52.6 1.0060 0.00 0.0M
88920.000 1958 COM2 65 0R0 210 0.5 27.6 52.3 1.0060 0.00 0.0M
88980.000 1958 COM2 65 0R0 307 0.2 27.6 52.6 1.0060 0.00 0.0M
89040.000 1958 COM2 65 0R0 226 0.3 27.5 52.8 1.0060 0.00 0.0M
89100.000 1958 COM2 65 0R0 226 0.5 27.5 52.9 1.0060 0.00 0.0M
89160.000 1958 COM2 65 0R0 242 0.2 27.5 52.9 1.0060 0.00 0.0M
89220.000 1958 COM2 65 0R0 277 0.2 27.5 52.9 1.0060 0.00 0.0M
89280.000 1958 COM2 65 0R0 298 0.3 27.5 53.2 1.0060 0.00 0.0M
89340.000 1958 COM2 65 0R0 073 0.1 27.4 53.3 1.0060 0.00 0.0M
89400.000 1958 COM2 65 0R0 105 0.2 27.4 53.2 1.0060 0.00 0.0M
89460.000 1958 COM2 65 0R0 132 0.2 27.4 53.2 1.0061 0.00 0.0M
89520.000 1958 COM2 65 0R0 153 0.2 27.4 53.3 1.0061 0.00 0.0M
89580.000 1958 COM2 65 0R0 120 0.2 27.3 53.8 1.0061 0.00 0.0M
89640.000 1958 COM2 65 0R0 091 0.8 27.3 54.0 1.0062 0.00 0.0M
89700.000 1958 COM2 65 0R0 097 1.4 27.2 54.3 1.0062 0.00 0.0M
89760.000 1958 COM2 65 0R0 110 1.5 27.1 54.8 1.0062 0.00 0.0M
89820.000 1958 COM2 65 0R0 140 0.4 27.0 54.9 1.0063 0.00 0.0M
89880.000 1958 COM2 65 0R0 119 1.8 26.9 55.7 1.0063 0.00 0.0M
89940.000 1958 COM2 65 0R0 097 1.8 26.8 57.0 1.0064 0.00 0.0M
90000.000 1958 COM2 65 0R0 084 1.1 26.7 57.5 1.0064 0.00 0.0M
90060.000 1958 COM2 65 0R0 114 1.3 26.6 58.7 1.0064 0.00 0.0M
90120.000 1958 COM2 65 0R0 112 1.9 26.4 59.3 1.0064 0.00 0.0M
90180.000 1958 COM2 65 0R0 101 1.3 26.3 59.6 1.0064 0.00 0.0M
90240.000 1958 COM2 65 0R0 119 2.3 26.3 60.0 1.0064 0.00 0.0M
90300.000 1958 COM2 65 0R0 122 1.5 26.2 60.4 1.0064 0.00 0.0M
90360.000 1958 COM2 65 0R0 128 2.0 26.1 60.6 1.0065 0.00 0.0M
90420.000 1958 COM2 65 0R0 149 0.3 26.1 61.2 1.0065 0.00 0.0M
90480.000 1958 COM2 65 0R0 121 0.6 26.0 61.4 1.0065 0.00 0.0M
90540.000 1958 COM2 65 0R0 101 0.7 26.0 61.7 1.0065 0.00 0.0M
90600.000 1958 COM2 65 0R0 143 1.1 25.9 61.9 1.0066 0.00 0.0M
90660.000 1958 COM2 65 0R0 116 1.1 25.9 62.1 1.0066 0.00 0.0M
90720.000 1958 COM2 65 0R0 120 1.2 25.9 62.4 1.0066 0.00 0.0M
90780.000 1958 COM2 65 0R0 123 2.3 25.9 62.7 1.0066 0.00 0.0M
90840.000 1958 COM2 65 0R0 114 1.9 25.8 62.7 1.0066 0.00 0.0M
90900.000 1958 COM2 65 0R0 106 1.3 25.8 62.4 1.0067 0.00 0.0M
90960.000 1958 COM2 65 0R0 122 0.7 25.8 62.7 1.0067 0.00 0.0M
91020.000 1958 COM2 65 0R0 127 1.9 25.8 62.6 1.0067 0.00 0.0M
91080.000 1958 COM2 65 0R0 108 2.1 25.8 62.7 1.0067 0.00 0.0M
91140.000 1958 COM2 65 0R0 105 2.1 25.8 62.5 1.0067 0.00 0.0M
91200.000 1958 COM2 65 0R0 116 1.5 25.8 62.5 1.0067 0.00 0.0M
91260.000 1958 COM2 65 0R0 126 2.2 25.8 62.5 1.0067 0.00 0.0M
91320.000 1958 COM2 65 0R0 132 1.2 25.8 62.6 1.0067 0.00 0.0M
91380.000 1958 COM2 65 0R0 118 2.0 25.8 62.5 1.0067 0.00 0.0M
91440.000 1958 COM2 65 0R0 125 1.9 25.8 62.6 1.0068 0.00 0.0M
91500.000 1958 COM2 65 0R0 122 1.7 25.8 62.7 1.0068 0.00 0.0M
91560.000 1958 COM2 65 0R0 129 1.4 25.8 62.8 1.0068 0.00 0.0M
91620.000 1958 COM2 65 0R0 132 1.9 25.7 63.0 1.0067 0.00 0.0M
91680.000 1958 COM2 65 0R0 089 1.8 25.7 62.9 1.0067 0.00 0.0M
91740.000 1958 COM2 65 0R0 107 1.7 25.7 63.0 1.0067 0.00 0.0M
91800.000 1958 COM2 65 0R0 080 1.7 25.7 63.5 1.0067 0.00 0.0M
91860.000 1958 COM2 65 0R0 124 1.1 25.6 63.1 1.0067 0.00 0.0M
91920.000 1958 COM2 65 0R0 127 1.6 25.6 63.2 1.0067 0.00 0.0M
91980.000 1958 COM2 65 0R0 130 1.1 25.6 63.4 1.0067 0.00 0.0M
92040.000 1958 COM2 65 0R0 083 0.7 25.6 63.5 1.0067 0.00 0.0M
92100.000 1958 COM2 65 0R0 139 0.5 25.6 63.5 1.0067 0.00 0.0M
92160.000 1958 COM2 65 0R0 126 2.0 25.6 63.4 1.0067 0.00 0.0M
92220.000 1958 COM2 65 0R0 119 0.6 25.6 63.9 1.0067 0.00 0.0M
92280.000 1958 COM2 65 0R0 120 0.5 25.6 63.6 1.0068 0.00 0.0M
92340.000 1958 COM2 65 0R0 137 1.3 25.6 63.6 1.0068 0.00 0.0M
92400.000 1958 COM2 65 0R0 141 1.2 25.5 63.8 1.0068 0.00 0.0M
92460.000 1958 COM2 65 0R0 130 0.8 25.5 63.7 1.0068 0.00 0.0M
92520.000 1958 COM2 65 0R0 117 0.7 25.5 63.9 1.0068 0.00 0.0M
92580.000 1958 COM2 65 0R0 105 0.8 25.5 63.9 1.0068 0.00 0.0M
92640.000 1958 COM2 65 0R0 116 2.1 25.5 64.5 1.0068 0.00 0.0M
92700.000 1958 COM2 65 0R0 135 1.3 25.4 64.5 1.0068 0.00 0.0M
92760.100 1958 COM2 65 0R0 094 1.0 25.4 64.3 1.0068 0.00 0.0M
92820.000 1958 COM2 65 0R0 113 1.2 25.4 64.2 1.0068 0.00 0.0M
92880.000 1958 COM2 65 0R0 092 1.2 25.4 64.3 1.0068 0.00 0.0M
92940.000 1958 COM2 65 0R0 098 1.4 25.4 64.4 1.0068 0.00 0.0M
93000.000 1958 COM2 65 0R0 087 1.5 25.4 64.5 1.0068 0.00 0.0M
93060.000 1958 COM2 65 0R0 138 1.1 25.4 64.5 1.0068 0.00 0.0M
93120.000 1958 COM2 65 0R0 133 0.9 25.4 64.6 1.0068 0.00 0.0M
93180.000 1958 COM2 65 0R0 086 1.2 25.3 64.6 1.0068 0.00 0.0M
93240.000 1958 COM2 65 0R0 117 1.4 25.3 64.7 1.0068 0.00 0.0M
93300.000 1958 COM2 65 0R0 107 0.6 25.3 64.7 1.0068 0.00 0.0M
93360.000 1958 COM2 65 0R0 113 1.9 25.3 64.9 1.0068 0.00 0.0M
93420.100 1958 COM2 65 0R0 107 2.0 25.3 65.0 1.0068 0.00 0.0M
93480.000 1958 COM2 65 0R0 112 1.3 25.3 65.1 1.0068 0.00 0.0M
93540.100 1958 COM2 65 0R0 122 1.4 25.2 65.3 1.0068 0.00 0.0M
93600.100 1958 COM2 65 0R0 109 1.3 25.2 65.3 1.0068 0.00 0.0M
93660.100 1958 COM2 65 0R0 107 1.6 25.2 65.2 1.0068 0.00 0.0M
93720.100 1958 COM2 65 0R0 112 1.9 25.2 65.4 1.0069 0.00 0.0M
93780.100 1958 COM2 65 0R0 107 1.2 25.2 65.4 1.0068 0.00 0.0M
93840.100 1958 COM2 65 0R0 115 1.8 25.2 65.4 1.0069 0.00 0.0M
93900.000 1958 COM2 65 0R0 129 0.7 25.1 65.5 1.0069 0.00 0.0M
93960.100 1958 COM2 65 0R0 110 1.4 25.1 65.6 1.0069 0.00 0.0M
94020.100 1958 COM2 65 0R0 105 0.7 25.1 65.8 1.0069 0.00 0.0M
94080.100 1958 COM2 65 0R0 124 1.4 25.1 65.7 1.0069 0.00 0.0M
94140.000 1958 COM2 65 0R0 103 1.2 25.0 66.2 1.0069 0.00 0.0M
94200.000 1958 COM2 65 0R0 109 1.7 25.0 66.1 1.0069 0.00 0.0M
94260.000 1958 COM2 65 0R0 124 1.5 25.0 66.1 1.0069 0.00 0.0M
94320.000 1958 COM2 65 0R0 117 1.1 25.0 66.3 1.0069 0.00 0.0M
94380.000 1958 COM2 65 0R0 107 0.9 25.0 66.4 1.0069 0.00 0.0M
94440.000 1958 COM2 65 0R0 071 1.2 25.0 66.4 1.0069 0.00 0.0M
94500.000 1958 COM2 65 0R0 148 1.1 24.9 66.4 1.0069 0.00 0.0M
94560.100 1958 COM2 65 0R0 083 1.5 24.9 66.5 1.0069 0.00 0.0M
94620.000 1958 COM2 65 0R0 098 1.5 24.9 66.7 1.0069 0.00 0.0M
94680.000 1958 COM2 65 0R0 089 1.5 24.9 67.0 1.0069 0.00 0.0M
94740.000 1958 COM2 65 0R0 120 0.7 24.8 67.1 1.0070 0.00 0.0M
94800.000 1958 COM2 65 0R0 089 1.5 24.8 67.2 1.0070 0.00 0.0M
94860.000 1958 COM2 65 0R0 126 1.2 24.8 67.1 1.0070 0.00 0.0M
94920.000 1958 COM2 65 0R0 074 0.1 24.8 67.0 1.0070 0.00 0.0M
94980.000 1958 COM2 65 0R0 071 0.6 24.8 67.4 1.0070 0.00 0.0M
95040.000 1958 COM2 65 0R0 109 0.7 24.7 67.4 1.0070 0.00 0.0M
95100.000 1958 COM2 65 0R0 116 0.4 24.7 67.2 1.0070 0.00 0.0M
95160.000 1958 COM2 65 0R0 110 0.5 24.7 67.4 1.0070 0.00 0.0M
95220.000 1958 COM2 65 0R0 113 0.9 24.7 67.4 1.0070 0.00 0.0M
95280.000 1958 COM2 65 0R0 161 0.5 24.7 67.2 1.0070 0.00 0.0M
95340.000 1958 COM2 65 0R0 067 0.1 24.7 67.2 1.0070 0.00 0.0M
95400.000 1958 COM2 65 0R0 133 0.5 24.7 67.2 1.0070 0.00 0.0M
95460.000 1958 COM2 65 0R0 125 1.1 24.7 67.1 1.0070 0.00 0.0M
95520.000 1958 COM2 65 0R0 129 0.3 24.8 67.2 1.0070 0.00 0.0M
95580.000 1958 COM2 65 0R0 126 0.5 24.8 67.2 1.0070 0.00 0.0M
95640.000 1958 COM2 65 0R0 094 0.6 24.8 67.0 1.0070 0.00 0.0M
95700.000 1958 COM2 65 0R0 234 0.2 24.7 67.3 1.0070 0.00 0.0M
95760.000 1958 COM2 65 0R0 139 0.4 24.7 66.7 1.0070 0.00 0.0M
95820.000 1958 COM2 65 0R0 144 0.5 24.7 67.2 1.0071 0.00 0.0M
95880.000 1958 COM2 65 0R0 123 0.9 24.7 67.3 1.0071 0.00 0.0M
95940.000 1958 COM2 65 0R0 137 1.2 24.8 67.5 1.0071 0.00 0.0M
96000.000 1958 COM2 65 0R0 124 0.7 24.7 67.8 1.0071 0.00 0.0M
96060.000 1958 COM2 65 0R0 119 0.6 24.7 67.9 1.0071 0.00 0.0M
96120.000 1958 COM2 65 0R0 160 0.3 24.6 67.9 1.0071 0.00 0.0M
96180.000 1958 COM2 65 0R0 105 0.6 24.6 67.8 1.0071 0.00 0.0M
96240.000 1958 COM2 65 0R0 148 0.3 24.6 68.0 1.0071 0.00 0.0M
96300.000 1958 COM2 65 0R0 062 0.2 24.6 68.1 1.0071 0.00 0.0M
96360.000 1958 COM2 65 0R0 000 0.2 24.6 68.0 1.0071 0.00 0.0M
96420.000 1958 COM2 65 0R0 093 0.6 24.6 68.2 1.0071 0.00 0.0M
96480.000 1958 COM2 65 0R0 128 0.4 24.6 68.0 1.0071 0.00 0.0M
96540.000 1958 COM2 65 0R0 315 0.2 24.6 67.9 1.0071 0.00 0.0M
96600.000 1958 COM2 65 0R0 119 0.7 24.6 67.8 1.0071 0.00 0.0M
96660.000 1958 COM2 65 0R0 113 1.1 24.6 68.3 1.0071 0.00 0.0M
96720.000 1958 COM2 65 0R0 115 0.8 24.6 68.2 1.0071 0.00 0.0M
96780.000 1958 COM2 65 0R0 118 0.5 24.5 68.3 1.0071 0.00 0.0M
96840.000 1958 COM2 65 0R0 117 0.9 24.5 68.4 1.0071 0.00 0.0M
96900.000 1958 COM2 65 0R0 143 0.6 24.5 68.4 1.0071 0.00 0.0M
96960.000 1958 COM2 65 0R0 193 0.5 24.4 68.8 1.0071 0.00 0.0M
97020.000 1958 COM2 65 0R0 160 0.4 24.4 68.8 1.0071 0.00 0.0M
97080.000 1958 COM2 65 0R0 150 0.5 24.4 69.0 1.0071 0.00 0.0M
97140.000 1958 COM2 65 0R0 154 0.8 24.4 69.0 1.0071 0.00 0.0M
97200.000 1958 COM2 65 0R0 117 0.2 24.4 69.0 1.0071 0.00 0.0M
97260.000 1958 COM2 65 0R0 125 1.1 24.4 69.0 1.0071 0.00 0.0M
97320.000 1958 COM2 65 0R0 078 0.2 24.3 69.1 1.0071 0.00 0.0M
97380.000 1958 COM2 65 0R0 121 1.2 24.3 69.2 1.0070 0.00 0.0M
97440.000 1958 COM2 65 0R0 109 1.4 24.3 69.4 1.0070 0.00 0.0M
97500.000 1958 COM2 65 0R0 101 1.1 24.3 69.3 1.0070 0.00 0.0M
97560.000 1958 COM2 65 0R0 135 0.5 24.3 69.7 1.0070 0.00 0.0M
97620.000 1958 COM2 65 0R0 110 1.1 24.3 69.6 1.0070 0.00 0.0M
97680.000 1958 COM2 65 0R0 140 0.7 24.3 69.6 1.0070 0.00 0.0M
97740.000 1958 COM2 65 0R0 162 0.4 24.2 69.8 1.0070 0.00 0.0M
97800.000 1958 COM2 65 0R0 140 1.2 24.2 69.7 1.0071 0.00 0.0M
97860.000 1958 COM2 65 0R0 160 1.2 24.2 70.1 1.0071 0.00 0.0M
97920.000 1958 COM2 65 0R0 140 1.4 24.2 69.8 1.0071 0.00 0.0M
97980.000 1958 COM2 65 0R0 142 0.6 24.2 70.0 1.0071 0.00 0.0M
98040.000 1958 COM2 65 0R0 139 1.6 24.2 69.9 1.0071 0.00 0.0M
98100.000 1958 COM2 65 0R0 134 1.3 24.2 70.3 1.0071 0.00 0.0M
98160.000 1958 COM2 65 0R0 153 1.3 24.1 70.3 1.0072 0.00 0.0M
98220.000 1958 COM2 65 0R0 114 0.4 24.1 70.4 1.0072 0.00 0.0M
98280.000 1958 COM2 65 0R0 120 1.1 24.1 70.4 1.0072 0.00 0.0M
98340.000 1958 COM2 65 0R0 125 1.3 24.1 70.9 1.0072 0.00 0.0M
98400.000 1958 COM2 65 0R0 107 1.4 24.1 70.7 1.0072 0.00 0.0M
98460.100 1958 COM2 65 0R0 120 1.9 24.0 70.6 1.0072 0.00 0.0M
98520.000 1958 COM2 65 0R0 153 0.6 24.0 70.7 1.0072 0.00 0.0M
98580.000 1958 COM2 65 0R0 124 1.5 24.0 70.8 1.0072 0.00 0.0M
98640.000 1958 COM2 65 0R0 146 0.3 24.0 71.1 1.0072 0.00 0.0M
98700.000 1958 COM2 65 0R0 116 0.6 23.9 71.4 1.0072 0.00 0.0M
98760.000 1958 COM2 65 0R0 121 0.9 23.9 71.2 1.0072 0.00 0.0M
98820.000 1958 COM2 65 0R0 140 1.4 23.9 71.2 1.0072 0.00 0.0M
98880.000 1958 COM2 65 0R0 139 0.4 23.9 71.6 1.0072 0.00 0.0M
98940.000 1958 COM2 65 0R0 126 0.9 23.9 71.4 1.0071 0.00 0.0M
99000.100 1958 COM2 65 0R0 171 0.8 23.9 71.4 1.0071 0.00 0.0M
99060.000 1958 COM2 65 0R0 134 1.1 23.9 71.5 1.0071 0.00 0.0M
99120.000 1958 COM2 65 0R0 131 1.0 23.9 71.7 1.0071 0.00 0.0M
99180.000 1958 COM2 65 0R0 143 1.7 23.9 71.6 1.0071 0.00 0.0M
99240.000 1958 COM2 65 0R0 114 1.1 23.8 71.9 1.0071 0.00 0.0M
99300.000 1958 COM2 65 0R0 143 1.3 23.8 71.9 1.0071 0.00 0.0M
99360.000 1958 COM2 65 0R0 148 1.4 23.8 72.2 1.0071 0.00 0.0M
99420.000 1958 COM2 65 0R0 124 1.3 23.8 71.9 1.0071 0.00 0.0M
99480.000 1958 COM2 65 0R0 118 0.9 23.8 71.6 1.0072 0.00 0.0M
99540.000 1958 COM2 65 0R0 102 1.6 23.8 71.6 1.0072 0.00 0.0M
99600.000 1958 COM2 65 0R0 147 1.0 23.8 71.6 1.0072 0.00 0.0M
99660.000 1958 COM2 65 0R0 106 0.8 23.7 72.2 1.0072 0.00 0.0M
99720.000 1958 COM2 65 0R0 139 1.5 23.7 72.2 1.0072 0.00 0.0M
99780.000 1958 COM2 65 0R0 145 1.6 23.7 72.3 1.0072 0.00 0.0M
99840.000 1958 COM2 65 0R0 133 1.3 23.7 72.5 1.0072 0.00 0.0M
99900.000 1958 COM2 65 0R0 136 1.1 23.7 72.8 1.0072 0.00 0.0M
99960.000 1958 COM2 65 0R0 149 1.1 23.7 72.8 1.0072 0.00 0.0M
100020.000 1958 COM2 65 0R0 143 1.6 23.7 72.5 1.0072 0.00 0.0M
100080.000 1958 COM2 65 0R0 136 1.1 23.6 73.0 1.0072 0.00 0.0M
100140.000 1958 COM2 65 0R0 126 1.0 23.6 73.0 1.0072 0.00 0.0M
100200.000 1958 COM2 65 0R0 131 1.0 23.6 73.2 1.0072 0.00 0.0M
100260.000 1958 COM2 65 0R0 150 1.4 23.6 73.3 1.0072 0.00 0.0M
100320.000 1958 COM2 65 0R0 127 0.7 23.6 73.0 1.0073 0.00 0.0M
100380.000 1958 COM2 65 0R0 134 0.8 23.6 72.9 1.0073 0.00 0.0M
100440.000 1958 COM2 65 0R0 135 1.2 23.6 72.9 1.0073 0.00 0.0M
100500.000 1958 COM2 65 0R0 136 1.3 23.6 73.0 1.0073 0.00 0.0M
100560.000 1958 COM2 65 0R0 153 0.9 23.6 73.2 1.0073 0.00 0.0M
100620.000 1958 COM2 65 0R0 121 0.6 23.6 73.2 1.0073 0.00 0.0M
100680.000 1958 COM2 65 0R0 162 0.8 23.6 72.9 1.0073 0.00 0.0M
100740.000 1958 COM2 65 0R0 129 0.7 23.6 73.0 1.0073 0.00 0.0M
100800.000 1958 COM2 65 0R0 131 0.9 23.6 73.2 1.0073 0.00 0.0M
100860.000 1958 COM2 65 0R0 127 0.6 23.5 73.6 1.0073 0.00 0.0M
100920.000 1958 COM2 65 0R0 152 0.6 23.5 73.5 1.0073 0.00 0.0M
100980.000 1958 COM2 65 0R0 195 1.0 23.5 73.3 1.0073 0.00 0.0M
101040.000 1958 COM2 65 0R0 198 0.9 23.5 74.2 1.0073 0.00 0.0M
101100.000 1958 COM2 65 0R0 194 1.0 23.4 74.3 1.0073 0.00 0.0M
101160.000 1958 COM2 65 0R0 199 1.2 23.4 74.5 1.0073 0.00 0.0M
101220.000 1958 COM2 65 0R0 198 0.7 23.4 74.6 1.0073 0.00 0.0M
101280.000 1958 COM2 65 0R0 227 0.4 23.4 74.5 1.0073 0.00 0.0M
101340.000 1958 COM2 65 0R0 229 0.7 23.4 73.8 1.0073 0.00 0.0M
101400.000 1958 COM2 65 0R0 183 0.5 23.5 74.0 1.0073 0.00 0.0M
101460.000 1958 COM2 65 0R0 254 1.0 23.5 73.7 1.0073 0.00 0.0M
101520.000 1958 COM2 65 0R0 210 1.4 23.5 74.2 1.0073 0.00 0.0M
101580.000 1958 COM2 65 0R0 181 0.6 23.5 74.2 1.0074 0.00 0.0M
101640.000 1958 COM2 65 0R0 165 0.3 23.5 74.1 1.0074 0.00 0.0M
101700.000 1958 COM2 65 0R0 105 0.3 23.5 74.2 1.0074 0.00 0.0M
101760.000 1958 COM2 65 0R0 105 0.5 23.5 73.8 1.0074 0.00 0.0M
101820.000 1958 COM2 65 0R0 326 0.2 23.5 74.0 1.0074 0.00 0.0M
101880.000 1958 COM2 65 0R0 140 0.3 23.5 73.9 1.0074 0.00 0.0M
101940.000 1958 COM2 65 0R0 179 1.7 23.6 73.8 1.0074 0.00 0.0M
102000.000 1958 COM2 65 0R0 149 0.5 23.6 74.4 1.0074 0.00 0.0M
102060.000 1958 COM2 65 0R0 137 0.7 23.5 74.1 1.0074 0.00 0.0M
102120.000 1958 COM2 65 0R0 204 1.1 23.5 74.2 1.0074 0.00 0.0M
102180.000 1958 COM2 65 0R0 170 1.0 23.5 74.6 1.0074 0.00 0.0M
102240.000 1958 COM2 65 0R0 089 0.2 23.4 74.6 1.0074 0.00 0.0M
102300.000 1958 COM2 65 0R0 238 1.1 23.4 74.6 1.0074 0.00 0.0M
102360.100 1958 COM2 65 0R0 229 2.2 23.3 75.1 1.0074 0.00 0.0M
102420.000 1958 COM2 65 0R0 179 1.3 23.3 75.2 1.0074 0.00 0.0M
102480.000 1958 COM2 65 0R0 243 0.8 23.3 74.9 1.0074 0.00 0.0M
102540.000 1958 COM2 65 0R0 240 1.3 23.4 75.1 1.0074 0.00 0.0M
102600.000 1958 COM2 65 0R0 216 1.9 23.4 75.2 1.0074 0.00 0.0M
102660.000 1958 COM2 65 0R0 221 1.8 23.4 75.4 1.0074 0.00 0.0M
102720.000 1958 COM2 65 0R0 243 0.9 23.3 75.5 1.0074 0.00 0.0M
102780.000 1958 COM2 65 0R0 199 1.6 23.3 75.5 1.0074 0.00 0.0M
102840.000 1958 COM2 65 0R0 226 1.5 23.3 75.7 1.0074 0.00 0.0M
102900.000 1958 COM2 65 0R0 245 1.7 23.3 75.7 1.0075 0.00 0.0M
102960.000 1958 COM2 65 0R0 217 1.5 23.3 75.8 1.0075 0.00 0.0M
103020.000 1958 COM2 65 0R0 209 1.8 23.3 75.9 1.0075 0.00 0.0M
103080.000 1958 COM2 65 0R0 195 1.8 23.2 75.8 1.0075 0.00 0.0M
103140.000 1958 COM2 65 0R0 219 1.7 23.2 76.0 1.0075 0.00 0.0M
103200.000 1958 COM2 65 0R0 220 1.4 23.2 76.1 1.0074 0.00 0.0M
103260.000 1958 COM2 65 0R0 129 0.8 23.2 76.2 1.0075 0.00 0.0M
103320.000 1958 COM2 65 0R0 099 0.5 23.2 76.1 1.0075 0.00 0.0M
103380.000 1958 COM2 65 0R0 125 0.5 23.2 76.1 1.0075 0.00 0.0M
103440.000 1958 COM2 65 0R0 134 1.3 23.1 76.2 1.0075 0.00 0.0M
103500.000 1958 COM2 65 0R0 123 0.8 23.1 76.6 1.0075 0.00 0.0M
103560.000 1958 COM2 65 0R0 169 1.4 23.1 76.4 1.0075 0.00 0.0M
103620.000 1958 COM2 65 0R0 206 1.6 23.0 76.6 1.0075 0.00 0.0M
103680.000 1958 COM2 65 0R0 200 1.5 22.9 77.7 1.0075 0.00 0.0M
103740.000 1958 COM2 65 0R0 250 0.9 22.8 77.8 1.0075 0.00 0.0M
103800.000 1958 COM2 65 0R0 220 1.8 22.8 78.2 1.0075 0.00 0.0M
103860.000 1958 COM2 65 0R0 227 1.3 22.7 77.8 1.0075 0.00 0.0M
103920.000 1958 COM2 65 0R0 206 2.1 22.8 78.0 1.0075 0.00 0.0M
103980.000 1958 COM2 65 0R0 213 0.9 22.8 78.0 1.0075 0.00 0.0M
104040.000 1958 COM2 65 0R0 243 0.7 22.8 77.9 1.0075 0.00 0.0M
104100.000 1958 COM2 65 0R0 217 0.8 22.8 77.8 1.0075 0.00 0.0M
104160.000 1958 COM2 65 0R0 249 1.6 22.8 77.6 1.0075 0.00 0.0M
104220.000 1958 COM2 65 0R0 208 1.9 22.8 77.8 1.0075 0.00 0.0M
104280.000 1958 COM2 65 0R0 256 0.8 22.8 77.9 1.0075 0.00 0.0M
104340.000 1958 COM2 65 0R0 232 2.2 22.8 77.9 1.0075 0.00 0.0M
104400.000 1958 COM2 65 0R0 237 0.8 22.8 77.9 1.0075 0.00 0.0M
104460.000 1958 COM2 65 0R0 227 1.7 22.8 77.7 1.0075 0.00 0.0M
104520.000 1958 COM2 65 0R0 194 1.4 22.8 77.8 1.0075 0.00 0.0M
104580.000 1958 COM2 65 0R0 190 0.7 22.8 77.8 1.0075 0.00 0.0M
104640.000 1958 COM2 65 0R0 229 0.9 22.8 77.5 1.0075 0.00 0.0M
104700.000 1958 COM2 65 0R0 210 1.5 22.8 78.2 1.0075 0.00 0.0M
104760.000 1958 COM2 65 0R0 204 1.3 22.8 77.9 1.0075 0.00 0.0M
104820.000 1958 COM2 65 0R0 237 1.5 22.8 77.9 1.0075 0.00 0.0M
104880.000 1958 COM2 65 0R0 169 1.3 22.8 77.9 1.0075 0.00 0.0M
104940.000 1958 COM2 65 0R0 254 2.7 22.8 77.8 1.0075 0.00 0.0M
105000.000 1958 COM2 65 0R0 245 1.3 22.8 77.8 1.0075 0.00 0.0M
105060.000 1958 COM2 65 0R0 220 2.4 22.8 77.9 1.0075 0.00 0.0M
105120.000 1958 COM2 65 0R0 233 2.0 22.8 78.0 1.0075 0.00 0.0M
105180.000 1958 COM2 65 0R0 224 2.6 22.7 78.2 1.0075 0.00 0.0M
105240.000 1958 COM2 65 0R0 252 0.5 22.7 78.2 1.0075 0.00 0.0M
105300.000 1958 COM2 65 0R0 238 1.6 22.7 78.3 1.0075 0.00 0.0M
105360.000 1958 COM2 65 0R0 216 1.6 22.7 78.3 1.0075 0.00 0.0M
105420.000 1958 COM2 65 0R0 204 1.3 22.7 78.2 1.0075 0.00 0.0M
105480.000 1958 COM2 65 0R0 245 1.4 22.7 78.2 1.0075 0.00 0.0M
105540.000 1958 COM2 65 0R0 234 3.0 22.7 78.3 1.0075 0.00 0.0M
105600.000 1958 COM2 65 0R0 259 1.5 22.7 78.0 1.0075 0.00 0.0M
105660.000 1958 COM2 65 0R0 183 0.6 22.7 78.2 1.0075 0.00 0.0M
105720.000 1958 COM2 65 0R0 215 1.3 22.7 78.2 1.0075 0.00 0.0M
105780.000 1958 COM2 65 0R0 187 1.0 22.7 78.1 1.0075 0.00 0.0M
105840.000 1958 COM2 65 0R0 202 1.5 22.6 78.3 1.0075 0.00 0.0M
105900.000 1958 COM2 65 0R0 239 1.8 22.6 78.3 1.0075 0.00 0.0M
105960.000 1958 COM2 65 0R0 134 0.6 22.6 78.2 1.0075 0.00 0.0M
106020.000 1958 COM2 65 0R0 196 1.6 22.6 78.5 1.0074 0.00 0.0M
106080.000 1958 COM2 65 0R0 168 1.0 22.6 78.4 1.0074 0.00 0.0M
106140.000 1958 COM2 65 0R0 227 1.2 22.6 78.3 1.0074 0.00 0.0M
106200.000 1958 COM2 65 0R0 170 0.6 22.6 78.5 1.0074 0.00 0.0M
106260.000 1958 COM2 65 0R0 285 0.5 22.6 78.5 1.0074 0.00 0.0M
106320.000 1958 COM2 65 0R0 241 0.6 22.6 78.4 1.0074 0.00 0.0M
106380.000 1958 COM2 65 0R0 224 1.7 22.6 78.2 1.0074 0.00 0.0M
106440.100 1958 COM2 65 0R0 206 1.1 22.6 78.1 1.0074 0.00 0.0M
106500.100 1958 COM2 65 0R0 204 0.8 22.6 78.2 1.0074 0.00 0.0M
106560.100 1958 COM2 65 0R0 178 0.7 22.6 77.8 1.0073 0.00 0.0M
106620.100 1958 COM2 65 0R0 221 1.4 22.6 78.1 1.0073 0.00 0.0M
106680.100 1958 COM2 65 0R0 146 0.3 22.6 78.1 1.0073 0.00 0.0M
106740.100 1958 COM2 65 0R0 210 0.2 22.6 78.0 1.0073 0.00 0.0M
106800.000 1958 COM2 65 0R0 204 0.3 22.6 78.2 1.0073 0.00 0.0M
106860.000 1958 COM2 65 0R0 226 1.2 22.6 78.2 1.0074 0.00 0.0M
106920.000 1958 COM2 65 0R0 252 1.9 22.6 78.1 1.0074 0.00 0.0M
106980.100 1958 COM2 65 0R0 234 2.0 22.6 77.9 1.0074 0.00 0.0M
107040.000 1958 COM2 65 0R0 273 1.5 22.6 77.7 1.0074 0.00 0.0M
107100.000 1958 COM2 65 0R0 230 1.6 22.6 77.5 1.0074 0.00 0.0M
107160.000 1958 COM2 65 0R0 262 1.2 22.6 77.5 1.0074 0.00 0.0M
107220.000 1958 COM2 65 0R0 195 1.9 22.6 77.4 1.0074 0.00 0.0M
107280.000 1958 COM2 65 0R0 195 0.7 22.6 77.5 1.0074 0.00 0.0M
107340.000 1958 COM2 65 0R0 189 2.2 22.6 77.5 1.0074 0.00 0.0M
107400.000 1958 COM2 65 0R0 219 1.9 22.6 77.4 1.0074 0.00 0.0M
107460.000 1958 COM2 65 0R0 220 1.6 22.6 77.5 1.0074 0.00 0.0M
107520.000 1958 COM2 65 0R0 228 1.2 22.6 77.4 1.0074 0.00 0.0M
107580.000 1958 COM2 65 0R0 245 1.0 22.6 77.3 1.0074 0.00 0.0M
107640.100 1958 COM2 65 0R0 215 2.2 22.6 77.3 1.0074 0.00 0.0M
107700.000 1958 COM2 65 0R0 201 1.1 22.6 77.2 1.0074 0.00 0.0M
107760.000 1958 COM2 65 0R0 182 1.1 22.6 77.3 1.0074 0.00 0.0M
107820.100 1958 COM2 65 0R0 202 1.1 22.6 77.5 1.0074 0.00 0.0M
107880.000 1958 COM2 65 0R0 227 1.7 22.6 77.5 1.0074 0.00 0.0M
107940.000 1958 COM2 65 0R0 214 1.5 22.6 77.5 1.0074 0.00 0.0M
108000.000 1958 COM2 65 0R0 228 1.8 22.6 77.6 1.0074 0.00 0.0M
108060.000 1958 COM2 65 0R0 167 1.4 22.6 77.5 1.0075 0.00 0.0M
108120.000 1958 COM2 65 0R0 190 1.4 22.6 77.6 1.0075 0.00 0.0M
108180.000 1958 COM2 65 0R0 211 1.2 22.5 78.0 1.0075 0.00 0.0M
108240.000 1958 COM2 65 0R0 205 1.5 22.5 77.8 1.0074 0.00 0.0M
108300.100 1958 COM2 65 0R0 245 0.4 22.5 77.8 1.0074 0.00 0.0M
108360.000 1958 COM2 65 0R0 216 0.8 22.5 77.9 1.0074 0.00 0.0M
108420.000 1958 COM2 65 0R0 241 1.5 22.4 78.1 1.0074 0.00 0.0M
108480.000 1958 COM2 65 0R0 099 0.6 22.5 78.2 1.0074 0.00 0.0M
108540.000 1958 COM2 65 0R0 225 1.8 22.5 77.9 1.0074 0.00 0.0M
108600.000 1958 COM2 65 0R0 241 1.4 22.5 77.6 1.0074 0.00 0.0M
108660.000 1958 COM2 65 0R0 212 1.5 22.5 77.5 1.0074 0.00 0.0M
108720.000 1958 COM2 65 0R0 206 1.5 22.5 77.5 1.0074 0.00 0.0M
108780.000 1958 COM2 65 0R0 232 1.1 22.5 77.5 1.0074 0.00 0.0M
108840.000 1958 COM2 65 0R0 186 1.5 22.5 77.1 1.0074 0.00 0.0M
108900.000 1958 COM2 65 0R0 189 0.9 22.5 77.6 1.0074 0.00 0.0M
108960.000 1958 COM2 65 0R0 212 1.6 22.5 77.4 1.0073 0.00 0.0M
109020.000 1958 COM2 65 0R0 214 1.3 22.5 77.5 1.0073 0.00 0.0M
109080.000 1958 COM2 65 0R0 180 0.3 22.5 77.2 1.0073 0.00 0.0M
109140.000 1958 COM2 65 0R0 177 0.2 22.5 77.6 1.0073 0.00 0.0M
109200.000 1958 COM2 65 0R0 100 0.7 22.5 77.7 1.0073 0.00 0.0M
109260.000 1958 COM2 65 0R0 157 0.5 22.5 77.9 1.0073 0.00 0.0M
109320.000 1958 COM2 65 0R0 048 0.2 22.5 77.4 1.0073 0.00 0.0M
109380.000 1958 COM2 65 0R0 141 0.5 22.5 77.4 1.0073 0.00 0.0M
109440.000 1958 COM2 65 0R0 131 0.8 22.5 77.1 1.0073 0.00 0.0M
109500.000 1958 COM2 65 0R0 181 1.6 22.5 77.4 1.0073 0.00 0.0M
109560.000 1958 COM2 65 0R0 206 0.4 22.5 77.8 1.0073 0.00 0.0M
109620.000 1958 COM2 65 0R0 174 1.7 22.4 77.7 1.0073 0.00 0.0M
109680.000 1958 COM2 65 0R0 189 1.2 22.4 78.2 1.0073 0.00 0.0M
109740.000 1958 COM2 65 0R0 208 1.1 22.3 78.3 1.0073 0.00 0.0M
109800.000 1958 COM2 65 0R0 247 0.2 22.3 78.2 1.0073 0.00 0.0M
109860.000 1958 COM2 65 0R0 212 1.1 22.3 78.4 1.0073 0.00 0.0M
109920.000 1958 COM2 65 0R0 275 0.5 22.3 77.9 1.0073 0.00 0.0M
109980.000 1958 COM2 65 0R0 263 1.3 22.3 77.4 1.0072 0.00 0.0M
110040.000 1958 COM2 65 0R0 255 0.7 22.4 77.8 1.0072 0.00 0.0M
110100.000 1958 COM2 65 0R0 217 1.3 22.4 77.4 1.0072 0.00 0.0M
110160.000 1958 COM2 65 0R0 232 1.3 22.4 77.7 1.0073 0.00 0.0M
110220.000 1958 COM2 65 0R0 194 1.2 22.4 77.5 1.0073 0.00 0.0M
110280.000 1958 COM2 65 0R0 168 0.4 22.4 77.7 1.0073 0.00 0.0M
110340.000 1958 COM2 65 0R0 210 0.7 22.4 77.6 1.0073 0.00 0.0M
110400.000 1958 COM2 65 0R0 218 1.4 22.4 77.9 1.0073 0.00 0.0M
110460.000 1958 COM2 65 0R0 235 0.6 22.4 77.4 1.0073 0.00 0.0M
110520.000 1958 COM2 65 0R0 224 1.5 22.4 77.4 1.0073 0.00 0.0M
110580.000 1958 COM2 65 0R0 246 1.3 22.4 77.3 1.0073 0.00 0.0M
110640.000 1958 COM2 65 0R0 208 1.3 22.4 77.4 1.0073 0.00 0.0M
110700.000 1958 COM2 65 0R0 169 1.2 22.4 77.4 1.0073 0.00 0.0M
110760.000 1958 COM2 65 0R0 206 0.4 22.4 77.4 1.0073 0.00 0.0M
110820.000 1958 COM2 65 0R0 224 1.0 22.4 77.4 1.0073 0.00 0.0M
110880.000 1958 COM2 65 0R0 207 1.0 22.4 77.6 1.0073 0.00 0.0M
110940.000 1958 COM2 65 0R0 211 1.0 22.4 77.6 1.0073 0.00 0.0M
111000.000 1958 COM2 65 0R0 179 1.5 22.4 77.9 1.0073 0.00 0.0M
111060.000 1958 COM2 65 0R0 163 0.8 22.4 77.9 1.0073 0.00 0.0M
111120.000 1958 COM2 65 0R0 124 0.3 22.4 77.6 1.0073 0.00 0.0M
111180.000 1958 COM2 65 0R0 241 0.8 22.3 77.6 1.0073 0.00 0.0M
111240.000 1958 COM2 65 0R0 188 1.1 22.3 78.0 1.0073 0.00 0.0M
111300.000 1958 COM2 65 0R0 185 0.9 22.3 77.8 1.0073 0.00 0.0M
111360.000 1958 COM2 65 0R0 193 1.1 22.3 78.0 1.0073 0.00 0.0M
111420.000 1958 COM2 65 0R0 220 1.5 22.3 78.1 1.0073 0.00 0.0M
111480.000 1958 COM2 65 0R0 249 0.6 22.3 78.0 1.0073 0.00 0.0M
111540.000 1958 COM2 65 0R0 218 1.1 22.3 78.0 1.0073 0.00 0.0M
111600.000 1958 COM2 65 0R0 270 0.6 22.3 77.9 1.0073 0.00 0.0M
111660.000 1958 COM2 65 0R0 222 1.1 22.3 78.1 1.0073 0.00 0.0M
111720.000 1958 COM2 65 0R0 205 1.3 22.3 77.8 1.0073 0.00 0.0M
111780.000 1958 COM2 65 0R0 220 1.1 22.3 77.9 1.0073 0.00 0.0M
111840.000 1958 COM2 65 0R0 223 0.5 22.3 77.9 1.0073 0.00 0.0M
111900.000 1958 COM2 65 0R0 188 0.7 22.3 78.1 1.0073 0.00 0.0M
111960.000 1958 COM2 65 0R0 214 1.0 22.3 78.1 1.0073 0.00 0.0M
112020.000 1958 COM2 65 0R0 218 0.5 22.3 78.0 1.0073 0.00 0.0M
112080.000 1958 COM2 65 0R0 223 0.6 22.3 78.0 1.0072 0.00 0.0M
112140.000 1958 COM2 65 0R0 241 1.3 22.2 77.9 1.0072 0.00 0.0M
112200.000 1958 COM2 65 0R0 200 1.1 22.2 78.0 1.0072 0.00 0.0M
112260.000 1958 COM2 65 0R0 199 1.5 22.2 77.9 1.0072 0.00 0.0M
112320.000 1958 COM2 65 0R0 225 1.4 22.2 77.9 1.0072 0.00 0.0M
112380.000 1958 COM2 65 0R0 205 0.9 22.2 78.0 1.0072 0.00 0.0M
112440.000 1958 COM2 65 0R0 232 0.6 22.2 78.0 1.0072 0.00 0.0M
112500.000 1958 COM2 65 0R0 169 0.9 22.2 78.0 1.0072 0.00 0.0M
112560.000 1958 COM2 65 0R0 182 1.1 22.2 77.9 1.0072 0.00 0.0M
112620.000 1958 COM2 65 0R0 205 1.5 22.2 77.9 1.0072 0.00 0.0M
112680.000 1958 COM2 65 0R0 188 1.2 22.2 78.3 1.0072 0.00 0.0M
112740.000 1958 COM2 65 0R0 228 0.5 22.2 78.3 1.0072 0.00 0.0M
112800.000 1958 COM2 65 0R0 281 0.1 22.2 78.2 1.0072 0.00 0.0M
112860.000 1958 COM2 65 0R0 181 0.2 22.2 78.2 1.0072 0.00 0.0M
112920.000 1958 COM2 65 0R0 151 0.2 22.2 78.1 1.0072 0.00 0.0M
112980.000 1958 COM2 65 0R0 125 0.3 22.2 78.1 1.0073 0.00 0.0M
113040.000 1958 COM2 65 0R0 172 0.9 22.2 78.4 1.0073 0.00 0.0M
113100.000 1958 COM2 65 0R0 153 0.4 22.1 78.3 1.0073 0.00 0.0M
113160.000 1958 COM2 65 0R0 160 0.2 22.1 78.8 1.0073 0.00 0.0M
113220.000 1958 COM2 65 0R0 206 0.6 22.1 78.6 1.0073 0.00 0.0M
113280.000 1958 COM2 65 0R0 103 0.6 22.1 78.9 1.0073 0.00 0.0M
113340.000 1958 COM2 65 0R0 243 0.4 22.1 78.9 1.0073 0.00 0.0M
113400.000 1958 COM2 65 0R0 234 0.4 22.1 78.6 1.0073 0.00 0.0M
113460.000 1958 COM2 65 0R0 216 1.5 22.1 78.1 1.0073 0.00 0.0M
113520.000 1958 COM2 65 0R0 222 1.4 22.1 78.5 1.0073 0.00 0.0M
113580.000 1958 COM2 65 0R0 235 1.2 22.1 78.5 1.0073 0.00 0.0M
113640.000 1958 COM2 65 0R0 254 0.8 22.1 78.4 1.0073 0.00 0.0M
113700.000 1958 COM2 65 0R0 197 0.7 22.1 78.4 1.0073 0.00 0.0M
113760.000 1958 COM2 65 0R0 147 0.2 22.1 78.4 1.0073 0.00 0.0M
113820.000 1958 COM2 65 0R0 118 0.3 22.1 78.4 1.0073 0.00 0.0M
113880.000 1958 COM2 65 0R0 206 0.9 22.1 78.2 1.0073 0.00 0.0M
113940.000 1958 COM2 65 0R0 193 1.3 22.1 78.5 1.0073 0.00 0.0M
114000.000 1958 COM2 65 0R0 065 0.2 22.1 78.6 1.0073 0.00 0.0M
114060.000 1958 COM2 65 0R0 109 0.2 22.1 78.5 1.0073 0.00 0.0M
114120.000 1958 COM2 65 0R0 203 0.3 22.0 78.5 1.0073 0.00 0.0M
114180.000 1958 COM2 65 0R0 178 0.3 22.0 78.6 1.0073 0.00 0.0M
114240.000 1958 COM2 65 0R0 195 0.6 22.0 78.7 1.0073 0.00 0.0M
114300.000 1958 COM2 65 0R0 112 0.6 22.0 78.7 1.0073 0.00 0.0M
114360.000 1958 COM2 65 0R0 241 1.1 22.0 79.0 1.0073 0.00 0.0M
114420.000 1958 COM2 65 0R0 231 0.3 22.0 79.4 1.0073 0.00 0.0M
114480.000 1958 COM2 65 0R0 184 0.4 22.0 78.9 1.0073 0.00 0.0M
114540.000 1958 COM2 65 0R0 203 0.7 22.0 78.7 1.0073 0.00 0.0M
114600.000 1958 COM2 65 0R0 160 1.0 22.0 78.9 1.0073 0.00 0.0M
114660.000 1958 COM2 65 0R0 207 0.2 22.0 78.7 1.0073 0.00 0.0M
114720.000 1958 COM2 65 0R0 204 0.6 22.0 78.9 1.0073 0.00 0.0M
114780.000 1958 COM2 65 0R0 181 0.7 22.0 79.0 1.0073 0.00 0.0M
114840.000 1958 COM2 65 0R0 143 0.5 22.0 78.9 1.0073 0.00 0.0M
114900.000 1958 COM2 65 0R0 231 1.3 22.0 78.9 1.0073 0.00 0.0M
114960.000 1958 COM2 65 0R0 231 0.4 22.0 78.7 1.0073 0.00 0.0M
115020.000 1958 COM2 65 0R0 120 0.5 22.0 78.8 1.0073 0.00 0.0M
115080.000 1958 COM2 65 0R0 110 1.0 22.0 78.5 1.0073 0.00 0.0M
115140.000 1958 COM2 65 0R0 238 1.2 22.0 78.8 1.0073 0.00 0.0M
115200.000 1958 COM2 65 0R0 188 1.7 22.0 79.0 1.0073 0.00 0.0M
115260.000 1958 COM2 65 0R0 249 0.7 22.0 79.3 1.0073 0.00 0.0M
115320.000 1958 COM2 65 0R0 202 1.3 22.0 78.9 1.0073 0.00 0.0M
115380.000 1958 COM2 65 0R0 196 1.3 22.0 79.3 1.0073 0.00 0.0M
115440.000 1958 COM2 65 0R0 245 1.5 22.0 79.2 1.0073 0.00 0.0M
115500.000 1958 COM2 65 0R0 195 0.7 22.0 79.3 1.0073 0.00 0.0M
115560.000 1958 COM2 65 0R0 207 1.3 22.0 79.2 1.0073 0.00 0.0M
115620.000 1958 COM2 65 0R0 146 0.3 22.0 79.3 1.0073 0.00 0.0M
115680.000 1958 COM2 65 0R0 162 1.4 22.0 79.2 1.0073 0.00 0.0M
115740.000 1958 COM2 65 0R0 133 0.5 22.0 79.0 1.0073 0.00 0.0M
115800.000 1958 COM2 65 0R0 297 0.4 22.0 79.2 1.0072 0.00 0.0M
115860.100 1958 COM2 65 0R0 248 0.3 21.9 79.2 1.0072 0.00 0.0M
115920.000 1958 COM2 65 0R0 263 1.3 21.9 79.3 1.0072 0.00 0.0M
115980.100 1958 COM2 65 0R0 209 0.7 21.9 79.2 1.0072 0.00 0.0M
116040.000 1958 COM2 65 0R0 174 0.7 21.9 79.1 1.0072 0.00 0.0M
116100.100 1958 COM2 65 0R0 235 0.4 21.9 79.0 1.0072 0.00 0.0M
116160.000 1958 COM2 65 0R0 200 0.7 22.0 79.0 1.0073 0.00 0.0M
116220.100 1958 COM2 65 0R0 082 0.3 22.0 78.8 1.0072 0.00 0.0M
116280.100 1958 COM2 65 0R0 212 0.9 22.0 78.9 1.0073 0.00 0.0M
116340.000 1958 COM2 65 0R0 185 0.8 22.0 79.1 1.0073 0.00 0.0M
116400.000 1958 COM2 65 0R0 200 0.4 21.9 79.5 1.0072 0.00 0.0M
116460.100 1958 COM2 65 0R0 209 0.4 21.9 79.5 1.0072 0.00 0.0M
116520.000 1958 COM2 65 0R0 245 0.6 21.9 79.6 1.0072 0.00 0.0M
116580.000 1958 COM2 65 0R0 243 0.8 21.9 79.6 1.0072 0.00 0.0M
116640.100 1958 COM2 65 0R0 234 1.1 21.9 79.7 1.0072 0.00 0.0M
116700.100 1958 COM2 65 0R0 225 0.8 21.9 79.7 1.0072 0.00 0.0M
116760.100 1958 COM2 65 0R0 215 0.8 21.9 79.7 1.0072 0.00 0.0M
116820.100 1958 COM2 65 0R0 248 0.8 21.8 79.9 1.0072 0.00 0.0M
116880.100 1958 COM2 65 0R0 286 0.4 21.8 79.7 1.0072 0.00 0.0M
116940.100 1958 COM2 65 0R0 234 0.7 21.8 79.7 1.0072 0.00 0.0M
117000.100 1958 COM2 65 0R0 234 0.8 21.8 79.6 1.0072 0.00 0.0M
117060.100 1958 COM2 65 0R0 221 0.9 21.8 79.6 1.0072 0.00 0.0M
117120.100 1958 COM2 65 0R0 257 1.2 21.8 79.6 1.0072 0.00 0.0M
117180.100 1958 COM2 65 0R0 241 1.2 21.8 79.7 1.0072 0.00 0.0M
117240.100 1958 COM2 65 0R0 252 1.0 21.9 79.5 1.0072 0.00 0.0M
117300.100 1958 COM2 65 0R0 247 0.8 21.9 79.5 1.0072 0.00 0.0M
117360.100 1958 COM2 65 0R0 230 1.0 21.9 79.4 1.0072 0.00 0.0M
117420.100 1958 COM2 65 0R0 245 0.9 21.9 79.4 1.0072 0.00 0.0M
117480.100 1958 COM2 65 0R0 229 1.0 21.9 79.3 1.0072 0.00 0.0M
117540.100 1958 COM2 65 0R0 235 0.9 21.9 79.1 1.0073 0.00 0.0M
117600.100 1958 COM2 65 0R0 232 0.9 21.9 79.1 1.0072 0.00 0.0M
117660.100 1958 COM2 65 0R0 253 0.4 21.9 78.9 1.0072 0.00 0.0M
117720.100 1958 COM2 65 0R0 221 0.8 21.9 78.9 1.0072 0.00 0.0M
117780.100 1958 COM2 65 0R0 250 0.5 22.0 78.8 1.0072 0.00 0.0M
117840.100 1958 COM2 65 0R0 239 0.6 22.0 78.8 1.0072 0.00 0.0M
117900.100 1958 COM2 65 0R0 227 0.4 22.0 78.8 1.0072 0.00 0.0M
117960.100 1958 COM2 65 0R0 279 0.4 22.0 78.8 1.0072 0.00 0.0M
118020.100 1958 COM2 65 0R0 230 1.1 21.9 78.9 1.0072 0.00 0.0M
118080.100 1958 COM2 65 0R0 247 0.7 21.9 78.9 1.0073 0.00 0.0M
118140.100 1958 COM2 65 0R0 216 0.4 21.9 78.8 1.0073 0.00 0.0M
118200.100 1958 COM2 65 0R0 196 0.7 21.9 78.8 1.0073 0.00 0.0M
118260.100 1958 COM2 65 0R0 140 0.3 21.9 79.0 1.0073 0.00 0.0M
118320.100 1958 COM2 65 0R0 224 0.6 21.9 79.1 1.0073 0.00 0.0M
118380.100 1958 COM2 65 0R0 196 0.1 21.9 79.3 1.0074 0.00 0.0M
118440.100 1958 COM2 65 0R0 179 0.5 21.8 78.9 1.0074 0.00 0.0M
118500.100 1958 COM2 65 0R0 123 0.2 21.8 79.2 1.0074 0.00 0.0M
118560.100 1958 COM2 65 0R0 152 0.2 21.8 79.1 1.0074 0.00 0.0M
118620.100 1958 COM2 65 0R0 215 0.2 21.8 79.1 1.0075 0.00 0.0M
118680.000 1958 COM2 65 0R0 190 0.6 21.8 79.0 1.0075 0.00 0.0M
118740.000 1958 COM2 65 0R0 277 0.3 21.7 79.3 1.0075 0.00 0.0M
118800.000 1958 COM2 65 0R0 230 0.3 21.7 80.0 1.0076 0.00 0.0M
118860.100 1958 COM2 65 0R0 202 0.5 21.7 80.0 1.0076 0.00 0.0M
118920.100 1958 COM2 65 0R0 201 0.3 21.7 79.8 1.0076 0.00 0.0M
118980.000 1958 COM2 65 0R0 312 0.1 21.7 79.8 1.0076 0.00 0.0M
119040.000 1958 COM2 65 0R0 190 0.4 21.7 80.0 1.0076 0.00 0.0M
119100.100 1958 COM2 65 0R0 334 0.3 21.7 80.0 1.0077 0.00 0.0M
119160.100 1958 COM2 65 0R0 187 0.3 21.7 80.1 1.0077 0.00 0.0M
119220.000 1958 COM2 65 0R0 135 0.2 21.7 80.3 1.0077 0.00 0.0M
119280.100 1958 COM2 65 0R0 323 0.1 21.6 80.0 1.0077 0.00 0.0M
119340.100 1958 COM2 65 0R0 228 0.2 21.6 80.1 1.0077 0.00 0.0M
119400.100 1958 COM2 65 0R0 265 0.3 21.6 80.1 1.0078 0.00 0.0M
119460.100 1958 COM2 65 0R0 330 0.2 21.6 80.7 1.0078 0.00 0.0M
119520.000 1958 COM2 65 0R0 090 0.2 21.6 80.3 1.0078 0.00 0.0M
119580.100 1958 COM2 65 0R0 117 0.3 21.6 80.4 1.0078 0.00 0.0M
119640.000 1958 COM2 65 0R0 099 0.4 21.6 80.1 1.0078 0.00 0.0M
119700.000 1958 COM2 65 0R0 034 0.3 21.6 80.5 1.0079 0.00 0.0M
119760.100 1958 COM2 65 0R0 114 0.2 21.6 81.1 1.0079 0.00 0.0M
119820.100 1958 COM2 65 0R0 107 0.4 21.6 80.3 1.0079 0.00 0.0M
119880.000 1958 COM2 65 0R0 135 1.0 21.6 80.7 1.0079 0.00 0.0M
119940.000 1958 COM2 65 0R0 172 0.5 21.5 80.6 1.0079 0.00 0.0M
120000.000 1958 COM2 65 0R0 129 0.4 21.5 80.6 1.0079 0.00 0.0M
120060.000 1958 COM2 65 0R0 099 0.5 21.5 80.7 1.0079 0.00 0.0M
120120.000 1958 COM2 65 0R0 128 0.6 21.5 81.1 1.0079 0.00 0.0M
120180.000 1958 COM2 65 0R0 137 0.9 21.4 81.0 1.0080 0.00 0.0M
120240.000 1958 COM2 65 0R0 140 0.9 21.4 81.3 1.0079 0.00 0.0M
120300.100 1958 COM2 65 0R0 108 0.7 21.3 81.3 1.0079 0.00 0.0M
120360.000 1958 COM2 65 0R0 179 0.2 21.3 81.7 1.0079 0.00 0.0M
120420.000 1958 COM2 65 0R0 342 0.1 21.2 81.6 1.0079 0.00 0.0M
120480.000 1958 COM2 65 0R0 052 0.1 21.2 81.7 1.0079 0.00 0.0M
120540.000 1958 COM2 65 0R0 062 0.2 21.2 81.8 1.0079 0.00 0.0M
120600.000 1958 COM2 65 0R0 322 0.2 21.2 82.5 1.0079 0.00 0.0M
120660.000 1958 COM2 65 0R0 141 0.2 21.2 82.2 1.0079 0.00 0.0M
120720.000 1958 COM2 65 0R0 096 0.4 21.2 82.4 1.0079 0.00 0.0M
120780.000 1958 COM2 65 0R0 084 0.3 21.2 82.5 1.0079 0.00 0.0M
120840.000 1958 COM2 65 0R0 150 0.3 21.2 82.3 1.0079 0.00 0.0M
120900.000 1958 COM2 65 0R0 157 0.5 21.2 82.2 1.0079 0.00 0.0M
120960.000 1958 COM2 65 0R0 344 0.1 21.2 82.5 1.0079 0.00 0.0M
121020.000 1958 COM2 65 0R0 252 0.2 21.2 82.9 1.0079 0.00 0.0M
121080.000 1958 COM2 65 0R0 348 0.1 21.2 82.8 1.0079 0.00 0.0M
121140.000 1958 COM2 65 0R0 212 0.1 21.2 83.2 1.0079 0.00 0.0M
121200.000 1958 COM2 65 0R0 358 0.2 21.2 83.1 1.0079 0.00 0.0M
121260.000 1958 COM2 65 0R0 326 0.1 21.1 83.6 1.0079 0.00 0.0M
121320.000 1958 COM2 65 0R0 033 0.2 21.1 83.9 1.0079 0.00 0.0M
121380.000 1958 COM2 65 0R0 009 0.2 21.1 83.9 1.0079 0.00 0.0M
121440.000 1958 COM2 65 0R0 074 0.2 21.1 84.5 1.0079 0.00 0.0M
121500.000 1958 COM2 65 0R0 011 0.3 21.0 84.7 1.0080 0.00 0.0M
121560.000 1958 COM2 65 0R0 007 0.1 21.0 84.9 1.0080 0.00 0.0M
121620.000 1958 COM2 65 0R0 325 0.1 21.0 85.0 1.0080 0.00 0.0M
121680.000 1958 COM2 65 0R0 346 0.2 21.0 85.2 1.0080 0.00 0.0M
121740.000 1958 COM2 65 0R0 036 0.1 20.9 85.5 1.0080 0.00 0.0M
121800.000 1958 COM2 65 0R0 144 0.4 20.9 85.5 1.0080 0.00 0.0M
121860.000 1958 COM2 65 0R0 154 0.3 20.9 85.3 1.0080 0.00 0.0M
121920.000 1958 COM2 65 0R0 109 0.7 20.9 85.0 1.0080 0.00 0.0M
121980.000 1958 COM2 65 0R0 148 0.4 21.0 85.2 1.0080 0.00 0.0M
122040.000 1958 COM2 65 0R0 156 0.6 21.0 84.9 1.0080 0.00 0.0M
122100.000 1958 COM2 65 0R0 117 0.7 21.0 84.8 1.0080 0.00 0.0M
122160.000 1958 COM2 65 0R0 117 0.9 21.0 84.6 1.0081 0.00 0.0M
122220.000 1958 COM2 65 0R0 129 1.2 21.0 84.3 1.0081 0.00 0.0M
122280.000 1958 COM2 65 0R0 117 0.4 21.0 83.9 1.0081 0.00 0.0M
122340.000 1958 COM2 65 0R0 119 0.4 21.0 84.7 1.0081 0.00 0.0M
122400.000 1958 COM2 65 0R0 160 0.4 21.0 84.2 1.0081 0.00 0.0M
122460.000 1958 COM2 65 0R0 131 1.0 21.0 84.4 1.0081 0.00 0.0M
122520.000 1958 COM2 65 0R0 139 1.1 21.0 84.9 1.0081 0.00 0.0M
122580.000 1958 COM2 65 0R0 126 0.4 20.9 84.9 1.0081 0.00 0.0M
122640.000 1958 COM2 65 0R0 118 0.4 20.9 84.6 1.0081 0.00 0.0M
122700.000 1958 COM2 65 0R0 127 0.4 20.9 84.6 1.0081 0.00 0.0M
122760.000 1958 COM2 65 0R0 132 1.0 20.9 85.0 1.0081 0.00 0.0M
122820.000 1958 COM2 65 0R0 119 0.4 21.0 85.0 1.0080 0.00 0.0M
122880.000 1958 COM2 65 0R0 154 0.6 20.9 85.0 1.0080 0.00 0.0M
122940.000 1958 COM2 65 0R0 200 0.5 20.9 84.7 1.0080 0.00 0.0M
123000.100 1958 COM2 65 0R0 002 0.2 20.9 84.7 1.0081 0.00 0.0M
123060.000 1958 COM2 65 0R0 126 0.1 21.0 84.5 1.0081 0.00 0.0M
123120.000 1958 COM2 65 0R0 226 0.3 21.0 85.1 1.0081 0.00 0.0M
123180.000 1958 COM2 65 0R0 355 0.1 21.0 85.0 1.0081 0.00 0.0M
123240.000 1958 COM2 65 0R0 295 0.2 21.0 85.6 1.0082 0.00 0.0M
123300.000 1958 COM2 65 0R0 244 0.3 21.0 85.7 1.0082 0.00 0.0M
123360.000 1958 COM2 65 0R0 309 0.1 21.1 85.3 1.0082 0.00 0.0M
123420.000 1958 COM2 65 0R0 032 0.2 21.1 85.2 1.0082 0.00 0.0M
123480.000 1958 COM2 65 0R0 029 0.2 21.1 84.9 1.0082 0.00 0.0M
123540.000 1958 COM2 65 0R0 038 0.2 21.1 84.9 1.0082 0.00 0.0M
123600.000 1958 COM2 65 0R0 094 0.4 21.2 84.2 1.0082 0.00 0.0M
123660.000 1958 COM2 65 0R0 100 0.3 21.3 84.1 1.0082 0.00 0.0M
123720.000 1958 COM2 65 0R0 122 0.7 21.3 83.8 1.0082 0.00 0.0M
123780.000 1958 COM2 65 0R0 101 0.2 21.3 83.3 1.0082 0.00 0.0M
123840.000 1958 COM2 65 0R0 116 0.5 21.3 83.4 1.0082 0.00 0.0M
123900.000 1958 COM2 65 0R0 292 0.5 21.4 83.2 1.0083 0.00 0.0M
123960.100 1958 COM2 65 0R0 023 0.3 21.4 83.4 1.0083 0.00 0.0M
124020.000 1958 COM2 65 0R0 187 0.1 21.4 83.1 1.0083 0.00 0.0M
124080.000 1958 COM2 65 0R0 228 0.2 21.4 82.7 1.0083 0.00 0.0M
124140.000 1958 COM2 65 0R0 343 0.3 21.5 82.7 1.0083 0.00 0.0M
124200.000 1958 COM2 65 0R0 287 0.2 21.5 82.3 1.0083 0.00 0.0M
124260.000 1958 COM2 65 0R0 343 0.3 21.6 82.4 1.0083 0.00 0.0M
124320.000 1958 COM2 65 0R0 357 0.2 21.6 82.5 1.0083 0.00 0.0M
124380.000 1958 COM2 65 0R0 355 0.2 21.7 82.3 1.0083 0.00 0.0M
124440.000 1958 COM2 65 0R0 356 0.3 21.7 81.8 1.0083 0.00 0.0M
124500.000 1958 COM2 65 0R0 017 0.3 21.7 81.5 1.0083 0.00 0.0M
124560.000 1958 COM2 65 0R0 300 0.1 21.8 81.6 1.0083 0.00 0.0M
124620.000 1958 COM2 65 0R0 059 0.2 21.8 81.3 1.0083 0.00 0.0M
124680.000 1958 COM2 65 0R0 324 0.2 21.8 81.3 1.0083 0.00 0.0M
124740.000 1958 COM2 65 0R0 000 0.1 21.9 81.0 1.0083 0.00 0.0M
124800.000 1958 COM2 65 0R0 015 0.3 21.9 81.0 1.0083 0.00 0.0M
124860.000 1958 COM2 65 0R0 312 0.3 21.9 81.4 1.0083 0.00 0.0M
124920.000 1958 COM2 65 0R0 030 0.2 22.0 81.2 1.0083 0.00 0.0M
124980.000 1958 COM2 65 0R0 339 0.4 22.0 81.6 1.0083 0.00 0.0M
125040.000 1958 COM2 65 0R0 104 0.2 22.1 81.3 1.0083 0.00 0.0M
125100.000 1958 COM2 65 0R0 055 0.2 22.1 81.3 1.0083 0.00 0.0M
125160.000 1958 COM2 65 0R0 358 0.2 22.2 81.1 1.0083 0.00 0.0M
125220.000 1958 COM2 65 0R0 013 0.3 22.2 80.4 1.0083 0.00 0.0M
125280.000 1958 COM2 65 0R0 202 0.1 22.2 79.7 1.0084 0.00 0.0M
125340.000 1958 COM2 65 0R0 134 0.1 22.3 79.7 1.0084 0.00 0.0M
125400.000 1958 COM2 65 0R0 275 0.1 22.3 79.5 1.0084 0.00 0.0M
125460.000 1958 COM2 65 0R0 322 0.2 22.3 79.6 1.0084 0.00 0.0M
125520.000 1958 COM2 65 0R0 335 0.3 22.3 79.2 1.0084 0.00 0.0M
125580.000 1958 COM2 65 0R0 010 0.1 22.4 79.1 1.0084 0.00 0.0M
125640.000 1958 COM2 65 0R0 012 0.2 22.4 79.0 1.0084 0.00 0.0M
125700.000 1958 COM2 65 0R0 253 0.1 22.4 78.6 1.0084 0.00 0.0M
125760.000 1958 COM2 65 0R0 323 0.1 22.4 78.6 1.0084 0.00 0.0M
125820.000 1958 COM2 65 0R0 019 0.2 22.4 78.7 1.0084 0.00 0.0M
125880.000 1958 COM2 65 0R0 017 0.1 22.4 78.7 1.0084 0.00 0.0M
125940.000 1958 COM2 65 0R0 340 0.2 22.4 78.3 1.0084 0.00 0.0M
126000.000 1958 COM2 65 0R0 138 0.2 22.5 78.1 1.0084 0.00 0.0M
126060.000 1958 COM2 65 0R0 096 0.6 22.5 78.1 1.0084 0.00 0.0M
126120.000 1958 COM2 65 0R0 134 0.3 22.6 78.0 1.0084 0.00 0.0M
126180.000 1958 COM2 65 0R0 102 0.3 22.6 77.9 1.0084 0.00 0.0M
126240.000 1958 COM2 65 0R0 003 0.3 22.7 77.6 1.0084 0.00 0.0M
126300.000 1958 COM2 65 0R0 245 0.2 22.7 77.2 1.0084 0.00 0.0M
126360.000 1958 COM2 65 0R0 156 0.1 22.8 77.1 1.0084 0.00 0.0M
126420.000 1958 COM2 65 0R0 163 0.3 22.8 76.9 1.0084 0.00 0.0M
126480.000 1958 COM2 65 0R0 172 0.5 22.9 76.7 1.0084 0.00 0.0M
126540.000 1958 COM2 65 0R0 050 0.2 23.0 76.3 1.0084 0.00 0.0M
126600.000 1958 COM2 65 0R0 102 0.6 23.0 76.3 1.0084 0.00 0.0M
126660.000 1958 COM2 65 0R0 210 0.2 23.0 76.0 1.0084 0.00 0.0M
126720.000 1958 COM2 65 0R0 190 0.2 23.1 75.7 1.0084 0.00 0.0M
126780.000 1958 COM2 65 0R0 078 0.3 23.1 75.5 1.0084 0.00 0.0M
126840.000 1958 COM2 65 0R0 151 0.2 23.2 75.4 1.0084 0.00 0.0M
126900.000 1958 COM2 65 0R0 131 0.3 23.2 75.2 1.0084 0.00 0.0M
126960.000 1958 COM2 65 0R0 145 0.2 23.2 75.0 1.0085 0.00 0.0M
127020.000 1958 COM2 65 0R0 129 0.8 23.3 74.9 1.0085 0.00 0.0M
127080.000 1958 COM2 65 0R0 161 0.3 23.3 74.7 1.0085 0.00 0.0M
127140.000 1958 COM2 65 0R0 222 0.2 23.3 75.0 1.0085 0.00 0.0M
127200.000 1958 COM2 65 0R0 151 0.2 23.3 74.7 1.0085 0.00 0.0M
127260.000 1958 COM2 65 0R0 029 0.3 23.3 74.7 1.0085 0.00 0.0M
127320.000 1958 COM2 65 0R0 010 0.1 23.4 74.2 1.0085 0.00 0.0M
127380.000 1958 COM2 65 0R0 089 0.6 23.5 74.0 1.0085 0.00 0.0M
127440.000 1958 COM2 65 0R0 166 0.4 23.5 74.0 1.0085 0.00 0.0M
127500.000 1958 COM2 65 0R0 139 0.3 23.5 73.9 1.0086 0.00 0.0M
127560.000 1958 COM2 65 0R0 145 0.5 23.6 73.6 1.0086 0.00 0.0M
127620.000 1958 COM2 65 0R0 269 0.3 23.6 73.4 1.0086 0.00 0.0M
127680.000 1958 COM2 65 0R0 159 0.9 23.7 73.3 1.0086 0.00 0.0M
127740.000 1958 COM2 65 0R0 154 0.4 23.7 72.9 1.0086 0.00 0.0M
127800.000 1958 COM2 65 0R0 123 0.8 23.7 72.9 1.0086 0.00 0.0M
127860.000 1958 COM2 65 0R0 111 0.4 23.7 72.9 1.0086 0.00 0.0M
127920.000 1958 COM2 65 0R0 140 0.5 23.6 73.4 1.0086 0.00 0.0M
127980.000 1958 COM2 65 0R0 159 0.2 23.5 73.7 1.0086 0.00 0.0M
128040.000 1958 COM2 65 0R0 086 0.2 23.5 73.7 1.0086 0.00 0.0M
128100.000 1958 COM2 65 0R0 126 0.5 23.5 73.7 1.0086 0.00 0.0M
128160.000 1958 COM2 65 0R0 078 0.2 23.6 73.8 1.0086 0.00 0.0M
128220.000 1958 COM2 65 0R0 055 0.3 23.6 73.4 1.0086 0.00 0.0M
128280.000 1958 COM2 65 0R0 126 0.5 23.7 73.1 1.0086 0.00 0.0M
128340.000 1958 COM2 65 0R0 163 0.8 23.7 73.3 1.0086 0.00 0.0M
128400.000 1958 COM2 65 0R0 105 0.6 23.8 72.9 1.0086 0.00 0.0M
128460.000 1958 COM2 65 0R0 106 0.3 23.8 73.3 1.0086 0.00 0.0M
128520.000 1958 COM2 65 0R0 165 0.2 23.9 72.8 1.0086 0.00 0.0M
128580.000 1958 COM2 65 0R0 151 0.4 23.9 72.5 1.0086 0.00 0.0M
128640.100 1958 COM2 65 0R0 138 0.3 24.0 72.6 1.0086 0.00 0.0M
128700.000 1958 COM2 65 0R0 148 1.2 24.1 72.1 1.0086 0.00 0.0M
128760.000 1958 COM2 65 0R0 120 0.3 24.1 72.2 1.0087 0.00 0.0M
128820.000 1958 COM2 65 0R0 149 1.1 24.1 72.3 1.0087 0.00 0.0M
128880.000 1958 COM2 65 0R0 005 0.2 24.1 71.9 1.0087 0.00 0.0M
128940.100 1958 COM2 65 0R0 233 0.2 24.1 72.1 1.0087 0.00 0.0M
129000.000 1958 COM2 65 0R0 078 0.5 24.2 72.1 1.0087 0.00 0.0M
129060.000 1958 COM2 65 0R0 139 1.8 24.3 72.0 1.0087 0.00 0.0M
129120.000 1958 COM2 65 0R0 129 1.1 24.3 72.1 1.0087 0.00 0.0M
129180.000 1958 COM2 65 0R0 100 0.4 24.2 72.0 1.0087 0.00 0.0M
129240.000 1958 COM2 65 0R0 109 1.5 24.1 72.4 1.0087 0.00 0.0M
129300.100 1958 COM2 65 0R0 124 1.8 24.1 72.4 1.0087 0.00 0.0M
129360.000 1958 COM2 65 0R0 120 1.5 24.0 73.0 1.0087 0.00 0.0M
129420.000 1958 COM2 65 0R0 126 0.3 23.9 73.4 1.0087 0.00 0.0M
129480.000 1958 COM2 65 0R0 131 0.6 23.8 73.4 1.0088 0.00 0.0M
129540.000 1958 COM2 65 0R0 148 1.3 23.8 73.4 1.0088 0.00 0.0M
129600.000 1958 COM2 65 0R0 148 0.9 23.9 73.2 1.0088 0.00 0.0M
129660.100 1958 COM2 65 0R0 124 0.7 23.9 73.3 1.0088 0.00 0.0M
129720.000 1958 COM2 65 0R0 133 1.5 23.9 73.1 1.0088 0.00 0.0M
129780.000 1958 COM2 65 0R0 115 1.2 23.9 73.3 1.0088 0.00 0.0M
129840.000 1958 COM2 65 0R0 130 1.3 23.9 73.5 1.0088 0.00 0.0M
129900.000 1958 COM2 65 0R0 128 1.5 23.8 73.6 1.0087 0.00 0.0M
129960.000 1958 COM2 65 0R0 092 1.6 23.6 73.9 1.0087 0.00 0.0M
130020.000 1958 COM2 65 0R0 166 0.9 23.6 74.2 1.0087 0.00 0.0M
130080.000 1958 COM2 65 0R0 134 1.0 23.6 74.1 1.0087 0.00 0.0M
130140.100 1958 COM2 65 0R0 114 1.4 23.8 73.5 1.0087 0.00 0.0M
130200.100 1958 COM2 65 0R0 117 2.1 23.8 74.3 1.0087 0.00 0.0M
130260.000 1958 COM2 65 0R0 116 1.3 23.8 74.1 1.0087 0.00 0.0M
130320.000 1958 COM2 65 0R0 175 1.0 23.7 74.1 1.0087 0.00 0.0M
130380.100 1958 COM2 65 0R0 140 1.1 23.7 74.7 1.0087 0.00 0.0M
130440.000 1958 COM2 65 0R0 097 0.9 23.6 74.8 1.0087 0.00 0.0M
130500.000 1958 COM2 65 0R0 114 1.8 23.7 74.8 1.0087 0.00 0.0M
130560.000 1958 COM2 65 0R0 158 1.7 23.8 74.2 1.0087 0.00 0.0M
130620.100 1958 COM2 65 0R0 148 1.3 23.9 74.3 1.0087 0.00 0.0M
130680.100 1958 COM2 65 0R0 185 2.0 23.9 74.2 1.0087 0.00 0.0M
130740.000 1958 COM2 65 0R0 157 0.7 23.9 74.7 1.0087 0.00 0.0M
130800.100 1958 COM2 65 0R0 104 1.2 23.9 75.0 1.0087 0.00 0.0M
130860.000 1958 COM2 65 0R0 138 1.5 23.9 74.7 1.0087 0.00 0.0M
130920.000 1958 COM2 65 0R0 055 0.3 24.0 73.8 1.0088 0.00 0.0M
130980.000 1958 COM2 65 0R0 139 0.3 24.1 73.6 1.0088 0.00 0.0M
131040.000 1958 COM2 65 0R0 179 0.8 24.2 73.3 1.0088 0.00 0.0M
131100.000 1958 COM2 65 0R0 164 1.2 24.4 73.3 1.0088 0.00 0.0M
131160.100 1958 COM2 65 0R0 131 1.0 24.4 72.6 1.0088 0.00 0.0M
131220.100 1958 COM2 65 0R0 262 0.7 24.5 72.8 1.0088 0.00 0.0M
131280.000 1958 COM2 65 0R0 151 0.5 24.6 73.2 1.0089 0.00 0.0M
131340.100 1958 COM2 65 0R0 249 1.0 24.6 72.4 1.0089 0.00 0.0M
131400.100 1958 COM2 65 0R0 270 0.9 24.8 71.8 1.0089 0.00 0.0M
131460.000 1958 COM2 65 0R0 200 0.9 24.9 72.2 1.0089 0.00 0.0M
131520.000 1958 COM2 65 0R0 174 0.4 25.0 71.6 1.0089 0.00 0.0M
131580.000 1958 COM2 65 0R0 137 0.3 25.0 71.4 1.0089 0.00 0.0M
131640.100 1958 COM2 65 0R0 265 0.6 25.1 71.3 1.0089 0.00 0.0M
131700.100 1958 COM2 65 0R0 238 1.4 25.2 70.8 1.0089 0.00 0.0M
131760.000 1958 COM2 65 0R0 271 1.1 25.3 69.9 1.0089 0.00 0.0M
131820.000 1958 COM2 65 0R0 283 0.8 25.3 70.3 1.0089 0.00 0.0M
131880.100 1958 COM2 65 0R0 169 1.7 25.3 70.5 1.0089 0.00 0.0M
131940.100 1958 COM2 65 0R0 235 2.0 25.2 70.7 1.0089 0.00 0.0M
132000.000 1958 COM2 65 0R0 238 1.5 25.1 71.3 1.0089 0.00 0.0M
132060.000 1958 COM2 65 0R0 218 0.8 25.0 71.5 1.0089 0.00 0.0M
132120.100 1958 COM2 65 0R0 205 1.8 25.0 71.5 1.0089 0.00 0.0M
132180.100 1958 COM2 65 0R0 265 1.2 24.9 71.8 1.0089 0.00 0.0M
132240.100 1958 COM2 65 0R0 215 1.1 25.0 72.1 1.0089 0.00 0.0M
132300.100 1958 COM2 65 0R0 214 1.5 24.9 72.3 1.0089 0.00 0.0M
132360.100 1958 COM2 65 0R0 190 1.6 24.8 72.8 1.0089 0.00 0.0M
132420.000 1958 COM2 65 0R0 266 0.4 24.7 73.1 1.0089 0.00 0.0M
132480.100 1958 COM2 65 0R0 213 1.6 24.7 73.4 1.0089 0.00 0.0M
132540.100 1958 COM2 65 0R0 208 1.3 24.8 73.2 1.0089 0.00 0.0M
132600.000 1958 COM2 65 0R0 225 2.0 24.9 73.1 1.0089 0.00 0.0M
132660.000 1958 COM2 65 0R0 245 1.3 24.9 73.1 1.0089 0.00 0.0M
132720.000 1958 COM2 65 0R0 213 0.6 25.0 72.7 1.0089 0.00 0.0M
132780.000 1958 COM2 65 0R0 234 0.5 25.0 72.9 1.0089 0.00 0.0M
132840.000 1958 COM2 65 0R0 262 0.9 25.0 72.7 1.0089 0.00 0.0M
132900.000 1958 COM2 65 0R0 341 0.6 25.1 72.5 1.0089 0.00 0.0M
132960.000 1958 COM2 65 0R0 230 2.3 25.2 72.4 1.0089 0.00 0.0M
133020.000 1958 COM2 65 0R0 251 1.6 25.2 72.3 1.0089 0.00 0.0M
133080.000 1958 COM2 65 0R0 241 1.0 25.3 72.3 1.0089 0.00 0.0M
133140.000 1958 COM2 65 0R0 237 2.0 25.3 72.3 1.0089 0.00 0.0M
133200.000 1958 COM2 65 0R0 246 1.7 25.3 72.3 1.0089 0.00 0.0M
133260.000 1958 COM2 65 0R0 246 1.3 25.2 72.5 1.0089 0.00 0.0M
133320.000 1958 COM2 65 0R0 221 2.3 25.2 72.8 1.0089 0.00 0.0M
133380.000 1958 COM2 65 0R0 228 1.6 25.2 73.2 1.0089 0.00 0.0M
133440.000 1958 COM2 65 0R0 243 2.2 25.1 73.4 1.0089 0.00 0.0M
133500.000 1958 COM2 65 0R0 226 1.7 25.1 73.5 1.0089 0.00 0.0M
133560.000 1958 COM2 65 0R0 164 0.9 25.1 73.5 1.0089 0.00 0.0M
133620.000 1958 COM2 65 0R0 117 1.2 25.1 73.7 1.0089 0.00 0.0M
133680.000 1958 COM2 65 0R0 145 2.0 25.3 73.3 1.0089 0.00 0.0M
133740.000 1958 COM2 65 0R0 119 0.7 25.4 72.9 1.0089 0.00 0.0M
133800.100 1958 COM2 65 0R0 108 0.5 25.5 72.5 1.0089 0.00 0.0M
133860.000 1958 COM2 65 0R0 219 0.9 25.6 72.2 1.0089 0.00 0.0M
133920.000 1958 COM2 65 0R0 121 0.6 25.7 71.7 1.0089 0.00 0.0M
133980.000 1958 COM2 65 0R0 213 2.4 25.7 71.7 1.0089 0.00 0.0M
134040.000 1958 COM2 65 0R0 192 2.5 25.7 71.8 1.0089 0.00 0.0M
134100.000 1958 COM2 65 0R0 175 1.5 25.6 72.0 1.0089 0.00 0.0M
134160.000 1958 COM2 65 0R0 125 1.2 25.3 72.7 1.0089 0.00 0.0M
134220.000 1958 COM2 65 0R0 142 1.2 25.2 72.9 1.0089 0.00 0.0M
134280.000 1958 COM2 65 0R0 122 0.9 25.3 72.9 1.0089 0.00 0.0M
134340.000 1958 COM2 65 0R0 158 1.1 25.5 71.6 1.0090 0.00 0.0M
134400.000 1958 COM2 65 0R0 228 0.3 25.7 71.0 1.0090 0.00 0.0M
134460.000 1958 COM2 65 0R0 185 0.3 25.9 70.2 1.0090 0.00 0.0M
134520.000 1958 COM2 65 0R0 194 0.5 26.0 69.9 1.0090 0.00 0.0M
134580.000 1958 COM2 65 0R0 157 0.5 26.1 70.0 1.0090 0.00 0.0M
134640.000 1958 COM2 65 0R0 105 0.3 26.2 69.3 1.0090 0.00 0.0M
134700.000 1958 COM2 65 0R0 184 1.5 26.3 69.3 1.0090 0.00 0.0M
134760.000 1958 COM2 65 0R0 155 0.3 26.3 68.8 1.0090 0.00 0.0M
134820.000 1958 COM2 65 0R0 203 0.6 26.2 69.2 1.0090 0.00 0.0M
134880.000 1958 COM2 65 0R0 220 0.4 26.1 68.6 1.0090 0.00 0.0M
134940.000 1958 COM2 65 0R0 166 0.7 26.2 68.5 1.0090 0.00 0.0M
135000.000 1958 COM2 65 0R0 171 0.5 26.2 68.4 1.0090 0.00 0.0M
135060.000 1958 COM2 65 0R0 248 1.0 26.2 68.1 1.0091 0.00 0.0M
135120.000 1958 COM2 65 0R0 273 0.6 26.3 67.6 1.0091 0.00 0.0M
135180.000 1958 COM2 65 0R0 151 0.6 26.4 67.3 1.0091 0.00 0.0M
135240.000 1958 COM2 65 0R0 137 0.8 26.5 68.0 1.0091 0.00 0.0M
135300.000 1958 COM2 65 0R0 129 0.8 26.6 67.1 1.0091 0.00 0.0M
135360.000 1958 COM2 65 0R0 102 1.3 26.6 66.7 1.0091 0.00 0.0M
135420.000 1958 COM2 65 0R0 140 0.4 26.7 66.8 1.0091 0.00 0.0M
135480.000 1958 COM2 65 0R0 175 1.0 26.6 67.1 1.0091 0.00 0.0M
135540.000 1958 COM2 65 0R0 146 1.5 26.7 66.4 1.0091 0.00 0.0M
135600.000 1958 COM2 65 0R0 178 0.4 26.7 66.2 1.0091 0.00 0.0M
135660.000 1958 COM2 65 0R0 142 0.7 26.6 66.9 1.0091 0.00 0.0M
135720.000 1958 COM2 65 0R0 149 0.9 26.5 66.9 1.0091 0.00 0.0M
135780.000 1958 COM2 65 0R0 290 0.2 26.5 67.1 1.0091 0.00 0.0M
135840.000 1958 COM2 65 0R0 303 0.1 26.5 66.8 1.0090 0.00 0.0M
135900.000 1958 COM2 65 0R0 060 0.3 26.7 66.5 1.0090 0.00 0.0M
135960.000 1958 COM2 65 0R0 088 2.6 26.8 66.1 1.0090 0.00 0.0M
136020.000 1958 COM2 65 0R0 168 1.5 27.0 64.3 1.0090 0.00 0.0M
136080.000 1958 COM2 65 0R0 169 1.4 26.8 65.5 1.0090 0.00 0.0M
136140.000 1958 COM2 65 0R0 239 0.3 26.7 65.8 1.0090 0.00 0.0M
136200.000 1958 COM2 65 0R0 106 0.9 26.6 66.2 1.0090 0.00 0.0M
136260.000 1958 COM2 65 0R0 155 1.1 26.7 65.5 1.0090 0.00 0.0M
136320.000 1958 COM2 65 0R0 127 0.3 26.9 63.1 1.0090 0.00 0.0M
136380.000 1958 COM2 65 0R0 090 0.5 27.0 64.4 1.0090 0.00 0.0M
136440.000 1958 COM2 65 0R0 103 1.6 27.1 63.6 1.0090 0.00 0.0M
136500.000 1958 COM2 65 0R0 134 1.1 27.3 61.7 1.0090 0.00 0.0M
136560.000 1958 COM2 65 0R0 137 0.4 27.2 61.8 1.0090 0.00 0.0M
136620.000 1958 COM2 65 0R0 195 2.4 27.1 62.7 1.0090 0.00 0.0M
136680.000 1958 COM2 65 0R0 125 2.4 27.2 63.2 1.0090 0.00 0.0M
136740.000 1958 COM2 65 0R0 114 1.5 27.0 61.5 1.0090 0.00 0.0M
136800.000 1958 COM2 65 0R0 111 1.5 26.9 61.0 1.0091 0.00 0.0M
136860.000 1958 COM2 65 0R0 097 1.6 26.9 61.3 1.0090 0.00 0.0M
136920.000 1958 COM2 65 0R0 128 2.0 27.1 61.3 1.0090 0.00 0.0M
136980.000 1958 COM2 65 0R0 113 2.6 27.1 60.3 1.0090 0.00 0.0M
137040.000 1958 COM2 65 0R0 116 2.3 27.1 60.3 1.0090 0.00 0.0M
137100.000 1958 COM2 65 0R0 146 1.6 26.9 60.8 1.0090 0.00 0.0M
137160.000 1958 COM2 65 0R0 145 1.8 26.9 60.6 1.0090 0.00 0.0M
137220.100 1958 COM2 65 0R0 130 2.6 27.0 60.5 1.0090 0.00 0.0M
137280.100 1958 COM2 65 0R0 140 2.0 27.2 60.1 1.0090 0.00 0.0M
137340.000 1958 COM2 65 0R0 106 1.8 27.3 60.7 1.0090 0.00 0.0M
137400.000 1958 COM2 65 0R0 159 1.2 27.3 61.0 1.0090 0.00 0.0M
137460.000 1958 COM2 65 0R0 180 0.4 27.2 61.0 1.0090 0.00 0.0M
137520.000 1958 COM2 65 0R0 167 0.9 27.2 61.3 1.0090 0.00 0.0M
137580.000 1958 COM2 65 0R0 203 2.5 27.2 60.9 1.0090 0.00 0.0M
137640.000 1958 COM2 65 0R0 201 1.8 27.1 61.1 1.0090 0.00 0.0M
137700.000 1958 COM2 65 0R0 206 0.9 26.9 61.2 1.0090 0.00 0.0M
137760.000 1958 COM2 65 0R0 197 2.0 26.8 62.1 1.0090 0.00 0.0M
137820.000 1958 COM2 65 0R0 203 1.9 26.9 61.8 1.0090 0.00 0.0M
137880.000 1958 COM2 65 0R0 158 3.0 27.0 61.9 1.0090 0.00 0.0M
137940.000 1958 COM2 65 0R0 150 1.9 27.1 59.8 1.0090 0.00 0.0M
138000.000 1958 COM2 65 0R0 138 1.8 27.2 59.7 1.0090 0.00 0.0M
138060.000 1958 COM2 65 0R0 136 1.6 27.5 58.7 1.0091 0.00 0.0M
138120.000 1958 COM2 65 0R0 181 2.6 27.7 58.1 1.0090 0.00 0.0M
138180.000 1958 COM2 65 0R0 188 2.8 27.8 58.3 1.0090 0.00 0.0M
138240.000 1958 COM2 65 0R0 244 1.8 27.6 58.3 1.0090 0.00 0.0M
138300.000 1958 COM2 65 0R0 186 3.6 27.3 58.7 1.0090 0.00 0.0M
138360.000 1958 COM2 65 0R0 162 2.9 27.0 60.6 1.0090 0.00 0.0M
138420.000 1958 COM2 65 0R0 187 2.9 26.8 58.8 1.0090 0.00 0.0M
138480.000 1958 COM2 65 0R0 131 1.7 26.8 57.7 1.0090 0.00 0.0M
138540.000 1958 COM2 65 0R0 139 1.0 26.7 58.5 1.0090 0.00 0.0M
138600.000 1958 COM2 65 0R0 131 1.5 26.9 58.5 1.0090 0.00 0.0M
138660.000 1958 COM2 65 0R0 115 0.6 27.2 58.2 1.0090 0.00 0.0M
138720.000 1958 COM2 65 0R0 160 1.3 27.5 57.4 1.0090 0.00 0.0M
138780.100 1958 COM2 65 0R0 176 1.9 27.7 57.0 1.0090 0.00 0.0M
138840.000 1958 COM2 65 0R0 227 2.9 27.8 57.5 1.0090 0.00 0.0M
138900.000 1958 COM2 65 0R0 201 0.3 27.7 57.9 1.0090 0.00 0.0M
138960.000 1958 COM2 65 0R0 120 1.2 27.4 58.7 1.0090 0.00 0.0M
139020.000 1958 COM2 65 0R0 191 2.1 27.4 59.3 1.0090 0.00 0.0M
139080.000 1958 COM2 65 0R0 124 1.4 27.7 57.8 1.0090 0.00 0.0M
139140.000 1958 COM2 65 0R0 149 1.1 27.7 55.3 1.0090 0.00 0.0M
139200.000 1958 COM2 65 0R0 121 0.6 27.9 54.5 1.0091 0.00 0.0M
139260.000 1958 COM2 65 0R0 124 0.8 28.1 54.0 1.0091 0.00 0.0M
139320.000 1958 COM2 65 0R0 106 2.3 28.1 54.3 1.0091 0.00 0.0M
139380.000 1958 COM2 65 0R0 089 1.8 28.3 52.9 1.0091 0.00 0.0M
139440.000 1958 COM2 65 0R0 125 1.4 28.3 52.7 1.0091 0.00 0.0M
139500.000 1958 COM2 65 0R0 131 2.3 28.2 53.0 1.0091 0.00 0.0M
139560.000 1958 COM2 65 0R0 131 0.9 28.2 53.7 1.0091 0.00 0.0M
139620.000 1958 COM2 65 0R0 203 2.1 28.3 52.9 1.0091 0.00 0.0M
139680.000 1958 COM2 65 0R0 159 3.0 28.4 52.1 1.0091 0.00 0.0M
139740.000 1958 COM2 65 0R0 200 2.5 28.2 53.8 1.0091 0.00 0.0M
139800.000 1958 COM2 65 0R0 176 1.0 28.2 54.0 1.0091 0.00 0.0M
139860.000 1958 COM2 65 0R0 123 0.9 28.2 53.7 1.0091 0.00 0.0M
139920.000 1958 COM2 65 0R0 132 1.3 28.2 53.7 1.0091 0.00 0.0M
139980.000 1958 COM2 65 0R0 126 0.4 28.3 52.4 1.0091 0.00 0.0M
140040.000 1958 COM2 65 0R0 168 1.9 28.4 52.7 1.0091 0.00 0.0M
140100.000 1958 COM2 65 0R0 141 1.1 28.4 53.4 1.0091 0.00 0.0M
140160.000 1958 COM2 65 0R0 126 0.9 28.3 53.8 1.0091 0.00 0.0M
140220.000 1958 COM2 65 0R0 137 1.0 28.6 52.9 1.0091 0.00 0.0M
140280.000 1958 COM2 65 0R0 173 2.2 28.8 51.6 1.0091 0.00 0.0M
140340.000 1958 COM2 65 0R0 166 3.9 28.8 51.8 1.0091 0.00 0.0M
140400.000 1958 COM2 65 0R0 137 3.3 28.5 53.2 1.0090 0.00 0.0M
140460.000 1958 COM2 65 0R0 135 3.3 28.1 54.4 1.0090 0.00 0.0M
140520.000 1958 COM2 65 0R0 085 0.8 28.2 54.4 1.0090 0.00 0.0M
140580.000 1958 COM2 65 0R0 110 1.5 28.4 53.9 1.0090 0.00 0.0M
140640.000 1958 COM2 65 0R0 106 2.1 28.6 53.2 1.0090 0.00 0.0M
140700.000 1958 COM2 65 0R0 117 1.9 28.5 53.3 1.0090 0.00 0.0M
140760.000 1958 COM2 65 0R0 102 0.5 28.4 53.3 1.0090 0.00 0.0M
140820.000 1958 COM2 65 0R0 097 1.9 28.3 53.4 1.0091 0.00 0.0M
140880.000 1958 COM2 65 0R0 100 1.2 28.5 52.8 1.0091 0.00 0.0M
140940.000 1958 COM2 65 0R0 113 0.6 28.7 52.1 1.0091 0.00 0.0M
141000.000 1958 COM2 65 0R0 115 0.5 28.7 53.6 1.0090 0.00 0.0M
141060.000 1958 COM2 65 0R0 248 0.5 28.8 52.9 1.0090 0.00 0.0M
141120.000 1958 COM2 65 0R0 207 0.2 28.9 52.5 1.0090 0.00 0.0M
141180.000 1958 COM2 65 0R0 316 0.4 29.0 53.2 1.0090 0.00 0.0M
141240.000 1958 COM2 65 0R0 184 1.8 29.2 52.1 1.0091 0.00 0.0M
141300.000 1958 COM2 65 0R0 160 2.9 29.5 51.8 1.0091 0.00 0.0M
141360.000 1958 COM2 65 0R0 129 0.5 29.6 50.4 1.0091 0.00 0.0M
141420.000 1958 COM2 65 0R0 155 1.2 29.6 50.4 1.0091 0.00 0.0M
141480.000 1958 COM2 65 0R0 112 2.0 29.5 50.4 1.0091 0.00 0.0M
141540.000 1958 COM2 65 0R0 198 1.4 29.4 49.5 1.0091 0.00 0.0M
141600.000 1958 COM2 65 0R0 150 0.4 29.3 50.5 1.0091 0.00 0.0M
141660.000 1958 COM2 65 0R0 241 0.8 29.2 50.3 1.0090 0.00 0.0M
141720.000 1958 COM2 65 0R0 202 2.3 29.3 51.0 1.0090 0.00 0.0M
141780.000 1958 COM2 65 0R0 252 1.6 29.6 50.4 1.0090 0.00 0.0M
141840.000 1958 COM2 65 0R0 049 0.3 29.6 49.1 1.0090 0.00 0.0M
141900.000 1958 COM2 65 0R0 267 1.0 29.4 50.0 1.0090 0.00 0.0M
141960.000 1958 COM2 65 0R0 277 1.2 29.3 50.4 1.0090 0.00 0.0M
142020.000 1958 COM2 65 0R0 121 0.3 29.5 50.2 1.0090 0.00 0.0M
142080.000 1958 COM2 65 0R0 101 0.6 29.6 50.0 1.0090 0.00 0.0M
142140.000 1958 COM2 65 0R0 122 0.8 29.8 50.3 1.0090 0.00 0.0M
142200.000 1958 COM2 65 0R0 092 1.0 29.9 50.3 1.0089 0.00 0.0M
142260.000 1958 COM2 65 0R0 128 1.7 29.8 50.4 1.0089 0.00 0.0M
142320.000 1958 COM2 65 0R0 190 4.3 29.9 49.8 1.0089 0.00 0.0M
142380.000 1958 COM2 65 0R0 176 3.9 29.8 49.4 1.0089 0.00 0.0M
142440.000 1958 COM2 65 0R0 149 2.5 29.0 51.8 1.0089 0.00 0.0M
142500.000 1958 COM2 65 0R0 188 1.4 28.6 52.4 1.0090 0.00 0.0M
142560.000 1958 COM2 65 0R0 109 2.1 28.4 53.1 1.0089 0.00 0.0M
142620.000 1958 COM2 65 0R0 065 0.6 28.5 53.2 1.0090 0.00 0.0M
142680.000 1958 COM2 65 0R0 162 2.4 28.5 51.9 1.0090 0.00 0.0M
142740.000 1958 COM2 65 0R0 159 3.2 28.3 52.2 1.0090 0.00 0.0M
142800.000 1958 COM2 65 0R0 110 1.5 28.3 52.8 1.0089 0.00 0.0M
142860.000 1958 COM2 65 0R0 091 1.1 28.2 52.7 1.0089 0.00 0.0M
142920.000 1958 COM2 65 0R0 135 2.3 28.2 53.3 1.0089 0.00 0.0M
142980.000 1958 COM2 65 0R0 149 1.9 28.4 52.8 1.0089 0.00 0.0M
143040.000 1958 COM2 65 0R0 133 1.8 28.7 52.3 1.0089 0.00 0.0M
143100.000 1958 COM2 65 0R0 134 1.3 28.9 51.4 1.0089 0.00 0.0M
143160.000 1958 COM2 65 0R0 107 1.0 29.0 51.3 1.0089 0.00 0.0M
143220.000 1958 COM2 65 0R0 145 0.7 29.2 51.2 1.0089 0.00 0.0M
143280.000 1958 COM2 65 0R0 048 0.2 29.3 50.4 1.0089 0.00 0.0M
143340.000 1958 COM2 65 0R0 204 0.5 29.2 50.6 1.0089 0.00 0.0M
143400.000 1958 COM2 65 0R0 114 0.9 29.2 50.7 1.0089 0.00 0.0M
143460.000 1958 COM2 65 0R0 124 0.4 29.3 50.7 1.0089 0.00 0.0M
143520.000 1958 COM2 65 0R0 112 0.4 29.4 50.3 1.0089 0.00 0.0M
143580.000 1958 COM2 65 0R0 155 1.7 29.3 51.3 1.0088 0.00 0.0M
143640.000 1958 COM2 65 0R0 205 1.4 29.1 51.7 1.0088 0.00 0.0M
143700.100 1958 COM2 65 0R0 166 2.5 29.2 51.6 1.0088 0.00 0.0M
143760.000 1958 COM2 65 0R0 146 0.7 29.2 51.5 1.0088 0.00 0.0M
143820.100 1958 COM2 65 0R0 206 2.2 29.2 51.3 1.0088 0.00 0.0M
143880.000 1958 COM2 65 0R0 230 2.6 29.3 51.6 1.0088 0.00 0.0M
143940.100 1958 COM2 65 0R0 272 2.4 29.3 51.9 1.0088 0.00 0.0M
144000.100 1958 COM2 65 0R0 267 1.7 29.1 51.8 1.0088 0.00 0.0M
144060.100 1958 COM2 65 0R0 171 1.6 29.0 50.8 1.0088 0.00 0.0M
144120.100 1958 COM2 65 0R0 356 0.4 29.0 51.3 1.0089 0.00 0.0M
144180.100 1958 COM2 65 0R0 224 0.6 29.0 50.8 1.0089 0.00 0.0M
144240.100 1958 COM2 65 0R0 233 1.0 29.0 50.4 1.0089 0.00 0.0M
144300.100 1958 COM2 65 0R0 282 0.7 29.0 50.5 1.0089 0.00 0.0M
144360.100 1958 COM2 65 0R0 259 0.3 29.0 50.9 1.0089 0.00 0.0M
144420.100 1958 COM2 65 0R0 065 0.5 29.0 50.2 1.0089 0.00 0.0M
144480.100 1958 COM2 65 0R0 147 0.2 29.1 50.3 1.0089 0.00 0.0M
144540.100 1958 COM2 65 0R0 352 0.2 29.1 50.4 1.0089 0.00 0.0M
144600.100 1958 COM2 65 0R0 002 0.4 29.2 50.0 1.0089 0.00 0.0M
144660.100 1958 COM2 65 0R0 203 0.5 29.4 49.8 1.0089 0.00 0.0M
144720.100 1958 COM2 65 0R0 186 0.2 29.4 49.8 1.0089 0.00 0.0M
144780.100 1958 COM2 65 0R0 232 0.1 29.5 49.6 1.0089 0.00 0.0M
144840.100 1958 COM2 65 0R0 244 0.8 29.7 49.1 1.0088 0.00 0.0M
144900.100 1958 COM2 65 0R0 220 0.6 29.8 49.6 1.0088 0.00 0.0M
144960.100 1958 COM2 65 0R0 012 0.3 30.0 49.2 1.0088 0.00 0.0M
145020.100 1958 COM2 65 0R0 155 1.1 30.2 48.3 1.0088 0.00 0.0M
145080.100 1958 COM2 65 0R0 099 1.5 30.2 47.3 1.0088 0.00 0.0M
145140.100 1958 COM2 65 0R0 084 0.7 30.2 47.6 1.0088 0.00 0.0M
145200.100 1958 COM2 65 0R0 128 0.4 30.0 47.9 1.0089 0.00 0.0M
145260.100 1958 COM2 65 0R0 166 1.2 29.8 48.7 1.0088 0.00 0.0M
145320.100 1958 COM2 65 0R0 186 3.0 29.8 49.0 1.0089 0.00 0.0M
145380.100 1958 COM2 65 0R0 133 1.6 29.8 48.5 1.0089 0.00 0.0M
145440.100 1958 COM2 65 0R0 142 2.0 29.5 48.8 1.0089 0.00 0.0M
145500.100 1958 COM2 65 0R0 152 2.2 29.4 49.1 1.0089 0.00 0.0M
145560.000 1958 COM2 65 0R0 103 1.8 29.3 49.9 1.0089 0.00 0.0M
145620.100 1958 COM2 65 0R0 085 2.0 29.3 50.3 1.0089 0.00 0.0M
145680.100 1958 COM2 65 0R0 187 1.0 29.2 49.7 1.0089 0.00 0.0M
145740.100 1958 COM2 65 0R0 122 1.4 29.1 50.9 1.0089 0.00 0.0M
145800.100 1958 COM2 65 0R0 329 0.3 29.2 50.6 1.0089 0.00 0.0M
145860.000 1958 COM2 65 0R0 233 0.5 29.3 50.8 1.0089 0.00 0.0M
145920.100 1958 COM2 65 0R0 097 0.8 29.5 50.6 1.0088 0.00 0.0M
145980.100 1958 COM2 65 0R0 270 1.5 29.7 50.8 1.0088 0.00 0.0M
146040.000 1958 COM2 65 0R0 265 0.9 29.8 50.3 1.0088 0.00 0.0M
146100.100 1958 COM2 65 0R0 206 0.6 29.8 50.1 1.0088 0.00 0.0M
146160.100 1958 COM2 65 0R0 109 0.7 29.8 50.4 1.0088 0.00 0.0M
146220.000 1958 COM2 65 0R0 137 2.7 29.8 50.6 1.0088 0.00 0.0M
146280.000 1958 COM2 65 0R0 102 1.1 29.9 49.5 1.0087 0.00 0.0M
146340.100 1958 COM2 65 0R0 106 1.5 29.7 50.3 1.0088 0.00 0.0M
146400.000 1958 COM2 65 0R0 132 0.9 29.7 49.3 1.0087 0.00 0.0M
146460.000 1958 COM2 65 0R0 145 0.9 29.6 49.9 1.0087 0.00 0.0M
146520.000 1958 COM2 65 0R0 117 0.7 29.4 50.3 1.0087 0.00 0.0M
146580.100 1958 COM2 65 0R0 129 1.4 29.5 50.5 1.0087 0.00 0.0M
146640.000 1958 COM2 65 0R0 145 2.5 29.6 49.6 1.0087 0.00 0.0M
146700.000 1958 COM2 65 0R0 127 1.5 29.6 50.2 1.0087 0.00 0.0M
146760.100 1958 COM2 65 0R0 121 1.5 29.4 50.4 1.0087 0.00 0.0M
146820.100 1958 COM2 65 0R0 205 2.4 29.3 50.9 1.0087 0.00 0.0M
146880.100 1958 COM2 65 0R0 142 2.7 29.1 50.6 1.0087 0.00 0.0M
146940.100 1958 COM2 65 0R0 200 3.2 28.8 52.1 1.0087 0.00 0.0M
147000.000 1958 COM2 65 0R0 171 4.7 28.7 52.8 1.0087 0.00 0.0M
147060.000 1958 COM2 65 0R0 173 3.1 28.5 52.5 1.0087 0.00 0.0M
147120.000 1958 COM2 65 0R0 158 1.0 28.4 53.1 1.0087 0.00 0.0M
147180.000 1958 COM2 65 0R0 142 1.2 28.4 53.7 1.0086 0.00 0.0M
147240.000 1958 COM2 65 0R0 135 1.0 28.6 53.7 1.0086 0.00 0.0M
147300.000 1958 COM2 65 0R0 136 1.0 28.8 52.0 1.0086 0.00 0.0M
147360.000 1958 COM2 65 0R0 136 1.7 29.1 52.0 1.0086 0.00 0.0M
147420.000 1958 COM2 65 0R0 151 1.6 29.4 50.9 1.0086 0.00 0.0M
147480.000 1958 COM2 65 0R0 141 1.6 29.6 49.7 1.0085 0.00 0.0M
147540.000 1958 COM2 65 0R0 128 3.9 29.7 49.5 1.0085 0.00 0.0M
147600.000 1958 COM2 65 0R0 131 2.8 29.7 49.6 1.0085 0.00 0.0M
147660.000 1958 COM2 65 0R0 086 1.5 29.7 50.1 1.0085 0.00 0.0M
147720.000 1958 COM2 65 0R0 098 1.5 29.6 50.5 1.0085 0.00 0.0M
147780.000 1958 COM2 65 0R0 087 4.2 29.5 50.2 1.0085 0.00 0.0M
147840.000 1958 COM2 65 0R0 144 3.6 29.5 50.1 1.0085 0.00 0.0M
147900.000 1958 COM2 65 0R0 121 1.8 29.5 50.2 1.0085 0.00 0.0M
147960.000 1958 COM2 65 0R0 172 2.3 29.6 49.6 1.0085 0.00 0.0M
148020.000 1958 COM2 65 0R0 084 1.4 29.6 49.8 1.0085 0.00 0.0M
148080.000 1958 COM2 65 0R0 154 0.9 29.6 49.6 1.0085 0.00 0.0M
148140.000 1958 COM2 65 0R0 108 2.5 29.5 49.7 1.0085 0.00 0.0M
148200.000 1958 COM2 65 0R0 113 2.2 29.4 49.8 1.0085 0.00 0.0M
148260.000 1958 COM2 65 0R0 098 1.8 29.2 50.3 1.0085 0.00 0.0M
148320.000 1958 COM2 65 0R0 128 2.0 28.9 50.7 1.0085 0.00 0.0M
148380.000 1958 COM2 65 0R0 125 3.0 28.8 52.3 1.0085 0.00 0.0M
148440.000 1958 COM2 65 0R0 216 1.3 29.1 51.9 1.0085 0.00 0.0M
148500.000 1958 COM2 65 0R0 117 1.6 29.2 52.5 1.0085 0.00 0.0M
148560.000 1958 COM2 65 0R0 192 1.6 29.3 52.4 1.0085 0.00 0.0M
148620.000 1958 COM2 65 0R0 155 3.9 29.5 51.9 1.0085 0.00 0.0M
148680.000 1958 COM2 65 0R0 138 1.1 29.6 51.8 1.0085 0.00 0.0M
148740.000 1958 COM2 65 0R0 083 1.2 29.5 52.7 1.0085 0.00 0.0M
148800.000 1958 COM2 65 0R0 148 0.5 29.5 51.5 1.0085 0.00 0.0M
148860.000 1958 COM2 65 0R0 132 2.0 29.6 51.1 1.0084 0.00 0.0M
148920.000 1958 COM2 65 0R0 146 2.4 29.8 51.4 1.0084 0.00 0.0M
148980.000 1958 COM2 65 0R0 115 2.7 29.9 50.8 1.0084 0.00 0.0M
149040.000 1958 COM2 65 0R0 104 3.2 29.7 50.9 1.0084 0.00 0.0M
149100.000 1958 COM2 65 0R0 100 2.7 29.5 51.4 1.0083 0.00 0.0M
149160.000 1958 COM2 65 0R0 116 1.8 29.3 52.0 1.0083 0.00 0.0M
149220.000 1958 COM2 65 0R0 135 2.7 29.1 52.2 1.0083 0.00 0.0M
149280.000 1958 COM2 65 0R0 127 2.0 29.0 52.7 1.0083 0.00 0.0M
149340.000 1958 COM2 65 0R0 091 1.9 29.0 53.0 1.0083 0.00 0.0M
149400.000 1958 COM2 65 0R0 173 1.7 29.1 53.0 1.0083 0.00 0.0M
149460.000 1958 COM2 65 0R0 135 1.5 29.2 52.1 1.0083 0.00 0.0M
149520.000 1958 COM2 65 0R0 146 2.0 29.4 52.2 1.0083 0.00 0.0M
149580.000 1958 COM2 65 0R0 136 2.0 29.5 50.1 1.0083 0.00 0.0M
149640.000 1958 COM2 65 0R0 101 1.1 29.5 50.9 1.0082 0.00 0.0M
149700.000 1958 COM2 65 0R0 143 1.3 29.5 50.9 1.0082 0.00 0.0M
149760.000 1958 COM2 65 0R0 167 1.1 29.5 50.0 1.0082 0.00 0.0M
149820.000 1958 COM2 65 0R0 230 1.2 29.6 50.5 1.0082 0.00 0.0M
149880.000 1958 COM2 65 0R0 133 3.5 29.8 50.6 1.0082 0.00 0.0M
149940.000 1958 COM2 65 0R0 170 1.3 29.8 49.9 1.0081 0.00 0.0M
150000.000 1958 COM2 65 0R0 143 3.1 29.9 48.1 1.0081 0.00 0.0M
150060.000 1958 COM2 65 0R0 131 2.4 29.8 50.2 1.0081 0.00 0.0M
150120.000 1958 COM2 65 0R0 132 2.5 29.8 50.5 1.0081 0.00 0.0M
150180.000 1958 COM2 65 0R0 110 2.5 29.8 50.3 1.0081 0.00 0.0M
150240.000 1958 COM2 65 0R0 145 1.3 29.9 49.1 1.0082 0.00 0.0M
150300.000 1958 COM2 65 0R0 115 0.9 29.9 48.1 1.0082 0.00 0.0M
150360.000 1958 COM2 65 0R0 096 1.4 29.9 48.0 1.0081 0.00 0.0M
150420.000 1958 COM2 65 0R0 145 3.1 29.9 47.3 1.0081 0.00 0.0M
150480.000 1958 COM2 65 0R0 165 2.1 29.9 49.0 1.0080 0.00 0.0M
150540.000 1958 COM2 65 0R0 126 0.8 30.0 50.1 1.0080 0.00 0.0M
150600.000 1958 COM2 65 0R0 167 4.0 30.0 50.6 1.0080 0.00 0.0M
150660.000 1958 COM2 65 0R0 119 4.3 30.1 49.2 1.0080 0.00 0.0M
150720.000 1958 COM2 65 0R0 142 2.9 29.9 49.7 1.0079 0.00 0.0M
150780.000 1958 COM2 65 0R0 134 2.3 29.6 49.7 1.0079 0.00 0.0M
150840.000 1958 COM2 65 0R0 192 4.5 29.6 49.7 1.0079 0.00 0.0M
150900.000 1958 COM2 65 0R0 162 3.0 29.5 51.5 1.0079 0.00 0.0M
150960.000 1958 COM2 65 0R0 104 1.3 29.4 51.9 1.0079 0.00 0.0M
151020.000 1958 COM2 65 0R0 185 4.2 29.4 52.0 1.0079 0.00 0.0M
151080.000 1958 COM2 65 0R0 178 4.5 29.7 49.6 1.0080 0.00 0.0M
151140.000 1958 COM2 65 0R0 187 6.7 29.6 50.7 1.0079 0.00 0.0M
151200.000 1958 COM2 65 0R0 177 3.7 29.3 51.6 1.0079 0.00 0.0M
151260.000 1958 COM2 65 0R0 120 1.1 29.2 52.5 1.0080 0.00 0.0M
151320.000 1958 COM2 65 0R0 103 2.3 29.4 52.5 1.0080 0.00 0.0M
151380.000 1958 COM2 65 0R0 118 3.2 29.7 52.5 1.0080 0.00 0.0M
151440.000 1958 COM2 65 0R0 130 4.1 29.8 50.4 1.0080 0.00 0.0M
151500.000 1958 COM2 65 0R0 142 4.7 29.8 49.9 1.0080 0.00 0.0M
151560.000 1958 COM2 65 0R0 130 4.6 29.6 50.4 1.0080 0.00 0.0M
151620.000 1958 COM2 65 0R0 144 2.3 29.3 50.9 1.0080 0.00 0.0M
151680.000 1958 COM2 65 0R0 232 0.3 29.3 51.2 1.0080 0.00 0.0M
151740.000 1958 COM2 65 0R0 112 4.2 29.3 51.2 1.0080 0.00 0.0M
151800.000 1958 COM2 65 0R0 106 4.5 29.4 50.9 1.0080 0.00 0.0M
151860.000 1958 COM2 65 0R0 102 3.1 29.4 49.6 1.0080 0.00 0.0M
151920.000 1958 COM2 65 0R0 079 1.9 29.3 50.5 1.0080 0.00 0.0M
151980.000 1958 COM2 65 0R0 197 0.9 29.0 51.3 1.0079 0.00 0.0M
152040.000 1958 COM2 65 0R0 114 1.1 29.0 52.1 1.0079 0.00 0.0M
152100.000 1958 COM2 65 0R0 178 2.4 29.0 52.3 1.0079 0.00 0.0M
152160.000 1958 COM2 65 0R0 235 1.1 29.2 51.5 1.0079 0.00 0.0M
152220.000 1958 COM2 65 0R0 139 1.5 29.2 51.2 1.0079 0.00 0.0M
152280.000 1958 COM2 65 0R0 178 1.6 29.3 51.2 1.0079 0.00 0.0M
152340.000 1958 COM2 65 0R0 144 1.4 29.4 50.3 1.0079 0.00 0.0M
152400.000 1958 COM2 65 0R0 221 2.6 29.5 50.1 1.0079 0.00 0.0M
152460.000 1958 COM2 65 0R0 132 1.4 29.6 50.0 1.0079 0.00 0.0M
152520.000 1958 COM2 65 0R0 133 1.7 29.7 50.5 1.0079 0.00 0.0M
152580.000 1958 COM2 65 0R0 207 3.1 29.9 49.8 1.0078 0.00 0.0M
152640.000 1958 COM2 65 0R0 123 1.5 30.1 49.6 1.0078 0.00 0.0M
152700.000 1958 COM2 65 0R0 135 1.4 30.1 49.6 1.0079 0.00 0.0M
152760.000 1958 COM2 65 0R0 109 3.8 30.2 48.8 1.0078 0.00 0.0M
152820.000 1958 COM2 65 0R0 103 2.3 30.2 48.1 1.0078 0.00 0.0M
152880.000 1958 COM2 65 0R0 150 1.9 30.1 48.3 1.0078 0.00 0.0M
152940.000 1958 COM2 65 0R0 213 2.5 30.1 48.0 1.0078 0.00 0.0M
153000.000 1958 COM2 65 0R0 191 3.9 30.1 48.2 1.0078 0.00 0.0M
153060.000 1958 COM2 65 0R0 149 2.5 30.1 47.3 1.0078 0.00 0.0M
153120.000 1958 COM2 65 0R0 207 2.1 30.0 48.2 1.0078 0.00 0.0M
153180.000 1958 COM2 65 0R0 181 3.9 29.9 48.3 1.0078 0.00 0.0M
153240.000 1958 COM2 65 0R0 137 1.0 29.9 47.3 1.0078 0.00 0.0M
153300.000 1958 COM2 65 0R0 126 1.4 29.7 48.1 1.0078 0.00 0.0M
153360.000 1958 COM2 65 0R0 160 1.4 29.8 47.6 1.0078 0.00 0.0M
153420.000 1958 COM2 65 0R0 148 2.0 30.0 48.2 1.0078 0.00 0.0M
153480.000 1958 COM2 65 0R0 172 1.3 30.1 47.8 1.0078 0.00 0.0M
153540.000 1958 COM2 65 0R0 162 0.5 30.1 48.2 1.0079 0.00 0.0M
153600.000 1958 COM2 65 0R0 082 2.4 30.3 47.9 1.0079 0.00 0.0M
153660.000 1958 COM2 65 0R0 175 1.2 30.5 46.5 1.0079 0.00 0.0M
153720.000 1958 COM2 65 0R0 201 2.4 30.6 46.6 1.0079 0.00 0.0M
153780.000 1958 COM2 65 0R0 145 2.2 30.6 47.1 1.0078 0.00 0.0M
153840.000 1958 COM2 65 0R0 104 1.8 30.6 47.1 1.0078 0.00 0.0M
153900.000 1958 COM2 65 0R0 099 2.5 30.6 46.5 1.0078 0.00 0.0M
153960.000 1958 COM2 65 0R0 120 2.1 30.7 45.5 1.0078 0.00 0.0M
154020.000 1958 COM2 65 0R0 103 0.6 30.5 45.6 1.0078 0.00 0.0M
154080.000 1958 COM2 65 0R0 116 2.2 30.6 46.3 1.0078 0.00 0.0M
154140.000 1958 COM2 65 0R0 141 2.3 30.7 45.1 1.0078 0.00 0.0M
154200.000 1958 COM2 65 0R0 124 3.0 30.8 43.9 1.0079 0.00 0.0M
154260.000 1958 COM2 65 0R0 127 0.6 30.8 44.0 1.0079 0.00 0.0M
154320.000 1958 COM2 65 0R0 103 2.9 30.6 44.2 1.0079 0.00 0.0M
154380.000 1958 COM2 65 0R0 117 1.0 30.7 43.9 1.0079 0.00 0.0M
154440.000 1958 COM2 65 0R0 123 1.1 30.6 44.1 1.0079 0.00 0.0M
154500.000 1958 COM2 65 0R0 091 1.7 30.4 43.5 1.0079 0.00 0.0M
154560.000 1958 COM2 65 0R0 090 2.3 30.2 44.0 1.0078 0.00 0.0M
154620.000 1958 COM2 65 0R0 081 2.2 29.9 45.0 1.0078 0.00 0.0M
154680.000 1958 COM2 65 0R0 115 1.9 29.8 45.4 1.0078 0.00 0.0M
154740.000 1958 COM2 65 0R0 091 1.8 29.7 46.3 1.0078 0.00 0.0M
154800.000 1958 COM2 65 0R0 212 2.1 29.7 46.5 1.0078 0.00 0.0M
154860.000 1958 COM2 65 0R0 192 1.3 29.9 47.0 1.0078 0.00 0.0M
154920.000 1958 COM2 65 0R0 146 0.4 29.9 47.3 1.0078 0.00 0.0M
154980.000 1958 COM2 65 0R0 095 1.5 30.1 47.5 1.0078 0.00 0.0M
155040.000 1958 COM2 65 0R0 134 0.6 30.3 46.1 1.0077 0.00 0.0M
155100.000 1958 COM2 65 0R0 181 4.0 30.4 47.0 1.0077 0.00 0.0M
155160.000 1958 COM2 65 0R0 120 0.7 30.6 46.4 1.0077 0.00 0.0M
155220.000 1958 COM2 65 0R0 094 1.7 30.6 46.8 1.0077 0.00 0.0M
155280.000 1958 COM2 65 0R0 134 1.2 30.8 46.4 1.0077 0.00 0.0M
155340.000 1958 COM2 65 0R0 153 1.5 31.1 45.5 1.0077 0.00 0.0M
155400.000 1958 COM2 65 0R0 169 0.8 31.2 45.0 1.0078 0.00 0.0M
155460.000 1958 COM2 65 0R0 101 0.9 31.5 44.4 1.0077 0.00 0.0M
155520.000 1958 COM2 65 0R0 113 4.0 31.7 43.9 1.0077 0.00 0.0M
155580.000 1958 COM2 65 0R0 123 1.7 31.8 41.9 1.0077 0.00 0.0M
155640.000 1958 COM2 65 0R0 190 3.5 31.4 42.5 1.0077 0.00 0.0M
155700.000 1958 COM2 65 0R0 115 2.9 31.0 42.8 1.0077 0.00 0.0M
155760.000 1958 COM2 65 0R0 159 2.1 30.8 43.9 1.0077 0.00 0.0M
155820.000 1958 COM2 65 0R0 169 5.7 30.8 44.5 1.0077 0.00 0.0M
155880.000 1958 COM2 65 0R0 159 2.6 30.7 42.4 1.0077 0.00 0.0M
155940.000 1958 COM2 65 0R0 208 2.2 30.4 44.0 1.0077 0.00 0.0M
156000.000 1958 COM2 65 0R0 133 1.8 30.1 45.6 1.0077 0.00 0.0M
156060.000 1958 COM2 65 0R0 107 1.7 30.0 46.1 1.0077 0.00 0.0M
156120.000 1958 COM2 65 0R0 171 3.4 30.1 46.4 1.0077 0.00 0.0M
156180.000 1958 COM2 65 0R0 174 3.8 30.1 46.3 1.0077 0.00 0.0M
156240.000 1958 COM2 65 0R0 094 2.3 30.0 46.4 1.0077 0.00 0.0M
156300.000 1958 COM2 65 0R0 148 2.2 29.9 47.6 1.0077 0.00 0.0M
156360.000 1958 COM2 65 0R0 152 3.7 29.9 47.3 1.0076 0.00 0.0M
156420.000 1958 COM2 65 0R0 154 3.4 30.1 46.8 1.0076 0.00 0.0M
156480.000 1958 COM2 65 0R0 132 1.6 30.3 45.9 1.0077 0.00 0.0M
156540.000 1958 COM2 65 0R0 119 0.6 30.6 46.2 1.0077 0.00 0.0M
156600.000 1958 COM2 65 0R0 118 2.7 30.6 46.1 1.0077 0.00 0.0M
156660.000 1958 COM2 65 0R0 086 1.6 30.7 44.7 1.0077 0.00 0.0M
156720.000 1958 COM2 65 0R0 117 2.7 30.5 45.7 1.0077 0.00 0.0M
156780.000 1958 COM2 65 0R0 083 5.6 30.3 45.8 1.0077 0.00 0.0M
156840.000 1958 COM2 65 0R0 104 2.3 30.2 45.0 1.0077 0.00 0.0M
156900.000 1958 COM2 65 0R0 092 3.2 30.0 45.9 1.0077 0.00 0.0M
156960.000 1958 COM2 65 0R0 136 3.8 30.0 45.1 1.0077 0.00 0.0M
157020.000 1958 COM2 65 0R0 125 2.8 30.1 44.8 1.0077 0.00 0.0M
157080.000 1958 COM2 65 0R0 120 1.7 30.2 44.3 1.0077 0.00 0.0M
157140.000 1958 COM2 65 0R0 102 3.5 30.2 44.3 1.0077 0.00 0.0M
157200.000 1958 COM2 65 0R0 116 3.6 30.2 45.1 1.0077 0.00 0.0M
157260.000 1958 COM2 65 0R0 149 1.3 30.1 45.3 1.0077 0.00 0.0M
157320.000 1958 COM2 65 0R0 337 0.5 30.1 45.0 1.0077 0.00 0.0M
157380.000 1958 COM2 65 0R0 115 3.1 30.2 45.0 1.0077 0.00 0.0M
157440.000 1958 COM2 65 0R0 109 1.2 30.4 43.5 1.0076 0.00 0.0M
157500.000 1958 COM2 65 0R0 129 0.6 30.3 44.1 1.0077 0.00 0.0M
157560.000 1958 COM2 65 0R0 086 1.5 30.4 44.3 1.0076 0.00 0.0M
157620.000 1958 COM2 65 0R0 110 3.1 30.5 46.1 1.0076 0.00 0.0M
157680.000 1958 COM2 65 0R0 175 0.7 30.6 48.5 1.0076 0.00 0.0M
157740.000 1958 COM2 65 0R0 092 2.7 30.6 48.5 1.0076 0.00 0.0M
157800.000 1958 COM2 65 0R0 110 2.4 30.6 50.3 1.0076 0.00 0.0M
157860.000 1958 COM2 65 0R0 161 5.1 30.6 52.5 1.0076 0.00 0.0M
157920.000 1958 COM2 65 0R0 094 2.1 30.4 52.8 1.0075 0.00 0.0M
157980.000 1958 COM2 65 0R0 161 3.1 30.2 53.1 1.0075 0.00 0.0M
158040.000 1958 COM2 65 0R0 140 4.6 30.1 53.8 1.0075 0.00 0.0M
158100.000 1958 COM2 65 0R0 105 2.5 30.1 54.2 1.0075 0.00 0.0M
158160.000 1958 COM2 65 0R0 126 3.8 30.2 54.5 1.0075 0.00 0.0M
158220.000 1958 COM2 65 0R0 143 6.0 30.1 53.9 1.0076 0.00 0.0M
158280.000 1958 COM2 65 0R0 148 0.8 30.0 55.5 1.0075 0.00 0.0M
158340.000 1958 COM2 65 0R0 106 1.3 30.0 56.4 1.0076 0.00 0.0M
158400.000 1958 COM2 65 0R0 108 2.6 30.2 56.5 1.0076 0.00 0.0M
158460.000 1958 COM2 65 0R0 136 1.2 30.2 55.9 1.0076 0.00 0.0M
158520.000 1958 COM2 65 0R0 117 2.6 30.2 55.9 1.0076 0.00 0.0M
158580.100 1958 COM2 65 0R0 155 1.0 29.9 57.2 1.0076 0.00 0.0M
158640.000 1958 COM2 65 0R0 123 3.0 29.9 57.3 1.0076 0.00 0.0M
158700.000 1958 COM2 65 0R0 153 0.8 29.9 57.4 1.0076 0.00 0.0M
158760.000 1958 COM2 65 0R0 357 1.2 29.9 57.6 1.0076 0.00 0.0M
158820.000 1958 COM2 65 0R0 127 0.8 30.1 57.1 1.0076 0.00 0.0M
158880.100 1958 COM2 65 0R0 132 2.0 30.2 56.8 1.0077 0.00 0.0M
158940.000 1958 COM2 65 0R0 100 3.8 30.2 56.8 1.0077 0.00 0.0M
159000.000 1958 COM2 65 0R0 163 2.8 30.2 56.4 1.0077 0.00 0.0M
159060.000 1958 COM2 65 0R0 144 2.2 29.9 57.4 1.0077 0.00 0.0M
159120.000 1958 COM2 65 0R0 139 0.8 29.8 57.2 1.0077 0.00 0.0M
159180.000 1958 COM2 65 0R0 127 2.7 29.7 57.3 1.0078 0.00 0.0M
159240.100 1958 COM2 65 0R0 142 4.6 29.4 58.4 1.0077 0.00 0.0M
159300.100 1958 COM2 65 0R0 117 1.6 29.2 59.5 1.0077 0.00 0.0M
159360.100 1958 COM2 65 0R0 117 2.2 29.1 59.8 1.0077 0.00 0.0M
159420.100 1958 COM2 65 0R0 144 2.0 29.1 60.1 1.0077 0.00 0.0M
159480.100 1958 COM2 65 0R0 104 2.9 29.2 59.9 1.0077 0.00 0.0M
159540.100 1958 COM2 65 0R0 106 3.0 29.1 60.0 1.0077 0.00 0.0M
159600.100 1958 COM2 65 0R0 105 3.8 29.1 59.9 1.0076 0.00 0.0M
159660.100 1958 COM2 65 0R0 119 3.0 29.0 60.4 1.0076 0.00 0.0M
159720.100 1958 COM2 65 0R0 097 1.6 29.0 60.2 1.0076 0.00 0.0M
159780.100 1958 COM2 65 0R0 138 2.6 29.1 60.6 1.0076 0.00 0.0M
159840.100 1958 COM2 65 0R0 171 5.1 29.2 60.6 1.0075 0.00 0.0M
159900.100 1958 COM2 65 0R0 120 1.8 29.2 60.8 1.0075 0.00 0.0M
159960.100 1958 COM2 65 0R0 098 1.4 29.3 59.8 1.0076 0.00 0.0M
160020.100 1958 COM2 65 0R0 107 1.6 29.3 60.1 1.0076 0.00 0.0M
160080.100 1958 COM2 65 0R0 167 4.6 29.2 60.4 1.0075 0.00 0.0M
160140.100 1958 COM2 65 0R0 141 3.3 29.2 60.4 1.0075 0.00 0.0M
160200.100 1958 COM2 65 0R0 166 3.5 29.2 60.3 1.0075 0.00 0.0M
160260.100 1958 COM2 65 0R0 130 1.5 29.0 61.0 1.0075 0.00 0.0M
160320.100 1958 COM2 65 0R0 080 2.7 29.1 60.8 1.0076 0.00 0.0M
160380.100 1958 COM2 65 0R0 122 3.5 29.3 61.0 1.0075 0.00 0.0M
160440.100 1958 COM2 65 0R0 116 2.9 29.4 60.3 1.0075 0.00 0.0M
160500.100 1958 COM2 65 0R0 125 5.1 29.4 60.8 1.0075 0.00 0.0M
160560.100 1958 COM2 65 0R0 093 5.2 29.3 60.9 1.0075 0.00 0.0M
160620.100 1958 COM2 65 0R0 144 3.6 29.1 61.4 1.0076 0.00 0.0M
160680.100 1958 COM2 65 0R0 138 7.2 28.8 61.7 1.0075 0.00 0.0M
160740.100 1958 COM2 65 0R0 129 1.2 28.8 62.2 1.0076 0.00 0.0M
160800.100 1958 COM2 65 0R0 196 1.2 28.9 62.3 1.0076 0.00 0.0M
160860.100 1958 COM2 65 0R0 141 2.5 29.1 61.9 1.0076 0.00 0.0M
160920.100 1958 COM2 65 0R0 143 3.7 29.2 61.3 1.0076 0.00 0.0M
160980.100 1958 COM2 65 0R0 133 4.8 29.3 60.5 1.0076 0.00 0.0M
161040.100 1958 COM2 65 0R0 105 6.7 29.3 59.7 1.0076 0.00 0.0M
161100.100 1958 COM2 65 0R0 108 3.7 29.2 59.5 1.0076 0.00 0.0M
161160.100 1958 COM2 65 0R0 072 1.4 29.1 60.4 1.0076 0.00 0.0M
161220.100 1958 COM2 65 0R0 108 3.9 29.1 60.9 1.0076 0.00 0.0M
161280.100 1958 COM2 65 0R0 184 3.1 29.1 61.0 1.0076 0.00 0.0M
161340.100 1958 COM2 65 0R0 129 2.9 29.1 60.8 1.0076 0.00 0.0M
161400.100 1958 COM2 65 0R0 133 3.1 29.1 60.8 1.0076 0.00 0.0M
161460.100 1958 COM2 65 0R0 082 5.8 29.2 60.8 1.0076 0.00 0.0M
161520.100 1958 COM2 65 0R0 099 3.8 29.1 60.1 1.0076 0.00 0.0M
161580.100 1958 COM2 65 0R0 109 2.9 29.0 60.7 1.0077 0.00 0.0M
161640.000 1958 COM2 65 0R0 105 3.2 28.8 60.7 1.0077 0.00 0.0M
161700.000 1958 COM2 65 0R0 134 4.7 28.8 61.0 1.0077 0.00 0.0M
161760.100 1958 COM2 65 0R0 129 6.2 28.7 61.0 1.0077 0.00 0.0M
161820.000 1958 COM2 65 0R0 100 1.3 28.7 60.9 1.0077 0.00 0.0M
161880.000 1958 COM2 65 0R0 144 1.9 28.7 60.9 1.0076 0.00 0.0M
161940.000 1958 COM2 65 0R0 127 2.4 28.8 61.1 1.0076 0.00 0.0M
162000.100 1958 COM2 65 0R0 110 2.7 28.9 61.0 1.0076 0.00 0.0M
162060.000 1958 COM2 65 0R0 090 2.7 28.9 60.8 1.0076 0.00 0.0M
162120.000 1958 COM2 65 0R0 144 2.6 28.9 60.6 1.0076 0.00 0.0M
162180.000 1958 COM2 65 0R0 123 2.3 29.1 60.8 1.0076 0.00 0.0M
162240.000 1958 COM2 65 0R0 154 1.8 29.1 60.0 1.0077 0.00 0.0M
162300.000 1958 COM2 65 0R0 091 2.0 29.1 58.9 1.0077 0.00 0.0M
162360.000 1958 COM2 65 0R0 199 1.6 29.1 59.5 1.0077 0.00 0.0M
162420.000 1958 COM2 65 0R0 146 2.0 29.0 59.9 1.0077 0.00 0.0M
162480.000 1958 COM2 65 0R0 157 3.6 29.0 59.1 1.0077 0.00 0.0M
162540.000 1958 COM2 65 0R0 126 3.3 29.0 59.1 1.0077 0.00 0.0M
162600.000 1958 COM2 65 0R0 099 3.0 29.1 58.7 1.0077 0.00 0.0M
162660.000 1958 COM2 65 0R0 122 3.3 29.1 59.4 1.0077 0.00 0.0M
162720.000 1958 COM2 65 0R0 100 2.9 29.1 58.5 1.0077 0.00 0.0M
162780.000 1958 COM2 65 0R0 146 2.6 29.0 58.6 1.0077 0.00 0.0M
162840.000 1958 COM2 65 0R0 126 3.8 29.0 58.5 1.0077 0.00 0.0M
162900.000 1958 COM2 65 0R0 112 3.2 29.1 58.6 1.0077 0.00 0.0M
162960.000 1958 COM2 65 0R0 128 2.8 29.1 58.6 1.0078 0.00 0.0M
163020.000 1958 COM2 65 0R0 146 5.1 29.0 58.3 1.0078 0.00 0.0M
163080.000 1958 COM2 65 0R0 163 2.8 28.8 59.4 1.0078 0.00 0.0M
163140.000 1958 COM2 65 0R0 145 2.5 28.8 59.7 1.0078 0.00 0.0M
163200.000 1958 COM2 65 0R0 146 1.6 28.8 60.2 1.0078 0.00 0.0M
163260.000 1958 COM2 65 0R0 127 4.7 28.8 60.0 1.0077 0.00 0.0M
163320.000 1958 COM2 65 0R0 187 3.0 28.7 60.6 1.0078 0.00 0.0M
163380.000 1958 COM2 65 0R0 110 2.5 28.7 60.1 1.0079 0.00 0.0M
163440.000 1958 COM2 65 0R0 139 1.1 28.7 60.3 1.0079 0.00 0.0M
163500.000 1958 COM2 65 0R0 145 4.1 28.6 60.4 1.0079 0.00 0.0M
163560.000 1958 COM2 65 0R0 157 1.9 28.6 60.9 1.0079 0.00 0.0M
163620.000 1958 COM2 65 0R0 118 2.2 28.5 60.7 1.0079 0.00 0.0M
163680.000 1958 COM2 65 0R0 153 4.2 28.5 60.7 1.0078 0.00 0.0M
163740.000 1958 COM2 65 0R0 161 5.9 28.4 60.6 1.0078 0.00 0.0M
163800.000 1958 COM2 65 0R0 162 4.8 28.3 60.9 1.0078 0.00 0.0M
163860.000 1958 COM2 65 0R0 129 1.4 28.3 61.1 1.0079 0.00 0.0M
163920.000 1958 COM2 65 0R0 146 2.1 28.3 61.2 1.0079 0.00 0.0M
163980.000 1958 COM2 65 0R0 149 3.0 28.3 61.3 1.0079 0.00 0.0M
164040.000 1958 COM2 65 0R0 120 3.5 28.3 60.4 1.0079 0.00 0.0M
164100.000 1958 COM2 65 0R0 071 0.8 28.4 60.5 1.0080 0.00 0.0M
164160.000 1958 COM2 65 0R0 148 1.9 28.4 60.8 1.0079 0.00 0.0M
164220.000 1958 COM2 65 0R0 135 2.1 28.4 60.4 1.0079 0.00 0.0M
164280.000 1958 COM2 65 0R0 113 0.8 28.3 60.4 1.0079 0.00 0.0M
164340.000 1958 COM2 65 0R0 097 1.4 28.4 60.3 1.0080 0.00 0.0M
164400.000 1958 COM2 65 0R0 131 1.6 28.4 60.0 1.0079 0.00 0.0M
164460.000 1958 COM2 65 0R0 118 3.0 28.5 60.0 1.0080 0.00 0.0M
164520.000 1958 COM2 65 0R0 149 2.1 28.5 60.2 1.0080 0.00 0.0M
164580.000 1958 COM2 65 0R0 146 0.4 28.5 60.2 1.0080 0.00 0.0M
164640.000 1958 COM2 65 0R0 096 4.7 28.5 59.3 1.0080 0.00 0.0M
164700.000 1958 COM2 65 0R0 113 2.2 28.5 59.6 1.0079 0.00 0.0M
164760.000 1958 COM2 65 0R0 109 1.4 28.4 59.4 1.0079 0.00 0.0M
164820.000 1958 COM2 65 0R0 155 1.7 28.4 59.9 1.0079 0.00 0.0M
164880.000 1958 COM2 65 0R0 165 3.3 28.5 60.1 1.0079 0.00 0.0M
164940.000 1958 COM2 65 0R0 153 2.9 28.5 60.4 1.0079 0.00 0.0M
165000.000 1958 COM2 65 0R0 158 2.4 28.5 60.0 1.0078 0.00 0.0M
165060.000 1958 COM2 65 0R0 131 1.6 28.5 59.8 1.0078 0.00 0.0M
165120.000 1958 COM2 65 0R0 125 0.7 28.5 60.1 1.0079 0.00 0.0M
165180.000 1958 COM2 65 0R0 145 2.2 28.5 60.0 1.0079 0.00 0.0M
165240.000 1958 COM2 65 0R0 129 3.5 28.5 59.3 1.0079 0.00 0.0M
165300.000 1958 COM2 65 0R0 106 1.7 28.5 58.8 1.0078 0.00 0.0M
165360.000 1958 COM2 65 0R0 134 2.9 28.5 58.0 1.0078 0.00 0.0M
165420.000 1958 COM2 65 0R0 123 4.1 28.4 57.8 1.0078 0.00 0.0M
165480.000 1958 COM2 65 0R0 142 2.4 28.4 57.9 1.0078 0.00 0.0M
165540.000 1958 COM2 65 0R0 095 2.7 28.3 58.0 1.0078 0.00 0.0M
165600.000 1958 COM2 65 0R0 128 4.1 28.3 58.1 1.0078 0.00 0.0M
165660.000 1958 COM2 65 0R0 097 3.3 28.3 58.2 1.0078 0.00 0.0M
165720.000 1958 COM2 65 0R0 089 2.8 28.3 58.3 1.0079 0.00 0.0M
165780.000 1958 COM2 65 0R0 100 1.1 28.3 57.8 1.0079 0.00 0.0M
165840.000 1958 COM2 65 0R0 168 4.8 28.3 58.0 1.0078 0.00 0.0M
165900.000 1958 COM2 65 0R0 120 0.9 28.3 57.9 1.0079 0.00 0.0M
165960.000 1958 COM2 65 0R0 126 1.1 28.3 58.1 1.0079 0.00 0.0M
166020.000 1958 COM2 65 0R0 126 3.4 28.3 58.1 1.0079 0.00 0.0M
166080.000 1958 COM2 65 0R0 157 3.6 28.3 58.1 1.0078 0.00 0.0M
166140.000 1958 COM2 65 0R0 123 1.2 28.2 58.3 1.0078 0.00 0.0M
166200.000 1958 COM2 65 0R0 141 3.0 28.2 58.5 1.0078 0.00 0.0M
166260.000 1958 COM2 65 0R0 114 2.2 28.2 58.3 1.0078 0.00 0.0M
166320.000 1958 COM2 65 0R0 153 3.3 28.2 58.8 1.0078 0.00 0.0M
166380.000 1958 COM2 65 0R0 180 3.8 28.2 58.8 1.0078 0.00 0.0M
166440.000 1958 COM2 65 0R0 134 4.0 28.1 58.8 1.0079 0.00 0.0M
166500.000 1958 COM2 65 0R0 141 3.0 28.1 58.8 1.0079 0.00 0.0M
166560.000 1958 COM2 65 0R0 126 1.7 28.1 58.8 1.0079 0.00 0.0M
166620.000 1958 COM2 65 0R0 134 2.2 28.1 58.8 1.0079 0.00 0.0M
166680.000 1958 COM2 65 0R0 149 2.1 28.1 58.8 1.0079 0.00 0.0M
166740.000 1958 COM2 65 0R0 144 3.1 28.1 58.1 1.0079 0.00 0.0M
166800.000 1958 COM2 65 0R0 147 4.5 28.1 58.4 1.0079 0.00 0.0M
166860.000 1958 COM2 65 0R0 125 2.9 28.1 58.9 1.0080 0.00 0.0M
166920.000 1958 COM2 65 0R0 131 2.2 28.1 58.4 1.0080 0.00 0.0M
166980.000 1958 COM2 65 0R0 131 4.0 28.1 58.7 1.0080 0.00 0.0M
167040.000 1958 COM2 65 0R0 115 2.8 28.1 58.4 1.0080 0.00 0.0M
167100.000 1958 COM2 65 0R0 199 1.9 28.1 59.3 1.0081 0.00 0.0M
167160.000 1958 COM2 65 0R0 133 2.8 28.1 59.0 1.0081 0.00 0.0M
167220.000 1958 COM2 65 0R0 134 3.6 28.1 58.9 1.0081 0.00 0.0M
167280.000 1958 COM2 65 0R0 134 2.2 28.1 59.1 1.0081 0.00 0.0M
167340.000 1958 COM2 65 0R0 091 1.9 28.1 59.1 1.0081 0.00 0.0M
167400.000 1958 COM2 65 0R0 108 1.4 28.0 58.8 1.0081 0.00 0.0M
167460.000 1958 COM2 65 0R0 166 2.5 28.0 58.8 1.0081 0.00 0.0M
167520.000 1958 COM2 65 0R0 119 1.0 28.1 58.4 1.0081 0.00 0.0M
167580.000 1958 COM2 65 0R0 129 2.0 28.1 58.9 1.0081 0.00 0.0M
167640.000 1958 COM2 65 0R0 148 1.0 28.1 58.7 1.0081 0.00 0.0M
167700.000 1958 COM2 65 0R0 178 2.5 28.1 58.9 1.0081 0.00 0.0M
167760.100 1958 COM2 65 0R0 129 1.3 28.2 58.9 1.0081 0.00 0.0M
167820.000 1958 COM2 65 0R0 151 1.4 28.1 58.9 1.0081 0.00 0.0M
167880.000 1958 COM2 65 0R0 116 1.2 28.1 59.1 1.0081 0.00 0.0M
167940.000 1958 COM2 65 0R0 125 1.2 28.1 58.9 1.0081 0.00 0.0M
168000.000 1958 COM2 65 0R0 148 2.0 28.1 59.2 1.0081 0.00 0.0M
168060.000 1958 COM2 65 0R0 133 2.5 28.1 59.0 1.0081 0.00 0.0M
168120.000 1958 COM2 65 0R0 149 0.5 28.1 59.6 1.0082 0.00 0.0M
168180.000 1958 COM2 65 0R0 151 2.2 28.1 59.7 1.0082 0.00 0.0M
168240.000 1958 COM2 65 0R0 128 2.1 28.1 58.9 1.0082 0.00 0.0M
168300.000 1958 COM2 65 0R0 134 1.3 28.0 59.4 1.0083 0.00 0.0M
168360.000 1958 COM2 65 0R0 143 2.0 28.0 59.0 1.0083 0.00 0.0M
168420.000 1958 COM2 65 0R0 100 3.4 28.0 59.1 1.0083 0.00 0.0M
168480.000 1958 COM2 65 0R0 182 2.5 28.0 59.6 1.0083 0.00 0.0M
168540.000 1958 COM2 65 0R0 151 2.1 27.9 59.7 1.0084 0.00 0.0M
168600.000 1958 COM2 65 0R0 145 2.9 27.9 59.3 1.0084 0.00 0.0M
168660.000 1958 COM2 65 0R0 134 2.6 27.9 59.4 1.0084 0.00 0.0M
168720.000 1958 COM2 65 0R0 131 2.0 27.9 59.5 1.0085 0.00 0.0M
168780.000 1958 COM2 65 0R0 136 1.3 27.9 59.9 1.0085 0.00 0.0M
168840.000 1958 COM2 65 0R0 138 1.4 27.8 59.8 1.0085 0.00 0.0M
168900.000 1958 COM2 65 0R0 130 1.8 27.8 59.8 1.0085 0.00 0.0M
168960.000 1958 COM2 65 0R0 140 1.0 27.8 59.8 1.0085 0.00 0.0M
169020.000 1958 COM2 65 0R0 176 2.4 27.8 60.0 1.0085 0.00 0.0M
169080.000 1958 COM2 65 0R0 132 0.6 27.8 59.9 1.0085 0.00 0.0M
169140.000 1958 COM2 65 0R0 131 2.6 27.8 59.9 1.0085 0.00 0.0M
169200.000 1958 COM2 65 0R0 137 2.0 27.8 60.0 1.0085 0.00 0.0M
169260.000 1958 COM2 65 0R0 124 1.9 27.8 60.0 1.0085 0.00 0.0M
169320.000 1958 COM2 65 0R0 143 1.3 27.8 60.0 1.0085 0.00 0.0M
169380.000 1958 COM2 65 0R0 149 2.5 27.8 60.3 1.0085 0.00 0.0M
169440.000 1958 COM2 65 0R0 127 1.1 27.8 60.1 1.0085 0.00 0.0M
169500.000 1958 COM2 65 0R0 140 2.3 27.8 60.0 1.0085 0.00 0.0M
169560.000 1958 COM2 65 0R0 159 1.1 27.8 60.2 1.0085 0.00 0.0M
169620.000 1958 COM2 65 0R0 162 2.0 27.7 60.2 1.0085 0.00 0.0M
169680.000 1958 COM2 65 0R0 153 2.4 27.7 60.3 1.0085 0.00 0.0M
169740.000 1958 COM2 65 0R0 128 1.2 27.7 60.5 1.0085 0.00 0.0M
169800.000 1958 COM2 65 0R0 073 0.3 27.7 60.5 1.0085 0.00 0.0M
169860.000 1958 COM2 65 0R0 157 2.9 27.7 60.5 1.0085 0.00 0.0M
169920.000 1958 COM2 65 0R0 129 1.5 27.7 60.4 1.0086 0.00 0.0M
169980.000 1958 COM2 65 0R0 155 2.4 27.7 60.0 1.0085 0.00 0.0M
170040.000 1958 COM2 65 0R0 147 1.4 27.7 60.3 1.0086 0.00 0.0M
170100.000 1958 COM2 65 0R0 161 2.7 27.7 60.5 1.0086 0.00 0.0M
170160.000 1958 COM2 65 0R0 163 1.2 27.7 60.3 1.0086 0.00 0.0M
170220.000 1958 COM2 65 0R0 141 2.4 27.7 60.5 1.0086 0.00 0.0M
170280.100 1958 COM2 65 0R0 135 1.5 27.7 60.6 1.0086 0.00 0.0M
170340.000 1958 COM2 65 0R0 130 2.3 27.7 60.5 1.0086 0.00 0.0M
170400.000 1958 COM2 65 0R0 130 2.3 27.7 60.7 1.0086 0.00 0.0M
170460.000 1958 COM2 65 0R0 112 1.2 27.7 60.7 1.0086 0.00 0.0M
170520.000 1958 COM2 65 0R0 150 1.5 27.6 60.6 1.0086 0.00 0.0M
170580.000 1958 COM2 65 0R0 111 1.5 27.6 60.9 1.0087 0.00 0.0M
170640.000 1958 COM2 65 0R0 156 1.8 27.6 60.9 1.0087 0.00 0.0M
170700.000 1958 COM2 65 0R0 161 3.2 27.6 61.0 1.0087 0.00 0.0M
170760.000 1958 COM2 65 0R0 104 0.8 27.6 60.9 1.0087 0.00 0.0M
170820.000 1958 COM2 65 0R0 188 2.3 27.6 61.2 1.0087 0.00 0.0M
170880.000 1958 COM2 65 0R0 043 0.3 27.6 61.1 1.0087 0.00 0.0M
170940.000 1958 COM2 65 0R0 152 1.7 27.6 60.8 1.0086 0.00 0.0M
171000.000 1958 COM2 65 0R0 109 1.5 27.6 61.1 1.0086 0.00 0.0M
171060.000 1958 COM2 65 0R0 119 2.3 27.6 61.1 1.0086 0.00 0.0M
171120.000 1958 COM2 65 0R0 149 2.2 27.6 60.9 1.0086 0.00 0.0M
171180.000 1958 COM2 65 0R0 132 1.6 27.6 61.4 1.0086 0.00 0.0M
171240.000 1958 COM2 65 0R0 152 2.7 27.5 61.2 1.0086 0.00 0.0M
171300.000 1958 COM2 65 0R0 123 2.1 27.5 61.0 1.0087 0.00 0.0M
171360.000 1958 COM2 65 0R0 153 2.3 27.5 61.5 1.0087 0.00 0.0M
171420.000 1958 COM2 65 0R0 178 2.2 27.5 61.8 1.0087 0.00 0.0M
171480.000 1958 COM2 65 0R0 090 1.4 27.5 61.4 1.0087 0.00 0.0M
171540.000 1958 COM2 65 0R0 115 0.7 27.5 61.7 1.0087 0.00 0.0M
171600.000 1958 COM2 65 0R0 136 1.8 27.5 61.8 1.0087 0.00 0.0M
171660.000 1958 COM2 65 0R0 176 2.3 27.5 61.8 1.0087 0.00 0.0M
171720.000 1958 COM2 65 0R0 122 2.5 27.5 61.6 1.0087 0.00 0.0M
171780.000 1958 COM2 65 0R0 150 0.6 27.5 61.6 1.0088 0.00 0.0M
171840.000 1958 COM2 65 0R0 126 1.0 27.5 61.9 1.0088 0.00 0.0M
171900.000 1958 COM2 65 0R0 153 3.1 27.4 62.1 1.0088 0.00 0.0M
171960.000 1958 COM2 65 0R0 111 1.6 27.4 62.1 1.0088 0.00 0.0M
172020.000 1958 COM2 65 0R0 109 1.1 27.4 61.9 1.0088 0.00 0.0M
172080.000 1958 COM2 65 0R0 141 2.5 27.4 62.6 1.0088 0.00 0.0M
172140.000 1958 COM2 65 0R0 118 2.5 27.4 62.4 1.0087 0.00 0.0M
172200.000 1958 COM2 65 0R0 156 1.6 27.4 62.4 1.0087 0.00 0.0M
172260.000 1958 COM2 65 0R0 154 1.7 27.3 62.9 1.0087 0.00 0.0M
172320.000 1958 COM2 65 0R0 138 2.1 27.3 63.0 1.0087 0.00 0.0M
172380.000 1958 COM2 65 0R0 146 3.6 27.3 63.3 1.0087 0.00 0.0M
172440.000 1958 COM2 65 0R0 132 1.1 27.3 63.2 1.0088 0.00 0.0M
172500.000 1958 COM2 65 0R0 150 2.2 27.3 63.5 1.0088 0.00 0.0M
172560.000 1958 COM2 65 0R0 076 0.3 27.3 63.2 1.0088 0.00 0.0M
172620.000 1958 COM2 65 0R0 195 2.9 27.3 63.5 1.0088 0.00 0.0M
172680.000 1958 COM2 65 0R0 152 2.0 27.2 63.3 1.0088 0.00 0.0M
172740.000 1958 COM2 65 0R0 153 1.6 27.2 63.5 1.0088 0.00 0.0M
