TO [s] WNc [w] C StringLn ASCIIString
---------------------------------------
432000.000 1966 COM2 65 0R0 228 2.1 23.6 68.1 1.0042 0.00 0.0M
432060.000 1966 COM2 65 0R0 198 2.6 23.6 68.4 1.0042 0.00 0.0M
432120.000 1966 COM2 65 0R0 233 3.2 23.5 68.2 1.0041 0.00 0.0M
432180.000 1966 COM2 65 0R0 203 2.0 23.5 68.4 1.0042 0.00 0.0M
432240.000 1966 COM2 65 0R0 227 2.0 23.5 68.6 1.0042 0.00 0.0M
432300.000 1966 COM2 65 0R0 213 2.5 23.5 68.5 1.0042 0.00 0.0M
432360.000 1966 COM2 65 0R0 204 2.2 23.5 68.5 1.0042 0.00 0.0M
432420.000 1966 COM2 65 0R0 231 3.1 23.5 68.6 1.0042 0.00 0.0M
432480.000 1966 COM2 65 0R0 216 3.0 23.5 68.8 1.0042 0.00 0.0M
432540.000 1966 COM2 65 0R0 244 1.6 23.5 68.8 1.0043 0.00 0.0M
432600.000 1966 COM2 65 0R0 222 3.0 23.4 68.9 1.0043 0.00 0.0M
432660.000 1966 COM2 65 0R0 227 2.3 23.4 68.9 1.0043 0.00 0.0M
432720.000 1966 COM2 65 0R0 225 3.5 23.4 68.9 1.0043 0.00 0.0M
432780.000 1966 COM2 65 0R0 230 1.9 23.4 69.0 1.0043 0.00 0.0M
432840.000 1966 COM2 65 0R0 247 2.5 23.4 69.2 1.0043 0.00 0.0M
432900.000 1966 COM2 65 0R0 242 2.6 23.4 69.1 1.0043 0.00 0.0M
432960.000 1966 COM2 65 0R0 231 1.9 23.4 69.2 1.0043 0.00 0.0M
433020.000 1966 COM2 65 0R0 219 2.8 23.4 69.1 1.0043 0.00 0.0M
433080.000 1966 COM2 65 0R0 234 2.1 23.4 69.2 1.0043 0.00 0.0M
433140.000 1966 COM2 65 0R0 233 1.7 23.4 69.0 1.0044 0.00 0.0M
433200.000 1966 COM2 65 0R0 188 0.6 23.4 69.0 1.0044 0.00 0.0M
433260.000 1966 COM2 65 0R0 251 1.8 23.4 69.2 1.0044 0.00 0.0M
433320.000 1966 COM2 65 0R0 260 1.8 23.4 69.3 1.0044 0.00 0.0M
433380.000 1966 COM2 65 0R0 245 1.7 23.4 69.3 1.0044 0.00 0.0M
433440.000 1966 COM2 65 0R0 253 1.4 23.4 69.3 1.0044 0.00 0.0M
433500.000 1966 COM2 65 0R0 250 0.4 23.4 69.4 1.0044 0.00 0.0M
433560.000 1966 COM2 65 0R0 191 2.1 23.4 69.5 1.0044 0.00 0.0M
433620.000 1966 COM2 65 0R0 240 1.7 23.4 69.4 1.0044 0.00 0.0M
433680.000 1966 COM2 65 0R0 156 0.7 23.4 69.3 1.0044 0.00 0.0M
433740.000 1966 COM2 65 0R0 191 1.9 23.4 69.6 1.0045 0.00 0.0M
433800.000 1966 COM2 65 0R0 233 1.7 23.3 69.8 1.0045 0.00 0.0M
433860.000 1966 COM2 65 0R0 216 1.1 23.3 69.8 1.0045 0.00 0.0M
433920.000 1966 COM2 65 0R0 231 1.9 23.3 69.8 1.0045 0.00 0.0M
433980.000 1966 COM2 65 0R0 228 1.5 23.3 69.9 1.0045 0.00 0.0M
434040.000 1966 COM2 65 0R0 208 1.8 23.3 70.0 1.0045 0.00 0.0M
434100.000 1966 COM2 65 0R0 203 1.6 23.3 70.2 1.0045 0.00 0.0M
434160.000 1966 COM2 65 0R0 214 2.0 23.2 70.2 1.0045 0.00 0.0M
434220.000 1966 COM2 65 0R0 242 1.8 23.2 70.5 1.0045 0.00 0.0M
434280.100 1966 COM2 65 0R0 229 2.2 23.2 70.3 1.0045 0.00 0.0M
434340.000 1966 COM2 65 0R0 216 1.6 23.2 70.5 1.0045 0.00 0.0M
434400.000 1966 COM2 65 0R0 250 1.5 23.2 70.5 1.0045 0.00 0.0M
434460.000 1966 COM2 65 0R0 230 1.5 23.2 70.6 1.0045 0.00 0.0M
434520.000 1966 COM2 65 0R0 205 0.8 23.2 70.6 1.0046 0.00 0.0M
434580.000 1966 COM2 65 0R0 229 1.1 23.2 70.5 1.0046 0.00 0.0M
434640.000 1966 COM2 65 0R0 204 1.8 23.2 70.8 1.0046 0.00 0.0M
434700.000 1966 COM2 65 0R0 190 1.1 23.2 70.8 1.0046 0.00 0.0M
434760.000 1966 COM2 65 0R0 247 1.6 23.2 70.7 1.0046 0.00 0.0M
434820.000 1966 COM2 65 0R0 229 1.5 23.2 70.8 1.0046 0.00 0.0M
434880.000 1966 COM2 65 0R0 237 1.7 23.1 70.8 1.0047 0.00 0.0M
434940.000 1966 COM2 65 0R0 159 0.4 23.1 70.9 1.0047 0.00 0.0M
435000.000 1966 COM2 65 0R0 229 0.4 23.1 70.8 1.0047 0.00 0.0M
435060.000 1966 COM2 65 0R0 226 1.5 23.1 70.8 1.0047 0.00 0.0M
435120.000 1966 COM2 65 0R0 221 0.8 23.1 70.8 1.0047 0.00 0.0M
435180.000 1966 COM2 65 0R0 241 1.1 23.1 70.9 1.0047 0.00 0.0M
435240.000 1966 COM2 65 0R0 240 0.9 23.1 71.0 1.0047 0.00 0.0M
435300.000 1966 COM2 65 0R0 224 1.2 23.1 70.9 1.0047 0.00 0.0M
435360.000 1966 COM2 65 0R0 259 0.8 23.1 70.8 1.0047 0.00 0.0M
435420.000 1966 COM2 65 0R0 213 0.8 23.1 71.0 1.0047 0.00 0.0M
435480.000 1966 COM2 65 0R0 257 0.4 23.1 71.1 1.0047 0.00 0.0M
435540.000 1966 COM2 65 0R0 233 1.2 23.1 71.3 1.0047 0.00 0.0M
435600.000 1966 COM2 65 0R0 219 1.1 23.1 71.2 1.0047 0.00 0.0M
435660.000 1966 COM2 65 0R0 219 1.1 23.0 71.2 1.0047 0.00 0.0M
435720.000 1966 COM2 65 0R0 219 1.3 23.0 71.3 1.0047 0.00 0.0M
435780.000 1966 COM2 65 0R0 257 0.8 23.0 71.5 1.0047 0.00 0.0M
435840.000 1966 COM2 65 0R0 236 0.6 23.0 71.5 1.0047 0.00 0.0M
435900.000 1966 COM2 65 0R0 230 0.8 22.9 71.4 1.0047 0.00 0.0M
435960.000 1966 COM2 65 0R0 250 0.6 22.9 71.5 1.0047 0.00 0.0M
436020.000 1966 COM2 65 0R0 248 0.5 22.9 71.7 1.0047 0.00 0.0M
436080.000 1966 COM2 65 0R0 235 0.9 22.9 71.7 1.0047 0.00 0.0M
436140.000 1966 COM2 65 0R0 258 0.7 22.9 71.7 1.0047 0.00 0.0M
436200.000 1966 COM2 65 0R0 192 0.4 22.9 71.4 1.0047 0.00 0.0M
436260.000 1966 COM2 65 0R0 246 0.7 22.9 71.6 1.0047 0.00 0.0M
436320.000 1966 COM2 65 0R0 248 0.7 22.9 71.7 1.0047 0.00 0.0M
436380.000 1966 COM2 65 0R0 232 0.8 22.9 71.9 1.0047 0.00 0.0M
436440.000 1966 COM2 65 0R0 230 0.3 22.9 71.9 1.0048 0.00 0.0M
436500.000 1966 COM2 65 0R0 233 0.5 22.9 72.0 1.0048 0.00 0.0M
436560.000 1966 COM2 65 0R0 257 0.7 22.8 72.1 1.0048 0.00 0.0M
436620.000 1966 COM2 65 0R0 240 0.2 22.8 71.9 1.0048 0.00 0.0M
436680.000 1966 COM2 65 0R0 278 0.4 22.8 72.2 1.0048 0.00 0.0M
436740.000 1966 COM2 65 0R0 235 0.4 22.8 72.2 1.0048 0.00 0.0M
436800.000 1966 COM2 65 0R0 242 1.1 22.8 72.3 1.0048 0.00 0.0M
436860.000 1966 COM2 65 0R0 268 0.4 22.8 72.5 1.0048 0.00 0.0M
436920.000 1966 COM2 65 0R0 249 1.0 22.8 72.6 1.0048 0.00 0.0M
436980.000 1966 COM2 65 0R0 264 0.4 22.8 72.4 1.0048 0.00 0.0M
437040.000 1966 COM2 65 0R0 248 0.9 22.8 72.5 1.0048 0.00 0.0M
437100.000 1966 COM2 65 0R0 244 1.0 22.7 72.7 1.0048 0.00 0.0M
437160.000 1966 COM2 65 0R0 219 0.3 22.7 72.8 1.0048 0.00 0.0M
437220.000 1966 COM2 65 0R0 291 0.6 22.7 72.7 1.0048 0.00 0.0M
437280.000 1966 COM2 65 0R0 234 1.1 22.7 72.8 1.0048 0.00 0.0M
437340.000 1966 COM2 65 0R0 247 1.2 22.7 73.0 1.0048 0.00 0.0M
437400.000 1966 COM2 65 0R0 273 0.5 22.7 73.2 1.0048 0.00 0.0M
437460.000 1966 COM2 65 0R0 188 0.3 22.7 73.2 1.0048 0.00 0.0M
437520.000 1966 COM2 65 0R0 281 0.8 22.6 73.4 1.0049 0.00 0.0M
437580.000 1966 COM2 65 0R0 233 0.5 22.6 73.3 1.0049 0.00 0.0M
437640.000 1966 COM2 65 0R0 257 0.9 22.6 73.6 1.0049 0.00 0.0M
437700.000 1966 COM2 65 0R0 320 0.5 22.6 73.5 1.0049 0.00 0.0M
437760.000 1966 COM2 65 0R0 293 0.4 22.6 73.3 1.0049 0.00 0.0M
437820.000 1966 COM2 65 0R0 288 0.3 22.6 73.6 1.0049 0.00 0.0M
437880.000 1966 COM2 65 0R0 241 0.9 22.5 73.6 1.0049 0.00 0.0M
437940.000 1966 COM2 65 0R0 242 0.4 22.5 73.5 1.0049 0.00 0.0M
438000.000 1966 COM2 65 0R0 238 0.6 22.5 73.7 1.0049 0.00 0.0M
438060.000 1966 COM2 65 0R0 285 0.7 22.5 73.7 1.0049 0.00 0.0M
438120.100 1966 COM2 65 0R0 280 1.2 22.5 74.0 1.0049 0.00 0.0M
438180.000 1966 COM2 65 0R0 288 0.7 22.4 74.1 1.0050 0.00 0.0M
438240.000 1966 COM2 65 0R0 238 0.7 22.4 74.2 1.0050 0.00 0.0M
438300.000 1966 COM2 65 0R0 283 1.0 22.4 74.1 1.0050 0.00 0.0M
438360.000 1966 COM2 65 0R0 259 0.6 22.4 74.1 1.0050 0.00 0.0M
438420.000 1966 COM2 65 0R0 281 0.9 22.4 74.5 1.0050 0.00 0.0M
438480.000 1966 COM2 65 0R0 276 1.4 22.4 74.8 1.0050 0.00 0.0M
438540.000 1966 COM2 65 0R0 273 1.8 22.3 75.0 1.0050 0.00 0.0M
438600.000 1966 COM2 65 0R0 279 2.2 22.3 75.0 1.0051 0.00 0.0M
438660.000 1966 COM2 65 0R0 232 1.1 22.3 74.9 1.0051 0.00 0.0M
438720.000 1966 COM2 65 0R0 259 1.2 22.2 75.0 1.0051 0.00 0.0M
438780.000 1966 COM2 65 0R0 271 1.7 22.2 75.1 1.0051 0.00 0.0M
438840.000 1966 COM2 65 0R0 267 1.5 22.2 75.1 1.0051 0.00 0.0M
438900.000 1966 COM2 65 0R0 282 1.2 22.2 75.1 1.0051 0.00 0.0M
438960.000 1966 COM2 65 0R0 257 0.9 22.2 75.4 1.0051 0.00 0.0M
439020.000 1966 COM2 65 0R0 260 0.5 22.1 75.6 1.0051 0.00 0.0M
439080.000 1966 COM2 65 0R0 267 2.1 22.1 75.4 1.0051 0.00 0.0M
439140.000 1966 COM2 65 0R0 261 1.6 22.1 75.5 1.0051 0.00 0.0M
439200.000 1966 COM2 65 0R0 219 1.1 22.1 75.6 1.0052 0.00 0.0M
439260.000 1966 COM2 65 0R0 282 0.6 22.1 75.6 1.0052 0.00 0.0M
439320.000 1966 COM2 65 0R0 247 0.4 22.1 75.8 1.0052 0.00 0.0M
439380.000 1966 COM2 65 0R0 261 0.4 22.1 75.9 1.0052 0.00 0.0M
439440.000 1966 COM2 65 0R0 249 1.3 22.1 75.6 1.0052 0.00 0.0M
439500.000 1966 COM2 65 0R0 261 0.7 22.1 75.6 1.0052 0.00 0.0M
439560.000 1966 COM2 65 0R0 240 1.7 22.1 75.7 1.0052 0.00 0.0M
439620.000 1966 COM2 65 0R0 244 0.9 22.1 75.6 1.0052 0.00 0.0M
439680.000 1966 COM2 65 0R0 269 1.1 22.1 75.8 1.0052 0.00 0.0M
439740.000 1966 COM2 65 0R0 262 1.2 22.1 75.8 1.0053 0.00 0.0M
439800.000 1966 COM2 65 0R0 310 0.6 22.1 75.6 1.0053 0.00 0.0M
439860.000 1966 COM2 65 0R0 261 0.5 22.1 75.6 1.0053 0.00 0.0M
439920.000 1966 COM2 65 0R0 283 0.5 22.1 76.0 1.0053 0.00 0.0M
439980.000 1966 COM2 65 0R0 289 0.7 22.1 76.0 1.0053 0.00 0.0M
440040.000 1966 COM2 65 0R0 201 0.6 22.1 75.7 1.0053 0.00 0.0M
440100.000 1966 COM2 65 0R0 261 0.9 22.0 75.8 1.0054 0.00 0.0M
440160.000 1966 COM2 65 0R0 264 1.0 22.0 76.0 1.0054 0.00 0.0M
440220.000 1966 COM2 65 0R0 283 0.8 22.0 76.2 1.0054 0.00 0.0M
440280.000 1966 COM2 65 0R0 256 0.7 22.0 76.1 1.0054 0.00 0.0M
440340.000 1966 COM2 65 0R0 252 1.1 22.0 76.2 1.0054 0.00 0.0M
440400.000 1966 COM2 65 0R0 268 0.7 22.0 76.1 1.0054 0.00 0.0M
440460.000 1966 COM2 65 0R0 270 0.6 22.0 76.1 1.0054 0.00 0.0M
440520.000 1966 COM2 65 0R0 231 0.9 22.0 76.3 1.0054 0.00 0.0M
440580.000 1966 COM2 65 0R0 298 1.3 22.0 76.3 1.0055 0.00 0.0M
440640.000 1966 COM2 65 0R0 284 1.2 22.0 76.2 1.0055 0.00 0.0M
440700.000 1966 COM2 65 0R0 204 0.7 22.0 76.0 1.0055 0.00 0.0M
440760.000 1966 COM2 65 0R0 250 1.3 22.0 76.2 1.0055 0.00 0.0M
440820.000 1966 COM2 65 0R0 258 2.2 22.0 76.3 1.0055 0.00 0.0M
440880.000 1966 COM2 65 0R0 221 0.8 21.9 76.4 1.0055 0.00 0.0M
440940.000 1966 COM2 65 0R0 245 0.9 21.9 76.3 1.0055 0.00 0.0M
441000.000 1966 COM2 65 0R0 267 1.5 21.9 76.5 1.0055 0.00 0.0M
441060.000 1966 COM2 65 0R0 250 0.8 21.9 76.4 1.0055 0.00 0.0M
441120.000 1966 COM2 65 0R0 246 0.7 21.9 76.5 1.0055 0.00 0.0M
441180.000 1966 COM2 65 0R0 230 1.0 21.9 76.5 1.0055 0.00 0.0M
441240.000 1966 COM2 65 0R0 307 0.3 21.9 76.7 1.0055 0.00 0.0M
441300.000 1966 COM2 65 0R0 262 0.6 21.9 76.6 1.0055 0.00 0.0M
441360.000 1966 COM2 65 0R0 223 0.5 21.8 76.6 1.0055 0.00 0.0M
441420.000 1966 COM2 65 0R0 311 0.2 21.8 76.8 1.0055 0.00 0.0M
441480.000 1966 COM2 65 0R0 228 0.3 21.8 77.0 1.0055 0.00 0.0M
441540.000 1966 COM2 65 0R0 217 0.5 21.8 77.0 1.0055 0.00 0.0M
441600.000 1966 COM2 65 0R0 200 0.5 21.8 77.0 1.0055 0.00 0.0M
441660.000 1966 COM2 65 0R0 272 0.6 21.8 76.8 1.0055 0.00 0.0M
441720.000 1966 COM2 65 0R0 278 0.8 21.8 77.0 1.0055 0.00 0.0M
441780.000 1966 COM2 65 0R0 266 0.6 21.8 77.1 1.0055 0.00 0.0M
441840.000 1966 COM2 65 0R0 243 0.3 21.7 77.1 1.0055 0.00 0.0M
441900.100 1966 COM2 65 0R0 307 0.8 21.7 76.9 1.0056 0.00 0.0M
441960.000 1966 COM2 65 0R0 305 0.7 21.7 77.0 1.0055 0.00 0.0M
442020.000 1966 COM2 65 0R0 284 0.8 21.7 77.0 1.0056 0.00 0.0M
442080.000 1966 COM2 65 0R0 281 0.5 21.7 77.0 1.0056 0.00 0.0M
442140.000 1966 COM2 65 0R0 348 0.3 21.7 77.1 1.0055 0.00 0.0M
442200.000 1966 COM2 65 0R0 339 0.2 21.7 77.0 1.0055 0.00 0.0M
442260.000 1966 COM2 65 0R0 217 0.1 21.7 76.5 1.0056 0.00 0.0M
442320.000 1966 COM2 65 0R0 260 1.0 21.7 77.2 1.0056 0.00 0.0M
442380.000 1966 COM2 65 0R0 223 0.3 21.6 77.4 1.0056 0.00 0.0M
442440.000 1966 COM2 65 0R0 258 1.1 21.6 77.5 1.0056 0.00 0.0M
442500.000 1966 COM2 65 0R0 308 0.8 21.6 77.8 1.0056 0.00 0.0M
442560.000 1966 COM2 65 0R0 261 0.8 21.6 77.7 1.0056 0.00 0.0M
442620.000 1966 COM2 65 0R0 252 0.3 21.6 77.7 1.0056 0.00 0.0M
442680.000 1966 COM2 65 0R0 236 0.6 21.5 78.1 1.0056 0.00 0.0M
442740.000 1966 COM2 65 0R0 224 0.8 21.5 78.1 1.0056 0.00 0.0M
442800.000 1966 COM2 65 0R0 226 0.5 21.5 78.1 1.0056 0.00 0.0M
442860.000 1966 COM2 65 0R0 227 0.9 21.5 78.4 1.0056 0.00 0.0M
442920.000 1966 COM2 65 0R0 271 0.6 21.5 78.6 1.0056 0.00 0.0M
442980.000 1966 COM2 65 0R0 248 0.8 21.4 78.7 1.0056 0.00 0.0M
443040.000 1966 COM2 65 0R0 270 0.9 21.4 78.9 1.0057 0.00 0.0M
443100.000 1966 COM2 65 0R0 212 0.3 21.4 78.9 1.0057 0.00 0.0M
443160.000 1966 COM2 65 0R0 227 0.5 21.4 79.2 1.0057 0.00 0.0M
443220.000 1966 COM2 65 0R0 250 0.6 21.3 79.3 1.0057 0.00 0.0M
443280.000 1966 COM2 65 0R0 233 0.8 21.3 79.4 1.0057 0.00 0.0M
443340.000 1966 COM2 65 0R0 226 0.4 21.3 79.4 1.0057 0.00 0.0M
443400.000 1966 COM2 65 0R0 219 0.5 21.3 79.2 1.0057 0.00 0.0M
443460.000 1966 COM2 65 0R0 253 0.8 21.3 79.2 1.0057 0.00 0.0M
443520.000 1966 COM2 65 0R0 187 0.6 21.3 79.2 1.0057 0.00 0.0M
443580.000 1966 COM2 65 0R0 191 0.6 21.3 78.8 1.0057 0.00 0.0M
443640.000 1966 COM2 65 0R0 203 0.7 21.3 79.7 1.0058 0.00 0.0M
443700.000 1966 COM2 65 0R0 190 0.8 21.2 79.5 1.0058 0.00 0.0M
443760.000 1966 COM2 65 0R0 181 0.7 21.2 79.4 1.0058 0.00 0.0M
443820.000 1966 COM2 65 0R0 226 0.9 21.2 79.4 1.0058 0.00 0.0M
443880.000 1966 COM2 65 0R0 217 0.8 21.2 79.5 1.0058 0.00 0.0M
443940.000 1966 COM2 65 0R0 211 1.0 21.1 79.9 1.0058 0.00 0.0M
444000.000 1966 COM2 65 0R0 223 0.9 21.1 79.6 1.0058 0.00 0.0M
444060.000 1966 COM2 65 0R0 230 0.8 21.1 79.8 1.0058 0.00 0.0M
444120.000 1966 COM2 65 0R0 238 0.5 21.1 80.1 1.0058 0.00 0.0M
444180.000 1966 COM2 65 0R0 249 0.9 21.1 80.3 1.0058 0.00 0.0M
444240.000 1966 COM2 65 0R0 239 0.9 21.1 80.3 1.0058 0.00 0.0M
444300.000 1966 COM2 65 0R0 235 1.0 21.1 80.4 1.0058 0.00 0.0M
444360.000 1966 COM2 65 0R0 213 0.7 21.0 80.6 1.0058 0.00 0.0M
444420.000 1966 COM2 65 0R0 220 0.9 21.0 80.2 1.0058 0.00 0.0M
444480.000 1966 COM2 65 0R0 239 0.6 21.0 80.4 1.0058 0.00 0.0M
444540.000 1966 COM2 65 0R0 236 1.4 21.0 80.4 1.0058 0.00 0.0M
444600.000 1966 COM2 65 0R0 206 1.3 21.0 80.4 1.0058 0.00 0.0M
444660.000 1966 COM2 65 0R0 252 0.6 21.0 80.7 1.0058 0.00 0.0M
444720.000 1966 COM2 65 0R0 240 1.1 21.0 80.4 1.0058 0.00 0.0M
444780.000 1966 COM2 65 0R0 246 1.3 21.0 80.4 1.0058 0.00 0.0M
444840.000 1966 COM2 65 0R0 266 1.3 21.0 80.5 1.0058 0.00 0.0M
444900.000 1966 COM2 65 0R0 237 0.6 20.9 80.5 1.0058 0.00 0.0M
444960.000 1966 COM2 65 0R0 239 0.4 21.0 80.3 1.0058 0.00 0.0M
445020.000 1966 COM2 65 0R0 249 1.3 20.9 80.5 1.0058 0.00 0.0M
445080.200 1966 COM2 65 0R0 195 0.6 21.0 80.4 1.0058 0.00 0.0M
445140.000 1966 COM2 65 0R0 258 1.8 20.9 80.5 1.0058 0.00 0.0M
445200.000 1966 COM2 65 0R0 239 0.8 21.0 80.4 1.0058 0.00 0.0M
445260.000 1966 COM2 65 0R0 234 1.6 20.9 80.4 1.0058 0.00 0.0M
445320.000 1966 COM2 65 0R0 252 0.6 20.9 80.2 1.0058 0.00 0.0M
445380.000 1966 COM2 65 0R0 210 1.2 20.9 80.3 1.0058 0.00 0.0M
445440.000 1966 COM2 65 0R0 232 1.4 20.9 80.3 1.0058 0.00 0.0M
445500.000 1966 COM2 65 0R0 217 1.1 20.9 80.2 1.0058 0.00 0.0M
445560.000 1966 COM2 65 0R0 207 0.8 20.9 80.4 1.0058 0.00 0.0M
445620.000 1966 COM2 65 0R0 197 0.6 20.9 80.8 1.0058 0.00 0.0M
445680.000 1966 COM2 65 0R0 197 0.6 20.9 80.8 1.0058 0.00 0.0M
445740.000 1966 COM2 65 0R0 232 0.7 20.8 80.4 1.0058 0.00 0.0M
445800.000 1966 COM2 65 0R0 212 0.6 20.8 80.7 1.0058 0.00 0.0M
445860.000 1966 COM2 65 0R0 189 1.0 20.8 80.7 1.0058 0.00 0.0M
445920.000 1966 COM2 65 0R0 166 0.2 20.8 80.5 1.0058 0.00 0.0M
445980.000 1966 COM2 65 0R0 296 0.2 20.8 80.5 1.0058 0.00 0.0M
446040.000 1966 COM2 65 0R0 287 0.4 20.8 80.5 1.0058 0.00 0.0M
446100.000 1966 COM2 65 0R0 262 0.4 20.8 80.7 1.0058 0.00 0.0M
446160.000 1966 COM2 65 0R0 271 0.9 20.8 80.7 1.0058 0.00 0.0M
446220.000 1966 COM2 65 0R0 240 1.2 20.8 80.7 1.0058 0.00 0.0M
446280.000 1966 COM2 65 0R0 242 0.8 20.8 80.6 1.0059 0.00 0.0M
446340.000 1966 COM2 65 0R0 268 0.9 20.8 80.7 1.0058 0.00 0.0M
446400.000 1966 COM2 65 0R0 236 0.9 20.8 80.6 1.0059 0.00 0.0M
446460.000 1966 COM2 65 0R0 266 1.3 20.8 80.8 1.0059 0.00 0.0M
446520.000 1966 COM2 65 0R0 243 1.0 20.8 80.5 1.0059 0.00 0.0M
446580.000 1966 COM2 65 0R0 264 1.0 20.8 80.5 1.0059 0.00 0.0M
446640.000 1966 COM2 65 0R0 239 0.8 20.8 80.5 1.0059 0.00 0.0M
446700.000 1966 COM2 65 0R0 256 0.4 20.9 80.6 1.0059 0.00 0.0M
446760.000 1966 COM2 65 0R0 258 0.6 20.9 80.5 1.0059 0.00 0.0M
446820.000 1966 COM2 65 0R0 249 0.6 20.9 80.6 1.0059 0.00 0.0M
446880.000 1966 COM2 65 0R0 250 1.6 20.9 80.5 1.0059 0.00 0.0M
446940.000 1966 COM2 65 0R0 249 0.4 20.9 80.3 1.0059 0.00 0.0M
447000.000 1966 COM2 65 0R0 265 0.7 20.9 80.3 1.0059 0.00 0.0M
447060.000 1966 COM2 65 0R0 272 0.7 20.9 80.3 1.0059 0.00 0.0M
447120.000 1966 COM2 65 0R0 260 1.8 20.9 80.3 1.0059 0.00 0.0M
447180.000 1966 COM2 65 0R0 240 1.3 20.9 80.3 1.0059 0.00 0.0M
447240.000 1966 COM2 65 0R0 245 1.5 20.8 80.4 1.0059 0.00 0.0M
447300.000 1966 COM2 65 0R0 214 1.0 20.8 80.5 1.0059 0.00 0.0M
447360.000 1966 COM2 65 0R0 273 0.5 20.8 80.3 1.0059 0.00 0.0M
447420.000 1966 COM2 65 0R0 243 0.6 20.8 80.7 1.0059 0.00 0.0M
447480.000 1966 COM2 65 0R0 242 0.8 20.8 80.5 1.0059 0.00 0.0M
447540.000 1966 COM2 65 0R0 264 1.0 20.8 80.4 1.0059 0.00 0.0M
447600.000 1966 COM2 65 0R0 269 1.5 20.8 80.5 1.0059 0.00 0.0M
447660.000 1966 COM2 65 0R0 238 0.6 20.8 80.4 1.0059 0.00 0.0M
447720.000 1966 COM2 65 0R0 245 1.1 20.8 80.3 1.0059 0.00 0.0M
447780.000 1966 COM2 65 0R0 318 0.4 20.8 80.0 1.0059 0.00 0.0M
447840.000 1966 COM2 65 0R0 272 0.8 20.8 80.1 1.0059 0.00 0.0M
447900.000 1966 COM2 65 0R0 217 0.9 20.8 80.0 1.0059 0.00 0.0M
447960.000 1966 COM2 65 0R0 270 0.7 20.8 80.1 1.0059 0.00 0.0M
448020.000 1966 COM2 65 0R0 271 1.2 20.8 80.1 1.0059 0.00 0.0M
448080.000 1966 COM2 65 0R0 260 1.5 20.8 80.0 1.0059 0.00 0.0M
448140.000 1966 COM2 65 0R0 260 1.4 20.8 80.0 1.0059 0.00 0.0M
448200.000 1966 COM2 65 0R0 272 0.8 20.8 80.0 1.0059 0.00 0.0M
448260.000 1966 COM2 65 0R0 251 0.6 20.8 79.9 1.0059 0.00 0.0M
448320.000 1966 COM2 65 0R0 182 1.1 20.8 80.1 1.0059 0.00 0.0M
448380.000 1966 COM2 65 0R0 193 1.2 20.8 80.2 1.0059 0.00 0.0M
448440.000 1966 COM2 65 0R0 212 1.7 20.8 80.5 1.0059 0.00 0.0M
448500.000 1966 COM2 65 0R0 202 1.6 20.7 80.7 1.0059 0.00 0.0M
448560.000 1966 COM2 65 0R0 229 1.7 20.7 80.7 1.0059 0.00 0.0M
448620.000 1966 COM2 65 0R0 225 1.2 20.7 80.8 1.0059 0.00 0.0M
448680.000 1966 COM2 65 0R0 258 0.7 20.6 80.8 1.0059 0.00 0.0M
448740.000 1966 COM2 65 0R0 225 0.9 20.6 81.0 1.0059 0.00 0.0M
448800.000 1966 COM2 65 0R0 241 0.5 20.6 81.2 1.0059 0.00 0.0M
448860.000 1966 COM2 65 0R0 264 0.4 20.6 81.3 1.0059 0.00 0.0M
448920.000 1966 COM2 65 0R0 233 0.7 20.5 81.0 1.0060 0.00 0.0M
448980.000 1966 COM2 65 0R0 326 0.4 20.5 81.3 1.0060 0.00 0.0M
449040.000 1966 COM2 65 0R0 243 1.8 20.5 81.1 1.0060 0.00 0.0M
449100.000 1966 COM2 65 0R0 186 0.4 20.5 80.9 1.0060 0.00 0.0M
449160.000 1966 COM2 65 0R0 286 0.6 20.5 80.9 1.0060 0.00 0.0M
449220.000 1966 COM2 65 0R0 266 1.7 20.5 81.2 1.0060 0.00 0.0M
449280.000 1966 COM2 65 0R0 278 1.7 20.5 81.2 1.0060 0.00 0.0M
449340.000 1966 COM2 65 0R0 253 0.8 20.5 81.3 1.0060 0.00 0.0M
449400.000 1966 COM2 65 0R0 292 1.2 20.5 81.4 1.0060 0.00 0.0M
449460.000 1966 COM2 65 0R0 286 1.4 20.5 80.9 1.0060 0.00 0.0M
449520.000 1966 COM2 65 0R0 271 1.5 20.5 81.0 1.0060 0.00 0.0M
449580.000 1966 COM2 65 0R0 275 1.6 20.5 80.9 1.0060 0.00 0.0M
449640.000 1966 COM2 65 0R0 276 0.8 20.5 80.6 1.0060 0.00 0.0M
449700.000 1966 COM2 65 0R0 273 1.9 20.5 80.2 1.0060 0.00 0.0M
449760.000 1966 COM2 65 0R0 264 1.3 20.5 80.4 1.0060 0.00 0.0M
449820.000 1966 COM2 65 0R0 284 1.1 20.5 80.1 1.0060 0.00 0.0M
449880.000 1966 COM2 65 0R0 256 1.2 20.6 80.4 1.0060 0.00 0.0M
449940.000 1966 COM2 65 0R0 215 0.4 20.6 80.2 1.0060 0.00 0.0M
450000.000 1966 COM2 65 0R0 228 0.6 20.6 80.1 1.0060 0.00 0.0M
450060.000 1966 COM2 65 0R0 274 0.6 20.6 80.1 1.0060 0.00 0.0M
450120.000 1966 COM2 65 0R0 267 1.6 20.6 79.9 1.0060 0.00 0.0M
450180.000 1966 COM2 65 0R0 262 1.5 20.6 80.1 1.0060 0.00 0.0M
450240.000 1966 COM2 65 0R0 281 2.2 20.6 79.6 1.0060 0.00 0.0M
450300.000 1966 COM2 65 0R0 285 0.9 20.6 79.7 1.0060 0.00 0.0M
450360.000 1966 COM2 65 0R0 238 0.5 20.6 79.6 1.0060 0.00 0.0M
450420.100 1966 COM2 65 0R0 268 1.8 20.6 79.4 1.0060 0.00 0.0M
450480.000 1966 COM2 65 0R0 276 0.6 20.6 79.4 1.0060 0.00 0.0M
450540.000 1966 COM2 65 0R0 283 1.0 20.5 79.5 1.0060 0.00 0.0M
450600.000 1966 COM2 65 0R0 287 0.3 20.5 79.6 1.0060 0.00 0.0M
450660.000 1966 COM2 65 0R0 278 1.5 20.5 79.1 1.0060 0.00 0.0M
450720.000 1966 COM2 65 0R0 260 0.9 20.5 79.4 1.0060 0.00 0.0M
450780.000 1966 COM2 65 0R0 261 1.6 20.5 79.2 1.0060 0.00 0.0M
450840.000 1966 COM2 65 0R0 276 0.6 20.5 79.2 1.0060 0.00 0.0M
450900.000 1966 COM2 65 0R0 283 1.3 20.5 79.1 1.0060 0.00 0.0M
450960.000 1966 COM2 65 0R0 260 1.3 20.5 79.2 1.0060 0.00 0.0M
451020.000 1966 COM2 65 0R0 085 0.4 20.5 79.5 1.0060 0.00 0.0M
451080.000 1966 COM2 65 0R0 260 0.6 20.5 79.3 1.0061 0.00 0.0M
451140.000 1966 COM2 65 0R0 269 0.7 20.5 79.4 1.0061 0.00 0.0M
451200.000 1966 COM2 65 0R0 258 1.0 20.5 79.5 1.0061 0.00 0.0M
451260.000 1966 COM2 65 0R0 305 0.9 20.4 79.4 1.0061 0.00 0.0M
451320.000 1966 COM2 65 0R0 047 0.4 20.4 79.6 1.0061 0.00 0.0M
451380.000 1966 COM2 65 0R0 265 1.4 20.4 80.3 1.0061 0.00 0.0M
451440.000 1966 COM2 65 0R0 258 1.0 20.4 80.1 1.0061 0.00 0.0M
451500.000 1966 COM2 65 0R0 189 0.3 20.3 80.5 1.0061 0.00 0.0M
451560.000 1966 COM2 65 0R0 311 0.4 20.3 80.6 1.0061 0.00 0.0M
451620.000 1966 COM2 65 0R0 287 1.0 20.3 81.0 1.0061 0.00 0.0M
451680.000 1966 COM2 65 0R0 276 0.5 20.2 81.1 1.0061 0.00 0.0M
451740.000 1966 COM2 65 0R0 293 0.9 20.2 81.8 1.0061 0.00 0.0M
451800.000 1966 COM2 65 0R0 275 1.4 20.2 82.2 1.0061 0.00 0.0M
451860.000 1966 COM2 65 0R0 275 1.0 20.2 82.3 1.0061 0.00 0.0M
451920.000 1966 COM2 65 0R0 266 1.0 20.1 82.7 1.0061 0.00 0.0M
451980.000 1966 COM2 65 0R0 284 2.2 20.1 83.1 1.0061 0.00 0.0M
452040.000 1966 COM2 65 0R0 303 0.7 20.1 83.3 1.0061 0.00 0.0M
452100.000 1966 COM2 65 0R0 285 1.6 20.0 83.6 1.0061 0.00 0.0M
452160.000 1966 COM2 65 0R0 278 1.1 20.0 83.7 1.0061 0.00 0.0M
452220.000 1966 COM2 65 0R0 281 1.9 20.0 84.0 1.0061 0.00 0.0M
452280.000 1966 COM2 65 0R0 320 0.6 20.0 84.1 1.0061 0.00 0.0M
452340.000 1966 COM2 65 0R0 276 1.9 20.0 84.3 1.0061 0.00 0.0M
452400.000 1966 COM2 65 0R0 269 0.6 19.9 84.6 1.0061 0.00 0.0M
452460.000 1966 COM2 65 0R0 280 2.1 19.9 84.3 1.0061 0.00 0.0M
452520.000 1966 COM2 65 0R0 282 1.8 19.9 84.1 1.0061 0.00 0.0M
452580.000 1966 COM2 65 0R0 283 2.3 19.9 84.6 1.0061 0.00 0.0M
452640.000 1966 COM2 65 0R0 294 1.5 19.9 84.8 1.0061 0.00 0.0M
452700.000 1966 COM2 65 0R0 289 1.2 19.9 84.9 1.0061 0.00 0.0M
452760.000 1966 COM2 65 0R0 265 1.3 19.9 84.0 1.0061 0.00 0.0M
452820.000 1966 COM2 65 0R0 306 1.3 19.9 83.9 1.0061 0.00 0.0M
452880.000 1966 COM2 65 0R0 307 2.1 19.9 83.6 1.0061 0.00 0.0M
452940.000 1966 COM2 65 0R0 251 0.6 19.9 83.1 1.0061 0.00 0.0M
453000.000 1966 COM2 65 0R0 289 0.9 20.0 83.3 1.0061 0.00 0.0M
453060.000 1966 COM2 65 0R0 254 0.3 20.0 83.5 1.0061 0.00 0.0M
453120.000 1966 COM2 65 0R0 246 0.5 20.0 83.2 1.0061 0.00 0.0M
453180.000 1966 COM2 65 0R0 268 1.4 20.0 82.8 1.0061 0.00 0.0M
453240.000 1966 COM2 65 0R0 278 0.8 20.0 82.9 1.0060 0.00 0.0M
453300.000 1966 COM2 65 0R0 292 1.9 20.0 82.5 1.0061 0.00 0.0M
453360.000 1966 COM2 65 0R0 253 1.0 20.0 82.0 1.0061 0.00 0.0M
453420.000 1966 COM2 65 0R0 279 0.8 20.0 82.5 1.0061 0.00 0.0M
453480.000 1966 COM2 65 0R0 285 0.5 20.0 81.9 1.0061 0.00 0.0M
453540.000 1966 COM2 65 0R0 242 0.3 20.0 82.1 1.0061 0.00 0.0M
453600.000 1966 COM2 65 0R0 283 0.5 20.0 81.8 1.0061 0.00 0.0M
453660.000 1966 COM2 65 0R0 307 1.3 20.0 81.4 1.0061 0.00 0.0M
453720.000 1966 COM2 65 0R0 247 0.4 20.0 81.7 1.0061 0.00 0.0M
453780.000 1966 COM2 65 0R0 295 0.9 20.0 81.5 1.0061 0.00 0.0M
453840.000 1966 COM2 65 0R0 298 1.7 20.0 81.1 1.0061 0.00 0.0M
453900.000 1966 COM2 65 0R0 269 0.8 20.0 81.1 1.0062 0.00 0.0M
453960.000 1966 COM2 65 0R0 263 1.4 20.0 81.1 1.0062 0.00 0.0M
454020.000 1966 COM2 65 0R0 229 0.4 20.0 81.5 1.0062 0.00 0.0M
454080.000 1966 COM2 65 0R0 249 0.6 20.0 81.4 1.0062 0.00 0.0M
454140.000 1966 COM2 65 0R0 247 0.8 20.0 81.8 1.0062 0.00 0.0M
454200.000 1966 COM2 65 0R0 238 0.8 20.0 81.7 1.0062 0.00 0.0M
454260.000 1966 COM2 65 0R0 262 0.8 20.0 81.7 1.0062 0.00 0.0M
454320.000 1966 COM2 65 0R0 258 0.7 20.0 81.9 1.0062 0.00 0.0M
454380.000 1966 COM2 65 0R0 260 0.6 20.0 81.8 1.0062 0.00 0.0M
454440.000 1966 COM2 65 0R0 250 0.7 20.0 81.6 1.0062 0.00 0.0M
454500.000 1966 COM2 65 0R0 331 0.6 20.0 81.3 1.0062 0.00 0.0M
454560.000 1966 COM2 65 0R0 214 0.3 19.9 81.4 1.0062 0.00 0.0M
454620.000 1966 COM2 65 0R0 218 0.2 19.9 81.4 1.0062 0.00 0.0M
454680.000 1966 COM2 65 0R0 218 0.5 19.9 81.0 1.0062 0.00 0.0M
454740.000 1966 COM2 65 0R0 272 0.3 19.9 81.0 1.0062 0.00 0.0M
454800.000 1966 COM2 65 0R0 270 1.0 19.9 81.2 1.0062 0.00 0.0M
454860.000 1966 COM2 65 0R0 265 0.9 19.9 81.1 1.0062 0.00 0.0M
454920.000 1966 COM2 65 0R0 312 1.0 19.9 81.2 1.0062 0.00 0.0M
454980.000 1966 COM2 65 0R0 156 0.4 19.9 81.8 1.0062 0.00 0.0M
455040.000 1966 COM2 65 0R0 179 0.1 19.9 81.7 1.0062 0.00 0.0M
455100.000 1966 COM2 65 0R0 173 0.2 19.9 82.1 1.0062 0.00 0.0M
455160.000 1966 COM2 65 0R0 133 0.2 19.8 82.1 1.0062 0.00 0.0M
455220.000 1966 COM2 65 0R0 161 0.3 19.8 81.4 1.0062 0.00 0.0M
455280.100 1966 COM2 65 0R0 135 0.2 19.7 82.2 1.0062 0.00 0.0M
455340.100 1966 COM2 65 0R0 108 0.4 19.7 82.7 1.0062 0.00 0.0M
455400.000 1966 COM2 65 0R0 115 0.2 19.6 82.6 1.0062 0.00 0.0M
455460.000 1966 COM2 65 0R0 133 0.4 19.6 82.8 1.0062 0.00 0.0M
455520.000 1966 COM2 65 0R0 172 0.9 19.5 83.3 1.0062 0.00 0.0M
455580.000 1966 COM2 65 0R0 170 0.8 19.4 83.7 1.0062 0.00 0.0M
455640.000 1966 COM2 65 0R0 205 0.6 19.3 84.1 1.0062 0.00 0.0M
455700.000 1966 COM2 65 0R0 207 1.0 19.3 84.3 1.0062 0.00 0.0M
455760.000 1966 COM2 65 0R0 208 0.9 19.2 84.8 1.0062 0.00 0.0M
455820.000 1966 COM2 65 0R0 187 0.8 19.2 84.9 1.0062 0.00 0.0M
455880.000 1966 COM2 65 0R0 178 0.8 19.1 85.0 1.0062 0.00 0.0M
455940.000 1966 COM2 65 0R0 219 0.9 19.1 85.2 1.0062 0.00 0.0M
456000.000 1966 COM2 65 0R0 204 0.6 19.1 85.3 1.0062 0.00 0.0M
456060.000 1966 COM2 65 0R0 196 0.6 19.1 84.9 1.0062 0.00 0.0M
456120.000 1966 COM2 65 0R0 130 0.6 19.1 85.1 1.0062 0.00 0.0M
456180.000 1966 COM2 65 0R0 222 0.9 19.1 85.6 1.0062 0.00 0.0M
456240.000 1966 COM2 65 0R0 222 0.8 19.0 85.7 1.0062 0.00 0.0M
456300.000 1966 COM2 65 0R0 254 0.7 19.0 85.7 1.0062 0.00 0.0M
456360.000 1966 COM2 65 0R0 265 0.3 19.0 85.7 1.0062 0.00 0.0M
456420.000 1966 COM2 65 0R0 223 0.4 19.0 85.7 1.0062 0.00 0.0M
456480.000 1966 COM2 65 0R0 263 0.5 19.0 85.7 1.0061 0.00 0.0M
456540.000 1966 COM2 65 0R0 217 0.7 19.0 85.7 1.0061 0.00 0.0M
456600.000 1966 COM2 65 0R0 259 0.2 19.0 85.6 1.0061 0.00 0.0M
456660.000 1966 COM2 65 0R0 136 0.4 19.0 85.7 1.0061 0.00 0.0M
456720.000 1966 COM2 65 0R0 210 0.6 19.0 85.6 1.0061 0.00 0.0M
456780.000 1966 COM2 65 0R0 241 0.3 19.0 85.5 1.0061 0.00 0.0M
456840.000 1966 COM2 65 0R0 232 0.6 19.0 85.6 1.0061 0.00 0.0M
456900.000 1966 COM2 65 0R0 230 0.6 19.0 85.8 1.0061 0.00 0.0M
456960.000 1966 COM2 65 0R0 243 0.4 19.0 85.7 1.0061 0.00 0.0M
457020.000 1966 COM2 65 0R0 229 0.3 19.0 85.4 1.0061 0.00 0.0M
457080.000 1966 COM2 65 0R0 258 0.4 19.0 85.6 1.0061 0.00 0.0M
457140.000 1966 COM2 65 0R0 245 0.3 19.0 85.7 1.0061 0.00 0.0M
457200.000 1966 COM2 65 0R0 249 0.6 19.0 85.5 1.0061 0.00 0.0M
457260.000 1966 COM2 65 0R0 266 0.6 18.9 85.7 1.0061 0.00 0.0M
457320.000 1966 COM2 65 0R0 280 0.4 18.9 85.6 1.0061 0.00 0.0M
457380.000 1966 COM2 65 0R0 288 0.6 19.0 85.5 1.0061 0.00 0.0M
457440.000 1966 COM2 65 0R0 266 0.5 19.0 85.4 1.0061 0.00 0.0M
457500.000 1966 COM2 65 0R0 252 0.5 19.0 85.3 1.0060 0.00 0.0M
457560.000 1966 COM2 65 0R0 263 1.0 19.0 85.2 1.0060 0.00 0.0M
457620.000 1966 COM2 65 0R0 255 0.8 19.0 84.9 1.0060 0.00 0.0M
457680.000 1966 COM2 65 0R0 255 0.8 19.0 84.9 1.0060 0.00 0.0M
457740.000 1966 COM2 65 0R0 248 0.8 19.0 84.9 1.0060 0.00 0.0M
457800.000 1966 COM2 65 0R0 266 0.8 19.0 84.8 1.0060 0.00 0.0M
457860.000 1966 COM2 65 0R0 259 0.6 19.0 84.9 1.0060 0.00 0.0M
457920.000 1966 COM2 65 0R0 268 0.6 19.0 84.7 1.0060 0.00 0.0M
457980.000 1966 COM2 65 0R0 272 1.1 19.0 84.7 1.0060 0.00 0.0M
458040.000 1966 COM2 65 0R0 216 0.4 19.0 84.4 1.0060 0.00 0.0M
458100.000 1966 COM2 65 0R0 263 1.1 19.1 84.3 1.0060 0.00 0.0M
458160.000 1966 COM2 65 0R0 238 0.5 19.1 84.1 1.0060 0.00 0.0M
458220.000 1966 COM2 65 0R0 272 1.0 19.1 83.8 1.0060 0.00 0.0M
458280.000 1966 COM2 65 0R0 285 1.1 19.1 83.5 1.0060 0.00 0.0M
458340.000 1966 COM2 65 0R0 299 0.3 19.1 83.4 1.0060 0.00 0.0M
458400.000 1966 COM2 65 0R0 305 1.2 19.2 83.2 1.0060 0.00 0.0M
458460.000 1966 COM2 65 0R0 268 1.2 19.2 83.1 1.0060 0.00 0.0M
458520.000 1966 COM2 65 0R0 331 0.2 19.2 83.0 1.0060 0.00 0.0M
458580.000 1966 COM2 65 0R0 280 1.3 19.2 82.8 1.0060 0.00 0.0M
458640.000 1966 COM2 65 0R0 294 0.8 19.2 82.7 1.0060 0.00 0.0M
458700.000 1966 COM2 65 0R0 294 1.2 19.3 82.5 1.0060 0.00 0.0M
458760.000 1966 COM2 65 0R0 334 0.2 19.3 82.3 1.0060 0.00 0.0M
458820.000 1966 COM2 65 0R0 314 0.8 19.3 82.3 1.0060 0.00 0.0M
458880.000 1966 COM2 65 0R0 327 0.4 19.3 82.0 1.0060 0.00 0.0M
458940.000 1966 COM2 65 0R0 310 0.9 19.3 81.9 1.0060 0.00 0.0M
459000.000 1966 COM2 65 0R0 260 0.1 19.3 81.7 1.0060 0.00 0.0M
459060.000 1966 COM2 65 0R0 328 0.6 19.3 81.8 1.0060 0.00 0.0M
459120.000 1966 COM2 65 0R0 333 0.6 19.3 81.9 1.0060 0.00 0.0M
459180.000 1966 COM2 65 0R0 239 0.2 19.3 81.9 1.0060 0.00 0.0M
459240.000 1966 COM2 65 0R0 010 0.4 19.3 82.0 1.0060 0.00 0.0M
459300.000 1966 COM2 65 0R0 015 0.3 19.3 81.9 1.0060 0.00 0.0M
459360.000 1966 COM2 65 0R0 328 0.4 19.3 82.1 1.0060 0.00 0.0M
459420.000 1966 COM2 65 0R0 311 1.0 19.3 82.1 1.0061 0.00 0.0M
459480.000 1966 COM2 65 0R0 005 0.5 19.3 82.3 1.0061 0.00 0.0M
459540.000 1966 COM2 65 0R0 291 1.1 19.2 82.5 1.0061 0.00 0.0M
459600.000 1966 COM2 65 0R0 279 0.2 19.2 82.3 1.0061 0.00 0.0M
459660.000 1966 COM2 65 0R0 311 0.4 19.2 82.6 1.0061 0.00 0.0M
459720.000 1966 COM2 65 0R0 311 0.3 19.2 82.5 1.0061 0.00 0.0M
459780.000 1966 COM2 65 0R0 335 0.7 19.2 82.8 1.0061 0.00 0.0M
459840.000 1966 COM2 65 0R0 326 1.3 19.2 82.8 1.0061 0.00 0.0M
459900.000 1966 COM2 65 0R0 298 0.7 19.1 82.8 1.0061 0.00 0.0M
459960.000 1966 COM2 65 0R0 312 1.8 19.1 82.9 1.0061 0.00 0.0M
460020.000 1966 COM2 65 0R0 282 1.3 19.1 82.9 1.0061 0.00 0.0M
460080.000 1966 COM2 65 0R0 330 0.9 19.1 82.9 1.0061 0.00 0.0M
460140.000 1966 COM2 65 0R0 318 1.4 19.1 83.1 1.0061 0.00 0.0M
460200.000 1966 COM2 65 0R0 006 0.4 19.1 83.2 1.0061 0.00 0.0M
460260.000 1966 COM2 65 0R0 342 0.7 19.0 83.3 1.0061 0.00 0.0M
460320.000 1966 COM2 65 0R0 355 0.7 19.0 83.4 1.0061 0.00 0.0M
460380.000 1966 COM2 65 0R0 002 0.5 19.0 83.4 1.0061 0.00 0.0M
460440.000 1966 COM2 65 0R0 334 0.5 19.0 83.5 1.0061 0.00 0.0M
460500.000 1966 COM2 65 0R0 308 0.9 19.0 83.7 1.0061 0.00 0.0M
460560.000 1966 COM2 65 0R0 340 0.2 18.9 83.8 1.0061 0.00 0.0M
460620.000 1966 COM2 65 0R0 284 0.8 18.9 83.7 1.0061 0.00 0.0M
460680.000 1966 COM2 65 0R0 246 0.2 18.9 83.6 1.0061 0.00 0.0M
460740.000 1966 COM2 65 0R0 309 0.2 18.9 83.5 1.0061 0.00 0.0M
460800.000 1966 COM2 65 0R0 349 0.3 18.9 84.0 1.0061 0.00 0.0M
460860.000 1966 COM2 65 0R0 114 0.4 18.9 84.0 1.0061 0.00 0.0M
460920.000 1966 COM2 65 0R0 170 0.2 18.9 83.7 1.0061 0.00 0.0M
460980.000 1966 COM2 65 0R0 288 0.3 18.9 83.8 1.0061 0.00 0.0M
461040.000 1966 COM2 65 0R0 271 0.9 18.9 84.0 1.0061 0.00 0.0M
461100.000 1966 COM2 65 0R0 266 1.1 18.9 84.2 1.0061 0.00 0.0M
461160.000 1966 COM2 65 0R0 270 0.4 18.9 84.2 1.0061 0.00 0.0M
461220.100 1966 COM2 65 0R0 232 0.4 18.9 84.2 1.0062 0.00 0.0M
461280.000 1966 COM2 65 0R0 316 0.2 18.9 84.2 1.0062 0.00 0.0M
461340.000 1966 COM2 65 0R0 176 0.4 18.8 84.0 1.0062 0.00 0.0M
461400.000 1966 COM2 65 0R0 219 0.4 18.8 84.0 1.0062 0.00 0.0M
461460.000 1966 COM2 65 0R0 246 0.5 18.9 84.2 1.0062 0.00 0.0M
461520.000 1966 COM2 65 0R0 234 1.0 18.9 84.3 1.0062 0.00 0.0M
461580.000 1966 COM2 65 0R0 251 0.9 18.9 84.5 1.0062 0.00 0.0M
461640.000 1966 COM2 65 0R0 245 0.8 18.8 84.6 1.0062 0.00 0.0M
461700.000 1966 COM2 65 0R0 220 0.5 18.8 84.6 1.0062 0.00 0.0M
461760.000 1966 COM2 65 0R0 297 0.4 18.8 84.8 1.0062 0.00 0.0M
461820.000 1966 COM2 65 0R0 196 0.4 18.8 84.7 1.0062 0.00 0.0M
461880.000 1966 COM2 65 0R0 257 1.1 18.8 84.9 1.0062 0.00 0.0M
461940.000 1966 COM2 65 0R0 257 0.9 18.8 85.0 1.0062 0.00 0.0M
462000.000 1966 COM2 65 0R0 290 0.5 18.7 85.0 1.0062 0.00 0.0M
462060.000 1966 COM2 65 0R0 187 0.3 18.7 85.0 1.0062 0.00 0.0M
462120.000 1966 COM2 65 0R0 260 1.1 18.7 84.9 1.0062 0.00 0.0M
462180.000 1966 COM2 65 0R0 288 1.5 18.7 84.9 1.0062 0.00 0.0M
462240.000 1966 COM2 65 0R0 211 0.5 18.7 84.9 1.0062 0.00 0.0M
462300.000 1966 COM2 65 0R0 279 1.1 18.7 85.0 1.0062 0.00 0.0M
462360.000 1966 COM2 65 0R0 324 0.2 18.7 84.8 1.0062 0.00 0.0M
462420.000 1966 COM2 65 0R0 262 1.1 18.7 84.9 1.0062 0.00 0.0M
462480.000 1966 COM2 65 0R0 273 1.0 18.7 84.8 1.0062 0.00 0.0M
462540.000 1966 COM2 65 0R0 270 1.1 18.7 84.8 1.0062 0.00 0.0M
462600.000 1966 COM2 65 0R0 278 1.7 18.8 84.7 1.0062 0.00 0.0M
462660.000 1966 COM2 65 0R0 261 1.0 18.8 84.6 1.0062 0.00 0.0M
462720.000 1966 COM2 65 0R0 284 0.6 18.7 84.5 1.0062 0.00 0.0M
462780.000 1966 COM2 65 0R0 281 0.5 18.8 84.4 1.0062 0.00 0.0M
462840.000 1966 COM2 65 0R0 273 1.3 18.8 84.4 1.0062 0.00 0.0M
462900.000 1966 COM2 65 0R0 261 1.4 18.8 84.3 1.0063 0.00 0.0M
462960.000 1966 COM2 65 0R0 276 1.1 18.8 84.3 1.0063 0.00 0.0M
463020.000 1966 COM2 65 0R0 268 0.9 18.8 84.3 1.0063 0.00 0.0M
463080.000 1966 COM2 65 0R0 256 0.5 18.8 84.2 1.0063 0.00 0.0M
463140.000 1966 COM2 65 0R0 292 1.0 18.8 84.2 1.0063 0.00 0.0M
463200.000 1966 COM2 65 0R0 276 1.5 18.8 84.3 1.0063 0.00 0.0M
463260.000 1966 COM2 65 0R0 270 1.4 18.8 84.2 1.0063 0.00 0.0M
463320.000 1966 COM2 65 0R0 257 0.6 18.8 84.2 1.0064 0.00 0.0M
463380.000 1966 COM2 65 0R0 237 0.2 18.8 84.1 1.0064 0.00 0.0M
463440.000 1966 COM2 65 0R0 276 1.4 18.8 84.2 1.0064 0.00 0.0M
463500.000 1966 COM2 65 0R0 180 0.1 18.8 84.0 1.0064 0.00 0.0M
463560.000 1966 COM2 65 0R0 333 0.2 18.8 84.0 1.0064 0.00 0.0M
463620.000 1966 COM2 65 0R0 260 2.0 18.8 84.2 1.0064 0.00 0.0M
463680.000 1966 COM2 65 0R0 277 0.8 18.8 84.2 1.0064 0.00 0.0M
463740.000 1966 COM2 65 0R0 241 1.0 18.8 84.1 1.0063 0.00 0.0M
463800.000 1966 COM2 65 0R0 290 1.3 18.7 84.1 1.0064 0.00 0.0M
463860.000 1966 COM2 65 0R0 280 1.3 18.7 84.0 1.0063 0.00 0.0M
463920.000 1966 COM2 65 0R0 280 1.9 18.7 84.0 1.0063 0.00 0.0M
463980.000 1966 COM2 65 0R0 265 1.0 18.7 83.9 1.0063 0.00 0.0M
464040.000 1966 COM2 65 0R0 271 1.0 18.7 83.9 1.0063 0.00 0.0M
464100.000 1966 COM2 65 0R0 285 1.9 18.8 83.8 1.0063 0.00 0.0M
464160.000 1966 COM2 65 0R0 297 0.7 18.8 83.7 1.0064 0.00 0.0M
464220.000 1966 COM2 65 0R0 254 0.8 18.8 83.6 1.0063 0.00 0.0M
464280.000 1966 COM2 65 0R0 289 1.2 18.8 83.6 1.0064 0.00 0.0M
464340.000 1966 COM2 65 0R0 291 2.1 18.8 83.5 1.0063 0.00 0.0M
464400.000 1966 COM2 65 0R0 287 2.8 18.8 83.4 1.0063 0.00 0.0M
464460.000 1966 COM2 65 0R0 280 2.1 18.8 83.3 1.0063 0.00 0.0M
464520.000 1966 COM2 65 0R0 261 0.4 18.8 83.0 1.0063 0.00 0.0M
464580.000 1966 COM2 65 0R0 345 0.9 18.9 82.9 1.0064 0.00 0.0M
464640.000 1966 COM2 65 0R0 007 0.4 18.9 82.8 1.0064 0.00 0.0M
464700.000 1966 COM2 65 0R0 014 0.2 18.9 82.9 1.0064 0.00 0.0M
464760.000 1966 COM2 65 0R0 282 1.5 18.9 82.7 1.0064 0.00 0.0M
464820.000 1966 COM2 65 0R0 289 1.4 18.9 82.8 1.0064 0.00 0.0M
464880.000 1966 COM2 65 0R0 241 0.4 18.9 82.7 1.0064 0.00 0.0M
464940.000 1966 COM2 65 0R0 337 0.3 18.9 82.6 1.0064 0.00 0.0M
465000.000 1966 COM2 65 0R0 266 1.9 18.9 82.7 1.0064 0.00 0.0M
465060.000 1966 COM2 65 0R0 225 0.2 18.9 82.7 1.0064 0.00 0.0M
465120.000 1966 COM2 65 0R0 318 1.4 18.9 82.8 1.0064 0.00 0.0M
465180.000 1966 COM2 65 0R0 303 2.3 18.9 82.9 1.0064 0.00 0.0M
465240.000 1966 COM2 65 0R0 277 2.0 18.8 83.0 1.0064 0.00 0.0M
465300.000 1966 COM2 65 0R0 277 1.9 18.8 83.1 1.0064 0.00 0.0M
465360.000 1966 COM2 65 0R0 287 2.0 18.8 83.1 1.0064 0.00 0.0M
465420.000 1966 COM2 65 0R0 309 2.0 18.8 83.1 1.0064 0.00 0.0M
465480.000 1966 COM2 65 0R0 291 1.1 18.8 83.2 1.0064 0.00 0.0M
465540.000 1966 COM2 65 0R0 292 2.3 18.8 83.2 1.0064 0.00 0.0M
465600.000 1966 COM2 65 0R0 314 1.9 18.7 83.1 1.0064 0.00 0.0M
465660.000 1966 COM2 65 0R0 201 0.7 18.7 83.1 1.0064 0.00 0.0M
465720.000 1966 COM2 65 0R0 324 0.7 18.7 83.2 1.0064 0.00 0.0M
465780.000 1966 COM2 65 0R0 025 0.4 18.7 83.0 1.0064 0.00 0.0M
465840.000 1966 COM2 65 0R0 334 1.2 18.7 83.0 1.0064 0.00 0.0M
465900.000 1966 COM2 65 0R0 315 0.4 18.7 83.1 1.0064 0.00 0.0M
465960.000 1966 COM2 65 0R0 305 1.0 18.7 83.0 1.0064 0.00 0.0M
466020.000 1966 COM2 65 0R0 333 1.5 18.7 83.0 1.0064 0.00 0.0M
466080.000 1966 COM2 65 0R0 206 0.4 18.7 83.0 1.0064 0.00 0.0M
466140.000 1966 COM2 65 0R0 302 1.6 18.7 82.8 1.0065 0.00 0.0M
466200.000 1966 COM2 65 0R0 327 0.9 18.7 82.8 1.0065 0.00 0.0M
466260.000 1966 COM2 65 0R0 310 1.0 18.7 82.8 1.0065 0.00 0.0M
466320.000 1966 COM2 65 0R0 014 0.2 18.7 82.9 1.0065 0.00 0.0M
466380.000 1966 COM2 65 0R0 282 1.7 18.7 83.1 1.0065 0.00 0.0M
466440.000 1966 COM2 65 0R0 308 1.2 18.7 83.0 1.0065 0.00 0.0M
466500.000 1966 COM2 65 0R0 253 1.2 18.7 83.1 1.0066 0.00 0.0M
466560.000 1966 COM2 65 0R0 285 0.5 18.7 83.1 1.0066 0.00 0.0M
466620.000 1966 COM2 65 0R0 307 1.6 18.7 83.2 1.0066 0.00 0.0M
466680.000 1966 COM2 65 0R0 281 1.4 18.6 83.2 1.0066 0.00 0.0M
466740.000 1966 COM2 65 0R0 273 0.8 18.6 83.3 1.0066 0.00 0.0M
466800.000 1966 COM2 65 0R0 262 1.3 18.6 83.3 1.0066 0.00 0.0M
466860.000 1966 COM2 65 0R0 264 0.4 18.6 83.3 1.0066 0.00 0.0M
466920.000 1966 COM2 65 0R0 241 0.3 18.6 83.2 1.0066 0.00 0.0M
466980.000 1966 COM2 65 0R0 240 0.3 18.6 83.3 1.0066 0.00 0.0M
467040.000 1966 COM2 65 0R0 286 1.0 18.6 83.2 1.0066 0.00 0.0M
467100.000 1966 COM2 65 0R0 282 1.2 18.6 83.3 1.0067 0.00 0.0M
467160.000 1966 COM2 65 0R0 243 1.0 18.6 83.3 1.0067 0.00 0.0M
467220.000 1966 COM2 65 0R0 236 0.3 18.6 83.2 1.0067 0.00 0.0M
467280.000 1966 COM2 65 0R0 253 0.5 18.6 83.2 1.0067 0.00 0.0M
467340.000 1966 COM2 65 0R0 277 1.4 18.6 83.3 1.0067 0.00 0.0M
467400.000 1966 COM2 65 0R0 276 1.4 18.6 83.2 1.0067 0.00 0.0M
467460.000 1966 COM2 65 0R0 286 1.5 18.6 83.2 1.0067 0.00 0.0M
467520.000 1966 COM2 65 0R0 306 0.1 18.6 83.2 1.0068 0.00 0.0M
467580.000 1966 COM2 65 0R0 233 0.2 18.6 83.1 1.0068 0.00 0.0M
467640.000 1966 COM2 65 0R0 330 0.3 18.5 83.2 1.0068 0.00 0.0M
467700.000 1966 COM2 65 0R0 293 0.5 18.5 83.1 1.0068 0.00 0.0M
467760.000 1966 COM2 65 0R0 278 0.3 18.5 83.1 1.0068 0.00 0.0M
467820.000 1966 COM2 65 0R0 228 0.3 18.5 83.4 1.0068 0.00 0.0M
467880.000 1966 COM2 65 0R0 277 0.5 18.5 83.4 1.0068 0.00 0.0M
467940.000 1966 COM2 65 0R0 254 0.6 18.5 83.3 1.0068 0.00 0.0M
468000.000 1966 COM2 65 0R0 274 1.1 18.5 83.4 1.0068 0.00 0.0M
468060.000 1966 COM2 65 0R0 212 0.3 18.5 83.2 1.0068 0.00 0.0M
468120.000 1966 COM2 65 0R0 252 0.5 18.5 83.3 1.0067 0.00 0.0M
468180.000 1966 COM2 65 0R0 183 0.4 18.5 82.9 1.0068 0.00 0.0M
468240.000 1966 COM2 65 0R0 198 0.1 18.5 82.9 1.0068 0.00 0.0M
468300.000 1966 COM2 65 0R0 168 0.1 18.5 82.5 1.0068 0.00 0.0M
468360.000 1966 COM2 65 0R0 157 0.2 18.5 82.1 1.0068 0.00 0.0M
468420.000 1966 COM2 65 0R0 161 0.2 18.4 82.5 1.0069 0.00 0.0M
468480.000 1966 COM2 65 0R0 108 0.5 18.5 83.0 1.0069 0.00 0.0M
468540.000 1966 COM2 65 0R0 105 0.4 18.4 82.7 1.0069 0.00 0.0M
468600.000 1966 COM2 65 0R0 091 0.3 18.4 82.9 1.0069 0.00 0.0M
468660.000 1966 COM2 65 0R0 087 0.1 18.4 82.6 1.0069 0.00 0.0M
468720.000 1966 COM2 65 0R0 111 0.5 18.4 82.6 1.0069 0.00 0.0M
468780.000 1966 COM2 65 0R0 153 0.2 18.4 82.8 1.0069 0.00 0.0M
468840.000 1966 COM2 65 0R0 345 0.2 18.3 82.4 1.0069 0.00 0.0M
468900.100 1966 COM2 65 0R0 061 0.2 18.3 82.5 1.0069 0.00 0.0M
468960.100 1966 COM2 65 0R0 343 0.1 18.3 82.5 1.0069 0.00 0.0M
469020.000 1966 COM2 65 0R0 327 0.1 18.3 83.1 1.0070 0.00 0.0M
469080.000 1966 COM2 65 0R0 117 0.4 18.3 83.4 1.0070 0.00 0.0M
469140.000 1966 COM2 65 0R0 066 0.2 18.2 83.1 1.0070 0.00 0.0M
469200.000 1966 COM2 65 0R0 250 0.3 18.2 82.9 1.0070 0.00 0.0M
469260.000 1966 COM2 65 0R0 116 0.0 18.2 83.6 1.0070 0.00 0.0M
469320.000 1966 COM2 65 0R0 048 0.2 18.2 84.2 1.0071 0.00 0.0M
469380.000 1966 COM2 65 0R0 216 0.2 18.1 84.0 1.0071 0.00 0.0M
469440.000 1966 COM2 65 0R0 173 0.5 18.1 84.5 1.0071 0.00 0.0M
469500.000 1966 COM2 65 0R0 286 0.4 18.1 84.4 1.0071 0.00 0.0M
469560.000 1966 COM2 65 0R0 302 0.2 18.1 84.9 1.0072 0.00 0.0M
469620.000 1966 COM2 65 0R0 255 0.5 18.1 85.0 1.0072 0.00 0.0M
469680.000 1966 COM2 65 0R0 248 0.3 18.1 85.1 1.0072 0.00 0.0M
469740.000 1966 COM2 65 0R0 245 0.4 18.0 85.3 1.0072 0.00 0.0M
469800.000 1966 COM2 65 0R0 225 0.4 18.0 85.3 1.0072 0.00 0.0M
469860.000 1966 COM2 65 0R0 086 0.2 18.0 84.8 1.0072 0.00 0.0M
469920.000 1966 COM2 65 0R0 209 0.4 18.0 84.8 1.0073 0.00 0.0M
469980.000 1966 COM2 65 0R0 344 0.2 18.0 84.6 1.0073 0.00 0.0M
470040.000 1966 COM2 65 0R0 219 0.3 18.0 84.9 1.0073 0.00 0.0M
470100.000 1966 COM2 65 0R0 249 0.2 18.0 84.8 1.0073 0.00 0.0M
470160.000 1966 COM2 65 0R0 187 0.1 18.1 84.8 1.0073 0.00 0.0M
470220.000 1966 COM2 65 0R0 221 0.3 18.1 84.8 1.0073 0.00 0.0M
470280.000 1966 COM2 65 0R0 053 0.2 18.1 84.8 1.0073 0.00 0.0M
470340.000 1966 COM2 65 0R0 097 0.2 18.1 84.8 1.0074 0.00 0.0M
470400.000 1966 COM2 65 0R0 032 0.1 18.1 84.8 1.0074 0.00 0.0M
470460.000 1966 COM2 65 0R0 077 0.1 18.1 85.0 1.0074 0.00 0.0M
470520.000 1966 COM2 65 0R0 166 0.4 18.1 85.0 1.0074 0.00 0.0M
470580.000 1966 COM2 65 0R0 054 0.1 18.0 85.0 1.0074 0.00 0.0M
470640.000 1966 COM2 65 0R0 107 0.1 18.0 85.0 1.0074 0.00 0.0M
470700.000 1966 COM2 65 0R0 173 0.2 18.0 85.0 1.0074 0.00 0.0M
470760.000 1966 COM2 65 0R0 021 0.3 18.0 84.6 1.0075 0.00 0.0M
470820.000 1966 COM2 65 0R0 121 0.1 18.0 84.8 1.0075 0.00 0.0M
470880.000 1966 COM2 65 0R0 134 0.4 18.0 84.7 1.0075 0.00 0.0M
470940.000 1966 COM2 65 0R0 138 0.3 18.0 84.8 1.0075 0.00 0.0M
471000.000 1966 COM2 65 0R0 107 0.4 18.0 84.9 1.0076 0.00 0.0M
471060.000 1966 COM2 65 0R0 159 0.3 18.0 84.7 1.0076 0.00 0.0M
471120.000 1966 COM2 65 0R0 096 0.1 17.9 84.4 1.0076 0.00 0.0M
471180.000 1966 COM2 65 0R0 149 0.5 17.9 84.0 1.0076 0.00 0.0M
471240.000 1966 COM2 65 0R0 182 0.2 17.9 84.3 1.0076 0.00 0.0M
471300.000 1966 COM2 65 0R0 141 0.3 17.9 84.3 1.0076 0.00 0.0M
471360.000 1966 COM2 65 0R0 127 0.5 17.9 84.4 1.0077 0.00 0.0M
471420.000 1966 COM2 65 0R0 179 0.1 17.8 84.1 1.0077 0.00 0.0M
471480.000 1966 COM2 65 0R0 227 0.0 17.8 84.2 1.0077 0.00 0.0M
471540.000 1966 COM2 65 0R0 052 0.2 17.8 84.2 1.0077 0.00 0.0M
471600.000 1966 COM2 65 0R0 334 0.1 17.8 84.6 1.0077 0.00 0.0M
471660.000 1966 COM2 65 0R0 198 0.3 17.8 85.1 1.0077 0.00 0.0M
471720.000 1966 COM2 65 0R0 232 0.3 17.8 85.0 1.0077 0.00 0.0M
471780.000 1966 COM2 65 0R0 271 0.8 17.8 85.4 1.0078 0.00 0.0M
471840.000 1966 COM2 65 0R0 250 0.4 17.7 85.7 1.0078 0.00 0.0M
471900.000 1966 COM2 65 0R0 241 0.4 17.7 85.5 1.0078 0.00 0.0M
471960.000 1966 COM2 65 0R0 262 0.4 17.7 85.7 1.0078 0.00 0.0M
472020.000 1966 COM2 65 0R0 247 0.3 17.7 85.6 1.0078 0.00 0.0M
472080.000 1966 COM2 65 0R0 241 0.3 17.8 85.8 1.0078 0.00 0.0M
472140.000 1966 COM2 65 0R0 261 0.2 17.8 85.6 1.0078 0.00 0.0M
472200.000 1966 COM2 65 0R0 041 0.1 17.8 85.4 1.0078 0.00 0.0M
472260.000 1966 COM2 65 0R0 167 0.1 17.8 85.6 1.0078 0.00 0.0M
472320.000 1966 COM2 65 0R0 074 0.1 17.8 85.2 1.0079 0.00 0.0M
472380.000 1966 COM2 65 0R0 047 0.2 17.8 84.8 1.0079 0.00 0.0M
472440.000 1966 COM2 65 0R0 180 0.4 17.8 84.4 1.0079 0.00 0.0M
472500.000 1966 COM2 65 0R0 188 0.4 17.8 84.5 1.0080 0.00 0.0M
472560.000 1966 COM2 65 0R0 168 0.2 17.9 84.5 1.0080 0.00 0.0M
472620.000 1966 COM2 65 0R0 295 0.1 17.9 84.4 1.0080 0.00 0.0M
472680.000 1966 COM2 65 0R0 105 0.5 17.9 84.6 1.0080 0.00 0.0M
472740.000 1966 COM2 65 0R0 179 0.3 17.9 84.7 1.0080 0.00 0.0M
472800.000 1966 COM2 65 0R0 186 0.7 17.8 84.5 1.0080 0.00 0.0M
472860.000 1966 COM2 65 0R0 158 0.3 17.8 84.6 1.0081 0.00 0.0M
472920.000 1966 COM2 65 0R0 130 0.4 17.8 84.5 1.0081 0.00 0.0M
472980.000 1966 COM2 65 0R0 128 0.5 17.8 84.4 1.0081 0.00 0.0M
473040.000 1966 COM2 65 0R0 174 0.6 17.8 84.8 1.0081 0.00 0.0M
473100.000 1966 COM2 65 0R0 175 1.2 17.8 85.0 1.0081 0.00 0.0M
473160.000 1966 COM2 65 0R0 191 1.6 17.8 85.6 1.0082 0.00 0.0M
473220.000 1966 COM2 65 0R0 206 1.4 17.7 86.1 1.0082 0.00 0.0M
473280.000 1966 COM2 65 0R0 203 1.4 17.7 86.3 1.0082 0.00 0.0M
473340.000 1966 COM2 65 0R0 215 1.2 17.7 86.4 1.0082 0.00 0.0M
473400.000 1966 COM2 65 0R0 249 0.2 17.7 86.4 1.0082 0.00 0.0M
473460.000 1966 COM2 65 0R0 244 0.5 17.7 86.2 1.0082 0.00 0.0M
473520.000 1966 COM2 65 0R0 243 0.4 17.8 86.0 1.0082 0.00 0.0M
473580.000 1966 COM2 65 0R0 225 0.4 17.9 85.8 1.0082 0.00 0.0M
473640.000 1966 COM2 65 0R0 214 0.7 18.0 85.7 1.0082 0.00 0.0M
473700.000 1966 COM2 65 0R0 214 0.3 18.0 85.3 1.0082 0.00 0.0M
473760.000 1966 COM2 65 0R0 169 0.3 18.1 85.1 1.0082 0.00 0.0M
473820.000 1966 COM2 65 0R0 245 0.3 18.2 84.9 1.0082 0.00 0.0M
473880.000 1966 COM2 65 0R0 312 0.6 18.3 84.7 1.0082 0.00 0.0M
473940.000 1966 COM2 65 0R0 294 0.6 18.3 84.4 1.0082 0.00 0.0M
474000.000 1966 COM2 65 0R0 267 1.3 18.4 84.3 1.0082 0.00 0.0M
474060.000 1966 COM2 65 0R0 263 0.9 18.4 84.2 1.0082 0.00 0.0M
474120.000 1966 COM2 65 0R0 181 0.9 18.5 84.1 1.0082 0.00 0.0M
474180.000 1966 COM2 65 0R0 319 0.6 18.5 84.0 1.0083 0.00 0.0M
474240.000 1966 COM2 65 0R0 271 1.1 18.5 83.8 1.0083 0.00 0.0M
474300.000 1966 COM2 65 0R0 275 1.0 18.6 83.7 1.0083 0.00 0.0M
474360.000 1966 COM2 65 0R0 244 0.6 18.6 83.6 1.0083 0.00 0.0M
474420.000 1966 COM2 65 0R0 246 0.6 18.6 83.4 1.0083 0.00 0.0M
474480.000 1966 COM2 65 0R0 227 0.8 18.7 83.3 1.0083 0.00 0.0M
474540.000 1966 COM2 65 0R0 264 0.8 18.8 82.8 1.0083 0.00 0.0M
474600.000 1966 COM2 65 0R0 197 0.7 18.9 82.3 1.0083 0.00 0.0M
474660.000 1966 COM2 65 0R0 243 0.6 19.0 82.3 1.0083 0.00 0.0M
474720.000 1966 COM2 65 0R0 288 0.8 19.0 82.1 1.0083 0.00 0.0M
474780.000 1966 COM2 65 0R0 283 1.2 19.1 81.4 1.0083 0.00 0.0M
474840.000 1966 COM2 65 0R0 266 0.6 19.2 81.1 1.0083 0.00 0.0M
474900.000 1966 COM2 65 0R0 243 1.0 19.2 80.9 1.0083 0.00 0.0M
474960.000 1966 COM2 65 0R0 196 0.8 19.3 81.0 1.0083 0.00 0.0M
475020.000 1966 COM2 65 0R0 257 0.8 19.3 80.8 1.0083 0.00 0.0M
475080.000 1966 COM2 65 0R0 268 0.7 19.3 80.6 1.0083 0.00 0.0M
475140.000 1966 COM2 65 0R0 235 0.5 19.4 80.5 1.0083 0.00 0.0M
475200.000 1966 COM2 65 0R0 189 0.5 19.4 80.2 1.0083 0.00 0.0M
475260.000 1966 COM2 65 0R0 297 0.3 19.5 80.1 1.0083 0.00 0.0M
475320.000 1966 COM2 65 0R0 208 0.6 19.6 79.4 1.0083 0.00 0.0M
475380.000 1966 COM2 65 0R0 272 1.1 19.7 79.2 1.0084 0.00 0.0M
475440.000 1966 COM2 65 0R0 247 0.8 19.7 78.8 1.0084 0.00 0.0M
475500.000 1966 COM2 65 0R0 220 0.6 19.8 78.8 1.0084 0.00 0.0M
475560.000 1966 COM2 65 0R0 218 0.4 19.9 78.6 1.0084 0.00 0.0M
475620.000 1966 COM2 65 0R0 245 1.0 19.9 78.0 1.0084 0.00 0.0M
475680.000 1966 COM2 65 0R0 225 1.1 20.0 77.7 1.0084 0.00 0.0M
475740.000 1966 COM2 65 0R0 246 0.9 20.0 78.0 1.0084 0.00 0.0M
475800.000 1966 COM2 65 0R0 240 0.8 19.9 78.1 1.0084 0.00 0.0M
475860.000 1966 COM2 65 0R0 250 1.2 19.9 78.1 1.0084 0.00 0.0M
475920.000 1966 COM2 65 0R0 335 0.4 19.9 78.2 1.0084 0.00 0.0M
475980.000 1966 COM2 65 0R0 237 0.6 19.9 78.1 1.0084 0.00 0.0M
476040.000 1966 COM2 65 0R0 245 0.5 19.9 77.9 1.0084 0.00 0.0M
476100.000 1966 COM2 65 0R0 237 0.6 20.0 77.8 1.0084 0.00 0.0M
476160.000 1966 COM2 65 0R0 245 0.6 20.1 77.7 1.0084 0.00 0.0M
476220.000 1966 COM2 65 0R0 199 1.3 20.1 77.1 1.0084 0.00 0.0M
476280.000 1966 COM2 65 0R0 224 0.6 20.1 77.3 1.0085 0.00 0.0M
476340.000 1966 COM2 65 0R0 261 0.4 20.1 77.3 1.0085 0.00 0.0M
476400.000 1966 COM2 65 0R0 281 1.1 20.2 77.0 1.0085 0.00 0.0M
476460.000 1966 COM2 65 0R0 289 0.6 20.3 76.8 1.0085 0.00 0.0M
476520.000 1966 COM2 65 0R0 249 0.4 20.4 76.3 1.0086 0.00 0.0M
476580.000 1966 COM2 65 0R0 242 1.3 20.5 76.2 1.0086 0.00 0.0M
476640.000 1966 COM2 65 0R0 228 0.5 20.5 76.2 1.0086 0.00 0.0M
476700.000 1966 COM2 65 0R0 252 0.6 20.6 76.3 1.0086 0.00 0.0M
476760.000 1966 COM2 65 0R0 178 0.6 20.6 76.0 1.0086 0.00 0.0M
476820.000 1966 COM2 65 0R0 171 0.3 20.7 75.7 1.0086 0.00 0.0M
476880.000 1966 COM2 65 0R0 283 1.8 20.7 75.1 1.0086 0.00 0.0M
476940.000 1966 COM2 65 0R0 284 1.9 20.8 74.8 1.0086 0.00 0.0M
477000.000 1966 COM2 65 0R0 298 1.4 20.8 74.7 1.0086 0.00 0.0M
477060.000 1966 COM2 65 0R0 272 0.8 20.8 75.0 1.0086 0.00 0.0M
477120.000 1966 COM2 65 0R0 237 0.5 20.7 75.1 1.0086 0.00 0.0M
477180.000 1966 COM2 65 0R0 296 1.9 20.7 75.0 1.0086 0.00 0.0M
477240.000 1966 COM2 65 0R0 287 2.8 20.5 75.5 1.0086 0.00 0.0M
477300.000 1966 COM2 65 0R0 286 2.3 20.5 75.7 1.0086 0.00 0.0M
477360.000 1966 COM2 65 0R0 346 1.8 20.4 76.0 1.0087 0.00 0.0M
477420.000 1966 COM2 65 0R0 294 1.4 20.4 76.3 1.0087 0.00 0.0M
477480.000 1966 COM2 65 0R0 259 0.8 20.4 76.5 1.0086 0.00 0.0M
477540.000 1966 COM2 65 0R0 031 0.2 20.4 76.4 1.0086 0.00 0.0M
477600.000 1966 COM2 65 0R0 308 2.2 20.5 76.0 1.0087 0.00 0.0M
477660.000 1966 COM2 65 0R0 317 2.0 20.6 76.0 1.0087 0.00 0.0M
477720.000 1966 COM2 65 0R0 353 1.1 20.6 75.9 1.0087 0.00 0.0M
477780.000 1966 COM2 65 0R0 094 1.0 20.7 76.0 1.0087 0.00 0.0M
477840.000 1966 COM2 65 0R0 196 0.7 20.8 75.4 1.0087 0.00 0.0M
477900.000 1966 COM2 65 0R0 267 1.2 20.9 74.9 1.0088 0.00 0.0M
477960.000 1966 COM2 65 0R0 291 1.2 21.0 74.6 1.0088 0.00 0.0M
478020.000 1966 COM2 65 0R0 166 0.5 21.1 74.5 1.0088 0.00 0.0M
478080.000 1966 COM2 65 0R0 290 2.0 21.2 73.8 1.0088 0.00 0.0M
478140.000 1966 COM2 65 0R0 138 0.5 21.3 74.0 1.0088 0.00 0.0M
478200.000 1966 COM2 65 0R0 286 3.0 21.3 73.3 1.0088 0.00 0.0M
478260.000 1966 COM2 65 0R0 304 1.1 21.2 73.8 1.0089 0.00 0.0M
478320.000 1966 COM2 65 0R0 283 1.5 21.2 74.1 1.0089 0.00 0.0M
478380.000 1966 COM2 65 0R0 343 0.6 21.2 74.1 1.0089 0.00 0.0M
478440.000 1966 COM2 65 0R0 303 1.0 21.1 74.4 1.0089 0.00 0.0M
478500.000 1966 COM2 65 0R0 082 0.6 21.1 74.3 1.0089 0.00 0.0M
478560.000 1966 COM2 65 0R0 301 0.6 21.2 74.4 1.0089 0.00 0.0M
478620.000 1966 COM2 65 0R0 347 2.0 21.1 74.2 1.0089 0.00 0.0M
478680.000 1966 COM2 65 0R0 033 0.6 21.0 75.1 1.0089 0.00 0.0M
478740.000 1966 COM2 65 0R0 293 1.7 21.0 75.0 1.0090 0.00 0.0M
478800.000 1966 COM2 65 0R0 295 1.2 21.1 74.8 1.0090 0.00 0.0M
478860.000 1966 COM2 65 0R0 287 2.8 21.1 74.8 1.0090 0.00 0.0M
478920.000 1966 COM2 65 0R0 294 2.1 21.0 75.3 1.0090 0.00 0.0M
478980.000 1966 COM2 65 0R0 326 0.6 20.9 75.6 1.0090 0.00 0.0M
479040.000 1966 COM2 65 0R0 026 0.2 20.9 75.8 1.0090 0.00 0.0M
479100.000 1966 COM2 65 0R0 258 1.2 21.0 75.3 1.0091 0.00 0.0M
479160.000 1966 COM2 65 0R0 304 2.3 21.1 75.2 1.0091 0.00 0.0M
479220.000 1966 COM2 65 0R0 291 2.9 21.1 75.2 1.0091 0.00 0.0M
479280.000 1966 COM2 65 0R0 263 0.6 21.2 75.1 1.0091 0.00 0.0M
479340.000 1966 COM2 65 0R0 022 0.9 21.2 75.0 1.0090 0.00 0.0M
479400.000 1966 COM2 65 0R0 302 1.7 21.3 74.8 1.0090 0.00 0.0M
479460.000 1966 COM2 65 0R0 267 0.3 21.4 74.8 1.0091 0.00 0.0M
479520.000 1966 COM2 65 0R0 006 0.5 21.5 74.4 1.0091 0.00 0.0M
479580.000 1966 COM2 65 0R0 307 2.2 21.5 73.8 1.0091 0.00 0.0M
479640.000 1966 COM2 65 0R0 295 2.0 21.5 73.8 1.0091 0.00 0.0M
479700.000 1966 COM2 65 0R0 276 2.6 21.5 74.0 1.0091 0.00 0.0M
479760.000 1966 COM2 65 0R0 279 2.2 21.5 74.4 1.0092 0.00 0.0M
479820.000 1966 COM2 65 0R0 227 0.5 21.5 74.1 1.0092 0.00 0.0M
479880.000 1966 COM2 65 0R0 286 1.0 21.6 73.5 1.0092 0.00 0.0M
479940.000 1966 COM2 65 0R0 258 0.8 21.8 73.5 1.0092 0.00 0.0M
480000.000 1966 COM2 65 0R0 298 2.4 21.9 73.0 1.0092 0.00 0.0M
480060.000 1966 COM2 65 0R0 020 1.0 22.0 72.5 1.0092 0.00 0.0M
480120.000 1966 COM2 65 0R0 338 0.4 22.0 72.4 1.0092 0.00 0.0M
480180.000 1966 COM2 65 0R0 266 0.5 22.1 72.3 1.0092 0.00 0.0M
480240.000 1966 COM2 65 0R0 335 1.0 22.2 71.9 1.0092 0.00 0.0M
480300.000 1966 COM2 65 0R0 323 0.5 22.2 71.8 1.0092 0.00 0.0M
480360.000 1966 COM2 65 0R0 170 0.5 22.2 72.2 1.0092 0.00 0.0M
480420.000 1966 COM2 65 0R0 011 0.3 22.3 71.9 1.0092 0.00 0.0M
480480.000 1966 COM2 65 0R0 260 0.7 22.5 71.2 1.0092 0.00 0.0M
480540.000 1966 COM2 65 0R0 177 1.2 22.6 71.0 1.0092 0.00 0.0M
480600.000 1966 COM2 65 0R0 259 0.9 22.7 69.7 1.0093 0.00 0.0M
480660.000 1966 COM2 65 0R0 268 1.7 22.8 69.2 1.0093 0.00 0.0M
480720.000 1966 COM2 65 0R0 261 2.0 22.8 69.2 1.0093 0.00 0.0M
480780.000 1966 COM2 65 0R0 307 1.1 22.7 69.5 1.0093 0.00 0.0M
480840.000 1966 COM2 65 0R0 258 0.9 22.5 69.9 1.0093 0.00 0.0M
480900.000 1966 COM2 65 0R0 265 1.3 22.3 70.2 1.0093 0.00 0.0M
480960.000 1966 COM2 65 0R0 152 0.3 22.4 70.6 1.0093 0.00 0.0M
481020.000 1966 COM2 65 0R0 223 0.9 22.5 69.6 1.0093 0.00 0.0M
481080.000 1966 COM2 65 0R0 200 0.3 22.6 69.4 1.0093 0.00 0.0M
481140.000 1966 COM2 65 0R0 338 0.4 22.7 69.1 1.0093 0.00 0.0M
481200.000 1966 COM2 65 0R0 334 0.2 22.8 69.1 1.0093 0.00 0.0M
481260.000 1966 COM2 65 0R0 266 1.1 22.9 68.3 1.0093 0.00 0.0M
481320.000 1966 COM2 65 0R0 299 0.8 23.1 68.2 1.0093 0.00 0.0M
481380.000 1966 COM2 65 0R0 294 0.8 23.2 67.5 1.0093 0.00 0.0M
481440.000 1966 COM2 65 0R0 265 0.3 23.2 67.7 1.0094 0.00 0.0M
481500.000 1966 COM2 65 0R0 309 1.7 23.2 65.6 1.0094 0.00 0.0M
481560.000 1966 COM2 65 0R0 014 0.7 23.2 67.0 1.0093 0.00 0.0M
481620.000 1966 COM2 65 0R0 264 2.0 23.3 66.2 1.0093 0.00 0.0M
481680.000 1966 COM2 65 0R0 257 1.3 23.3 66.5 1.0093 0.00 0.0M
481740.000 1966 COM2 65 0R0 295 1.1 23.3 67.0 1.0093 0.00 0.0M
481800.000 1966 COM2 65 0R0 183 0.7 23.3 67.4 1.0093 0.00 0.0M
481860.000 1966 COM2 65 0R0 058 0.3 23.4 66.8 1.0093 0.00 0.0M
481920.000 1966 COM2 65 0R0 358 0.5 23.4 66.1 1.0093 0.00 0.0M
481980.100 1966 COM2 65 0R0 293 0.9 23.4 66.3 1.0093 0.00 0.0M
482040.000 1966 COM2 65 0R0 257 0.4 23.4 66.6 1.0094 0.00 0.0M
482100.000 1966 COM2 65 0R0 017 0.8 23.5 66.1 1.0094 0.00 0.0M
482160.000 1966 COM2 65 0R0 336 1.7 23.5 66.0 1.0094 0.00 0.0M
482220.000 1966 COM2 65 0R0 350 0.4 23.3 66.1 1.0095 0.00 0.0M
482280.000 1966 COM2 65 0R0 299 1.1 23.1 66.4 1.0095 0.00 0.0M
482340.000 1966 COM2 65 0R0 026 0.2 23.0 66.8 1.0095 0.00 0.0M
482400.000 1966 COM2 65 0R0 347 0.2 23.0 66.9 1.0095 0.00 0.0M
482460.000 1966 COM2 65 0R0 026 1.0 23.0 67.3 1.0095 0.00 0.0M
482520.000 1966 COM2 65 0R0 353 0.7 23.0 67.1 1.0095 0.00 0.0M
482640.000 1966 COM2 21 0T Unknown cmd error
482700.000 1966 COM2 65 0R0 047 1.4 22.9 67.5 1.0095 0.00 0.0M
482760.100 1966 COM2 65 0R0 028 0.9 22.9 68.0 1.0095 0.00 0.0M
482820.000 1966 COM2 65 0R0 073 0.4 23.0 67.2 1.0096 0.00 0.0M
482880.100 1966 COM2 65 0R0 092 0.7 23.1 67.2 1.0096 0.00 0.0M
482940.000 1966 COM2 65 0R0 301 0.4 23.2 67.0 1.0096 0.00 0.0M
483000.000 1966 COM2 65 0R0 349 0.4 23.3 66.6 1.0096 0.00 0.0M
483060.000 1966 COM2 65 0R0 355 0.5 23.5 66.0 1.0096 0.00 0.0M
483120.000 1966 COM2 65 0R0 271 0.4 23.7 65.5 1.0096 0.00 0.0M
483180.000 1966 COM2 65 0R0 022 0.9 23.9 64.7 1.0096 0.00 0.0M
483240.000 1966 COM2 65 0R0 307 0.2 24.0 64.1 1.0096 0.00 0.0M
483300.000 1966 COM2 65 0R0 291 2.2 24.0 64.6 1.0096 0.00 0.0M
483360.000 1966 COM2 65 0R0 216 2.5 24.0 64.2 1.0096 0.00 0.0M
483420.000 1966 COM2 65 0R0 235 1.2 23.9 64.6 1.0096 0.00 0.0M
483480.000 1966 COM2 65 0R0 192 1.3 23.8 64.5 1.0096 0.00 0.0M
483540.000 1966 COM2 65 0R0 212 1.2 23.8 64.7 1.0096 0.00 0.0M
483600.000 1966 COM2 65 0R0 258 2.5 23.8 64.4 1.0096 0.00 0.0M
483660.000 1966 COM2 65 0R0 276 2.1 23.9 64.3 1.0096 0.00 0.0M
483720.000 1966 COM2 65 0R0 197 1.2 23.8 64.0 1.0096 0.00 0.0M
483780.000 1966 COM2 65 0R0 259 1.1 23.7 64.8 1.0096 0.00 0.0M
483840.000 1966 COM2 65 0R0 264 1.9 23.7 64.7 1.0096 0.00 0.0M
483900.000 1966 COM2 65 0R0 285 1.6 23.7 64.4 1.0096 0.00 0.0M
483960.000 1966 COM2 65 0R0 195 0.7 23.7 65.1 1.0096 0.00 0.0M
484020.000 1966 COM2 65 0R0 353 0.5 23.6 65.2 1.0096 0.00 0.0M
484080.000 1966 COM2 65 0R0 218 1.0 23.7 64.6 1.0096 0.00 0.0M
484140.000 1966 COM2 65 0R0 154 0.5 23.8 64.7 1.0096 0.00 0.0M
484200.000 1966 COM2 65 0R0 154 1.7 23.9 64.5 1.0095 0.00 0.0M
484260.000 1966 COM2 65 0R0 110 0.9 24.2 63.6 1.0095 0.00 0.0M
484320.000 1966 COM2 65 0R0 060 0.3 24.1 64.0 1.0096 0.00 0.0M
484380.000 1966 COM2 65 0R0 252 0.4 24.1 63.6 1.0096 0.00 0.0M
484440.000 1966 COM2 65 0R0 349 0.2 24.2 63.6 1.0096 0.00 0.0M
484500.000 1966 COM2 65 0R0 274 1.1 24.4 62.9 1.0096 0.00 0.0M
484560.000 1966 COM2 65 0R0 313 1.2 24.6 62.3 1.0096 0.00 0.0M
484620.000 1966 COM2 65 0R0 303 0.8 24.6 62.3 1.0096 0.00 0.0M
484680.000 1966 COM2 65 0R0 262 1.2 24.5 61.3 1.0096 0.00 0.0M
484740.000 1966 COM2 65 0R0 208 0.9 24.4 62.0 1.0096 0.00 0.0M
484800.000 1966 COM2 65 0R0 264 0.5 24.3 62.4 1.0096 0.00 0.0M
484860.000 1966 COM2 65 0R0 081 0.6 24.3 62.2 1.0096 0.00 0.0M
484920.000 1966 COM2 65 0R0 081 0.3 24.5 62.0 1.0096 0.00 0.0M
484980.000 1966 COM2 65 0R0 089 0.3 24.8 61.5 1.0095 0.00 0.0M
485040.000 1966 COM2 65 0R0 349 0.2 25.0 61.0 1.0095 0.00 0.0M
485100.000 1966 COM2 65 0R0 341 0.6 25.2 60.4 1.0095 0.00 0.0M
485160.000 1966 COM2 65 0R0 054 0.8 25.3 59.4 1.0095 0.00 0.0M
485220.000 1966 COM2 65 0R0 334 0.3 25.2 59.4 1.0095 0.00 0.0M
485280.000 1966 COM2 65 0R0 309 0.3 25.1 59.4 1.0095 0.00 0.0M
485340.000 1966 COM2 65 0R0 358 0.3 24.8 60.2 1.0095 0.00 0.0M
485400.000 1966 COM2 65 0R0 125 1.3 24.8 59.7 1.0095 0.00 0.0M
485460.000 1966 COM2 65 0R0 014 0.6 24.9 59.5 1.0095 0.00 0.0M
485520.000 1966 COM2 65 0R0 100 0.8 25.0 59.1 1.0095 0.00 0.0M
485580.000 1966 COM2 65 0R0 099 0.6 25.2 58.8 1.0095 0.00 0.0M
485640.000 1966 COM2 65 0R0 112 0.5 25.5 58.6 1.0095 0.00 0.0M
485700.000 1966 COM2 65 0R0 119 1.2 25.8 58.3 1.0095 0.00 0.0M
485760.000 1966 COM2 65 0R0 184 2.5 25.9 58.1 1.0095 0.00 0.0M
485820.000 1966 COM2 65 0R0 145 1.6 25.9 58.4 1.0095 0.00 0.0M
485880.000 1966 COM2 65 0R0 124 0.8 25.7 59.5 1.0095 0.00 0.0M
485940.200 1966 COM2 65 0R0 101 0.7 25.5 59.1 1.0095 0.00 0.0M
486000.000 1966 COM2 65 0R0 156 1.5 25.5 59.0 1.0095 0.00 0.0M
486060.000 1966 COM2 65 0R0 125 3.7 25.5 59.5 1.0095 0.00 0.0M
486120.000 1966 COM2 65 0R0 108 0.6 25.3 59.3 1.0095 0.00 0.0M
486180.000 1966 COM2 65 0R0 090 1.9 25.0 60.4 1.0095 0.00 0.0M
486240.000 1966 COM2 65 0R0 167 0.8 25.0 60.5 1.0095 0.00 0.0M
486300.000 1966 COM2 65 0R0 113 2.2 25.0 60.3 1.0095 0.00 0.0M
486360.000 1966 COM2 65 0R0 116 2.2 25.1 60.0 1.0095 0.00 0.0M
486420.000 1966 COM2 65 0R0 109 2.2 25.0 60.6 1.0095 0.00 0.0M
486480.000 1966 COM2 65 0R0 103 2.2 24.8 61.0 1.0095 0.00 0.0M
486540.000 1966 COM2 65 0R0 104 1.5 24.7 61.2 1.0095 0.00 0.0M
486600.000 1966 COM2 65 0R0 143 1.1 24.7 61.5 1.0095 0.00 0.0M
486660.000 1966 COM2 65 0R0 190 0.4 24.6 61.6 1.0095 0.00 0.0M
486720.000 1966 COM2 65 0R0 119 1.0 24.7 61.6 1.0095 0.00 0.0M
486780.000 1966 COM2 65 0R0 080 0.6 24.9 61.3 1.0095 0.00 0.0M
486840.000 1966 COM2 65 0R0 139 1.6 25.0 61.3 1.0095 0.00 0.0M
486900.000 1966 COM2 65 0R0 326 0.7 25.0 61.2 1.0094 0.00 0.0M
486960.000 1966 COM2 65 0R0 098 1.7 25.2 61.2 1.0095 0.00 0.0M
487020.000 1966 COM2 65 0R0 112 1.4 25.3 60.8 1.0095 0.00 0.0M
487080.000 1966 COM2 65 0R0 101 0.7 25.3 60.7 1.0095 0.00 0.0M
487140.000 1966 COM2 65 0R0 135 1.2 25.3 60.6 1.0095 0.00 0.0M
487200.000 1966 COM2 65 0R0 188 2.7 25.4 60.1 1.0095 0.00 0.0M
487260.000 1966 COM2 65 0R0 120 1.3 25.7 60.2 1.0095 0.00 0.0M
487320.000 1966 COM2 65 0R0 114 1.8 25.8 59.4 1.0095 0.00 0.0M
487380.000 1966 COM2 65 0R0 137 1.3 25.8 58.6 1.0095 0.00 0.0M
487440.000 1966 COM2 65 0R0 135 1.6 25.8 58.6 1.0094 0.00 0.0M
487500.000 1966 COM2 65 0R0 130 1.6 25.8 58.8 1.0094 0.00 0.0M
487560.000 1966 COM2 65 0R0 200 2.8 25.9 59.1 1.0094 0.00 0.0M
487620.000 1966 COM2 65 0R0 189 2.3 25.9 59.4 1.0094 0.00 0.0M
487680.000 1966 COM2 65 0R0 215 2.4 25.7 59.6 1.0094 0.00 0.0M
487740.000 1966 COM2 65 0R0 236 2.4 25.2 59.9 1.0094 0.00 0.0M
487800.000 1966 COM2 65 0R0 195 2.3 25.0 60.4 1.0094 0.00 0.0M
487860.000 1966 COM2 65 0R0 247 1.0 25.0 60.2 1.0094 0.00 0.0M
487920.000 1966 COM2 65 0R0 211 2.8 24.9 60.5 1.0094 0.00 0.0M
487980.000 1966 COM2 65 0R0 175 2.6 24.9 60.7 1.0094 0.00 0.0M
488040.000 1966 COM2 65 0R0 233 1.3 24.7 61.1 1.0094 0.00 0.0M
488100.000 1966 COM2 65 0R0 206 2.6 24.7 61.5 1.0094 0.00 0.0M
488160.000 1966 COM2 65 0R0 226 2.0 24.9 61.7 1.0094 0.00 0.0M
488220.000 1966 COM2 65 0R0 291 1.0 25.0 60.9 1.0094 0.00 0.0M
488280.000 1966 COM2 65 0R0 167 1.0 25.2 61.1 1.0094 0.00 0.0M
488340.100 1966 COM2 65 0R0 136 1.4 25.5 60.7 1.0094 0.00 0.0M
488400.100 1966 COM2 65 0R0 117 2.1 25.8 58.9 1.0094 0.00 0.0M
488460.000 1966 COM2 65 0R0 118 2.5 26.0 58.0 1.0094 0.00 0.0M
488520.000 1966 COM2 65 0R0 083 1.6 26.0 58.1 1.0094 0.00 0.0M
488580.000 1966 COM2 65 0R0 110 0.8 25.8 58.3 1.0094 0.00 0.0M
488640.100 1966 COM2 65 0R0 165 2.6 25.7 59.2 1.0094 0.00 0.0M
488700.000 1966 COM2 65 0R0 147 2.1 25.8 58.7 1.0093 0.00 0.0M
488760.000 1966 COM2 65 0R0 138 1.0 26.0 57.7 1.0094 0.00 0.0M
488820.000 1966 COM2 65 0R0 191 3.4 25.9 58.5 1.0094 0.00 0.0M
488880.000 1966 COM2 65 0R0 208 2.7 25.9 57.6 1.0094 0.00 0.0M
488940.000 1966 COM2 65 0R0 191 1.6 25.5 59.3 1.0094 0.00 0.0M
489000.000 1966 COM2 65 0R0 198 0.7 25.3 59.7 1.0094 0.00 0.0M
489060.000 1966 COM2 65 0R0 080 0.5 25.3 59.8 1.0094 0.00 0.0M
489120.000 1966 COM2 65 0R0 154 1.5 25.7 59.5 1.0094 0.00 0.0M
489180.000 1966 COM2 65 0R0 117 1.2 26.1 58.3 1.0094 0.00 0.0M
489240.000 1966 COM2 65 0R0 242 1.1 26.3 58.1 1.0094 0.00 0.0M
489300.000 1966 COM2 65 0R0 233 2.3 26.3 57.7 1.0094 0.00 0.0M
489360.000 1966 COM2 65 0R0 237 1.2 26.2 57.3 1.0094 0.00 0.0M
489420.000 1966 COM2 65 0R0 209 0.5 25.8 58.4 1.0094 0.00 0.0M
489480.000 1966 COM2 65 0R0 128 1.0 25.7 58.4 1.0094 0.00 0.0M
489540.000 1966 COM2 65 0R0 121 1.1 25.7 57.9 1.0094 0.00 0.0M
489600.000 1966 COM2 65 0R0 132 1.0 25.9 57.5 1.0094 0.00 0.0M
489660.000 1966 COM2 65 0R0 196 2.6 25.7 58.0 1.0094 0.00 0.0M
489720.000 1966 COM2 65 0R0 164 2.5 25.6 58.2 1.0094 0.00 0.0M
489780.000 1966 COM2 65 0R0 206 2.4 25.3 59.3 1.0094 0.00 0.0M
489840.000 1966 COM2 65 0R0 196 1.9 25.1 59.1 1.0094 0.00 0.0M
489900.100 1966 COM2 65 0R0 236 2.6 24.9 60.4 1.0094 0.00 0.0M
489960.000 1966 COM2 65 0R0 231 1.4 25.0 60.4 1.0094 0.00 0.0M
490020.000 1966 COM2 65 0R0 234 0.7 25.2 59.7 1.0094 0.00 0.0M
490080.000 1966 COM2 65 0R0 223 0.7 25.5 59.7 1.0094 0.00 0.0M
490140.000 1966 COM2 65 0R0 292 0.7 25.6 59.4 1.0094 0.00 0.0M
490200.000 1966 COM2 65 0R0 286 0.7 25.8 59.0 1.0094 0.00 0.0M
490260.000 1966 COM2 65 0R0 212 0.7 25.9 58.4 1.0094 0.00 0.0M
490320.000 1966 COM2 65 0R0 295 0.8 25.9 58.9 1.0094 0.00 0.0M
490380.000 1966 COM2 65 0R0 213 0.6 26.0 58.5 1.0094 0.00 0.0M
490440.000 1966 COM2 65 0R0 168 1.6 26.4 58.0 1.0094 0.00 0.0M
490500.000 1966 COM2 65 0R0 164 3.2 26.6 56.9 1.0093 0.00 0.0M
490560.100 1966 COM2 65 0R0 175 1.4 26.6 56.2 1.0094 0.00 0.0M
490620.000 1966 COM2 65 0R0 106 1.7 26.3 56.8 1.0094 0.00 0.0M
490680.000 1966 COM2 65 0R0 126 1.1 26.1 57.3 1.0093 0.00 0.0M
490740.000 1966 COM2 65 0R0 164 1.9 26.2 56.6 1.0094 0.00 0.0M
490800.000 1966 COM2 65 0R0 207 2.0 26.3 56.8 1.0094 0.00 0.0M
490860.000 1966 COM2 65 0R0 150 0.7 26.2 56.1 1.0094 0.00 0.0M
490920.000 1966 COM2 65 0R0 159 3.5 25.9 57.6 1.0093 0.00 0.0M
490980.000 1966 COM2 65 0R0 148 1.5 25.8 57.1 1.0093 0.00 0.0M
491040.000 1966 COM2 65 0R0 223 1.9 25.7 57.6 1.0093 0.00 0.0M
491100.000 1966 COM2 65 0R0 219 0.4 25.7 57.8 1.0093 0.00 0.0M
491160.000 1966 COM2 65 0R0 059 0.7 25.6 58.6 1.0093 0.00 0.0M
491220.000 1966 COM2 65 0R0 130 2.9 25.8 58.0 1.0093 0.00 0.0M
491280.000 1966 COM2 65 0R0 200 2.2 26.3 56.2 1.0093 0.00 0.0M
491340.000 1966 COM2 65 0R0 088 0.8 26.6 55.8 1.0093 0.00 0.0M
491400.000 1966 COM2 65 0R0 122 1.6 26.8 55.6 1.0092 0.00 0.0M
491460.000 1966 COM2 65 0R0 170 1.2 27.0 54.2 1.0092 0.00 0.0M
491520.000 1966 COM2 65 0R0 179 1.7 27.1 54.2 1.0092 0.00 0.0M
491580.000 1966 COM2 65 0R0 161 0.8 27.0 54.8 1.0092 0.00 0.0M
491640.000 1966 COM2 65 0R0 143 2.1 27.0 54.9 1.0092 0.00 0.0M
491700.000 1966 COM2 65 0R0 168 1.0 27.1 55.2 1.0092 0.00 0.0M
491760.000 1966 COM2 65 0R0 066 0.7 27.2 54.7 1.0092 0.00 0.0M
491820.000 1966 COM2 65 0R0 245 3.0 27.1 54.4 1.0092 0.00 0.0M
491880.000 1966 COM2 65 0R0 232 2.2 27.2 53.5 1.0092 0.00 0.0M
491940.000 1966 COM2 65 0R0 199 1.5 27.2 54.2 1.0092 0.00 0.0M
492000.000 1966 COM2 65 0R0 211 1.9 27.0 54.0 1.0092 0.00 0.0M
492060.000 1966 COM2 65 0R0 245 2.2 26.8 54.0 1.0092 0.00 0.0M
492120.000 1966 COM2 65 0R0 233 1.2 26.7 54.1 1.0091 0.00 0.0M
492180.000 1966 COM2 65 0R0 252 1.4 26.7 54.5 1.0091 0.00 0.0M
492240.000 1966 COM2 65 0R0 241 0.9 26.9 54.2 1.0091 0.00 0.0M
492300.000 1966 COM2 65 0R0 295 1.1 27.1 53.8 1.0091 0.00 0.0M
492360.000 1966 COM2 65 0R0 211 2.6 27.2 52.7 1.0091 0.00 0.0M
492420.000 1966 COM2 65 0R0 216 3.1 27.3 52.0 1.0091 0.00 0.0M
492480.000 1966 COM2 65 0R0 163 2.0 27.4 51.5 1.0091 0.00 0.0M
492540.000 1966 COM2 65 0R0 254 0.6 27.0 52.8 1.0091 0.00 0.0M
492600.000 1966 COM2 65 0R0 234 0.7 26.7 53.5 1.0091 0.00 0.0M
492660.000 1966 COM2 65 0R0 199 2.0 26.8 52.8 1.0091 0.00 0.0M
492720.000 1966 COM2 65 0R0 189 1.4 26.8 53.1 1.0091 0.00 0.0M
492780.000 1966 COM2 65 0R0 230 1.4 26.6 53.1 1.0090 0.00 0.0M
492840.000 1966 COM2 65 0R0 218 1.6 26.5 54.3 1.0090 0.00 0.0M
492900.000 1966 COM2 65 0R0 201 2.6 26.4 54.4 1.0090 0.00 0.0M
492960.000 1966 COM2 65 0R0 199 0.9 26.5 54.4 1.0090 0.00 0.0M
493020.000 1966 COM2 65 0R0 039 0.5 26.5 54.1 1.0090 0.00 0.0M
493080.000 1966 COM2 65 0R0 227 0.4 26.5 54.2 1.0090 0.00 0.0M
493140.000 1966 COM2 65 0R0 185 3.7 26.7 53.9 1.0090 0.00 0.0M
493200.000 1966 COM2 65 0R0 210 3.0 26.9 53.3 1.0090 0.00 0.0M
493260.000 1966 COM2 65 0R0 143 0.4 27.0 52.0 1.0090 0.00 0.0M
493320.000 1966 COM2 65 0R0 215 2.2 26.8 53.3 1.0090 0.00 0.0M
493380.000 1966 COM2 65 0R0 240 1.8 26.9 53.4 1.0090 0.00 0.0M
493440.000 1966 COM2 65 0R0 237 1.8 27.0 53.7 1.0090 0.00 0.0M
493500.000 1966 COM2 65 0R0 242 2.6 27.2 52.9 1.0089 0.00 0.0M
493560.000 1966 COM2 65 0R0 126 1.5 27.2 52.9 1.0090 0.00 0.0M
493620.000 1966 COM2 65 0R0 129 1.0 27.2 52.8 1.0089 0.00 0.0M
493680.000 1966 COM2 65 0R0 136 2.2 27.3 52.6 1.0089 0.00 0.0M
493740.000 1966 COM2 65 0R0 188 2.5 27.4 52.1 1.0089 0.00 0.0M
493800.000 1966 COM2 65 0R0 142 1.1 27.5 52.1 1.0090 0.00 0.0M
493860.000 1966 COM2 65 0R0 118 1.1 27.3 52.5 1.0089 0.00 0.0M
493920.000 1966 COM2 65 0R0 117 1.7 27.4 52.8 1.0089 0.00 0.0M
493980.000 1966 COM2 65 0R0 160 0.7 27.5 52.2 1.0089 0.00 0.0M
494040.000 1966 COM2 65 0R0 156 1.5 27.7 51.7 1.0089 0.00 0.0M
494100.000 1966 COM2 65 0R0 235 1.0 27.9 50.8 1.0089 0.00 0.0M
494160.000 1966 COM2 65 0R0 218 2.9 27.9 52.1 1.0089 0.00 0.0M
494220.000 1966 COM2 65 0R0 226 2.0 27.9 50.7 1.0090 0.00 0.0M
494280.000 1966 COM2 65 0R0 297 1.0 27.9 51.2 1.0089 0.00 0.0M
494340.000 1966 COM2 65 0R0 229 2.4 27.9 51.0 1.0089 0.00 0.0M
494400.000 1966 COM2 65 0R0 306 0.8 27.9 50.7 1.0090 0.00 0.0M
494460.000 1966 COM2 65 0R0 069 1.2 27.7 51.3 1.0089 0.00 0.0M
494520.000 1966 COM2 65 0R0 201 1.5 27.7 51.0 1.0089 0.00 0.0M
494580.000 1966 COM2 65 0R0 255 1.5 27.6 50.3 1.0089 0.00 0.0M
494640.000 1966 COM2 65 0R0 190 2.0 27.5 50.9 1.0089 0.00 0.0M
494700.000 1966 COM2 65 0R0 239 1.3 27.6 50.2 1.0089 0.00 0.0M
494760.000 1966 COM2 65 0R0 225 4.8 27.6 50.2 1.0089 0.00 0.0M
494820.000 1966 COM2 65 0R0 235 2.5 27.6 49.8 1.0088 0.00 0.0M
494880.000 1966 COM2 65 0R0 262 1.7 27.5 49.8 1.0089 0.00 0.0M
494940.000 1966 COM2 65 0R0 203 3.1 27.2 50.7 1.0089 0.00 0.0M
495000.000 1966 COM2 65 0R0 149 0.4 27.2 50.5 1.0089 0.00 0.0M
495060.000 1966 COM2 65 0R0 001 0.4 27.0 50.8 1.0088 0.00 0.0M
495120.000 1966 COM2 65 0R0 229 1.4 27.1 51.4 1.0088 0.00 0.0M
495180.000 1966 COM2 65 0R0 230 1.4 27.4 51.3 1.0088 0.00 0.0M
495240.000 1966 COM2 65 0R0 270 1.0 27.8 50.6 1.0088 0.00 0.0M
495300.000 1966 COM2 65 0R0 172 2.4 28.0 50.1 1.0088 0.00 0.0M
495360.000 1966 COM2 65 0R0 255 1.6 28.0 50.2 1.0088 0.00 0.0M
495420.000 1966 COM2 65 0R0 267 1.9 27.9 49.7 1.0088 0.00 0.0M
495480.000 1966 COM2 65 0R0 231 0.7 27.9 48.9 1.0088 0.00 0.0M
495540.000 1966 COM2 65 0R0 245 1.4 27.6 49.4 1.0088 0.00 0.0M
495600.000 1966 COM2 65 0R0 194 1.3 27.5 49.9 1.0088 0.00 0.0M
495660.000 1966 COM2 65 0R0 219 2.2 27.4 50.0 1.0088 0.00 0.0M
495720.000 1966 COM2 65 0R0 143 0.4 27.2 50.6 1.0088 0.00 0.0M
495780.000 1966 COM2 65 0R0 203 1.2 27.1 51.0 1.0088 0.00 0.0M
495840.000 1966 COM2 65 0R0 230 0.6 26.9 51.5 1.0088 0.00 0.0M
495900.000 1966 COM2 65 0R0 245 1.9 26.8 51.9 1.0088 0.00 0.0M
495960.000 1966 COM2 65 0R0 270 1.0 26.8 51.5 1.0088 0.00 0.0M
496020.000 1966 COM2 65 0R0 267 1.1 26.8 52.0 1.0088 0.00 0.0M
496080.000 1966 COM2 65 0R0 201 2.3 26.8 51.9 1.0088 0.00 0.0M
496140.000 1966 COM2 65 0R0 231 1.6 26.9 52.3 1.0088 0.00 0.0M
496200.000 1966 COM2 65 0R0 210 1.8 27.0 52.2 1.0088 0.00 0.0M
496260.000 1966 COM2 65 0R0 239 1.1 27.0 52.5 1.0088 0.00 0.0M
496320.000 1966 COM2 65 0R0 142 0.9 27.0 52.7 1.0088 0.00 0.0M
496380.000 1966 COM2 65 0R0 287 1.5 27.1 52.9 1.0087 0.00 0.0M
496440.000 1966 COM2 65 0R0 212 1.0 27.1 52.8 1.0087 0.00 0.0M
496500.100 1966 COM2 65 0R0 239 1.4 27.3 52.3 1.0087 0.00 0.0M
496560.100 1966 COM2 65 0R0 322 0.3 27.3 51.7 1.0087 0.00 0.0M
496620.100 1966 COM2 65 0R0 124 0.3 27.4 51.2 1.0087 0.00 0.0M
496680.000 1966 COM2 65 0R0 011 0.4 27.4 51.3 1.0087 0.00 0.0M
496740.000 1966 COM2 65 0R0 278 1.2 27.5 51.2 1.0087 0.00 0.0M
496800.000 1966 COM2 65 0R0 048 1.0 27.6 50.0 1.0087 0.00 0.0M
496860.100 1966 COM2 65 0R0 029 0.5 27.6 50.8 1.0087 0.00 0.0M
496920.000 1966 COM2 65 0R0 123 0.4 27.7 49.9 1.0087 0.00 0.0M
496980.000 1966 COM2 65 0R0 051 0.2 27.6 50.2 1.0087 0.00 0.0M
497040.000 1966 COM2 65 0R0 156 0.7 27.6 50.0 1.0087 0.00 0.0M
497100.000 1966 COM2 65 0R0 215 1.0 27.8 49.8 1.0087 0.00 0.0M
497160.000 1966 COM2 65 0R0 288 1.0 27.9 49.8 1.0087 0.00 0.0M
497220.000 1966 COM2 65 0R0 167 2.3 28.1 47.9 1.0087 0.00 0.0M
497280.000 1966 COM2 65 0R0 182 3.4 28.0 48.2 1.0086 0.00 0.0M
497340.000 1966 COM2 65 0R0 192 3.3 27.8 47.4 1.0086 0.00 0.0M
497400.000 1966 COM2 65 0R0 207 3.6 27.4 47.7 1.0086 0.00 0.0M
497460.000 1966 COM2 65 0R0 200 2.5 27.0 48.2 1.0086 0.00 0.0M
497520.000 1966 COM2 65 0R0 203 2.9 26.7 48.9 1.0086 0.00 0.0M
497580.000 1966 COM2 65 0R0 195 3.2 26.6 49.6 1.0086 0.00 0.0M
497640.000 1966 COM2 65 0R0 166 2.6 26.5 50.3 1.0086 0.00 0.0M
497700.000 1966 COM2 65 0R0 151 2.1 26.5 50.5 1.0086 0.00 0.0M
497760.000 1966 COM2 65 0R0 186 2.4 26.7 50.7 1.0086 0.00 0.0M
497820.000 1966 COM2 65 0R0 237 2.2 26.9 50.5 1.0086 0.00 0.0M
497880.000 1966 COM2 65 0R0 219 2.5 27.1 50.0 1.0086 0.00 0.0M
497940.000 1966 COM2 65 0R0 199 2.6 27.2 49.8 1.0086 0.00 0.0M
498000.000 1966 COM2 65 0R0 197 3.8 27.2 50.6 1.0086 0.00 0.0M
498060.000 1966 COM2 65 0R0 207 3.5 27.2 50.2 1.0086 0.00 0.0M
498120.000 1966 COM2 65 0R0 157 0.9 27.0 50.5 1.0086 0.00 0.0M
498180.000 1966 COM2 65 0R0 180 1.0 26.8 51.5 1.0086 0.00 0.0M
498240.000 1966 COM2 65 0R0 190 2.8 26.8 51.9 1.0086 0.00 0.0M
498300.100 1966 COM2 65 0R0 195 2.6 26.8 52.0 1.0086 0.00 0.0M
498360.000 1966 COM2 65 0R0 179 3.0 26.9 52.0 1.0085 0.00 0.0M
498420.000 1966 COM2 65 0R0 176 3.5 26.9 51.5 1.0086 0.00 0.0M
498480.000 1966 COM2 65 0R0 279 0.8 26.8 52.3 1.0086 0.00 0.0M
498540.000 1966 COM2 65 0R0 154 2.0 26.7 52.8 1.0086 0.00 0.0M
498600.000 1966 COM2 65 0R0 203 1.1 26.7 52.8 1.0086 0.00 0.0M
498660.000 1966 COM2 65 0R0 141 0.6 27.0 52.5 1.0086 0.00 0.0M
498720.000 1966 COM2 65 0R0 177 0.7 27.3 51.2 1.0086 0.00 0.0M
498780.000 1966 COM2 65 0R0 237 1.8 27.6 50.7 1.0086 0.00 0.0M
498840.000 1966 COM2 65 0R0 225 2.2 27.9 49.1 1.0086 0.00 0.0M
498900.000 1966 COM2 65 0R0 127 1.8 27.9 49.7 1.0086 0.00 0.0M
498960.000 1966 COM2 65 0R0 185 4.3 27.9 50.1 1.0086 0.00 0.0M
499020.000 1966 COM2 65 0R0 206 1.8 27.8 50.8 1.0085 0.00 0.0M
499080.000 1966 COM2 65 0R0 134 0.7 27.8 50.1 1.0086 0.00 0.0M
499140.000 1966 COM2 65 0R0 185 3.3 27.9 50.3 1.0085 0.00 0.0M
499200.000 1966 COM2 65 0R0 175 2.9 28.3 48.6 1.0085 0.00 0.0M
499260.000 1966 COM2 65 0R0 134 0.7 28.1 48.8 1.0085 0.00 0.0M
499320.000 1966 COM2 65 0R0 093 1.3 27.6 49.7 1.0085 0.00 0.0M
499380.000 1966 COM2 65 0R0 087 0.9 27.5 50.1 1.0085 0.00 0.0M
499440.000 1966 COM2 65 0R0 150 1.1 27.5 50.7 1.0085 0.00 0.0M
499500.000 1966 COM2 65 0R0 211 4.1 27.7 49.9 1.0085 0.00 0.0M
499560.000 1966 COM2 65 0R0 193 2.9 27.9 49.4 1.0085 0.00 0.0M
499620.000 1966 COM2 65 0R0 219 2.7 27.9 49.6 1.0085 0.00 0.0M
499680.000 1966 COM2 65 0R0 199 3.6 27.9 49.4 1.0085 0.00 0.0M
499740.000 1966 COM2 65 0R0 136 2.8 27.8 49.0 1.0085 0.00 0.0M
499800.000 1966 COM2 65 0R0 234 1.7 27.4 49.9 1.0085 0.00 0.0M
499860.000 1966 COM2 65 0R0 210 1.5 27.4 49.9 1.0085 0.00 0.0M
499920.000 1966 COM2 65 0R0 124 0.5 27.6 50.0 1.0085 0.00 0.0M
499980.000 1966 COM2 65 0R0 162 2.2 27.6 50.0 1.0085 0.00 0.0M
500040.000 1966 COM2 65 0R0 227 0.6 27.7 49.6 1.0085 0.00 0.0M
500100.000 1966 COM2 65 0R0 222 1.7 27.7 49.7 1.0085 0.00 0.0M
500160.000 1966 COM2 65 0R0 273 0.9 27.8 49.5 1.0084 0.00 0.0M
500220.100 1966 COM2 65 0R0 224 1.2 27.7 49.9 1.0084 0.00 0.0M
500280.100 1966 COM2 65 0R0 266 1.3 27.9 50.0 1.0084 0.00 0.0M
500340.000 1966 COM2 65 0R0 168 2.6 28.0 49.7 1.0084 0.00 0.0M
500400.000 1966 COM2 65 0R0 193 1.4 28.0 48.2 1.0084 0.00 0.0M
500460.000 1966 COM2 65 0R0 230 4.2 27.8 49.3 1.0084 0.00 0.0M
500520.000 1966 COM2 65 0R0 145 3.7 27.7 49.5 1.0083 0.00 0.0M
500580.000 1966 COM2 65 0R0 214 3.4 27.7 50.3 1.0083 0.00 0.0M
500640.000 1966 COM2 65 0R0 204 2.8 27.7 49.5 1.0083 0.00 0.0M
500700.000 1966 COM2 65 0R0 231 3.6 27.7 50.4 1.0083 0.00 0.0M
500760.000 1966 COM2 65 0R0 231 3.9 27.7 50.2 1.0083 0.00 0.0M
500820.000 1966 COM2 65 0R0 147 1.9 27.6 50.5 1.0083 0.00 0.0M
500880.000 1966 COM2 65 0R0 076 1.5 27.5 51.0 1.0083 0.00 0.0M
500940.000 1966 COM2 65 0R0 110 0.7 27.5 51.0 1.0083 0.00 0.0M
501000.000 1966 COM2 65 0R0 284 0.7 27.6 50.4 1.0083 0.00 0.0M
501060.000 1966 COM2 65 0R0 244 2.9 27.8 50.2 1.0083 0.00 0.0M
501120.000 1966 COM2 65 0R0 133 0.8 27.9 50.1 1.0083 0.00 0.0M
501180.000 1966 COM2 65 0R0 225 1.1 27.9 49.8 1.0083 0.00 0.0M
501240.000 1966 COM2 65 0R0 344 0.6 28.0 49.2 1.0083 0.00 0.0M
501300.000 1966 COM2 65 0R0 352 0.3 28.1 48.3 1.0083 0.00 0.0M
501360.000 1966 COM2 65 0R0 177 0.4 28.2 48.3 1.0083 0.00 0.0M
501420.000 1966 COM2 65 0R0 290 0.3 28.4 48.8 1.0083 0.00 0.0M
501480.000 1966 COM2 65 0R0 149 0.6 28.6 48.4 1.0083 0.00 0.0M
501540.000 1966 COM2 65 0R0 150 1.7 28.9 47.7 1.0083 0.00 0.0M
501600.000 1966 COM2 65 0R0 228 3.6 29.1 47.2 1.0083 0.00 0.0M
501660.000 1966 COM2 65 0R0 103 2.4 29.1 46.2 1.0083 0.00 0.0M
501720.000 1966 COM2 65 0R0 206 2.6 28.8 47.1 1.0083 0.00 0.0M
501780.000 1966 COM2 65 0R0 234 1.7 28.4 47.7 1.0083 0.00 0.0M
501840.000 1966 COM2 65 0R0 259 2.8 28.3 47.8 1.0083 0.00 0.0M
501900.000 1966 COM2 65 0R0 261 1.0 28.3 47.1 1.0083 0.00 0.0M
501960.000 1966 COM2 65 0R0 191 4.2 28.2 47.4 1.0083 0.00 0.0M
502020.000 1966 COM2 65 0R0 149 0.8 28.2 47.4 1.0083 0.00 0.0M
502080.000 1966 COM2 65 0R0 233 3.8 28.1 47.7 1.0083 0.00 0.0M
502140.000 1966 COM2 65 0R0 276 2.6 28.1 46.7 1.0083 0.00 0.0M
502200.000 1966 COM2 65 0R0 181 3.1 28.1 46.7 1.0083 0.00 0.0M
502260.000 1966 COM2 65 0R0 156 1.0 28.1 46.0 1.0083 0.00 0.0M
502320.000 1966 COM2 65 0R0 053 0.5 27.8 46.5 1.0083 0.00 0.0M
502380.000 1966 COM2 65 0R0 235 3.1 27.7 46.6 1.0083 0.00 0.0M
502440.000 1966 COM2 65 0R0 135 1.6 27.9 47.1 1.0083 0.00 0.0M
502500.000 1966 COM2 65 0R0 250 2.0 28.1 46.4 1.0082 0.00 0.0M
502560.000 1966 COM2 65 0R0 186 2.5 28.1 46.9 1.0082 0.00 0.0M
502620.000 1966 COM2 65 0R0 198 0.9 28.1 47.0 1.0082 0.00 0.0M
502680.000 1966 COM2 65 0R0 229 3.2 28.3 46.9 1.0082 0.00 0.0M
502740.000 1966 COM2 65 0R0 280 2.4 28.3 46.3 1.0082 0.00 0.0M
502800.000 1966 COM2 65 0R0 232 0.5 28.3 46.5 1.0082 0.00 0.0M
502860.000 1966 COM2 65 0R0 222 0.9 28.2 46.7 1.0082 0.00 0.0M
502920.000 1966 COM2 65 0R0 282 2.9 28.1 47.3 1.0082 0.00 0.0M
502980.000 1966 COM2 65 0R0 201 0.9 28.2 47.3 1.0082 0.00 0.0M
503040.000 1966 COM2 65 0R0 119 0.9 28.2 47.5 1.0082 0.00 0.0M
503100.000 1966 COM2 65 0R0 196 1.6 28.4 46.3 1.0082 0.00 0.0M
503160.000 1966 COM2 65 0R0 198 2.3 28.4 46.5 1.0081 0.00 0.0M
503220.000 1966 COM2 65 0R0 157 1.8 28.5 46.4 1.0081 0.00 0.0M
503280.000 1966 COM2 65 0R0 183 2.6 28.3 46.7 1.0081 0.00 0.0M
503340.000 1966 COM2 65 0R0 169 0.7 28.1 47.3 1.0081 0.00 0.0M
503400.000 1966 COM2 65 0R0 197 2.2 28.0 47.8 1.0081 0.00 0.0M
503460.000 1966 COM2 65 0R0 143 1.1 27.9 48.7 1.0081 0.00 0.0M
503520.000 1966 COM2 65 0R0 142 2.5 27.9 48.7 1.0081 0.00 0.0M
503580.000 1966 COM2 65 0R0 167 0.9 28.0 48.8 1.0081 0.00 0.0M
503640.000 1966 COM2 65 0R0 129 2.4 28.1 48.6 1.0081 0.00 0.0M
503700.000 1966 COM2 65 0R0 176 0.9 28.1 48.6 1.0081 0.00 0.0M
503760.000 1966 COM2 65 0R0 121 1.1 28.2 49.3 1.0081 0.00 0.0M
503820.000 1966 COM2 65 0R0 156 2.7 28.3 48.9 1.0081 0.00 0.0M
503880.000 1966 COM2 65 0R0 181 2.9 28.2 48.6 1.0081 0.00 0.0M
503940.000 1966 COM2 65 0R0 233 3.7 28.1 49.4 1.0081 0.00 0.0M
504000.000 1966 COM2 65 0R0 268 1.7 28.1 48.2 1.0081 0.00 0.0M
504060.000 1966 COM2 65 0R0 222 1.6 28.0 49.1 1.0081 0.00 0.0M
504120.000 1966 COM2 65 0R0 148 1.1 27.8 49.2 1.0081 0.00 0.0M
504180.000 1966 COM2 65 0R0 138 0.6 27.8 49.1 1.0081 0.00 0.0M
504240.000 1966 COM2 65 0R0 207 3.4 27.9 48.9 1.0081 0.00 0.0M
504300.000 1966 COM2 65 0R0 186 3.8 28.0 48.9 1.0081 0.00 0.0M
504360.000 1966 COM2 65 0R0 137 2.3 27.9 49.4 1.0081 0.00 0.0M
504420.000 1966 COM2 65 0R0 160 1.3 27.8 49.1 1.0082 0.00 0.0M
504480.000 1966 COM2 65 0R0 135 1.2 27.7 49.8 1.0082 0.00 0.0M
504540.000 1966 COM2 65 0R0 180 1.9 27.7 50.1 1.0082 0.00 0.0M
504600.000 1966 COM2 65 0R0 178 1.1 27.8 50.1 1.0082 0.00 0.0M
504660.000 1966 COM2 65 0R0 183 3.4 28.0 49.7 1.0082 0.00 0.0M
504720.000 1966 COM2 65 0R0 242 3.6 28.2 48.9 1.0082 0.00 0.0M
504780.000 1966 COM2 65 0R0 281 2.1 28.4 47.1 1.0082 0.00 0.0M
504840.000 1966 COM2 65 0R0 260 2.4 28.4 47.6 1.0082 0.00 0.0M
504900.000 1966 COM2 65 0R0 244 1.5 28.3 47.7 1.0082 0.00 0.0M
504960.000 1966 COM2 65 0R0 258 0.9 28.3 47.6 1.0082 0.00 0.0M
505020.000 1966 COM2 65 0R0 232 2.6 28.3 47.6 1.0082 0.00 0.0M
505080.000 1966 COM2 65 0R0 215 1.9 28.3 47.7 1.0082 0.00 0.0M
505140.000 1966 COM2 65 0R0 206 0.9 28.3 47.8 1.0082 0.00 0.0M
505200.000 1966 COM2 65 0R0 298 0.9 28.3 47.6 1.0082 0.00 0.0M
505260.000 1966 COM2 65 0R0 153 0.9 28.4 47.7 1.0082 0.00 0.0M
505320.000 1966 COM2 65 0R0 207 1.7 28.5 47.4 1.0082 0.00 0.0M
505380.000 1966 COM2 65 0R0 237 1.9 28.7 47.0 1.0082 0.00 0.0M
505440.000 1966 COM2 65 0R0 219 0.7 28.7 47.2 1.0082 0.00 0.0M
505500.000 1966 COM2 65 0R0 207 4.2 28.7 47.5 1.0082 0.00 0.0M
505560.000 1966 COM2 65 0R0 175 3.7 28.7 47.2 1.0081 0.00 0.0M
505620.000 1966 COM2 65 0R0 190 4.9 28.4 47.1 1.0082 0.00 0.0M
505680.000 1966 COM2 65 0R0 201 4.7 28.0 47.7 1.0082 0.00 0.0M
505740.000 1966 COM2 65 0R0 183 2.5 27.8 48.5 1.0082 0.00 0.0M
505800.000 1966 COM2 65 0R0 245 2.2 27.6 49.5 1.0082 0.00 0.0M
505860.000 1966 COM2 65 0R0 223 1.1 27.7 48.9 1.0082 0.00 0.0M
505920.000 1966 COM2 65 0R0 251 1.8 27.8 48.8 1.0082 0.00 0.0M
505980.000 1966 COM2 65 0R0 252 2.2 27.8 48.2 1.0082 0.00 0.0M
506040.000 1966 COM2 65 0R0 225 2.0 27.9 48.5 1.0082 0.00 0.0M
506100.000 1966 COM2 65 0R0 208 3.5 27.9 48.6 1.0082 0.00 0.0M
506160.000 1966 COM2 65 0R0 222 2.5 27.9 48.0 1.0082 0.00 0.0M
506220.000 1966 COM2 65 0R0 247 1.4 27.7 48.6 1.0082 0.00 0.0M
506280.000 1966 COM2 65 0R0 250 1.1 27.6 48.6 1.0082 0.00 0.0M
506340.000 1966 COM2 65 0R0 198 1.1 27.6 48.7 1.0082 0.00 0.0M
506400.000 1966 COM2 65 0R0 238 2.5 27.7 48.9 1.0082 0.00 0.0M
506460.000 1966 COM2 65 0R0 269 1.1 27.8 48.4 1.0082 0.00 0.0M
506520.000 1966 COM2 65 0R0 257 0.8 28.0 48.2 1.0082 0.00 0.0M
506580.000 1966 COM2 65 0R0 292 0.9 28.1 48.1 1.0082 0.00 0.0M
506640.000 1966 COM2 65 0R0 179 4.1 28.3 48.3 1.0082 0.00 0.0M
506700.000 1966 COM2 65 0R0 193 3.2 28.4 46.8 1.0082 0.00 0.0M
506760.000 1966 COM2 65 0R0 174 2.0 28.3 46.9 1.0082 0.00 0.0M
506820.000 1966 COM2 65 0R0 216 2.9 28.0 47.3 1.0082 0.00 0.0M
506880.000 1966 COM2 65 0R0 189 3.1 27.8 48.2 1.0082 0.00 0.0M
506940.000 1966 COM2 65 0R0 156 0.9 27.7 48.2 1.0082 0.00 0.0M
507000.000 1966 COM2 65 0R0 178 2.6 27.7 48.6 1.0083 0.00 0.0M
507060.000 1966 COM2 65 0R0 227 2.3 27.7 47.9 1.0082 0.00 0.0M
507120.000 1966 COM2 65 0R0 260 2.5 27.7 48.0 1.0082 0.00 0.0M
507180.000 1966 COM2 65 0R0 234 2.7 27.7 48.3 1.0083 0.00 0.0M
507240.000 1966 COM2 65 0R0 231 3.3 27.8 47.4 1.0083 0.00 0.0M
507300.000 1966 COM2 65 0R0 233 2.7 27.9 47.6 1.0083 0.00 0.0M
507360.000 1966 COM2 65 0R0 207 2.3 27.9 47.3 1.0082 0.00 0.0M
507420.000 1966 COM2 65 0R0 177 2.4 27.9 47.6 1.0083 0.00 0.0M
507480.000 1966 COM2 65 0R0 218 2.0 27.9 47.6 1.0083 0.00 0.0M
507540.000 1966 COM2 65 0R0 134 1.2 27.8 48.0 1.0083 0.00 0.0M
507600.000 1966 COM2 65 0R0 249 2.7 27.9 48.1 1.0083 0.00 0.0M
507660.000 1966 COM2 65 0R0 243 1.6 27.9 48.1 1.0083 0.00 0.0M
507720.000 1966 COM2 65 0R0 230 2.1 28.0 47.5 1.0083 0.00 0.0M
507780.100 1966 COM2 65 0R0 243 1.4 28.1 47.3 1.0083 0.00 0.0M
507840.000 1966 COM2 65 0R0 275 1.6 28.2 47.0 1.0083 0.00 0.0M
507900.100 1966 COM2 65 0R0 274 0.7 28.3 46.5 1.0083 0.00 0.0M
507960.000 1966 COM2 65 0R0 252 1.0 28.3 46.6 1.0083 0.00 0.0M
508020.000 1966 COM2 65 0R0 173 0.5 28.4 46.3 1.0083 0.00 0.0M
508080.000 1966 COM2 65 0R0 270 0.7 28.4 46.2 1.0083 0.00 0.0M
508140.000 1966 COM2 65 0R0 268 0.9 28.5 46.4 1.0083 0.00 0.0M
508200.000 1966 COM2 65 0R0 214 1.2 28.6 46.3 1.0083 0.00 0.0M
508260.000 1966 COM2 65 0R0 125 1.1 28.7 46.5 1.0083 0.00 0.0M
508320.000 1966 COM2 65 0R0 140 0.6 28.8 46.5 1.0083 0.00 0.0M
508380.000 1966 COM2 65 0R0 204 1.0 28.8 46.6 1.0083 0.00 0.0M
508440.000 1966 COM2 65 0R0 220 3.0 28.9 46.4 1.0083 0.00 0.0M
508500.000 1966 COM2 65 0R0 150 1.5 28.8 45.9 1.0083 0.00 0.0M
508560.000 1966 COM2 65 0R0 266 0.7 28.6 46.4 1.0084 0.00 0.0M
508620.000 1966 COM2 65 0R0 267 0.8 28.4 46.8 1.0084 0.00 0.0M
508680.000 1966 COM2 65 0R0 227 0.9 28.4 46.7 1.0084 0.00 0.0M
508740.000 1966 COM2 65 0R0 109 0.4 28.5 46.8 1.0084 0.00 0.0M
508800.000 1966 COM2 65 0R0 140 0.5 28.6 46.6 1.0084 0.00 0.0M
508860.000 1966 COM2 65 0R0 218 0.6 28.7 46.5 1.0084 0.00 0.0M
508920.000 1966 COM2 65 0R0 245 1.7 28.8 46.6 1.0084 0.00 0.0M
508980.000 1966 COM2 65 0R0 248 1.9 28.9 45.7 1.0084 0.00 0.0M
509040.000 1966 COM2 65 0R0 242 1.2 28.9 45.7 1.0084 0.00 0.0M
509100.000 1966 COM2 65 0R0 224 0.8 28.9 45.9 1.0084 0.00 0.0M
509160.000 1966 COM2 65 0R0 250 0.7 28.9 46.0 1.0084 0.00 0.0M
509220.000 1966 COM2 65 0R0 301 1.1 28.8 46.2 1.0084 0.00 0.0M
509280.000 1966 COM2 65 0R0 257 2.2 28.8 46.2 1.0084 0.00 0.0M
509340.000 1966 COM2 65 0R0 287 2.1 28.8 44.9 1.0084 0.00 0.0M
509400.000 1966 COM2 65 0R0 277 2.6 28.7 44.9 1.0084 0.00 0.0M
509460.000 1966 COM2 65 0R0 317 1.6 28.5 45.6 1.0084 0.00 0.0M
509520.000 1966 COM2 65 0R0 323 0.5 28.3 46.2 1.0085 0.00 0.0M
509580.000 1966 COM2 65 0R0 259 1.0 28.3 46.7 1.0085 0.00 0.0M
509640.000 1966 COM2 65 0R0 236 1.3 28.3 46.3 1.0085 0.00 0.0M
509700.000 1966 COM2 65 0R0 297 2.5 28.4 46.6 1.0085 0.00 0.0M
509760.000 1966 COM2 65 0R0 252 1.6 28.4 46.4 1.0085 0.00 0.0M
509820.000 1966 COM2 65 0R0 250 0.9 28.4 46.9 1.0085 0.00 0.0M
509880.000 1966 COM2 65 0R0 221 1.7 28.4 47.1 1.0085 0.00 0.0M
509940.000 1966 COM2 65 0R0 231 2.4 28.5 46.5 1.0085 0.00 0.0M
510000.000 1966 COM2 65 0R0 274 1.6 28.6 46.5 1.0085 0.00 0.0M
510060.000 1966 COM2 65 0R0 221 0.8 28.6 46.6 1.0085 0.00 0.0M
510120.000 1966 COM2 65 0R0 188 1.3 28.6 46.7 1.0085 0.00 0.0M
510180.000 1966 COM2 65 0R0 214 0.8 28.6 46.8 1.0086 0.00 0.0M
510240.000 1966 COM2 65 0R0 243 1.6 28.6 46.9 1.0086 0.00 0.0M
510300.000 1966 COM2 65 0R0 237 2.6 28.5 46.3 1.0086 0.00 0.0M
510360.100 1966 COM2 65 0R0 284 1.3 28.5 46.8 1.0086 0.00 0.0M
510420.000 1966 COM2 65 0R0 234 2.5 28.3 47.2 1.0086 0.00 0.0M
510480.000 1966 COM2 65 0R0 232 1.4 28.2 47.6 1.0086 0.00 0.0M
510540.000 1966 COM2 65 0R0 187 1.4 28.1 48.1 1.0087 0.00 0.0M
510600.000 1966 COM2 65 0R0 182 2.0 28.1 47.6 1.0087 0.00 0.0M
510660.100 1966 COM2 65 0R0 170 1.7 28.0 48.3 1.0087 0.00 0.0M
510720.100 1966 COM2 65 0R0 205 1.1 28.0 48.5 1.0087 0.00 0.0M
510780.000 1966 COM2 65 0R0 154 0.6 27.9 48.5 1.0087 0.00 0.0M
510840.000 1966 COM2 65 0R0 232 2.7 27.9 48.0 1.0087 0.00 0.0M
510900.000 1966 COM2 65 0R0 222 2.5 27.9 47.7 1.0087 0.00 0.0M
510960.000 1966 COM2 65 0R0 217 2.6 27.9 48.2 1.0087 0.00 0.0M
511020.100 1966 COM2 65 0R0 218 2.1 27.9 48.0 1.0087 0.00 0.0M
511080.000 1966 COM2 65 0R0 193 1.6 27.8 48.1 1.0087 0.00 0.0M
511140.100 1966 COM2 65 0R0 197 1.2 27.7 48.7 1.0087 0.00 0.0M
511200.100 1966 COM2 65 0R0 242 1.9 27.6 49.0 1.0088 0.00 0.0M
511260.000 1966 COM2 65 0R0 234 1.7 27.6 49.1 1.0088 0.00 0.0M
511320.000 1966 COM2 65 0R0 213 1.4 27.7 49.1 1.0088 0.00 0.0M
511380.000 1966 COM2 65 0R0 214 1.2 27.7 49.2 1.0088 0.00 0.0M
511440.000 1966 COM2 65 0R0 238 2.3 27.8 48.5 1.0088 0.00 0.0M
511500.000 1966 COM2 65 0R0 219 1.4 27.8 48.5 1.0088 0.00 0.0M
511560.000 1966 COM2 65 0R0 192 1.8 27.8 48.7 1.0089 0.00 0.0M
511620.000 1966 COM2 65 0R0 229 2.0 27.8 48.8 1.0089 0.00 0.0M
511680.000 1966 COM2 65 0R0 231 2.1 27.8 48.8 1.0089 0.00 0.0M
511740.000 1966 COM2 65 0R0 192 1.3 27.8 48.7 1.0089 0.00 0.0M
511800.000 1966 COM2 65 0R0 267 1.2 27.8 48.8 1.0089 0.00 0.0M
511860.000 1966 COM2 65 0R0 243 2.2 27.8 48.5 1.0089 0.00 0.0M
511920.000 1966 COM2 65 0R0 227 1.0 27.9 48.0 1.0089 0.00 0.0M
511980.000 1966 COM2 65 0R0 241 1.0 27.9 48.5 1.0089 0.00 0.0M
512040.000 1966 COM2 65 0R0 243 1.5 27.9 48.6 1.0089 0.00 0.0M
512100.000 1966 COM2 65 0R0 210 1.1 28.0 48.3 1.0089 0.00 0.0M
512160.000 1966 COM2 65 0R0 252 0.8 28.0 47.7 1.0089 0.00 0.0M
512220.000 1966 COM2 65 0R0 228 2.0 28.0 47.7 1.0090 0.00 0.0M
512280.000 1966 COM2 65 0R0 231 1.7 28.1 47.5 1.0090 0.00 0.0M
512340.000 1966 COM2 65 0R0 212 1.3 28.1 47.5 1.0090 0.00 0.0M
512400.000 1966 COM2 65 0R0 199 1.2 28.0 47.4 1.0090 0.00 0.0M
512460.000 1966 COM2 65 0R0 248 0.4 27.9 47.9 1.0090 0.00 0.0M
512520.000 1966 COM2 65 0R0 228 1.0 27.8 48.5 1.0090 0.00 0.0M
512580.000 1966 COM2 65 0R0 210 0.8 27.8 48.6 1.0090 0.00 0.0M
512640.000 1966 COM2 65 0R0 170 0.7 27.9 48.1 1.0090 0.00 0.0M
512700.000 1966 COM2 65 0R0 173 0.7 27.9 48.0 1.0090 0.00 0.0M
512760.000 1966 COM2 65 0R0 208 0.7 27.9 48.2 1.0090 0.00 0.0M
512820.000 1966 COM2 65 0R0 287 0.3 27.9 48.3 1.0090 0.00 0.0M
512880.000 1966 COM2 65 0R0 242 1.2 27.9 48.0 1.0090 0.00 0.0M
512940.000 1966 COM2 65 0R0 272 0.4 27.9 47.8 1.0090 0.00 0.0M
513000.000 1966 COM2 65 0R0 241 1.0 27.9 47.9 1.0090 0.00 0.0M
513060.000 1966 COM2 65 0R0 220 0.6 27.9 47.9 1.0090 0.00 0.0M
513120.000 1966 COM2 65 0R0 223 1.1 27.8 48.0 1.0091 0.00 0.0M
513180.000 1966 COM2 65 0R0 218 1.1 27.8 48.1 1.0091 0.00 0.0M
513240.000 1966 COM2 65 0R0 222 0.8 27.8 48.5 1.0091 0.00 0.0M
513300.000 1966 COM2 65 0R0 285 0.5 27.8 48.6 1.0091 0.00 0.0M
513360.000 1966 COM2 65 0R0 225 1.2 27.8 48.6 1.0091 0.00 0.0M
513420.000 1966 COM2 65 0R0 295 0.1 27.8 48.8 1.0091 0.00 0.0M
513480.000 1966 COM2 65 0R0 051 0.1 27.7 49.0 1.0091 0.00 0.0M
513540.000 1966 COM2 65 0R0 266 1.2 27.7 49.2 1.0091 0.00 0.0M
513600.000 1966 COM2 65 0R0 272 0.4 27.7 49.3 1.0091 0.00 0.0M
513660.000 1966 COM2 65 0R0 232 0.7 27.7 49.3 1.0091 0.00 0.0M
513720.000 1966 COM2 65 0R0 297 0.2 27.6 49.7 1.0091 0.00 0.0M
513780.000 1966 COM2 65 0R0 270 0.9 27.6 49.8 1.0091 0.00 0.0M
513840.000 1966 COM2 65 0R0 271 0.9 27.6 50.1 1.0091 0.00 0.0M
513900.000 1966 COM2 65 0R0 318 0.3 27.5 50.5 1.0091 0.00 0.0M
513960.000 1966 COM2 65 0R0 189 0.3 27.5 50.7 1.0092 0.00 0.0M
514020.000 1966 COM2 65 0R0 311 0.3 27.4 50.8 1.0092 0.00 0.0M
514080.000 1966 COM2 65 0R0 254 0.7 27.4 51.1 1.0092 0.00 0.0M
514140.000 1966 COM2 65 0R0 279 1.0 27.4 51.2 1.0092 0.00 0.0M
514200.000 1966 COM2 65 0R0 350 0.3 27.4 51.4 1.0092 0.00 0.0M
514260.000 1966 COM2 65 0R0 196 0.3 27.3 51.1 1.0092 0.00 0.0M
514320.000 1966 COM2 65 0R0 262 0.9 27.3 51.4 1.0092 0.00 0.0M
514380.000 1966 COM2 65 0R0 143 0.3 27.3 51.5 1.0092 0.00 0.0M
514440.000 1966 COM2 65 0R0 255 1.1 27.3 51.7 1.0092 0.00 0.0M
514500.000 1966 COM2 65 0R0 257 0.8 27.3 51.4 1.0092 0.00 0.0M
514560.000 1966 COM2 65 0R0 257 0.4 27.2 51.4 1.0092 0.00 0.0M
514620.000 1966 COM2 65 0R0 356 0.4 27.2 52.1 1.0092 0.00 0.0M
514680.000 1966 COM2 65 0R0 236 0.4 27.2 52.1 1.0092 0.00 0.0M
514740.000 1966 COM2 65 0R0 269 0.5 27.1 52.1 1.0092 0.00 0.0M
514800.000 1966 COM2 65 0R0 238 0.4 27.1 52.4 1.0092 0.00 0.0M
514860.000 1966 COM2 65 0R0 263 0.2 27.1 52.4 1.0092 0.00 0.0M
514920.000 1966 COM2 65 0R0 246 0.3 27.1 52.5 1.0092 0.00 0.0M
514980.000 1966 COM2 65 0R0 264 0.6 27.1 52.6 1.0092 0.00 0.0M
515040.000 1966 COM2 65 0R0 275 0.4 27.1 52.7 1.0092 0.00 0.0M
515100.000 1966 COM2 65 0R0 198 0.3 27.0 52.6 1.0092 0.00 0.0M
515160.000 1966 COM2 65 0R0 254 0.8 27.0 52.9 1.0092 0.00 0.0M
515220.000 1966 COM2 65 0R0 217 0.4 27.0 52.7 1.0092 0.00 0.0M
515280.000 1966 COM2 65 0R0 262 0.3 27.0 53.0 1.0092 0.00 0.0M
515340.000 1966 COM2 65 0R0 189 0.4 27.0 53.3 1.0092 0.00 0.0M
515400.100 1966 COM2 65 0R0 265 0.4 26.9 52.9 1.0092 0.00 0.0M
515460.000 1966 COM2 65 0R0 216 0.2 26.9 53.5 1.0092 0.00 0.0M
515520.000 1966 COM2 65 0R0 316 0.3 26.9 53.7 1.0092 0.00 0.0M
515580.000 1966 COM2 65 0R0 254 0.4 26.9 53.5 1.0092 0.00 0.0M
515640.000 1966 COM2 65 0R0 262 0.3 26.9 53.3 1.0092 0.00 0.0M
515700.000 1966 COM2 65 0R0 290 0.3 26.9 53.7 1.0093 0.00 0.0M
515760.000 1966 COM2 65 0R0 076 0.1 26.9 53.8 1.0093 0.00 0.0M
515820.000 1966 COM2 65 0R0 145 0.1 26.8 54.0 1.0093 0.00 0.0M
515880.000 1966 COM2 65 0R0 211 0.3 26.8 53.7 1.0093 0.00 0.0M
515940.000 1966 COM2 65 0R0 248 0.4 26.8 53.7 1.0093 0.00 0.0M
516000.000 1966 COM2 65 0R0 235 0.3 26.8 53.9 1.0093 0.00 0.0M
516060.000 1966 COM2 65 0R0 220 0.4 26.7 53.6 1.0093 0.00 0.0M
516120.000 1966 COM2 65 0R0 181 0.3 26.8 53.0 1.0093 0.00 0.0M
516180.000 1966 COM2 65 0R0 036 0.1 26.7 54.1 1.0093 0.00 0.0M
516240.000 1966 COM2 65 0R0 108 0.1 26.7 54.9 1.0093 0.00 0.0M
516300.000 1966 COM2 65 0R0 136 0.2 26.7 55.2 1.0093 0.00 0.0M
516360.000 1966 COM2 65 0R0 118 0.4 26.6 55.2 1.0093 0.00 0.0M
516420.000 1966 COM2 65 0R0 095 0.4 26.6 55.3 1.0093 0.00 0.0M
516480.000 1966 COM2 65 0R0 096 0.3 26.6 55.6 1.0093 0.00 0.0M
516540.000 1966 COM2 65 0R0 147 0.1 26.5 55.9 1.0093 0.00 0.0M
516600.000 1966 COM2 65 0R0 103 0.1 26.5 55.8 1.0093 0.00 0.0M
516660.000 1966 COM2 65 0R0 354 0.1 26.4 55.8 1.0093 0.00 0.0M
516720.000 1966 COM2 65 0R0 021 0.3 26.4 55.3 1.0093 0.00 0.0M
516780.000 1966 COM2 65 0R0 095 0.2 26.3 55.5 1.0093 0.00 0.0M
516840.000 1966 COM2 65 0R0 095 0.4 26.3 56.1 1.0093 0.00 0.0M
516900.000 1966 COM2 65 0R0 076 0.4 26.2 56.9 1.0093 0.00 0.0M
516960.000 1966 COM2 65 0R0 122 0.2 26.2 56.8 1.0093 0.00 0.0M
517020.000 1966 COM2 65 0R0 005 0.2 26.2 56.9 1.0093 0.00 0.0M
517080.000 1966 COM2 65 0R0 120 0.2 26.1 56.8 1.0093 0.00 0.0M
517140.000 1966 COM2 65 0R0 211 0.3 26.1 57.0 1.0093 0.00 0.0M
517200.000 1966 COM2 65 0R0 121 0.3 26.1 57.0 1.0093 0.00 0.0M
517260.000 1966 COM2 65 0R0 012 0.2 26.1 57.4 1.0093 0.00 0.0M
517320.000 1966 COM2 65 0R0 116 0.2 26.0 57.6 1.0093 0.00 0.0M
517380.000 1966 COM2 65 0R0 109 0.5 26.0 58.0 1.0093 0.00 0.0M
517440.000 1966 COM2 65 0R0 119 0.2 26.0 58.3 1.0094 0.00 0.0M
517500.000 1966 COM2 65 0R0 119 0.1 25.9 58.4 1.0094 0.00 0.0M
517560.000 1966 COM2 65 0R0 124 0.2 25.9 58.8 1.0094 0.00 0.0M
517620.000 1966 COM2 65 0R0 115 0.2 25.9 58.9 1.0094 0.00 0.0M
517680.000 1966 COM2 65 0R0 042 0.1 25.9 58.9 1.0094 0.00 0.0M
517740.000 1966 COM2 65 0R0 087 0.1 25.8 58.7 1.0094 0.00 0.0M
517800.000 1966 COM2 65 0R0 025 0.1 25.8 58.8 1.0094 0.00 0.0M
517860.000 1966 COM2 65 0R0 033 0.5 25.8 58.9 1.0094 0.00 0.0M
517920.000 1966 COM2 65 0R0 027 0.5 25.8 58.8 1.0094 0.00 0.0M
517980.000 1966 COM2 65 0R0 076 0.7 25.8 59.1 1.0094 0.00 0.0M
518040.000 1966 COM2 65 0R0 052 0.7 25.7 59.1 1.0094 0.00 0.0M
518100.000 1966 COM2 65 0R0 045 0.4 25.7 58.9 1.0094 0.00 0.0M
518160.000 1966 COM2 65 0R0 026 0.7 25.7 59.6 1.0094 0.00 0.0M
518220.000 1966 COM2 65 0R0 007 0.5 25.7 59.6 1.0094 0.00 0.0M
518280.000 1966 COM2 65 0R0 308 0.4 25.7 59.9 1.0095 0.00 0.0M
518340.000 1966 COM2 65 0R0 133 0.2 25.7 60.1 1.0095 0.00 0.0M
