TO [s] WNc [w] C StringLn ASCIIString
---------------------------------------
0.000 1960 COM2 65 0R0 023 2.2 22.8 53.5 1.0018 0.00 0.0M
60.000 1960 COM2 65 0R0 346 1.8 22.8 53.6 1.0018 0.00 0.0M
120.000 1960 COM2 65 0R0 013 1.5 22.8 53.9 1.0018 0.00 0.0M
180.000 1960 COM2 65 0R0 354 1.6 22.7 53.6 1.0018 0.00 0.0M
240.000 1960 COM2 65 0R0 036 3.0 22.7 53.8 1.0019 0.00 0.0M
300.000 1960 COM2 65 0R0 009 2.3 22.7 53.8 1.0019 0.00 0.0M
360.000 1960 COM2 65 0R0 338 1.5 22.7 53.9 1.0019 0.00 0.0M
420.000 1960 COM2 65 0R0 027 2.4 22.6 54.0 1.0019 0.00 0.0M
480.000 1960 COM2 65 0R0 334 1.0 22.6 54.0 1.0019 0.00 0.0M
540.000 1960 COM2 65 0R0 013 1.9 22.6 54.0 1.0019 0.00 0.0M
600.000 1960 COM2 65 0R0 344 3.0 22.5 54.3 1.0019 0.00 0.0M
660.000 1960 COM2 65 0R0 012 0.6 22.5 54.6 1.0019 0.00 0.0M
720.000 1960 COM2 65 0R0 033 1.4 22.5 54.4 1.0019 0.00 0.0M
780.000 1960 COM2 65 0R0 012 2.3 22.5 54.4 1.0019 0.00 0.0M
840.000 1960 COM2 65 0R0 354 1.4 22.4 54.8 1.0019 0.00 0.0M
900.000 1960 COM2 65 0R0 014 1.4 22.4 54.6 1.0020 0.00 0.0M
960.000 1960 COM2 65 0R0 355 0.6 22.4 54.8 1.0020 0.00 0.0M
1020.000 1960 COM2 65 0R0 345 1.9 22.4 54.9 1.0020 0.00 0.0M
1080.000 1960 COM2 65 0R0 037 2.0 22.4 54.9 1.0020 0.00 0.0M
1140.000 1960 COM2 65 0R0 052 0.8 22.3 54.9 1.0020 0.00 0.0M
1200.000 1960 COM2 65 0R0 048 2.3 22.3 55.0 1.0020 0.00 0.0M
1260.000 1960 COM2 65 0R0 353 0.9 22.3 54.9 1.0020 0.00 0.0M
1320.000 1960 COM2 65 0R0 336 0.9 22.3 55.1 1.0020 0.00 0.0M
1380.000 1960 COM2 65 0R0 012 2.3 22.3 55.3 1.0020 0.00 0.0M
1440.000 1960 COM2 65 0R0 026 2.9 22.2 55.3 1.0020 0.00 0.0M
1500.000 1960 COM2 65 0R0 005 2.4 22.2 55.2 1.0020 0.00 0.0M
1560.000 1960 COM2 65 0R0 317 1.0 22.2 55.4 1.0020 0.00 0.0M
1620.000 1960 COM2 65 0R0 354 2.8 22.2 55.5 1.0020 0.00 0.0M
1680.000 1960 COM2 65 0R0 292 1.9 22.1 55.6 1.0020 0.00 0.0M
1740.000 1960 COM2 65 0R0 344 2.1 22.1 55.6 1.0020 0.00 0.0M
1800.000 1960 COM2 65 0R0 048 1.3 22.1 55.6 1.0021 0.00 0.0M
1860.000 1960 COM2 65 0R0 075 0.6 22.1 55.8 1.0021 0.00 0.0M
1920.000 1960 COM2 65 0R0 338 1.3 22.1 55.9 1.0021 0.00 0.0M
1980.000 1960 COM2 65 0R0 314 1.4 22.1 56.0 1.0021 0.00 0.0M
2040.000 1960 COM2 65 0R0 021 1.8 22.0 55.9 1.0021 0.00 0.0M
2100.000 1960 COM2 65 0R0 339 3.7 22.0 55.9 1.0021 0.00 0.0M
2160.000 1960 COM2 65 0R0 304 2.0 22.0 56.1 1.0021 0.00 0.0M
2220.000 1960 COM2 65 0R0 004 1.6 21.9 56.0 1.0021 0.00 0.0M
2280.000 1960 COM2 65 0R0 344 2.1 21.9 56.4 1.0022 0.00 0.0M
2340.000 1960 COM2 65 0R0 001 1.1 21.9 56.5 1.0022 0.00 0.0M
2400.000 1960 COM2 65 0R0 317 1.8 21.9 56.6 1.0022 0.00 0.0M
2460.000 1960 COM2 65 0R0 340 1.9 21.8 56.6 1.0022 0.00 0.0M
2520.000 1960 COM2 65 0R0 346 2.4 21.8 56.9 1.0023 0.00 0.0M
2580.000 1960 COM2 65 0R0 357 1.0 21.8 56.9 1.0023 0.00 0.0M
2640.000 1960 COM2 65 0R0 345 3.3 21.7 57.0 1.0023 0.00 0.0M
2700.000 1960 COM2 65 0R0 118 0.4 21.7 57.3 1.0023 0.00 0.0M
2760.000 1960 COM2 65 0R0 343 1.1 21.7 57.4 1.0023 0.00 0.0M
2820.100 1960 COM2 65 0R0 052 2.4 21.6 57.5 1.0023 0.00 0.0M
2880.000 1960 COM2 65 0R0 339 1.9 21.6 57.2 1.0023 0.00 0.0M
2940.000 1960 COM2 65 0R0 341 3.7 21.6 57.1 1.0023 0.00 0.0M
3000.000 1960 COM2 65 0R0 306 2.1 21.6 57.1 1.0023 0.00 0.0M
3060.000 1960 COM2 65 0R0 348 1.6 21.5 57.3 1.0023 0.00 0.0M
3120.000 1960 COM2 65 0R0 332 0.9 21.5 57.5 1.0023 0.00 0.0M
3180.000 1960 COM2 65 0R0 021 1.7 21.5 57.5 1.0023 0.00 0.0M
3240.000 1960 COM2 65 0R0 003 1.0 21.5 57.7 1.0024 0.00 0.0M
3300.000 1960 COM2 65 0R0 314 1.7 21.4 57.8 1.0024 0.00 0.0M
3360.000 1960 COM2 65 0R0 313 2.0 21.4 57.8 1.0024 0.00 0.0M
3420.000 1960 COM2 65 0R0 339 2.8 21.4 57.7 1.0024 0.00 0.0M
3480.000 1960 COM2 65 0R0 356 0.9 21.4 58.0 1.0024 0.00 0.0M
3540.000 1960 COM2 65 0R0 039 2.4 21.3 58.0 1.0024 0.00 0.0M
3600.000 1960 COM2 65 0R0 331 1.1 21.3 58.3 1.0024 0.00 0.0M
3660.000 1960 COM2 65 0R0 345 3.4 21.3 57.9 1.0024 0.00 0.0M
3720.000 1960 COM2 65 0R0 336 2.0 21.3 58.1 1.0024 0.00 0.0M
3780.000 1960 COM2 65 0R0 325 0.9 21.3 58.2 1.0025 0.00 0.0M
3840.000 1960 COM2 65 0R0 006 1.7 21.2 58.4 1.0025 0.00 0.0M
3900.000 1960 COM2 65 0R0 357 1.7 21.2 58.4 1.0025 0.00 0.0M
3960.000 1960 COM2 65 0R0 031 1.7 21.2 58.4 1.0025 0.00 0.0M
4020.000 1960 COM2 65 0R0 009 0.7 21.1 58.6 1.0025 0.00 0.0M
4080.000 1960 COM2 65 0R0 033 1.9 21.1 58.4 1.0024 0.00 0.0M
4140.000 1960 COM2 65 0R0 030 1.2 21.1 58.4 1.0025 0.00 0.0M
4200.000 1960 COM2 65 0R0 332 2.9 21.1 58.5 1.0025 0.00 0.0M
4260.000 1960 COM2 65 0R0 357 0.7 21.1 58.9 1.0025 0.00 0.0M
4320.000 1960 COM2 65 0R0 295 1.0 21.0 58.9 1.0025 0.00 0.0M
4380.000 1960 COM2 65 0R0 335 0.5 21.0 58.9 1.0025 0.00 0.0M
4440.000 1960 COM2 65 0R0 340 3.5 21.0 58.9 1.0026 0.00 0.0M
4500.000 1960 COM2 65 0R0 042 1.5 21.0 58.6 1.0026 0.00 0.0M
4560.000 1960 COM2 65 0R0 009 1.1 20.9 59.0 1.0026 0.00 0.0M
4620.000 1960 COM2 65 0R0 339 0.6 20.9 59.1 1.0026 0.00 0.0M
4680.000 1960 COM2 65 0R0 334 2.6 20.9 58.2 1.0027 0.00 0.0M
4740.000 1960 COM2 65 0R0 317 1.3 20.9 58.7 1.0027 0.00 0.0M
4800.000 1960 COM2 65 0R0 347 1.0 20.9 58.5 1.0027 0.00 0.0M
4860.000 1960 COM2 65 0R0 087 0.4 20.8 58.6 1.0027 0.00 0.0M
4920.000 1960 COM2 65 0R0 335 3.5 20.8 58.9 1.0027 0.00 0.0M
4980.000 1960 COM2 65 0R0 349 1.5 20.8 58.9 1.0027 0.00 0.0M
5040.000 1960 COM2 65 0R0 344 3.9 20.8 58.6 1.0027 0.00 0.0M
5100.100 1960 COM2 65 0R0 332 0.5 20.8 58.7 1.0027 0.00 0.0M
5160.000 1960 COM2 65 0R0 007 1.3 20.7 58.3 1.0028 0.00 0.0M
5220.000 1960 COM2 65 0R0 012 3.1 20.7 58.4 1.0028 0.00 0.0M
5280.000 1960 COM2 65 0R0 351 1.8 20.7 58.2 1.0029 0.00 0.0M
5340.000 1960 COM2 65 0R0 309 2.8 20.7 57.8 1.0029 0.00 0.0M
5400.000 1960 COM2 65 0R0 010 0.9 20.7 58.4 1.0029 0.00 0.0M
5460.000 1960 COM2 65 0R0 333 1.1 20.7 58.3 1.0029 0.00 0.0M
5520.000 1960 COM2 65 0R0 002 2.2 20.7 57.7 1.0029 0.00 0.0M
5580.000 1960 COM2 65 0R0 112 1.1 20.7 57.9 1.0029 0.00 0.0M
5640.000 1960 COM2 65 0R0 344 2.6 20.7 57.9 1.0029 0.00 0.0M
5700.000 1960 COM2 65 0R0 359 1.4 20.7 57.6 1.0029 0.00 0.0M
5760.000 1960 COM2 65 0R0 336 0.9 20.7 57.6 1.0029 0.00 0.0M
5820.000 1960 COM2 65 0R0 015 2.0 20.7 57.4 1.0029 0.00 0.0M
5880.000 1960 COM2 65 0R0 007 2.5 20.7 57.8 1.0029 0.00 0.0M
5940.000 1960 COM2 65 0R0 017 1.8 20.6 57.0 1.0029 0.00 0.0M
6000.100 1960 COM2 65 0R0 343 2.8 20.7 57.3 1.0029 0.00 0.0M
6060.000 1960 COM2 65 0R0 351 2.1 20.7 56.7 1.0029 0.00 0.0M
6120.000 1960 COM2 65 0R0 349 1.7 20.7 56.5 1.0029 0.00 0.0M
6180.000 1960 COM2 65 0R0 034 3.2 20.7 56.1 1.0029 0.00 0.0M
6240.000 1960 COM2 65 0R0 358 1.6 20.7 55.7 1.0029 0.00 0.0M
6300.000 1960 COM2 65 0R0 346 2.6 20.7 56.1 1.0029 0.00 0.0M
6360.000 1960 COM2 65 0R0 334 2.5 20.7 55.6 1.0030 0.00 0.0M
6420.000 1960 COM2 65 0R0 039 2.8 20.8 55.7 1.0030 0.00 0.0M
6480.000 1960 COM2 65 0R0 029 2.1 20.8 55.2 1.0030 0.00 0.0M
6540.000 1960 COM2 65 0R0 340 1.8 20.8 55.4 1.0030 0.00 0.0M
6600.000 1960 COM2 65 0R0 000 2.3 20.8 55.5 1.0031 0.00 0.0M
6660.000 1960 COM2 65 0R0 005 0.6 20.7 55.5 1.0031 0.00 0.0M
6720.000 1960 COM2 65 0R0 344 2.7 20.7 55.4 1.0031 0.00 0.0M
6780.000 1960 COM2 65 0R0 333 0.9 20.7 55.6 1.0031 0.00 0.0M
6840.000 1960 COM2 65 0R0 018 0.8 20.7 55.3 1.0031 0.00 0.0M
6900.000 1960 COM2 65 0R0 048 1.1 20.7 55.4 1.0031 0.00 0.0M
6960.000 1960 COM2 65 0R0 026 1.2 20.7 55.4 1.0031 0.00 0.0M
7020.000 1960 COM2 65 0R0 027 1.7 20.6 55.4 1.0032 0.00 0.0M
7080.000 1960 COM2 65 0R0 011 3.1 20.6 55.3 1.0032 0.00 0.0M
7140.000 1960 COM2 65 0R0 357 0.5 20.6 55.4 1.0032 0.00 0.0M
7200.000 1960 COM2 65 0R0 334 0.4 20.6 55.3 1.0032 0.00 0.0M
7260.000 1960 COM2 65 0R0 334 1.9 20.6 55.5 1.0032 0.00 0.0M
7320.000 1960 COM2 65 0R0 354 2.1 20.5 55.6 1.0032 0.00 0.0M
7380.100 1960 COM2 65 0R0 340 0.8 20.5 55.5 1.0032 0.00 0.0M
7440.000 1960 COM2 65 0R0 027 1.5 20.5 55.5 1.0032 0.00 0.0M
7500.000 1960 COM2 65 0R0 060 1.2 20.5 55.3 1.0032 0.00 0.0M
7560.100 1960 COM2 65 0R0 347 1.6 20.5 54.9 1.0032 0.00 0.0M
7620.000 1960 COM2 65 0R0 045 1.1 20.5 55.2 1.0032 0.00 0.0M
7680.100 1960 COM2 65 0R0 353 1.0 20.5 55.3 1.0032 0.00 0.0M
7740.000 1960 COM2 65 0R0 017 2.7 20.5 55.2 1.0032 0.00 0.0M
7800.000 1960 COM2 65 0R0 326 0.9 20.5 55.0 1.0032 0.00 0.0M
7860.000 1960 COM2 65 0R0 003 3.5 20.5 55.3 1.0033 0.00 0.0M
7920.000 1960 COM2 65 0R0 005 1.1 20.5 54.7 1.0033 0.00 0.0M
7980.000 1960 COM2 65 0R0 344 0.4 20.5 54.9 1.0033 0.00 0.0M
8040.000 1960 COM2 65 0R0 018 1.8 20.5 54.9 1.0033 0.00 0.0M
8100.000 1960 COM2 65 0R0 319 1.8 20.4 55.1 1.0033 0.00 0.0M
8160.100 1960 COM2 65 0R0 342 2.3 20.4 55.0 1.0033 0.00 0.0M
8220.000 1960 COM2 65 0R0 015 2.3 20.4 55.0 1.0033 0.00 0.0M
8280.000 1960 COM2 65 0R0 310 0.3 20.4 55.0 1.0034 0.00 0.0M
8340.000 1960 COM2 65 0R0 354 1.2 20.4 55.1 1.0034 0.00 0.0M
8400.000 1960 COM2 65 0R0 350 1.2 20.3 55.0 1.0034 0.00 0.0M
8460.000 1960 COM2 65 0R0 338 1.7 20.3 54.9 1.0034 0.00 0.0M
8520.000 1960 COM2 65 0R0 029 2.6 20.3 54.9 1.0034 0.00 0.0M
8580.000 1960 COM2 65 0R0 019 0.7 20.3 54.8 1.0034 0.00 0.0M
8640.000 1960 COM2 65 0R0 019 1.5 20.3 55.0 1.0034 0.00 0.0M
8700.000 1960 COM2 65 0R0 034 1.1 20.3 55.1 1.0034 0.00 0.0M
8760.000 1960 COM2 65 0R0 062 0.6 20.3 55.0 1.0034 0.00 0.0M
8820.000 1960 COM2 65 0R0 353 2.4 20.3 54.9 1.0035 0.00 0.0M
8880.000 1960 COM2 65 0R0 020 1.4 20.3 55.1 1.0035 0.00 0.0M
8940.000 1960 COM2 65 0R0 026 1.9 20.2 55.2 1.0035 0.00 0.0M
9000.000 1960 COM2 65 0R0 024 0.7 20.2 55.1 1.0035 0.00 0.0M
9060.000 1960 COM2 65 0R0 001 1.9 20.2 54.9 1.0035 0.00 0.0M
9120.000 1960 COM2 65 0R0 346 0.7 20.2 55.2 1.0035 0.00 0.0M
9180.000 1960 COM2 65 0R0 004 1.6 20.2 55.0 1.0035 0.00 0.0M
9240.000 1960 COM2 65 0R0 013 1.1 20.2 55.1 1.0035 0.00 0.0M
9300.000 1960 COM2 65 0R0 035 0.7 20.2 55.7 1.0035 0.00 0.0M
9360.000 1960 COM2 65 0R0 055 1.3 20.1 55.5 1.0035 0.00 0.0M
9420.000 1960 COM2 65 0R0 308 1.4 20.1 55.3 1.0035 0.00 0.0M
9480.000 1960 COM2 65 0R0 353 1.3 20.1 55.4 1.0035 0.00 0.0M
9540.000 1960 COM2 65 0R0 229 0.5 20.1 55.4 1.0035 0.00 0.0M
9600.000 1960 COM2 65 0R0 010 0.7 20.0 55.7 1.0035 0.00 0.0M
9660.000 1960 COM2 65 0R0 353 1.2 20.0 55.8 1.0035 0.00 0.0M
9720.000 1960 COM2 65 0R0 030 1.2 20.0 55.7 1.0035 0.00 0.0M
9780.000 1960 COM2 65 0R0 013 1.8 20.0 55.9 1.0035 0.00 0.0M
9840.000 1960 COM2 65 0R0 013 1.3 20.0 55.9 1.0035 0.00 0.0M
9900.100 1960 COM2 65 0R0 327 1.3 19.9 55.8 1.0035 0.00 0.0M
9960.000 1960 COM2 65 0R0 029 1.3 19.9 56.1 1.0035 0.00 0.0M
10020.000 1960 COM2 65 0R0 029 0.4 19.9 55.9 1.0036 0.00 0.0M
10080.000 1960 COM2 65 0R0 057 0.9 19.9 55.8 1.0036 0.00 0.0M
10140.000 1960 COM2 65 0R0 036 1.0 19.9 56.3 1.0036 0.00 0.0M
10200.000 1960 COM2 65 0R0 027 0.4 19.9 56.1 1.0036 0.00 0.0M
10260.000 1960 COM2 65 0R0 016 1.5 19.9 55.8 1.0036 0.00 0.0M
10320.000 1960 COM2 65 0R0 018 1.5 19.8 56.0 1.0036 0.00 0.0M
10380.000 1960 COM2 65 0R0 034 1.0 19.8 56.1 1.0036 0.00 0.0M
10440.000 1960 COM2 65 0R0 330 0.5 19.8 56.2 1.0036 0.00 0.0M
10500.000 1960 COM2 65 0R0 306 0.8 19.8 56.4 1.0036 0.00 0.0M
10560.000 1960 COM2 65 0R0 343 1.0 19.8 56.3 1.0036 0.00 0.0M
10620.000 1960 COM2 65 0R0 088 0.9 19.7 56.4 1.0036 0.00 0.0M
10680.000 1960 COM2 65 0R0 006 0.5 19.7 56.4 1.0036 0.00 0.0M
10740.000 1960 COM2 65 0R0 000 1.7 19.7 56.4 1.0036 0.00 0.0M
10800.000 1960 COM2 65 0R0 338 1.8 19.7 56.4 1.0036 0.00 0.0M
10860.000 1960 COM2 65 0R0 013 0.8 19.7 56.7 1.0036 0.00 0.0M
10920.000 1960 COM2 65 0R0 347 0.9 19.7 56.5 1.0037 0.00 0.0M
10980.000 1960 COM2 65 0R0 337 2.0 19.6 56.5 1.0037 0.00 0.0M
11040.000 1960 COM2 65 0R0 002 0.3 19.6 56.9 1.0037 0.00 0.0M
11100.000 1960 COM2 65 0R0 349 1.6 19.6 56.8 1.0037 0.00 0.0M
11160.000 1960 COM2 65 0R0 055 1.5 19.6 56.9 1.0037 0.00 0.0M
11220.000 1960 COM2 65 0R0 357 1.7 19.6 57.0 1.0037 0.00 0.0M
11280.000 1960 COM2 65 0R0 359 0.8 19.6 57.0 1.0037 0.00 0.0M
11340.000 1960 COM2 65 0R0 008 0.2 19.5 57.1 1.0037 0.00 0.0M
11400.000 1960 COM2 65 0R0 004 0.4 19.5 57.2 1.0037 0.00 0.0M
11460.000 1960 COM2 65 0R0 010 1.3 19.5 57.1 1.0037 0.00 0.0M
11520.000 1960 COM2 65 0R0 032 1.8 19.5 57.3 1.0037 0.00 0.0M
11580.000 1960 COM2 65 0R0 320 0.8 19.4 57.4 1.0037 0.00 0.0M
11640.000 1960 COM2 65 0R0 340 1.0 19.4 57.5 1.0038 0.00 0.0M
11700.000 1960 COM2 65 0R0 024 0.7 19.4 57.4 1.0038 0.00 0.0M
11760.000 1960 COM2 65 0R0 346 0.3 19.4 57.5 1.0038 0.00 0.0M
11820.000 1960 COM2 65 0R0 334 0.6 19.4 57.5 1.0038 0.00 0.0M
11880.000 1960 COM2 65 0R0 349 0.9 19.3 57.5 1.0038 0.00 0.0M
11940.000 1960 COM2 65 0R0 020 0.8 19.3 57.4 1.0038 0.00 0.0M
12000.000 1960 COM2 65 0R0 050 0.4 19.3 57.5 1.0038 0.00 0.0M
12060.000 1960 COM2 65 0R0 013 1.1 19.3 57.7 1.0038 0.00 0.0M
12120.000 1960 COM2 65 0R0 011 0.5 19.3 57.6 1.0038 0.00 0.0M
12180.000 1960 COM2 65 0R0 345 1.0 19.3 57.7 1.0038 0.00 0.0M
12240.000 1960 COM2 65 0R0 031 1.9 19.3 57.7 1.0038 0.00 0.0M
12300.100 1960 COM2 65 0R0 026 1.0 19.3 57.6 1.0039 0.00 0.0M
12360.000 1960 COM2 65 0R0 010 0.3 19.3 57.4 1.0038 0.00 0.0M
12420.000 1960 COM2 65 0R0 032 1.6 19.3 57.5 1.0039 0.00 0.0M
12480.000 1960 COM2 65 0R0 349 0.2 19.3 57.4 1.0039 0.00 0.0M
12540.000 1960 COM2 65 0R0 033 1.7 19.3 57.7 1.0039 0.00 0.0M
12600.000 1960 COM2 65 0R0 053 1.2 19.3 57.5 1.0038 0.00 0.0M
12660.000 1960 COM2 65 0R0 019 1.3 19.3 57.4 1.0038 0.00 0.0M
12720.000 1960 COM2 65 0R0 353 0.9 19.2 57.7 1.0038 0.00 0.0M
12780.000 1960 COM2 65 0R0 339 1.6 19.2 57.3 1.0038 0.00 0.0M
12840.000 1960 COM2 65 0R0 354 0.7 19.2 57.4 1.0038 0.00 0.0M
12900.000 1960 COM2 65 0R0 021 1.9 19.2 57.3 1.0038 0.00 0.0M
12960.000 1960 COM2 65 0R0 007 1.6 19.2 57.3 1.0038 0.00 0.0M
13020.000 1960 COM2 65 0R0 023 1.4 19.2 57.4 1.0038 0.00 0.0M
13080.000 1960 COM2 65 0R0 359 1.4 19.2 57.1 1.0038 0.00 0.0M
13140.000 1960 COM2 65 0R0 332 1.0 19.2 57.2 1.0038 0.00 0.0M
13200.000 1960 COM2 65 0R0 046 2.0 19.2 57.1 1.0038 0.00 0.0M
13260.000 1960 COM2 65 0R0 041 1.7 19.2 57.3 1.0038 0.00 0.0M
13320.000 1960 COM2 65 0R0 359 1.1 19.2 57.1 1.0038 0.00 0.0M
13380.000 1960 COM2 65 0R0 348 0.8 19.2 57.2 1.0038 0.00 0.0M
13440.000 1960 COM2 65 0R0 005 0.8 19.2 57.0 1.0038 0.00 0.0M
13500.000 1960 COM2 65 0R0 012 0.7 19.2 57.2 1.0038 0.00 0.0M
13560.000 1960 COM2 65 0R0 012 2.4 19.2 57.2 1.0038 0.00 0.0M
13620.000 1960 COM2 65 0R0 027 1.8 19.2 57.0 1.0038 0.00 0.0M
13680.000 1960 COM2 65 0R0 340 1.2 19.2 57.1 1.0038 0.00 0.0M
13740.000 1960 COM2 65 0R0 028 1.0 19.2 57.0 1.0038 0.00 0.0M
13800.000 1960 COM2 65 0R0 027 1.9 19.2 56.7 1.0038 0.00 0.0M
13860.000 1960 COM2 65 0R0 340 1.0 19.2 57.0 1.0038 0.00 0.0M
13920.000 1960 COM2 65 0R0 018 1.2 19.2 57.2 1.0038 0.00 0.0M
13980.000 1960 COM2 65 0R0 091 0.8 19.2 56.8 1.0038 0.00 0.0M
14040.000 1960 COM2 65 0R0 006 1.2 19.1 57.0 1.0038 0.00 0.0M
14100.000 1960 COM2 65 0R0 016 1.7 19.1 57.1 1.0038 0.00 0.0M
14160.000 1960 COM2 65 0R0 335 1.8 19.1 57.0 1.0038 0.00 0.0M
14220.000 1960 COM2 65 0R0 035 2.5 19.1 56.8 1.0038 0.00 0.0M
14280.000 1960 COM2 65 0R0 029 2.9 19.1 57.0 1.0038 0.00 0.0M
14340.000 1960 COM2 65 0R0 014 1.8 19.1 56.8 1.0038 0.00 0.0M
14400.000 1960 COM2 65 0R0 052 1.0 19.1 56.7 1.0038 0.00 0.0M
14460.000 1960 COM2 65 0R0 013 1.5 19.1 57.0 1.0038 0.00 0.0M
14520.000 1960 COM2 65 0R0 035 0.7 19.1 57.0 1.0037 0.00 0.0M
14580.000 1960 COM2 65 0R0 014 0.9 19.1 56.8 1.0037 0.00 0.0M
14640.000 1960 COM2 65 0R0 019 1.3 19.1 56.8 1.0037 0.00 0.0M
14700.000 1960 COM2 65 0R0 065 0.6 19.1 57.0 1.0037 0.00 0.0M
14760.000 1960 COM2 65 0R0 036 1.4 19.1 56.8 1.0037 0.00 0.0M
14820.000 1960 COM2 65 0R0 349 0.8 19.1 56.8 1.0038 0.00 0.0M
14880.000 1960 COM2 65 0R0 038 2.0 19.1 57.0 1.0038 0.00 0.0M
14940.000 1960 COM2 65 0R0 339 2.2 19.0 56.8 1.0038 0.00 0.0M
15000.000 1960 COM2 65 0R0 356 1.8 19.0 56.9 1.0037 0.00 0.0M
15060.000 1960 COM2 65 0R0 350 1.0 19.0 56.8 1.0038 0.00 0.0M
15120.000 1960 COM2 65 0R0 021 1.2 19.0 56.9 1.0038 0.00 0.0M
15180.000 1960 COM2 65 0R0 023 1.1 19.0 57.0 1.0038 0.00 0.0M
15240.000 1960 COM2 65 0R0 343 0.9 19.0 57.0 1.0038 0.00 0.0M
15300.000 1960 COM2 65 0R0 039 1.4 19.0 57.2 1.0038 0.00 0.0M
15360.000 1960 COM2 65 0R0 012 1.1 19.0 57.1 1.0038 0.00 0.0M
15420.000 1960 COM2 65 0R0 339 2.5 18.9 57.2 1.0038 0.00 0.0M
15480.000 1960 COM2 65 0R0 016 1.7 18.9 57.0 1.0038 0.00 0.0M
15540.000 1960 COM2 65 0R0 000 1.3 18.9 57.5 1.0038 0.00 0.0M
15600.000 1960 COM2 65 0R0 352 1.4 18.9 57.4 1.0037 0.00 0.0M
15660.000 1960 COM2 65 0R0 009 1.0 18.9 57.5 1.0037 0.00 0.0M
15720.000 1960 COM2 65 0R0 013 1.1 18.9 57.1 1.0037 0.00 0.0M
15780.000 1960 COM2 65 0R0 043 0.8 18.9 57.4 1.0037 0.00 0.0M
15840.000 1960 COM2 65 0R0 032 1.8 18.9 57.4 1.0037 0.00 0.0M
15900.000 1960 COM2 65 0R0 356 1.0 18.9 57.3 1.0037 0.00 0.0M
15960.000 1960 COM2 65 0R0 097 0.3 18.8 57.7 1.0037 0.00 0.0M
16020.000 1960 COM2 65 0R0 030 1.3 18.8 57.7 1.0036 0.00 0.0M
16080.000 1960 COM2 65 0R0 022 1.5 18.8 57.9 1.0036 0.00 0.0M
16140.000 1960 COM2 65 0R0 007 0.7 18.8 58.4 1.0036 0.00 0.0M
16200.000 1960 COM2 65 0R0 341 0.9 18.8 57.8 1.0036 0.00 0.0M
16260.000 1960 COM2 65 0R0 027 1.5 18.7 57.7 1.0036 0.00 0.0M
16320.000 1960 COM2 65 0R0 003 1.1 18.7 57.7 1.0036 0.00 0.0M
16380.000 1960 COM2 65 0R0 029 0.6 18.7 58.2 1.0036 0.00 0.0M
16440.000 1960 COM2 65 0R0 098 0.3 18.7 58.2 1.0037 0.00 0.0M
16500.000 1960 COM2 65 0R0 005 0.8 18.7 58.3 1.0037 0.00 0.0M
16560.000 1960 COM2 65 0R0 000 0.4 18.6 58.7 1.0037 0.00 0.0M
16620.000 1960 COM2 65 0R0 334 1.0 18.6 58.5 1.0037 0.00 0.0M
16680.000 1960 COM2 65 0R0 063 0.9 18.6 58.7 1.0037 0.00 0.0M
16740.000 1960 COM2 65 0R0 303 0.9 18.5 58.7 1.0037 0.00 0.0M
16800.000 1960 COM2 65 0R0 014 0.6 18.5 58.9 1.0037 0.00 0.0M
16860.000 1960 COM2 65 0R0 322 2.3 18.5 58.9 1.0038 0.00 0.0M
16920.000 1960 COM2 65 0R0 339 0.9 18.5 59.0 1.0038 0.00 0.0M
16980.000 1960 COM2 65 0R0 029 1.4 18.4 59.4 1.0038 0.00 0.0M
17040.000 1960 COM2 65 0R0 065 0.4 18.4 59.3 1.0038 0.00 0.0M
17100.000 1960 COM2 65 0R0 037 3.1 18.4 59.6 1.0038 0.00 0.0M
17160.000 1960 COM2 65 0R0 008 1.0 18.4 59.7 1.0038 0.00 0.0M
17220.000 1960 COM2 65 0R0 038 1.5 18.3 59.8 1.0038 0.00 0.0M
17280.000 1960 COM2 65 0R0 014 1.3 18.3 60.1 1.0038 0.00 0.0M
17340.000 1960 COM2 65 0R0 352 2.1 18.3 59.9 1.0038 0.00 0.0M
17400.000 1960 COM2 65 0R0 000 1.8 18.2 60.0 1.0038 0.00 0.0M
17460.000 1960 COM2 65 0R0 037 2.0 18.2 60.1 1.0039 0.00 0.0M
17520.000 1960 COM2 65 0R0 318 0.7 18.2 60.2 1.0038 0.00 0.0M
17580.000 1960 COM2 65 0R0 010 1.4 18.2 60.2 1.0038 0.00 0.0M
17640.000 1960 COM2 65 0R0 338 2.8 18.2 60.2 1.0038 0.00 0.0M
17700.000 1960 COM2 65 0R0 000 0.4 18.1 60.4 1.0038 0.00 0.0M
17760.000 1960 COM2 65 0R0 341 3.4 18.1 60.4 1.0038 0.00 0.0M
17820.000 1960 COM2 65 0R0 340 2.4 18.1 60.2 1.0038 0.00 0.0M
17880.000 1960 COM2 65 0R0 353 1.2 18.1 60.6 1.0038 0.00 0.0M
17940.100 1960 COM2 65 0R0 041 1.4 18.1 60.5 1.0038 0.00 0.0M
18000.000 1960 COM2 65 0R0 047 1.3 18.1 60.8 1.0039 0.00 0.0M
18060.000 1960 COM2 65 0R0 007 1.8 18.0 61.0 1.0038 0.00 0.0M
18120.000 1960 COM2 65 0R0 077 0.5 18.0 61.0 1.0039 0.00 0.0M
18180.000 1960 COM2 65 0R0 336 2.1 18.0 61.1 1.0039 0.00 0.0M
18240.000 1960 COM2 65 0R0 012 1.4 17.9 61.2 1.0039 0.00 0.0M
18300.000 1960 COM2 65 0R0 303 3.3 17.9 61.2 1.0039 0.00 0.0M
18360.000 1960 COM2 65 0R0 339 3.2 17.9 61.1 1.0039 0.00 0.0M
18420.000 1960 COM2 65 0R0 345 2.9 17.9 61.1 1.0039 0.00 0.0M
18480.000 1960 COM2 65 0R0 344 2.2 17.9 60.8 1.0039 0.00 0.0M
18540.000 1960 COM2 65 0R0 011 1.6 17.9 60.9 1.0039 0.00 0.0M
18600.000 1960 COM2 65 0R0 354 1.0 17.9 60.9 1.0039 0.00 0.0M
18660.000 1960 COM2 65 0R0 047 0.5 17.9 61.0 1.0039 0.00 0.0M
18720.000 1960 COM2 65 0R0 350 2.1 17.9 61.2 1.0039 0.00 0.0M
18780.000 1960 COM2 65 0R0 303 0.7 17.9 61.3 1.0039 0.00 0.0M
18840.000 1960 COM2 65 0R0 319 2.5 17.9 61.4 1.0039 0.00 0.0M
18900.000 1960 COM2 65 0R0 024 2.0 17.8 61.2 1.0039 0.00 0.0M
18960.000 1960 COM2 65 0R0 008 1.7 17.8 61.4 1.0039 0.00 0.0M
19020.000 1960 COM2 65 0R0 010 3.1 17.8 61.2 1.0039 0.00 0.0M
19080.000 1960 COM2 65 0R0 349 2.5 17.8 61.3 1.0039 0.00 0.0M
19140.000 1960 COM2 65 0R0 018 2.2 17.8 61.2 1.0039 0.00 0.0M
19200.000 1960 COM2 65 0R0 003 0.8 17.8 61.7 1.0039 0.00 0.0M
19260.000 1960 COM2 65 0R0 017 1.7 17.7 61.8 1.0039 0.00 0.0M
19320.000 1960 COM2 65 0R0 350 3.1 17.7 61.7 1.0039 0.00 0.0M
19380.000 1960 COM2 65 0R0 310 3.3 17.7 61.4 1.0039 0.00 0.0M
19440.000 1960 COM2 65 0R0 352 1.4 17.7 61.5 1.0038 0.00 0.0M
19500.000 1960 COM2 65 0R0 024 1.4 17.7 61.6 1.0038 0.00 0.0M
19560.000 1960 COM2 65 0R0 358 1.5 17.7 61.6 1.0038 0.00 0.0M
19620.000 1960 COM2 65 0R0 344 1.0 17.7 61.7 1.0038 0.00 0.0M
19680.100 1960 COM2 65 0R0 345 0.7 17.7 61.8 1.0038 0.00 0.0M
19740.000 1960 COM2 65 0R0 020 1.0 17.6 61.9 1.0038 0.00 0.0M
19800.000 1960 COM2 65 0R0 352 2.4 17.6 61.8 1.0038 0.00 0.0M
19860.000 1960 COM2 65 0R0 335 2.2 17.6 61.8 1.0038 0.00 0.0M
19920.000 1960 COM2 65 0R0 318 1.3 17.6 61.5 1.0038 0.00 0.0M
19980.000 1960 COM2 65 0R0 017 1.1 17.6 61.8 1.0038 0.00 0.0M
20040.000 1960 COM2 65 0R0 335 1.0 17.6 62.2 1.0038 0.00 0.0M
20100.000 1960 COM2 65 0R0 345 1.5 17.6 62.0 1.0038 0.00 0.0M
20160.000 1960 COM2 65 0R0 312 3.3 17.6 61.7 1.0038 0.00 0.0M
20220.000 1960 COM2 65 0R0 345 2.1 17.6 61.9 1.0038 0.00 0.0M
20280.000 1960 COM2 65 0R0 033 2.2 17.6 62.1 1.0038 0.00 0.0M
20340.000 1960 COM2 65 0R0 347 2.8 17.5 62.0 1.0038 0.00 0.0M
20400.000 1960 COM2 65 0R0 341 1.9 17.5 62.0 1.0038 0.00 0.0M
20460.000 1960 COM2 65 0R0 346 3.2 17.5 62.1 1.0038 0.00 0.0M
20520.000 1960 COM2 65 0R0 008 0.8 17.5 62.3 1.0038 0.00 0.0M
20580.000 1960 COM2 65 0R0 021 0.5 17.5 62.3 1.0038 0.00 0.0M
20640.000 1960 COM2 65 0R0 356 0.8 17.5 62.0 1.0038 0.00 0.0M
20700.000 1960 COM2 65 0R0 342 0.7 17.5 62.3 1.0038 0.00 0.0M
20760.000 1960 COM2 65 0R0 032 1.3 17.5 62.4 1.0038 0.00 0.0M
20820.000 1960 COM2 65 0R0 340 1.7 17.4 62.4 1.0038 0.00 0.0M
20880.000 1960 COM2 65 0R0 035 0.5 17.4 62.5 1.0038 0.00 0.0M
20940.000 1960 COM2 65 0R0 342 2.6 17.4 62.3 1.0039 0.00 0.0M
21000.000 1960 COM2 65 0R0 018 1.6 17.4 62.3 1.0039 0.00 0.0M
21060.000 1960 COM2 65 0R0 346 2.2 17.4 62.4 1.0039 0.00 0.0M
21120.000 1960 COM2 65 0R0 312 2.3 17.4 62.4 1.0039 0.00 0.0M
21180.000 1960 COM2 65 0R0 345 1.3 17.4 62.1 1.0039 0.00 0.0M
21240.000 1960 COM2 65 0R0 034 1.8 17.4 62.1 1.0039 0.00 0.0M
21300.000 1960 COM2 65 0R0 335 2.3 17.4 62.4 1.0039 0.00 0.0M
21360.000 1960 COM2 65 0R0 357 1.4 17.4 62.1 1.0039 0.00 0.0M
21420.000 1960 COM2 65 0R0 054 1.8 17.4 62.6 1.0038 0.00 0.0M
21480.000 1960 COM2 65 0R0 001 1.7 17.4 62.0 1.0039 0.00 0.0M
21540.000 1960 COM2 65 0R0 343 3.1 17.4 62.1 1.0039 0.00 0.0M
21600.000 1960 COM2 65 0R0 039 0.8 17.4 62.4 1.0039 0.00 0.0M
21660.000 1960 COM2 65 0R0 337 2.4 17.4 62.1 1.0039 0.00 0.0M
21720.000 1960 COM2 65 0R0 336 2.7 17.4 62.0 1.0039 0.00 0.0M
21780.000 1960 COM2 65 0R0 342 2.6 17.4 62.2 1.0039 0.00 0.0M
21840.000 1960 COM2 65 0R0 001 1.7 17.4 62.1 1.0039 0.00 0.0M
21900.000 1960 COM2 65 0R0 090 0.5 17.4 61.8 1.0039 0.00 0.0M
21960.000 1960 COM2 65 0R0 340 0.9 17.4 62.0 1.0039 0.00 0.0M
22020.000 1960 COM2 65 0R0 344 2.1 17.4 62.1 1.0039 0.00 0.0M
22080.000 1960 COM2 65 0R0 022 3.0 17.4 62.0 1.0039 0.00 0.0M
22140.000 1960 COM2 65 0R0 353 2.8 17.4 62.1 1.0039 0.00 0.0M
22200.100 1960 COM2 65 0R0 340 2.3 17.4 61.9 1.0039 0.00 0.0M
22260.000 1960 COM2 65 0R0 029 1.3 17.4 61.8 1.0039 0.00 0.0M
22320.000 1960 COM2 65 0R0 015 3.0 17.4 61.6 1.0039 0.00 0.0M
22380.000 1960 COM2 65 0R0 345 3.4 17.4 61.7 1.0039 0.00 0.0M
22440.000 1960 COM2 65 0R0 017 2.2 17.4 61.7 1.0039 0.00 0.0M
22500.000 1960 COM2 65 0R0 006 2.1 17.4 61.7 1.0039 0.00 0.0M
22560.000 1960 COM2 65 0R0 005 1.2 17.4 61.7 1.0039 0.00 0.0M
22620.000 1960 COM2 65 0R0 353 1.8 17.4 61.6 1.0039 0.00 0.0M
22680.000 1960 COM2 65 0R0 020 1.6 17.4 61.7 1.0039 0.00 0.0M
22740.000 1960 COM2 65 0R0 043 2.0 17.4 61.9 1.0039 0.00 0.0M
22800.000 1960 COM2 65 0R0 047 1.9 17.3 61.8 1.0039 0.00 0.0M
22860.000 1960 COM2 65 0R0 320 0.7 17.3 61.8 1.0039 0.00 0.0M
22920.000 1960 COM2 65 0R0 018 0.9 17.3 62.1 1.0039 0.00 0.0M
22980.000 1960 COM2 65 0R0 031 0.9 17.3 61.9 1.0039 0.00 0.0M
23040.000 1960 COM2 65 0R0 015 2.1 17.3 62.0 1.0039 0.00 0.0M
23100.000 1960 COM2 65 0R0 067 0.6 17.3 62.1 1.0039 0.00 0.0M
23160.000 1960 COM2 65 0R0 060 1.1 17.3 62.1 1.0039 0.00 0.0M
23220.000 1960 COM2 65 0R0 014 0.6 17.3 62.0 1.0040 0.00 0.0M
23280.000 1960 COM2 65 0R0 333 0.6 17.3 62.1 1.0040 0.00 0.0M
23340.000 1960 COM2 65 0R0 001 1.6 17.3 62.2 1.0040 0.00 0.0M
23400.000 1960 COM2 65 0R0 338 1.2 17.2 62.2 1.0040 0.00 0.0M
23460.000 1960 COM2 65 0R0 013 1.6 17.2 62.1 1.0040 0.00 0.0M
23520.000 1960 COM2 65 0R0 321 0.9 17.2 62.1 1.0040 0.00 0.0M
23580.000 1960 COM2 65 0R0 352 1.0 17.2 62.2 1.0040 0.00 0.0M
23640.000 1960 COM2 65 0R0 037 1.4 17.2 62.1 1.0040 0.00 0.0M
23700.000 1960 COM2 65 0R0 347 0.8 17.2 62.1 1.0040 0.00 0.0M
23760.000 1960 COM2 65 0R0 099 0.5 17.2 62.2 1.0040 0.00 0.0M
23820.000 1960 COM2 65 0R0 356 0.5 17.2 61.9 1.0040 0.00 0.0M
23880.000 1960 COM2 65 0R0 025 2.4 17.2 61.6 1.0040 0.00 0.0M
23940.000 1960 COM2 65 0R0 020 1.3 17.2 61.7 1.0040 0.00 0.0M
24000.000 1960 COM2 65 0R0 350 1.4 17.3 61.7 1.0040 0.00 0.0M
24060.000 1960 COM2 65 0R0 050 2.0 17.3 61.8 1.0039 0.00 0.0M
24120.000 1960 COM2 65 0R0 002 0.8 17.2 61.8 1.0039 0.00 0.0M
24180.000 1960 COM2 65 0R0 347 1.6 17.2 62.2 1.0039 0.00 0.0M
24240.000 1960 COM2 65 0R0 337 1.0 17.2 62.0 1.0039 0.00 0.0M
24300.000 1960 COM2 65 0R0 313 1.2 17.2 61.9 1.0039 0.00 0.0M
24360.000 1960 COM2 65 0R0 316 1.1 17.2 62.2 1.0039 0.00 0.0M
24420.000 1960 COM2 65 0R0 331 0.8 17.2 62.0 1.0039 0.00 0.0M
24480.000 1960 COM2 65 0R0 351 2.2 17.2 62.2 1.0039 0.00 0.0M
24540.000 1960 COM2 65 0R0 341 3.9 17.2 62.1 1.0039 0.00 0.0M
24600.000 1960 COM2 65 0R0 327 0.4 17.2 61.8 1.0039 0.00 0.0M
24660.000 1960 COM2 65 0R0 031 2.6 17.2 61.8 1.0039 0.00 0.0M
24720.000 1960 COM2 65 0R0 029 2.0 17.2 61.8 1.0039 0.00 0.0M
24780.000 1960 COM2 65 0R0 353 0.5 17.2 61.9 1.0039 0.00 0.0M
24840.000 1960 COM2 65 0R0 346 2.5 17.2 61.7 1.0040 0.00 0.0M
24900.000 1960 COM2 65 0R0 043 1.7 17.2 62.0 1.0040 0.00 0.0M
24960.000 1960 COM2 65 0R0 062 0.9 17.2 62.1 1.0040 0.00 0.0M
25020.000 1960 COM2 65 0R0 021 1.7 17.2 62.0 1.0040 0.00 0.0M
25080.000 1960 COM2 65 0R0 357 1.6 17.2 62.1 1.0040 0.00 0.0M
25140.000 1960 COM2 65 0R0 335 2.5 17.2 61.9 1.0040 0.00 0.0M
25200.000 1960 COM2 65 0R0 024 1.8 17.1 61.8 1.0040 0.00 0.0M
25260.000 1960 COM2 65 0R0 343 1.2 17.1 61.9 1.0040 0.00 0.0M
25320.000 1960 COM2 65 0R0 047 0.6 17.1 62.0 1.0041 0.00 0.0M
25380.000 1960 COM2 65 0R0 355 1.0 17.1 62.2 1.0041 0.00 0.0M
25440.000 1960 COM2 65 0R0 352 2.7 17.1 62.2 1.0041 0.00 0.0M
25500.000 1960 COM2 65 0R0 332 1.5 17.1 62.0 1.0042 0.00 0.0M
25560.000 1960 COM2 65 0R0 052 0.7 17.1 62.2 1.0042 0.00 0.0M
25620.000 1960 COM2 65 0R0 036 0.7 17.1 62.1 1.0042 0.00 0.0M
25680.000 1960 COM2 65 0R0 012 2.4 17.1 61.9 1.0042 0.00 0.0M
25740.000 1960 COM2 65 0R0 010 1.1 17.1 62.2 1.0042 0.00 0.0M
25800.000 1960 COM2 65 0R0 346 3.7 17.1 62.1 1.0042 0.00 0.0M
25860.000 1960 COM2 65 0R0 005 1.3 17.1 62.1 1.0042 0.00 0.0M
25920.000 1960 COM2 65 0R0 032 2.1 17.1 62.1 1.0042 0.00 0.0M
25980.000 1960 COM2 65 0R0 297 0.6 17.1 61.8 1.0042 0.00 0.0M
26040.000 1960 COM2 65 0R0 349 1.0 17.1 62.0 1.0042 0.00 0.0M
26100.000 1960 COM2 65 0R0 353 2.1 17.1 62.3 1.0042 0.00 0.0M
26160.000 1960 COM2 65 0R0 013 1.5 17.1 61.8 1.0042 0.00 0.0M
26220.100 1960 COM2 65 0R0 351 1.4 17.1 61.8 1.0042 0.00 0.0M
26280.000 1960 COM2 65 0R0 014 1.2 17.1 61.9 1.0042 0.00 0.0M
26340.000 1960 COM2 65 0R0 066 0.6 17.1 61.8 1.0042 0.00 0.0M
26400.000 1960 COM2 65 0R0 017 0.5 17.1 61.9 1.0042 0.00 0.0M
26460.000 1960 COM2 65 0R0 006 1.6 17.1 62.0 1.0042 0.00 0.0M
26520.000 1960 COM2 65 0R0 356 1.0 17.1 62.0 1.0042 0.00 0.0M
26580.000 1960 COM2 65 0R0 014 0.9 17.1 62.0 1.0042 0.00 0.0M
26640.000 1960 COM2 65 0R0 020 1.2 17.1 62.0 1.0042 0.00 0.0M
26700.000 1960 COM2 65 0R0 036 1.9 17.0 62.4 1.0042 0.00 0.0M
26760.000 1960 COM2 65 0R0 304 0.7 17.0 61.9 1.0042 0.00 0.0M
26820.000 1960 COM2 65 0R0 034 1.3 17.0 62.0 1.0042 0.00 0.0M
26880.000 1960 COM2 65 0R0 335 0.9 17.0 62.0 1.0042 0.00 0.0M
26940.000 1960 COM2 65 0R0 297 0.9 17.0 62.1 1.0042 0.00 0.0M
27000.000 1960 COM2 65 0R0 034 1.8 17.0 61.9 1.0042 0.00 0.0M
27060.000 1960 COM2 65 0R0 022 1.6 17.0 61.9 1.0042 0.00 0.0M
27120.000 1960 COM2 65 0R0 341 1.9 17.0 62.0 1.0042 0.00 0.0M
27180.000 1960 COM2 65 0R0 033 3.3 17.0 61.9 1.0042 0.00 0.0M
27240.000 1960 COM2 65 0R0 339 3.4 17.0 62.0 1.0042 0.00 0.0M
27300.000 1960 COM2 65 0R0 020 0.9 17.0 62.0 1.0042 0.00 0.0M
27360.100 1960 COM2 65 0R0 308 1.3 17.0 62.2 1.0043 0.00 0.0M
27420.000 1960 COM2 65 0R0 346 2.6 17.0 61.9 1.0043 0.00 0.0M
27480.000 1960 COM2 65 0R0 347 2.5 17.0 62.0 1.0043 0.00 0.0M
27540.000 1960 COM2 65 0R0 045 1.2 17.0 61.9 1.0043 0.00 0.0M
27600.000 1960 COM2 65 0R0 053 2.1 17.0 61.9 1.0043 0.00 0.0M
27660.000 1960 COM2 65 0R0 331 1.9 17.0 61.9 1.0043 0.00 0.0M
27720.000 1960 COM2 65 0R0 042 0.7 17.0 61.9 1.0043 0.00 0.0M
27780.000 1960 COM2 65 0R0 338 1.9 17.0 61.7 1.0044 0.00 0.0M
27840.000 1960 COM2 65 0R0 342 0.9 17.0 61.8 1.0044 0.00 0.0M
27900.000 1960 COM2 65 0R0 340 2.8 17.0 62.0 1.0044 0.00 0.0M
27960.000 1960 COM2 65 0R0 003 2.0 17.0 62.0 1.0044 0.00 0.0M
28020.000 1960 COM2 65 0R0 322 0.6 17.0 61.9 1.0044 0.00 0.0M
28080.000 1960 COM2 65 0R0 316 0.6 17.1 62.0 1.0044 0.00 0.0M
28140.000 1960 COM2 65 0R0 343 3.1 17.1 62.0 1.0044 0.00 0.0M
28200.000 1960 COM2 65 0R0 356 0.9 17.0 62.2 1.0043 0.00 0.0M
28260.000 1960 COM2 65 0R0 012 0.3 17.0 62.5 1.0044 0.00 0.0M
28320.000 1960 COM2 65 0R0 050 2.0 17.0 62.5 1.0044 0.00 0.0M
28380.000 1960 COM2 65 0R0 340 2.1 17.0 62.3 1.0044 0.00 0.0M
28440.000 1960 COM2 65 0R0 020 1.6 17.0 62.5 1.0044 0.00 0.0M
28500.000 1960 COM2 65 0R0 338 0.9 17.0 62.8 1.0044 0.00 0.0M
28560.000 1960 COM2 65 0R0 010 1.6 17.0 62.7 1.0044 0.00 0.0M
28620.000 1960 COM2 65 0R0 329 2.0 16.9 62.5 1.0044 0.00 0.0M
28680.000 1960 COM2 65 0R0 076 1.4 16.9 62.7 1.0044 0.00 0.0M
28740.000 1960 COM2 65 0R0 002 1.1 16.9 62.8 1.0044 0.00 0.0M
28800.000 1960 COM2 65 0R0 008 1.3 16.9 62.8 1.0044 0.00 0.0M
28860.000 1960 COM2 65 0R0 358 2.6 16.9 63.1 1.0044 0.00 0.0M
28920.000 1960 COM2 65 0R0 357 2.6 16.9 63.1 1.0044 0.00 0.0M
28980.000 1960 COM2 65 0R0 350 1.4 16.9 63.0 1.0044 0.00 0.0M
29040.000 1960 COM2 65 0R0 025 2.1 16.9 63.4 1.0045 0.00 0.0M
29100.000 1960 COM2 65 0R0 107 0.9 16.9 63.4 1.0045 0.00 0.0M
29160.000 1960 COM2 65 0R0 031 3.1 16.9 63.1 1.0045 0.00 0.0M
29220.000 1960 COM2 65 0R0 018 1.3 16.9 63.1 1.0045 0.00 0.0M
29280.000 1960 COM2 65 0R0 045 1.1 16.9 63.4 1.0045 0.00 0.0M
29340.000 1960 COM2 65 0R0 047 1.0 16.9 63.2 1.0045 0.00 0.0M
29400.000 1960 COM2 65 0R0 002 1.4 16.8 63.4 1.0046 0.00 0.0M
29460.000 1960 COM2 65 0R0 011 0.7 16.8 63.3 1.0046 0.00 0.0M
29520.000 1960 COM2 65 0R0 000 1.1 16.8 63.4 1.0046 0.00 0.0M
29580.000 1960 COM2 65 0R0 044 0.3 16.8 63.0 1.0046 0.00 0.0M
29640.000 1960 COM2 65 0R0 358 1.4 16.8 63.0 1.0046 0.00 0.0M
29700.000 1960 COM2 65 0R0 034 1.2 16.9 63.2 1.0046 0.00 0.0M
29760.000 1960 COM2 65 0R0 021 0.6 16.9 63.3 1.0046 0.00 0.0M
29820.000 1960 COM2 65 0R0 339 1.6 16.9 63.3 1.0046 0.00 0.0M
29880.000 1960 COM2 65 0R0 357 0.3 16.9 63.3 1.0046 0.00 0.0M
29940.000 1960 COM2 65 0R0 015 2.0 16.9 63.3 1.0046 0.00 0.0M
30000.000 1960 COM2 65 0R0 023 2.5 16.8 63.6 1.0046 0.00 0.0M
30060.000 1960 COM2 65 0R0 309 0.4 16.8 63.3 1.0046 0.00 0.0M
30120.000 1960 COM2 65 0R0 327 1.2 16.9 63.2 1.0046 0.00 0.0M
30180.000 1960 COM2 65 0R0 027 2.0 16.9 63.3 1.0046 0.00 0.0M
30240.000 1960 COM2 65 0R0 335 1.8 16.9 63.2 1.0046 0.00 0.0M
30300.000 1960 COM2 65 0R0 016 0.9 16.9 63.5 1.0046 0.00 0.0M
30360.000 1960 COM2 65 0R0 356 0.9 16.9 63.4 1.0047 0.00 0.0M
30420.000 1960 COM2 65 0R0 301 1.8 16.9 63.4 1.0046 0.00 0.0M
30480.000 1960 COM2 65 0R0 034 0.6 16.9 63.6 1.0046 0.00 0.0M
30540.000 1960 COM2 65 0R0 017 0.8 16.9 63.1 1.0047 0.00 0.0M
30600.000 1960 COM2 65 0R0 341 1.6 16.9 63.3 1.0047 0.00 0.0M
30660.000 1960 COM2 65 0R0 014 0.5 16.9 63.5 1.0047 0.00 0.0M
30720.000 1960 COM2 65 0R0 352 1.7 16.9 63.5 1.0047 0.00 0.0M
30780.000 1960 COM2 65 0R0 348 2.0 16.9 63.1 1.0047 0.00 0.0M
30840.000 1960 COM2 65 0R0 328 2.3 16.9 63.1 1.0047 0.00 0.0M
30900.000 1960 COM2 65 0R0 044 1.5 16.9 63.3 1.0047 0.00 0.0M
30960.000 1960 COM2 65 0R0 000 1.2 16.9 63.1 1.0047 0.00 0.0M
31020.000 1960 COM2 65 0R0 358 1.2 16.9 63.2 1.0047 0.00 0.0M
31080.000 1960 COM2 65 0R0 017 1.6 16.9 62.9 1.0047 0.00 0.0M
31140.000 1960 COM2 65 0R0 043 1.3 16.9 63.0 1.0047 0.00 0.0M
31200.000 1960 COM2 65 0R0 350 2.1 16.9 62.9 1.0047 0.00 0.0M
31260.000 1960 COM2 65 0R0 059 1.2 16.9 63.0 1.0047 0.00 0.0M
31320.000 1960 COM2 65 0R0 046 1.4 16.9 63.1 1.0048 0.00 0.0M
31380.000 1960 COM2 65 0R0 344 1.4 16.9 63.1 1.0048 0.00 0.0M
31440.000 1960 COM2 65 0R0 341 4.2 16.9 63.1 1.0048 0.00 0.0M
31500.000 1960 COM2 65 0R0 347 2.3 16.9 62.9 1.0048 0.00 0.0M
31560.000 1960 COM2 65 0R0 346 3.3 16.9 62.9 1.0048 0.00 0.0M
31620.000 1960 COM2 65 0R0 347 1.4 16.9 63.1 1.0048 0.00 0.0M
31680.000 1960 COM2 65 0R0 325 2.2 16.9 63.1 1.0048 0.00 0.0M
31740.000 1960 COM2 65 0R0 331 1.9 16.9 63.2 1.0048 0.00 0.0M
31800.000 1960 COM2 65 0R0 348 2.7 16.9 63.3 1.0048 0.00 0.0M
31860.000 1960 COM2 65 0R0 343 2.8 16.8 63.2 1.0048 0.00 0.0M
31920.000 1960 COM2 65 0R0 352 1.2 16.8 63.3 1.0048 0.00 0.0M
31980.000 1960 COM2 65 0R0 347 2.6 16.8 63.4 1.0048 0.00 0.0M
32040.000 1960 COM2 65 0R0 349 1.4 16.8 63.7 1.0048 0.00 0.0M
32100.000 1960 COM2 65 0R0 001 1.0 16.8 63.7 1.0048 0.00 0.0M
32160.000 1960 COM2 65 0R0 344 3.5 16.8 63.6 1.0048 0.00 0.0M
32220.000 1960 COM2 65 0R0 335 2.0 16.8 63.6 1.0049 0.00 0.0M
32280.000 1960 COM2 65 0R0 343 3.4 16.7 63.8 1.0049 0.00 0.0M
32340.000 1960 COM2 65 0R0 351 2.8 16.7 63.8 1.0049 0.00 0.0M
32400.000 1960 COM2 65 0R0 307 1.0 16.7 63.6 1.0049 0.00 0.0M
32460.000 1960 COM2 65 0R0 231 0.3 16.7 63.6 1.0049 0.00 0.0M
32520.000 1960 COM2 65 0R0 340 4.2 16.7 63.8 1.0049 0.00 0.0M
32580.000 1960 COM2 65 0R0 355 3.0 16.7 63.7 1.0049 0.00 0.0M
32640.000 1960 COM2 65 0R0 035 2.5 16.7 63.3 1.0049 0.00 0.0M
32700.000 1960 COM2 65 0R0 334 2.1 16.7 63.7 1.0049 0.00 0.0M
32760.000 1960 COM2 65 0R0 344 2.9 16.7 63.4 1.0049 0.00 0.0M
32820.000 1960 COM2 65 0R0 313 1.2 16.7 63.4 1.0049 0.00 0.0M
32880.000 1960 COM2 65 0R0 012 1.0 16.8 63.4 1.0049 0.00 0.0M
32940.000 1960 COM2 65 0R0 343 1.6 16.8 63.2 1.0049 0.00 0.0M
33000.000 1960 COM2 65 0R0 353 1.7 16.8 63.5 1.0049 0.00 0.0M
33060.000 1960 COM2 65 0R0 015 2.0 16.8 63.3 1.0049 0.00 0.0M
33120.000 1960 COM2 65 0R0 343 2.8 16.8 63.2 1.0049 0.00 0.0M
33180.000 1960 COM2 65 0R0 017 1.7 16.8 63.2 1.0049 0.00 0.0M
33240.000 1960 COM2 65 0R0 034 1.9 16.8 63.2 1.0049 0.00 0.0M
33300.000 1960 COM2 65 0R0 343 0.7 16.8 63.3 1.0049 0.00 0.0M
33360.000 1960 COM2 65 0R0 347 0.4 16.8 63.2 1.0049 0.00 0.0M
33420.000 1960 COM2 65 0R0 026 1.1 16.7 63.3 1.0049 0.00 0.0M
33480.000 1960 COM2 65 0R0 003 0.9 16.7 63.1 1.0049 0.00 0.0M
33540.000 1960 COM2 65 0R0 330 1.2 16.7 63.1 1.0049 0.00 0.0M
33600.000 1960 COM2 65 0R0 323 1.0 16.7 63.2 1.0049 0.00 0.0M
33660.000 1960 COM2 65 0R0 282 1.0 16.7 62.9 1.0049 0.00 0.0M
33720.000 1960 COM2 65 0R0 015 2.1 16.7 63.6 1.0050 0.00 0.0M
33780.000 1960 COM2 65 0R0 356 1.2 16.7 63.1 1.0050 0.00 0.0M
33840.000 1960 COM2 65 0R0 353 0.8 16.7 63.1 1.0050 0.00 0.0M
33900.000 1960 COM2 65 0R0 343 5.0 16.7 63.1 1.0050 0.00 0.0M
33960.000 1960 COM2 65 0R0 338 2.6 16.7 63.0 1.0050 0.00 0.0M
34020.000 1960 COM2 65 0R0 336 1.1 16.7 62.9 1.0050 0.00 0.0M
34080.000 1960 COM2 65 0R0 345 1.1 16.8 63.1 1.0051 0.00 0.0M
34140.000 1960 COM2 65 0R0 031 1.3 16.8 63.1 1.0051 0.00 0.0M
34200.000 1960 COM2 65 0R0 016 0.7 16.7 63.2 1.0051 0.00 0.0M
34260.000 1960 COM2 65 0R0 339 3.3 16.7 63.3 1.0051 0.00 0.0M
34320.000 1960 COM2 65 0R0 335 2.7 16.7 63.3 1.0051 0.00 0.0M
34380.000 1960 COM2 65 0R0 335 3.3 16.7 63.4 1.0051 0.00 0.0M
34440.000 1960 COM2 65 0R0 342 0.9 16.7 63.4 1.0051 0.00 0.0M
34500.000 1960 COM2 65 0R0 340 2.3 16.7 63.4 1.0051 0.00 0.0M
34560.000 1960 COM2 65 0R0 104 0.5 16.7 63.3 1.0051 0.00 0.0M
34620.000 1960 COM2 65 0R0 344 2.5 16.6 63.6 1.0051 0.00 0.0M
34680.000 1960 COM2 65 0R0 125 0.2 16.6 63.8 1.0051 0.00 0.0M
34740.000 1960 COM2 65 0R0 307 0.7 16.6 63.7 1.0051 0.00 0.0M
34800.000 1960 COM2 65 0R0 008 2.1 16.6 63.8 1.0052 0.00 0.0M
34860.000 1960 COM2 65 0R0 324 1.6 16.6 63.9 1.0052 0.00 0.0M
34920.000 1960 COM2 65 0R0 356 0.8 16.5 63.7 1.0052 0.00 0.0M
34980.000 1960 COM2 65 0R0 351 2.1 16.5 63.9 1.0053 0.00 0.0M
35040.000 1960 COM2 65 0R0 067 0.5 16.5 64.0 1.0053 0.00 0.0M
35100.000 1960 COM2 65 0R0 020 0.7 16.5 64.3 1.0053 0.00 0.0M
35160.000 1960 COM2 65 0R0 330 1.2 16.5 64.2 1.0053 0.00 0.0M
35220.000 1960 COM2 65 0R0 081 0.8 16.5 64.4 1.0053 0.00 0.0M
35280.000 1960 COM2 65 0R0 057 1.0 16.4 64.7 1.0053 0.00 0.0M
35340.000 1960 COM2 65 0R0 350 0.7 16.4 64.3 1.0053 0.00 0.0M
35400.000 1960 COM2 65 0R0 023 2.4 16.4 64.6 1.0054 0.00 0.0M
35460.000 1960 COM2 65 0R0 344 2.1 16.4 64.5 1.0054 0.00 0.0M
35520.000 1960 COM2 65 0R0 337 2.4 16.4 64.3 1.0054 0.00 0.0M
35580.000 1960 COM2 65 0R0 026 1.6 16.4 63.9 1.0054 0.00 0.0M
35640.000 1960 COM2 65 0R0 034 1.3 16.4 64.0 1.0054 0.00 0.0M
35700.000 1960 COM2 65 0R0 040 1.8 16.4 64.3 1.0054 0.00 0.0M
35760.000 1960 COM2 65 0R0 353 0.9 16.5 64.3 1.0054 0.00 0.0M
35820.000 1960 COM2 65 0R0 343 1.8 16.4 64.0 1.0054 0.00 0.0M
35880.000 1960 COM2 65 0R0 337 1.4 16.4 64.3 1.0054 0.00 0.0M
35940.000 1960 COM2 65 0R0 076 1.3 16.4 64.1 1.0054 0.00 0.0M
36000.000 1960 COM2 65 0R0 010 1.1 16.4 64.4 1.0054 0.00 0.0M
36060.000 1960 COM2 65 0R0 343 2.9 16.4 64.3 1.0054 0.00 0.0M
36120.000 1960 COM2 65 0R0 354 2.6 16.4 64.0 1.0054 0.00 0.0M
36180.000 1960 COM2 65 0R0 328 1.3 16.4 64.1 1.0054 0.00 0.0M
36240.000 1960 COM2 65 0R0 342 2.2 16.4 64.2 1.0054 0.00 0.0M
36300.000 1960 COM2 65 0R0 349 2.3 16.4 64.0 1.0054 0.00 0.0M
36360.000 1960 COM2 65 0R0 348 3.4 16.4 63.6 1.0054 0.00 0.0M
36420.000 1960 COM2 65 0R0 347 1.4 16.4 63.8 1.0055 0.00 0.0M
36480.000 1960 COM2 65 0R0 317 0.5 16.5 64.2 1.0055 0.00 0.0M
36540.000 1960 COM2 65 0R0 342 2.8 16.4 64.7 1.0055 0.00 0.0M
36600.000 1960 COM2 65 0R0 003 0.6 16.4 64.0 1.0055 0.00 0.0M
36660.000 1960 COM2 65 0R0 016 2.2 16.4 63.9 1.0056 0.00 0.0M
36720.000 1960 COM2 65 0R0 350 3.2 16.4 63.9 1.0056 0.00 0.0M
36780.000 1960 COM2 65 0R0 004 1.5 16.4 64.0 1.0056 0.00 0.0M
36840.000 1960 COM2 65 0R0 348 2.3 16.5 63.7 1.0056 0.00 0.0M
36900.000 1960 COM2 65 0R0 335 2.6 16.5 63.8 1.0056 0.00 0.0M
36960.000 1960 COM2 65 0R0 004 1.2 16.4 63.3 1.0056 0.00 0.0M
37020.000 1960 COM2 65 0R0 036 3.5 16.5 63.5 1.0056 0.00 0.0M
37080.000 1960 COM2 65 0R0 334 2.9 16.5 63.4 1.0056 0.00 0.0M
37140.000 1960 COM2 65 0R0 006 2.2 16.5 63.4 1.0057 0.00 0.0M
37200.000 1960 COM2 65 0R0 085 0.7 16.5 63.6 1.0057 0.00 0.0M
37260.000 1960 COM2 65 0R0 332 1.8 16.5 63.5 1.0057 0.00 0.0M
37320.000 1960 COM2 65 0R0 050 0.7 16.5 63.5 1.0057 0.00 0.0M
37380.000 1960 COM2 65 0R0 330 1.2 16.5 63.5 1.0057 0.00 0.0M
37440.100 1960 COM2 65 0R0 337 0.8 16.5 63.5 1.0057 0.00 0.0M
37500.100 1960 COM2 65 0R0 010 1.4 16.5 63.2 1.0057 0.00 0.0M
37560.100 1960 COM2 65 0R0 015 1.0 16.5 63.6 1.0057 0.00 0.0M
37620.000 1960 COM2 65 0R0 047 0.5 16.5 63.2 1.0057 0.00 0.0M
37680.000 1960 COM2 65 0R0 009 2.0 16.5 63.4 1.0057 0.00 0.0M
37740.000 1960 COM2 65 0R0 356 0.8 16.6 63.1 1.0057 0.00 0.0M
37800.000 1960 COM2 65 0R0 038 1.7 16.6 62.8 1.0058 0.00 0.0M
37860.000 1960 COM2 65 0R0 046 1.0 16.6 63.2 1.0058 0.00 0.0M
37920.000 1960 COM2 65 0R0 335 1.0 16.6 63.0 1.0058 0.00 0.0M
37980.000 1960 COM2 65 0R0 337 2.4 16.6 62.9 1.0058 0.00 0.0M
38040.000 1960 COM2 65 0R0 314 1.5 16.6 62.6 1.0058 0.00 0.0M
38100.000 1960 COM2 65 0R0 044 0.9 16.6 62.6 1.0058 0.00 0.0M
38160.000 1960 COM2 65 0R0 018 1.2 16.6 62.8 1.0058 0.00 0.0M
38220.000 1960 COM2 65 0R0 015 1.7 16.7 62.6 1.0058 0.00 0.0M
38280.000 1960 COM2 65 0R0 348 1.8 16.7 62.6 1.0058 0.00 0.0M
38340.000 1960 COM2 65 0R0 345 2.9 16.7 62.4 1.0059 0.00 0.0M
38400.000 1960 COM2 65 0R0 348 2.6 16.7 62.4 1.0059 0.00 0.0M
38460.000 1960 COM2 65 0R0 040 2.7 16.7 62.4 1.0059 0.00 0.0M
38520.000 1960 COM2 65 0R0 059 0.9 16.7 63.0 1.0059 0.00 0.0M
38580.000 1960 COM2 65 0R0 010 1.4 16.8 62.6 1.0059 0.00 0.0M
38640.000 1960 COM2 65 0R0 034 1.7 16.8 62.5 1.0059 0.00 0.0M
38700.000 1960 COM2 65 0R0 352 0.9 16.8 62.2 1.0060 0.00 0.0M
38760.000 1960 COM2 65 0R0 017 1.6 16.8 62.1 1.0060 0.00 0.0M
38820.000 1960 COM2 65 0R0 335 1.0 16.8 62.1 1.0060 0.00 0.0M
38880.000 1960 COM2 65 0R0 002 1.3 16.8 62.4 1.0060 0.00 0.0M
38940.000 1960 COM2 65 0R0 060 0.3 16.8 62.0 1.0060 0.00 0.0M
39000.000 1960 COM2 65 0R0 340 0.5 16.8 62.3 1.0061 0.00 0.0M
39060.000 1960 COM2 65 0R0 306 0.3 16.8 62.4 1.0061 0.00 0.0M
39120.000 1960 COM2 65 0R0 340 4.2 16.8 62.2 1.0061 0.00 0.0M
39180.000 1960 COM2 65 0R0 221 0.8 16.8 62.2 1.0062 0.00 0.0M
39240.000 1960 COM2 65 0R0 356 1.9 16.9 61.9 1.0062 0.00 0.0M
39300.000 1960 COM2 65 0R0 341 2.6 16.9 62.0 1.0062 0.00 0.0M
39360.000 1960 COM2 65 0R0 019 0.9 16.9 61.8 1.0062 0.00 0.0M
39420.000 1960 COM2 65 0R0 007 2.1 16.9 61.5 1.0062 0.00 0.0M
39480.000 1960 COM2 65 0R0 357 1.2 16.9 61.9 1.0062 0.00 0.0M
39540.000 1960 COM2 65 0R0 357 1.2 16.9 62.0 1.0062 0.00 0.0M
39600.000 1960 COM2 65 0R0 000 1.8 16.9 61.7 1.0062 0.00 0.0M
39660.000 1960 COM2 65 0R0 351 1.9 16.9 61.4 1.0062 0.00 0.0M
39720.000 1960 COM2 65 0R0 350 2.6 16.9 61.6 1.0062 0.00 0.0M
39780.000 1960 COM2 65 0R0 000 0.5 16.9 61.5 1.0062 0.00 0.0M
39840.000 1960 COM2 65 0R0 340 2.3 17.0 61.6 1.0062 0.00 0.0M
39900.000 1960 COM2 65 0R0 014 0.8 17.0 61.6 1.0062 0.00 0.0M
39960.000 1960 COM2 65 0R0 023 0.6 17.0 61.5 1.0062 0.00 0.0M
40020.000 1960 COM2 65 0R0 346 1.4 17.0 61.7 1.0062 0.00 0.0M
40080.000 1960 COM2 65 0R0 035 2.0 17.1 61.5 1.0062 0.00 0.0M
40140.000 1960 COM2 65 0R0 003 1.1 17.1 61.3 1.0062 0.00 0.0M
40200.000 1960 COM2 65 0R0 029 1.5 17.1 61.7 1.0062 0.00 0.0M
40260.000 1960 COM2 65 0R0 047 0.6 17.1 61.4 1.0062 0.00 0.0M
40320.000 1960 COM2 65 0R0 026 1.0 17.2 61.0 1.0062 0.00 0.0M
40380.000 1960 COM2 65 0R0 005 1.1 17.2 60.7 1.0062 0.00 0.0M
40440.000 1960 COM2 65 0R0 029 0.7 17.2 60.5 1.0062 0.00 0.0M
40500.000 1960 COM2 65 0R0 016 1.4 17.3 60.9 1.0062 0.00 0.0M
40560.000 1960 COM2 65 0R0 087 1.0 17.3 60.4 1.0062 0.00 0.0M
40620.000 1960 COM2 65 0R0 020 1.3 17.3 60.8 1.0063 0.00 0.0M
40680.000 1960 COM2 65 0R0 041 1.9 17.3 60.9 1.0063 0.00 0.0M
40740.000 1960 COM2 65 0R0 338 2.6 17.3 60.1 1.0063 0.00 0.0M
40800.000 1960 COM2 65 0R0 352 1.4 17.3 60.4 1.0063 0.00 0.0M
40860.000 1960 COM2 65 0R0 034 1.8 17.2 60.5 1.0063 0.00 0.0M
40920.000 1960 COM2 65 0R0 327 1.1 17.2 60.9 1.0063 0.00 0.0M
40980.000 1960 COM2 65 0R0 032 2.6 17.2 60.8 1.0063 0.00 0.0M
41040.000 1960 COM2 65 0R0 322 0.7 17.2 61.1 1.0064 0.00 0.0M
41100.000 1960 COM2 65 0R0 340 0.8 17.3 61.1 1.0064 0.00 0.0M
41160.000 1960 COM2 65 0R0 357 3.2 17.4 60.6 1.0064 0.00 0.0M
41220.000 1960 COM2 65 0R0 353 1.5 17.4 60.6 1.0064 0.00 0.0M
41280.000 1960 COM2 65 0R0 010 3.1 17.3 60.1 1.0064 0.00 0.0M
41340.000 1960 COM2 65 0R0 038 2.3 17.3 60.7 1.0064 0.00 0.0M
41400.000 1960 COM2 65 0R0 002 1.2 17.3 60.7 1.0065 0.00 0.0M
41460.000 1960 COM2 65 0R0 000 1.0 17.4 60.8 1.0065 0.00 0.0M
41520.000 1960 COM2 65 0R0 347 0.7 17.4 60.4 1.0065 0.00 0.0M
41580.000 1960 COM2 65 0R0 040 1.7 17.4 60.5 1.0065 0.00 0.0M
41640.000 1960 COM2 65 0R0 326 0.6 17.4 60.2 1.0065 0.00 0.0M
41700.000 1960 COM2 65 0R0 341 1.5 17.5 60.3 1.0065 0.00 0.0M
41760.000 1960 COM2 65 0R0 011 1.4 17.5 60.3 1.0065 0.00 0.0M
41820.000 1960 COM2 65 0R0 047 1.8 17.5 60.8 1.0065 0.00 0.0M
41880.000 1960 COM2 65 0R0 036 3.0 17.6 60.1 1.0065 0.00 0.0M
41940.000 1960 COM2 65 0R0 029 2.8 17.6 59.6 1.0065 0.00 0.0M
42000.000 1960 COM2 65 0R0 343 3.8 17.6 59.0 1.0065 0.00 0.0M
42060.000 1960 COM2 65 0R0 050 2.2 17.6 59.9 1.0065 0.00 0.0M
42120.000 1960 COM2 65 0R0 045 1.4 17.6 60.0 1.0065 0.00 0.0M
42180.000 1960 COM2 65 0R0 036 0.8 17.6 60.0 1.0065 0.00 0.0M
42240.000 1960 COM2 65 0R0 037 1.6 17.7 59.8 1.0065 0.00 0.0M
42300.000 1960 COM2 65 0R0 029 2.1 17.8 59.6 1.0066 0.00 0.0M
42360.000 1960 COM2 65 0R0 288 0.9 17.9 59.3 1.0066 0.00 0.0M
42420.000 1960 COM2 65 0R0 098 0.8 17.9 59.5 1.0066 0.00 0.0M
42480.000 1960 COM2 65 0R0 322 1.2 18.0 59.1 1.0066 0.00 0.0M
42540.000 1960 COM2 65 0R0 018 0.5 18.1 59.1 1.0066 0.00 0.0M
42600.000 1960 COM2 65 0R0 001 0.9 18.1 59.0 1.0066 0.00 0.0M
42660.000 1960 COM2 65 0R0 022 0.7 18.1 58.7 1.0066 0.00 0.0M
42720.000 1960 COM2 65 0R0 352 0.6 18.1 58.5 1.0066 0.00 0.0M
42780.000 1960 COM2 65 0R0 329 0.3 18.1 59.1 1.0066 0.00 0.0M
42840.000 1960 COM2 65 0R0 061 1.5 18.1 58.7 1.0066 0.00 0.0M
42900.000 1960 COM2 65 0R0 146 0.2 18.2 59.1 1.0066 0.00 0.0M
42960.000 1960 COM2 65 0R0 079 1.1 18.3 58.6 1.0067 0.00 0.0M
43020.000 1960 COM2 65 0R0 238 0.2 18.4 58.5 1.0067 0.00 0.0M
43080.000 1960 COM2 65 0R0 348 1.5 18.5 58.0 1.0067 0.00 0.0M
43140.000 1960 COM2 65 0R0 349 3.5 18.5 57.6 1.0067 0.00 0.0M
43200.000 1960 COM2 65 0R0 033 2.9 18.4 57.8 1.0067 0.00 0.0M
43260.000 1960 COM2 65 0R0 283 0.8 18.3 58.6 1.0067 0.00 0.0M
43320.000 1960 COM2 65 0R0 044 1.5 18.3 58.2 1.0067 0.00 0.0M
43380.000 1960 COM2 65 0R0 358 3.4 18.3 57.8 1.0068 0.00 0.0M
43440.000 1960 COM2 65 0R0 008 2.6 18.3 57.4 1.0068 0.00 0.0M
43500.000 1960 COM2 65 0R0 356 0.5 18.3 58.1 1.0068 0.00 0.0M
43560.000 1960 COM2 65 0R0 334 2.6 18.4 57.7 1.0068 0.00 0.0M
43620.000 1960 COM2 65 0R0 091 1.3 18.4 57.0 1.0068 0.00 0.0M
43680.000 1960 COM2 65 0R0 026 2.3 18.5 57.0 1.0068 0.00 0.0M
43740.000 1960 COM2 65 0R0 026 1.3 18.5 57.0 1.0068 0.00 0.0M
43800.000 1960 COM2 65 0R0 350 0.9 18.5 57.4 1.0069 0.00 0.0M
43860.000 1960 COM2 65 0R0 028 1.7 18.5 57.3 1.0069 0.00 0.0M
43920.000 1960 COM2 65 0R0 044 1.6 18.6 56.4 1.0069 0.00 0.0M
43980.000 1960 COM2 65 0R0 341 1.9 18.6 56.6 1.0069 0.00 0.0M
44040.000 1960 COM2 65 0R0 339 0.7 18.6 57.2 1.0069 0.00 0.0M
44100.000 1960 COM2 65 0R0 350 1.2 18.6 57.6 1.0069 0.00 0.0M
44160.000 1960 COM2 65 0R0 063 1.2 18.7 57.2 1.0069 0.00 0.0M
44220.000 1960 COM2 65 0R0 024 3.3 18.8 56.5 1.0069 0.00 0.0M
44280.000 1960 COM2 65 0R0 028 1.4 18.7 57.0 1.0069 0.00 0.0M
44340.000 1960 COM2 65 0R0 028 1.6 18.7 57.0 1.0069 0.00 0.0M
44400.000 1960 COM2 65 0R0 013 1.2 18.8 56.9 1.0070 0.00 0.0M
44460.000 1960 COM2 65 0R0 333 1.1 18.8 57.6 1.0070 0.00 0.0M
44520.000 1960 COM2 65 0R0 348 0.8 18.8 57.3 1.0070 0.00 0.0M
44580.000 1960 COM2 65 0R0 022 2.2 18.9 56.8 1.0070 0.00 0.0M
44640.000 1960 COM2 65 0R0 049 1.9 19.0 55.7 1.0070 0.00 0.0M
44700.000 1960 COM2 65 0R0 008 2.0 19.0 55.9 1.0070 0.00 0.0M
44760.000 1960 COM2 65 0R0 029 4.3 19.0 55.9 1.0071 0.00 0.0M
44820.000 1960 COM2 65 0R0 349 1.5 19.0 55.7 1.0071 0.00 0.0M
44880.000 1960 COM2 65 0R0 344 2.9 19.0 56.2 1.0071 0.00 0.0M
44940.000 1960 COM2 65 0R0 022 1.2 19.0 56.5 1.0070 0.00 0.0M
45000.000 1960 COM2 65 0R0 359 1.5 19.0 56.3 1.0070 0.00 0.0M
45060.000 1960 COM2 65 0R0 325 0.8 19.1 56.1 1.0070 0.00 0.0M
45120.000 1960 COM2 65 0R0 001 2.2 19.1 56.3 1.0070 0.00 0.0M
45180.000 1960 COM2 65 0R0 055 2.9 19.2 56.0 1.0070 0.00 0.0M
45240.000 1960 COM2 65 0R0 034 2.3 19.2 55.1 1.0070 0.00 0.0M
45300.000 1960 COM2 65 0R0 003 1.1 19.2 55.8 1.0070 0.00 0.0M
45360.000 1960 COM2 65 0R0 339 1.4 19.2 55.7 1.0070 0.00 0.0M
45420.000 1960 COM2 65 0R0 051 1.9 19.2 55.6 1.0070 0.00 0.0M
45480.000 1960 COM2 65 0R0 038 1.8 19.3 55.9 1.0070 0.00 0.0M
45540.000 1960 COM2 65 0R0 016 1.2 19.4 54.8 1.0070 0.00 0.0M
45600.000 1960 COM2 65 0R0 351 1.2 19.4 55.5 1.0070 0.00 0.0M
45660.000 1960 COM2 65 0R0 040 2.1 19.4 55.5 1.0070 0.00 0.0M
45720.000 1960 COM2 65 0R0 006 2.4 19.5 55.5 1.0070 0.00 0.0M
45780.000 1960 COM2 65 0R0 022 3.3 19.5 54.6 1.0070 0.00 0.0M
45840.000 1960 COM2 65 0R0 001 2.4 19.5 54.4 1.0071 0.00 0.0M
45900.000 1960 COM2 65 0R0 013 1.9 19.4 55.4 1.0071 0.00 0.0M
45960.000 1960 COM2 65 0R0 023 3.7 19.4 55.5 1.0071 0.00 0.0M
46020.000 1960 COM2 65 0R0 027 1.9 19.4 55.3 1.0071 0.00 0.0M
46080.000 1960 COM2 65 0R0 006 2.2 19.5 55.4 1.0071 0.00 0.0M
46140.000 1960 COM2 65 0R0 050 1.3 19.5 55.2 1.0071 0.00 0.0M
46200.000 1960 COM2 65 0R0 015 1.0 19.6 54.8 1.0071 0.00 0.0M
46260.000 1960 COM2 65 0R0 347 1.5 19.7 54.3 1.0071 0.00 0.0M
46320.000 1960 COM2 65 0R0 333 2.5 19.7 54.4 1.0071 0.00 0.0M
46380.000 1960 COM2 65 0R0 008 2.4 19.7 55.0 1.0071 0.00 0.0M
46440.000 1960 COM2 65 0R0 039 1.1 19.7 54.9 1.0072 0.00 0.0M
46500.000 1960 COM2 65 0R0 335 2.1 19.7 54.7 1.0072 0.00 0.0M
46560.000 1960 COM2 65 0R0 016 2.3 19.7 54.2 1.0071 0.00 0.0M
46620.000 1960 COM2 65 0R0 027 1.0 19.7 54.5 1.0072 0.00 0.0M
46680.000 1960 COM2 65 0R0 319 1.1 19.7 54.7 1.0072 0.00 0.0M
46740.000 1960 COM2 65 0R0 016 1.5 19.7 55.3 1.0072 0.00 0.0M
46800.000 1960 COM2 65 0R0 040 0.6 19.8 55.3 1.0072 0.00 0.0M
46860.000 1960 COM2 65 0R0 006 1.2 19.9 55.2 1.0072 0.00 0.0M
46920.000 1960 COM2 65 0R0 300 1.8 20.1 54.7 1.0072 0.00 0.0M
46980.000 1960 COM2 65 0R0 097 1.8 20.2 54.0 1.0072 0.00 0.0M
47040.000 1960 COM2 65 0R0 344 0.9 20.3 53.5 1.0072 0.00 0.0M
47100.000 1960 COM2 65 0R0 023 3.3 20.3 53.5 1.0072 0.00 0.0M
47160.000 1960 COM2 65 0R0 340 1.4 20.2 53.6 1.0072 0.00 0.0M
47220.000 1960 COM2 65 0R0 041 1.0 20.2 54.1 1.0072 0.00 0.0M
47280.100 1960 COM2 65 0R0 028 2.2 20.2 54.3 1.0072 0.00 0.0M
47340.000 1960 COM2 65 0R0 032 1.8 20.2 54.1 1.0072 0.00 0.0M
47400.000 1960 COM2 65 0R0 319 0.8 20.2 54.5 1.0072 0.00 0.0M
47460.000 1960 COM2 65 0R0 238 0.8 20.3 54.0 1.0072 0.00 0.0M
47520.000 1960 COM2 65 0R0 228 0.3 20.4 53.8 1.0072 0.00 0.0M
47580.000 1960 COM2 65 0R0 341 1.9 20.4 54.8 1.0072 0.00 0.0M
47640.000 1960 COM2 65 0R0 028 3.6 20.5 54.1 1.0072 0.00 0.0M
47700.000 1960 COM2 65 0R0 354 1.1 20.5 52.4 1.0072 0.00 0.0M
47760.000 1960 COM2 65 0R0 060 0.5 20.4 53.5 1.0072 0.00 0.0M
47820.000 1960 COM2 65 0R0 357 0.9 20.5 53.5 1.0072 0.00 0.0M
47880.000 1960 COM2 65 0R0 006 2.2 20.6 53.2 1.0073 0.00 0.0M
47940.100 1960 COM2 65 0R0 000 0.9 20.6 53.0 1.0072 0.00 0.0M
48000.000 1960 COM2 65 0R0 349 1.3 20.7 53.8 1.0073 0.00 0.0M
48060.000 1960 COM2 65 0R0 006 1.8 20.8 53.0 1.0073 0.00 0.0M
48120.000 1960 COM2 65 0R0 016 1.7 20.9 51.9 1.0073 0.00 0.0M
48180.000 1960 COM2 65 0R0 017 3.2 20.9 52.1 1.0072 0.00 0.0M
48240.000 1960 COM2 65 0R0 028 2.7 20.9 52.1 1.0072 0.00 0.0M
48300.000 1960 COM2 65 0R0 014 3.1 20.8 51.9 1.0073 0.00 0.0M
48360.000 1960 COM2 65 0R0 006 1.8 20.7 52.8 1.0072 0.00 0.0M
48420.000 1960 COM2 65 0R0 359 2.1 20.6 52.6 1.0073 0.00 0.0M
48480.000 1960 COM2 65 0R0 345 4.0 20.6 52.7 1.0073 0.00 0.0M
48540.000 1960 COM2 65 0R0 080 1.2 20.6 52.5 1.0073 0.00 0.0M
48600.000 1960 COM2 65 0R0 103 0.4 20.6 52.8 1.0073 0.00 0.0M
48660.000 1960 COM2 65 0R0 057 1.3 20.6 53.2 1.0073 0.00 0.0M
48720.000 1960 COM2 65 0R0 341 3.7 20.7 53.2 1.0073 0.00 0.0M
48780.000 1960 COM2 65 0R0 145 0.6 20.7 52.2 1.0073 0.00 0.0M
48840.000 1960 COM2 65 0R0 358 0.9 20.8 52.3 1.0073 0.00 0.0M
48900.000 1960 COM2 65 0R0 348 1.5 20.8 52.5 1.0073 0.00 0.0M
48960.000 1960 COM2 65 0R0 029 2.2 20.8 51.8 1.0074 0.00 0.0M
49020.000 1960 COM2 65 0R0 001 0.9 20.8 52.7 1.0074 0.00 0.0M
49080.000 1960 COM2 65 0R0 037 1.3 20.9 52.3 1.0073 0.00 0.0M
49140.000 1960 COM2 65 0R0 034 2.3 21.0 52.4 1.0073 0.00 0.0M
49200.000 1960 COM2 65 0R0 348 1.9 21.0 52.7 1.0073 0.00 0.0M
49260.000 1960 COM2 65 0R0 032 1.9 21.1 52.0 1.0074 0.00 0.0M
49320.000 1960 COM2 65 0R0 018 1.8 21.2 52.0 1.0074 0.00 0.0M
49380.000 1960 COM2 65 0R0 359 0.5 21.3 52.2 1.0074 0.00 0.0M
49440.000 1960 COM2 65 0R0 006 0.3 21.4 51.7 1.0074 0.00 0.0M
49500.000 1960 COM2 65 0R0 028 1.5 21.5 51.5 1.0074 0.00 0.0M
49560.000 1960 COM2 65 0R0 250 0.4 21.6 51.5 1.0075 0.00 0.0M
49620.000 1960 COM2 65 0R0 009 2.8 21.6 50.5 1.0075 0.00 0.0M
49680.000 1960 COM2 65 0R0 341 2.9 21.5 50.7 1.0075 0.00 0.0M
49740.000 1960 COM2 65 0R0 118 0.5 21.4 51.2 1.0075 0.00 0.0M
49800.000 1960 COM2 65 0R0 068 2.6 21.5 50.7 1.0075 0.00 0.0M
49860.000 1960 COM2 65 0R0 014 1.1 21.6 51.4 1.0075 0.00 0.0M
49920.000 1960 COM2 65 0R0 333 2.2 21.6 50.1 1.0075 0.00 0.0M
49980.000 1960 COM2 65 0R0 122 0.9 21.5 50.2 1.0075 0.00 0.0M
50040.000 1960 COM2 65 0R0 004 1.8 21.6 50.9 1.0075 0.00 0.0M
50100.000 1960 COM2 65 0R0 042 1.3 21.7 50.6 1.0075 0.00 0.0M
50160.000 1960 COM2 65 0R0 029 1.6 21.7 49.6 1.0075 0.00 0.0M
50220.000 1960 COM2 65 0R0 019 0.9 21.6 50.3 1.0075 0.00 0.0M
50280.000 1960 COM2 65 0R0 346 1.4 21.6 49.5 1.0075 0.00 0.0M
50340.000 1960 COM2 65 0R0 017 1.1 21.6 49.2 1.0075 0.00 0.0M
50400.000 1960 COM2 65 0R0 000 1.2 21.5 49.5 1.0075 0.00 0.0M
50460.000 1960 COM2 65 0R0 343 4.5 21.5 50.0 1.0076 0.00 0.0M
50520.000 1960 COM2 65 0R0 313 1.1 21.5 50.1 1.0075 0.00 0.0M
50580.000 1960 COM2 65 0R0 095 1.2 21.6 50.4 1.0076 0.00 0.0M
50640.000 1960 COM2 65 0R0 019 2.1 21.7 50.5 1.0075 0.00 0.0M
50700.100 1960 COM2 65 0R0 027 0.8 21.8 50.3 1.0076 0.00 0.0M
50760.000 1960 COM2 65 0R0 226 0.4 21.9 49.7 1.0076 0.00 0.0M
50820.000 1960 COM2 65 0R0 018 1.6 22.1 49.5 1.0076 0.00 0.0M
50880.000 1960 COM2 65 0R0 005 2.4 22.2 48.8 1.0076 0.00 0.0M
50940.000 1960 COM2 65 0R0 344 1.9 22.2 48.9 1.0076 0.00 0.0M
51000.100 1960 COM2 65 0R0 033 4.8 22.0 49.2 1.0076 0.00 0.0M
51060.000 1960 COM2 65 0R0 030 1.7 21.9 49.7 1.0076 0.00 0.0M
51120.000 1960 COM2 65 0R0 342 0.5 21.9 50.0 1.0076 0.00 0.0M
51180.000 1960 COM2 65 0R0 000 2.1 22.1 49.5 1.0076 0.00 0.0M
51240.200 1960 COM2 65 0R0 027 2.6 22.2 49.2 1.0076 0.00 0.0M
51300.000 1960 COM2 65 0R0 021 1.4 22.2 50.0 1.0076 0.00 0.0M
51360.000 1960 COM2 65 0R0 149 0.8 22.4 49.1 1.0076 0.00 0.0M
51420.000 1960 COM2 65 0R0 034 1.0 22.6 47.5 1.0076 0.00 0.0M
51480.000 1960 COM2 65 0R0 163 0.2 22.7 48.3 1.0076 0.00 0.0M
51540.000 1960 COM2 65 0R0 343 1.1 22.7 48.2 1.0076 0.00 0.0M
51600.000 1960 COM2 65 0R0 343 2.3 22.7 47.8 1.0076 0.00 0.0M
51660.000 1960 COM2 65 0R0 109 0.7 22.5 48.3 1.0076 0.00 0.0M
51720.000 1960 COM2 65 0R0 065 0.9 22.6 48.4 1.0076 0.00 0.0M
51780.000 1960 COM2 65 0R0 008 2.0 22.6 47.7 1.0075 0.00 0.0M
51840.000 1960 COM2 65 0R0 038 1.7 22.6 47.8 1.0076 0.00 0.0M
51900.000 1960 COM2 65 0R0 342 5.1 22.5 47.4 1.0075 0.00 0.0M
51960.000 1960 COM2 65 0R0 340 4.4 22.4 47.7 1.0075 0.00 0.0M
52020.000 1960 COM2 65 0R0 015 1.2 22.3 47.1 1.0075 0.00 0.0M
52080.000 1960 COM2 65 0R0 034 4.4 22.3 46.4 1.0075 0.00 0.0M
52140.000 1960 COM2 65 0R0 010 2.0 22.3 47.9 1.0076 0.00 0.0M
52200.000 1960 COM2 65 0R0 017 1.7 22.5 47.1 1.0076 0.00 0.0M
52260.000 1960 COM2 65 0R0 014 2.8 22.6 47.4 1.0075 0.00 0.0M
52320.000 1960 COM2 65 0R0 099 0.9 22.8 46.0 1.0076 0.00 0.0M
52380.000 1960 COM2 65 0R0 025 1.7 22.8 45.9 1.0076 0.00 0.0M
52440.000 1960 COM2 65 0R0 029 0.6 22.8 46.6 1.0076 0.00 0.0M
52500.000 1960 COM2 65 0R0 349 1.6 22.9 46.8 1.0076 0.00 0.0M
52560.000 1960 COM2 65 0R0 027 1.0 22.9 46.5 1.0076 0.00 0.0M
52620.000 1960 COM2 65 0R0 024 0.8 22.9 47.3 1.0077 0.00 0.0M
52680.000 1960 COM2 65 0R0 029 4.5 23.0 45.8 1.0076 0.00 0.0M
52740.000 1960 COM2 65 0R0 025 1.7 22.9 45.7 1.0076 0.00 0.0M
52800.000 1960 COM2 65 0R0 027 3.7 22.8 45.5 1.0076 0.00 0.0M
52860.000 1960 COM2 65 0R0 052 2.2 22.7 45.7 1.0077 0.00 0.0M
52920.000 1960 COM2 65 0R0 069 0.4 22.7 45.4 1.0077 0.00 0.0M
52980.000 1960 COM2 65 0R0 354 1.1 22.7 46.0 1.0077 0.00 0.0M
53040.000 1960 COM2 65 0R0 338 3.5 22.9 46.2 1.0077 0.00 0.0M
53100.000 1960 COM2 65 0R0 033 1.1 23.0 45.6 1.0077 0.00 0.0M
53160.000 1960 COM2 65 0R0 040 1.9 23.1 45.0 1.0077 0.00 0.0M
53220.000 1960 COM2 65 0R0 019 1.9 23.2 45.1 1.0077 0.00 0.0M
53280.000 1960 COM2 65 0R0 014 1.7 23.2 44.5 1.0077 0.00 0.0M
53340.000 1960 COM2 65 0R0 029 3.7 23.1 44.9 1.0077 0.00 0.0M
53400.000 1960 COM2 65 0R0 012 2.9 22.9 45.1 1.0077 0.00 0.0M
53460.000 1960 COM2 65 0R0 051 1.9 22.7 44.8 1.0077 0.00 0.0M
53520.000 1960 COM2 65 0R0 000 1.3 22.7 45.7 1.0077 0.00 0.0M
53580.000 1960 COM2 65 0R0 028 2.2 22.7 44.8 1.0078 0.00 0.0M
53640.000 1960 COM2 65 0R0 001 1.2 22.7 45.0 1.0077 0.00 0.0M
53700.000 1960 COM2 65 0R0 343 1.8 22.8 45.0 1.0077 0.00 0.0M
53760.000 1960 COM2 65 0R0 350 2.5 22.9 45.7 1.0077 0.00 0.0M
53820.000 1960 COM2 65 0R0 029 2.8 23.0 45.1 1.0077 0.00 0.0M
53880.000 1960 COM2 65 0R0 013 2.3 23.1 43.8 1.0077 0.00 0.0M
53940.000 1960 COM2 65 0R0 357 1.1 23.1 44.9 1.0077 0.00 0.0M
54000.000 1960 COM2 65 0R0 016 1.5 23.2 44.6 1.0077 0.00 0.0M
54060.000 1960 COM2 65 0R0 004 1.6 23.2 43.2 1.0077 0.00 0.0M
54120.000 1960 COM2 65 0R0 028 2.0 23.2 43.9 1.0077 0.00 0.0M
54180.000 1960 COM2 65 0R0 006 2.3 23.2 44.3 1.0077 0.00 0.0M
54240.000 1960 COM2 65 0R0 016 1.7 23.2 44.1 1.0077 0.00 0.0M
54300.000 1960 COM2 65 0R0 079 1.4 23.2 44.2 1.0077 0.00 0.0M
54360.000 1960 COM2 65 0R0 343 2.6 23.4 42.7 1.0077 0.00 0.0M
54420.000 1960 COM2 65 0R0 353 2.6 23.4 43.4 1.0077 0.00 0.0M
54480.000 1960 COM2 65 0R0 344 1.4 23.4 43.9 1.0078 0.00 0.0M
54540.000 1960 COM2 65 0R0 237 0.7 23.3 43.8 1.0078 0.00 0.0M
54600.000 1960 COM2 65 0R0 262 0.8 23.3 43.9 1.0078 0.00 0.0M
54660.000 1960 COM2 65 0R0 314 0.6 23.5 43.7 1.0078 0.00 0.0M
54720.000 1960 COM2 65 0R0 333 0.8 23.6 44.1 1.0078 0.00 0.0M
54780.000 1960 COM2 65 0R0 020 1.4 23.8 43.2 1.0078 0.00 0.0M
54840.000 1960 COM2 65 0R0 343 2.5 23.9 41.9 1.0078 0.00 0.0M
54900.000 1960 COM2 65 0R0 018 0.5 23.8 43.0 1.0078 0.00 0.0M
54960.000 1960 COM2 65 0R0 033 0.4 23.8 42.8 1.0078 0.00 0.0M
55020.000 1960 COM2 65 0R0 256 1.6 23.9 42.8 1.0078 0.00 0.0M
55080.000 1960 COM2 65 0R0 023 0.6 24.0 42.9 1.0078 0.00 0.0M
55140.000 1960 COM2 65 0R0 048 0.6 24.1 42.1 1.0079 0.00 0.0M
55200.000 1960 COM2 65 0R0 023 1.4 24.2 42.6 1.0079 0.00 0.0M
55260.000 1960 COM2 65 0R0 049 0.6 24.3 42.4 1.0079 0.00 0.0M
55320.000 1960 COM2 65 0R0 069 2.0 24.4 43.0 1.0079 0.00 0.0M
55380.000 1960 COM2 65 0R0 078 3.2 24.4 40.2 1.0079 0.00 0.0M
55440.000 1960 COM2 65 0R0 035 3.2 24.1 40.7 1.0079 0.00 0.0M
55500.000 1960 COM2 65 0R0 344 0.7 23.9 41.3 1.0079 0.00 0.0M
55560.000 1960 COM2 65 0R0 024 2.2 23.9 40.9 1.0079 0.00 0.0M
55620.000 1960 COM2 65 0R0 078 1.2 24.0 41.2 1.0079 0.00 0.0M
55680.000 1960 COM2 65 0R0 187 1.2 24.1 41.1 1.0079 0.00 0.0M
55740.000 1960 COM2 65 0R0 214 0.5 24.2 41.0 1.0079 0.00 0.0M
55800.000 1960 COM2 65 0R0 180 1.4 24.4 41.5 1.0079 0.00 0.0M
55860.000 1960 COM2 65 0R0 356 0.6 24.7 41.5 1.0079 0.00 0.0M
55920.000 1960 COM2 65 0R0 025 3.6 25.0 40.4 1.0079 0.00 0.0M
55980.000 1960 COM2 65 0R0 012 2.0 25.0 39.7 1.0079 0.00 0.0M
56040.000 1960 COM2 65 0R0 025 4.4 24.8 38.8 1.0079 0.00 0.0M
56100.000 1960 COM2 65 0R0 033 2.8 24.3 39.6 1.0079 0.00 0.0M
56160.000 1960 COM2 65 0R0 103 1.7 23.9 41.2 1.0079 0.00 0.0M
56220.000 1960 COM2 65 0R0 001 0.5 23.9 41.6 1.0079 0.00 0.0M
56280.000 1960 COM2 65 0R0 343 1.0 24.1 40.3 1.0079 0.00 0.0M
56340.000 1960 COM2 65 0R0 014 1.4 24.3 40.4 1.0079 0.00 0.0M
56400.000 1960 COM2 65 0R0 350 4.0 24.4 39.6 1.0079 0.00 0.0M
56460.000 1960 COM2 65 0R0 047 3.2 24.4 39.1 1.0079 0.00 0.0M
56520.000 1960 COM2 65 0R0 358 0.6 24.3 39.8 1.0079 0.00 0.0M
56580.000 1960 COM2 65 0R0 011 1.9 24.3 39.5 1.0079 0.00 0.0M
56640.000 1960 COM2 65 0R0 015 1.7 24.3 39.4 1.0080 0.00 0.0M
56700.000 1960 COM2 65 0R0 340 1.9 24.3 37.5 1.0079 0.00 0.0M
56760.000 1960 COM2 65 0R0 078 1.8 24.2 39.3 1.0079 0.00 0.0M
56820.000 1960 COM2 65 0R0 003 0.7 24.3 38.4 1.0079 0.00 0.0M
56880.000 1960 COM2 65 0R0 311 0.8 24.5 38.2 1.0079 0.00 0.0M
56940.000 1960 COM2 65 0R0 342 2.6 24.5 38.6 1.0078 0.00 0.0M
57000.000 1960 COM2 65 0R0 351 3.0 24.3 38.6 1.0079 0.00 0.0M
57060.000 1960 COM2 65 0R0 030 2.8 24.1 39.2 1.0079 0.00 0.0M
57120.000 1960 COM2 65 0R0 027 3.6 24.0 40.1 1.0079 0.00 0.0M
57180.000 1960 COM2 65 0R0 031 2.3 24.0 40.1 1.0079 0.00 0.0M
57240.000 1960 COM2 65 0R0 013 1.7 24.1 39.9 1.0079 0.00 0.0M
57300.000 1960 COM2 65 0R0 049 1.4 24.0 40.6 1.0079 0.00 0.0M
57360.000 1960 COM2 65 0R0 089 0.3 24.1 40.1 1.0079 0.00 0.0M
57420.000 1960 COM2 65 0R0 084 1.8 24.2 39.9 1.0079 0.00 0.0M
57480.000 1960 COM2 65 0R0 295 1.0 24.3 39.7 1.0079 0.00 0.0M
57540.000 1960 COM2 65 0R0 280 0.4 24.6 39.4 1.0079 0.00 0.0M
57600.000 1960 COM2 65 0R0 045 1.7 24.8 39.3 1.0079 0.00 0.0M
57660.000 1960 COM2 65 0R0 008 1.9 24.9 39.3 1.0079 0.00 0.0M
57720.000 1960 COM2 65 0R0 097 3.1 24.9 39.0 1.0079 0.00 0.0M
57780.000 1960 COM2 65 0R0 034 2.5 24.8 37.9 1.0079 0.00 0.0M
57840.000 1960 COM2 65 0R0 061 0.7 24.6 38.6 1.0079 0.00 0.0M
57900.000 1960 COM2 65 0R0 139 0.7 24.7 38.8 1.0079 0.00 0.0M
57960.000 1960 COM2 65 0R0 020 2.8 24.8 38.5 1.0079 0.00 0.0M
58020.000 1960 COM2 65 0R0 017 4.6 24.8 37.8 1.0078 0.00 0.0M
58080.000 1960 COM2 65 0R0 002 1.2 24.5 38.0 1.0079 0.00 0.0M
58140.000 1960 COM2 65 0R0 035 2.3 24.4 36.3 1.0079 0.00 0.0M
58200.000 1960 COM2 65 0R0 034 0.4 24.3 38.3 1.0079 0.00 0.0M
58260.000 1960 COM2 65 0R0 014 2.1 24.3 37.1 1.0079 0.00 0.0M
58320.000 1960 COM2 65 0R0 012 2.6 24.5 36.8 1.0079 0.00 0.0M
58380.000 1960 COM2 65 0R0 029 1.6 24.3 36.6 1.0079 0.00 0.0M
58440.000 1960 COM2 65 0R0 010 1.5 24.2 38.0 1.0079 0.00 0.0M
58500.000 1960 COM2 65 0R0 338 1.0 24.2 38.0 1.0079 0.00 0.0M
58560.000 1960 COM2 65 0R0 080 1.1 24.1 38.8 1.0079 0.00 0.0M
58620.000 1960 COM2 65 0R0 323 0.6 24.2 38.3 1.0079 0.00 0.0M
58680.000 1960 COM2 65 0R0 029 0.9 24.3 39.5 1.0079 0.00 0.0M
58740.000 1960 COM2 65 0R0 038 2.8 24.6 38.0 1.0079 0.00 0.0M
58800.000 1960 COM2 65 0R0 033 2.5 24.7 38.4 1.0080 0.00 0.0M
58860.000 1960 COM2 65 0R0 015 2.1 24.7 36.4 1.0080 0.00 0.0M
58920.000 1960 COM2 65 0R0 042 2.1 24.6 38.1 1.0080 0.00 0.0M
58980.000 1960 COM2 65 0R0 025 4.2 24.5 37.4 1.0080 0.00 0.0M
59040.000 1960 COM2 65 0R0 022 3.5 24.4 37.7 1.0080 0.00 0.0M
59100.000 1960 COM2 65 0R0 017 1.1 24.4 37.7 1.0080 0.00 0.0M
59160.000 1960 COM2 65 0R0 352 2.6 24.4 37.5 1.0080 0.00 0.0M
59220.000 1960 COM2 65 0R0 344 0.9 24.3 37.2 1.0080 0.00 0.0M
59280.000 1960 COM2 65 0R0 006 2.1 24.4 38.9 1.0080 0.00 0.0M
59340.000 1960 COM2 65 0R0 033 1.0 24.6 37.6 1.0080 0.00 0.0M
59400.000 1960 COM2 65 0R0 043 3.5 24.8 37.5 1.0080 0.00 0.0M
59460.000 1960 COM2 65 0R0 006 0.8 24.9 37.5 1.0080 0.00 0.0M
59520.000 1960 COM2 65 0R0 029 1.8 24.9 37.8 1.0080 0.00 0.0M
59580.000 1960 COM2 65 0R0 068 2.7 24.9 37.9 1.0080 0.00 0.0M
59640.000 1960 COM2 65 0R0 023 4.1 24.9 36.8 1.0080 0.00 0.0M
59700.000 1960 COM2 65 0R0 046 2.0 24.7 36.7 1.0080 0.00 0.0M
59760.000 1960 COM2 65 0R0 082 3.4 24.6 36.6 1.0080 0.00 0.0M
59820.000 1960 COM2 65 0R0 081 0.5 24.7 37.1 1.0080 0.00 0.0M
59880.000 1960 COM2 65 0R0 074 3.4 24.8 36.6 1.0080 0.00 0.0M
59940.000 1960 COM2 65 0R0 055 2.9 25.0 37.4 1.0080 0.00 0.0M
60000.000 1960 COM2 65 0R0 210 0.4 25.2 36.7 1.0080 0.00 0.0M
60060.000 1960 COM2 65 0R0 263 1.0 25.3 36.2 1.0080 0.00 0.0M
60120.000 1960 COM2 65 0R0 019 1.0 25.4 36.9 1.0080 0.00 0.0M
60180.000 1960 COM2 65 0R0 015 3.6 25.4 36.6 1.0080 0.00 0.0M
60240.000 1960 COM2 65 0R0 009 2.6 25.2 36.6 1.0080 0.00 0.0M
60300.000 1960 COM2 65 0R0 052 0.7 24.9 36.7 1.0080 0.00 0.0M
60360.000 1960 COM2 65 0R0 035 2.9 24.8 36.9 1.0080 0.00 0.0M
60420.000 1960 COM2 65 0R0 340 0.5 24.8 37.5 1.0080 0.00 0.0M
60480.000 1960 COM2 65 0R0 084 0.6 24.9 37.4 1.0080 0.00 0.0M
60540.000 1960 COM2 65 0R0 207 0.4 25.2 37.0 1.0080 0.00 0.0M
60600.000 1960 COM2 65 0R0 008 3.0 25.7 37.0 1.0080 0.00 0.0M
60660.000 1960 COM2 65 0R0 033 1.0 25.7 35.4 1.0080 0.00 0.0M
60720.000 1960 COM2 65 0R0 335 0.7 25.4 36.1 1.0080 0.00 0.0M
60780.000 1960 COM2 65 0R0 020 2.9 25.3 37.3 1.0081 0.00 0.0M
60840.000 1960 COM2 65 0R0 022 2.8 25.4 37.0 1.0081 0.00 0.0M
60900.000 1960 COM2 65 0R0 026 1.8 25.4 37.0 1.0082 0.00 0.0M
60960.000 1960 COM2 65 0R0 066 0.4 25.4 35.6 1.0081 0.00 0.0M
61020.000 1960 COM2 65 0R0 046 1.4 25.5 36.2 1.0082 0.00 0.0M
61080.000 1960 COM2 65 0R0 061 2.3 25.5 35.3 1.0081 0.00 0.0M
61140.000 1960 COM2 65 0R0 041 2.1 25.3 36.0 1.0081 0.00 0.0M
61200.000 1960 COM2 65 0R0 046 0.6 25.2 36.0 1.0081 0.00 0.0M
61260.000 1960 COM2 65 0R0 101 1.0 25.1 36.9 1.0081 0.00 0.0M
61320.000 1960 COM2 65 0R0 044 1.0 25.2 37.1 1.0081 0.00 0.0M
61380.100 1960 COM2 65 0R0 002 2.3 25.4 36.2 1.0081 0.00 0.0M
61440.000 1960 COM2 65 0R0 013 0.7 25.3 36.9 1.0081 0.00 0.0M
61500.100 1960 COM2 65 0R0 018 1.1 25.3 37.2 1.0081 0.00 0.0M
61560.100 1960 COM2 65 0R0 069 0.6 25.4 36.4 1.0081 0.00 0.0M
61620.100 1960 COM2 65 0R0 025 0.4 25.6 37.1 1.0081 0.00 0.0M
61680.100 1960 COM2 65 0R0 070 0.4 25.8 36.5 1.0081 0.00 0.0M
61740.000 1960 COM2 65 0R0 342 0.4 26.0 36.4 1.0081 0.00 0.0M
61800.000 1960 COM2 65 0R0 306 0.3 26.3 36.7 1.0081 0.00 0.0M
61860.000 1960 COM2 65 0R0 073 0.9 26.5 35.0 1.0081 0.00 0.0M
61920.000 1960 COM2 65 0R0 008 0.6 26.3 35.5 1.0081 0.00 0.0M
61980.000 1960 COM2 65 0R0 350 0.9 26.1 35.9 1.0081 0.00 0.0M
62040.000 1960 COM2 65 0R0 024 3.2 26.0 35.3 1.0081 0.00 0.0M
62100.000 1960 COM2 65 0R0 336 1.3 25.8 35.5 1.0082 0.00 0.0M
62160.000 1960 COM2 65 0R0 002 2.8 25.9 35.5 1.0082 0.00 0.0M
62220.000 1960 COM2 65 0R0 022 3.1 25.8 34.6 1.0082 0.00 0.0M
62280.000 1960 COM2 65 0R0 028 0.7 25.5 35.1 1.0082 0.00 0.0M
62340.000 1960 COM2 65 0R0 353 0.7 25.4 35.1 1.0082 0.00 0.0M
62400.000 1960 COM2 65 0R0 039 0.8 25.4 34.7 1.0082 0.00 0.0M
62460.000 1960 COM2 65 0R0 064 1.2 25.4 36.0 1.0082 0.00 0.0M
62520.000 1960 COM2 65 0R0 039 0.8 25.7 35.3 1.0082 0.00 0.0M
62580.000 1960 COM2 65 0R0 346 3.6 26.0 35.5 1.0082 0.00 0.0M
62640.000 1960 COM2 65 0R0 050 1.4 26.0 35.0 1.0082 0.00 0.0M
62700.000 1960 COM2 65 0R0 027 2.9 25.9 34.0 1.0082 0.00 0.0M
62760.000 1960 COM2 65 0R0 035 1.7 25.5 34.3 1.0082 0.00 0.0M
62820.000 1960 COM2 65 0R0 071 0.3 25.2 35.7 1.0082 0.00 0.0M
62880.000 1960 COM2 65 0R0 026 0.7 25.3 35.6 1.0081 0.00 0.0M
62940.000 1960 COM2 65 0R0 345 1.1 25.6 35.3 1.0082 0.00 0.0M
63000.100 1960 COM2 65 0R0 048 1.2 25.9 34.6 1.0082 0.00 0.0M
63060.000 1960 COM2 65 0R0 039 2.0 25.9 35.0 1.0082 0.00 0.0M
63120.000 1960 COM2 65 0R0 066 0.6 25.9 34.7 1.0082 0.00 0.0M
63180.000 1960 COM2 65 0R0 057 0.9 26.0 34.5 1.0082 0.00 0.0M
63240.000 1960 COM2 65 0R0 088 2.0 26.0 34.2 1.0081 0.00 0.0M
63300.000 1960 COM2 65 0R0 076 3.7 25.9 35.5 1.0081 0.00 0.0M
63360.100 1960 COM2 65 0R0 024 3.7 25.9 35.2 1.0082 0.00 0.0M
63420.000 1960 COM2 65 0R0 038 2.2 25.6 34.7 1.0082 0.00 0.0M
63480.000 1960 COM2 65 0R0 038 0.7 25.3 35.9 1.0082 0.00 0.0M
63540.000 1960 COM2 65 0R0 042 0.7 25.4 36.0 1.0082 0.00 0.0M
63600.000 1960 COM2 65 0R0 312 1.0 25.6 36.3 1.0082 0.00 0.0M
63660.000 1960 COM2 65 0R0 227 0.7 25.8 35.8 1.0082 0.00 0.0M
63720.000 1960 COM2 65 0R0 330 0.6 26.0 35.7 1.0082 0.00 0.0M
63780.000 1960 COM2 65 0R0 334 1.6 26.3 34.6 1.0082 0.00 0.0M
63840.000 1960 COM2 65 0R0 249 0.4 26.3 34.0 1.0082 0.00 0.0M
63900.000 1960 COM2 65 0R0 042 0.5 26.5 34.0 1.0082 0.00 0.0M
63960.000 1960 COM2 65 0R0 359 3.1 26.6 33.0 1.0082 0.00 0.0M
64020.000 1960 COM2 65 0R0 357 2.7 26.3 32.5 1.0082 0.00 0.0M
64080.000 1960 COM2 65 0R0 012 2.8 25.9 33.1 1.0082 0.00 0.0M
64140.000 1960 COM2 65 0R0 026 2.0 25.5 33.8 1.0082 0.00 0.0M
64200.000 1960 COM2 65 0R0 347 3.0 25.4 34.7 1.0082 0.00 0.0M
64260.000 1960 COM2 65 0R0 359 1.4 25.5 34.5 1.0082 0.00 0.0M
64320.000 1960 COM2 65 0R0 334 0.7 25.6 34.0 1.0082 0.00 0.0M
64380.000 1960 COM2 65 0R0 357 2.9 25.6 33.7 1.0082 0.00 0.0M
64440.000 1960 COM2 65 0R0 051 1.3 25.6 33.8 1.0082 0.00 0.0M
64500.000 1960 COM2 65 0R0 004 2.9 25.6 34.4 1.0082 0.00 0.0M
64560.000 1960 COM2 65 0R0 102 0.9 25.7 34.2 1.0082 0.00 0.0M
64620.000 1960 COM2 65 0R0 346 1.5 25.8 33.2 1.0082 0.00 0.0M
64680.000 1960 COM2 65 0R0 000 2.1 25.9 34.3 1.0082 0.00 0.0M
64740.000 1960 COM2 65 0R0 026 4.0 25.9 33.1 1.0082 0.00 0.0M
64800.000 1960 COM2 65 0R0 014 1.4 25.7 33.7 1.0082 0.00 0.0M
64860.000 1960 COM2 65 0R0 029 2.9 25.7 34.1 1.0082 0.00 0.0M
64920.000 1960 COM2 65 0R0 056 0.5 25.6 33.8 1.0082 0.00 0.0M
64980.000 1960 COM2 65 0R0 016 2.4 25.6 34.7 1.0082 0.00 0.0M
65040.000 1960 COM2 65 0R0 086 1.0 25.6 34.6 1.0082 0.00 0.0M
65100.000 1960 COM2 65 0R0 023 3.2 25.7 34.1 1.0082 0.00 0.0M
65160.000 1960 COM2 65 0R0 061 2.1 25.6 34.1 1.0082 0.00 0.0M
65220.000 1960 COM2 65 0R0 066 1.0 25.6 34.5 1.0082 0.00 0.0M
65280.000 1960 COM2 65 0R0 327 0.6 25.7 35.0 1.0081 0.00 0.0M
65340.000 1960 COM2 65 0R0 089 1.7 25.9 34.6 1.0081 0.00 0.0M
65400.000 1960 COM2 65 0R0 046 1.5 26.2 33.1 1.0081 0.00 0.0M
65460.000 1960 COM2 65 0R0 332 0.3 26.2 32.8 1.0081 0.00 0.0M
65520.000 1960 COM2 65 0R0 037 0.6 26.2 33.1 1.0081 0.00 0.0M
65580.000 1960 COM2 65 0R0 307 0.3 26.4 33.9 1.0081 0.00 0.0M
65640.000 1960 COM2 65 0R0 080 0.5 26.6 33.0 1.0081 0.00 0.0M
65700.000 1960 COM2 65 0R0 048 1.1 26.6 33.4 1.0081 0.00 0.0M
65760.000 1960 COM2 65 0R0 120 1.3 26.6 33.7 1.0081 0.00 0.0M
65820.000 1960 COM2 65 0R0 074 1.3 26.4 33.4 1.0081 0.00 0.0M
65880.000 1960 COM2 65 0R0 055 1.6 26.3 33.8 1.0081 0.00 0.0M
65940.000 1960 COM2 65 0R0 023 2.1 26.1 34.1 1.0081 0.00 0.0M
66000.000 1960 COM2 65 0R0 333 0.7 26.0 34.7 1.0081 0.00 0.0M
66060.000 1960 COM2 65 0R0 287 1.0 26.1 34.0 1.0081 0.00 0.0M
66120.000 1960 COM2 65 0R0 293 1.9 26.1 34.7 1.0080 0.00 0.0M
66180.000 1960 COM2 65 0R0 307 0.9 26.3 34.9 1.0081 0.00 0.0M
66240.000 1960 COM2 65 0R0 010 2.3 26.4 34.2 1.0081 0.00 0.0M
66300.000 1960 COM2 65 0R0 274 0.6 26.3 34.6 1.0081 0.00 0.0M
66360.000 1960 COM2 65 0R0 199 0.5 26.5 34.6 1.0081 0.00 0.0M
66420.000 1960 COM2 65 0R0 316 0.9 26.7 34.4 1.0081 0.00 0.0M
66480.000 1960 COM2 65 0R0 216 0.9 26.7 33.7 1.0081 0.00 0.0M
66540.000 1960 COM2 65 0R0 022 1.4 26.7 34.3 1.0081 0.00 0.0M
66600.000 1960 COM2 65 0R0 064 0.9 26.8 34.1 1.0081 0.00 0.0M
66660.000 1960 COM2 65 0R0 045 0.8 26.8 33.4 1.0081 0.00 0.0M
66720.000 1960 COM2 65 0R0 024 5.0 26.7 34.1 1.0081 0.00 0.0M
66780.000 1960 COM2 65 0R0 352 1.9 26.3 33.6 1.0081 0.00 0.0M
66840.000 1960 COM2 65 0R0 010 1.7 25.9 34.4 1.0081 0.00 0.0M
66900.000 1960 COM2 65 0R0 043 2.3 25.8 34.2 1.0081 0.00 0.0M
66960.000 1960 COM2 65 0R0 013 1.6 25.7 34.2 1.0081 0.00 0.0M
67020.000 1960 COM2 65 0R0 330 2.7 25.6 34.0 1.0081 0.00 0.0M
67080.000 1960 COM2 65 0R0 032 2.6 25.6 34.5 1.0081 0.00 0.0M
67140.000 1960 COM2 65 0R0 342 2.5 25.5 34.4 1.0081 0.00 0.0M
67200.000 1960 COM2 65 0R0 343 1.0 25.5 34.4 1.0081 0.00 0.0M
67260.000 1960 COM2 65 0R0 043 1.4 25.5 34.4 1.0081 0.00 0.0M
67320.000 1960 COM2 65 0R0 344 1.5 25.6 34.6 1.0080 0.00 0.0M
67380.000 1960 COM2 65 0R0 287 1.7 25.8 34.8 1.0080 0.00 0.0M
67440.000 1960 COM2 65 0R0 145 0.8 26.0 34.7 1.0080 0.00 0.0M
67500.000 1960 COM2 65 0R0 159 0.2 26.3 34.0 1.0080 0.00 0.0M
67560.000 1960 COM2 65 0R0 292 0.2 26.6 33.9 1.0080 0.00 0.0M
67620.000 1960 COM2 65 0R0 021 2.5 26.9 33.5 1.0080 0.00 0.0M
67680.000 1960 COM2 65 0R0 312 0.6 26.9 33.3 1.0080 0.00 0.0M
67740.000 1960 COM2 65 0R0 044 1.3 26.8 32.8 1.0080 0.00 0.0M
67800.000 1960 COM2 65 0R0 073 1.6 26.7 33.5 1.0080 0.00 0.0M
67860.000 1960 COM2 65 0R0 033 2.7 26.7 33.6 1.0080 0.00 0.0M
67920.000 1960 COM2 65 0R0 031 4.0 26.7 32.8 1.0080 0.00 0.0M
67980.000 1960 COM2 65 0R0 338 3.4 26.5 32.7 1.0080 0.00 0.0M
68040.000 1960 COM2 65 0R0 027 3.4 26.2 33.7 1.0080 0.00 0.0M
68100.000 1960 COM2 65 0R0 030 4.6 26.1 34.3 1.0080 0.00 0.0M
68160.000 1960 COM2 65 0R0 022 3.1 26.0 33.7 1.0080 0.00 0.0M
68220.000 1960 COM2 65 0R0 005 1.5 26.0 34.3 1.0080 0.00 0.0M
68280.000 1960 COM2 65 0R0 036 2.5 26.1 33.6 1.0080 0.00 0.0M
68340.000 1960 COM2 65 0R0 042 1.5 26.1 34.1 1.0080 0.00 0.0M
68400.000 1960 COM2 65 0R0 063 1.5 26.1 33.6 1.0080 0.00 0.0M
68460.000 1960 COM2 65 0R0 030 3.2 26.1 33.9 1.0080 0.00 0.0M
68520.000 1960 COM2 65 0R0 003 3.0 26.1 34.2 1.0080 0.00 0.0M
68580.000 1960 COM2 65 0R0 014 3.1 26.1 33.7 1.0080 0.00 0.0M
68640.000 1960 COM2 65 0R0 341 0.9 25.9 33.7 1.0080 0.00 0.0M
68700.000 1960 COM2 65 0R0 103 1.0 25.9 33.7 1.0080 0.00 0.0M
68760.000 1960 COM2 65 0R0 355 0.2 25.9 33.8 1.0080 0.00 0.0M
68820.000 1960 COM2 65 0R0 064 0.4 26.2 33.7 1.0080 0.00 0.0M
68880.000 1960 COM2 65 0R0 262 0.4 26.5 33.6 1.0080 0.00 0.0M
68940.000 1960 COM2 65 0R0 323 0.3 26.7 33.3 1.0080 0.00 0.0M
69000.000 1960 COM2 65 0R0 203 0.6 27.0 33.4 1.0080 0.00 0.0M
69060.000 1960 COM2 65 0R0 081 0.4 27.3 32.4 1.0080 0.00 0.0M
69120.000 1960 COM2 65 0R0 266 1.2 27.4 32.9 1.0080 0.00 0.0M
69180.000 1960 COM2 65 0R0 287 1.1 27.4 31.8 1.0079 0.00 0.0M
69240.000 1960 COM2 65 0R0 024 1.0 27.3 31.9 1.0079 0.00 0.0M
69300.000 1960 COM2 65 0R0 007 1.4 27.1 32.1 1.0079 0.00 0.0M
69360.000 1960 COM2 65 0R0 343 0.6 26.8 33.0 1.0079 0.00 0.0M
69420.000 1960 COM2 65 0R0 040 1.3 26.8 32.4 1.0080 0.00 0.0M
69480.000 1960 COM2 65 0R0 005 1.1 26.7 32.8 1.0080 0.00 0.0M
69540.000 1960 COM2 65 0R0 326 1.0 26.7 33.5 1.0079 0.00 0.0M
69600.000 1960 COM2 65 0R0 294 1.1 26.8 33.2 1.0080 0.00 0.0M
69660.000 1960 COM2 65 0R0 284 0.5 26.9 32.6 1.0079 0.00 0.0M
69720.000 1960 COM2 65 0R0 343 1.1 27.0 32.3 1.0079 0.00 0.0M
69780.000 1960 COM2 65 0R0 345 1.3 27.0 32.6 1.0080 0.00 0.0M
69840.000 1960 COM2 65 0R0 289 3.0 26.9 32.3 1.0079 0.00 0.0M
69900.000 1960 COM2 65 0R0 298 1.5 26.8 33.0 1.0079 0.00 0.0M
69960.000 1960 COM2 65 0R0 290 0.8 26.8 33.0 1.0079 0.00 0.0M
70020.000 1960 COM2 65 0R0 273 2.1 26.9 32.3 1.0079 0.00 0.0M
70080.000 1960 COM2 65 0R0 139 0.8 26.9 32.5 1.0079 0.00 0.0M
70140.000 1960 COM2 65 0R0 126 0.9 26.9 33.2 1.0079 0.00 0.0M
70200.000 1960 COM2 65 0R0 109 0.6 27.1 32.7 1.0079 0.00 0.0M
70260.000 1960 COM2 65 0R0 121 1.0 27.3 31.9 1.0079 0.00 0.0M
70320.000 1960 COM2 65 0R0 174 0.9 27.1 32.2 1.0078 0.00 0.0M
70380.000 1960 COM2 65 0R0 131 0.8 26.9 32.7 1.0078 0.00 0.0M
70440.000 1960 COM2 65 0R0 087 1.3 27.0 33.0 1.0078 0.00 0.0M
70500.000 1960 COM2 65 0R0 241 0.6 27.1 32.6 1.0079 0.00 0.0M
70560.000 1960 COM2 65 0R0 293 0.4 27.3 33.2 1.0079 0.00 0.0M
70620.000 1960 COM2 65 0R0 213 1.2 27.5 32.6 1.0079 0.00 0.0M
70680.000 1960 COM2 65 0R0 168 0.6 27.8 32.7 1.0079 0.00 0.0M
70740.000 1960 COM2 65 0R0 189 0.7 28.0 32.8 1.0079 0.00 0.0M
70800.000 1960 COM2 65 0R0 043 0.4 28.2 32.3 1.0079 0.00 0.0M
70860.000 1960 COM2 65 0R0 077 1.1 28.5 31.6 1.0080 0.00 0.0M
70920.000 1960 COM2 65 0R0 079 0.8 28.5 30.8 1.0080 0.00 0.0M
70980.000 1960 COM2 65 0R0 286 1.6 28.4 31.0 1.0080 0.00 0.0M
71040.000 1960 COM2 65 0R0 020 1.2 28.2 31.1 1.0080 0.00 0.0M
71100.000 1960 COM2 65 0R0 338 0.3 27.9 31.8 1.0080 0.00 0.0M
71160.000 1960 COM2 65 0R0 349 0.6 27.8 32.3 1.0080 0.00 0.0M
71220.000 1960 COM2 65 0R0 357 0.6 27.7 31.8 1.0080 0.00 0.0M
71280.000 1960 COM2 65 0R0 024 2.9 27.7 31.4 1.0080 0.00 0.0M
71340.000 1960 COM2 65 0R0 012 1.7 27.5 31.4 1.0080 0.00 0.0M
71400.000 1960 COM2 65 0R0 104 1.0 27.3 32.0 1.0079 0.00 0.0M
71460.000 1960 COM2 65 0R0 023 0.6 27.1 31.8 1.0079 0.00 0.0M
71520.000 1960 COM2 65 0R0 087 0.3 27.0 32.6 1.0079 0.00 0.0M
71580.000 1960 COM2 65 0R0 076 0.5 27.0 32.4 1.0079 0.00 0.0M
71640.000 1960 COM2 65 0R0 022 0.2 27.3 32.4 1.0079 0.00 0.0M
71700.000 1960 COM2 65 0R0 190 2.1 27.6 32.4 1.0079 0.00 0.0M
71760.100 1960 COM2 65 0R0 135 1.2 27.8 32.0 1.0079 0.00 0.0M
71820.000 1960 COM2 65 0R0 265 2.1 27.8 32.1 1.0079 0.00 0.0M
71880.000 1960 COM2 65 0R0 302 1.2 27.9 32.6 1.0080 0.00 0.0M
71940.000 1960 COM2 65 0R0 277 3.4 27.8 32.0 1.0080 0.00 0.0M
72000.000 1960 COM2 65 0R0 267 1.5 27.5 32.4 1.0079 0.00 0.0M
72060.000 1960 COM2 65 0R0 265 0.8 27.2 33.6 1.0080 0.00 0.0M
72120.000 1960 COM2 65 0R0 107 0.2 27.1 33.7 1.0080 0.00 0.0M
72180.000 1960 COM2 65 0R0 294 0.2 27.2 33.7 1.0080 0.00 0.0M
72240.100 1960 COM2 65 0R0 337 0.3 27.4 32.7 1.0080 0.00 0.0M
72300.100 1960 COM2 65 0R0 340 3.3 27.4 33.4 1.0080 0.00 0.0M
72360.000 1960 COM2 65 0R0 292 2.8 27.4 33.3 1.0080 0.00 0.0M
72420.000 1960 COM2 65 0R0 167 0.7 27.2 33.5 1.0080 0.00 0.0M
72480.000 1960 COM2 65 0R0 321 0.8 27.2 33.4 1.0080 0.00 0.0M
72540.000 1960 COM2 65 0R0 351 2.6 27.3 33.0 1.0080 0.00 0.0M
72600.000 1960 COM2 65 0R0 296 2.7 27.2 32.6 1.0080 0.00 0.0M
72660.000 1960 COM2 65 0R0 310 2.1 27.0 33.3 1.0080 0.00 0.0M
72720.000 1960 COM2 65 0R0 340 1.6 26.9 33.0 1.0080 0.00 0.0M
72780.000 1960 COM2 65 0R0 339 3.3 26.7 33.8 1.0080 0.00 0.0M
72840.000 1960 COM2 65 0R0 344 3.2 26.4 33.9 1.0080 0.00 0.0M
72900.000 1960 COM2 65 0R0 355 1.8 26.3 34.0 1.0080 0.00 0.0M
72960.000 1960 COM2 65 0R0 344 0.7 26.3 34.0 1.0080 0.00 0.0M
73020.000 1960 COM2 65 0R0 345 1.4 26.3 34.2 1.0080 0.00 0.0M
73080.000 1960 COM2 65 0R0 032 1.0 26.4 34.0 1.0080 0.00 0.0M
73140.000 1960 COM2 65 0R0 326 2.1 26.4 33.8 1.0080 0.00 0.0M
73200.000 1960 COM2 65 0R0 340 2.0 26.4 34.1 1.0080 0.00 0.0M
73260.000 1960 COM2 65 0R0 329 0.4 26.4 34.0 1.0080 0.00 0.0M
73320.000 1960 COM2 65 0R0 007 0.2 26.5 34.0 1.0080 0.00 0.0M
73380.000 1960 COM2 65 0R0 250 0.8 26.6 34.1 1.0080 0.00 0.0M
73440.000 1960 COM2 65 0R0 019 0.6 26.8 33.8 1.0080 0.00 0.0M
73500.000 1960 COM2 65 0R0 019 0.9 27.0 33.1 1.0080 0.00 0.0M
73560.000 1960 COM2 65 0R0 081 0.3 26.9 33.6 1.0080 0.00 0.0M
73620.000 1960 COM2 65 0R0 256 2.0 26.9 33.9 1.0080 0.00 0.0M
73680.000 1960 COM2 65 0R0 271 1.0 27.1 33.3 1.0079 0.00 0.0M
73740.000 1960 COM2 65 0R0 241 1.3 27.1 33.3 1.0080 0.00 0.0M
73800.000 1960 COM2 65 0R0 237 1.7 27.2 33.2 1.0080 0.00 0.0M
73860.000 1960 COM2 65 0R0 220 0.7 27.2 33.1 1.0080 0.00 0.0M
73920.000 1960 COM2 65 0R0 050 0.2 27.3 33.0 1.0080 0.00 0.0M
73980.000 1960 COM2 65 0R0 126 0.3 27.3 33.5 1.0080 0.00 0.0M
74040.000 1960 COM2 65 0R0 285 0.5 27.5 33.2 1.0080 0.00 0.0M
74100.000 1960 COM2 65 0R0 297 3.5 27.7 32.7 1.0080 0.00 0.0M
74160.000 1960 COM2 65 0R0 291 3.0 27.8 32.6 1.0080 0.00 0.0M
74220.000 1960 COM2 65 0R0 285 4.7 27.6 32.4 1.0080 0.00 0.0M
74280.000 1960 COM2 65 0R0 281 3.7 27.3 32.7 1.0080 0.00 0.0M
74340.000 1960 COM2 65 0R0 290 2.8 27.0 33.3 1.0079 0.00 0.0M
74400.000 1960 COM2 65 0R0 249 1.2 27.0 33.6 1.0079 0.00 0.0M
74460.000 1960 COM2 65 0R0 332 3.2 27.1 33.7 1.0079 0.00 0.0M
74520.000 1960 COM2 65 0R0 313 1.9 27.1 33.4 1.0079 0.00 0.0M
74580.000 1960 COM2 65 0R0 270 0.9 27.0 33.8 1.0079 0.00 0.0M
74640.000 1960 COM2 65 0R0 326 2.3 27.0 34.1 1.0079 0.00 0.0M
74700.000 1960 COM2 65 0R0 345 2.2 27.1 33.7 1.0079 0.00 0.0M
74760.000 1960 COM2 65 0R0 345 3.0 27.1 33.4 1.0079 0.00 0.0M
74820.000 1960 COM2 65 0R0 339 1.6 27.0 33.4 1.0079 0.00 0.0M
74880.000 1960 COM2 65 0R0 329 1.3 26.8 33.9 1.0079 0.00 0.0M
74940.000 1960 COM2 65 0R0 269 2.6 26.7 34.2 1.0079 0.00 0.0M
75000.000 1960 COM2 65 0R0 259 1.3 26.7 33.7 1.0079 0.00 0.0M
75060.100 1960 COM2 65 0R0 333 1.0 26.7 34.4 1.0078 0.00 0.0M
75120.100 1960 COM2 65 0R0 029 1.4 26.9 34.6 1.0079 0.00 0.0M
75180.000 1960 COM2 65 0R0 029 1.0 27.0 34.6 1.0078 0.00 0.0M
75240.000 1960 COM2 65 0R0 042 1.0 27.1 33.8 1.0079 0.00 0.0M
75300.000 1960 COM2 65 0R0 313 1.3 27.1 34.0 1.0079 0.00 0.0M
75360.000 1960 COM2 65 0R0 052 2.0 27.1 34.4 1.0079 0.00 0.0M
75420.000 1960 COM2 65 0R0 012 0.8 27.3 33.5 1.0079 0.00 0.0M
75480.000 1960 COM2 65 0R0 057 0.5 27.3 33.9 1.0079 0.00 0.0M
75540.000 1960 COM2 65 0R0 321 0.3 27.4 33.9 1.0079 0.00 0.0M
75600.000 1960 COM2 65 0R0 307 2.2 27.5 33.9 1.0079 0.00 0.0M
75660.000 1960 COM2 65 0R0 292 3.8 27.6 32.2 1.0079 0.00 0.0M
75720.000 1960 COM2 65 0R0 282 2.3 27.4 33.1 1.0079 0.00 0.0M
75780.000 1960 COM2 65 0R0 172 0.8 27.1 33.0 1.0079 0.00 0.0M
75840.000 1960 COM2 65 0R0 244 1.3 27.1 32.8 1.0079 0.00 0.0M
75900.000 1960 COM2 65 0R0 326 0.4 27.1 32.7 1.0079 0.00 0.0M
75960.100 1960 COM2 65 0R0 284 2.3 27.1 32.9 1.0079 0.00 0.0M
76020.000 1960 COM2 65 0R0 315 1.4 27.1 33.0 1.0079 0.00 0.0M
76080.000 1960 COM2 65 0R0 289 2.5 27.1 33.4 1.0079 0.00 0.0M
76140.000 1960 COM2 65 0R0 296 0.9 27.0 32.9 1.0079 0.00 0.0M
76200.000 1960 COM2 65 0R0 190 0.3 26.9 33.1 1.0079 0.00 0.0M
76260.000 1960 COM2 65 0R0 063 0.2 26.9 33.4 1.0079 0.00 0.0M
76320.000 1960 COM2 65 0R0 271 0.5 27.1 33.5 1.0079 0.00 0.0M
76380.000 1960 COM2 65 0R0 203 0.9 27.3 33.4 1.0079 0.00 0.0M
76440.000 1960 COM2 65 0R0 291 1.8 27.4 33.7 1.0079 0.00 0.0M
76500.000 1960 COM2 65 0R0 006 0.4 27.5 33.1 1.0079 0.00 0.0M
76560.000 1960 COM2 65 0R0 291 3.0 27.4 33.8 1.0079 0.00 0.0M
76620.000 1960 COM2 65 0R0 018 2.2 27.4 33.5 1.0079 0.00 0.0M
76680.000 1960 COM2 65 0R0 307 1.7 27.3 34.2 1.0079 0.00 0.0M
76740.000 1960 COM2 65 0R0 055 2.3 27.3 34.2 1.0079 0.00 0.0M
76800.000 1960 COM2 65 0R0 050 0.6 27.3 33.4 1.0079 0.00 0.0M
76860.000 1960 COM2 65 0R0 054 0.9 27.2 34.2 1.0079 0.00 0.0M
76920.000 1960 COM2 65 0R0 185 0.3 27.2 34.2 1.0079 0.00 0.0M
76980.000 1960 COM2 65 0R0 303 2.5 27.4 33.8 1.0079 0.00 0.0M
77040.000 1960 COM2 65 0R0 348 3.1 27.4 33.2 1.0080 0.00 0.0M
77100.000 1960 COM2 65 0R0 031 1.1 27.3 33.7 1.0080 0.00 0.0M
77160.000 1960 COM2 65 0R0 315 2.0 27.3 33.0 1.0080 0.00 0.0M
77220.000 1960 COM2 65 0R0 298 0.7 27.2 33.7 1.0080 0.00 0.0M
77280.000 1960 COM2 65 0R0 320 0.7 27.1 33.6 1.0080 0.00 0.0M
77340.000 1960 COM2 65 0R0 343 2.5 27.0 33.7 1.0080 0.00 0.0M
77400.000 1960 COM2 65 0R0 314 1.5 26.9 33.8 1.0080 0.00 0.0M
77460.000 1960 COM2 65 0R0 196 0.5 26.8 34.0 1.0080 0.00 0.0M
77520.000 1960 COM2 65 0R0 317 0.7 26.8 34.5 1.0080 0.00 0.0M
77580.000 1960 COM2 65 0R0 042 0.6 26.8 34.0 1.0080 0.00 0.0M
77640.000 1960 COM2 65 0R0 341 0.6 26.9 33.9 1.0080 0.00 0.0M
77700.000 1960 COM2 65 0R0 277 1.4 27.0 33.9 1.0080 0.00 0.0M
77760.000 1960 COM2 65 0R0 106 0.8 27.0 34.2 1.0079 0.00 0.0M
77820.000 1960 COM2 65 0R0 229 1.6 27.1 33.9 1.0080 0.00 0.0M
77880.000 1960 COM2 65 0R0 267 1.5 27.1 33.9 1.0080 0.00 0.0M
77940.000 1960 COM2 65 0R0 227 0.8 27.2 34.2 1.0080 0.00 0.0M
78000.000 1960 COM2 65 0R0 299 0.4 27.3 34.0 1.0080 0.00 0.0M
78060.000 1960 COM2 65 0R0 348 1.3 27.4 33.6 1.0080 0.00 0.0M
78120.000 1960 COM2 65 0R0 332 0.8 27.4 33.2 1.0080 0.00 0.0M
78180.000 1960 COM2 65 0R0 054 0.4 27.4 33.0 1.0080 0.00 0.0M
78240.000 1960 COM2 65 0R0 259 0.8 27.4 33.7 1.0080 0.00 0.0M
78300.000 1960 COM2 65 0R0 246 1.2 27.4 33.6 1.0080 0.00 0.0M
78360.000 1960 COM2 65 0R0 224 1.6 27.5 33.4 1.0080 0.00 0.0M
78420.000 1960 COM2 65 0R0 292 0.9 27.5 33.5 1.0080 0.00 0.0M
78480.000 1960 COM2 65 0R0 248 1.2 27.4 33.4 1.0080 0.00 0.0M
78540.000 1960 COM2 65 0R0 285 1.2 27.3 33.9 1.0080 0.00 0.0M
78600.000 1960 COM2 65 0R0 236 2.4 27.3 33.7 1.0080 0.00 0.0M
78660.000 1960 COM2 65 0R0 292 2.1 27.2 33.8 1.0080 0.00 0.0M
78720.000 1960 COM2 65 0R0 233 1.6 27.1 34.1 1.0080 0.00 0.0M
78780.000 1960 COM2 65 0R0 219 0.9 27.0 34.5 1.0080 0.00 0.0M
78840.000 1960 COM2 65 0R0 269 0.4 27.1 34.5 1.0080 0.00 0.0M
78900.000 1960 COM2 65 0R0 232 0.9 27.2 34.7 1.0079 0.00 0.0M
78960.000 1960 COM2 65 0R0 282 0.9 27.3 34.2 1.0079 0.00 0.0M
79020.000 1960 COM2 65 0R0 317 0.9 27.4 34.3 1.0079 0.00 0.0M
79080.000 1960 COM2 65 0R0 350 1.3 27.4 34.4 1.0080 0.00 0.0M
79140.000 1960 COM2 65 0R0 009 0.6 27.4 34.4 1.0080 0.00 0.0M
79200.000 1960 COM2 65 0R0 030 0.9 27.4 34.7 1.0079 0.00 0.0M
79260.000 1960 COM2 65 0R0 042 0.3 27.3 34.5 1.0079 0.00 0.0M
79320.000 1960 COM2 65 0R0 351 0.5 27.3 35.0 1.0080 0.00 0.0M
79380.000 1960 COM2 65 0R0 327 2.3 27.4 34.5 1.0080 0.00 0.0M
79440.000 1960 COM2 65 0R0 321 1.1 27.4 34.3 1.0079 0.00 0.0M
79500.000 1960 COM2 65 0R0 299 0.8 27.3 34.3 1.0080 0.00 0.0M
79560.000 1960 COM2 65 0R0 027 0.9 27.2 34.1 1.0080 0.00 0.0M
79620.000 1960 COM2 65 0R0 005 0.7 27.1 34.5 1.0080 0.00 0.0M
79680.000 1960 COM2 65 0R0 346 1.4 27.0 34.5 1.0080 0.00 0.0M
79740.000 1960 COM2 65 0R0 268 1.5 27.0 34.5 1.0080 0.00 0.0M
79800.000 1960 COM2 65 0R0 201 0.8 27.1 34.3 1.0079 0.00 0.0M
79860.000 1960 COM2 65 0R0 337 0.9 27.1 34.5 1.0079 0.00 0.0M
79920.000 1960 COM2 65 0R0 330 0.3 27.2 34.6 1.0079 0.00 0.0M
79980.000 1960 COM2 65 0R0 029 0.2 27.3 34.2 1.0079 0.00 0.0M
80040.000 1960 COM2 65 0R0 326 1.9 27.3 33.7 1.0079 0.00 0.0M
80100.000 1960 COM2 65 0R0 319 0.9 27.3 33.3 1.0079 0.00 0.0M
80160.000 1960 COM2 65 0R0 318 2.0 27.3 33.8 1.0079 0.00 0.0M
80220.000 1960 COM2 65 0R0 292 1.7 27.2 33.4 1.0079 0.00 0.0M
80280.000 1960 COM2 65 0R0 176 0.2 27.1 34.1 1.0079 0.00 0.0M
80340.000 1960 COM2 65 0R0 213 0.2 27.0 34.1 1.0079 0.00 0.0M
80400.000 1960 COM2 65 0R0 301 1.4 27.0 34.1 1.0079 0.00 0.0M
80460.000 1960 COM2 65 0R0 265 1.2 27.1 34.1 1.0079 0.00 0.0M
80520.000 1960 COM2 65 0R0 268 1.1 27.1 34.6 1.0079 0.00 0.0M
80580.000 1960 COM2 65 0R0 320 0.8 27.1 34.3 1.0079 0.00 0.0M
80640.000 1960 COM2 65 0R0 294 2.3 27.1 34.7 1.0079 0.00 0.0M
80700.000 1960 COM2 65 0R0 281 1.7 27.2 34.7 1.0079 0.00 0.0M
80760.000 1960 COM2 65 0R0 244 1.8 27.3 34.6 1.0079 0.00 0.0M
80820.000 1960 COM2 65 0R0 301 0.4 27.3 34.9 1.0079 0.00 0.0M
80880.000 1960 COM2 65 0R0 306 2.4 27.4 34.9 1.0079 0.00 0.0M
80940.000 1960 COM2 65 0R0 295 2.3 27.4 34.4 1.0079 0.00 0.0M
81000.000 1960 COM2 65 0R0 003 0.7 27.3 34.9 1.0079 0.00 0.0M
81060.000 1960 COM2 65 0R0 343 1.8 27.2 35.1 1.0079 0.00 0.0M
81120.000 1960 COM2 65 0R0 342 2.9 27.2 34.9 1.0079 0.00 0.0M
81180.000 1960 COM2 65 0R0 311 0.5 27.0 35.0 1.0079 0.00 0.0M
81240.000 1960 COM2 65 0R0 018 0.8 27.0 35.1 1.0079 0.00 0.0M
81300.000 1960 COM2 65 0R0 344 1.1 27.0 35.4 1.0079 0.00 0.0M
81360.000 1960 COM2 65 0R0 328 1.4 27.0 35.6 1.0079 0.00 0.0M
81420.000 1960 COM2 65 0R0 334 0.6 27.0 35.8 1.0079 0.00 0.0M
81480.000 1960 COM2 65 0R0 329 1.8 27.0 35.3 1.0079 0.00 0.0M
81540.000 1960 COM2 65 0R0 008 0.9 27.0 34.7 1.0080 0.00 0.0M
81600.000 1960 COM2 65 0R0 166 0.4 27.0 34.9 1.0079 0.00 0.0M
81660.000 1960 COM2 65 0R0 338 2.5 26.9 34.6 1.0080 0.00 0.0M
81720.000 1960 COM2 65 0R0 352 2.0 26.8 33.9 1.0079 0.00 0.0M
81780.000 1960 COM2 65 0R0 338 1.0 26.7 34.4 1.0079 0.00 0.0M
81840.000 1960 COM2 65 0R0 255 1.2 26.7 34.9 1.0079 0.00 0.0M
81900.000 1960 COM2 65 0R0 272 1.2 26.7 34.7 1.0079 0.00 0.0M
81960.000 1960 COM2 65 0R0 022 0.3 26.7 34.8 1.0080 0.00 0.0M
82020.000 1960 COM2 65 0R0 170 0.4 26.8 35.1 1.0080 0.00 0.0M
82080.000 1960 COM2 65 0R0 348 1.4 26.9 34.4 1.0080 0.00 0.0M
82140.000 1960 COM2 65 0R0 037 0.6 27.0 34.2 1.0080 0.00 0.0M
82200.000 1960 COM2 65 0R0 157 0.3 27.0 34.4 1.0080 0.00 0.0M
82260.000 1960 COM2 65 0R0 095 0.3 27.1 34.1 1.0080 0.00 0.0M
82320.000 1960 COM2 65 0R0 039 1.5 27.1 34.2 1.0080 0.00 0.0M
82380.000 1960 COM2 65 0R0 037 0.3 27.0 34.0 1.0080 0.00 0.0M
82440.000 1960 COM2 65 0R0 276 0.2 27.0 33.8 1.0080 0.00 0.0M
82500.000 1960 COM2 65 0R0 303 0.2 27.0 34.1 1.0080 0.00 0.0M
82560.000 1960 COM2 65 0R0 352 0.3 27.0 34.2 1.0080 0.00 0.0M
82620.000 1960 COM2 65 0R0 337 0.6 27.1 33.9 1.0080 0.00 0.0M
82680.000 1960 COM2 65 0R0 021 0.8 27.1 33.8 1.0080 0.00 0.0M
82740.000 1960 COM2 65 0R0 005 0.6 27.0 34.0 1.0080 0.00 0.0M
82800.000 1960 COM2 65 0R0 039 0.5 27.0 34.4 1.0080 0.00 0.0M
82860.000 1960 COM2 65 0R0 287 0.3 27.0 35.0 1.0080 0.00 0.0M
82920.000 1960 COM2 65 0R0 271 1.0 27.0 34.1 1.0080 0.00 0.0M
82980.000 1960 COM2 65 0R0 292 1.0 27.1 33.8 1.0080 0.00 0.0M
83040.000 1960 COM2 65 0R0 270 0.7 27.1 34.2 1.0080 0.00 0.0M
83100.000 1960 COM2 65 0R0 303 0.5 27.1 34.3 1.0080 0.00 0.0M
83160.000 1960 COM2 65 0R0 278 0.5 27.1 34.0 1.0080 0.00 0.0M
83220.000 1960 COM2 65 0R0 173 0.2 27.2 34.2 1.0080 0.00 0.0M
83280.000 1960 COM2 65 0R0 343 0.6 27.3 34.2 1.0081 0.00 0.0M
83340.000 1960 COM2 65 0R0 341 1.9 27.3 34.0 1.0081 0.00 0.0M
83400.000 1960 COM2 65 0R0 326 0.4 27.2 34.5 1.0081 0.00 0.0M
83460.000 1960 COM2 65 0R0 062 0.2 27.1 34.8 1.0081 0.00 0.0M
83520.000 1960 COM2 65 0R0 286 0.2 27.1 35.1 1.0081 0.00 0.0M
83580.000 1960 COM2 65 0R0 139 0.2 27.0 35.3 1.0081 0.00 0.0M
83640.000 1960 COM2 65 0R0 264 1.5 27.1 35.0 1.0081 0.00 0.0M
83700.000 1960 COM2 65 0R0 277 0.6 27.1 35.0 1.0082 0.00 0.0M
83760.000 1960 COM2 65 0R0 273 1.5 27.1 35.4 1.0082 0.00 0.0M
83820.000 1960 COM2 65 0R0 274 1.1 27.0 35.7 1.0082 0.00 0.0M
83880.000 1960 COM2 65 0R0 274 1.6 27.0 35.3 1.0082 0.00 0.0M
83940.000 1960 COM2 65 0R0 290 1.3 27.0 35.4 1.0082 0.00 0.0M
84000.000 1960 COM2 65 0R0 291 2.0 26.9 34.9 1.0082 0.00 0.0M
84060.000 1960 COM2 65 0R0 129 0.4 26.8 35.7 1.0082 0.00 0.0M
84120.000 1960 COM2 65 0R0 097 0.3 26.8 35.9 1.0082 0.00 0.0M
84180.000 1960 COM2 65 0R0 269 2.1 26.8 36.0 1.0082 0.00 0.0M
84240.000 1960 COM2 65 0R0 309 1.2 26.8 35.8 1.0082 0.00 0.0M
84300.000 1960 COM2 65 0R0 305 0.8 26.8 35.6 1.0082 0.00 0.0M
84360.000 1960 COM2 65 0R0 270 0.9 26.7 35.7 1.0082 0.00 0.0M
84420.000 1960 COM2 65 0R0 268 0.5 26.7 36.0 1.0082 0.00 0.0M
84480.000 1960 COM2 65 0R0 331 0.6 26.7 35.9 1.0082 0.00 0.0M
84540.000 1960 COM2 65 0R0 260 1.5 26.7 35.7 1.0082 0.00 0.0M
84600.000 1960 COM2 65 0R0 268 1.8 26.7 36.1 1.0082 0.00 0.0M
84660.000 1960 COM2 65 0R0 210 0.6 26.6 36.2 1.0082 0.00 0.0M
84720.000 1960 COM2 65 0R0 279 1.1 26.6 36.0 1.0082 0.00 0.0M
84780.000 1960 COM2 65 0R0 272 0.5 26.5 36.2 1.0082 0.00 0.0M
84840.000 1960 COM2 65 0R0 272 1.3 26.5 36.2 1.0083 0.00 0.0M
84900.000 1960 COM2 65 0R0 241 0.3 26.5 36.5 1.0083 0.00 0.0M
84960.000 1960 COM2 65 0R0 232 0.5 26.5 36.3 1.0083 0.00 0.0M
85020.000 1960 COM2 65 0R0 289 0.5 26.5 36.2 1.0083 0.00 0.0M
85080.000 1960 COM2 65 0R0 247 0.4 26.5 35.8 1.0083 0.00 0.0M
85140.000 1960 COM2 65 0R0 290 0.8 26.5 36.3 1.0083 0.00 0.0M
85200.000 1960 COM2 65 0R0 295 0.9 26.4 36.2 1.0083 0.00 0.0M
85260.000 1960 COM2 65 0R0 264 1.2 26.4 36.6 1.0083 0.00 0.0M
85320.000 1960 COM2 65 0R0 259 0.9 26.4 36.8 1.0084 0.00 0.0M
85380.000 1960 COM2 65 0R0 280 0.8 26.4 36.7 1.0084 0.00 0.0M
85440.000 1960 COM2 65 0R0 272 0.8 26.3 36.6 1.0084 0.00 0.0M
85500.000 1960 COM2 65 0R0 296 0.4 26.3 36.9 1.0084 0.00 0.0M
85560.000 1960 COM2 65 0R0 258 1.2 26.3 37.4 1.0084 0.00 0.0M
85620.000 1960 COM2 65 0R0 274 0.9 26.2 36.8 1.0084 0.00 0.0M
85680.000 1960 COM2 65 0R0 268 1.2 26.2 37.8 1.0084 0.00 0.0M
85740.000 1960 COM2 65 0R0 072 0.3 26.2 38.1 1.0084 0.00 0.0M
85800.000 1960 COM2 65 0R0 267 1.4 26.2 37.6 1.0084 0.00 0.0M
85860.000 1960 COM2 65 0R0 270 1.1 26.2 37.2 1.0084 0.00 0.0M
85920.000 1960 COM2 65 0R0 278 1.3 26.2 37.2 1.0084 0.00 0.0M
85980.000 1960 COM2 65 0R0 268 1.4 26.1 37.4 1.0084 0.00 0.0M
86040.000 1960 COM2 65 0R0 300 1.8 26.1 37.0 1.0085 0.00 0.0M
86100.000 1960 COM2 65 0R0 261 1.4 26.0 37.9 1.0085 0.00 0.0M
86160.000 1960 COM2 65 0R0 266 1.1 26.0 38.2 1.0085 0.00 0.0M
86220.000 1960 COM2 65 0R0 213 0.7 26.0 38.1 1.0085 0.00 0.0M
86280.000 1960 COM2 65 0R0 244 1.0 26.0 37.7 1.0085 0.00 0.0M
86340.000 1960 COM2 65 0R0 301 0.9 25.9 37.9 1.0085 0.00 0.0M
