TO [s] WNc [w] C StringLn ASCIIString
---------------------------------------
0.000 1959 COM2 65 0R0 119 1.5 22.1 92.1 0.9999 0.02 0.0M
60.000 1959 COM2 65 0R0 097 0.2 22.1 92.1 0.9998 0.01 0.0M
120.000 1959 COM2 65 0R0 108 1.5 22.1 91.9 0.9997 0.00 0.0M
180.000 1959 COM2 65 0R0 084 2.3 22.0 90.7 0.9996 0.00 0.0M
240.000 1959 COM2 65 0R0 083 2.7 22.0 91.2 0.9995 0.00 0.0M
300.000 1959 COM2 65 0R0 085 1.7 22.0 90.3 0.9995 0.00 0.0M
360.000 1959 COM2 65 0R0 070 2.9 22.1 90.7 0.9994 0.00 0.0M
420.000 1959 COM2 65 0R0 070 2.8 22.1 91.3 0.9994 0.00 0.0M
480.000 1959 COM2 65 0R0 109 0.6 22.2 91.5 0.9994 0.00 0.0M
540.000 1959 COM2 65 0R0 079 2.1 22.3 90.9 0.9993 0.00 0.0M
600.000 1959 COM2 65 0R0 117 1.7 22.3 90.0 0.9993 0.00 0.0M
660.000 1959 COM2 65 0R0 030 0.9 22.3 90.1 0.9993 0.00 0.0M
720.000 1959 COM2 65 0R0 097 3.5 22.3 90.0 0.9993 0.00 0.0M
780.100 1959 COM2 65 0R0 106 1.6 22.4 90.1 0.9993 0.00 0.0M
840.000 1959 COM2 65 0R0 098 2.7 22.4 90.5 0.9993 0.00 0.0M
900.000 1959 COM2 65 0R0 091 2.6 22.5 90.4 0.9993 0.00 0.0M
960.000 1959 COM2 65 0R0 123 0.8 22.5 90.9 0.9993 0.00 0.0M
1020.000 1959 COM2 65 0R0 084 0.2 22.5 91.0 0.9993 0.00 0.0M
1080.000 1959 COM2 65 0R0 052 1.0 22.5 90.7 0.9993 0.00 0.0M
1140.000 1959 COM2 65 0R0 089 2.7 22.6 90.7 0.9993 0.00 0.0M
1200.100 1959 COM2 65 0R0 034 1.2 22.6 91.1 0.9993 0.00 0.0M
1260.000 1959 COM2 65 0R0 070 1.5 22.6 91.0 0.9993 0.00 0.0M
1320.000 1959 COM2 65 0R0 033 0.3 22.6 91.4 0.9993 0.00 0.0M
1380.000 1959 COM2 65 0R0 067 1.7 22.6 91.3 0.9993 0.00 0.0M
1440.000 1959 COM2 65 0R0 024 2.3 22.6 91.2 0.9993 0.00 0.0M
1500.000 1959 COM2 65 0R0 036 1.4 22.6 91.2 0.9993 0.00 0.0M
1560.000 1959 COM2 65 0R0 056 1.0 22.6 91.2 0.9993 0.00 0.0M
1620.000 1959 COM2 65 0R0 065 1.2 22.6 90.8 0.9994 0.00 0.0M
1680.100 1959 COM2 65 0R0 042 0.6 22.6 90.4 0.9993 0.00 0.0M
1740.000 1959 COM2 65 0R0 050 1.5 22.7 90.3 0.9993 0.00 0.0M
1800.000 1959 COM2 65 0R0 038 1.9 22.7 89.5 0.9993 0.00 0.0M
1860.000 1959 COM2 65 0R0 046 1.7 22.7 90.1 0.9993 0.00 0.0M
1920.000 1959 COM2 65 0R0 028 1.2 22.8 89.9 0.9993 0.00 0.0M
1980.000 1959 COM2 65 0R0 080 1.2 22.8 89.8 0.9993 0.00 0.0M
2040.100 1959 COM2 65 0R0 063 0.9 22.8 89.6 0.9993 0.00 0.0M
2100.000 1959 COM2 65 0R0 056 2.0 22.8 89.5 0.9993 0.00 0.0M
2160.000 1959 COM2 65 0R0 039 2.5 22.8 89.2 0.9993 0.00 0.0M
2220.000 1959 COM2 65 0R0 040 2.4 22.8 89.6 0.9993 0.00 0.0M
2280.100 1959 COM2 65 0R0 049 2.5 22.9 89.0 0.9993 0.01 0.0M
2340.100 1959 COM2 65 0R0 016 1.4 22.9 89.0 0.9993 0.01 0.0M
2400.100 1959 COM2 65 0R0 076 1.4 22.9 88.8 0.9993 0.00 0.0M
2460.100 1959 COM2 65 0R0 039 2.3 23.0 88.4 0.9993 0.03 0.0M
2520.100 1959 COM2 65 0R0 031 2.8 23.0 88.5 0.9993 0.19 0.0M
2580.100 1959 COM2 65 0R0 049 1.3 23.0 88.6 0.9993 0.04 0.0M
2640.100 1959 COM2 65 0R0 045 1.6 23.1 88.8 0.9993 0.00 0.0M
2700.000 1959 COM2 65 0R0 030 1.8 23.1 88.7 0.9993 0.00 0.0M
2760.000 1959 COM2 65 0R0 031 1.8 23.1 88.8 0.9993 0.00 0.0M
2820.100 1959 COM2 65 0R0 350 1.1 23.1 89.4 0.9993 0.00 0.0M
2880.100 1959 COM2 65 0R0 061 2.0 23.1 89.5 0.9992 0.00 0.0M
2940.100 1959 COM2 65 0R0 013 0.4 23.1 89.7 0.9993 0.00 0.0M
3000.100 1959 COM2 65 0R0 030 1.0 23.1 89.6 0.9993 0.01 0.0M
3060.000 1959 COM2 65 0R0 359 0.4 23.0 89.5 0.9993 0.00 0.0M
3120.000 1959 COM2 65 0R0 043 1.2 23.0 89.6 0.9993 0.00 0.0M
3180.100 1959 COM2 65 0R0 015 1.7 23.0 89.7 0.9993 0.00 0.0M
3240.100 1959 COM2 65 0R0 028 1.3 23.0 90.0 0.9992 0.00 0.0M
3300.100 1959 COM2 65 0R0 041 1.3 23.0 90.5 0.9992 0.00 0.0M
3360.100 1959 COM2 65 0R0 010 0.8 23.0 90.5 0.9992 0.00 0.0M
3420.100 1959 COM2 65 0R0 046 1.5 23.0 90.5 0.9992 0.01 0.0M
3480.100 1959 COM2 65 0R0 092 0.6 22.9 90.7 0.9992 0.00 0.0M
3540.100 1959 COM2 65 0R0 034 1.7 22.9 90.8 0.9991 0.00 0.0M
3600.100 1959 COM2 65 0R0 046 0.6 22.9 91.1 0.9991 0.00 0.0M
3660.100 1959 COM2 65 0R0 059 1.8 22.9 91.4 0.9991 0.00 0.0M
3720.000 1959 COM2 65 0R0 049 3.4 22.9 91.5 0.9991 0.00 0.0M
3780.000 1959 COM2 65 0R0 058 3.5 22.9 91.7 0.9990 0.00 0.0M
3840.100 1959 COM2 65 0R0 042 1.8 22.9 91.9 0.9990 0.00 0.0M
3900.000 1959 COM2 65 0R0 083 2.3 22.8 92.0 0.9990 0.00 0.0M
3960.000 1959 COM2 65 0R0 057 3.6 22.8 92.1 0.9990 0.00 0.0M
4020.000 1959 COM2 65 0R0 060 2.0 22.8 92.1 0.9991 0.00 0.0M
4080.000 1959 COM2 65 0R0 116 0.4 22.8 92.3 0.9991 0.00 0.0M
4140.000 1959 COM2 65 0R0 287 0.4 22.9 92.8 0.9991 0.00 0.0M
4200.000 1959 COM2 65 0R0 303 3.0 22.9 92.6 0.9992 0.00 0.0M
4260.000 1959 COM2 65 0R0 254 1.2 22.9 92.4 0.9993 0.00 0.0M
4320.000 1959 COM2 65 0R0 251 0.9 23.0 92.6 0.9993 0.00 0.0M
4380.000 1959 COM2 65 0R0 270 0.7 23.0 92.6 0.9993 0.00 0.0M
4440.000 1959 COM2 65 0R0 270 1.4 23.0 92.4 0.9993 0.00 0.0M
4500.000 1959 COM2 65 0R0 288 0.8 23.0 92.5 0.9993 0.00 0.0M
4560.000 1959 COM2 65 0R0 035 0.4 23.1 92.4 0.9993 0.00 0.0M
4620.000 1959 COM2 65 0R0 046 1.6 23.1 92.1 0.9992 0.00 0.0M
4680.000 1959 COM2 65 0R0 047 5.5 23.1 90.7 0.9991 0.00 0.0M
4740.000 1959 COM2 65 0R0 071 2.5 23.1 90.9 0.9989 0.00 0.0M
4800.000 1959 COM2 65 0R0 073 5.4 23.1 90.6 0.9988 0.00 0.0M
4860.100 1959 COM2 65 0R0 076 4.4 23.1 90.5 0.9988 0.00 0.0M
4920.100 1959 COM2 65 0R0 231 0.8 23.1 90.9 0.9989 0.01 0.0M
4980.000 1959 COM2 65 0R0 052 0.9 23.1 90.6 0.9990 0.01 0.0M
5040.100 1959 COM2 65 0R0 305 1.3 23.1 90.6 0.9991 0.00 0.0M
5100.000 1959 COM2 65 0R0 280 2.4 23.1 91.1 0.9992 0.00 0.0M
5160.000 1959 COM2 65 0R0 281 3.6 23.2 90.7 0.9992 0.00 0.0M
5220.000 1959 COM2 65 0R0 265 1.5 23.2 91.3 0.9992 0.00 0.0M
5280.000 1959 COM2 65 0R0 214 1.2 23.2 91.2 0.9992 0.00 0.0M
5340.000 1959 COM2 65 0R0 297 1.6 23.2 91.3 0.9993 0.00 0.0M
5400.000 1959 COM2 65 0R0 265 2.7 23.2 91.5 0.9992 0.00 0.0M
5460.000 1959 COM2 65 0R0 297 1.4 23.2 91.4 0.9993 0.00 0.0M
5520.100 1959 COM2 65 0R0 275 2.0 23.2 91.4 0.9993 0.00 0.0M
5580.000 1959 COM2 65 0R0 221 0.4 23.2 91.1 0.9993 0.00 0.0M
5640.000 1959 COM2 65 0R0 137 0.6 23.2 91.7 0.9992 0.00 0.0M
5700.000 1959 COM2 65 0R0 129 1.9 23.3 90.8 0.9991 0.00 0.0M
5760.000 1959 COM2 65 0R0 095 2.8 23.3 90.0 0.9991 0.00 0.0M
5820.000 1959 COM2 65 0R0 107 1.7 23.3 90.3 0.9990 0.00 0.0M
5880.000 1959 COM2 65 0R0 107 2.7 23.3 90.6 0.9990 0.00 0.0M
5940.000 1959 COM2 65 0R0 125 1.3 23.3 90.6 0.9989 0.00 0.0M
6000.000 1959 COM2 65 0R0 084 2.9 23.3 90.8 0.9989 0.00 0.0M
6060.000 1959 COM2 65 0R0 099 4.0 23.3 90.6 0.9988 0.00 0.0M
6120.000 1959 COM2 65 0R0 093 4.3 23.3 91.0 0.9988 0.00 0.0M
6180.000 1959 COM2 65 0R0 107 1.6 23.3 90.9 0.9988 0.00 0.0M
6240.200 1959 COM2 65 0R0 088 5.3 23.3 90.9 0.9988 0.00 0.0M
6300.200 1959 COM2 65 0R0 099 2.7 23.3 91.1 0.9987 0.00 0.0M
6360.200 1959 COM2 65 0R0 097 2.1 23.3 91.3 0.9986 0.00 0.0M
6420.000 1959 COM2 65 0R0 074 3.1 23.3 91.4 0.9986 0.00 0.0M
6480.000 1959 COM2 65 0R0 038 0.8 23.3 90.9 0.9986 0.00 0.0M
6540.000 1959 COM2 65 0R0 109 1.2 23.3 91.3 0.9986 0.00 0.0M
6600.000 1959 COM2 65 0R0 137 0.3 23.3 91.0 0.9988 0.00 0.0M
6660.000 1959 COM2 65 0R0 276 2.1 23.4 91.3 0.9989 0.00 0.0M
6720.000 1959 COM2 65 0R0 260 1.5 23.4 91.6 0.9989 0.00 0.0M
6780.000 1959 COM2 65 0R0 241 1.9 23.4 91.7 0.9989 0.02 0.0M
6840.000 1959 COM2 65 0R0 230 1.7 23.4 91.8 0.9989 0.00 0.0M
6900.000 1959 COM2 65 0R0 189 0.7 23.4 91.8 0.9990 0.00 0.0M
6960.000 1959 COM2 65 0R0 274 0.8 23.4 91.6 0.9990 0.00 0.0M
7020.000 1959 COM2 65 0R0 275 0.9 23.4 91.4 0.9990 0.00 0.0M
7080.000 1959 COM2 65 0R0 152 0.6 23.4 91.0 0.9990 0.00 0.0M
7140.000 1959 COM2 65 0R0 141 0.5 23.4 91.3 0.9990 0.00 0.0M
7200.000 1959 COM2 65 0R0 091 0.9 23.5 90.7 0.9990 0.00 0.0M
7260.000 1959 COM2 65 0R0 116 0.5 23.5 90.3 0.9990 0.00 0.0M
7320.100 1959 COM2 65 0R0 022 0.0 23.5 90.7 0.9991 0.01 0.0M
7380.000 1959 COM2 65 0R0 200 0.9 23.5 90.7 0.9991 0.00 0.0M
7440.000 1959 COM2 65 0R0 109 0.3 23.5 91.0 0.9991 0.00 0.0M
7500.000 1959 COM2 65 0R0 223 0.6 23.5 90.9 0.9992 0.00 0.0M
7560.000 1959 COM2 65 0R0 127 0.4 23.5 90.0 0.9992 0.00 0.0M
7620.000 1959 COM2 65 0R0 200 1.3 23.5 90.4 0.9992 0.00 0.0M
7680.000 1959 COM2 65 0R0 124 0.9 23.5 89.8 0.9992 0.00 0.0M
7740.000 1959 COM2 65 0R0 176 0.9 23.5 90.2 0.9992 0.00 0.0M
7800.000 1959 COM2 65 0R0 080 0.1 23.5 90.6 0.9992 0.00 0.0M
7860.000 1959 COM2 65 0R0 050 0.4 23.5 90.7 0.9991 0.01 0.0M
7920.000 1959 COM2 65 0R0 150 0.1 23.5 90.8 0.9991 0.02 0.0M
7980.000 1959 COM2 65 0R0 047 0.5 23.5 90.3 0.9991 0.01 0.0M
8040.000 1959 COM2 65 0R0 278 0.5 23.5 89.1 0.9991 0.01 0.0M
8100.000 1959 COM2 65 0R0 191 0.6 23.5 89.7 0.9991 0.00 0.0M
8160.000 1959 COM2 65 0R0 202 1.1 23.5 90.7 0.9991 0.00 0.0M
8220.000 1959 COM2 65 0R0 241 0.8 23.6 90.6 0.9991 0.00 0.0M
8280.000 1959 COM2 65 0R0 265 1.0 23.6 90.0 0.9990 0.00 0.0M
8340.000 1959 COM2 65 0R0 297 1.1 23.5 89.2 0.9990 0.01 0.0M
8400.000 1959 COM2 65 0R0 111 0.4 23.5 90.1 0.9990 0.01 0.0M
8460.000 1959 COM2 65 0R0 222 0.3 23.5 90.3 0.9990 0.02 0.0M
8520.000 1959 COM2 65 0R0 183 0.7 23.5 90.1 0.9989 0.01 0.0M
8580.000 1959 COM2 65 0R0 221 0.2 23.5 90.4 0.9989 0.01 0.0M
8640.000 1959 COM2 65 0R0 107 0.6 23.5 90.3 0.9989 0.02 0.0M
8700.000 1959 COM2 65 0R0 103 0.2 23.6 90.1 0.9989 0.04 0.0M
8760.000 1959 COM2 65 0R0 054 0.7 23.6 90.1 0.9989 0.06 0.0M
8820.000 1959 COM2 65 0R0 047 1.1 23.5 90.4 0.9989 0.18 0.0M
8880.000 1959 COM2 65 0R0 024 0.5 23.5 90.8 0.9989 0.43 0.0M
8940.000 1959 COM2 65 0R0 040 0.5 23.5 91.3 0.9989 0.23 0.0M
9000.000 1959 COM2 65 0R0 066 0.5 23.4 90.8 0.9989 0.10 0.0M
9060.000 1959 COM2 65 0R0 026 0.9 23.4 91.3 0.9989 0.07 0.0M
9120.000 1959 COM2 65 0R0 064 1.1 23.4 90.9 0.9988 0.27 0.0M
9180.000 1959 COM2 65 0R0 084 0.8 23.3 91.1 0.9988 0.04 0.0M
9240.000 1959 COM2 65 0R0 338 0.1 23.3 91.6 0.9988 0.04 0.0M
9300.100 1959 COM2 65 0R0 075 1.1 23.3 91.4 0.9988 0.02 0.0M
9360.000 1959 COM2 65 0R0 141 0.6 23.3 90.2 0.9988 0.14 0.0M
9420.000 1959 COM2 65 0R0 084 0.2 23.2 90.0 0.9989 0.05 0.0M
9480.000 1959 COM2 65 0R0 220 0.8 23.2 90.6 0.9989 0.01 0.0M
9540.000 1959 COM2 65 0R0 127 0.4 23.2 91.1 0.9988 0.00 0.0M
9600.000 1959 COM2 65 0R0 093 1.1 23.2 91.5 0.9988 0.02 0.0M
9660.000 1959 COM2 65 0R0 089 1.3 23.2 89.9 0.9987 0.01 0.0M
9720.000 1959 COM2 65 0R0 091 2.5 23.2 89.8 0.9987 0.03 0.0M
9780.000 1959 COM2 65 0R0 098 3.0 23.2 90.0 0.9986 0.04 0.0M
9840.000 1959 COM2 65 0R0 087 2.7 23.2 90.7 0.9986 0.02 0.0M
9900.000 1959 COM2 65 0R0 121 0.7 23.2 91.7 0.9986 0.02 0.0M
9960.100 1959 COM2 65 0R0 142 0.3 23.2 91.2 0.9986 0.03 0.0M
10020.000 1959 COM2 65 0R0 312 0.3 23.2 91.7 0.9986 0.03 0.0M
10080.000 1959 COM2 65 0R0 313 0.2 23.2 92.1 0.9986 0.00 0.0M
10140.000 1959 COM2 65 0R0 192 0.8 23.2 92.3 0.9986 0.01 0.0M
10200.000 1959 COM2 65 0R0 133 0.7 23.2 91.5 0.9986 0.00 0.0M
10260.000 1959 COM2 65 0R0 086 0.7 23.1 90.8 0.9986 0.00 0.0M
10320.000 1959 COM2 65 0R0 095 2.0 23.1 90.6 0.9986 0.00 0.0M
10380.000 1959 COM2 65 0R0 084 2.0 23.1 90.8 0.9985 0.00 0.0M
10440.000 1959 COM2 65 0R0 087 2.3 23.1 90.3 0.9985 0.00 0.0M
10500.000 1959 COM2 65 0R0 087 2.6 23.0 90.0 0.9984 0.00 0.0M
10560.000 1959 COM2 65 0R0 098 2.0 23.1 91.0 0.9984 0.00 0.0M
10620.000 1959 COM2 65 0R0 096 2.7 23.1 90.2 0.9984 0.00 0.0M
10680.000 1959 COM2 65 0R0 190 0.6 23.1 91.1 0.9984 0.00 0.0M
10740.000 1959 COM2 65 0R0 109 1.5 23.1 90.8 0.9985 0.00 0.0M
10800.000 1959 COM2 65 0R0 175 1.9 23.1 90.9 0.9985 0.03 0.0M
10860.000 1959 COM2 65 0R0 178 2.8 23.1 91.1 0.9985 0.06 0.0M
10920.000 1959 COM2 65 0R0 203 1.5 23.0 90.9 0.9985 0.14 0.0M
10980.000 1959 COM2 65 0R0 201 1.8 23.0 91.6 0.9984 0.20 0.0M
11040.000 1959 COM2 65 0R0 199 0.8 23.0 91.7 0.9984 0.17 0.0M
11100.000 1959 COM2 65 0R0 124 0.3 23.0 92.2 0.9984 0.03 0.0M
11160.000 1959 COM2 65 0R0 128 0.2 23.0 92.6 0.9983 0.01 0.0M
11220.000 1959 COM2 65 0R0 125 1.5 23.0 92.5 0.9983 0.01 0.0M
11280.000 1959 COM2 65 0R0 111 1.0 23.0 92.1 0.9982 0.00 0.0M
11340.000 1959 COM2 65 0R0 080 1.5 22.9 91.2 0.9982 0.00 0.0M
11400.000 1959 COM2 65 0R0 078 1.7 22.9 91.4 0.9981 0.01 0.0M
11460.000 1959 COM2 65 0R0 110 0.9 22.9 91.8 0.9981 0.01 0.0M
11520.000 1959 COM2 65 0R0 073 2.4 22.9 92.2 0.9980 0.00 0.0M
11580.000 1959 COM2 65 0R0 068 0.7 22.9 92.5 0.9979 0.00 0.0M
11640.000 1959 COM2 65 0R0 058 1.2 22.8 92.5 0.9980 0.00 0.0M
11700.000 1959 COM2 65 0R0 049 1.0 22.8 92.4 0.9980 0.00 0.0M
11760.000 1959 COM2 65 0R0 356 1.3 22.7 91.9 0.9980 0.00 0.0M
11820.000 1959 COM2 65 0R0 050 2.7 22.6 91.4 0.9980 0.00 0.0M
11880.000 1959 COM2 65 0R0 012 1.2 22.5 91.8 0.9980 0.00 0.0M
11940.000 1959 COM2 65 0R0 041 3.9 22.4 91.9 0.9979 0.00 0.0M
12000.000 1959 COM2 65 0R0 064 4.8 22.4 92.0 0.9977 0.00 0.0M
12060.000 1959 COM2 65 0R0 090 4.9 22.3 92.4 0.9975 0.00 0.0M
12120.000 1959 COM2 65 0R0 103 2.4 22.3 92.4 0.9975 0.00 0.0M
12180.000 1959 COM2 65 0R0 064 3.5 22.3 92.5 0.9974 0.01 0.0M
12240.000 1959 COM2 65 0R0 105 2.1 22.3 92.5 0.9975 0.01 0.0M
12300.100 1959 COM2 65 0R0 353 2.5 22.3 92.8 0.9978 0.00 0.0M
12360.000 1959 COM2 65 0R0 293 5.2 22.3 92.4 0.9978 0.02 0.0M
12420.000 1959 COM2 65 0R0 308 3.3 22.3 92.6 0.9979 0.02 0.0M
12480.000 1959 COM2 65 0R0 280 3.0 22.3 92.4 0.9979 0.03 0.0M
12540.000 1959 COM2 65 0R0 284 2.7 22.3 92.6 0.9979 0.11 0.0M
12600.000 1959 COM2 65 0R0 296 1.5 22.3 92.6 0.9979 0.34 0.0M
12660.000 1959 COM2 65 0R0 257 0.5 22.3 92.8 0.9978 0.37 0.0M
12720.000 1959 COM2 65 0R0 235 1.9 22.4 92.4 0.9979 0.05 0.0M
12780.000 1959 COM2 65 0R0 272 2.2 22.4 92.5 0.9980 0.05 0.0M
12840.000 1959 COM2 65 0R0 281 3.7 22.4 92.3 0.9981 0.10 0.0M
12900.000 1959 COM2 65 0R0 264 6.7 22.4 91.6 0.9982 0.14 0.0M
12960.000 1959 COM2 65 0R0 291 4.3 22.4 91.4 0.9982 0.01 0.0M
13020.000 1959 COM2 65 0R0 309 4.2 22.3 91.2 0.9982 0.01 0.0M
13080.000 1959 COM2 65 0R0 301 2.0 22.3 91.3 0.9983 0.11 0.0M
13140.000 1959 COM2 65 0R0 302 0.8 22.3 92.2 0.9983 0.18 0.0M
13200.000 1959 COM2 65 0R0 351 0.6 22.3 92.0 0.9983 0.11 0.0M
13260.000 1959 COM2 65 0R0 312 1.0 22.3 92.2 0.9982 0.16 0.0M
13320.000 1959 COM2 65 0R0 213 0.8 22.2 92.0 0.9981 0.15 0.0M
13380.000 1959 COM2 65 0R0 326 1.4 22.2 91.7 0.9981 0.07 0.0M
13440.000 1959 COM2 65 0R0 334 1.3 22.2 91.7 0.9981 0.06 0.0M
13500.000 1959 COM2 65 0R0 343 2.7 22.1 91.8 0.9980 0.04 0.0M
13560.000 1959 COM2 65 0R0 019 2.3 22.1 91.2 0.9980 0.01 0.0M
13620.000 1959 COM2 65 0R0 346 1.7 22.1 91.5 0.9981 0.00 0.0M
13680.000 1959 COM2 65 0R0 042 1.9 22.1 92.0 0.9981 0.00 0.0M
13740.000 1959 COM2 65 0R0 068 1.7 22.1 91.3 0.9980 0.01 0.0M
13800.000 1959 COM2 65 0R0 036 1.4 22.1 91.4 0.9980 0.00 0.0M
13860.000 1959 COM2 65 0R0 342 2.7 22.2 91.1 0.9980 0.00 0.0M
13920.000 1959 COM2 65 0R0 267 1.6 22.1 91.2 0.9980 0.00 0.0M
13980.000 1959 COM2 65 0R0 043 0.3 22.1 91.4 0.9980 0.00 0.0M
14040.000 1959 COM2 65 0R0 003 1.9 22.1 91.2 0.9981 0.00 0.0M
14100.000 1959 COM2 65 0R0 342 3.3 22.1 91.1 0.9981 0.00 0.0M
14160.000 1959 COM2 65 0R0 012 3.5 22.1 91.2 0.9979 0.00 0.0M
14220.000 1959 COM2 65 0R0 344 2.8 22.1 91.3 0.9979 0.00 0.0M
14280.000 1959 COM2 65 0R0 348 3.4 22.0 91.0 0.9979 0.00 0.0M
14340.000 1959 COM2 65 0R0 035 1.2 22.0 91.8 0.9979 0.00 0.0M
14400.000 1959 COM2 65 0R0 021 2.8 22.0 91.7 0.9980 0.00 0.0M
14460.000 1959 COM2 65 0R0 012 2.0 22.0 92.2 0.9981 0.00 0.0M
14520.000 1959 COM2 65 0R0 030 2.4 22.0 92.0 0.9981 0.00 0.0M
14580.000 1959 COM2 65 0R0 006 1.0 22.0 92.2 0.9982 0.00 0.0M
14640.000 1959 COM2 65 0R0 335 1.1 22.0 92.2 0.9982 0.00 0.0M
14700.000 1959 COM2 65 0R0 343 1.0 22.0 92.4 0.9982 0.00 0.0M
14760.000 1959 COM2 65 0R0 013 1.3 22.0 92.5 0.9982 0.00 0.0M
14820.000 1959 COM2 65 0R0 047 1.1 22.0 92.4 0.9983 0.00 0.0M
14880.000 1959 COM2 65 0R0 301 1.0 22.0 92.6 0.9983 0.00 0.0M
14940.000 1959 COM2 65 0R0 024 3.0 21.9 92.4 0.9983 0.00 0.0M
15000.000 1959 COM2 65 0R0 000 2.5 21.9 92.6 0.9983 0.00 0.0M
15060.100 1959 COM2 65 0R0 352 1.6 21.9 92.7 0.9984 0.00 0.0M
15120.000 1959 COM2 65 0R0 355 2.0 21.9 92.8 0.9984 0.00 0.0M
15180.100 1959 COM2 65 0R0 032 1.4 21.9 92.5 0.9983 0.00 0.0M
15240.000 1959 COM2 65 0R0 021 2.1 21.9 92.7 0.9983 0.00 0.0M
15300.000 1959 COM2 65 0R0 035 1.1 21.9 92.8 0.9984 0.00 0.0M
15360.100 1959 COM2 65 0R0 045 0.7 22.0 92.9 0.9983 0.00 0.0M
15420.100 1959 COM2 65 0R0 014 2.3 22.0 92.9 0.9983 0.00 0.0M
15480.100 1959 COM2 65 0R0 346 2.0 22.0 92.9 0.9983 0.00 0.0M
15540.100 1959 COM2 65 0R0 020 1.2 22.0 92.9 0.9983 0.00 0.0M
15600.100 1959 COM2 65 0R0 010 0.8 22.0 93.0 0.9982 0.00 0.0M
15660.100 1959 COM2 65 0R0 359 1.6 22.0 92.8 0.9982 0.00 0.0M
15720.100 1959 COM2 65 0R0 345 1.4 22.0 92.7 0.9982 0.00 0.0M
15780.100 1959 COM2 65 0R0 346 1.8 22.0 92.7 0.9981 0.00 0.0M
15840.100 1959 COM2 65 0R0 002 1.2 22.0 92.8 0.9981 0.00 0.0M
15900.100 1959 COM2 65 0R0 038 2.6 21.9 92.8 0.9981 0.00 0.0M
15960.100 1959 COM2 65 0R0 037 2.5 22.0 92.8 0.9981 0.00 0.0M
16020.100 1959 COM2 65 0R0 333 1.8 22.0 92.9 0.9981 0.00 0.0M
16080.100 1959 COM2 65 0R0 015 0.9 22.0 92.8 0.9981 0.00 0.0M
16140.100 1959 COM2 65 0R0 075 0.7 22.0 93.0 0.9981 0.00 0.0M
16200.100 1959 COM2 65 0R0 337 0.7 22.0 92.9 0.9981 0.00 0.0M
16260.100 1959 COM2 65 0R0 025 1.6 22.0 93.1 0.9981 0.00 0.0M
16320.100 1959 COM2 65 0R0 345 2.1 22.0 93.1 0.9981 0.00 0.0M
16380.100 1959 COM2 65 0R0 358 1.0 22.0 92.7 0.9981 0.00 0.0M
16440.100 1959 COM2 65 0R0 017 1.0 22.0 92.9 0.9982 0.00 0.0M
16500.100 1959 COM2 65 0R0 325 0.7 22.0 93.0 0.9981 0.00 0.0M
16560.100 1959 COM2 65 0R0 021 1.4 22.0 92.9 0.9981 0.00 0.0M
16620.100 1959 COM2 65 0R0 038 1.7 22.0 92.8 0.9980 0.00 0.0M
16680.100 1959 COM2 65 0R0 345 2.8 22.0 92.7 0.9980 0.00 0.0M
16740.100 1959 COM2 65 0R0 030 2.3 22.0 92.8 0.9980 0.00 0.0M
16800.100 1959 COM2 65 0R0 016 2.9 22.0 92.8 0.9980 0.00 0.0M
16860.100 1959 COM2 65 0R0 007 1.5 22.0 92.7 0.9981 0.00 0.0M
16920.100 1959 COM2 65 0R0 337 1.5 22.0 92.9 0.9981 0.00 0.0M
16980.100 1959 COM2 65 0R0 014 1.3 22.0 92.8 0.9982 0.00 0.0M
17040.000 1959 COM2 65 0R0 100 0.3 22.0 92.9 0.9982 0.00 0.0M
17100.000 1959 COM2 65 0R0 007 0.9 22.0 92.8 0.9982 0.00 0.0M
17160.100 1959 COM2 65 0R0 357 0.4 22.0 92.8 0.9982 0.00 0.0M
17220.000 1959 COM2 65 0R0 053 0.5 22.0 92.8 0.9982 0.00 0.0M
17280.100 1959 COM2 65 0R0 349 0.9 22.0 92.8 0.9982 0.00 0.0M
17340.100 1959 COM2 65 0R0 339 1.0 22.0 92.7 0.9982 0.00 0.0M
17400.100 1959 COM2 65 0R0 268 0.3 22.0 92.7 0.9983 0.00 0.0M
17460.000 1959 COM2 65 0R0 022 1.7 22.0 92.6 0.9983 0.00 0.0M
17520.000 1959 COM2 65 0R0 354 1.4 22.0 92.5 0.9983 0.00 0.0M
17580.000 1959 COM2 65 0R0 009 1.2 22.0 92.5 0.9983 0.00 0.0M
17640.100 1959 COM2 65 0R0 335 0.8 22.0 92.5 0.9983 0.00 0.0M
17700.100 1959 COM2 65 0R0 004 0.6 22.0 92.5 0.9984 0.00 0.0M
17760.000 1959 COM2 65 0R0 098 0.3 22.0 92.4 0.9984 0.00 0.0M
17820.100 1959 COM2 65 0R0 322 0.2 22.0 92.3 0.9984 0.00 0.0M
17880.000 1959 COM2 65 0R0 025 0.9 22.0 92.4 0.9984 0.00 0.0M
17940.100 1959 COM2 65 0R0 043 0.9 22.0 92.6 0.9983 0.00 0.0M
18000.100 1959 COM2 65 0R0 342 0.7 22.1 92.3 0.9983 0.00 0.0M
18060.000 1959 COM2 65 0R0 047 0.6 22.1 92.0 0.9983 0.00 0.0M
18120.000 1959 COM2 65 0R0 099 0.4 22.1 92.0 0.9983 0.00 0.0M
18180.000 1959 COM2 65 0R0 037 0.7 22.1 92.2 0.9983 0.00 0.0M
18240.000 1959 COM2 65 0R0 040 0.6 22.1 92.2 0.9983 0.00 0.0M
18300.000 1959 COM2 65 0R0 013 0.5 22.1 92.0 0.9983 0.00 0.0M
18360.000 1959 COM2 65 0R0 357 0.3 22.1 92.0 0.9983 0.00 0.0M
18420.000 1959 COM2 65 0R0 084 0.4 22.1 92.3 0.9983 0.00 0.0M
18480.000 1959 COM2 65 0R0 065 0.3 22.1 92.2 0.9983 0.00 0.0M
18540.000 1959 COM2 65 0R0 088 0.2 22.1 92.1 0.9983 0.00 0.0M
18600.000 1959 COM2 65 0R0 039 0.5 22.1 92.1 0.9983 0.00 0.0M
18660.000 1959 COM2 65 0R0 325 0.6 22.1 92.2 0.9983 0.00 0.0M
18720.000 1959 COM2 65 0R0 056 0.9 22.1 92.2 0.9983 0.00 0.0M
18780.000 1959 COM2 65 0R0 042 0.5 22.1 92.1 0.9983 0.00 0.0M
18840.000 1959 COM2 65 0R0 050 0.3 22.1 92.1 0.9983 0.00 0.0M
18900.000 1959 COM2 65 0R0 056 0.5 22.1 92.2 0.9984 0.00 0.0M
18960.000 1959 COM2 65 0R0 015 1.1 22.1 92.1 0.9983 0.00 0.0M
19020.000 1959 COM2 65 0R0 011 1.2 22.1 91.9 0.9983 0.00 0.0M
19080.000 1959 COM2 65 0R0 069 0.6 22.1 91.8 0.9983 0.00 0.0M
19140.000 1959 COM2 65 0R0 046 0.7 22.1 91.8 0.9983 0.00 0.0M
19200.000 1959 COM2 65 0R0 047 1.1 22.1 91.8 0.9983 0.00 0.0M
19260.000 1959 COM2 65 0R0 023 1.5 22.1 91.9 0.9983 0.00 0.0M
19320.000 1959 COM2 65 0R0 333 0.7 22.1 91.9 0.9982 0.00 0.0M
19380.200 1959 COM2 65 0R0 003 1.5 22.1 92.2 0.9983 0.00 0.0M
19440.000 1959 COM2 65 0R0 020 2.7 22.1 91.6 0.9983 0.00 0.0M
19500.000 1959 COM2 65 0R0 029 0.8 22.1 91.8 0.9983 0.00 0.0M
19560.000 1959 COM2 65 0R0 042 1.1 22.1 91.8 0.9982 0.00 0.0M
19620.000 1959 COM2 65 0R0 016 0.4 22.1 91.7 0.9982 0.00 0.0M
19680.000 1959 COM2 65 0R0 021 1.7 22.1 91.6 0.9982 0.00 0.0M
19740.000 1959 COM2 65 0R0 001 0.3 22.0 91.8 0.9982 0.00 0.0M
19800.000 1959 COM2 65 0R0 356 1.5 22.0 91.9 0.9982 0.00 0.0M
19860.000 1959 COM2 65 0R0 039 0.6 22.0 92.0 0.9982 0.00 0.0M
19920.000 1959 COM2 65 0R0 004 0.5 22.0 92.1 0.9982 0.00 0.0M
19980.000 1959 COM2 65 0R0 027 2.1 22.1 92.0 0.9982 0.00 0.0M
20040.000 1959 COM2 65 0R0 004 1.3 22.0 91.9 0.9982 0.00 0.0M
20100.000 1959 COM2 65 0R0 030 1.8 22.0 91.9 0.9982 0.00 0.0M
20160.000 1959 COM2 65 0R0 359 0.6 22.0 92.1 0.9982 0.00 0.0M
20220.000 1959 COM2 65 0R0 014 1.1 22.0 92.2 0.9981 0.00 0.0M
20280.000 1959 COM2 65 0R0 015 1.2 22.0 92.2 0.9981 0.00 0.0M
20340.000 1959 COM2 65 0R0 030 0.6 22.0 92.1 0.9981 0.00 0.0M
20400.000 1959 COM2 65 0R0 357 0.9 22.0 92.1 0.9982 0.00 0.0M
20460.000 1959 COM2 65 0R0 058 1.9 22.0 92.1 0.9982 0.00 0.0M
20520.000 1959 COM2 65 0R0 052 0.9 22.0 92.1 0.9982 0.00 0.0M
20580.000 1959 COM2 65 0R0 069 1.9 22.0 92.2 0.9983 0.00 0.0M
20640.000 1959 COM2 65 0R0 354 0.5 22.0 92.1 0.9983 0.00 0.0M
20700.000 1959 COM2 65 0R0 035 1.7 22.0 92.2 0.9983 0.00 0.0M
20760.000 1959 COM2 65 0R0 012 0.6 22.0 92.2 0.9983 0.00 0.0M
20820.000 1959 COM2 65 0R0 048 0.6 22.0 92.1 0.9983 0.00 0.0M
20880.000 1959 COM2 65 0R0 036 2.1 22.1 91.8 0.9983 0.00 0.0M
20940.000 1959 COM2 65 0R0 037 1.4 22.0 92.0 0.9983 0.00 0.0M
21000.000 1959 COM2 65 0R0 046 1.2 22.0 91.9 0.9983 0.00 0.0M
21060.000 1959 COM2 65 0R0 006 1.1 22.0 92.1 0.9984 0.00 0.0M
21120.000 1959 COM2 65 0R0 101 0.3 22.0 92.0 0.9984 0.00 0.0M
21180.000 1959 COM2 65 0R0 019 1.6 22.0 91.7 0.9984 0.00 0.0M
21240.000 1959 COM2 65 0R0 083 0.6 22.0 91.8 0.9984 0.00 0.0M
21300.000 1959 COM2 65 0R0 020 0.3 22.0 91.9 0.9984 0.00 0.0M
21360.000 1959 COM2 65 0R0 359 0.5 22.1 91.9 0.9984 0.00 0.0M
21420.000 1959 COM2 65 0R0 001 0.4 22.1 91.7 0.9985 0.00 0.0M
21480.000 1959 COM2 65 0R0 053 0.4 22.1 91.8 0.9985 0.00 0.0M
21540.000 1959 COM2 65 0R0 279 0.6 22.1 91.8 0.9985 0.00 0.0M
21600.000 1959 COM2 65 0R0 358 0.5 22.1 91.8 0.9985 0.00 0.0M
21660.000 1959 COM2 65 0R0 129 0.3 22.1 91.9 0.9985 0.00 0.0M
21720.000 1959 COM2 65 0R0 049 1.4 22.1 91.7 0.9985 0.00 0.0M
21780.000 1959 COM2 65 0R0 029 1.5 22.1 91.5 0.9985 0.00 0.0M
21840.000 1959 COM2 65 0R0 035 1.9 22.1 91.2 0.9985 0.00 0.0M
21900.000 1959 COM2 65 0R0 067 0.9 22.1 91.3 0.9984 0.00 0.0M
21960.000 1959 COM2 65 0R0 060 0.7 22.1 91.3 0.9985 0.00 0.0M
22020.000 1959 COM2 65 0R0 349 0.8 22.1 91.4 0.9985 0.00 0.0M
22080.000 1959 COM2 65 0R0 030 1.6 22.1 91.4 0.9985 0.00 0.0M
22140.000 1959 COM2 65 0R0 033 1.5 22.1 91.0 0.9985 0.00 0.0M
22200.000 1959 COM2 65 0R0 086 0.8 22.1 91.2 0.9985 0.00 0.0M
22260.000 1959 COM2 65 0R0 023 1.2 22.1 91.2 0.9985 0.00 0.0M
22320.000 1959 COM2 65 0R0 028 1.7 22.1 91.1 0.9985 0.00 0.0M
22380.000 1959 COM2 65 0R0 025 0.1 22.1 91.3 0.9985 0.00 0.0M
22440.000 1959 COM2 65 0R0 082 0.3 22.1 91.4 0.9985 0.00 0.0M
22500.000 1959 COM2 65 0R0 346 0.7 22.1 91.2 0.9985 0.00 0.0M
22560.000 1959 COM2 65 0R0 116 0.7 22.1 91.3 0.9986 0.00 0.0M
22620.000 1959 COM2 65 0R0 040 0.2 22.1 91.2 0.9986 0.00 0.0M
22680.000 1959 COM2 65 0R0 075 0.1 22.1 91.2 0.9986 0.00 0.0M
22740.000 1959 COM2 65 0R0 026 0.9 22.2 90.9 0.9986 0.00 0.0M
22800.000 1959 COM2 65 0R0 066 0.8 22.2 90.9 0.9986 0.00 0.0M
22860.000 1959 COM2 65 0R0 139 0.5 22.1 90.6 0.9986 0.00 0.0M
22920.000 1959 COM2 65 0R0 109 0.2 22.1 90.7 0.9986 0.00 0.0M
22980.000 1959 COM2 65 0R0 001 0.1 22.1 90.7 0.9986 0.00 0.0M
23040.000 1959 COM2 65 0R0 007 0.2 22.1 90.8 0.9987 0.00 0.0M
23100.000 1959 COM2 65 0R0 097 0.5 22.2 90.8 0.9987 0.00 0.0M
23160.000 1959 COM2 65 0R0 019 0.5 22.2 90.8 0.9986 0.00 0.0M
23220.000 1959 COM2 65 0R0 088 0.6 22.2 90.9 0.9986 0.00 0.0M
23280.000 1959 COM2 65 0R0 083 0.6 22.2 90.7 0.9986 0.00 0.0M
23340.000 1959 COM2 65 0R0 033 1.2 22.2 90.4 0.9986 0.00 0.0M
23400.000 1959 COM2 65 0R0 075 1.0 22.2 90.0 0.9986 0.00 0.0M
23460.000 1959 COM2 65 0R0 078 1.8 22.1 90.6 0.9986 0.00 0.0M
23520.000 1959 COM2 65 0R0 079 1.3 22.1 90.1 0.9986 0.00 0.0M
23580.000 1959 COM2 65 0R0 102 0.8 22.1 90.7 0.9985 0.00 0.0M
23640.000 1959 COM2 65 0R0 104 1.9 22.1 89.9 0.9985 0.00 0.0M
23700.000 1959 COM2 65 0R0 087 1.9 22.1 89.5 0.9985 0.00 0.0M
23760.000 1959 COM2 65 0R0 090 0.7 22.1 89.8 0.9984 0.00 0.0M
23820.000 1959 COM2 65 0R0 319 0.3 22.1 90.0 0.9985 0.00 0.0M
23880.000 1959 COM2 65 0R0 101 0.4 22.2 90.3 0.9985 0.00 0.0M
23940.000 1959 COM2 65 0R0 060 1.6 22.2 90.1 0.9985 0.00 0.0M
24000.000 1959 COM2 65 0R0 022 1.2 22.1 90.8 0.9985 0.00 0.0M
24060.000 1959 COM2 65 0R0 028 0.3 22.1 90.8 0.9986 0.00 0.0M
24120.000 1959 COM2 65 0R0 094 1.4 22.1 90.6 0.9986 0.00 0.0M
24180.000 1959 COM2 65 0R0 021 0.7 22.0 89.9 0.9985 0.00 0.0M
24240.000 1959 COM2 65 0R0 126 1.2 22.0 89.3 0.9985 0.00 0.0M
24300.000 1959 COM2 65 0R0 053 1.1 22.0 89.5 0.9986 0.00 0.0M
24360.000 1959 COM2 65 0R0 065 2.0 22.0 89.9 0.9986 0.00 0.0M
24420.000 1959 COM2 65 0R0 045 1.8 22.0 90.0 0.9986 0.00 0.0M
24480.000 1959 COM2 65 0R0 028 3.5 22.0 89.6 0.9986 0.00 0.0M
24540.000 1959 COM2 65 0R0 061 2.7 21.9 90.0 0.9986 0.00 0.0M
24600.000 1959 COM2 65 0R0 062 2.5 21.9 90.3 0.9986 0.00 0.0M
24660.000 1959 COM2 65 0R0 340 1.1 21.9 90.7 0.9985 0.00 0.0M
24720.000 1959 COM2 65 0R0 037 1.9 21.9 89.2 0.9985 0.00 0.0M
24780.000 1959 COM2 65 0R0 073 1.8 21.9 89.5 0.9985 0.00 0.0M
24840.000 1959 COM2 65 0R0 084 1.6 21.9 89.5 0.9985 0.00 0.0M
24900.000 1959 COM2 65 0R0 076 1.9 21.9 89.8 0.9986 0.00 0.0M
24960.000 1959 COM2 65 0R0 081 2.4 21.9 89.8 0.9986 0.00 0.0M
25020.000 1959 COM2 65 0R0 070 2.8 21.9 89.7 0.9986 0.00 0.0M
25080.000 1959 COM2 65 0R0 037 2.1 21.9 89.4 0.9986 0.00 0.0M
25140.000 1959 COM2 65 0R0 076 1.5 21.9 89.0 0.9986 0.00 0.0M
25200.000 1959 COM2 65 0R0 085 1.0 21.9 89.1 0.9986 0.00 0.0M
25260.000 1959 COM2 65 0R0 356 0.6 21.9 89.1 0.9986 0.00 0.0M
25320.000 1959 COM2 65 0R0 060 1.3 21.9 89.0 0.9986 0.00 0.0M
25380.000 1959 COM2 65 0R0 018 2.3 21.9 89.1 0.9986 0.00 0.0M
25440.000 1959 COM2 65 0R0 049 1.3 21.9 89.1 0.9985 0.00 0.0M
25500.000 1959 COM2 65 0R0 030 1.1 21.9 89.4 0.9985 0.00 0.0M
25560.000 1959 COM2 65 0R0 045 0.4 21.9 89.7 0.9985 0.00 0.0M
25620.000 1959 COM2 65 0R0 052 1.1 21.8 89.9 0.9985 0.00 0.0M
25680.000 1959 COM2 65 0R0 028 1.4 21.8 89.6 0.9985 0.00 0.0M
25740.000 1959 COM2 65 0R0 018 1.6 21.8 89.8 0.9984 0.00 0.0M
25800.000 1959 COM2 65 0R0 015 0.7 21.8 89.7 0.9985 0.00 0.0M
25860.000 1959 COM2 65 0R0 027 1.1 21.8 89.7 0.9985 0.00 0.0M
25920.000 1959 COM2 65 0R0 015 1.3 21.8 89.6 0.9985 0.00 0.0M
25980.000 1959 COM2 65 0R0 044 1.0 21.8 89.6 0.9985 0.00 0.0M
26040.000 1959 COM2 65 0R0 083 0.9 21.8 90.1 0.9985 0.00 0.0M
26100.000 1959 COM2 65 0R0 030 1.8 21.8 90.2 0.9985 0.00 0.0M
26160.000 1959 COM2 65 0R0 085 0.9 21.8 89.8 0.9985 0.00 0.0M
26220.000 1959 COM2 65 0R0 031 1.3 21.8 89.8 0.9985 0.00 0.0M
26280.000 1959 COM2 65 0R0 091 0.8 21.8 89.9 0.9985 0.00 0.0M
26340.000 1959 COM2 65 0R0 085 1.1 21.8 90.0 0.9985 0.00 0.0M
26400.000 1959 COM2 65 0R0 010 0.3 21.8 90.1 0.9985 0.00 0.0M
26460.000 1959 COM2 65 0R0 068 1.1 21.8 89.8 0.9985 0.00 0.0M
26520.000 1959 COM2 65 0R0 060 2.0 21.8 89.7 0.9985 0.00 0.0M
26580.000 1959 COM2 65 0R0 090 2.3 21.8 89.6 0.9985 0.00 0.0M
26640.000 1959 COM2 65 0R0 066 1.7 21.8 89.9 0.9985 0.00 0.0M
26700.000 1959 COM2 65 0R0 079 0.9 21.7 89.9 0.9985 0.00 0.0M
26760.000 1959 COM2 65 0R0 055 1.1 21.7 90.0 0.9985 0.00 0.0M
26820.000 1959 COM2 65 0R0 070 1.3 21.7 89.6 0.9985 0.00 0.0M
26880.000 1959 COM2 65 0R0 036 0.5 21.7 89.9 0.9985 0.00 0.0M
26940.000 1959 COM2 65 0R0 052 0.8 21.7 89.7 0.9985 0.00 0.0M
27000.000 1959 COM2 65 0R0 037 1.1 21.7 90.0 0.9985 0.00 0.0M
27060.000 1959 COM2 65 0R0 073 1.9 21.7 89.9 0.9985 0.00 0.0M
27120.000 1959 COM2 65 0R0 061 1.4 21.7 89.9 0.9985 0.00 0.0M
27180.000 1959 COM2 65 0R0 080 1.5 21.7 89.9 0.9985 0.00 0.0M
27240.000 1959 COM2 65 0R0 349 0.6 21.7 89.9 0.9985 0.00 0.0M
27300.000 1959 COM2 65 0R0 083 1.0 21.7 90.0 0.9985 0.00 0.0M
27360.000 1959 COM2 65 0R0 038 1.2 21.7 90.1 0.9985 0.00 0.0M
27420.000 1959 COM2 65 0R0 024 0.9 21.7 90.2 0.9985 0.00 0.0M
27480.000 1959 COM2 65 0R0 017 0.6 21.7 90.1 0.9985 0.00 0.0M
27540.000 1959 COM2 65 0R0 067 1.0 21.7 90.0 0.9985 0.00 0.0M
27600.000 1959 COM2 65 0R0 059 0.2 21.7 90.2 0.9985 0.00 0.0M
27660.000 1959 COM2 65 0R0 074 0.3 21.7 90.1 0.9984 0.00 0.0M
27720.000 1959 COM2 65 0R0 060 1.7 21.7 89.8 0.9984 0.00 0.0M
27780.000 1959 COM2 65 0R0 080 0.8 21.7 89.8 0.9984 0.00 0.0M
27840.000 1959 COM2 65 0R0 032 1.8 21.7 89.8 0.9985 0.00 0.0M
27900.000 1959 COM2 65 0R0 063 1.2 21.7 90.1 0.9985 0.00 0.0M
27960.100 1959 COM2 65 0R0 079 0.7 21.6 90.6 0.9985 0.00 0.0M
28020.000 1959 COM2 65 0R0 057 1.8 21.7 90.5 0.9985 0.00 0.0M
28080.000 1959 COM2 65 0R0 029 0.7 21.6 90.5 0.9985 0.00 0.0M
28140.000 1959 COM2 65 0R0 024 1.8 21.6 90.5 0.9985 0.00 0.0M
28200.000 1959 COM2 65 0R0 082 1.0 21.6 90.8 0.9985 0.00 0.0M
28260.000 1959 COM2 65 0R0 061 0.8 21.6 91.3 0.9985 0.00 0.0M
28320.000 1959 COM2 65 0R0 351 0.7 21.6 91.2 0.9985 0.00 0.0M
28380.000 1959 COM2 65 0R0 028 1.2 21.6 91.4 0.9985 0.00 0.0M
28440.000 1959 COM2 65 0R0 054 0.8 21.6 91.5 0.9985 0.00 0.0M
28500.000 1959 COM2 65 0R0 037 1.8 21.5 91.4 0.9985 0.00 0.0M
28560.000 1959 COM2 65 0R0 011 0.7 21.5 91.6 0.9985 0.00 0.0M
28620.100 1959 COM2 65 0R0 073 1.6 21.5 91.7 0.9985 0.00 0.0M
28680.000 1959 COM2 65 0R0 090 0.3 21.5 92.0 0.9985 0.00 0.0M
28740.000 1959 COM2 65 0R0 089 0.7 21.5 92.0 0.9985 0.00 0.0M
28800.000 1959 COM2 65 0R0 071 0.8 21.5 92.0 0.9985 0.00 0.0M
28860.000 1959 COM2 65 0R0 009 0.6 21.5 91.9 0.9985 0.00 0.0M
28920.000 1959 COM2 65 0R0 034 1.0 21.5 91.8 0.9985 0.00 0.0M
28980.100 1959 COM2 65 0R0 063 1.9 21.4 91.8 0.9985 0.00 0.0M
29040.000 1959 COM2 65 0R0 058 1.5 21.4 92.1 0.9985 0.00 0.0M
29100.000 1959 COM2 65 0R0 062 1.4 21.4 92.2 0.9985 0.00 0.0M
29160.000 1959 COM2 65 0R0 062 1.6 21.4 92.5 0.9985 0.00 0.0M
29220.000 1959 COM2 65 0R0 039 1.0 21.4 92.4 0.9985 0.00 0.0M
29280.000 1959 COM2 65 0R0 356 0.6 21.4 92.4 0.9985 0.00 0.0M
29340.000 1959 COM2 65 0R0 063 0.3 21.4 92.4 0.9985 0.00 0.0M
29400.000 1959 COM2 65 0R0 045 1.6 21.4 92.6 0.9985 0.00 0.0M
29460.000 1959 COM2 65 0R0 085 0.2 21.4 92.7 0.9985 0.00 0.0M
29520.100 1959 COM2 65 0R0 027 0.4 21.4 92.9 0.9985 0.00 0.0M
29580.000 1959 COM2 65 0R0 049 0.5 21.4 92.9 0.9985 0.00 0.0M
29640.000 1959 COM2 65 0R0 096 0.3 21.4 92.6 0.9985 0.00 0.0M
29700.000 1959 COM2 65 0R0 056 0.7 21.4 92.8 0.9985 0.00 0.0M
29760.000 1959 COM2 65 0R0 114 0.5 21.4 92.6 0.9985 0.00 0.0M
29820.000 1959 COM2 65 0R0 234 0.2 21.4 92.8 0.9985 0.00 0.0M
29880.100 1959 COM2 65 0R0 048 1.3 21.5 92.7 0.9986 0.00 0.0M
29940.000 1959 COM2 65 0R0 040 1.5 21.4 92.4 0.9986 0.00 0.0M
30000.000 1959 COM2 65 0R0 065 1.3 21.4 92.5 0.9985 0.00 0.0M
30060.000 1959 COM2 65 0R0 062 1.5 21.4 92.6 0.9985 0.00 0.0M
30120.000 1959 COM2 65 0R0 071 1.9 21.4 92.5 0.9985 0.00 0.0M
30180.100 1959 COM2 65 0R0 010 0.4 21.4 92.7 0.9985 0.00 0.0M
30240.000 1959 COM2 65 0R0 060 1.3 21.3 92.8 0.9985 0.00 0.0M
30300.000 1959 COM2 65 0R0 058 0.7 21.3 92.8 0.9986 0.00 0.0M
30360.100 1959 COM2 65 0R0 058 1.5 21.3 92.9 0.9986 0.00 0.0M
30420.000 1959 COM2 65 0R0 008 1.0 21.3 92.8 0.9986 0.00 0.0M
30480.000 1959 COM2 65 0R0 058 2.1 21.3 92.8 0.9986 0.00 0.0M
30540.000 1959 COM2 65 0R0 044 0.7 21.3 92.9 0.9986 0.00 0.0M
30600.000 1959 COM2 65 0R0 083 1.1 21.3 93.0 0.9986 0.00 0.0M
30660.100 1959 COM2 65 0R0 061 1.2 21.3 93.0 0.9986 0.00 0.0M
30720.000 1959 COM2 65 0R0 020 0.3 21.3 93.1 0.9986 0.00 0.0M
30780.000 1959 COM2 65 0R0 063 1.0 21.3 93.2 0.9986 0.00 0.0M
30840.000 1959 COM2 65 0R0 111 0.4 21.3 93.2 0.9986 0.00 0.0M
30900.000 1959 COM2 65 0R0 085 0.6 21.4 93.3 0.9986 0.00 0.0M
30960.000 1959 COM2 65 0R0 099 0.5 21.4 93.3 0.9986 0.00 0.0M
31020.000 1959 COM2 65 0R0 067 0.8 21.4 93.2 0.9986 0.00 0.0M
31080.000 1959 COM2 65 0R0 036 0.5 21.4 93.2 0.9986 0.00 0.0M
31140.000 1959 COM2 65 0R0 024 1.1 21.4 93.2 0.9986 0.00 0.0M
31200.000 1959 COM2 65 0R0 355 0.6 21.4 93.1 0.9986 0.00 0.0M
31260.000 1959 COM2 65 0R0 029 1.4 21.4 93.1 0.9986 0.00 0.0M
31320.000 1959 COM2 65 0R0 344 1.1 21.4 93.2 0.9986 0.00 0.0M
31380.000 1959 COM2 65 0R0 047 1.5 21.4 93.2 0.9986 0.00 0.0M
31440.000 1959 COM2 65 0R0 030 1.8 21.4 93.1 0.9986 0.00 0.0M
31500.000 1959 COM2 65 0R0 031 1.8 21.4 93.0 0.9987 0.00 0.0M
31560.000 1959 COM2 65 0R0 031 1.3 21.4 93.0 0.9987 0.00 0.0M
31620.000 1959 COM2 65 0R0 334 0.4 21.4 93.0 0.9987 0.00 0.0M
31680.000 1959 COM2 65 0R0 025 1.0 21.3 93.1 0.9987 0.00 0.0M
31740.000 1959 COM2 65 0R0 062 1.5 21.3 93.1 0.9986 0.00 0.0M
31800.000 1959 COM2 65 0R0 055 1.6 21.3 93.2 0.9986 0.00 0.0M
31860.000 1959 COM2 65 0R0 003 0.9 21.4 93.2 0.9987 0.00 0.0M
31920.000 1959 COM2 65 0R0 016 1.1 21.3 93.2 0.9987 0.00 0.0M
31980.000 1959 COM2 65 0R0 056 1.3 21.3 93.2 0.9987 0.00 0.0M
32040.200 1959 COM2 65 0R0 029 1.2 21.3 93.2 0.9987 0.00 0.0M
32100.000 1959 COM2 65 0R0 031 2.7 21.4 93.1 0.9987 0.00 0.0M
32160.000 1959 COM2 65 0R0 022 1.3 21.4 93.1 0.9987 0.00 0.0M
32220.000 1959 COM2 65 0R0 091 0.8 21.4 93.1 0.9987 0.00 0.0M
32280.000 1959 COM2 65 0R0 041 1.0 21.4 93.2 0.9987 0.00 0.0M
32340.000 1959 COM2 65 0R0 027 0.7 21.4 93.2 0.9987 0.00 0.0M
32400.000 1959 COM2 65 0R0 289 0.3 21.4 93.1 0.9987 0.00 0.0M
32460.000 1959 COM2 65 0R0 041 1.7 21.4 93.1 0.9987 0.00 0.0M
32520.000 1959 COM2 65 0R0 019 0.2 21.4 93.2 0.9987 0.00 0.0M
32580.000 1959 COM2 65 0R0 029 2.1 21.4 93.3 0.9988 0.00 0.0M
32640.000 1959 COM2 65 0R0 357 0.5 21.4 93.0 0.9988 0.00 0.0M
32700.000 1959 COM2 65 0R0 032 1.3 21.4 93.1 0.9988 0.00 0.0M
32760.000 1959 COM2 65 0R0 004 0.6 21.4 93.2 0.9988 0.00 0.0M
32820.000 1959 COM2 65 0R0 066 0.9 21.4 93.3 0.9988 0.00 0.0M
32880.000 1959 COM2 65 0R0 044 1.0 21.4 93.3 0.9988 0.00 0.0M
32940.000 1959 COM2 65 0R0 028 0.8 21.4 93.3 0.9989 0.00 0.0M
33000.000 1959 COM2 65 0R0 037 0.8 21.4 93.3 0.9989 0.00 0.0M
33060.000 1959 COM2 65 0R0 019 0.6 21.4 93.2 0.9989 0.00 0.0M
33120.000 1959 COM2 65 0R0 002 0.5 21.4 93.3 0.9989 0.00 0.0M
33180.000 1959 COM2 65 0R0 252 0.4 21.4 93.4 0.9989 0.00 0.0M
33240.000 1959 COM2 65 0R0 341 0.3 21.5 93.4 0.9989 0.00 0.0M
33300.000 1959 COM2 65 0R0 042 0.3 21.5 93.4 0.9989 0.00 0.0M
33360.000 1959 COM2 65 0R0 010 0.4 21.5 93.4 0.9989 0.00 0.0M
33420.000 1959 COM2 65 0R0 022 0.6 21.5 93.3 0.9989 0.00 0.0M
33480.000 1959 COM2 65 0R0 042 0.7 21.5 93.4 0.9990 0.00 0.0M
33540.000 1959 COM2 65 0R0 004 0.5 21.5 93.4 0.9990 0.00 0.0M
33600.000 1959 COM2 65 0R0 064 0.3 21.5 93.4 0.9990 0.00 0.0M
33660.000 1959 COM2 65 0R0 106 0.5 21.5 93.3 0.9990 0.00 0.0M
33720.000 1959 COM2 65 0R0 000 0.9 21.5 93.2 0.9990 0.00 0.0M
33780.000 1959 COM2 65 0R0 024 1.9 21.5 93.1 0.9990 0.00 0.0M
33840.000 1959 COM2 65 0R0 020 0.8 21.4 93.0 0.9990 0.00 0.0M
33900.000 1959 COM2 65 0R0 021 1.8 21.4 92.9 0.9990 0.00 0.0M
33960.000 1959 COM2 65 0R0 076 0.5 21.4 93.0 0.9990 0.00 0.0M
34020.100 1959 COM2 65 0R0 013 0.8 21.4 93.0 0.9990 0.00 0.0M
34080.000 1959 COM2 65 0R0 019 0.9 21.4 93.1 0.9990 0.00 0.0M
34140.000 1959 COM2 65 0R0 033 1.5 21.4 93.0 0.9990 0.00 0.0M
34200.000 1959 COM2 65 0R0 029 1.5 21.4 93.1 0.9990 0.00 0.0M
34260.000 1959 COM2 65 0R0 331 0.8 21.4 93.1 0.9991 0.00 0.0M
34320.000 1959 COM2 65 0R0 349 0.4 21.4 93.1 0.9991 0.00 0.0M
34380.000 1959 COM2 65 0R0 330 0.5 21.4 93.3 0.9991 0.00 0.0M
34440.000 1959 COM2 65 0R0 346 1.3 21.4 93.3 0.9990 0.00 0.0M
34500.000 1959 COM2 65 0R0 000 1.1 21.4 93.2 0.9990 0.00 0.0M
34560.000 1959 COM2 65 0R0 333 0.5 21.4 93.1 0.9990 0.00 0.0M
34620.000 1959 COM2 65 0R0 014 2.1 21.4 93.2 0.9989 0.00 0.0M
34680.000 1959 COM2 65 0R0 017 1.4 21.4 93.1 0.9989 0.00 0.0M
34740.000 1959 COM2 65 0R0 085 0.5 21.4 93.2 0.9989 0.00 0.0M
34800.000 1959 COM2 65 0R0 093 1.0 21.4 93.1 0.9989 0.00 0.0M
34860.000 1959 COM2 65 0R0 025 1.3 21.4 93.1 0.9989 0.00 0.0M
34920.000 1959 COM2 65 0R0 356 0.3 21.4 93.1 0.9989 0.00 0.0M
34980.000 1959 COM2 65 0R0 001 1.3 21.4 93.1 0.9989 0.00 0.0M
35040.000 1959 COM2 65 0R0 026 1.6 21.4 93.1 0.9989 0.00 0.0M
35100.000 1959 COM2 65 0R0 037 1.5 21.3 92.9 0.9989 0.00 0.0M
35160.000 1959 COM2 65 0R0 028 1.3 21.3 92.9 0.9989 0.00 0.0M
35220.000 1959 COM2 65 0R0 085 0.9 21.3 93.1 0.9989 0.00 0.0M
35280.000 1959 COM2 65 0R0 043 1.6 21.4 92.9 0.9989 0.00 0.0M
35340.000 1959 COM2 65 0R0 111 0.5 21.3 92.8 0.9989 0.00 0.0M
35400.000 1959 COM2 65 0R0 042 1.1 21.3 93.0 0.9989 0.00 0.0M
35460.000 1959 COM2 65 0R0 033 1.6 21.3 93.0 0.9989 0.00 0.0M
35520.000 1959 COM2 65 0R0 076 1.5 21.3 93.0 0.9988 0.00 0.0M
35580.000 1959 COM2 65 0R0 072 1.3 21.4 93.1 0.9988 0.00 0.0M
35640.000 1959 COM2 65 0R0 088 1.8 21.3 92.9 0.9988 0.00 0.0M
35700.000 1959 COM2 65 0R0 088 1.1 21.3 93.0 0.9988 0.00 0.0M
35760.000 1959 COM2 65 0R0 033 0.8 21.3 92.9 0.9988 0.00 0.0M
35820.000 1959 COM2 65 0R0 050 1.7 21.3 92.8 0.9989 0.00 0.0M
35880.000 1959 COM2 65 0R0 042 0.8 21.3 92.8 0.9989 0.00 0.0M
35940.000 1959 COM2 65 0R0 059 1.4 21.3 92.9 0.9989 0.00 0.0M
36000.000 1959 COM2 65 0R0 052 0.9 21.3 92.8 0.9989 0.00 0.0M
36060.000 1959 COM2 65 0R0 067 1.7 21.3 92.8 0.9989 0.00 0.0M
36120.000 1959 COM2 65 0R0 048 1.2 21.3 92.8 0.9990 0.00 0.0M
36180.000 1959 COM2 65 0R0 033 1.3 21.3 92.9 0.9990 0.00 0.0M
36240.000 1959 COM2 65 0R0 090 0.2 21.3 92.9 0.9990 0.00 0.0M
36300.000 1959 COM2 65 0R0 029 1.2 21.3 92.9 0.9990 0.00 0.0M
36360.000 1959 COM2 65 0R0 082 0.5 21.3 92.9 0.9990 0.00 0.0M
36420.000 1959 COM2 65 0R0 036 1.2 21.3 92.8 0.9990 0.00 0.0M
36480.000 1959 COM2 65 0R0 063 1.0 21.3 92.9 0.9990 0.00 0.0M
36540.000 1959 COM2 65 0R0 149 0.4 21.3 92.9 0.9990 0.00 0.0M
36600.000 1959 COM2 65 0R0 076 1.7 21.3 93.1 0.9990 0.00 0.0M
36660.000 1959 COM2 65 0R0 041 0.7 21.3 93.0 0.9990 0.00 0.0M
36720.000 1959 COM2 65 0R0 061 1.3 21.3 93.0 0.9990 0.00 0.0M
36780.000 1959 COM2 65 0R0 091 1.1 21.3 92.9 0.9990 0.00 0.0M
36840.000 1959 COM2 65 0R0 092 1.0 21.3 93.1 0.9989 0.00 0.0M
36900.000 1959 COM2 65 0R0 036 1.4 21.4 93.1 0.9989 0.00 0.0M
36960.000 1959 COM2 65 0R0 073 1.4 21.4 92.9 0.9989 0.00 0.0M
37020.000 1959 COM2 65 0R0 066 1.7 21.4 92.9 0.9990 0.00 0.0M
37080.000 1959 COM2 65 0R0 061 1.5 21.4 92.9 0.9990 0.00 0.0M
37140.000 1959 COM2 65 0R0 085 1.1 21.4 93.1 0.9990 0.00 0.0M
37200.000 1959 COM2 65 0R0 044 1.6 21.4 93.1 0.9990 0.00 0.0M
37260.000 1959 COM2 65 0R0 029 1.3 21.4 93.0 0.9989 0.00 0.0M
37320.000 1959 COM2 65 0R0 076 2.2 21.4 93.0 0.9989 0.00 0.0M
37380.000 1959 COM2 65 0R0 066 3.0 21.3 92.2 0.9989 0.00 0.0M
37440.100 1959 COM2 65 0R0 058 2.8 21.3 92.3 0.9989 0.00 0.0M
37500.000 1959 COM2 65 0R0 338 0.7 21.3 92.4 0.9989 0.00 0.0M
37560.000 1959 COM2 65 0R0 018 0.6 21.3 92.2 0.9989 0.00 0.0M
37620.000 1959 COM2 65 0R0 051 1.8 21.2 91.8 0.9989 0.00 0.0M
37680.000 1959 COM2 65 0R0 065 0.3 21.3 92.1 0.9989 0.00 0.0M
37740.000 1959 COM2 65 0R0 028 1.1 21.3 92.3 0.9989 0.00 0.0M
37800.000 1959 COM2 65 0R0 030 0.6 21.3 92.2 0.9989 0.00 0.0M
37860.000 1959 COM2 65 0R0 027 0.6 21.3 91.9 0.9989 0.00 0.0M
37920.000 1959 COM2 65 0R0 328 0.3 21.3 92.0 0.9988 0.00 0.0M
37980.000 1959 COM2 65 0R0 037 1.2 21.3 91.6 0.9988 0.00 0.0M
38040.000 1959 COM2 65 0R0 315 0.2 21.3 91.4 0.9988 0.00 0.0M
38100.000 1959 COM2 65 0R0 105 0.3 21.3 91.4 0.9988 0.00 0.0M
38160.000 1959 COM2 65 0R0 058 0.5 21.3 91.5 0.9988 0.00 0.0M
38220.000 1959 COM2 65 0R0 053 0.6 21.4 90.5 0.9988 0.00 0.0M
38280.000 1959 COM2 65 0R0 072 0.3 21.4 90.6 0.9988 0.00 0.0M
38340.000 1959 COM2 65 0R0 091 0.8 21.4 90.5 0.9988 0.00 0.0M
38400.000 1959 COM2 65 0R0 146 0.2 21.4 90.6 0.9988 0.00 0.0M
38460.000 1959 COM2 65 0R0 095 0.9 21.5 89.8 0.9988 0.00 0.0M
38520.000 1959 COM2 65 0R0 100 1.6 21.5 89.4 0.9988 0.00 0.0M
38580.000 1959 COM2 65 0R0 160 0.3 21.5 88.3 0.9988 0.00 0.0M
38640.000 1959 COM2 65 0R0 098 1.2 21.5 89.0 0.9988 0.00 0.0M
38700.000 1959 COM2 65 0R0 097 1.1 21.5 88.6 0.9988 0.00 0.0M
38760.000 1959 COM2 65 0R0 104 0.7 21.5 88.9 0.9988 0.00 0.0M
38820.000 1959 COM2 65 0R0 256 0.2 21.5 89.6 0.9988 0.00 0.0M
38880.000 1959 COM2 65 0R0 074 0.3 21.5 89.6 0.9988 0.00 0.0M
38940.000 1959 COM2 65 0R0 054 1.2 21.5 89.4 0.9988 0.00 0.0M
39000.000 1959 COM2 65 0R0 117 0.6 21.5 89.6 0.9988 0.00 0.0M
39060.000 1959 COM2 65 0R0 136 0.1 21.5 90.0 0.9988 0.00 0.0M
39120.000 1959 COM2 65 0R0 091 0.7 21.5 88.6 0.9988 0.00 0.0M
39180.000 1959 COM2 65 0R0 048 1.3 21.5 89.6 0.9988 0.00 0.0M
39240.000 1959 COM2 65 0R0 113 0.3 21.5 89.1 0.9988 0.00 0.0M
39300.000 1959 COM2 65 0R0 064 1.2 21.4 89.5 0.9988 0.00 0.0M
39360.000 1959 COM2 65 0R0 048 1.1 21.5 89.3 0.9989 0.00 0.0M
39420.000 1959 COM2 65 0R0 045 1.0 21.4 89.0 0.9989 0.00 0.0M
39480.000 1959 COM2 65 0R0 091 0.9 21.4 88.9 0.9989 0.00 0.0M
39540.000 1959 COM2 65 0R0 093 1.4 21.4 88.9 0.9989 0.00 0.0M
39600.000 1959 COM2 65 0R0 120 0.9 21.4 89.0 0.9989 0.00 0.0M
39660.000 1959 COM2 65 0R0 076 0.7 21.4 89.1 0.9990 0.00 0.0M
39720.000 1959 COM2 65 0R0 087 1.3 21.4 88.8 0.9990 0.00 0.0M
39780.000 1959 COM2 65 0R0 099 0.4 21.4 88.9 0.9990 0.00 0.0M
39840.000 1959 COM2 65 0R0 140 0.3 21.4 89.0 0.9990 0.00 0.0M
39900.000 1959 COM2 65 0R0 086 0.4 21.4 89.2 0.9990 0.00 0.0M
39960.000 1959 COM2 65 0R0 087 0.4 21.4 88.8 0.9990 0.00 0.0M
40020.100 1959 COM2 65 0R0 022 0.7 21.4 89.1 0.9990 0.00 0.0M
40080.000 1959 COM2 65 0R0 086 0.7 21.4 89.1 0.9990 0.00 0.0M
40140.000 1959 COM2 65 0R0 002 0.3 21.4 89.6 0.9990 0.00 0.0M
40200.000 1959 COM2 65 0R0 043 1.5 21.4 89.9 0.9991 0.00 0.0M
40260.000 1959 COM2 65 0R0 044 1.6 21.3 89.5 0.9991 0.00 0.0M
40320.000 1959 COM2 65 0R0 042 1.3 21.3 89.9 0.9991 0.00 0.0M
40380.000 1959 COM2 65 0R0 063 0.8 21.3 90.1 0.9992 0.00 0.0M
40440.000 1959 COM2 65 0R0 061 1.0 21.2 90.5 0.9992 0.00 0.0M
40500.000 1959 COM2 65 0R0 040 0.4 21.2 90.9 0.9992 0.00 0.0M
40560.000 1959 COM2 65 0R0 126 0.3 21.2 91.1 0.9993 0.00 0.0M
40620.000 1959 COM2 65 0R0 071 0.9 21.2 91.1 0.9993 0.00 0.0M
40680.000 1959 COM2 65 0R0 084 0.6 21.3 91.3 0.9993 0.00 0.0M
40740.000 1959 COM2 65 0R0 023 0.5 21.3 91.2 0.9993 0.00 0.0M
40800.000 1959 COM2 65 0R0 027 1.0 21.2 91.2 0.9993 0.00 0.0M
40860.000 1959 COM2 65 0R0 145 0.2 21.2 91.3 0.9993 0.00 0.0M
40920.100 1959 COM2 65 0R0 086 0.4 21.2 91.3 0.9993 0.00 0.0M
40980.000 1959 COM2 65 0R0 089 1.8 21.2 91.1 0.9993 0.00 0.0M
41040.000 1959 COM2 65 0R0 054 0.3 21.2 91.3 0.9993 0.00 0.0M
41100.000 1959 COM2 65 0R0 073 1.7 21.2 91.5 0.9993 0.00 0.0M
41160.000 1959 COM2 65 0R0 057 2.0 21.2 91.0 0.9993 0.00 0.0M
41220.000 1959 COM2 65 0R0 069 2.1 21.1 91.3 0.9993 0.00 0.0M
41280.000 1959 COM2 65 0R0 001 0.4 21.1 91.5 0.9993 0.00 0.0M
41340.000 1959 COM2 65 0R0 054 1.4 21.1 91.6 0.9993 0.00 0.0M
41400.000 1959 COM2 65 0R0 097 0.6 21.1 91.7 0.9992 0.00 0.0M
41460.000 1959 COM2 65 0R0 042 0.9 21.1 91.8 0.9993 0.00 0.0M
41520.000 1959 COM2 65 0R0 074 2.0 21.1 91.7 0.9993 0.00 0.0M
41580.000 1959 COM2 65 0R0 077 1.7 21.1 91.9 0.9993 0.00 0.0M
41640.000 1959 COM2 65 0R0 050 2.5 21.1 91.8 0.9993 0.00 0.0M
41700.100 1959 COM2 65 0R0 035 0.7 21.1 92.0 0.9993 0.00 0.0M
41760.100 1959 COM2 65 0R0 047 1.5 21.1 92.2 0.9994 0.00 0.0M
41820.100 1959 COM2 65 0R0 060 0.4 21.1 92.4 0.9994 0.00 0.0M
41880.100 1959 COM2 65 0R0 068 2.6 21.2 92.3 0.9994 0.00 0.0M
41940.100 1959 COM2 65 0R0 024 1.1 21.2 92.2 0.9994 0.00 0.0M
42000.000 1959 COM2 65 0R0 067 1.0 21.2 92.4 0.9994 0.00 0.0M
42060.000 1959 COM2 65 0R0 051 1.4 21.2 92.2 0.9994 0.00 0.0M
42120.000 1959 COM2 65 0R0 033 0.6 21.3 92.3 0.9994 0.00 0.0M
42180.100 1959 COM2 65 0R0 048 1.5 21.3 92.0 0.9994 0.00 0.0M
42240.000 1959 COM2 65 0R0 043 1.5 21.3 92.0 0.9994 0.00 0.0M
42300.100 1959 COM2 65 0R0 034 1.4 21.3 92.1 0.9994 0.00 0.0M
42360.100 1959 COM2 65 0R0 041 1.9 21.3 91.9 0.9994 0.00 0.0M
42420.000 1959 COM2 65 0R0 017 0.7 21.3 91.9 0.9995 0.00 0.0M
42480.000 1959 COM2 65 0R0 312 0.2 21.3 92.1 0.9995 0.00 0.0M
42540.000 1959 COM2 65 0R0 079 0.7 21.3 92.4 0.9995 0.00 0.0M
42600.000 1959 COM2 65 0R0 170 0.2 21.3 92.5 0.9995 0.00 0.0M
42660.000 1959 COM2 65 0R0 082 1.2 21.3 91.9 0.9995 0.00 0.0M
42720.100 1959 COM2 65 0R0 169 0.3 21.3 91.9 0.9995 0.00 0.0M
42780.000 1959 COM2 65 0R0 117 0.1 21.4 91.8 0.9996 0.00 0.0M
42840.100 1959 COM2 65 0R0 346 0.3 21.4 91.9 0.9996 0.00 0.0M
42900.000 1959 COM2 65 0R0 118 0.6 21.5 91.9 0.9996 0.00 0.0M
42960.000 1959 COM2 65 0R0 353 0.3 21.5 91.4 0.9997 0.00 0.0M
43020.000 1959 COM2 65 0R0 129 0.9 21.6 91.4 0.9997 0.00 0.0M
43080.000 1959 COM2 65 0R0 207 0.3 21.6 91.1 0.9997 0.00 0.0M
43140.000 1959 COM2 65 0R0 093 0.8 21.6 90.5 0.9997 0.00 0.0M
43200.000 1959 COM2 65 0R0 104 2.3 21.7 90.3 0.9997 0.00 0.0M
43260.000 1959 COM2 65 0R0 093 2.0 21.7 89.5 0.9997 0.00 0.0M
43320.000 1959 COM2 65 0R0 126 1.0 21.6 89.9 0.9997 0.00 0.0M
43380.000 1959 COM2 65 0R0 078 0.2 21.6 90.3 0.9997 0.00 0.0M
43440.000 1959 COM2 65 0R0 147 0.3 21.7 90.0 0.9997 0.00 0.0M
43500.000 1959 COM2 65 0R0 052 0.4 21.7 90.0 0.9998 0.00 0.0M
43560.000 1959 COM2 65 0R0 177 0.2 21.7 90.2 0.9998 0.00 0.0M
43620.000 1959 COM2 65 0R0 100 0.6 21.7 89.7 0.9998 0.00 0.0M
43680.000 1959 COM2 65 0R0 108 1.0 21.8 88.8 0.9998 0.00 0.0M
43740.000 1959 COM2 65 0R0 053 0.8 21.7 89.1 0.9999 0.00 0.0M
43800.000 1959 COM2 65 0R0 102 0.6 21.7 88.9 0.9999 0.00 0.0M
43860.000 1959 COM2 65 0R0 095 1.0 21.7 88.8 0.9999 0.00 0.0M
43920.000 1959 COM2 65 0R0 134 0.4 21.7 89.2 0.9999 0.00 0.0M
43980.000 1959 COM2 65 0R0 157 0.3 21.7 89.2 0.9999 0.00 0.0M
44040.000 1959 COM2 65 0R0 137 0.4 21.7 89.2 1.0000 0.00 0.0M
44100.000 1959 COM2 65 0R0 107 1.3 21.8 89.0 1.0000 0.00 0.0M
44160.000 1959 COM2 65 0R0 096 0.9 21.8 88.2 1.0000 0.00 0.0M
44220.000 1959 COM2 65 0R0 098 1.1 21.8 88.8 1.0000 0.00 0.0M
44280.000 1959 COM2 65 0R0 097 1.2 21.8 88.7 1.0001 0.00 0.0M
44340.000 1959 COM2 65 0R0 093 1.3 21.8 88.6 1.0001 0.00 0.0M
44400.000 1959 COM2 65 0R0 104 0.8 21.8 88.7 1.0001 0.00 0.0M
44460.000 1959 COM2 65 0R0 108 0.8 21.7 88.8 1.0001 0.00 0.0M
44520.000 1959 COM2 65 0R0 065 1.1 21.7 89.1 1.0002 0.00 0.0M
44580.000 1959 COM2 65 0R0 038 0.2 21.7 89.6 1.0002 0.00 0.0M
44640.000 1959 COM2 65 0R0 011 0.5 21.7 89.9 1.0003 0.00 0.0M
44700.000 1959 COM2 65 0R0 317 0.6 21.8 90.3 1.0002 0.00 0.0M
44760.000 1959 COM2 65 0R0 038 0.4 21.8 90.2 1.0002 0.00 0.0M
44820.000 1959 COM2 65 0R0 051 1.2 21.9 89.3 1.0002 0.00 0.0M
44880.000 1959 COM2 65 0R0 045 1.7 21.8 89.8 1.0001 0.00 0.0M
44940.000 1959 COM2 65 0R0 104 0.4 21.8 90.1 1.0001 0.00 0.0M
45000.000 1959 COM2 65 0R0 042 0.7 21.8 90.3 1.0001 0.00 0.0M
45060.000 1959 COM2 65 0R0 139 0.5 21.8 90.5 1.0002 0.00 0.0M
45120.000 1959 COM2 65 0R0 053 0.8 21.8 90.5 1.0002 0.00 0.0M
45180.000 1959 COM2 65 0R0 350 0.3 21.9 90.6 1.0002 0.00 0.0M
45240.000 1959 COM2 65 0R0 041 0.4 21.9 90.4 1.0002 0.00 0.0M
45300.000 1959 COM2 65 0R0 007 0.3 21.9 90.6 1.0002 0.00 0.0M
45360.100 1959 COM2 65 0R0 038 1.5 21.9 90.2 1.0002 0.00 0.0M
45420.000 1959 COM2 65 0R0 357 0.6 21.8 90.1 1.0002 0.00 0.0M
45480.000 1959 COM2 65 0R0 046 1.7 21.8 90.1 1.0002 0.00 0.0M
45540.000 1959 COM2 65 0R0 065 0.9 21.9 90.2 1.0003 0.00 0.0M
45600.000 1959 COM2 65 0R0 058 1.7 21.9 90.3 1.0003 0.00 0.0M
45660.000 1959 COM2 65 0R0 000 1.2 21.9 90.3 1.0003 0.00 0.0M
45720.000 1959 COM2 65 0R0 063 0.7 21.9 90.5 1.0003 0.00 0.0M
45780.000 1959 COM2 65 0R0 038 2.1 21.9 89.7 1.0003 0.00 0.0M
45840.000 1959 COM2 65 0R0 053 2.1 21.9 89.7 1.0003 0.00 0.0M
45900.000 1959 COM2 65 0R0 040 1.9 21.9 89.7 1.0003 0.00 0.0M
45960.000 1959 COM2 65 0R0 018 0.6 21.9 89.7 1.0003 0.00 0.0M
46020.000 1959 COM2 65 0R0 064 0.5 21.8 89.9 1.0003 0.00 0.0M
46080.000 1959 COM2 65 0R0 041 1.3 21.8 90.1 1.0003 0.00 0.0M
46140.000 1959 COM2 65 0R0 057 1.0 21.9 89.8 1.0003 0.00 0.0M
46200.000 1959 COM2 65 0R0 080 1.0 21.9 89.2 1.0003 0.00 0.0M
46260.000 1959 COM2 65 0R0 054 0.7 21.9 89.6 1.0003 0.00 0.0M
46320.000 1959 COM2 65 0R0 043 0.7 21.9 89.7 1.0003 0.00 0.0M
46380.000 1959 COM2 65 0R0 092 0.5 21.9 89.9 1.0003 0.00 0.0M
46440.000 1959 COM2 65 0R0 031 1.5 21.9 89.3 1.0002 0.00 0.0M
46500.000 1959 COM2 65 0R0 071 0.7 22.0 89.1 1.0002 0.00 0.0M
46560.000 1959 COM2 65 0R0 051 0.2 22.0 89.2 1.0002 0.00 0.0M
46620.000 1959 COM2 65 0R0 133 0.3 22.0 89.2 1.0002 0.00 0.0M
46680.000 1959 COM2 65 0R0 134 0.5 22.1 88.6 1.0002 0.00 0.0M
46740.000 1959 COM2 65 0R0 022 1.1 22.1 87.2 1.0002 0.00 0.0M
46800.000 1959 COM2 65 0R0 048 1.7 22.1 87.4 1.0003 0.00 0.0M
46860.000 1959 COM2 65 0R0 072 1.0 22.1 88.4 1.0003 0.00 0.0M
46920.000 1959 COM2 65 0R0 355 1.2 22.1 88.0 1.0003 0.00 0.0M
46980.000 1959 COM2 65 0R0 053 0.8 22.1 88.4 1.0003 0.00 0.0M
47040.000 1959 COM2 65 0R0 046 0.4 22.1 88.9 1.0004 0.00 0.0M
47100.000 1959 COM2 65 0R0 039 2.5 22.1 88.8 1.0004 0.00 0.0M
47160.000 1959 COM2 65 0R0 025 2.1 22.1 88.4 1.0004 0.00 0.0M
47220.000 1959 COM2 65 0R0 035 2.2 22.1 88.8 1.0004 0.00 0.0M
47280.000 1959 COM2 65 0R0 355 0.8 22.1 89.5 1.0004 0.00 0.0M
47340.000 1959 COM2 65 0R0 051 0.2 22.1 90.0 1.0003 0.00 0.0M
47400.000 1959 COM2 65 0R0 082 1.0 22.1 90.0 1.0003 0.00 0.0M
47460.000 1959 COM2 65 0R0 063 1.4 22.1 90.0 1.0003 0.00 0.0M
47520.000 1959 COM2 65 0R0 090 0.5 22.1 90.1 1.0003 0.00 0.0M
47580.000 1959 COM2 65 0R0 041 1.8 22.1 89.9 1.0003 0.00 0.0M
47640.000 1959 COM2 65 0R0 034 0.9 22.1 90.3 1.0003 0.00 0.0M
47700.000 1959 COM2 65 0R0 026 2.9 22.2 90.0 1.0002 0.00 0.0M
47760.000 1959 COM2 65 0R0 038 2.0 22.2 90.0 1.0002 0.00 0.0M
47820.000 1959 COM2 65 0R0 051 0.6 22.2 90.1 1.0002 0.00 0.0M
47880.000 1959 COM2 65 0R0 030 1.9 22.2 90.2 1.0002 0.00 0.0M
47940.000 1959 COM2 65 0R0 036 2.6 22.2 89.6 1.0002 0.00 0.0M
48000.000 1959 COM2 65 0R0 342 0.9 22.2 89.7 1.0003 0.00 0.0M
48060.000 1959 COM2 65 0R0 017 2.0 22.2 89.1 1.0003 0.00 0.0M
48120.000 1959 COM2 65 0R0 015 0.2 22.3 89.8 1.0003 0.00 0.0M
48180.000 1959 COM2 65 0R0 059 0.7 22.3 88.6 1.0003 0.00 0.0M
48240.000 1959 COM2 65 0R0 054 2.3 22.4 86.7 1.0003 0.00 0.0M
48300.000 1959 COM2 65 0R0 163 0.3 22.4 87.5 1.0003 0.00 0.0M
48360.000 1959 COM2 65 0R0 044 1.5 22.4 86.8 1.0003 0.00 0.0M
48420.000 1959 COM2 65 0R0 053 1.6 22.5 86.1 1.0003 0.00 0.0M
48480.000 1959 COM2 65 0R0 032 3.2 22.4 85.3 1.0003 0.00 0.0M
48540.000 1959 COM2 65 0R0 038 1.7 22.4 86.0 1.0004 0.00 0.0M
48600.000 1959 COM2 65 0R0 048 0.6 22.4 86.5 1.0004 0.00 0.0M
48660.000 1959 COM2 65 0R0 034 3.2 22.5 85.1 1.0004 0.00 0.0M
48720.000 1959 COM2 65 0R0 051 1.4 22.4 86.3 1.0004 0.00 0.0M
48780.000 1959 COM2 65 0R0 040 1.9 22.5 86.4 1.0004 0.00 0.0M
48840.000 1959 COM2 65 0R0 031 1.5 22.5 86.0 1.0004 0.00 0.0M
48900.000 1959 COM2 65 0R0 035 3.4 22.5 84.8 1.0004 0.00 0.0M
48960.000 1959 COM2 65 0R0 065 2.6 22.5 85.6 1.0003 0.00 0.0M
49020.000 1959 COM2 65 0R0 077 2.8 22.5 85.3 1.0003 0.00 0.0M
49080.000 1959 COM2 65 0R0 054 3.2 22.5 83.8 1.0003 0.00 0.0M
49140.000 1959 COM2 65 0R0 022 0.4 22.5 84.8 1.0003 0.00 0.0M
49200.000 1959 COM2 65 0R0 055 2.7 22.6 84.5 1.0003 0.00 0.0M
49260.000 1959 COM2 65 0R0 060 1.2 22.6 83.9 1.0003 0.00 0.0M
49320.000 1959 COM2 65 0R0 354 1.0 22.6 85.1 1.0003 0.00 0.0M
49380.000 1959 COM2 65 0R0 078 0.3 22.7 85.6 1.0003 0.00 0.0M
49440.000 1959 COM2 65 0R0 126 2.2 22.9 84.1 1.0003 0.00 0.0M
49500.000 1959 COM2 65 0R0 083 1.4 23.0 84.2 1.0003 0.00 0.0M
49560.000 1959 COM2 65 0R0 058 1.1 23.1 80.1 1.0003 0.00 0.0M
49620.000 1959 COM2 65 0R0 095 3.3 23.2 76.3 1.0003 0.00 0.0M
49680.000 1959 COM2 65 0R0 100 1.7 23.2 76.3 1.0002 0.00 0.0M
49740.000 1959 COM2 65 0R0 110 2.1 23.2 78.4 1.0002 0.00 0.0M
49800.000 1959 COM2 65 0R0 083 1.7 23.3 78.5 1.0002 0.00 0.0M
49860.000 1959 COM2 65 0R0 121 2.0 23.4 78.6 1.0003 0.00 0.0M
49920.000 1959 COM2 65 0R0 073 1.6 23.5 76.5 1.0003 0.00 0.0M
49980.000 1959 COM2 65 0R0 096 3.6 23.4 76.9 1.0002 0.00 0.0M
50040.000 1959 COM2 65 0R0 093 3.6 23.4 76.0 1.0003 0.00 0.0M
50100.000 1959 COM2 65 0R0 102 3.8 23.3 77.6 1.0003 0.00 0.0M
50160.000 1959 COM2 65 0R0 099 2.2 23.3 76.5 1.0003 0.00 0.0M
50220.100 1959 COM2 65 0R0 108 1.4 23.3 77.8 1.0004 0.00 0.0M
50280.000 1959 COM2 65 0R0 090 2.0 23.3 78.6 1.0004 0.00 0.0M
50340.000 1959 COM2 65 0R0 054 2.8 23.3 73.9 1.0004 0.00 0.0M
50400.000 1959 COM2 65 0R0 053 2.8 23.3 75.7 1.0005 0.00 0.0M
50460.000 1959 COM2 65 0R0 100 0.9 23.3 77.0 1.0005 0.00 0.0M
50520.000 1959 COM2 65 0R0 054 2.7 23.3 74.8 1.0005 0.00 0.0M
50580.000 1959 COM2 65 0R0 099 2.1 23.3 76.5 1.0005 0.00 0.0M
50640.000 1959 COM2 65 0R0 173 0.5 23.3 76.6 1.0005 0.00 0.0M
50700.000 1959 COM2 65 0R0 100 1.5 23.4 76.7 1.0005 0.00 0.0M
50760.000 1959 COM2 65 0R0 095 2.1 23.4 76.6 1.0005 0.00 0.0M
50820.000 1959 COM2 65 0R0 032 0.9 23.4 77.2 1.0006 0.00 0.0M
50880.000 1959 COM2 65 0R0 026 2.4 23.5 74.9 1.0006 0.00 0.0M
50940.000 1959 COM2 65 0R0 058 1.2 23.5 75.8 1.0006 0.00 0.0M
51000.000 1959 COM2 65 0R0 126 0.4 23.5 77.6 1.0006 0.00 0.0M
51060.000 1959 COM2 65 0R0 067 0.9 23.5 77.4 1.0006 0.00 0.0M
51120.000 1959 COM2 65 0R0 071 1.0 23.5 75.5 1.0006 0.00 0.0M
51180.000 1959 COM2 65 0R0 064 2.2 23.5 75.5 1.0005 0.00 0.0M
51240.000 1959 COM2 65 0R0 076 2.0 23.4 75.2 1.0005 0.00 0.0M
51300.000 1959 COM2 65 0R0 094 1.4 23.3 75.2 1.0005 0.00 0.0M
51360.000 1959 COM2 65 0R0 074 2.2 23.3 75.8 1.0005 0.00 0.0M
51420.000 1959 COM2 65 0R0 086 1.2 23.3 76.5 1.0005 0.00 0.0M
51480.000 1959 COM2 65 0R0 093 2.0 23.4 75.2 1.0005 0.00 0.0M
51540.000 1959 COM2 65 0R0 092 1.9 23.4 75.0 1.0005 0.00 0.0M
51600.000 1959 COM2 65 0R0 102 1.8 23.5 74.0 1.0006 0.00 0.0M
51660.000 1959 COM2 65 0R0 102 2.7 23.5 73.9 1.0006 0.00 0.0M
51720.000 1959 COM2 65 0R0 086 2.2 23.5 74.6 1.0006 0.00 0.0M
51780.000 1959 COM2 65 0R0 096 1.8 23.5 74.5 1.0007 0.00 0.0M
51840.000 1959 COM2 65 0R0 095 3.2 23.5 73.2 1.0007 0.00 0.0M
51900.000 1959 COM2 65 0R0 089 2.2 23.5 73.5 1.0007 0.00 0.0M
51960.000 1959 COM2 65 0R0 193 0.7 23.5 75.9 1.0007 0.00 0.0M
52020.000 1959 COM2 65 0R0 095 3.3 23.5 70.5 1.0007 0.00 0.0M
52080.000 1959 COM2 65 0R0 067 1.5 23.4 72.3 1.0007 0.00 0.0M
52140.000 1959 COM2 65 0R0 085 0.3 23.5 73.2 1.0008 0.00 0.0M
52200.000 1959 COM2 65 0R0 081 0.4 23.5 73.3 1.0008 0.00 0.0M
52260.000 1959 COM2 65 0R0 340 0.4 23.5 72.7 1.0008 0.00 0.0M
52320.000 1959 COM2 65 0R0 308 0.2 23.6 73.5 1.0009 0.00 0.0M
52380.000 1959 COM2 65 0R0 121 1.3 23.8 72.1 1.0009 0.00 0.0M
52440.000 1959 COM2 65 0R0 149 1.0 23.9 70.6 1.0009 0.00 0.0M
52500.000 1959 COM2 65 0R0 104 0.7 24.0 70.7 1.0010 0.00 0.0M
52560.000 1959 COM2 65 0R0 154 0.4 24.1 70.6 1.0010 0.00 0.0M
52620.000 1959 COM2 65 0R0 315 0.2 24.0 70.9 1.0009 0.00 0.0M
52680.000 1959 COM2 65 0R0 090 0.3 24.1 71.1 1.0009 0.00 0.0M
52740.000 1959 COM2 65 0R0 123 1.9 24.2 70.2 1.0009 0.00 0.0M
52800.000 1959 COM2 65 0R0 066 0.6 24.2 70.4 1.0009 0.00 0.0M
52860.000 1959 COM2 65 0R0 116 1.4 24.2 71.7 1.0009 0.00 0.0M
52920.000 1959 COM2 65 0R0 098 0.5 24.2 70.7 1.0009 0.00 0.0M
52980.000 1959 COM2 65 0R0 090 2.4 24.3 69.8 1.0009 0.00 0.0M
53040.000 1959 COM2 65 0R0 098 1.3 24.3 69.0 1.0009 0.00 0.0M
53100.000 1959 COM2 65 0R0 088 0.5 24.1 70.4 1.0009 0.00 0.0M
53160.000 1959 COM2 65 0R0 091 1.8 24.1 70.5 1.0009 0.00 0.0M
53220.100 1959 COM2 65 0R0 095 1.8 24.1 70.9 1.0009 0.00 0.0M
53280.000 1959 COM2 65 0R0 128 2.1 24.0 71.5 1.0009 0.00 0.0M
53340.000 1959 COM2 65 0R0 073 1.4 24.0 73.0 1.0009 0.00 0.0M
53400.000 1959 COM2 65 0R0 072 0.8 23.9 74.4 1.0009 0.00 0.0M
53460.000 1959 COM2 65 0R0 020 1.1 24.0 74.4 1.0009 0.00 0.0M
53520.000 1959 COM2 65 0R0 096 0.5 24.2 74.7 1.0009 0.00 0.0M
53580.000 1959 COM2 65 0R0 125 0.7 24.4 74.3 1.0009 0.00 0.0M
53640.000 1959 COM2 65 0R0 116 1.8 24.6 71.4 1.0009 0.00 0.0M
53700.000 1959 COM2 65 0R0 116 1.3 24.8 72.2 1.0009 0.00 0.0M
53760.000 1959 COM2 65 0R0 172 0.8 24.7 71.4 1.0010 0.00 0.0M
53820.000 1959 COM2 65 0R0 057 2.0 24.7 68.5 1.0010 0.00 0.0M
53880.000 1959 COM2 65 0R0 050 2.0 24.5 69.1 1.0010 0.00 0.0M
53940.000 1959 COM2 65 0R0 038 1.7 24.4 70.0 1.0010 0.00 0.0M
54000.000 1959 COM2 65 0R0 139 0.4 24.4 71.1 1.0010 0.00 0.0M
54060.000 1959 COM2 65 0R0 130 0.5 24.5 71.3 1.0010 0.00 0.0M
54120.000 1959 COM2 65 0R0 271 0.2 24.8 70.1 1.0010 0.00 0.0M
54180.000 1959 COM2 65 0R0 051 0.4 25.0 69.5 1.0009 0.00 0.0M
54240.000 1959 COM2 65 0R0 094 1.1 25.3 69.0 1.0009 0.00 0.0M
54300.000 1959 COM2 65 0R0 083 2.0 25.3 66.9 1.0009 0.00 0.0M
54360.000 1959 COM2 65 0R0 076 1.2 25.0 68.2 1.0009 0.00 0.0M
54420.000 1959 COM2 65 0R0 112 0.8 24.8 69.1 1.0009 0.00 0.0M
54480.000 1959 COM2 65 0R0 081 2.1 24.8 68.5 1.0009 0.00 0.0M
54540.000 1959 COM2 65 0R0 019 0.4 24.7 69.4 1.0009 0.00 0.0M
54600.000 1959 COM2 65 0R0 101 0.6 24.6 69.4 1.0009 0.00 0.0M
54660.000 1959 COM2 65 0R0 356 0.7 24.7 70.5 1.0009 0.00 0.0M
54720.000 1959 COM2 65 0R0 197 0.2 24.8 70.4 1.0009 0.00 0.0M
54780.000 1959 COM2 65 0R0 081 0.5 25.0 69.0 1.0009 0.00 0.0M
54840.000 1959 COM2 65 0R0 098 0.8 25.2 69.1 1.0009 0.00 0.0M
54900.000 1959 COM2 65 0R0 122 0.6 25.2 68.5 1.0009 0.00 0.0M
54960.000 1959 COM2 65 0R0 142 1.1 25.3 67.8 1.0009 0.00 0.0M
55020.000 1959 COM2 65 0R0 110 3.3 25.2 62.7 1.0009 0.00 0.0M
55080.000 1959 COM2 65 0R0 117 2.8 25.0 63.9 1.0009 0.00 0.0M
55140.000 1959 COM2 65 0R0 136 1.6 24.7 65.3 1.0009 0.00 0.0M
55200.000 1959 COM2 65 0R0 083 2.8 24.6 64.9 1.0008 0.00 0.0M
55260.000 1959 COM2 65 0R0 102 1.2 24.5 65.2 1.0008 0.00 0.0M
55320.100 1959 COM2 65 0R0 099 1.3 24.6 66.1 1.0008 0.00 0.0M
55380.000 1959 COM2 65 0R0 127 3.0 24.8 64.2 1.0008 0.00 0.0M
55440.000 1959 COM2 65 0R0 098 0.8 24.8 64.4 1.0008 0.00 0.0M
55500.000 1959 COM2 65 0R0 126 2.3 25.0 64.8 1.0009 0.00 0.0M
55560.000 1959 COM2 65 0R0 097 2.4 25.2 64.5 1.0009 0.00 0.0M
55620.000 1959 COM2 65 0R0 124 1.6 25.2 63.8 1.0009 0.00 0.0M
55680.000 1959 COM2 65 0R0 257 0.1 25.2 64.4 1.0009 0.00 0.0M
55740.000 1959 COM2 65 0R0 160 2.3 25.4 64.2 1.0009 0.00 0.0M
55800.000 1959 COM2 65 0R0 088 0.7 25.5 63.5 1.0009 0.00 0.0M
55860.000 1959 COM2 65 0R0 082 1.9 25.7 63.2 1.0010 0.00 0.0M
55920.000 1959 COM2 65 0R0 095 1.8 25.6 62.5 1.0010 0.00 0.0M
55980.000 1959 COM2 65 0R0 092 1.3 25.4 63.5 1.0010 0.00 0.0M
56040.000 1959 COM2 65 0R0 102 1.6 25.2 63.1 1.0010 0.00 0.0M
56100.000 1959 COM2 65 0R0 343 0.6 25.1 63.1 1.0010 0.00 0.0M
56160.000 1959 COM2 65 0R0 335 0.2 25.1 65.2 1.0010 0.00 0.0M
56220.000 1959 COM2 65 0R0 083 0.8 25.2 64.0 1.0010 0.00 0.0M
56280.000 1959 COM2 65 0R0 104 1.7 25.2 64.1 1.0010 0.00 0.0M
56340.000 1959 COM2 65 0R0 110 0.4 25.3 64.9 1.0010 0.00 0.0M
56400.000 1959 COM2 65 0R0 101 0.4 25.5 65.3 1.0010 0.00 0.0M
56460.000 1959 COM2 65 0R0 331 0.4 25.5 62.9 1.0010 0.00 0.0M
56520.000 1959 COM2 65 0R0 073 2.4 25.5 63.1 1.0010 0.00 0.0M
56580.000 1959 COM2 65 0R0 093 1.3 25.4 64.0 1.0010 0.00 0.0M
56640.000 1959 COM2 65 0R0 076 0.4 25.3 64.0 1.0010 0.00 0.0M
56700.000 1959 COM2 65 0R0 029 0.3 25.4 64.2 1.0010 0.00 0.0M
56760.000 1959 COM2 65 0R0 049 0.6 25.5 63.7 1.0009 0.00 0.0M
56820.000 1959 COM2 65 0R0 047 1.2 25.6 63.6 1.0009 0.00 0.0M
56880.000 1959 COM2 65 0R0 055 2.2 25.7 62.1 1.0010 0.00 0.0M
56940.000 1959 COM2 65 0R0 094 1.4 25.6 62.9 1.0010 0.00 0.0M
57000.000 1959 COM2 65 0R0 025 1.5 25.5 62.6 1.0010 0.00 0.0M
57060.000 1959 COM2 65 0R0 003 1.0 25.4 62.5 1.0010 0.00 0.0M
57120.000 1959 COM2 65 0R0 035 0.4 25.4 63.9 1.0010 0.00 0.0M
57180.000 1959 COM2 65 0R0 066 1.2 25.5 62.7 1.0010 0.00 0.0M
57240.000 1959 COM2 65 0R0 035 1.5 25.4 63.7 1.0010 0.00 0.0M
57300.000 1959 COM2 65 0R0 060 0.7 25.3 64.2 1.0010 0.00 0.0M
57360.000 1959 COM2 65 0R0 103 1.0 25.2 64.9 1.0010 0.00 0.0M
57420.000 1959 COM2 65 0R0 104 0.7 25.2 65.0 1.0010 0.00 0.0M
57480.000 1959 COM2 65 0R0 089 1.3 25.3 65.5 1.0010 0.00 0.0M
57540.000 1959 COM2 65 0R0 052 1.7 25.3 64.7 1.0010 0.00 0.0M
57600.000 1959 COM2 65 0R0 027 0.7 25.3 66.3 1.0010 0.00 0.0M
57660.000 1959 COM2 65 0R0 052 2.4 25.5 63.3 1.0010 0.00 0.0M
57720.000 1959 COM2 65 0R0 045 3.5 25.3 64.3 1.0010 0.00 0.0M
57780.000 1959 COM2 65 0R0 108 1.5 25.2 64.3 1.0010 0.00 0.0M
57840.000 1959 COM2 65 0R0 094 2.5 25.1 64.4 1.0010 0.00 0.0M
57900.000 1959 COM2 65 0R0 091 2.0 25.1 64.5 1.0010 0.00 0.0M
57960.000 1959 COM2 65 0R0 069 1.7 25.0 65.1 1.0010 0.00 0.0M
58020.000 1959 COM2 65 0R0 097 2.4 25.0 65.4 1.0010 0.00 0.0M
58080.000 1959 COM2 65 0R0 114 1.5 25.0 65.9 1.0009 0.00 0.0M
58140.000 1959 COM2 65 0R0 105 1.5 25.2 66.1 1.0010 0.00 0.0M
58200.000 1959 COM2 65 0R0 084 1.8 25.3 65.0 1.0010 0.00 0.0M
58260.000 1959 COM2 65 0R0 115 2.9 25.4 65.0 1.0010 0.00 0.0M
58320.000 1959 COM2 65 0R0 158 1.5 25.3 65.0 1.0010 0.00 0.0M
58380.000 1959 COM2 65 0R0 055 0.5 25.4 65.7 1.0011 0.00 0.0M
58440.000 1959 COM2 65 0R0 099 0.8 25.5 65.8 1.0011 0.00 0.0M
58500.000 1959 COM2 65 0R0 076 1.6 25.7 65.9 1.0011 0.00 0.0M
58560.000 1959 COM2 65 0R0 062 2.9 25.7 64.9 1.0011 0.00 0.0M
58620.000 1959 COM2 65 0R0 088 0.8 25.4 66.0 1.0012 0.00 0.0M
58680.000 1959 COM2 65 0R0 342 1.1 25.4 66.0 1.0012 0.00 0.0M
58740.000 1959 COM2 65 0R0 000 0.3 25.5 66.7 1.0013 0.00 0.0M
58800.000 1959 COM2 65 0R0 100 0.8 25.7 65.0 1.0013 0.00 0.0M
58860.000 1959 COM2 65 0R0 183 0.7 25.8 66.4 1.0013 0.00 0.0M
58920.000 1959 COM2 65 0R0 095 0.2 25.8 64.9 1.0013 0.00 0.0M
58980.000 1959 COM2 65 0R0 188 0.4 26.0 64.5 1.0012 0.00 0.0M
59040.000 1959 COM2 65 0R0 157 0.5 26.1 63.5 1.0012 0.00 0.0M
59100.000 1959 COM2 65 0R0 079 0.8 26.2 63.8 1.0012 0.00 0.0M
59160.000 1959 COM2 65 0R0 118 3.7 26.2 62.6 1.0012 0.00 0.0M
59220.000 1959 COM2 65 0R0 085 1.8 26.0 63.0 1.0012 0.00 0.0M
59280.000 1959 COM2 65 0R0 089 3.0 26.0 63.5 1.0012 0.00 0.0M
59340.000 1959 COM2 65 0R0 121 0.7 25.9 63.4 1.0012 0.00 0.0M
59400.000 1959 COM2 65 0R0 113 1.0 25.9 63.4 1.0012 0.00 0.0M
59460.000 1959 COM2 65 0R0 135 3.1 26.0 63.2 1.0012 0.00 0.0M
59520.000 1959 COM2 65 0R0 093 5.1 25.9 62.4 1.0012 0.00 0.0M
59580.000 1959 COM2 65 0R0 088 2.6 25.7 62.9 1.0012 0.00 0.0M
59640.000 1959 COM2 65 0R0 133 1.3 25.6 64.1 1.0012 0.00 0.0M
59700.000 1959 COM2 65 0R0 132 1.7 25.6 63.6 1.0012 0.00 0.0M
59760.000 1959 COM2 65 0R0 103 2.7 25.5 63.5 1.0012 0.00 0.0M
59820.000 1959 COM2 65 0R0 093 3.6 25.4 64.4 1.0012 0.00 0.0M
59880.000 1959 COM2 65 0R0 097 3.0 25.4 65.1 1.0012 0.00 0.0M
59940.000 1959 COM2 65 0R0 122 1.9 25.4 65.0 1.0012 0.00 0.0M
60000.000 1959 COM2 65 0R0 092 2.2 25.5 64.6 1.0012 0.00 0.0M
60060.000 1959 COM2 65 0R0 029 0.7 25.5 64.7 1.0012 0.00 0.0M
60120.000 1959 COM2 65 0R0 066 0.4 25.6 65.7 1.0012 0.00 0.0M
60180.000 1959 COM2 65 0R0 103 2.5 25.8 64.4 1.0012 0.00 0.0M
60240.000 1959 COM2 65 0R0 103 1.0 26.0 64.0 1.0012 0.00 0.0M
60300.000 1959 COM2 65 0R0 130 0.9 26.0 65.1 1.0013 0.00 0.0M
60360.000 1959 COM2 65 0R0 170 0.6 26.0 64.2 1.0013 0.00 0.0M
60420.000 1959 COM2 65 0R0 089 1.2 26.0 63.6 1.0013 0.00 0.0M
60480.000 1959 COM2 65 0R0 339 0.7 26.0 64.5 1.0014 0.00 0.0M
60540.000 1959 COM2 65 0R0 080 0.2 26.0 64.5 1.0014 0.00 0.0M
60600.000 1959 COM2 65 0R0 010 0.7 26.1 65.4 1.0014 0.00 0.0M
60660.000 1959 COM2 65 0R0 069 1.6 26.2 65.6 1.0015 0.00 0.0M
60720.000 1959 COM2 65 0R0 043 0.5 26.2 66.0 1.0015 0.00 0.0M
60780.000 1959 COM2 65 0R0 327 0.8 26.2 64.2 1.0015 0.00 0.0M
60840.000 1959 COM2 65 0R0 205 0.7 26.1 64.7 1.0016 0.00 0.0M
60900.000 1959 COM2 65 0R0 081 1.4 26.0 65.0 1.0016 0.00 0.0M
60960.000 1959 COM2 65 0R0 108 0.9 25.9 63.6 1.0016 0.00 0.0M
61020.000 1959 COM2 65 0R0 157 0.8 25.8 63.8 1.0016 0.00 0.0M
61080.000 1959 COM2 65 0R0 122 1.1 25.7 64.6 1.0016 0.00 0.0M
61140.000 1959 COM2 65 0R0 113 0.8 25.6 65.0 1.0015 0.00 0.0M
61200.000 1959 COM2 65 0R0 115 2.3 25.6 64.7 1.0015 0.00 0.0M
61260.000 1959 COM2 65 0R0 105 1.9 25.6 65.1 1.0015 0.00 0.0M
61320.000 1959 COM2 65 0R0 095 3.0 25.6 65.0 1.0015 0.00 0.0M
61380.000 1959 COM2 65 0R0 126 1.4 25.6 64.8 1.0015 0.00 0.0M
61440.000 1959 COM2 65 0R0 118 1.7 25.6 64.8 1.0015 0.00 0.0M
61500.000 1959 COM2 65 0R0 086 1.7 25.5 65.8 1.0015 0.00 0.0M
61560.000 1959 COM2 65 0R0 104 1.9 25.4 66.1 1.0015 0.00 0.0M
61620.000 1959 COM2 65 0R0 094 1.2 25.4 66.5 1.0015 0.00 0.0M
61680.000 1959 COM2 65 0R0 098 1.6 25.4 66.6 1.0015 0.00 0.0M
61740.000 1959 COM2 65 0R0 078 0.9 25.4 67.0 1.0015 0.00 0.0M
61800.000 1959 COM2 65 0R0 123 0.8 25.5 66.9 1.0015 0.00 0.0M
61860.000 1959 COM2 65 0R0 084 1.2 25.6 66.7 1.0015 0.00 0.0M
61920.000 1959 COM2 65 0R0 089 2.1 25.7 64.9 1.0015 0.00 0.0M
61980.000 1959 COM2 65 0R0 110 2.5 25.7 65.1 1.0014 0.00 0.0M
62040.000 1959 COM2 65 0R0 098 2.4 25.6 65.1 1.0014 0.00 0.0M
62100.000 1959 COM2 65 0R0 081 1.8 25.6 65.5 1.0014 0.00 0.0M
62160.000 1959 COM2 65 0R0 097 1.6 25.5 66.1 1.0014 0.00 0.0M
62220.000 1959 COM2 65 0R0 043 0.2 25.6 66.9 1.0014 0.00 0.0M
62280.000 1959 COM2 65 0R0 093 0.6 25.7 67.5 1.0014 0.00 0.0M
62340.000 1959 COM2 65 0R0 122 1.6 25.9 64.8 1.0014 0.00 0.0M
62400.000 1959 COM2 65 0R0 107 1.1 25.9 65.3 1.0014 0.00 0.0M
62460.000 1959 COM2 65 0R0 115 1.4 25.9 65.6 1.0015 0.00 0.0M
62520.000 1959 COM2 65 0R0 113 0.7 26.0 65.4 1.0015 0.00 0.0M
62580.000 1959 COM2 65 0R0 083 1.1 26.0 64.5 1.0015 0.00 0.0M
62640.000 1959 COM2 65 0R0 107 0.2 26.1 64.6 1.0015 0.00 0.0M
62700.000 1959 COM2 65 0R0 131 3.0 26.2 63.3 1.0015 0.00 0.0M
62760.000 1959 COM2 65 0R0 127 1.5 26.1 63.2 1.0015 0.00 0.0M
62820.000 1959 COM2 65 0R0 116 3.3 26.0 62.7 1.0015 0.00 0.0M
62880.000 1959 COM2 65 0R0 120 2.6 25.9 62.7 1.0015 0.00 0.0M
62940.000 1959 COM2 65 0R0 133 2.1 25.8 62.8 1.0015 0.00 0.0M
63000.000 1959 COM2 65 0R0 107 0.6 25.8 63.6 1.0015 0.00 0.0M
63060.000 1959 COM2 65 0R0 153 2.9 25.8 62.8 1.0015 0.00 0.0M
63120.000 1959 COM2 65 0R0 125 0.8 25.9 63.4 1.0015 0.00 0.0M
63180.000 1959 COM2 65 0R0 151 0.8 26.1 62.4 1.0015 0.00 0.0M
63240.000 1959 COM2 65 0R0 103 1.5 26.3 63.1 1.0014 0.00 0.0M
63300.000 1959 COM2 65 0R0 093 1.5 26.3 60.9 1.0014 0.00 0.0M
63360.000 1959 COM2 65 0R0 102 1.7 26.2 61.3 1.0014 0.00 0.0M
63420.000 1959 COM2 65 0R0 103 2.0 26.1 60.7 1.0014 0.00 0.0M
63480.000 1959 COM2 65 0R0 092 3.2 25.9 60.8 1.0014 0.00 0.0M
63540.000 1959 COM2 65 0R0 094 3.0 25.8 60.9 1.0013 0.00 0.0M
63600.000 1959 COM2 65 0R0 098 3.7 25.6 61.4 1.0013 0.00 0.0M
63660.000 1959 COM2 65 0R0 121 2.3 25.6 62.1 1.0013 0.00 0.0M
63720.000 1959 COM2 65 0R0 096 2.2 25.6 62.1 1.0013 0.00 0.0M
63780.000 1959 COM2 65 0R0 114 0.8 25.6 63.0 1.0013 0.00 0.0M
63840.000 1959 COM2 65 0R0 144 1.9 25.7 63.4 1.0014 0.00 0.0M
63900.000 1959 COM2 65 0R0 155 2.0 25.9 62.0 1.0014 0.00 0.0M
63960.000 1959 COM2 65 0R0 143 0.9 26.1 62.1 1.0014 0.00 0.0M
64020.000 1959 COM2 65 0R0 130 1.9 26.2 61.6 1.0014 0.00 0.0M
64080.000 1959 COM2 65 0R0 145 2.9 26.2 61.5 1.0014 0.00 0.0M
64140.000 1959 COM2 65 0R0 164 1.6 26.2 61.9 1.0014 0.00 0.0M
64200.000 1959 COM2 65 0R0 162 0.5 26.2 62.3 1.0015 0.00 0.0M
64260.000 1959 COM2 65 0R0 135 0.7 26.2 62.2 1.0015 0.00 0.0M
64320.000 1959 COM2 65 0R0 168 1.7 26.2 61.8 1.0015 0.00 0.0M
64380.000 1959 COM2 65 0R0 173 1.5 26.1 62.0 1.0015 0.00 0.0M
64440.000 1959 COM2 65 0R0 192 3.0 26.0 61.9 1.0015 0.00 0.0M
64500.000 1959 COM2 65 0R0 198 3.4 25.7 63.5 1.0015 0.00 0.0M
64560.000 1959 COM2 65 0R0 197 1.2 25.6 64.0 1.0015 0.00 0.0M
64620.000 1959 COM2 65 0R0 185 2.6 25.6 63.5 1.0015 0.00 0.0M
64680.000 1959 COM2 65 0R0 205 1.2 25.6 63.6 1.0015 0.00 0.0M
64740.000 1959 COM2 65 0R0 104 1.1 25.6 64.0 1.0015 0.00 0.0M
64800.000 1959 COM2 65 0R0 144 0.9 25.7 63.6 1.0014 0.00 0.0M
64860.000 1959 COM2 65 0R0 123 2.3 25.9 63.3 1.0014 0.00 0.0M
64920.000 1959 COM2 65 0R0 128 2.0 26.0 62.7 1.0014 0.00 0.0M
64980.000 1959 COM2 65 0R0 100 1.0 26.1 62.4 1.0014 0.00 0.0M
65040.000 1959 COM2 65 0R0 123 0.8 26.2 62.5 1.0014 0.00 0.0M
65100.000 1959 COM2 65 0R0 105 1.2 26.3 62.6 1.0014 0.00 0.0M
65160.000 1959 COM2 65 0R0 149 1.8 26.3 61.5 1.0014 0.00 0.0M
65220.000 1959 COM2 65 0R0 164 0.6 26.3 61.6 1.0014 0.00 0.0M
65280.000 1959 COM2 65 0R0 149 1.8 26.3 62.0 1.0014 0.00 0.0M
65340.000 1959 COM2 65 0R0 131 1.7 26.3 61.3 1.0014 0.00 0.0M
65400.000 1959 COM2 65 0R0 109 0.7 26.3 61.3 1.0014 0.00 0.0M
65460.000 1959 COM2 65 0R0 036 0.4 26.2 61.9 1.0014 0.00 0.0M
65520.000 1959 COM2 65 0R0 127 1.1 26.3 61.5 1.0013 0.00 0.0M
65580.000 1959 COM2 65 0R0 123 2.3 26.4 60.9 1.0013 0.00 0.0M
65640.000 1959 COM2 65 0R0 127 1.2 26.3 61.6 1.0013 0.00 0.0M
65700.000 1959 COM2 65 0R0 103 3.4 26.1 61.2 1.0013 0.00 0.0M
65760.000 1959 COM2 65 0R0 116 1.7 26.0 61.0 1.0013 0.00 0.0M
65820.000 1959 COM2 65 0R0 102 1.2 25.9 60.8 1.0013 0.00 0.0M
65880.000 1959 COM2 65 0R0 071 1.2 25.8 61.6 1.0012 0.00 0.0M
65940.000 1959 COM2 65 0R0 157 0.7 25.8 61.6 1.0012 0.00 0.0M
66000.000 1959 COM2 65 0R0 173 1.2 25.9 62.2 1.0012 0.00 0.0M
66060.000 1959 COM2 65 0R0 165 1.3 26.2 61.9 1.0012 0.00 0.0M
66120.000 1959 COM2 65 0R0 117 3.0 26.4 60.9 1.0012 0.00 0.0M
66180.000 1959 COM2 65 0R0 106 2.4 26.3 60.0 1.0012 0.00 0.0M
66240.000 1959 COM2 65 0R0 094 2.6 26.2 60.6 1.0012 0.00 0.0M
66300.000 1959 COM2 65 0R0 112 2.4 26.0 60.9 1.0012 0.00 0.0M
66360.000 1959 COM2 65 0R0 119 2.8 25.9 61.3 1.0012 0.00 0.0M
66420.000 1959 COM2 65 0R0 132 1.7 25.9 61.4 1.0012 0.00 0.0M
66480.000 1959 COM2 65 0R0 109 1.5 25.8 61.7 1.0012 0.00 0.0M
66540.000 1959 COM2 65 0R0 132 1.3 25.8 62.0 1.0012 0.00 0.0M
66600.000 1959 COM2 65 0R0 096 2.1 25.9 62.5 1.0012 0.00 0.0M
66660.000 1959 COM2 65 0R0 132 3.6 26.0 61.8 1.0011 0.00 0.0M
66720.000 1959 COM2 65 0R0 105 2.4 26.0 61.7 1.0011 0.00 0.0M
66780.000 1959 COM2 65 0R0 168 1.4 26.0 61.8 1.0011 0.00 0.0M
66840.000 1959 COM2 65 0R0 144 0.4 26.0 62.3 1.0011 0.00 0.0M
66900.000 1959 COM2 65 0R0 107 0.7 26.1 62.0 1.0011 0.00 0.0M
66960.000 1959 COM2 65 0R0 104 0.5 26.2 61.8 1.0011 0.00 0.0M
67020.000 1959 COM2 65 0R0 109 0.8 26.2 61.5 1.0011 0.00 0.0M
67080.000 1959 COM2 65 0R0 131 1.9 26.3 60.9 1.0010 0.00 0.0M
67140.000 1959 COM2 65 0R0 090 2.0 26.3 61.1 1.0010 0.00 0.0M
67200.000 1959 COM2 65 0R0 107 1.9 26.3 61.0 1.0009 0.00 0.0M
67260.000 1959 COM2 65 0R0 106 2.3 26.3 61.2 1.0009 0.00 0.0M
67320.000 1959 COM2 65 0R0 093 1.9 26.3 61.5 1.0009 0.00 0.0M
67380.000 1959 COM2 65 0R0 146 0.9 26.3 61.9 1.0009 0.00 0.0M
67440.000 1959 COM2 65 0R0 093 2.5 26.4 61.5 1.0009 0.00 0.0M
67500.000 1959 COM2 65 0R0 124 2.3 26.4 61.9 1.0008 0.00 0.0M
67560.000 1959 COM2 65 0R0 099 3.6 26.4 60.2 1.0008 0.00 0.0M
67620.000 1959 COM2 65 0R0 088 3.4 26.3 60.6 1.0008 0.00 0.0M
67680.000 1959 COM2 65 0R0 119 2.5 26.2 59.8 1.0007 0.00 0.0M
67740.000 1959 COM2 65 0R0 115 2.2 26.2 60.5 1.0007 0.00 0.0M
67800.000 1959 COM2 65 0R0 079 2.5 26.3 61.2 1.0007 0.00 0.0M
67860.000 1959 COM2 65 0R0 104 1.7 26.3 61.4 1.0007 0.00 0.0M
67920.000 1959 COM2 65 0R0 016 2.4 26.4 60.4 1.0007 0.00 0.0M
67980.000 1959 COM2 65 0R0 067 1.9 26.4 59.7 1.0007 0.00 0.0M
68040.000 1959 COM2 65 0R0 116 2.2 26.3 60.2 1.0006 0.00 0.0M
68100.000 1959 COM2 65 0R0 088 3.6 26.2 60.6 1.0007 0.00 0.0M
68160.100 1959 COM2 65 0R0 086 2.7 26.2 60.8 1.0006 0.00 0.0M
68220.000 1959 COM2 65 0R0 084 1.3 26.1 61.4 1.0006 0.00 0.0M
68280.000 1959 COM2 65 0R0 088 2.4 26.2 61.0 1.0006 0.00 0.0M
68340.000 1959 COM2 65 0R0 089 2.5 26.3 60.9 1.0005 0.00 0.0M
68400.000 1959 COM2 65 0R0 107 2.7 26.4 59.9 1.0005 0.00 0.0M
68460.000 1959 COM2 65 0R0 114 1.6 26.4 60.0 1.0005 0.00 0.0M
68520.000 1959 COM2 65 0R0 086 2.9 26.4 60.1 1.0005 0.00 0.0M
68580.000 1959 COM2 65 0R0 074 0.9 26.4 60.0 1.0005 0.00 0.0M
68640.000 1959 COM2 65 0R0 089 2.8 26.3 59.5 1.0005 0.00 0.0M
68700.000 1959 COM2 65 0R0 105 2.3 26.2 60.3 1.0005 0.00 0.0M
68760.000 1959 COM2 65 0R0 096 3.0 26.3 60.3 1.0005 0.00 0.0M
68820.000 1959 COM2 65 0R0 103 2.0 26.2 60.8 1.0005 0.00 0.0M
68880.000 1959 COM2 65 0R0 132 2.3 26.2 60.9 1.0005 0.00 0.0M
68940.100 1959 COM2 65 0R0 121 0.4 26.5 61.5 1.0005 0.00 0.0M
69000.100 1959 COM2 65 0R0 106 1.3 26.8 60.8 1.0005 0.00 0.0M
69060.000 1959 COM2 65 0R0 125 2.5 27.0 58.7 1.0005 0.00 0.0M
69120.000 1959 COM2 65 0R0 093 1.5 27.0 59.0 1.0005 0.00 0.0M
69180.000 1959 COM2 65 0R0 101 2.7 26.9 59.3 1.0005 0.00 0.0M
69240.000 1959 COM2 65 0R0 121 2.2 26.8 59.6 1.0005 0.00 0.0M
69300.000 1959 COM2 65 0R0 089 2.8 26.9 59.4 1.0005 0.00 0.0M
69360.000 1959 COM2 65 0R0 049 0.6 26.9 59.5 1.0005 0.00 0.0M
69420.000 1959 COM2 65 0R0 120 2.2 27.1 58.3 1.0005 0.00 0.0M
69480.000 1959 COM2 65 0R0 206 0.7 27.3 58.3 1.0006 0.00 0.0M
69540.000 1959 COM2 65 0R0 113 1.4 27.3 58.4 1.0006 0.00 0.0M
69600.000 1959 COM2 65 0R0 152 0.9 27.3 58.4 1.0006 0.00 0.0M
69660.000 1959 COM2 65 0R0 119 3.3 27.5 57.2 1.0006 0.00 0.0M
69720.000 1959 COM2 65 0R0 084 2.6 27.5 57.2 1.0006 0.00 0.0M
69780.000 1959 COM2 65 0R0 093 1.4 27.4 56.9 1.0006 0.00 0.0M
69840.000 1959 COM2 65 0R0 112 2.1 27.5 56.7 1.0006 0.00 0.0M
69900.000 1959 COM2 65 0R0 119 2.9 27.5 52.0 1.0006 0.00 0.0M
69960.000 1959 COM2 65 0R0 106 4.5 27.5 54.1 1.0006 0.00 0.0M
70020.000 1959 COM2 65 0R0 113 3.8 27.2 55.5 1.0006 0.00 0.0M
70080.000 1959 COM2 65 0R0 116 0.8 27.0 55.3 1.0006 0.00 0.0M
70140.000 1959 COM2 65 0R0 158 2.1 27.0 55.7 1.0006 0.00 0.0M
70200.000 1959 COM2 65 0R0 096 2.9 27.1 55.7 1.0005 0.00 0.0M
70260.000 1959 COM2 65 0R0 070 0.5 27.3 56.5 1.0005 0.00 0.0M
70320.000 1959 COM2 65 0R0 141 1.9 27.5 56.5 1.0005 0.00 0.0M
70380.000 1959 COM2 65 0R0 117 1.2 27.6 56.5 1.0005 0.00 0.0M
70440.000 1959 COM2 65 0R0 201 0.8 27.7 56.7 1.0006 0.00 0.0M
70500.000 1959 COM2 65 0R0 100 1.9 27.7 55.6 1.0005 0.00 0.0M
70560.000 1959 COM2 65 0R0 149 1.6 27.4 56.6 1.0005 0.00 0.0M
70620.000 1959 COM2 65 0R0 091 2.7 27.4 56.7 1.0005 0.00 0.0M
70680.000 1959 COM2 65 0R0 103 3.6 27.4 56.3 1.0005 0.00 0.0M
70740.000 1959 COM2 65 0R0 113 1.8 27.4 56.7 1.0005 0.00 0.0M
70800.000 1959 COM2 65 0R0 112 2.2 27.2 57.2 1.0005 0.00 0.0M
70860.000 1959 COM2 65 0R0 114 2.8 27.0 57.3 1.0005 0.00 0.0M
70920.000 1959 COM2 65 0R0 104 2.7 26.9 57.1 1.0006 0.00 0.0M
70980.000 1959 COM2 65 0R0 091 2.2 26.7 58.2 1.0006 0.00 0.0M
71040.000 1959 COM2 65 0R0 131 1.7 26.8 58.2 1.0006 0.00 0.0M
71100.000 1959 COM2 65 0R0 119 1.5 26.9 58.5 1.0006 0.00 0.0M
71160.000 1959 COM2 65 0R0 108 3.1 27.1 56.9 1.0006 0.00 0.0M
71220.000 1959 COM2 65 0R0 094 4.3 27.3 56.1 1.0006 0.00 0.0M
71280.000 1959 COM2 65 0R0 122 0.7 27.2 57.5 1.0006 0.00 0.0M
71340.000 1959 COM2 65 0R0 101 0.8 27.4 57.1 1.0006 0.00 0.0M
71400.000 1959 COM2 65 0R0 106 3.3 27.5 55.9 1.0005 0.00 0.0M
71460.000 1959 COM2 65 0R0 111 4.8 27.5 54.9 1.0005 0.00 0.0M
71520.000 1959 COM2 65 0R0 096 3.2 27.3 54.8 1.0005 0.00 0.0M
71580.000 1959 COM2 65 0R0 101 3.2 27.0 56.7 1.0005 0.00 0.0M
71640.000 1959 COM2 65 0R0 121 1.8 26.9 57.9 1.0005 0.00 0.0M
71700.000 1959 COM2 65 0R0 138 0.6 27.0 57.8 1.0005 0.00 0.0M
71760.000 1959 COM2 65 0R0 084 0.7 27.3 57.9 1.0005 0.00 0.0M
71820.000 1959 COM2 65 0R0 174 1.8 27.5 57.1 1.0006 0.00 0.0M
71880.000 1959 COM2 65 0R0 094 3.3 27.5 57.0 1.0006 0.00 0.0M
71940.000 1959 COM2 65 0R0 122 1.7 27.4 56.9 1.0006 0.00 0.0M
72000.000 1959 COM2 65 0R0 102 2.4 27.4 56.9 1.0006 0.00 0.0M
72060.000 1959 COM2 65 0R0 109 1.4 27.4 57.5 1.0006 0.00 0.0M
72120.000 1959 COM2 65 0R0 127 1.2 27.5 57.9 1.0006 0.00 0.0M
72180.000 1959 COM2 65 0R0 112 2.6 27.7 56.1 1.0007 0.00 0.0M
72240.000 1959 COM2 65 0R0 114 1.2 27.6 56.6 1.0006 0.00 0.0M
72300.000 1959 COM2 65 0R0 107 0.6 27.6 57.5 1.0007 0.00 0.0M
72360.100 1959 COM2 65 0R0 099 3.9 27.8 55.8 1.0007 0.00 0.0M
72420.000 1959 COM2 65 0R0 079 3.8 27.7 54.8 1.0007 0.00 0.0M
72480.000 1959 COM2 65 0R0 094 4.0 27.5 55.0 1.0007 0.00 0.0M
72540.000 1959 COM2 65 0R0 171 0.9 27.2 55.7 1.0007 0.00 0.0M
72600.000 1959 COM2 65 0R0 103 2.4 27.1 56.7 1.0007 0.00 0.0M
72660.100 1959 COM2 65 0R0 116 3.5 27.1 56.5 1.0006 0.00 0.0M
72720.000 1959 COM2 65 0R0 102 3.4 27.1 56.5 1.0007 0.00 0.0M
72780.000 1959 COM2 65 0R0 091 2.5 27.0 57.1 1.0007 0.00 0.0M
72840.000 1959 COM2 65 0R0 088 1.9 26.8 57.2 1.0008 0.00 0.0M
72900.000 1959 COM2 65 0R0 096 4.0 26.8 56.8 1.0008 0.00 0.0M
72960.000 1959 COM2 65 0R0 095 3.9 26.8 57.2 1.0007 0.00 0.0M
73020.000 1959 COM2 65 0R0 092 4.4 26.9 57.1 1.0007 0.00 0.0M
73080.000 1959 COM2 65 0R0 029 0.7 26.8 57.8 1.0007 0.00 0.0M
73140.000 1959 COM2 65 0R0 088 5.0 26.7 57.8 1.0007 0.00 0.0M
73200.000 1959 COM2 65 0R0 085 3.5 26.7 57.4 1.0007 0.00 0.0M
73260.000 1959 COM2 65 0R0 097 4.7 26.6 57.4 1.0007 0.00 0.0M
73320.000 1959 COM2 65 0R0 100 4.8 26.5 57.6 1.0007 0.00 0.0M
73380.000 1959 COM2 65 0R0 094 3.6 26.4 58.4 1.0007 0.00 0.0M
73440.000 1959 COM2 65 0R0 101 3.1 26.4 58.4 1.0007 0.00 0.0M
73500.000 1959 COM2 65 0R0 101 3.6 26.4 58.0 1.0007 0.00 0.0M
73560.000 1959 COM2 65 0R0 106 3.5 26.4 58.2 1.0007 0.00 0.0M
73620.000 1959 COM2 65 0R0 093 3.8 26.5 58.2 1.0007 0.00 0.0M
73680.000 1959 COM2 65 0R0 096 3.1 26.4 58.3 1.0007 0.00 0.0M
73740.000 1959 COM2 65 0R0 085 1.0 26.4 58.7 1.0008 0.00 0.0M
73800.000 1959 COM2 65 0R0 118 2.3 26.5 58.7 1.0007 0.00 0.0M
73860.000 1959 COM2 65 0R0 112 2.5 26.6 58.2 1.0007 0.00 0.0M
73920.000 1959 COM2 65 0R0 106 1.8 26.8 57.9 1.0007 0.00 0.0M
73980.000 1959 COM2 65 0R0 071 0.6 27.1 57.9 1.0007 0.00 0.0M
74040.000 1959 COM2 65 0R0 352 0.8 27.3 57.2 1.0007 0.00 0.0M
74100.000 1959 COM2 65 0R0 122 1.5 27.4 56.7 1.0007 0.00 0.0M
74160.000 1959 COM2 65 0R0 122 3.3 27.5 55.4 1.0007 0.00 0.0M
74220.000 1959 COM2 65 0R0 095 3.2 27.4 55.6 1.0007 0.00 0.0M
74280.000 1959 COM2 65 0R0 094 4.6 27.4 55.4 1.0007 0.00 0.0M
74340.000 1959 COM2 65 0R0 104 4.7 27.1 56.0 1.0007 0.00 0.0M
74400.000 1959 COM2 65 0R0 118 1.3 26.9 57.4 1.0008 0.00 0.0M
74460.000 1959 COM2 65 0R0 081 1.8 26.9 56.8 1.0008 0.00 0.0M
74520.000 1959 COM2 65 0R0 136 1.4 26.9 57.1 1.0007 0.00 0.0M
74580.000 1959 COM2 65 0R0 092 1.6 26.8 56.6 1.0008 0.00 0.0M
74640.000 1959 COM2 65 0R0 123 1.9 26.8 57.0 1.0008 0.00 0.0M
74700.000 1959 COM2 65 0R0 093 2.5 26.8 57.3 1.0007 0.00 0.0M
74760.000 1959 COM2 65 0R0 121 1.3 26.8 57.3 1.0008 0.00 0.0M
74820.000 1959 COM2 65 0R0 087 2.5 26.9 56.8 1.0007 0.00 0.0M
74880.000 1959 COM2 65 0R0 116 1.3 27.0 57.4 1.0007 0.00 0.0M
74940.000 1959 COM2 65 0R0 105 4.3 26.9 56.8 1.0007 0.00 0.0M
75000.000 1959 COM2 65 0R0 115 3.1 26.9 57.2 1.0007 0.00 0.0M
75060.000 1959 COM2 65 0R0 103 3.9 26.8 56.2 1.0007 0.00 0.0M
75120.000 1959 COM2 65 0R0 073 2.9 26.8 56.2 1.0007 0.00 0.0M
75180.000 1959 COM2 65 0R0 114 2.1 26.8 56.3 1.0007 0.00 0.0M
75240.000 1959 COM2 65 0R0 097 3.0 26.9 56.4 1.0007 0.00 0.0M
75300.000 1959 COM2 65 0R0 260 1.0 27.0 56.5 1.0007 0.00 0.0M
75360.000 1959 COM2 65 0R0 111 3.5 27.1 55.8 1.0007 0.00 0.0M
75420.000 1959 COM2 65 0R0 115 3.7 27.1 54.9 1.0007 0.00 0.0M
75480.000 1959 COM2 65 0R0 104 4.6 27.0 54.6 1.0007 0.00 0.0M
75540.000 1959 COM2 65 0R0 100 2.9 26.9 55.5 1.0007 0.00 0.0M
75600.000 1959 COM2 65 0R0 104 3.9 26.8 55.7 1.0007 0.00 0.0M
75660.000 1959 COM2 65 0R0 115 1.5 26.9 55.4 1.0007 0.00 0.0M
75720.000 1959 COM2 65 0R0 097 0.7 27.0 55.7 1.0007 0.00 0.0M
75780.000 1959 COM2 65 0R0 021 1.5 27.1 55.3 1.0007 0.00 0.0M
75840.000 1959 COM2 65 0R0 116 1.0 27.2 55.1 1.0007 0.00 0.0M
75900.000 1959 COM2 65 0R0 095 4.9 27.2 54.5 1.0007 0.00 0.0M
75960.000 1959 COM2 65 0R0 089 1.9 27.1 54.6 1.0007 0.00 0.0M
76020.000 1959 COM2 65 0R0 101 2.4 27.0 54.6 1.0007 0.00 0.0M
76080.000 1959 COM2 65 0R0 095 2.5 27.0 55.2 1.0007 0.00 0.0M
76140.000 1959 COM2 65 0R0 112 3.4 27.0 54.9 1.0007 0.00 0.0M
76200.000 1959 COM2 65 0R0 097 4.1 27.0 55.0 1.0007 0.00 0.0M
76260.000 1959 COM2 65 0R0 124 2.7 26.9 55.3 1.0007 0.00 0.0M
76320.000 1959 COM2 65 0R0 126 2.6 26.9 55.7 1.0007 0.00 0.0M
76380.000 1959 COM2 65 0R0 083 3.5 26.9 55.6 1.0007 0.00 0.0M
76440.000 1959 COM2 65 0R0 097 3.9 26.9 55.6 1.0007 0.00 0.0M
76500.000 1959 COM2 65 0R0 093 0.9 26.9 56.3 1.0007 0.00 0.0M
76560.000 1959 COM2 65 0R0 083 1.0 26.9 56.7 1.0007 0.00 0.0M
76620.000 1959 COM2 65 0R0 108 5.6 27.1 56.3 1.0007 0.00 0.0M
76680.000 1959 COM2 65 0R0 083 3.4 27.1 56.4 1.0007 0.00 0.0M
76740.000 1959 COM2 65 0R0 131 0.9 27.1 56.6 1.0007 0.00 0.0M
76800.000 1959 COM2 65 0R0 115 4.6 27.1 56.7 1.0007 0.00 0.0M
76860.000 1959 COM2 65 0R0 104 4.1 27.0 56.7 1.0008 0.00 0.0M
76920.000 1959 COM2 65 0R0 129 2.6 26.9 57.0 1.0007 0.00 0.0M
76980.000 1959 COM2 65 0R0 083 2.1 26.8 57.6 1.0007 0.00 0.0M
77040.000 1959 COM2 65 0R0 087 3.5 26.7 58.0 1.0007 0.00 0.0M
77100.000 1959 COM2 65 0R0 105 2.2 26.5 58.7 1.0007 0.00 0.0M
77160.000 1959 COM2 65 0R0 111 2.8 26.4 59.1 1.0007 0.00 0.0M
77220.000 1959 COM2 65 0R0 083 1.8 26.4 59.5 1.0007 0.00 0.0M
77280.000 1959 COM2 65 0R0 107 5.0 26.4 59.1 1.0007 0.00 0.0M
77340.000 1959 COM2 65 0R0 091 2.4 26.4 59.6 1.0008 0.00 0.0M
77400.000 1959 COM2 65 0R0 117 4.0 26.4 59.7 1.0008 0.00 0.0M
77460.000 1959 COM2 65 0R0 107 3.7 26.4 59.9 1.0007 0.00 0.0M
77520.000 1959 COM2 65 0R0 108 5.0 26.4 59.8 1.0007 0.00 0.0M
77580.000 1959 COM2 65 0R0 106 3.1 26.3 60.0 1.0006 0.00 0.0M
77640.000 1959 COM2 65 0R0 085 2.8 26.3 60.2 1.0006 0.00 0.0M
77700.000 1959 COM2 65 0R0 118 2.6 26.3 60.8 1.0006 0.00 0.0M
77760.000 1959 COM2 65 0R0 192 1.6 26.2 61.1 1.0006 0.00 0.0M
77820.000 1959 COM2 65 0R0 089 3.5 26.2 60.5 1.0006 0.00 0.0M
77880.000 1959 COM2 65 0R0 136 2.7 26.2 60.8 1.0006 0.00 0.0M
77940.000 1959 COM2 65 0R0 104 2.8 26.3 60.8 1.0007 0.00 0.0M
78000.000 1959 COM2 65 0R0 115 3.3 26.3 60.3 1.0007 0.00 0.0M
78060.000 1959 COM2 65 0R0 126 2.1 26.3 60.9 1.0007 0.00 0.0M
78120.000 1959 COM2 65 0R0 136 1.6 26.3 60.6 1.0007 0.00 0.0M
78180.000 1959 COM2 65 0R0 103 2.8 26.3 60.1 1.0007 0.00 0.0M
78240.000 1959 COM2 65 0R0 123 2.8 26.4 60.3 1.0007 0.00 0.0M
78300.000 1959 COM2 65 0R0 091 5.9 26.4 59.7 1.0006 0.00 0.0M
78360.000 1959 COM2 65 0R0 117 3.2 26.3 60.3 1.0006 0.00 0.0M
78420.000 1959 COM2 65 0R0 110 2.8 26.3 60.3 1.0006 0.00 0.0M
78480.000 1959 COM2 65 0R0 130 3.2 26.3 59.7 1.0006 0.00 0.0M
78540.000 1959 COM2 65 0R0 089 4.5 26.3 59.9 1.0006 0.00 0.0M
78600.000 1959 COM2 65 0R0 104 3.8 26.2 59.7 1.0006 0.00 0.0M
78660.000 1959 COM2 65 0R0 141 1.3 26.1 60.0 1.0006 0.00 0.0M
78720.000 1959 COM2 65 0R0 117 4.2 26.1 59.7 1.0006 0.00 0.0M
78780.000 1959 COM2 65 0R0 110 3.4 26.0 60.3 1.0006 0.00 0.0M
78840.000 1959 COM2 65 0R0 113 2.5 26.0 60.2 1.0007 0.00 0.0M
78900.000 1959 COM2 65 0R0 081 1.9 26.0 60.3 1.0007 0.00 0.0M
78960.000 1959 COM2 65 0R0 111 3.1 25.9 60.2 1.0007 0.00 0.0M
79020.000 1959 COM2 65 0R0 071 1.3 25.9 60.7 1.0007 0.00 0.0M
79080.000 1959 COM2 65 0R0 086 4.2 25.9 60.9 1.0007 0.00 0.0M
79140.000 1959 COM2 65 0R0 093 4.9 25.9 61.0 1.0007 0.00 0.0M
79200.000 1959 COM2 65 0R0 087 3.8 25.8 61.0 1.0007 0.00 0.0M
79260.000 1959 COM2 65 0R0 103 2.4 25.8 61.0 1.0007 0.00 0.0M
79320.000 1959 COM2 65 0R0 110 4.2 25.8 61.0 1.0006 0.00 0.0M
79380.000 1959 COM2 65 0R0 112 2.0 25.8 61.1 1.0006 0.00 0.0M
79440.000 1959 COM2 65 0R0 086 4.5 25.8 61.2 1.0006 0.00 0.0M
79500.000 1959 COM2 65 0R0 100 2.4 25.8 61.3 1.0006 0.00 0.0M
79560.000 1959 COM2 65 0R0 115 3.2 25.8 60.9 1.0007 0.00 0.0M
79620.000 1959 COM2 65 0R0 107 3.9 25.8 60.7 1.0007 0.00 0.0M
79680.000 1959 COM2 65 0R0 119 2.8 25.8 60.5 1.0008 0.00 0.0M
79740.000 1959 COM2 65 0R0 119 2.1 25.8 60.3 1.0008 0.00 0.0M
79800.000 1959 COM2 65 0R0 104 2.7 25.8 60.3 1.0008 0.00 0.0M
79860.000 1959 COM2 65 0R0 130 2.3 25.8 60.4 1.0008 0.00 0.0M
79920.000 1959 COM2 65 0R0 094 2.6 25.8 59.8 1.0008 0.00 0.0M
79980.000 1959 COM2 65 0R0 108 3.3 25.8 60.3 1.0008 0.00 0.0M
80040.000 1959 COM2 65 0R0 104 2.6 25.8 60.5 1.0008 0.00 0.0M
80100.000 1959 COM2 65 0R0 116 1.8 25.8 60.8 1.0008 0.00 0.0M
80160.000 1959 COM2 65 0R0 108 3.4 25.8 60.9 1.0009 0.00 0.0M
80220.000 1959 COM2 65 0R0 128 0.9 25.8 60.9 1.0009 0.00 0.0M
80280.000 1959 COM2 65 0R0 102 3.1 25.8 60.6 1.0009 0.00 0.0M
80340.000 1959 COM2 65 0R0 101 4.5 25.8 60.3 1.0009 0.00 0.0M
80400.000 1959 COM2 65 0R0 121 2.1 25.7 61.2 1.0010 0.00 0.0M
80460.000 1959 COM2 65 0R0 124 3.6 25.7 61.4 1.0010 0.00 0.0M
80520.000 1959 COM2 65 0R0 130 3.4 25.7 61.4 1.0010 0.00 0.0M
80580.000 1959 COM2 65 0R0 122 3.0 25.7 60.8 1.0009 0.00 0.0M
80640.000 1959 COM2 65 0R0 099 4.5 25.7 60.9 1.0008 0.00 0.0M
80700.000 1959 COM2 65 0R0 102 3.9 25.6 61.5 1.0007 0.00 0.0M
80760.000 1959 COM2 65 0R0 088 4.8 25.5 61.7 1.0007 0.00 0.0M
80820.000 1959 COM2 65 0R0 099 5.3 25.5 61.5 1.0008 0.00 0.0M
80880.000 1959 COM2 65 0R0 095 6.4 25.4 61.7 1.0008 0.00 0.0M
80940.000 1959 COM2 65 0R0 095 5.0 25.4 62.3 1.0008 0.00 0.0M
81000.000 1959 COM2 65 0R0 128 2.0 25.4 62.5 1.0008 0.00 0.0M
81060.000 1959 COM2 65 0R0 114 3.2 25.4 62.4 1.0008 0.00 0.0M
81120.000 1959 COM2 65 0R0 117 4.3 25.4 62.7 1.0008 0.00 0.0M
81180.000 1959 COM2 65 0R0 121 4.3 25.4 63.0 1.0008 0.00 0.0M
81240.000 1959 COM2 65 0R0 097 4.0 25.3 63.2 1.0008 0.00 0.0M
81300.000 1959 COM2 65 0R0 079 2.9 25.3 63.6 1.0008 0.00 0.0M
81360.000 1959 COM2 65 0R0 107 4.7 25.3 63.8 1.0009 0.00 0.0M
81420.000 1959 COM2 65 0R0 101 3.0 25.3 63.9 1.0009 0.00 0.0M
81480.000 1959 COM2 65 0R0 113 1.8 25.2 64.2 1.0009 0.00 0.0M
81540.000 1959 COM2 65 0R0 093 2.0 25.2 64.2 1.0010 0.00 0.0M
81600.000 1959 COM2 65 0R0 107 1.8 25.2 64.2 1.0010 0.00 0.0M
81660.000 1959 COM2 65 0R0 126 1.0 25.2 64.1 1.0010 0.00 0.0M
81720.000 1959 COM2 65 0R0 137 1.7 25.2 64.0 1.0010 0.00 0.0M
81780.000 1959 COM2 65 0R0 096 2.3 25.2 64.2 1.0011 0.00 0.0M
81840.000 1959 COM2 65 0R0 116 3.4 25.2 63.4 1.0011 0.00 0.0M
81900.000 1959 COM2 65 0R0 118 4.9 25.1 63.4 1.0011 0.00 0.0M
81960.000 1959 COM2 65 0R0 122 3.7 25.1 63.3 1.0010 0.00 0.0M
82020.000 1959 COM2 65 0R0 121 2.7 25.0 63.9 1.0011 0.00 0.0M
82080.000 1959 COM2 65 0R0 106 3.2 25.0 63.4 1.0011 0.00 0.0M
82140.000 1959 COM2 65 0R0 096 4.8 24.9 63.6 1.0010 0.00 0.0M
82200.000 1959 COM2 65 0R0 095 9.1 24.9 63.6 1.0010 0.00 0.0M
82260.000 1959 COM2 65 0R0 110 2.7 24.8 63.7 1.0011 0.00 0.0M
82320.000 1959 COM2 65 0R0 105 6.4 24.8 63.7 1.0010 0.00 0.0M
82380.000 1959 COM2 65 0R0 104 4.4 24.7 63.9 1.0011 0.00 0.0M
82440.000 1959 COM2 65 0R0 095 1.3 24.7 64.2 1.0010 0.00 0.0M
82500.000 1959 COM2 65 0R0 126 5.0 24.7 64.3 1.0010 0.00 0.0M
82560.000 1959 COM2 65 0R0 098 4.7 24.7 64.3 1.0010 0.00 0.0M
82620.000 1959 COM2 65 0R0 085 3.3 24.6 64.4 1.0011 0.00 0.0M
82680.000 1959 COM2 65 0R0 101 4.0 24.6 64.6 1.0011 0.00 0.0M
82740.000 1959 COM2 65 0R0 137 2.1 24.7 64.5 1.0011 0.00 0.0M
82800.000 1959 COM2 65 0R0 136 1.5 24.7 64.7 1.0012 0.00 0.0M
82860.000 1959 COM2 65 0R0 101 3.6 24.6 64.9 1.0012 0.00 0.0M
82920.000 1959 COM2 65 0R0 093 2.8 24.6 65.3 1.0012 0.00 0.0M
82980.000 1959 COM2 65 0R0 107 2.7 24.5 65.8 1.0012 0.00 0.0M
83040.000 1959 COM2 65 0R0 106 4.6 24.5 65.8 1.0012 0.00 0.0M
83100.000 1959 COM2 65 0R0 127 1.2 24.4 66.0 1.0012 0.00 0.0M
83160.000 1959 COM2 65 0R0 097 3.3 24.4 66.2 1.0011 0.00 0.0M
83220.000 1959 COM2 65 0R0 119 3.7 24.4 66.6 1.0011 0.00 0.0M
83280.000 1959 COM2 65 0R0 116 4.0 24.4 66.7 1.0011 0.00 0.0M
83340.000 1959 COM2 65 0R0 128 1.6 24.4 66.7 1.0011 0.00 0.0M
83400.000 1959 COM2 65 0R0 141 2.3 24.3 66.9 1.0011 0.00 0.0M
83460.000 1959 COM2 65 0R0 132 3.9 24.3 66.9 1.0011 0.00 0.0M
83520.000 1959 COM2 65 0R0 108 3.2 24.3 66.9 1.0012 0.00 0.0M
83580.000 1959 COM2 65 0R0 171 1.0 24.3 66.9 1.0012 0.00 0.0M
83640.000 1959 COM2 65 0R0 098 4.6 24.3 67.4 1.0012 0.00 0.0M
83700.000 1959 COM2 65 0R0 115 2.7 24.3 67.5 1.0013 0.00 0.0M
83760.000 1959 COM2 65 0R0 106 2.1 24.3 67.5 1.0013 0.00 0.0M
83820.000 1959 COM2 65 0R0 120 2.1 24.3 67.7 1.0013 0.00 0.0M
83880.000 1959 COM2 65 0R0 116 3.3 24.3 67.7 1.0012 0.00 0.0M
83940.000 1959 COM2 65 0R0 140 1.4 24.2 67.7 1.0012 0.00 0.0M
84000.000 1959 COM2 65 0R0 113 1.2 24.2 67.6 1.0012 0.00 0.0M
84060.000 1959 COM2 65 0R0 136 3.1 24.2 68.1 1.0012 0.00 0.0M
84120.000 1959 COM2 65 0R0 127 3.3 24.2 68.4 1.0012 0.00 0.0M
84180.000 1959 COM2 65 0R0 123 2.7 24.2 68.1 1.0012 0.00 0.0M
84240.100 1959 COM2 65 0R0 108 2.9 24.1 68.3 1.0012 0.00 0.0M
84300.000 1959 COM2 65 0R0 107 3.6 24.1 68.5 1.0012 0.00 0.0M
84360.000 1959 COM2 65 0R0 099 2.0 24.1 68.4 1.0012 0.00 0.0M
84420.000 1959 COM2 65 0R0 111 3.5 24.1 69.0 1.0012 0.00 0.0M
84480.000 1959 COM2 65 0R0 126 1.2 24.1 68.9 1.0012 0.00 0.0M
84540.000 1959 COM2 65 0R0 141 1.5 24.1 69.2 1.0012 0.00 0.0M
84600.000 1959 COM2 65 0R0 100 3.2 24.1 69.1 1.0012 0.00 0.0M
84660.000 1959 COM2 65 0R0 087 1.0 24.1 69.4 1.0012 0.00 0.0M
84720.000 1959 COM2 65 0R0 115 2.4 24.0 69.4 1.0012 0.00 0.0M
84780.000 1959 COM2 65 0R0 096 4.0 24.0 69.5 1.0012 0.00 0.0M
84840.000 1959 COM2 65 0R0 104 3.2 24.0 69.9 1.0011 0.00 0.0M
84900.000 1959 COM2 65 0R0 100 3.3 24.0 70.0 1.0011 0.00 0.0M
84960.000 1959 COM2 65 0R0 084 1.9 23.9 70.0 1.0010 0.00 0.0M
85020.000 1959 COM2 65 0R0 106 4.0 23.9 70.3 1.0010 0.00 0.0M
85080.000 1959 COM2 65 0R0 161 1.9 23.9 70.4 1.0009 0.00 0.0M
85140.000 1959 COM2 65 0R0 100 5.2 23.9 70.7 1.0009 0.00 0.0M
85200.000 1959 COM2 65 0R0 100 3.9 23.9 70.8 1.0010 0.00 0.0M
85260.000 1959 COM2 65 0R0 112 3.7 23.8 70.9 1.0010 0.00 0.0M
85320.000 1959 COM2 65 0R0 091 4.0 23.8 70.9 1.0010 0.00 0.0M
85380.000 1959 COM2 65 0R0 111 2.0 23.8 71.0 1.0011 0.00 0.0M
85440.000 1959 COM2 65 0R0 115 3.3 23.8 71.0 1.0012 0.00 0.0M
85500.000 1959 COM2 65 0R0 108 1.4 23.8 70.9 1.0013 0.00 0.0M
85560.000 1959 COM2 65 0R0 142 2.7 23.8 71.1 1.0013 0.00 0.0M
85620.000 1959 COM2 65 0R0 151 1.8 23.8 71.4 1.0013 0.00 0.0M
85680.000 1959 COM2 65 0R0 087 4.5 23.8 71.4 1.0013 0.00 0.0M
85740.000 1959 COM2 65 0R0 150 1.0 23.8 71.4 1.0014 0.00 0.0M
85800.000 1959 COM2 65 0R0 136 1.4 23.8 71.5 1.0014 0.00 0.0M
85860.000 1959 COM2 65 0R0 092 2.3 23.7 71.3 1.0014 0.00 0.0M
85920.000 1959 COM2 65 0R0 124 3.3 23.7 71.6 1.0014 0.00 0.0M
85980.000 1959 COM2 65 0R0 104 1.9 23.7 71.4 1.0015 0.00 0.0M
86040.000 1959 COM2 65 0R0 127 0.8 23.7 71.7 1.0016 0.00 0.0M
86100.000 1959 COM2 65 0R0 097 3.2 23.7 71.7 1.0016 0.00 0.0M
86160.000 1959 COM2 65 0R0 125 2.7 23.7 71.8 1.0016 0.00 0.0M
86220.000 1959 COM2 65 0R0 106 2.9 23.7 71.9 1.0017 0.00 0.0M
86280.000 1959 COM2 65 0R0 110 2.6 23.7 72.1 1.0017 0.00 0.0M
86340.000 1959 COM2 65 0R0 099 1.2 23.7 71.8 1.0017 0.00 0.0M
