TO [s] WNc [w] C StringLn ASCIIString
---------------------------------------
518400.000 1968 COM2 65 0R0 258 0.9 18.1 47.0 1.0080 0.00 0.0M
518460.000 1968 COM2 65 0R0 223 1.0 18.0 47.5 1.0080 0.00 0.0M
518520.000 1968 COM2 65 0R0 262 0.5 18.0 47.4 1.0080 0.00 0.0M
518580.000 1968 COM2 65 0R0 237 1.3 18.0 46.9 1.0079 0.00 0.0M
518640.000 1968 COM2 65 0R0 250 1.1 17.9 48.0 1.0079 0.00 0.0M
518700.000 1968 COM2 65 0R0 279 0.6 17.9 47.7 1.0079 0.00 0.0M
518760.000 1968 COM2 65 0R0 255 1.1 17.9 47.8 1.0079 0.00 0.0M
518820.000 1968 COM2 65 0R0 231 0.6 17.9 48.1 1.0079 0.00 0.0M
518880.000 1968 COM2 65 0R0 297 0.7 17.9 47.0 1.0080 0.00 0.0M
518940.000 1968 COM2 65 0R0 307 0.4 17.8 48.7 1.0080 0.00 0.0M
519000.100 1968 COM2 65 0R0 240 0.3 17.8 48.5 1.0080 0.00 0.0M
519060.000 1968 COM2 65 0R0 245 1.2 17.8 47.5 1.0080 0.00 0.0M
519120.000 1968 COM2 65 0R0 263 0.6 17.8 48.8 1.0080 0.00 0.0M
519180.000 1968 COM2 65 0R0 225 0.4 17.8 48.4 1.0080 0.00 0.0M
519240.000 1968 COM2 65 0R0 282 0.7 17.8 48.1 1.0080 0.00 0.0M
519300.000 1968 COM2 65 0R0 214 0.5 17.7 48.3 1.0080 0.00 0.0M
519360.000 1968 COM2 65 0R0 249 0.8 17.7 48.9 1.0080 0.00 0.0M
519420.000 1968 COM2 65 0R0 224 1.0 17.7 48.2 1.0080 0.00 0.0M
519480.000 1968 COM2 65 0R0 209 0.3 17.7 49.3 1.0080 0.00 0.0M
519540.000 1968 COM2 65 0R0 224 0.5 17.7 50.3 1.0080 0.00 0.0M
519600.000 1968 COM2 65 0R0 252 0.3 17.7 49.9 1.0081 0.00 0.0M
519660.000 1968 COM2 65 0R0 196 0.5 17.7 50.5 1.0081 0.00 0.0M
519720.000 1968 COM2 65 0R0 118 0.3 17.7 51.3 1.0081 0.00 0.0M
519780.000 1968 COM2 65 0R0 203 0.6 17.6 51.0 1.0081 0.00 0.0M
519840.000 1968 COM2 65 0R0 206 0.8 17.6 51.0 1.0081 0.00 0.0M
519900.000 1968 COM2 65 0R0 218 0.7 17.5 52.1 1.0081 0.00 0.0M
519960.000 1968 COM2 65 0R0 252 0.7 17.5 51.2 1.0081 0.00 0.0M
520020.000 1968 COM2 65 0R0 248 0.6 17.4 51.6 1.0082 0.00 0.0M
520080.000 1968 COM2 65 0R0 257 0.3 17.4 51.5 1.0082 0.00 0.0M
520140.000 1968 COM2 65 0R0 225 1.0 17.4 50.7 1.0082 0.00 0.0M
520200.000 1968 COM2 65 0R0 241 1.0 17.4 50.9 1.0082 0.00 0.0M
520260.000 1968 COM2 65 0R0 236 1.1 17.4 50.9 1.0082 0.00 0.0M
520320.000 1968 COM2 65 0R0 224 0.5 17.4 50.1 1.0082 0.00 0.0M
520380.000 1968 COM2 65 0R0 224 0.5 17.3 50.9 1.0082 0.00 0.0M
520440.000 1968 COM2 65 0R0 258 0.4 17.3 51.1 1.0082 0.00 0.0M
520500.000 1968 COM2 65 0R0 238 1.0 17.3 51.3 1.0082 0.00 0.0M
520560.000 1968 COM2 65 0R0 229 1.0 17.3 50.9 1.0082 0.00 0.0M
520620.000 1968 COM2 65 0R0 246 0.6 17.3 51.9 1.0081 0.00 0.0M
520680.000 1968 COM2 65 0R0 210 0.5 17.3 51.8 1.0082 0.00 0.0M
520740.000 1968 COM2 65 0R0 184 0.4 17.3 50.7 1.0082 0.00 0.0M
520800.000 1968 COM2 65 0R0 224 0.4 17.2 52.5 1.0082 0.00 0.0M
520860.000 1968 COM2 65 0R0 266 0.9 17.2 50.7 1.0082 0.00 0.0M
520920.000 1968 COM2 65 0R0 252 0.4 17.2 50.9 1.0082 0.00 0.0M
520980.000 1968 COM2 65 0R0 275 0.2 17.2 52.4 1.0082 0.00 0.0M
521040.000 1968 COM2 65 0R0 213 0.3 17.1 51.7 1.0082 0.00 0.0M
521100.000 1968 COM2 65 0R0 253 0.6 17.1 51.2 1.0082 0.00 0.0M
521160.000 1968 COM2 65 0R0 223 0.3 17.1 54.6 1.0082 0.00 0.0M
521220.000 1968 COM2 65 0R0 188 0.7 17.1 53.4 1.0082 0.00 0.0M
521280.000 1968 COM2 65 0R0 189 0.4 17.0 53.2 1.0082 0.00 0.0M
521340.000 1968 COM2 65 0R0 100 0.3 17.0 55.0 1.0082 0.00 0.0M
521400.100 1968 COM2 65 0R0 194 0.5 17.0 56.0 1.0082 0.00 0.0M
521460.000 1968 COM2 65 0R0 134 0.2 16.9 56.1 1.0082 0.00 0.0M
521520.000 1968 COM2 65 0R0 006 0.1 16.9 56.0 1.0082 0.00 0.0M
521580.000 1968 COM2 65 0R0 248 0.3 16.8 56.5 1.0082 0.00 0.0M
521640.000 1968 COM2 65 0R0 162 0.4 16.8 56.8 1.0082 0.00 0.0M
521700.000 1968 COM2 65 0R0 115 0.4 16.7 56.9 1.0082 0.00 0.0M
521760.000 1968 COM2 65 0R0 187 0.3 16.7 57.3 1.0082 0.00 0.0M
521820.000 1968 COM2 65 0R0 335 0.2 16.6 57.4 1.0082 0.00 0.0M
521880.000 1968 COM2 65 0R0 125 0.4 16.5 56.9 1.0081 0.00 0.0M
521940.000 1968 COM2 65 0R0 138 0.4 16.5 58.0 1.0081 0.00 0.0M
522000.000 1968 COM2 65 0R0 121 0.4 16.4 58.5 1.0081 0.00 0.0M
522060.000 1968 COM2 65 0R0 148 0.3 16.4 58.5 1.0081 0.00 0.0M
522120.000 1968 COM2 65 0R0 096 0.2 16.3 58.7 1.0081 0.00 0.0M
522180.000 1968 COM2 65 0R0 123 0.2 16.3 59.1 1.0081 0.00 0.0M
522240.000 1968 COM2 65 0R0 153 0.2 16.3 58.9 1.0081 0.00 0.0M
522300.000 1968 COM2 65 0R0 057 0.2 16.3 59.0 1.0081 0.00 0.0M
522360.000 1968 COM2 65 0R0 082 0.4 16.2 59.5 1.0081 0.00 0.0M
522420.000 1968 COM2 65 0R0 338 0.3 16.2 59.0 1.0081 0.00 0.0M
522480.000 1968 COM2 65 0R0 291 0.2 16.2 59.4 1.0081 0.00 0.0M
522540.000 1968 COM2 65 0R0 072 0.1 16.2 59.4 1.0082 0.00 0.0M
522600.000 1968 COM2 65 0R0 208 0.4 16.2 59.7 1.0082 0.00 0.0M
522660.000 1968 COM2 65 0R0 159 0.1 16.2 60.5 1.0082 0.00 0.0M
522720.000 1968 COM2 65 0R0 041 0.2 16.2 60.0 1.0082 0.00 0.0M
522780.000 1968 COM2 65 0R0 263 0.1 16.1 60.6 1.0082 0.00 0.0M
522840.000 1968 COM2 65 0R0 333 0.2 16.2 60.5 1.0082 0.00 0.0M
522900.000 1968 COM2 65 0R0 194 0.3 16.2 59.9 1.0082 0.00 0.0M
522960.000 1968 COM2 65 0R0 202 0.3 16.2 58.5 1.0082 0.00 0.0M
523020.000 1968 COM2 65 0R0 238 0.4 16.2 59.7 1.0082 0.00 0.0M
523080.000 1968 COM2 65 0R0 265 0.3 16.2 59.2 1.0082 0.00 0.0M
523140.000 1968 COM2 65 0R0 208 0.4 16.2 58.8 1.0082 0.00 0.0M
523200.000 1968 COM2 65 0R0 165 0.7 16.2 56.2 1.0082 0.00 0.0M
523260.000 1968 COM2 65 0R0 209 1.0 16.2 58.0 1.0082 0.00 0.0M
523320.000 1968 COM2 65 0R0 200 0.8 16.2 58.3 1.0082 0.00 0.0M
523380.000 1968 COM2 65 0R0 225 0.7 16.2 57.3 1.0082 0.00 0.0M
523440.000 1968 COM2 65 0R0 267 0.5 16.2 58.6 1.0082 0.00 0.0M
523500.000 1968 COM2 65 0R0 255 0.6 16.2 57.0 1.0082 0.00 0.0M
523560.000 1968 COM2 65 0R0 259 0.6 16.2 56.0 1.0082 0.00 0.0M
523620.000 1968 COM2 65 0R0 259 0.5 16.3 56.6 1.0082 0.00 0.0M
523680.000 1968 COM2 65 0R0 260 0.6 16.3 56.2 1.0082 0.00 0.0M
523740.000 1968 COM2 65 0R0 242 0.8 16.3 55.6 1.0082 0.00 0.0M
523800.000 1968 COM2 65 0R0 251 0.9 16.3 55.0 1.0082 0.00 0.0M
523860.000 1968 COM2 65 0R0 220 0.5 16.3 56.1 1.0082 0.00 0.0M
523920.000 1968 COM2 65 0R0 194 0.4 16.3 57.9 1.0082 0.00 0.0M
523980.000 1968 COM2 65 0R0 142 0.3 16.3 57.7 1.0082 0.00 0.0M
524040.000 1968 COM2 65 0R0 213 0.9 16.3 55.1 1.0082 0.00 0.0M
524100.000 1968 COM2 65 0R0 235 0.8 16.3 55.8 1.0082 0.00 0.0M
524160.000 1968 COM2 65 0R0 217 0.7 16.3 56.6 1.0083 0.00 0.0M
524220.000 1968 COM2 65 0R0 263 0.4 16.3 54.9 1.0083 0.00 0.0M
524280.100 1968 COM2 65 0R0 165 0.4 16.3 55.1 1.0083 0.00 0.0M
524340.000 1968 COM2 65 0R0 149 0.6 16.2 57.5 1.0083 0.00 0.0M
524400.000 1968 COM2 65 0R0 315 0.1 16.2 58.4 1.0082 0.00 0.0M
524460.000 1968 COM2 65 0R0 154 0.1 16.1 59.6 1.0082 0.00 0.0M
524520.000 1968 COM2 65 0R0 108 0.4 16.1 59.5 1.0082 0.00 0.0M
524580.000 1968 COM2 65 0R0 091 0.4 16.1 60.2 1.0082 0.00 0.0M
524640.000 1968 COM2 65 0R0 090 0.2 16.0 60.2 1.0082 0.00 0.0M
524700.000 1968 COM2 65 0R0 092 0.2 16.0 60.9 1.0082 0.00 0.0M
524760.000 1968 COM2 65 0R0 103 0.3 16.0 60.9 1.0082 0.00 0.0M
524820.000 1968 COM2 65 0R0 122 0.5 15.9 59.9 1.0083 0.00 0.0M
524880.000 1968 COM2 65 0R0 208 0.5 15.9 61.4 1.0083 0.00 0.0M
524940.000 1968 COM2 65 0R0 088 0.4 15.8 61.5 1.0083 0.00 0.0M
525000.000 1968 COM2 65 0R0 094 0.2 15.8 62.0 1.0083 0.00 0.0M
525060.000 1968 COM2 65 0R0 185 0.5 15.8 61.9 1.0083 0.00 0.0M
525120.000 1968 COM2 65 0R0 190 0.6 15.8 61.3 1.0083 0.00 0.0M
525180.000 1968 COM2 65 0R0 196 0.9 15.7 61.8 1.0083 0.00 0.0M
525240.000 1968 COM2 65 0R0 174 0.5 15.7 61.4 1.0083 0.00 0.0M
525300.000 1968 COM2 65 0R0 189 0.7 15.7 61.6 1.0083 0.00 0.0M
525360.000 1968 COM2 65 0R0 240 0.6 15.7 61.0 1.0084 0.00 0.0M
525420.000 1968 COM2 65 0R0 214 0.6 15.7 58.8 1.0084 0.00 0.0M
525480.000 1968 COM2 65 0R0 181 0.5 15.7 60.9 1.0084 0.00 0.0M
525540.000 1968 COM2 65 0R0 194 0.5 15.6 60.8 1.0084 0.00 0.0M
525600.000 1968 COM2 65 0R0 216 0.5 15.6 61.0 1.0083 0.00 0.0M
525660.000 1968 COM2 65 0R0 055 0.2 15.6 61.6 1.0084 0.00 0.0M
525720.000 1968 COM2 65 0R0 106 0.4 15.6 59.8 1.0084 0.00 0.0M
525780.000 1968 COM2 65 0R0 153 0.2 15.6 60.7 1.0084 0.00 0.0M
525840.000 1968 COM2 65 0R0 180 0.2 15.6 61.3 1.0084 0.00 0.0M
525900.000 1968 COM2 65 0R0 249 0.1 15.6 60.9 1.0084 0.00 0.0M
525960.000 1968 COM2 65 0R0 228 0.2 15.6 59.7 1.0084 0.00 0.0M
526020.000 1968 COM2 65 0R0 241 0.3 15.6 60.2 1.0084 0.00 0.0M
526080.000 1968 COM2 65 0R0 197 0.5 15.6 59.3 1.0084 0.00 0.0M
526140.000 1968 COM2 65 0R0 282 0.3 15.6 61.4 1.0084 0.00 0.0M
526200.000 1968 COM2 65 0R0 226 0.4 15.6 61.0 1.0083 0.00 0.0M
526260.000 1968 COM2 65 0R0 151 0.4 15.6 61.5 1.0083 0.00 0.0M
526320.000 1968 COM2 65 0R0 171 0.4 15.6 61.8 1.0083 0.00 0.0M
526380.000 1968 COM2 65 0R0 183 0.7 15.6 60.6 1.0083 0.00 0.0M
526440.000 1968 COM2 65 0R0 184 0.4 15.6 62.5 1.0083 0.00 0.0M
526500.000 1968 COM2 65 0R0 185 0.9 15.6 62.4 1.0083 0.00 0.0M
526560.000 1968 COM2 65 0R0 211 0.4 15.5 62.8 1.0083 0.00 0.0M
526620.000 1968 COM2 65 0R0 184 0.3 15.5 63.1 1.0083 0.00 0.0M
526680.000 1968 COM2 65 0R0 192 0.5 15.5 61.8 1.0082 0.00 0.0M
526740.000 1968 COM2 65 0R0 178 0.5 15.4 61.5 1.0083 0.00 0.0M
526800.000 1968 COM2 65 0R0 189 0.9 15.4 60.8 1.0083 0.00 0.0M
526860.000 1968 COM2 65 0R0 205 0.5 15.4 61.6 1.0083 0.00 0.0M
526920.000 1968 COM2 65 0R0 189 0.7 15.4 58.8 1.0083 0.00 0.0M
526980.000 1968 COM2 65 0R0 205 1.1 15.4 58.2 1.0083 0.00 0.0M
527040.000 1968 COM2 65 0R0 171 0.3 15.4 61.4 1.0082 0.00 0.0M
527100.000 1968 COM2 65 0R0 205 0.4 15.4 60.6 1.0082 0.00 0.0M
527160.000 1968 COM2 65 0R0 210 0.8 15.4 60.7 1.0082 0.00 0.0M
527220.000 1968 COM2 65 0R0 177 0.7 15.4 60.9 1.0082 0.00 0.0M
527280.000 1968 COM2 65 0R0 205 0.8 15.3 60.9 1.0082 0.00 0.0M
527340.000 1968 COM2 65 0R0 200 0.9 15.3 58.9 1.0082 0.00 0.0M
527400.000 1968 COM2 65 0R0 204 0.8 15.3 59.9 1.0082 0.00 0.0M
527460.000 1968 COM2 65 0R0 210 0.9 15.3 60.0 1.0082 0.00 0.0M
527520.000 1968 COM2 65 0R0 217 0.6 15.3 60.6 1.0082 0.00 0.0M
527580.000 1968 COM2 65 0R0 209 1.3 15.3 60.0 1.0081 0.00 0.0M
527640.000 1968 COM2 65 0R0 215 1.1 15.2 59.9 1.0081 0.00 0.0M
527700.000 1968 COM2 65 0R0 154 0.9 15.2 62.0 1.0081 0.00 0.0M
527760.000 1968 COM2 65 0R0 184 0.8 15.1 62.5 1.0081 0.00 0.0M
527820.000 1968 COM2 65 0R0 096 0.2 15.1 63.8 1.0081 0.00 0.0M
527880.000 1968 COM2 65 0R0 136 0.5 15.0 63.8 1.0081 0.00 0.0M
527940.000 1968 COM2 65 0R0 175 1.3 15.0 62.5 1.0081 0.00 0.0M
528000.000 1968 COM2 65 0R0 142 0.8 14.9 63.2 1.0081 0.00 0.0M
528060.000 1968 COM2 65 0R0 169 0.3 14.8 63.5 1.0081 0.00 0.0M
528120.000 1968 COM2 65 0R0 173 1.0 14.8 62.7 1.0081 0.00 0.0M
528180.000 1968 COM2 65 0R0 175 1.2 14.7 63.1 1.0081 0.00 0.0M
528240.000 1968 COM2 65 0R0 182 1.1 14.7 64.1 1.0081 0.00 0.0M
528300.000 1968 COM2 65 0R0 171 0.9 14.6 64.7 1.0081 0.00 0.0M
528360.000 1968 COM2 65 0R0 188 0.8 14.6 65.3 1.0081 0.00 0.0M
528420.000 1968 COM2 65 0R0 200 0.9 14.6 66.2 1.0082 0.00 0.0M
528480.000 1968 COM2 65 0R0 220 1.0 14.6 65.1 1.0082 0.00 0.0M
528540.000 1968 COM2 65 0R0 200 0.9 14.6 65.5 1.0081 0.00 0.0M
528600.000 1968 COM2 65 0R0 202 0.8 14.6 65.1 1.0081 0.00 0.0M
528660.100 1968 COM2 65 0R0 216 0.8 14.6 66.0 1.0081 0.00 0.0M
528720.000 1968 COM2 65 0R0 294 0.4 14.6 65.6 1.0081 0.00 0.0M
528780.000 1968 COM2 65 0R0 215 0.7 14.6 65.7 1.0081 0.00 0.0M
528840.000 1968 COM2 65 0R0 237 0.5 14.5 66.2 1.0081 0.00 0.0M
528900.000 1968 COM2 65 0R0 239 0.8 14.5 66.3 1.0081 0.00 0.0M
528960.000 1968 COM2 65 0R0 224 1.2 14.5 66.2 1.0081 0.00 0.0M
529020.000 1968 COM2 65 0R0 251 0.9 14.6 66.0 1.0081 0.00 0.0M
529080.000 1968 COM2 65 0R0 223 1.2 14.6 66.0 1.0081 0.00 0.0M
529140.000 1968 COM2 65 0R0 208 1.0 14.6 66.0 1.0081 0.00 0.0M
529200.000 1968 COM2 65 0R0 204 1.0 14.6 65.4 1.0081 0.00 0.0M
529260.000 1968 COM2 65 0R0 220 1.6 14.6 66.3 1.0081 0.00 0.0M
529320.000 1968 COM2 65 0R0 201 0.9 14.6 66.0 1.0081 0.00 0.0M
529380.000 1968 COM2 65 0R0 211 1.0 14.6 66.0 1.0081 0.00 0.0M
529440.000 1968 COM2 65 0R0 209 0.8 14.6 66.5 1.0081 0.00 0.0M
529500.000 1968 COM2 65 0R0 208 0.6 14.5 65.9 1.0081 0.00 0.0M
529560.100 1968 COM2 65 0R0 221 0.8 14.5 66.7 1.0081 0.00 0.0M
529620.000 1968 COM2 65 0R0 201 1.0 14.5 66.1 1.0081 0.00 0.0M
529680.000 1968 COM2 65 0R0 198 0.7 14.5 66.6 1.0081 0.00 0.0M
529740.000 1968 COM2 65 0R0 214 1.4 14.5 66.1 1.0081 0.00 0.0M
529800.000 1968 COM2 65 0R0 202 1.2 14.5 66.7 1.0081 0.00 0.0M
529860.000 1968 COM2 65 0R0 224 0.8 14.4 66.8 1.0081 0.00 0.0M
529920.000 1968 COM2 65 0R0 249 1.0 14.4 67.0 1.0081 0.00 0.0M
529980.000 1968 COM2 65 0R0 225 1.8 14.4 66.9 1.0082 0.00 0.0M
530040.100 1968 COM2 65 0R0 226 1.8 14.4 66.9 1.0082 0.00 0.0M
530100.100 1968 COM2 65 0R0 194 0.8 14.4 67.3 1.0082 0.00 0.0M
530160.100 1968 COM2 65 0R0 210 0.9 14.4 67.0 1.0082 0.00 0.0M
530220.100 1968 COM2 65 0R0 226 1.5 14.4 66.9 1.0082 0.00 0.0M
530280.100 1968 COM2 65 0R0 195 1.1 14.3 67.0 1.0082 0.00 0.0M
530340.000 1968 COM2 65 0R0 217 1.7 14.3 67.2 1.0081 0.00 0.0M
530400.000 1968 COM2 65 0R0 210 2.2 14.3 67.4 1.0082 0.00 0.0M
530460.000 1968 COM2 65 0R0 195 2.2 14.3 67.0 1.0081 0.00 0.0M
530520.000 1968 COM2 65 0R0 200 1.9 14.2 67.0 1.0081 0.00 0.0M
530580.000 1968 COM2 65 0R0 215 1.6 14.2 67.6 1.0081 0.00 0.0M
530640.000 1968 COM2 65 0R0 209 1.6 14.2 67.4 1.0081 0.00 0.0M
530700.000 1968 COM2 65 0R0 187 2.0 14.2 67.0 1.0081 0.00 0.0M
530760.000 1968 COM2 65 0R0 207 1.6 14.2 67.7 1.0081 0.00 0.0M
530820.000 1968 COM2 65 0R0 213 0.5 14.2 67.4 1.0081 0.00 0.0M
530880.000 1968 COM2 65 0R0 233 1.8 14.2 66.9 1.0081 0.00 0.0M
530940.000 1968 COM2 65 0R0 196 1.1 14.3 66.5 1.0081 0.00 0.0M
531000.000 1968 COM2 65 0R0 243 0.8 14.3 66.9 1.0081 0.00 0.0M
531060.000 1968 COM2 65 0R0 224 1.6 14.3 66.1 1.0081 0.00 0.0M
531120.000 1968 COM2 65 0R0 219 1.5 14.3 66.7 1.0081 0.00 0.0M
531180.000 1968 COM2 65 0R0 238 1.5 14.4 66.4 1.0080 0.00 0.0M
531240.000 1968 COM2 65 0R0 222 1.4 14.4 65.6 1.0080 0.00 0.0M
531300.000 1968 COM2 65 0R0 187 0.6 14.4 66.0 1.0080 0.00 0.0M
531360.000 1968 COM2 65 0R0 287 1.2 14.5 66.0 1.0081 0.00 0.0M
531420.000 1968 COM2 65 0R0 228 1.6 14.5 65.3 1.0081 0.00 0.0M
531480.000 1968 COM2 65 0R0 332 0.8 14.5 65.2 1.0081 0.00 0.0M
531540.000 1968 COM2 65 0R0 256 2.5 14.5 65.3 1.0081 0.00 0.0M
531600.000 1968 COM2 65 0R0 244 1.3 14.6 65.4 1.0081 0.00 0.0M
531660.000 1968 COM2 65 0R0 227 0.9 14.6 65.2 1.0082 0.00 0.0M
531720.000 1968 COM2 65 0R0 263 2.0 14.6 65.1 1.0082 0.00 0.0M
531780.000 1968 COM2 65 0R0 246 1.5 14.7 65.0 1.0082 0.00 0.0M
531840.000 1968 COM2 65 0R0 271 1.0 14.7 64.9 1.0082 0.00 0.0M
531900.000 1968 COM2 65 0R0 241 2.7 14.7 65.0 1.0082 0.00 0.0M
531960.000 1968 COM2 65 0R0 233 1.3 14.8 65.0 1.0082 0.00 0.0M
532020.000 1968 COM2 65 0R0 263 1.1 14.8 64.9 1.0082 0.00 0.0M
532080.000 1968 COM2 65 0R0 256 0.7 14.8 64.9 1.0083 0.00 0.0M
532140.000 1968 COM2 65 0R0 289 0.9 14.8 64.9 1.0083 0.00 0.0M
532200.000 1968 COM2 65 0R0 241 0.9 14.9 64.9 1.0083 0.00 0.0M
532260.000 1968 COM2 65 0R0 261 1.1 14.9 64.9 1.0083 0.00 0.0M
532320.000 1968 COM2 65 0R0 262 1.2 14.9 64.9 1.0083 0.00 0.0M
532380.000 1968 COM2 65 0R0 269 1.0 15.0 65.0 1.0083 0.00 0.0M
532440.000 1968 COM2 65 0R0 267 0.7 15.0 65.1 1.0083 0.00 0.0M
532500.000 1968 COM2 65 0R0 261 0.7 15.0 65.0 1.0084 0.00 0.0M
532560.000 1968 COM2 65 0R0 276 0.9 15.0 65.1 1.0084 0.00 0.0M
532620.000 1968 COM2 65 0R0 284 1.7 15.0 65.3 1.0083 0.00 0.0M
532680.000 1968 COM2 65 0R0 261 1.8 15.1 65.1 1.0083 0.00 0.0M
532740.000 1968 COM2 65 0R0 234 1.0 15.1 65.3 1.0084 0.00 0.0M
532800.000 1968 COM2 65 0R0 278 2.6 15.1 65.4 1.0083 0.00 0.0M
532860.000 1968 COM2 65 0R0 261 1.8 15.1 65.4 1.0083 0.00 0.0M
532920.000 1968 COM2 65 0R0 260 1.1 15.1 65.4 1.0083 0.00 0.0M
532980.000 1968 COM2 65 0R0 256 3.1 15.1 65.5 1.0083 0.00 0.0M
533040.000 1968 COM2 65 0R0 266 1.7 15.1 65.3 1.0083 0.00 0.0M
533100.000 1968 COM2 65 0R0 269 2.8 15.1 65.5 1.0083 0.00 0.0M
533160.000 1968 COM2 65 0R0 291 1.7 15.2 65.4 1.0083 0.00 0.0M
533220.000 1968 COM2 65 0R0 258 1.5 15.2 65.5 1.0083 0.00 0.0M
533280.000 1968 COM2 65 0R0 246 1.0 15.2 65.3 1.0083 0.00 0.0M
533340.000 1968 COM2 65 0R0 307 1.5 15.2 65.4 1.0083 0.00 0.0M
533400.000 1968 COM2 65 0R0 260 1.9 15.2 65.5 1.0083 0.00 0.0M
533460.000 1968 COM2 65 0R0 310 1.0 15.2 65.5 1.0083 0.00 0.0M
533520.000 1968 COM2 65 0R0 267 1.1 15.2 65.6 1.0083 0.00 0.0M
533580.000 1968 COM2 65 0R0 317 0.5 15.2 65.6 1.0083 0.00 0.0M
533640.000 1968 COM2 65 0R0 272 0.8 15.2 65.5 1.0084 0.00 0.0M
533700.000 1968 COM2 65 0R0 245 1.1 15.2 65.3 1.0084 0.00 0.0M
533760.000 1968 COM2 65 0R0 230 0.8 15.2 65.1 1.0084 0.00 0.0M
533820.000 1968 COM2 65 0R0 308 2.0 15.1 65.3 1.0084 0.00 0.0M
533880.000 1968 COM2 65 0R0 286 2.3 15.1 65.1 1.0085 0.00 0.0M
533940.000 1968 COM2 65 0R0 270 3.4 15.0 65.2 1.0085 0.00 0.0M
534000.000 1968 COM2 65 0R0 334 0.9 15.0 65.2 1.0085 0.00 0.0M
534060.000 1968 COM2 65 0R0 259 3.1 14.9 65.1 1.0087 0.00 0.0M
534120.000 1968 COM2 65 0R0 277 3.9 14.9 64.8 1.0086 0.00 0.0M
534180.000 1968 COM2 65 0R0 271 4.6 14.8 65.0 1.0086 0.00 0.0M
534240.000 1968 COM2 65 0R0 288 2.6 14.7 65.0 1.0086 0.00 0.0M
534300.000 1968 COM2 65 0R0 296 3.4 14.7 64.4 1.0086 0.00 0.0M
534360.000 1968 COM2 65 0R0 246 1.4 14.7 64.0 1.0086 0.00 0.0M
534420.000 1968 COM2 65 0R0 273 3.7 14.7 63.5 1.0086 0.00 0.0M
534480.000 1968 COM2 65 0R0 190 0.7 14.7 64.0 1.0087 0.00 0.0M
534540.000 1968 COM2 65 0R0 256 1.7 14.8 63.2 1.0085 0.00 0.0M
534600.000 1968 COM2 65 0R0 260 1.5 14.8 63.6 1.0086 0.00 0.0M
534660.000 1968 COM2 65 0R0 241 1.2 14.8 63.6 1.0086 0.00 0.0M
534720.000 1968 COM2 65 0R0 265 1.7 14.9 62.8 1.0085 0.00 0.0M
534780.000 1968 COM2 65 0R0 265 1.0 14.9 62.7 1.0085 0.00 0.0M
534840.000 1968 COM2 65 0R0 268 1.8 15.0 62.4 1.0085 0.00 0.0M
534900.000 1968 COM2 65 0R0 304 2.2 15.0 62.1 1.0085 0.00 0.0M
534960.000 1968 COM2 65 0R0 284 2.6 15.1 62.0 1.0085 0.00 0.0M
535020.000 1968 COM2 65 0R0 278 1.1 15.2 62.0 1.0085 0.00 0.0M
535080.000 1968 COM2 65 0R0 302 1.6 15.2 61.5 1.0085 0.00 0.0M
535140.000 1968 COM2 65 0R0 314 0.8 15.3 61.4 1.0085 0.00 0.0M
535200.000 1968 COM2 65 0R0 254 1.7 15.3 61.2 1.0085 0.00 0.0M
535260.000 1968 COM2 65 0R0 289 1.5 15.3 60.9 1.0085 0.00 0.0M
535320.000 1968 COM2 65 0R0 254 0.6 15.3 60.9 1.0085 0.00 0.0M
535380.000 1968 COM2 65 0R0 265 1.7 15.3 60.7 1.0085 0.00 0.0M
535440.000 1968 COM2 65 0R0 287 1.7 15.3 61.1 1.0085 0.00 0.0M
535500.000 1968 COM2 65 0R0 291 2.2 15.3 60.7 1.0084 0.00 0.0M
535560.000 1968 COM2 65 0R0 267 3.0 15.3 61.2 1.0084 0.00 0.0M
535620.000 1968 COM2 65 0R0 282 2.8 15.3 61.4 1.0084 0.00 0.0M
535680.000 1968 COM2 65 0R0 276 0.8 15.3 60.8 1.0084 0.00 0.0M
535740.000 1968 COM2 65 0R0 226 0.4 15.3 61.4 1.0084 0.00 0.0M
535800.100 1968 COM2 65 0R0 254 0.5 15.3 61.4 1.0084 0.00 0.0M
535860.000 1968 COM2 65 0R0 274 1.0 15.4 61.2 1.0084 0.00 0.0M
535920.000 1968 COM2 65 0R0 191 0.6 15.4 61.3 1.0084 0.00 0.0M
535980.000 1968 COM2 65 0R0 250 2.2 15.4 61.3 1.0083 0.00 0.0M
536040.000 1968 COM2 65 0R0 258 1.7 15.4 61.3 1.0083 0.00 0.0M
536100.000 1968 COM2 65 0R0 254 2.0 15.4 61.4 1.0083 0.00 0.0M
536160.000 1968 COM2 65 0R0 254 2.1 15.4 61.1 1.0083 0.00 0.0M
536220.000 1968 COM2 65 0R0 254 1.9 15.3 61.6 1.0083 0.00 0.0M
536280.000 1968 COM2 65 0R0 243 1.8 15.3 61.5 1.0083 0.00 0.0M
536340.000 1968 COM2 65 0R0 283 1.4 15.3 62.1 1.0083 0.00 0.0M
536400.000 1968 COM2 65 0R0 237 2.2 15.3 62.1 1.0083 0.00 0.0M
536460.000 1968 COM2 65 0R0 269 1.9 15.3 62.0 1.0083 0.00 0.0M
536520.000 1968 COM2 65 0R0 252 0.8 15.3 61.9 1.0083 0.00 0.0M
536580.000 1968 COM2 65 0R0 255 2.8 15.3 62.0 1.0083 0.00 0.0M
536640.000 1968 COM2 65 0R0 299 0.8 15.3 62.0 1.0084 0.00 0.0M
536700.000 1968 COM2 65 0R0 263 1.7 15.3 62.0 1.0084 0.00 0.0M
536760.000 1968 COM2 65 0R0 108 0.8 15.3 62.3 1.0084 0.00 0.0M
536820.000 1968 COM2 65 0R0 287 0.4 15.3 62.2 1.0084 0.00 0.0M
536880.000 1968 COM2 65 0R0 269 0.4 15.3 62.1 1.0083 0.00 0.0M
536940.000 1968 COM2 65 0R0 289 0.6 15.3 61.9 1.0082 0.00 0.0M
537000.000 1968 COM2 65 0R0 219 0.6 15.3 62.1 1.0082 0.00 0.0M
537060.000 1968 COM2 65 0R0 257 1.2 15.3 62.0 1.0082 0.00 0.0M
537120.000 1968 COM2 65 0R0 255 1.7 15.4 61.8 1.0082 0.00 0.0M
537180.000 1968 COM2 65 0R0 183 1.6 15.4 61.9 1.0081 0.00 0.0M
537240.000 1968 COM2 65 0R0 200 2.1 15.3 62.0 1.0080 0.00 0.0M
537300.000 1968 COM2 65 0R0 192 0.7 15.2 62.4 1.0079 0.00 0.0M
537360.000 1968 COM2 65 0R0 094 0.5 15.2 63.1 1.0078 0.00 0.0M
537420.000 1968 COM2 65 0R0 173 1.5 15.2 62.8 1.0078 0.00 0.0M
537480.000 1968 COM2 65 0R0 183 1.1 15.3 62.6 1.0077 0.00 0.0M
537540.000 1968 COM2 65 0R0 112 0.5 15.3 62.9 1.0077 0.00 0.0M
537600.000 1968 COM2 65 0R0 144 1.2 15.3 63.2 1.0077 0.00 0.0M
537660.000 1968 COM2 65 0R0 143 1.2 15.3 63.0 1.0077 0.00 0.0M
537720.000 1968 COM2 65 0R0 131 0.7 15.3 62.9 1.0077 0.00 0.0M
537780.100 1968 COM2 65 0R0 082 0.4 15.3 63.3 1.0077 0.00 0.0M
537840.000 1968 COM2 65 0R0 142 1.6 15.2 64.1 1.0078 0.00 0.0M
537900.000 1968 COM2 65 0R0 177 1.8 15.2 64.9 1.0078 0.00 0.0M
537960.100 1968 COM2 65 0R0 186 1.6 15.1 65.3 1.0079 0.00 0.0M
538020.000 1968 COM2 65 0R0 180 1.5 14.9 65.5 1.0079 0.00 0.0M
538080.000 1968 COM2 65 0R0 182 1.7 14.8 66.3 1.0079 0.00 0.0M
538140.000 1968 COM2 65 0R0 188 1.4 14.6 67.4 1.0079 0.00 0.0M
538200.000 1968 COM2 65 0R0 182 2.0 14.5 67.9 1.0079 0.00 0.0M
538260.000 1968 COM2 65 0R0 196 1.8 14.5 67.9 1.0079 0.00 0.0M
538320.000 1968 COM2 65 0R0 224 1.5 14.5 68.1 1.0080 0.00 0.0M
538380.000 1968 COM2 65 0R0 237 1.9 14.5 68.0 1.0080 0.00 0.0M
538440.100 1968 COM2 65 0R0 265 1.7 14.5 67.3 1.0080 0.00 0.0M
538500.000 1968 COM2 65 0R0 235 2.1 14.5 67.7 1.0079 0.00 0.0M
538560.000 1968 COM2 65 0R0 225 2.7 14.6 67.4 1.0079 0.00 0.0M
538620.000 1968 COM2 65 0R0 232 2.4 14.6 67.5 1.0079 0.00 0.0M
538680.000 1968 COM2 65 0R0 232 1.7 14.6 67.3 1.0079 0.00 0.0M
538740.000 1968 COM2 65 0R0 217 2.5 14.6 66.9 1.0080 0.00 0.0M
538800.000 1968 COM2 65 0R0 224 1.7 14.6 67.0 1.0080 0.00 0.0M
538860.000 1968 COM2 65 0R0 230 2.4 14.6 67.3 1.0080 0.00 0.0M
538920.000 1968 COM2 65 0R0 212 1.1 14.6 67.3 1.0080 0.00 0.0M
538980.000 1968 COM2 65 0R0 308 1.5 14.6 67.6 1.0080 0.00 0.0M
539040.000 1968 COM2 65 0R0 259 1.6 14.6 67.2 1.0080 0.00 0.0M
539100.000 1968 COM2 65 0R0 251 1.9 14.6 66.7 1.0080 0.00 0.0M
539160.000 1968 COM2 65 0R0 279 1.0 14.6 66.8 1.0080 0.00 0.0M
539220.000 1968 COM2 65 0R0 237 2.0 14.6 66.4 1.0080 0.00 0.0M
539280.000 1968 COM2 65 0R0 256 0.7 14.6 66.4 1.0080 0.00 0.0M
539340.000 1968 COM2 65 0R0 209 1.9 14.7 66.6 1.0080 0.00 0.0M
539400.000 1968 COM2 65 0R0 199 1.4 14.7 66.6 1.0080 0.00 0.0M
539460.000 1968 COM2 65 0R0 233 2.0 14.7 66.5 1.0080 0.00 0.0M
539520.000 1968 COM2 65 0R0 250 2.7 14.7 66.2 1.0079 0.00 0.0M
539580.000 1968 COM2 65 0R0 228 0.6 14.7 66.2 1.0079 0.00 0.0M
539640.000 1968 COM2 65 0R0 192 0.7 14.7 66.4 1.0080 0.00 0.0M
539700.000 1968 COM2 65 0R0 290 1.3 14.7 66.3 1.0080 0.00 0.0M
539760.000 1968 COM2 65 0R0 263 1.5 14.7 66.5 1.0081 0.00 0.0M
539820.000 1968 COM2 65 0R0 256 0.8 14.7 66.5 1.0081 0.00 0.0M
539880.000 1968 COM2 65 0R0 277 1.2 14.7 66.6 1.0081 0.00 0.0M
539940.000 1968 COM2 65 0R0 244 1.0 14.7 66.1 1.0081 0.00 0.0M
540000.000 1968 COM2 65 0R0 204 0.8 14.7 66.2 1.0081 0.00 0.0M
540060.000 1968 COM2 65 0R0 277 1.1 14.7 66.3 1.0081 0.00 0.0M
540120.000 1968 COM2 65 0R0 238 1.5 14.7 66.1 1.0081 0.00 0.0M
540180.000 1968 COM2 65 0R0 234 0.7 14.7 66.2 1.0081 0.00 0.0M
540240.000 1968 COM2 65 0R0 254 1.4 14.7 66.6 1.0081 0.00 0.0M
540300.000 1968 COM2 65 0R0 270 0.9 14.7 66.8 1.0081 0.00 0.0M
540360.000 1968 COM2 65 0R0 305 0.5 14.7 66.6 1.0081 0.00 0.0M
540420.100 1968 COM2 65 0R0 267 2.0 14.7 66.6 1.0082 0.00 0.0M
540480.000 1968 COM2 65 0R0 280 2.0 14.7 66.6 1.0082 0.00 0.0M
540540.000 1968 COM2 65 0R0 306 0.9 14.7 66.7 1.0082 0.00 0.0M
540600.000 1968 COM2 65 0R0 306 1.5 14.7 66.7 1.0082 0.00 0.0M
540660.000 1968 COM2 65 0R0 319 0.4 14.6 67.3 1.0082 0.00 0.0M
540720.000 1968 COM2 65 0R0 302 1.1 14.6 67.8 1.0082 0.00 0.0M
540780.000 1968 COM2 65 0R0 299 1.8 14.5 68.0 1.0082 0.00 0.0M
540840.000 1968 COM2 65 0R0 295 3.0 14.4 68.3 1.0082 0.00 0.0M
540900.000 1968 COM2 65 0R0 268 0.6 14.3 68.6 1.0082 0.00 0.0M
540960.000 1968 COM2 65 0R0 300 2.6 14.2 69.1 1.0082 0.00 0.0M
541020.000 1968 COM2 65 0R0 273 2.2 14.2 69.3 1.0081 0.00 0.0M
541080.000 1968 COM2 65 0R0 286 2.7 14.2 69.1 1.0081 0.00 0.0M
541140.000 1968 COM2 65 0R0 296 2.8 14.2 69.1 1.0081 0.00 0.0M
541200.000 1968 COM2 65 0R0 301 2.0 14.1 69.3 1.0081 0.00 0.0M
541260.000 1968 COM2 65 0R0 299 1.0 14.1 69.7 1.0081 0.00 0.0M
541320.000 1968 COM2 65 0R0 310 2.5 14.1 69.6 1.0081 0.00 0.0M
541380.000 1968 COM2 65 0R0 285 2.8 14.1 69.7 1.0081 0.00 0.0M
541440.000 1968 COM2 65 0R0 285 2.1 14.1 69.5 1.0081 0.00 0.0M
541500.000 1968 COM2 65 0R0 310 1.3 14.1 69.5 1.0081 0.00 0.0M
541560.000 1968 COM2 65 0R0 293 2.2 14.1 69.7 1.0081 0.00 0.0M
541620.000 1968 COM2 65 0R0 280 3.4 14.0 69.9 1.0081 0.00 0.0M
541680.000 1968 COM2 65 0R0 286 1.7 14.0 69.7 1.0081 0.00 0.0M
541740.000 1968 COM2 65 0R0 312 0.9 14.0 70.1 1.0081 0.00 0.0M
541800.000 1968 COM2 65 0R0 300 1.6 14.0 69.8 1.0081 0.00 0.0M
541860.000 1968 COM2 65 0R0 282 3.5 14.0 69.8 1.0081 0.00 0.0M
541920.000 1968 COM2 65 0R0 279 3.6 14.0 70.0 1.0081 0.00 0.0M
541980.000 1968 COM2 65 0R0 290 2.9 14.0 70.1 1.0081 0.00 0.0M
542040.000 1968 COM2 65 0R0 290 1.4 14.0 70.2 1.0081 0.00 0.0M
542100.000 1968 COM2 65 0R0 309 1.5 14.0 70.1 1.0080 0.00 0.0M
542160.000 1968 COM2 65 0R0 295 1.8 14.0 70.2 1.0080 0.00 0.0M
542220.000 1968 COM2 65 0R0 247 0.7 14.0 69.8 1.0080 0.00 0.0M
542280.000 1968 COM2 65 0R0 293 1.9 14.0 70.2 1.0080 0.00 0.0M
542340.000 1968 COM2 65 0R0 271 2.2 14.0 70.1 1.0080 0.00 0.0M
542400.000 1968 COM2 65 0R0 284 2.6 14.0 70.0 1.0080 0.00 0.0M
542460.000 1968 COM2 65 0R0 279 3.0 14.0 69.8 1.0080 0.00 0.0M
542520.000 1968 COM2 65 0R0 282 2.3 14.0 69.9 1.0080 0.00 0.0M
542580.000 1968 COM2 65 0R0 267 2.1 14.0 69.9 1.0080 0.00 0.0M
542640.000 1968 COM2 65 0R0 254 2.6 14.0 69.5 1.0080 0.00 0.0M
542700.000 1968 COM2 65 0R0 270 2.2 14.0 69.9 1.0080 0.00 0.0M
542760.000 1968 COM2 65 0R0 289 2.3 14.0 69.7 1.0080 0.00 0.0M
542820.000 1968 COM2 65 0R0 158 0.7 14.0 69.9 1.0080 0.00 0.0M
542880.000 1968 COM2 65 0R0 274 3.4 14.0 69.8 1.0080 0.00 0.0M
542940.000 1968 COM2 65 0R0 295 1.1 14.0 69.8 1.0080 0.00 0.0M
543000.000 1968 COM2 65 0R0 274 1.4 14.0 69.4 1.0079 0.00 0.0M
543060.000 1968 COM2 65 0R0 285 1.0 14.0 69.8 1.0079 0.00 0.0M
543120.000 1968 COM2 65 0R0 278 1.4 14.0 69.8 1.0079 0.00 0.0M
543180.000 1968 COM2 65 0R0 248 1.6 14.0 70.0 1.0079 0.00 0.0M
543240.000 1968 COM2 65 0R0 223 0.8 14.0 69.8 1.0079 0.00 0.0M
543300.000 1968 COM2 65 0R0 285 1.4 14.0 69.6 1.0079 0.00 0.0M
543360.100 1968 COM2 65 0R0 280 2.6 14.0 69.8 1.0079 0.00 0.0M
543420.000 1968 COM2 65 0R0 268 1.1 14.0 69.8 1.0079 0.00 0.0M
543480.000 1968 COM2 65 0R0 282 1.5 14.0 69.7 1.0078 0.00 0.0M
543540.000 1968 COM2 65 0R0 239 1.5 14.0 69.6 1.0078 0.00 0.0M
543600.000 1968 COM2 65 0R0 271 1.7 14.0 70.0 1.0079 0.00 0.0M
543660.000 1968 COM2 65 0R0 227 1.7 14.1 69.4 1.0079 0.00 0.0M
543720.000 1968 COM2 65 0R0 204 0.8 14.1 69.4 1.0079 0.00 0.0M
543780.000 1968 COM2 65 0R0 311 0.9 14.1 69.7 1.0079 0.00 0.0M
543840.000 1968 COM2 65 0R0 247 1.2 14.1 69.5 1.0079 0.00 0.0M
543900.000 1968 COM2 65 0R0 286 2.5 14.1 69.4 1.0079 0.00 0.0M
543960.000 1968 COM2 65 0R0 300 1.3 14.1 69.6 1.0079 0.00 0.0M
544020.000 1968 COM2 65 0R0 268 0.6 14.1 69.6 1.0079 0.00 0.0M
544080.000 1968 COM2 65 0R0 263 2.4 14.1 69.7 1.0079 0.00 0.0M
544140.000 1968 COM2 65 0R0 283 1.2 14.1 69.8 1.0079 0.00 0.0M
544200.000 1968 COM2 65 0R0 228 0.9 14.0 69.8 1.0079 0.00 0.0M
544260.000 1968 COM2 65 0R0 229 0.9 14.0 69.9 1.0079 0.00 0.0M
544320.000 1968 COM2 65 0R0 256 2.1 14.0 69.8 1.0079 0.00 0.0M
544380.000 1968 COM2 65 0R0 255 2.8 14.0 69.9 1.0079 0.00 0.0M
544440.000 1968 COM2 65 0R0 239 0.8 14.0 70.1 1.0079 0.00 0.0M
544500.000 1968 COM2 65 0R0 280 0.8 14.0 70.1 1.0079 0.00 0.0M
544560.000 1968 COM2 65 0R0 244 2.1 14.0 70.2 1.0079 0.00 0.0M
544620.000 1968 COM2 65 0R0 242 3.0 14.0 70.1 1.0079 0.00 0.0M
544680.000 1968 COM2 65 0R0 272 1.8 14.0 70.2 1.0079 0.00 0.0M
544740.000 1968 COM2 65 0R0 255 0.8 14.0 70.3 1.0079 0.00 0.0M
544800.000 1968 COM2 65 0R0 267 1.9 14.0 70.2 1.0079 0.00 0.0M
544860.000 1968 COM2 65 0R0 233 1.4 14.0 70.0 1.0079 0.00 0.0M
544920.000 1968 COM2 65 0R0 272 1.0 14.0 70.1 1.0079 0.00 0.0M
544980.000 1968 COM2 65 0R0 250 1.7 14.0 70.1 1.0079 0.00 0.0M
545040.000 1968 COM2 65 0R0 328 0.7 14.0 69.9 1.0079 0.00 0.0M
545100.000 1968 COM2 65 0R0 235 2.6 14.0 70.1 1.0079 0.00 0.0M
545160.000 1968 COM2 65 0R0 232 1.9 14.0 70.1 1.0079 0.00 0.0M
545220.000 1968 COM2 65 0R0 218 1.9 14.0 70.1 1.0079 0.00 0.0M
545280.000 1968 COM2 65 0R0 245 2.1 14.0 70.2 1.0079 0.00 0.0M
545340.000 1968 COM2 65 0R0 224 1.1 14.0 70.6 1.0079 0.00 0.0M
545400.000 1968 COM2 65 0R0 226 1.2 14.0 70.3 1.0079 0.00 0.0M
545460.000 1968 COM2 65 0R0 248 2.9 14.0 70.5 1.0079 0.00 0.0M
545520.000 1968 COM2 65 0R0 238 1.0 14.0 70.5 1.0079 0.00 0.0M
545580.000 1968 COM2 65 0R0 254 1.9 14.0 70.7 1.0080 0.00 0.0M
545640.000 1968 COM2 65 0R0 199 0.9 13.9 70.8 1.0080 0.00 0.0M
545700.000 1968 COM2 65 0R0 257 1.8 13.9 71.2 1.0080 0.00 0.0M
545760.000 1968 COM2 65 0R0 280 1.7 13.9 71.3 1.0080 0.00 0.0M
545820.000 1968 COM2 65 0R0 225 2.0 13.8 71.3 1.0080 0.00 0.0M
545880.000 1968 COM2 65 0R0 265 1.3 13.8 71.7 1.0080 0.00 0.0M
545940.000 1968 COM2 65 0R0 241 2.5 13.7 71.7 1.0080 0.00 0.0M
546000.000 1968 COM2 65 0R0 229 1.2 13.7 72.2 1.0080 0.00 0.0M
546060.000 1968 COM2 65 0R0 256 1.5 13.7 72.1 1.0080 0.00 0.0M
546120.000 1968 COM2 65 0R0 181 2.4 13.7 72.2 1.0080 0.00 0.0M
546180.000 1968 COM2 65 0R0 199 0.8 13.6 72.3 1.0080 0.00 0.0M
546240.000 1968 COM2 65 0R0 277 1.9 13.6 72.3 1.0080 0.00 0.0M
546300.000 1968 COM2 65 0R0 313 0.4 13.6 72.4 1.0080 0.00 0.0M
546360.000 1968 COM2 65 0R0 228 1.9 13.6 72.5 1.0080 0.00 0.0M
546420.000 1968 COM2 65 0R0 252 1.2 13.5 72.7 1.0081 0.00 0.0M
546480.000 1968 COM2 65 0R0 241 0.9 13.5 73.1 1.0081 0.00 0.0M
546540.000 1968 COM2 65 0R0 202 0.6 13.5 73.2 1.0081 0.00 0.0M
546600.000 1968 COM2 65 0R0 236 1.2 13.5 73.1 1.0081 0.00 0.0M
546660.000 1968 COM2 65 0R0 236 0.7 13.5 73.3 1.0081 0.00 0.0M
546720.000 1968 COM2 65 0R0 176 1.8 13.5 73.2 1.0081 0.00 0.0M
546780.000 1968 COM2 65 0R0 217 1.2 13.4 73.5 1.0081 0.00 0.0M
546840.000 1968 COM2 65 0R0 236 2.0 13.3 74.0 1.0081 0.00 0.0M
546900.000 1968 COM2 65 0R0 199 1.0 13.3 74.0 1.0081 0.00 0.0M
546960.000 1968 COM2 65 0R0 230 2.1 13.3 74.3 1.0081 0.00 0.0M
547020.000 1968 COM2 65 0R0 270 0.8 13.3 74.6 1.0081 0.00 0.0M
547080.000 1968 COM2 65 0R0 192 1.6 13.3 74.4 1.0081 0.00 0.0M
547140.000 1968 COM2 65 0R0 298 0.6 13.3 74.8 1.0081 0.00 0.0M
547200.000 1968 COM2 65 0R0 189 0.9 13.3 74.9 1.0081 0.00 0.0M
547260.000 1968 COM2 65 0R0 253 0.6 13.3 74.6 1.0081 0.00 0.0M
547320.000 1968 COM2 65 0R0 254 0.8 13.3 74.5 1.0081 0.00 0.0M
547380.000 1968 COM2 65 0R0 254 2.2 13.3 74.7 1.0081 0.00 0.0M
547440.000 1968 COM2 65 0R0 256 2.2 13.3 74.6 1.0081 0.00 0.0M
547500.000 1968 COM2 65 0R0 245 0.9 13.2 74.8 1.0081 0.00 0.0M
547560.000 1968 COM2 65 0R0 246 1.4 13.2 74.8 1.0081 0.00 0.0M
547620.000 1968 COM2 65 0R0 268 2.1 13.2 75.0 1.0081 0.00 0.0M
547680.000 1968 COM2 65 0R0 222 1.7 13.2 75.2 1.0081 0.00 0.0M
547740.000 1968 COM2 65 0R0 248 1.2 13.2 75.2 1.0081 0.00 0.0M
547800.000 1968 COM2 65 0R0 293 0.9 13.2 75.2 1.0081 0.00 0.0M
547860.000 1968 COM2 65 0R0 253 0.8 13.2 75.2 1.0081 0.00 0.0M
547920.000 1968 COM2 65 0R0 244 1.5 13.2 75.2 1.0081 0.00 0.0M
547980.000 1968 COM2 65 0R0 232 1.5 13.1 75.4 1.0081 0.00 0.0M
548040.000 1968 COM2 65 0R0 281 1.6 13.1 75.6 1.0081 0.00 0.0M
548100.000 1968 COM2 65 0R0 246 2.6 13.1 75.6 1.0081 0.00 0.0M
548160.000 1968 COM2 65 0R0 260 1.0 13.1 75.8 1.0081 0.00 0.0M
548220.000 1968 COM2 65 0R0 256 2.2 13.1 75.9 1.0082 0.00 0.0M
548280.000 1968 COM2 65 0R0 309 0.6 13.1 75.9 1.0082 0.00 0.0M
548340.000 1968 COM2 65 0R0 258 1.7 13.1 75.9 1.0082 0.00 0.0M
548400.000 1968 COM2 65 0R0 236 1.3 13.1 75.9 1.0082 0.00 0.0M
548460.000 1968 COM2 65 0R0 267 1.1 13.1 75.8 1.0082 0.00 0.0M
548520.000 1968 COM2 65 0R0 264 0.5 13.1 75.9 1.0082 0.00 0.0M
548580.000 1968 COM2 65 0R0 134 0.5 13.1 76.0 1.0082 0.00 0.0M
548640.000 1968 COM2 65 0R0 223 0.5 13.1 76.1 1.0082 0.00 0.0M
548700.000 1968 COM2 65 0R0 250 2.3 13.0 76.1 1.0082 0.00 0.0M
548760.000 1968 COM2 65 0R0 231 0.7 13.0 76.2 1.0083 0.00 0.0M
548820.000 1968 COM2 65 0R0 268 0.8 13.0 76.5 1.0083 0.00 0.0M
548880.000 1968 COM2 65 0R0 203 0.4 13.0 76.6 1.0083 0.00 0.0M
548940.000 1968 COM2 65 0R0 241 0.7 13.0 76.5 1.0083 0.00 0.0M
549000.000 1968 COM2 65 0R0 243 0.7 13.0 76.6 1.0083 0.00 0.0M
549060.000 1968 COM2 65 0R0 266 0.5 13.0 76.5 1.0083 0.00 0.0M
549120.000 1968 COM2 65 0R0 284 0.4 13.0 76.7 1.0083 0.00 0.0M
549180.000 1968 COM2 65 0R0 200 0.6 13.0 76.7 1.0083 0.00 0.0M
549240.000 1968 COM2 65 0R0 245 0.9 13.0 76.9 1.0083 0.00 0.0M
549300.000 1968 COM2 65 0R0 255 1.6 13.0 76.8 1.0083 0.00 0.0M
549360.000 1968 COM2 65 0R0 267 0.9 13.0 76.9 1.0083 0.00 0.0M
549420.000 1968 COM2 65 0R0 175 0.4 13.0 76.9 1.0083 0.00 0.0M
549480.000 1968 COM2 65 0R0 293 1.2 13.0 77.0 1.0083 0.00 0.0M
549540.000 1968 COM2 65 0R0 261 0.6 13.0 77.1 1.0083 0.00 0.0M
549600.000 1968 COM2 65 0R0 240 0.6 13.0 76.9 1.0083 0.00 0.0M
549660.000 1968 COM2 65 0R0 270 1.0 13.0 77.2 1.0083 0.00 0.0M
549720.000 1968 COM2 65 0R0 262 0.6 13.0 77.1 1.0084 0.00 0.0M
549780.000 1968 COM2 65 0R0 280 0.5 12.9 77.3 1.0084 0.00 0.0M
549840.000 1968 COM2 65 0R0 180 0.3 12.9 77.6 1.0083 0.00 0.0M
549900.000 1968 COM2 65 0R0 271 0.1 13.0 77.4 1.0083 0.00 0.0M
549960.000 1968 COM2 65 0R0 303 0.7 13.0 77.1 1.0083 0.00 0.0M
550020.000 1968 COM2 65 0R0 260 1.2 13.0 77.2 1.0083 0.00 0.0M
550080.000 1968 COM2 65 0R0 274 1.1 12.9 77.4 1.0083 0.00 0.0M
550140.000 1968 COM2 65 0R0 263 0.9 12.9 77.6 1.0083 0.00 0.0M
550200.000 1968 COM2 65 0R0 224 0.5 12.8 77.8 1.0083 0.00 0.0M
550260.000 1968 COM2 65 0R0 257 1.2 12.8 77.7 1.0083 0.00 0.0M
550320.000 1968 COM2 65 0R0 272 1.0 12.8 77.9 1.0084 0.00 0.0M
550380.000 1968 COM2 65 0R0 273 0.8 12.8 77.9 1.0084 0.00 0.0M
550440.000 1968 COM2 65 0R0 197 0.5 12.8 78.1 1.0084 0.00 0.0M
550500.000 1968 COM2 65 0R0 267 1.0 12.8 78.2 1.0084 0.00 0.0M
550560.000 1968 COM2 65 0R0 261 0.7 12.8 78.2 1.0084 0.00 0.0M
550620.000 1968 COM2 65 0R0 272 0.5 12.8 78.2 1.0084 0.00 0.0M
550680.000 1968 COM2 65 0R0 281 1.2 12.8 78.2 1.0084 0.00 0.0M
550740.000 1968 COM2 65 0R0 301 0.8 12.8 78.3 1.0084 0.00 0.0M
550800.000 1968 COM2 65 0R0 262 0.6 12.8 78.2 1.0084 0.00 0.0M
550860.000 1968 COM2 65 0R0 231 0.9 12.7 78.4 1.0084 0.00 0.0M
550920.000 1968 COM2 65 0R0 208 0.2 12.7 78.3 1.0084 0.00 0.0M
550980.000 1968 COM2 65 0R0 273 1.6 12.7 78.4 1.0084 0.00 0.0M
551040.000 1968 COM2 65 0R0 283 1.1 12.6 78.6 1.0084 0.00 0.0M
551100.000 1968 COM2 65 0R0 292 0.6 12.6 78.9 1.0084 0.00 0.0M
551160.000 1968 COM2 65 0R0 212 0.3 12.6 78.7 1.0085 0.00 0.0M
551220.000 1968 COM2 65 0R0 305 0.9 12.6 78.8 1.0085 0.00 0.0M
551280.000 1968 COM2 65 0R0 217 1.0 12.6 78.9 1.0085 0.00 0.0M
551340.000 1968 COM2 65 0R0 273 2.1 12.6 79.1 1.0085 0.00 0.0M
551400.000 1968 COM2 65 0R0 280 0.7 12.6 78.9 1.0085 0.00 0.0M
551460.000 1968 COM2 65 0R0 231 0.5 12.5 79.1 1.0085 0.00 0.0M
551520.000 1968 COM2 65 0R0 310 0.6 12.5 79.0 1.0085 0.00 0.0M
551580.000 1968 COM2 65 0R0 149 0.2 12.5 79.5 1.0085 0.00 0.0M
551640.000 1968 COM2 65 0R0 267 1.0 12.5 79.5 1.0085 0.00 0.0M
551700.000 1968 COM2 65 0R0 189 0.3 12.5 79.4 1.0085 0.00 0.0M
551760.000 1968 COM2 65 0R0 156 0.5 12.5 79.6 1.0085 0.00 0.0M
551820.000 1968 COM2 65 0R0 257 0.5 12.5 79.1 1.0085 0.00 0.0M
551880.000 1968 COM2 65 0R0 239 0.8 12.6 79.4 1.0085 0.00 0.0M
551940.000 1968 COM2 65 0R0 252 0.7 12.6 79.5 1.0085 0.00 0.0M
552000.000 1968 COM2 65 0R0 222 1.1 12.6 79.4 1.0085 0.00 0.0M
552060.000 1968 COM2 65 0R0 255 1.1 12.6 79.1 1.0085 0.00 0.0M
552120.000 1968 COM2 65 0R0 268 0.8 12.6 78.8 1.0085 0.00 0.0M
552180.000 1968 COM2 65 0R0 221 0.7 12.6 79.2 1.0085 0.00 0.0M
552240.000 1968 COM2 65 0R0 229 0.5 12.6 79.1 1.0086 0.00 0.0M
552300.000 1968 COM2 65 0R0 262 1.1 12.6 79.1 1.0086 0.00 0.0M
552360.100 1968 COM2 65 0R0 232 1.3 12.6 79.1 1.0086 0.00 0.0M
552420.000 1968 COM2 65 0R0 270 1.5 12.5 79.1 1.0086 0.00 0.0M
552480.000 1968 COM2 65 0R0 263 1.1 12.5 79.2 1.0086 0.00 0.0M
552540.000 1968 COM2 65 0R0 254 1.5 12.5 79.3 1.0086 0.00 0.0M
552600.000 1968 COM2 65 0R0 188 0.5 12.5 79.2 1.0086 0.00 0.0M
552660.000 1968 COM2 65 0R0 252 1.2 12.5 78.9 1.0086 0.00 0.0M
552720.000 1968 COM2 65 0R0 235 1.2 12.5 79.1 1.0087 0.00 0.0M
552780.000 1968 COM2 65 0R0 273 1.0 12.5 79.4 1.0087 0.00 0.0M
552840.000 1968 COM2 65 0R0 252 1.1 12.4 79.3 1.0087 0.00 0.0M
552900.000 1968 COM2 65 0R0 221 1.9 12.4 79.5 1.0087 0.00 0.0M
552960.000 1968 COM2 65 0R0 247 0.6 12.4 79.1 1.0087 0.00 0.0M
553020.000 1968 COM2 65 0R0 229 1.0 12.4 79.4 1.0087 0.00 0.0M
553080.000 1968 COM2 65 0R0 245 1.3 12.4 79.4 1.0087 0.00 0.0M
553140.000 1968 COM2 65 0R0 238 0.5 12.4 79.4 1.0088 0.00 0.0M
553200.000 1968 COM2 65 0R0 234 1.2 12.4 79.4 1.0088 0.00 0.0M
553260.000 1968 COM2 65 0R0 249 0.5 12.4 79.3 1.0088 0.00 0.0M
553320.000 1968 COM2 65 0R0 232 1.3 12.4 79.3 1.0088 0.00 0.0M
553380.000 1968 COM2 65 0R0 284 1.3 12.4 79.5 1.0088 0.00 0.0M
553440.000 1968 COM2 65 0R0 242 1.8 12.3 79.7 1.0088 0.00 0.0M
553500.000 1968 COM2 65 0R0 220 0.5 12.3 79.8 1.0089 0.00 0.0M
553560.000 1968 COM2 65 0R0 227 0.9 12.3 79.8 1.0089 0.00 0.0M
553620.000 1968 COM2 65 0R0 229 1.6 12.3 79.9 1.0089 0.00 0.0M
553680.000 1968 COM2 65 0R0 247 1.7 12.3 80.0 1.0089 0.00 0.0M
553740.000 1968 COM2 65 0R0 229 0.9 12.2 80.0 1.0089 0.00 0.0M
553800.000 1968 COM2 65 0R0 231 2.5 12.2 80.0 1.0089 0.00 0.0M
553860.000 1968 COM2 65 0R0 239 0.9 12.2 80.2 1.0090 0.00 0.0M
553920.000 1968 COM2 65 0R0 249 1.8 12.2 80.2 1.0090 0.00 0.0M
553980.000 1968 COM2 65 0R0 266 1.2 12.1 80.3 1.0090 0.00 0.0M
554040.000 1968 COM2 65 0R0 199 1.1 12.1 80.5 1.0090 0.00 0.0M
554100.000 1968 COM2 65 0R0 244 1.9 12.1 80.6 1.0090 0.00 0.0M
554160.000 1968 COM2 65 0R0 242 1.5 12.1 80.4 1.0090 0.00 0.0M
554220.000 1968 COM2 65 0R0 259 1.3 12.1 80.6 1.0090 0.00 0.0M
554280.000 1968 COM2 65 0R0 283 1.3 12.1 80.8 1.0090 0.00 0.0M
554340.000 1968 COM2 65 0R0 304 0.6 12.1 80.7 1.0091 0.00 0.0M
554400.000 1968 COM2 65 0R0 224 2.0 12.1 80.4 1.0090 0.00 0.0M
554460.000 1968 COM2 65 0R0 243 1.8 12.1 80.4 1.0090 0.00 0.0M
554520.000 1968 COM2 65 0R0 265 1.3 12.1 80.4 1.0090 0.00 0.0M
554580.000 1968 COM2 65 0R0 231 2.3 12.1 80.3 1.0090 0.00 0.0M
554640.000 1968 COM2 65 0R0 272 0.6 12.1 79.8 1.0090 0.00 0.0M
554700.000 1968 COM2 65 0R0 245 2.6 12.1 80.0 1.0090 0.00 0.0M
554760.000 1968 COM2 65 0R0 244 1.1 12.2 79.9 1.0090 0.00 0.0M
554820.100 1968 COM2 65 0R0 272 1.7 12.2 80.0 1.0090 0.00 0.0M
554880.000 1968 COM2 65 0R0 247 1.4 12.1 79.9 1.0090 0.00 0.0M
554940.000 1968 COM2 65 0R0 215 1.6 12.1 80.0 1.0090 0.00 0.0M
555000.000 1968 COM2 65 0R0 240 1.0 12.1 80.0 1.0090 0.00 0.0M
555060.000 1968 COM2 65 0R0 256 2.5 12.1 79.9 1.0090 0.00 0.0M
555120.000 1968 COM2 65 0R0 272 1.3 12.1 79.8 1.0090 0.00 0.0M
555180.000 1968 COM2 65 0R0 253 1.0 12.1 79.8 1.0090 0.00 0.0M
555240.000 1968 COM2 65 0R0 269 1.6 12.1 79.8 1.0090 0.00 0.0M
555300.000 1968 COM2 65 0R0 233 1.3 12.1 79.8 1.0090 0.00 0.0M
555360.000 1968 COM2 65 0R0 247 0.8 12.1 79.6 1.0091 0.00 0.0M
555420.000 1968 COM2 65 0R0 228 1.4 12.1 79.7 1.0091 0.00 0.0M
555480.000 1968 COM2 65 0R0 271 1.4 12.1 79.8 1.0091 0.00 0.0M
555540.000 1968 COM2 65 0R0 243 2.0 12.1 79.6 1.0091 0.00 0.0M
555600.000 1968 COM2 65 0R0 286 1.1 12.1 79.5 1.0091 0.00 0.0M
555660.000 1968 COM2 65 0R0 260 2.2 12.1 79.7 1.0091 0.00 0.0M
555720.000 1968 COM2 65 0R0 273 0.7 12.0 79.9 1.0091 0.00 0.0M
555780.000 1968 COM2 65 0R0 248 1.7 12.1 79.5 1.0092 0.00 0.0M
555840.000 1968 COM2 65 0R0 005 0.6 12.1 79.7 1.0092 0.00 0.0M
555900.000 1968 COM2 65 0R0 225 0.3 12.1 79.2 1.0092 0.00 0.0M
555960.000 1968 COM2 65 0R0 224 1.2 12.1 79.7 1.0092 0.00 0.0M
556020.000 1968 COM2 65 0R0 182 0.6 12.1 79.6 1.0092 0.00 0.0M
556080.000 1968 COM2 65 0R0 281 0.4 12.1 79.5 1.0092 0.00 0.0M
556140.000 1968 COM2 65 0R0 240 1.3 12.1 79.5 1.0093 0.00 0.0M
556200.000 1968 COM2 65 0R0 202 1.3 12.1 79.4 1.0093 0.00 0.0M
556260.000 1968 COM2 65 0R0 284 1.5 12.1 79.3 1.0093 0.00 0.0M
556320.000 1968 COM2 65 0R0 228 1.3 12.2 78.9 1.0093 0.00 0.0M
556380.000 1968 COM2 65 0R0 240 1.2 12.2 79.0 1.0093 0.00 0.0M
556440.000 1968 COM2 65 0R0 274 1.4 12.2 78.7 1.0093 0.00 0.0M
556500.000 1968 COM2 65 0R0 299 0.7 12.2 78.2 1.0093 0.00 0.0M
556560.000 1968 COM2 65 0R0 268 0.8 12.2 78.6 1.0093 0.00 0.0M
556620.000 1968 COM2 65 0R0 253 1.2 12.2 78.8 1.0093 0.00 0.0M
556680.000 1968 COM2 65 0R0 302 1.1 12.2 78.2 1.0093 0.00 0.0M
556740.000 1968 COM2 65 0R0 256 1.8 12.1 78.2 1.0093 0.00 0.0M
556800.000 1968 COM2 65 0R0 272 1.9 12.1 77.9 1.0093 0.00 0.0M
556860.000 1968 COM2 65 0R0 259 1.3 12.1 78.1 1.0093 0.00 0.0M
556920.000 1968 COM2 65 0R0 238 1.6 12.1 78.2 1.0093 0.00 0.0M
556980.000 1968 COM2 65 0R0 235 2.2 12.1 78.4 1.0093 0.00 0.0M
557040.000 1968 COM2 65 0R0 225 2.2 12.1 77.8 1.0093 0.00 0.0M
557100.000 1968 COM2 65 0R0 236 1.1 12.1 77.8 1.0093 0.00 0.0M
557160.000 1968 COM2 65 0R0 252 1.7 12.1 77.8 1.0093 0.00 0.0M
557220.000 1968 COM2 65 0R0 279 1.9 12.1 78.1 1.0093 0.00 0.0M
557280.000 1968 COM2 65 0R0 263 0.4 12.0 78.0 1.0093 0.00 0.0M
557340.000 1968 COM2 65 0R0 295 1.8 12.0 77.9 1.0094 0.00 0.0M
557400.000 1968 COM2 65 0R0 262 0.9 12.0 78.0 1.0094 0.00 0.0M
557460.000 1968 COM2 65 0R0 301 1.3 12.0 77.8 1.0094 0.00 0.0M
557520.000 1968 COM2 65 0R0 331 0.8 12.0 77.7 1.0094 0.00 0.0M
557580.000 1968 COM2 65 0R0 279 1.8 12.0 78.0 1.0094 0.00 0.0M
557640.000 1968 COM2 65 0R0 250 1.8 12.0 77.8 1.0094 0.00 0.0M
557700.000 1968 COM2 65 0R0 244 0.8 11.9 78.3 1.0095 0.00 0.0M
557760.000 1968 COM2 65 0R0 256 1.3 11.9 78.0 1.0095 0.00 0.0M
557820.000 1968 COM2 65 0R0 257 1.3 11.9 78.6 1.0095 0.00 0.0M
557880.000 1968 COM2 65 0R0 293 0.4 11.9 78.2 1.0095 0.00 0.0M
557940.000 1968 COM2 65 0R0 298 1.5 11.9 78.0 1.0095 0.00 0.0M
558000.000 1968 COM2 65 0R0 247 1.5 11.9 77.9 1.0095 0.00 0.0M
558060.000 1968 COM2 65 0R0 253 1.1 11.8 78.5 1.0095 0.00 0.0M
558120.000 1968 COM2 65 0R0 261 1.3 11.8 78.5 1.0095 0.00 0.0M
558180.000 1968 COM2 65 0R0 288 1.2 11.8 78.6 1.0095 0.00 0.0M
558240.000 1968 COM2 65 0R0 265 0.8 11.8 78.5 1.0095 0.00 0.0M
558300.000 1968 COM2 65 0R0 274 1.3 11.8 78.7 1.0095 0.00 0.0M
558360.000 1968 COM2 65 0R0 253 1.5 11.8 78.4 1.0095 0.00 0.0M
558420.000 1968 COM2 65 0R0 285 1.5 11.8 78.7 1.0095 0.00 0.0M
558480.000 1968 COM2 65 0R0 226 0.6 11.8 78.8 1.0096 0.00 0.0M
558540.000 1968 COM2 65 0R0 247 1.4 11.8 78.8 1.0096 0.00 0.0M
558600.000 1968 COM2 65 0R0 266 1.1 11.8 78.8 1.0096 0.00 0.0M
558660.000 1968 COM2 65 0R0 270 0.3 11.8 78.3 1.0096 0.00 0.0M
558720.000 1968 COM2 65 0R0 269 1.1 11.9 78.5 1.0096 0.00 0.0M
558780.000 1968 COM2 65 0R0 265 0.7 11.9 78.3 1.0096 0.00 0.0M
558840.000 1968 COM2 65 0R0 238 0.8 11.9 78.4 1.0096 0.00 0.0M
558900.000 1968 COM2 65 0R0 265 1.6 11.9 78.6 1.0096 0.00 0.0M
558960.000 1968 COM2 65 0R0 272 1.7 11.9 78.2 1.0096 0.00 0.0M
559020.000 1968 COM2 65 0R0 273 0.7 11.9 78.5 1.0097 0.00 0.0M
559080.000 1968 COM2 65 0R0 170 0.5 11.9 78.2 1.0097 0.00 0.0M
559140.000 1968 COM2 65 0R0 275 0.4 11.9 78.3 1.0097 0.00 0.0M
559200.000 1968 COM2 65 0R0 274 1.8 11.9 77.8 1.0097 0.00 0.0M
559260.000 1968 COM2 65 0R0 268 2.2 12.0 77.3 1.0097 0.00 0.0M
559320.000 1968 COM2 65 0R0 251 0.8 11.9 78.0 1.0098 0.00 0.0M
559380.000 1968 COM2 65 0R0 301 1.4 11.9 78.1 1.0098 0.00 0.0M
559440.000 1968 COM2 65 0R0 009 0.2 12.0 77.8 1.0098 0.00 0.0M
559500.000 1968 COM2 65 0R0 253 1.0 12.0 77.3 1.0098 0.00 0.0M
559560.000 1968 COM2 65 0R0 265 0.8 12.0 77.2 1.0098 0.00 0.0M
559620.000 1968 COM2 65 0R0 264 0.9 12.1 77.7 1.0098 0.00 0.0M
559680.000 1968 COM2 65 0R0 279 1.2 12.1 77.2 1.0098 0.00 0.0M
559740.000 1968 COM2 65 0R0 245 1.2 12.1 77.0 1.0098 0.00 0.0M
559800.000 1968 COM2 65 0R0 225 1.5 12.1 77.2 1.0098 0.00 0.0M
559860.000 1968 COM2 65 0R0 251 1.3 12.2 77.2 1.0098 0.00 0.0M
559920.000 1968 COM2 65 0R0 280 0.5 12.2 76.9 1.0098 0.00 0.0M
559980.000 1968 COM2 65 0R0 284 1.3 12.3 76.5 1.0098 0.00 0.0M
560040.000 1968 COM2 65 0R0 294 0.9 12.4 76.1 1.0099 0.00 0.0M
560100.000 1968 COM2 65 0R0 250 1.0 12.4 76.2 1.0099 0.00 0.0M
560160.000 1968 COM2 65 0R0 259 1.8 12.4 75.8 1.0099 0.00 0.0M
560220.000 1968 COM2 65 0R0 240 1.3 12.4 75.8 1.0099 0.00 0.0M
560280.000 1968 COM2 65 0R0 234 1.0 12.4 75.8 1.0099 0.00 0.0M
560340.000 1968 COM2 65 0R0 309 0.8 12.4 75.8 1.0099 0.00 0.0M
560400.000 1968 COM2 65 0R0 252 1.5 12.5 75.5 1.0099 0.00 0.0M
560460.000 1968 COM2 65 0R0 282 0.7 12.4 75.5 1.0099 0.00 0.0M
560520.000 1968 COM2 65 0R0 245 1.1 12.4 75.8 1.0099 0.00 0.0M
560580.000 1968 COM2 65 0R0 150 0.4 12.5 75.6 1.0099 0.00 0.0M
560640.000 1968 COM2 65 0R0 250 1.7 12.5 75.5 1.0099 0.00 0.0M
560700.000 1968 COM2 65 0R0 271 1.9 12.5 75.0 1.0099 0.00 0.0M
560760.000 1968 COM2 65 0R0 245 1.5 12.5 75.6 1.0099 0.00 0.0M
560820.000 1968 COM2 65 0R0 254 0.6 12.5 75.1 1.0099 0.00 0.0M
560880.000 1968 COM2 65 0R0 219 0.7 12.5 75.1 1.0099 0.00 0.0M
560940.000 1968 COM2 65 0R0 263 2.1 12.4 75.1 1.0099 0.00 0.0M
561000.000 1968 COM2 65 0R0 290 2.3 12.5 75.1 1.0099 0.00 0.0M
561060.000 1968 COM2 65 0R0 258 1.4 12.5 75.0 1.0099 0.00 0.0M
561120.000 1968 COM2 65 0R0 265 2.4 12.5 75.2 1.0099 0.00 0.0M
561180.000 1968 COM2 65 0R0 286 0.6 12.5 75.6 1.0098 0.00 0.0M
561240.000 1968 COM2 65 0R0 290 1.7 12.5 75.2 1.0099 0.00 0.0M
561300.000 1968 COM2 65 0R0 285 2.7 12.6 74.1 1.0099 0.00 0.0M
561360.000 1968 COM2 65 0R0 263 3.3 12.6 74.6 1.0099 0.00 0.0M
561420.000 1968 COM2 65 0R0 257 1.1 12.6 74.8 1.0099 0.00 0.0M
561480.000 1968 COM2 65 0R0 279 3.8 12.6 74.7 1.0099 0.00 0.0M
561540.000 1968 COM2 65 0R0 275 1.9 12.6 74.2 1.0099 0.00 0.0M
561600.000 1968 COM2 65 0R0 266 1.1 12.6 73.5 1.0099 0.00 0.0M
561660.000 1968 COM2 65 0R0 267 1.6 12.6 73.7 1.0099 0.00 0.0M
561720.000 1968 COM2 65 0R0 266 3.2 12.7 73.4 1.0099 0.00 0.0M
561780.000 1968 COM2 65 0R0 254 0.8 12.7 73.4 1.0099 0.00 0.0M
561840.100 1968 COM2 65 0R0 249 1.0 12.7 73.2 1.0099 0.00 0.0M
561900.000 1968 COM2 65 0R0 237 1.0 12.7 73.1 1.0099 0.00 0.0M
561960.000 1968 COM2 65 0R0 288 1.5 12.7 72.7 1.0099 0.00 0.0M
562020.000 1968 COM2 65 0R0 250 1.5 12.8 72.5 1.0099 0.00 0.0M
562080.000 1968 COM2 65 0R0 300 2.2 12.8 72.3 1.0099 0.00 0.0M
562140.000 1968 COM2 65 0R0 291 2.2 12.8 72.4 1.0099 0.00 0.0M
562200.000 1968 COM2 65 0R0 276 2.9 12.8 72.1 1.0099 0.00 0.0M
562260.000 1968 COM2 65 0R0 325 1.0 12.9 71.9 1.0099 0.00 0.0M
562320.000 1968 COM2 65 0R0 257 0.7 13.0 71.7 1.0099 0.00 0.0M
562380.000 1968 COM2 65 0R0 251 1.4 13.1 71.5 1.0100 0.00 0.0M
562440.000 1968 COM2 65 0R0 274 4.5 13.1 71.1 1.0099 0.00 0.0M
562500.000 1968 COM2 65 0R0 291 2.1 13.0 71.2 1.0100 0.00 0.0M
562560.000 1968 COM2 65 0R0 317 1.6 13.0 71.7 1.0100 0.00 0.0M
562620.000 1968 COM2 65 0R0 276 1.1 13.0 71.6 1.0100 0.00 0.0M
562680.000 1968 COM2 65 0R0 300 2.1 13.0 71.5 1.0100 0.00 0.0M
562740.000 1968 COM2 65 0R0 282 3.6 13.1 70.5 1.0100 0.00 0.0M
562800.000 1968 COM2 65 0R0 298 4.7 13.1 70.8 1.0100 0.00 0.0M
562860.000 1968 COM2 65 0R0 256 1.7 13.1 70.8 1.0100 0.00 0.0M
562920.000 1968 COM2 65 0R0 254 2.6 13.2 70.3 1.0101 0.00 0.0M
562980.000 1968 COM2 65 0R0 279 1.3 13.2 70.1 1.0101 0.00 0.0M
563040.000 1968 COM2 65 0R0 259 1.4 13.2 70.8 1.0101 0.00 0.0M
563100.000 1968 COM2 65 0R0 307 1.6 13.3 70.3 1.0101 0.00 0.0M
563160.000 1968 COM2 65 0R0 288 2.3 13.4 69.9 1.0101 0.00 0.0M
563220.000 1968 COM2 65 0R0 229 3.6 13.4 69.9 1.0101 0.00 0.0M
563280.000 1968 COM2 65 0R0 272 2.4 13.4 69.9 1.0101 0.00 0.0M
563340.000 1968 COM2 65 0R0 262 1.3 13.4 69.9 1.0101 0.00 0.0M
563400.000 1968 COM2 65 0R0 283 2.4 13.4 69.8 1.0101 0.00 0.0M
563460.000 1968 COM2 65 0R0 261 2.8 13.4 69.5 1.0101 0.00 0.0M
563520.000 1968 COM2 65 0R0 288 3.7 13.5 68.8 1.0101 0.00 0.0M
563580.000 1968 COM2 65 0R0 276 4.5 13.5 68.9 1.0101 0.00 0.0M
563640.000 1968 COM2 65 0R0 278 1.6 13.5 68.8 1.0102 0.00 0.0M
563700.000 1968 COM2 65 0R0 264 3.5 13.5 69.0 1.0101 0.00 0.0M
563760.000 1968 COM2 65 0R0 304 3.2 13.6 69.2 1.0102 0.00 0.0M
563820.000 1968 COM2 65 0R0 237 3.2 13.6 68.2 1.0102 0.00 0.0M
563880.000 1968 COM2 65 0R0 302 3.8 13.6 67.9 1.0102 0.00 0.0M
563940.000 1968 COM2 65 0R0 247 2.3 13.6 68.3 1.0102 0.00 0.0M
564000.000 1968 COM2 65 0R0 257 0.9 13.6 68.7 1.0102 0.00 0.0M
564060.000 1968 COM2 65 0R0 297 2.6 13.7 68.1 1.0102 0.00 0.0M
564120.000 1968 COM2 65 0R0 233 1.4 13.7 68.1 1.0102 0.00 0.0M
564180.000 1968 COM2 65 0R0 263 2.7 13.8 67.9 1.0102 0.00 0.0M
564240.000 1968 COM2 65 0R0 299 1.3 13.9 67.6 1.0102 0.00 0.0M
564300.000 1968 COM2 65 0R0 281 1.0 14.0 67.6 1.0102 0.00 0.0M
564360.000 1968 COM2 65 0R0 265 0.6 14.1 67.4 1.0102 0.00 0.0M
564420.000 1968 COM2 65 0R0 251 1.4 14.2 66.6 1.0103 0.00 0.0M
564480.000 1968 COM2 65 0R0 205 1.6 14.2 65.9 1.0102 0.00 0.0M
564540.200 1968 COM2 65 0R0 276 1.8 14.2 65.1 1.0103 0.00 0.0M
564600.200 1968 COM2 65 0R0 294 3.1 14.2 65.0 1.0103 0.00 0.0M
564660.200 1968 COM2 65 0R0 297 4.3 14.1 65.9 1.0103 0.00 0.0M
564720.200 1968 COM2 65 0R0 302 3.9 14.0 66.3 1.0103 0.00 0.0M
564780.200 1968 COM2 65 0R0 257 2.9 14.0 65.9 1.0103 0.00 0.0M
564840.200 1968 COM2 65 0R0 281 1.9 14.0 66.0 1.0103 0.00 0.0M
564900.200 1968 COM2 65 0R0 298 2.9 14.2 65.2 1.0104 0.00 0.0M
564960.200 1968 COM2 65 0R0 309 3.9 14.3 64.8 1.0103 0.00 0.0M
565020.200 1968 COM2 65 0R0 242 1.0 14.3 65.0 1.0103 0.00 0.0M
565080.200 1968 COM2 65 0R0 306 2.8 14.3 64.7 1.0104 0.00 0.0M
565140.200 1968 COM2 65 0R0 137 1.3 14.4 64.7 1.0104 0.00 0.0M
565200.200 1968 COM2 65 0R0 283 3.4 14.4 64.4 1.0104 0.00 0.0M
565260.200 1968 COM2 65 0R0 287 1.2 14.6 63.7 1.0104 0.00 0.0M
565320.200 1968 COM2 65 0R0 296 4.5 14.6 63.1 1.0104 0.00 0.0M
565380.000 1968 COM2 65 0R0 346 1.3 14.5 63.4 1.0104 0.00 0.0M
565440.200 1968 COM2 65 0R0 268 3.7 14.4 63.8 1.0103 0.00 0.0M
565500.000 1968 COM2 65 0R0 268 2.3 14.4 63.7 1.0104 0.00 0.0M
565560.200 1968 COM2 65 0R0 346 3.8 14.4 63.7 1.0105 0.00 0.0M
565620.000 1968 COM2 65 0R0 310 3.7 14.5 63.5 1.0105 0.00 0.0M
565680.000 1968 COM2 65 0R0 335 3.1 14.5 63.8 1.0105 0.00 0.0M
565740.000 1968 COM2 65 0R0 309 4.8 14.5 64.5 1.0106 0.00 0.0M
565800.000 1968 COM2 65 0R0 330 1.9 14.5 63.9 1.0105 0.00 0.0M
565860.000 1968 COM2 65 0R0 271 1.6 14.6 63.3 1.0105 0.00 0.0M
565920.000 1968 COM2 65 0R0 318 0.9 14.6 63.7 1.0106 0.00 0.0M
565980.000 1968 COM2 65 0R0 295 2.2 14.7 62.5 1.0106 0.00 0.0M
566040.000 1968 COM2 65 0R0 290 2.8 14.8 63.0 1.0106 0.00 0.0M
566100.000 1968 COM2 65 0R0 296 2.4 14.7 62.6 1.0106 0.00 0.0M
566160.000 1968 COM2 65 0R0 221 0.4 14.7 63.5 1.0106 0.00 0.0M
566220.000 1968 COM2 65 0R0 181 0.5 14.7 63.1 1.0106 0.00 0.0M
566280.000 1968 COM2 65 0R0 145 0.5 14.9 63.1 1.0106 0.00 0.0M
566340.000 1968 COM2 65 0R0 219 2.6 15.0 62.4 1.0106 0.00 0.0M
566400.000 1968 COM2 65 0R0 280 0.6 15.1 62.4 1.0107 0.00 0.0M
566460.000 1968 COM2 65 0R0 305 4.5 15.2 61.0 1.0107 0.00 0.0M
566520.000 1968 COM2 65 0R0 295 2.3 15.1 61.8 1.0106 0.00 0.0M
566580.000 1968 COM2 65 0R0 245 1.0 15.0 61.6 1.0106 0.00 0.0M
566640.000 1968 COM2 65 0R0 294 4.7 15.0 61.9 1.0107 0.00 0.0M
566700.000 1968 COM2 65 0R0 343 2.4 14.9 62.1 1.0106 0.00 0.0M
566760.000 1968 COM2 65 0R0 298 1.0 14.9 62.6 1.0107 0.00 0.0M
566820.000 1968 COM2 65 0R0 196 0.6 15.0 62.2 1.0107 0.00 0.0M
566880.000 1968 COM2 65 0R0 271 1.8 15.1 61.6 1.0106 0.00 0.0M
566940.000 1968 COM2 65 0R0 357 2.9 15.2 60.9 1.0107 0.00 0.0M
567000.000 1968 COM2 65 0R0 331 1.1 15.2 61.1 1.0107 0.00 0.0M
567060.000 1968 COM2 65 0R0 293 1.8 15.1 61.8 1.0107 0.00 0.0M
567120.000 1968 COM2 65 0R0 309 1.4 15.1 61.5 1.0107 0.00 0.0M
567180.000 1968 COM2 65 0R0 306 0.9 15.2 61.7 1.0107 0.00 0.0M
567240.000 1968 COM2 65 0R0 312 3.2 15.3 61.4 1.0108 0.00 0.0M
567300.000 1968 COM2 65 0R0 278 2.3 15.4 60.4 1.0107 0.00 0.0M
567360.000 1968 COM2 65 0R0 285 4.4 15.4 60.4 1.0107 0.00 0.0M
567420.000 1968 COM2 65 0R0 039 0.9 15.3 61.0 1.0107 0.00 0.0M
567480.000 1968 COM2 65 0R0 319 2.7 15.4 60.4 1.0107 0.00 0.0M
567540.000 1968 COM2 65 0R0 287 2.6 15.4 60.5 1.0108 0.00 0.0M
567600.000 1968 COM2 65 0R0 338 3.1 15.4 60.2 1.0107 0.00 0.0M
567660.000 1968 COM2 65 0R0 281 2.8 15.3 60.2 1.0107 0.00 0.0M
567720.000 1968 COM2 65 0R0 288 2.9 15.3 60.0 1.0107 0.00 0.0M
567780.000 1968 COM2 65 0R0 342 4.5 15.3 60.1 1.0107 0.00 0.0M
567840.000 1968 COM2 65 0R0 292 4.2 15.3 60.4 1.0107 0.00 0.0M
567900.000 1968 COM2 65 0R0 315 1.4 15.2 60.9 1.0107 0.00 0.0M
567960.000 1968 COM2 65 0R0 309 4.1 15.3 60.8 1.0107 0.00 0.0M
568020.000 1968 COM2 65 0R0 276 1.2 15.3 60.9 1.0107 0.00 0.0M
568080.000 1968 COM2 65 0R0 310 0.3 15.4 60.7 1.0107 0.00 0.0M
568140.000 1968 COM2 65 0R0 272 2.0 15.7 59.6 1.0107 0.00 0.0M
568200.000 1968 COM2 65 0R0 312 3.4 15.8 59.0 1.0108 0.00 0.0M
568260.000 1968 COM2 65 0R0 268 3.0 15.9 58.7 1.0108 0.00 0.0M
568320.000 1968 COM2 65 0R0 273 0.5 15.9 58.9 1.0108 0.00 0.0M
568380.000 1968 COM2 65 0R0 222 1.3 16.0 58.9 1.0108 0.00 0.0M
568440.000 1968 COM2 65 0R0 241 0.7 16.1 58.2 1.0108 0.00 0.0M
568500.000 1968 COM2 65 0R0 186 0.7 16.1 58.3 1.0108 0.00 0.0M
568560.000 1968 COM2 65 0R0 005 1.2 16.3 57.7 1.0108 0.00 0.0M
568620.000 1968 COM2 65 0R0 054 0.5 16.3 57.5 1.0108 0.00 0.0M
568680.000 1968 COM2 65 0R0 239 0.6 16.4 57.9 1.0109 0.00 0.0M
568740.000 1968 COM2 65 0R0 034 0.9 16.5 57.0 1.0109 0.00 0.0M
568800.000 1968 COM2 65 0R0 220 1.1 16.5 56.9 1.0109 0.00 0.0M
568860.000 1968 COM2 65 0R0 244 1.0 16.4 57.1 1.0109 0.00 0.0M
568920.000 1968 COM2 65 0R0 349 3.5 16.3 57.4 1.0110 0.00 0.0M
568980.000 1968 COM2 65 0R0 334 2.8 16.2 57.4 1.0110 0.00 0.0M
569040.000 1968 COM2 65 0R0 346 0.7 16.1 57.8 1.0110 0.00 0.0M
569100.000 1968 COM2 65 0R0 265 2.1 16.0 57.8 1.0110 0.00 0.0M
569160.000 1968 COM2 65 0R0 270 2.1 15.9 58.0 1.0110 0.00 0.0M
569220.000 1968 COM2 65 0R0 042 1.0 15.8 58.5 1.0110 0.00 0.0M
569280.000 1968 COM2 65 0R0 351 3.8 15.7 58.3 1.0110 0.00 0.0M
569340.000 1968 COM2 65 0R0 308 3.3 15.5 58.7 1.0111 0.00 0.0M
569400.000 1968 COM2 65 0R0 290 5.0 15.4 59.5 1.0111 0.00 0.0M
569460.000 1968 COM2 65 0R0 356 0.7 15.3 59.4 1.0111 0.00 0.0M
569520.000 1968 COM2 65 0R0 314 4.4 15.3 59.4 1.0111 0.00 0.0M
569580.000 1968 COM2 65 0R0 339 3.4 15.2 59.2 1.0111 0.00 0.0M
569640.000 1968 COM2 65 0R0 347 3.5 15.2 59.6 1.0111 0.00 0.0M
569700.000 1968 COM2 65 0R0 345 3.4 15.2 59.4 1.0111 0.00 0.0M
569760.000 1968 COM2 65 0R0 350 3.9 15.2 59.6 1.0111 0.00 0.0M
569820.000 1968 COM2 65 0R0 350 1.3 15.2 60.0 1.0111 0.00 0.0M
569880.000 1968 COM2 65 0R0 309 4.1 15.2 60.2 1.0111 0.00 0.0M
569940.000 1968 COM2 65 0R0 334 1.2 15.2 60.2 1.0111 0.00 0.0M
570000.000 1968 COM2 65 0R0 354 0.2 15.2 60.8 1.0111 0.00 0.0M
570060.000 1968 COM2 65 0R0 169 0.7 15.4 60.5 1.0111 0.00 0.0M
570120.000 1968 COM2 65 0R0 294 2.2 15.5 59.4 1.0111 0.00 0.0M
570180.000 1968 COM2 65 0R0 342 2.3 15.6 59.9 1.0111 0.00 0.0M
570240.000 1968 COM2 65 0R0 328 0.8 15.6 59.6 1.0112 0.00 0.0M
570300.000 1968 COM2 65 0R0 320 1.6 15.7 59.0 1.0112 0.00 0.0M
570360.000 1968 COM2 65 0R0 332 4.7 15.7 58.7 1.0112 0.00 0.0M
570420.100 1968 COM2 65 0R0 343 4.8 15.7 58.4 1.0111 0.00 0.0M
570480.000 1968 COM2 65 0R0 339 2.0 15.5 58.4 1.0111 0.00 0.0M
570540.000 1968 COM2 65 0R0 301 4.3 15.5 58.5 1.0112 0.00 0.0M
570600.000 1968 COM2 65 0R0 284 1.7 15.5 58.8 1.0111 0.00 0.0M
570660.000 1968 COM2 65 0R0 291 2.0 15.5 59.1 1.0111 0.00 0.0M
570720.000 1968 COM2 65 0R0 079 0.6 15.7 58.5 1.0111 0.00 0.0M
570780.000 1968 COM2 65 0R0 302 1.2 15.8 58.2 1.0111 0.00 0.0M
570840.000 1968 COM2 65 0R0 048 0.8 15.8 58.4 1.0111 0.00 0.0M
570900.000 1968 COM2 65 0R0 343 3.8 15.9 57.9 1.0111 0.00 0.0M
570960.000 1968 COM2 65 0R0 311 2.6 15.9 57.8 1.0111 0.00 0.0M
571020.000 1968 COM2 65 0R0 236 0.9 15.8 58.2 1.0111 0.00 0.0M
571080.000 1968 COM2 65 0R0 000 1.3 15.8 58.3 1.0110 0.00 0.0M
571140.000 1968 COM2 65 0R0 015 2.5 15.8 57.6 1.0111 0.00 0.0M
571200.000 1968 COM2 65 0R0 347 2.8 15.7 58.3 1.0111 0.00 0.0M
571260.000 1968 COM2 65 0R0 313 1.4 15.7 58.8 1.0111 0.00 0.0M
571320.000 1968 COM2 65 0R0 279 1.0 15.7 59.1 1.0111 0.00 0.0M
571380.000 1968 COM2 65 0R0 114 1.4 15.8 59.3 1.0111 0.00 0.0M
571440.000 1968 COM2 65 0R0 319 0.9 16.0 59.1 1.0111 0.00 0.0M
571500.000 1968 COM2 65 0R0 314 4.4 16.1 58.2 1.0112 0.00 0.0M
571560.000 1968 COM2 65 0R0 325 0.7 16.0 57.9 1.0112 0.00 0.0M
571620.000 1968 COM2 65 0R0 345 3.8 15.9 58.0 1.0112 0.00 0.0M
571680.000 1968 COM2 65 0R0 341 2.9 15.9 57.9 1.0112 0.00 0.0M
571740.000 1968 COM2 65 0R0 356 1.3 15.9 58.1 1.0112 0.00 0.0M
571800.000 1968 COM2 65 0R0 275 3.7 15.9 58.0 1.0112 0.00 0.0M
571860.000 1968 COM2 65 0R0 328 2.5 15.8 57.9 1.0113 0.00 0.0M
571920.000 1968 COM2 65 0R0 237 1.3 15.7 57.8 1.0112 0.00 0.0M
571980.000 1968 COM2 65 0R0 307 3.5 15.8 57.8 1.0112 0.00 0.0M
572040.000 1968 COM2 65 0R0 309 1.8 15.8 57.8 1.0113 0.00 0.0M
572100.000 1968 COM2 65 0R0 313 2.0 15.8 57.8 1.0113 0.00 0.0M
572160.000 1968 COM2 65 0R0 274 4.0 15.9 57.1 1.0113 0.00 0.0M
572220.000 1968 COM2 65 0R0 340 2.1 15.9 57.8 1.0113 0.00 0.0M
572280.000 1968 COM2 65 0R0 311 2.4 15.9 56.6 1.0113 0.00 0.0M
572340.000 1968 COM2 65 0R0 342 2.7 15.9 57.0 1.0113 0.00 0.0M
572400.000 1968 COM2 65 0R0 298 4.9 15.9 57.7 1.0114 0.00 0.0M
572460.000 1968 COM2 65 0R0 342 1.6 15.9 57.7 1.0114 0.00 0.0M
572520.000 1968 COM2 65 0R0 189 0.7 15.9 57.9 1.0114 0.00 0.0M
572580.000 1968 COM2 65 0R0 269 3.8 16.0 57.5 1.0114 0.00 0.0M
572640.000 1968 COM2 65 0R0 294 5.5 16.1 57.5 1.0114 0.00 0.0M
572700.000 1968 COM2 65 0R0 324 1.5 16.1 57.5 1.0114 0.00 0.0M
572760.000 1968 COM2 65 0R0 128 0.9 16.1 57.8 1.0114 0.00 0.0M
572820.000 1968 COM2 65 0R0 228 1.8 16.1 58.1 1.0114 0.00 0.0M
572880.000 1968 COM2 65 0R0 272 3.2 16.1 57.9 1.0114 0.00 0.0M
572940.000 1968 COM2 65 0R0 255 1.3 16.1 57.7 1.0115 0.00 0.0M
573000.000 1968 COM2 65 0R0 308 1.6 16.1 57.7 1.0115 0.00 0.0M
573060.000 1968 COM2 65 0R0 298 4.7 16.1 58.2 1.0114 0.00 0.0M
573120.000 1968 COM2 65 0R0 349 0.8 16.0 57.6 1.0114 0.00 0.0M
573180.000 1968 COM2 65 0R0 324 5.2 16.0 58.2 1.0115 0.00 0.0M
573240.000 1968 COM2 65 0R0 334 3.5 16.0 58.2 1.0115 0.00 0.0M
573300.000 1968 COM2 65 0R0 011 1.6 15.9 58.4 1.0115 0.00 0.0M
573360.000 1968 COM2 65 0R0 341 1.2 15.8 58.3 1.0115 0.00 0.0M
573420.000 1968 COM2 65 0R0 311 1.1 15.8 58.6 1.0115 0.00 0.0M
573480.000 1968 COM2 65 0R0 274 2.1 15.9 58.5 1.0114 0.00 0.0M
573540.000 1968 COM2 65 0R0 313 4.1 15.9 58.2 1.0113 0.00 0.0M
573600.000 1968 COM2 65 0R0 304 2.1 16.0 58.2 1.0114 0.00 0.0M
573660.000 1968 COM2 65 0R0 285 2.4 16.2 57.6 1.0115 0.00 0.0M
573720.000 1968 COM2 65 0R0 288 3.3 16.3 57.6 1.0114 0.00 0.0M
573780.000 1968 COM2 65 0R0 323 1.4 16.5 57.0 1.0114 0.00 0.0M
573840.000 1968 COM2 65 0R0 278 1.7 16.7 57.0 1.0114 0.00 0.0M
573900.000 1968 COM2 65 0R0 285 6.2 16.8 55.6 1.0115 0.00 0.0M
573960.000 1968 COM2 65 0R0 344 3.1 16.8 56.1 1.0115 0.00 0.0M
574020.000 1968 COM2 65 0R0 327 1.6 16.8 55.7 1.0115 0.00 0.0M
574080.000 1968 COM2 65 0R0 182 0.8 16.7 55.9 1.0116 0.00 0.0M
574140.000 1968 COM2 65 0R0 352 0.3 16.7 55.8 1.0116 0.00 0.0M
574200.000 1968 COM2 65 0R0 176 0.5 16.7 56.0 1.0116 0.00 0.0M
574260.000 1968 COM2 65 0R0 342 1.2 16.8 55.8 1.0116 0.00 0.0M
574320.000 1968 COM2 65 0R0 318 4.6 16.9 55.7 1.0115 0.00 0.0M
574380.000 1968 COM2 65 0R0 301 1.3 16.9 55.6 1.0115 0.00 0.0M
574440.000 1968 COM2 65 0R0 235 1.1 16.8 56.1 1.0116 0.00 0.0M
574500.000 1968 COM2 65 0R0 264 2.6 17.0 55.1 1.0115 0.00 0.0M
574560.000 1968 COM2 65 0R0 301 1.9 17.0 55.6 1.0115 0.00 0.0M
574620.000 1968 COM2 65 0R0 231 2.2 17.0 55.1 1.0115 0.00 0.0M
574680.000 1968 COM2 65 0R0 303 1.8 17.0 55.9 1.0116 0.00 0.0M
574740.000 1968 COM2 65 0R0 287 6.5 17.2 54.0 1.0115 0.00 0.0M
574800.000 1968 COM2 65 0R0 268 2.5 17.1 54.2 1.0116 0.00 0.0M
574860.000 1968 COM2 65 0R0 294 1.5 17.0 54.7 1.0116 0.00 0.0M
574920.000 1968 COM2 65 0R0 286 3.2 16.9 55.6 1.0116 0.00 0.0M
574980.000 1968 COM2 65 0R0 232 1.7 16.8 55.4 1.0116 0.00 0.0M
575040.000 1968 COM2 65 0R0 247 0.7 16.8 55.4 1.0116 0.00 0.0M
575100.000 1968 COM2 65 0R0 288 2.7 16.9 55.0 1.0116 0.00 0.0M
575160.000 1968 COM2 65 0R0 343 1.3 16.8 55.1 1.0117 0.00 0.0M
575220.100 1968 COM2 65 0R0 346 1.6 16.8 55.5 1.0117 0.00 0.0M
575280.000 1968 COM2 65 0R0 008 1.6 16.7 56.1 1.0117 0.00 0.0M
575340.000 1968 COM2 65 0R0 326 3.3 16.8 55.0 1.0117 0.00 0.0M
575400.000 1968 COM2 65 0R0 227 0.6 16.7 55.4 1.0117 0.00 0.0M
575460.000 1968 COM2 65 0R0 344 0.8 16.7 55.3 1.0117 0.00 0.0M
575520.000 1968 COM2 65 0R0 250 0.9 16.7 55.8 1.0117 0.00 0.0M
575580.000 1968 COM2 65 0R0 214 0.9 16.7 55.9 1.0117 0.00 0.0M
575640.000 1968 COM2 65 0R0 254 1.6 16.7 55.7 1.0117 0.00 0.0M
575700.000 1968 COM2 65 0R0 184 0.7 16.8 55.7 1.0117 0.00 0.0M
575760.000 1968 COM2 65 0R0 341 1.5 16.9 55.3 1.0117 0.00 0.0M
575820.000 1968 COM2 65 0R0 341 4.7 17.0 54.4 1.0117 0.00 0.0M
575880.000 1968 COM2 65 0R0 311 2.1 16.9 55.3 1.0117 0.00 0.0M
575940.000 1968 COM2 65 0R0 103 1.0 16.8 55.5 1.0117 0.00 0.0M
576000.000 1968 COM2 65 0R0 294 3.4 16.8 55.4 1.0117 0.00 0.0M
576060.000 1968 COM2 65 0R0 348 5.1 16.9 54.8 1.0117 0.00 0.0M
576120.000 1968 COM2 65 0R0 358 1.4 16.9 54.4 1.0117 0.00 0.0M
576180.000 1968 COM2 65 0R0 342 5.0 16.9 54.3 1.0117 0.00 0.0M
576240.000 1968 COM2 65 0R0 355 2.2 16.8 54.7 1.0117 0.00 0.0M
576300.000 1968 COM2 65 0R0 304 2.2 16.8 54.2 1.0118 0.00 0.0M
576360.000 1968 COM2 65 0R0 345 2.5 16.7 54.5 1.0117 0.00 0.0M
576420.000 1968 COM2 65 0R0 074 1.2 16.7 55.0 1.0117 0.00 0.0M
576480.000 1968 COM2 65 0R0 340 5.1 16.9 53.9 1.0117 0.00 0.0M
576540.000 1968 COM2 65 0R0 314 0.6 16.9 54.8 1.0117 0.00 0.0M
576600.000 1968 COM2 65 0R0 324 2.8 17.0 54.1 1.0118 0.00 0.0M
576660.000 1968 COM2 65 0R0 344 4.2 17.0 53.4 1.0117 0.00 0.0M
576720.000 1968 COM2 65 0R0 339 1.7 17.1 53.0 1.0117 0.00 0.0M
576780.000 1968 COM2 65 0R0 004 2.0 17.2 52.6 1.0117 0.00 0.0M
576840.000 1968 COM2 65 0R0 008 1.4 17.3 52.5 1.0117 0.00 0.0M
576900.000 1968 COM2 65 0R0 347 4.7 17.3 52.3 1.0118 0.00 0.0M
576960.000 1968 COM2 65 0R0 015 2.3 17.3 52.5 1.0117 0.00 0.0M
577020.000 1968 COM2 65 0R0 344 6.2 17.3 52.4 1.0117 0.00 0.0M
577080.000 1968 COM2 65 0R0 272 1.0 17.2 52.9 1.0118 0.00 0.0M
577140.000 1968 COM2 65 0R0 358 2.8 17.1 52.8 1.0118 0.00 0.0M
577200.000 1968 COM2 65 0R0 339 3.5 17.0 52.5 1.0118 0.00 0.0M
577260.000 1968 COM2 65 0R0 327 2.1 17.0 52.6 1.0118 0.00 0.0M
577320.000 1968 COM2 65 0R0 302 1.1 16.9 53.1 1.0118 0.00 0.0M
577380.000 1968 COM2 65 0R0 318 2.5 17.0 52.6 1.0118 0.00 0.0M
577440.000 1968 COM2 65 0R0 341 4.9 17.0 52.8 1.0118 0.00 0.0M
577500.000 1968 COM2 65 0R0 025 2.6 17.0 53.0 1.0118 0.00 0.0M
577560.000 1968 COM2 65 0R0 307 2.3 17.0 53.2 1.0119 0.00 0.0M
577620.000 1968 COM2 65 0R0 033 0.3 17.0 52.9 1.0118 0.00 0.0M
577680.000 1968 COM2 65 0R0 006 0.5 17.2 53.1 1.0118 0.00 0.0M
577740.000 1968 COM2 65 0R0 040 1.8 17.3 52.6 1.0118 0.00 0.0M
577800.000 1968 COM2 65 0R0 260 0.6 17.5 51.8 1.0118 0.00 0.0M
577860.000 1968 COM2 65 0R0 351 4.0 17.6 50.1 1.0118 0.00 0.0M
577920.000 1968 COM2 65 0R0 016 3.8 17.6 50.3 1.0118 0.00 0.0M
577980.000 1968 COM2 65 0R0 026 1.2 17.6 49.8 1.0118 0.00 0.0M
578040.000 1968 COM2 65 0R0 358 1.1 17.6 50.6 1.0118 0.00 0.0M
578100.000 1968 COM2 65 0R0 014 1.1 17.7 50.1 1.0118 0.00 0.0M
578160.000 1968 COM2 65 0R0 307 1.8 17.8 50.1 1.0118 0.00 0.0M
578220.000 1968 COM2 65 0R0 011 3.1 18.0 49.0 1.0118 0.00 0.0M
578280.000 1968 COM2 65 0R0 343 3.0 18.1 48.4 1.0118 0.00 0.0M
578340.000 1968 COM2 65 0R0 033 1.9 18.1 48.2 1.0118 0.00 0.0M
578400.000 1968 COM2 65 0R0 009 3.9 18.2 47.3 1.0118 0.00 0.0M
578460.000 1968 COM2 65 0R0 342 1.2 18.2 47.8 1.0118 0.00 0.0M
578520.000 1968 COM2 65 0R0 349 5.2 18.1 47.8 1.0118 0.00 0.0M
578580.000 1968 COM2 65 0R0 342 1.0 18.0 48.4 1.0118 0.00 0.0M
578640.000 1968 COM2 65 0R0 276 2.9 18.0 48.6 1.0118 0.00 0.0M
578700.000 1968 COM2 65 0R0 262 0.7 18.1 49.1 1.0118 0.00 0.0M
578760.000 1968 COM2 65 0R0 011 3.1 18.1 49.6 1.0118 0.00 0.0M
578820.000 1968 COM2 65 0R0 343 4.0 18.0 50.3 1.0119 0.00 0.0M
578880.000 1968 COM2 65 0R0 355 1.7 17.7 51.2 1.0119 0.00 0.0M
578940.000 1968 COM2 65 0R0 353 2.0 17.5 51.9 1.0119 0.00 0.0M
579000.000 1968 COM2 65 0R0 344 3.7 17.4 52.2 1.0119 0.00 0.0M
579060.000 1968 COM2 65 0R0 066 1.0 17.4 52.8 1.0119 0.00 0.0M
579120.000 1968 COM2 65 0R0 333 1.6 17.3 51.5 1.0118 0.00 0.0M
579180.000 1968 COM2 65 0R0 291 5.8 17.2 52.4 1.0119 0.00 0.0M
579240.000 1968 COM2 65 0R0 302 2.8 17.2 52.9 1.0119 0.00 0.0M
579300.000 1968 COM2 65 0R0 318 3.6 17.2 51.7 1.0119 0.00 0.0M
579360.000 1968 COM2 65 0R0 004 1.0 17.2 52.3 1.0119 0.00 0.0M
579420.000 1968 COM2 65 0R0 241 0.4 17.4 51.9 1.0119 0.00 0.0M
579480.000 1968 COM2 65 0R0 218 2.1 17.6 51.4 1.0118 0.00 0.0M
579540.000 1968 COM2 65 0R0 315 4.0 17.8 48.9 1.0118 0.00 0.0M
579600.000 1968 COM2 65 0R0 048 0.6 17.9 48.8 1.0118 0.00 0.0M
579660.000 1968 COM2 65 0R0 321 2.1 18.0 48.9 1.0118 0.00 0.0M
579720.000 1968 COM2 65 0R0 066 0.7 18.1 48.1 1.0117 0.00 0.0M
579780.000 1968 COM2 65 0R0 018 4.0 18.2 47.7 1.0117 0.00 0.0M
579840.000 1968 COM2 65 0R0 286 4.8 18.3 46.4 1.0117 0.00 0.0M
579900.000 1968 COM2 65 0R0 020 4.9 18.4 45.5 1.0118 0.00 0.0M
579960.000 1968 COM2 65 0R0 344 3.1 18.4 46.1 1.0118 0.00 0.0M
580020.000 1968 COM2 65 0R0 341 4.4 18.3 46.5 1.0118 0.00 0.0M
580080.000 1968 COM2 65 0R0 323 4.2 18.2 47.0 1.0118 0.00 0.0M
580140.000 1968 COM2 65 0R0 020 5.3 18.2 47.3 1.0118 0.00 0.0M
580200.000 1968 COM2 65 0R0 333 2.0 18.3 47.4 1.0118 0.00 0.0M
580260.000 1968 COM2 65 0R0 335 1.4 18.4 47.2 1.0118 0.00 0.0M
580320.000 1968 COM2 65 0R0 332 2.0 18.5 47.3 1.0118 0.00 0.0M
580380.000 1968 COM2 65 0R0 008 2.5 18.5 47.1 1.0118 0.00 0.0M
580440.000 1968 COM2 65 0R0 236 1.4 18.4 47.6 1.0119 0.00 0.0M
580500.000 1968 COM2 65 0R0 339 3.3 18.5 47.9 1.0119 0.00 0.0M
580560.000 1968 COM2 65 0R0 041 0.3 18.4 48.5 1.0119 0.00 0.0M
580620.000 1968 COM2 65 0R0 121 1.2 18.3 49.3 1.0119 0.00 0.0M
580680.000 1968 COM2 65 0R0 319 3.6 18.2 49.7 1.0119 0.00 0.0M
580740.000 1968 COM2 65 0R0 289 3.5 18.0 50.5 1.0119 0.00 0.0M
580800.000 1968 COM2 65 0R0 294 1.1 17.7 51.3 1.0119 0.00 0.0M
580860.000 1968 COM2 65 0R0 329 3.5 17.6 51.9 1.0119 0.00 0.0M
580920.000 1968 COM2 65 0R0 164 1.1 17.5 52.5 1.0119 0.00 0.0M
580980.000 1968 COM2 65 0R0 344 4.3 17.6 52.3 1.0119 0.00 0.0M
581040.000 1968 COM2 65 0R0 304 3.5 17.6 52.3 1.0119 0.00 0.0M
581100.000 1968 COM2 65 0R0 292 3.9 17.5 52.3 1.0119 0.00 0.0M
581160.000 1968 COM2 65 0R0 278 3.9 17.5 52.7 1.0119 0.00 0.0M
581220.000 1968 COM2 65 0R0 022 1.0 17.5 52.7 1.0119 0.00 0.0M
581280.000 1968 COM2 65 0R0 271 1.4 17.5 53.0 1.0119 0.00 0.0M
581340.000 1968 COM2 65 0R0 336 2.7 17.5 52.9 1.0119 0.00 0.0M
581400.000 1968 COM2 65 0R0 296 6.7 17.4 53.5 1.0119 0.00 0.0M
581460.000 1968 COM2 65 0R0 291 2.5 17.2 54.3 1.0119 0.00 0.0M
581520.000 1968 COM2 65 0R0 321 2.5 17.2 54.5 1.0119 0.00 0.0M
581580.000 1968 COM2 65 0R0 300 2.2 17.2 54.8 1.0119 0.00 0.0M
581640.000 1968 COM2 65 0R0 319 0.9 17.1 55.1 1.0119 0.00 0.0M
581700.000 1968 COM2 65 0R0 292 2.3 17.2 53.9 1.0119 0.00 0.0M
581760.000 1968 COM2 65 0R0 008 2.5 17.2 54.1 1.0119 0.00 0.0M
581820.000 1968 COM2 65 0R0 288 4.9 17.3 54.2 1.0120 0.00 0.0M
581880.000 1968 COM2 65 0R0 353 1.9 17.3 54.1 1.0119 0.00 0.0M
581940.000 1968 COM2 65 0R0 318 3.7 17.2 54.2 1.0119 0.00 0.0M
582000.000 1968 COM2 65 0R0 349 2.0 17.1 54.8 1.0119 0.00 0.0M
582060.000 1968 COM2 65 0R0 304 3.3 17.0 54.9 1.0120 0.00 0.0M
582120.000 1968 COM2 65 0R0 322 2.9 17.0 55.1 1.0120 0.00 0.0M
582180.000 1968 COM2 65 0R0 349 5.3 16.9 55.5 1.0121 0.00 0.0M
582240.000 1968 COM2 65 0R0 281 5.0 16.8 56.0 1.0120 0.00 0.0M
582300.000 1968 COM2 65 0R0 162 1.5 16.8 56.2 1.0121 0.00 0.0M
582360.000 1968 COM2 65 0R0 325 3.3 16.8 56.4 1.0121 0.00 0.0M
582420.000 1968 COM2 65 0R0 286 1.6 16.7 56.7 1.0122 0.00 0.0M
582480.000 1968 COM2 65 0R0 335 5.9 16.7 56.7 1.0121 0.00 0.0M
582540.000 1968 COM2 65 0R0 346 3.8 16.7 56.8 1.0122 0.01 0.0M
582600.000 1968 COM2 65 0R0 337 2.9 16.6 58.4 1.0123 0.07 0.0M
582660.000 1968 COM2 65 0R0 304 2.3 16.5 60.0 1.0123 0.16 0.0M
582720.000 1968 COM2 65 0R0 007 1.5 16.4 63.5 1.0122 0.05 0.0M
582780.000 1968 COM2 65 0R0 284 6.6 16.2 63.7 1.0123 0.01 0.0M
582840.000 1968 COM2 65 0R0 324 1.7 16.0 65.4 1.0124 0.02 0.0M
582900.000 1968 COM2 65 0R0 317 3.0 15.7 66.9 1.0124 0.04 0.0M
582960.000 1968 COM2 65 0R0 348 4.4 15.5 67.6 1.0123 0.02 0.0M
583020.000 1968 COM2 65 0R0 040 2.5 15.3 68.5 1.0123 0.01 0.0M
583080.000 1968 COM2 65 0R0 014 1.8 15.2 71.8 1.0124 0.01 0.0M
583140.000 1968 COM2 65 0R0 027 1.3 15.0 72.7 1.0123 0.00 0.0M
583200.000 1968 COM2 65 0R0 297 0.4 14.9 71.9 1.0123 0.00 0.0M
583260.000 1968 COM2 65 0R0 350 1.8 14.8 74.5 1.0123 0.00 0.0M
583320.000 1968 COM2 65 0R0 063 0.8 14.8 75.6 1.0123 0.00 0.0M
583380.000 1968 COM2 65 0R0 023 1.3 14.8 75.0 1.0123 0.00 0.0M
583440.000 1968 COM2 65 0R0 345 2.1 14.9 75.3 1.0123 0.00 0.0M
583500.000 1968 COM2 65 0R0 342 1.4 14.9 74.2 1.0123 0.00 0.0M
583560.000 1968 COM2 65 0R0 178 1.6 14.9 75.3 1.0123 0.00 0.0M
583620.000 1968 COM2 65 0R0 286 0.8 15.0 75.5 1.0123 0.00 0.0M
583680.000 1968 COM2 65 0R0 331 1.2 15.0 71.9 1.0123 0.00 0.0M
583740.000 1968 COM2 65 0R0 049 1.2 15.0 74.2 1.0123 0.00 0.0M
583800.000 1968 COM2 65 0R0 346 0.5 15.0 76.2 1.0123 0.00 0.0M
583860.000 1968 COM2 65 0R0 008 0.9 15.1 73.6 1.0123 0.00 0.0M
583920.000 1968 COM2 65 0R0 288 0.8 15.1 75.7 1.0123 0.00 0.0M
583980.000 1968 COM2 65 0R0 336 0.4 15.2 73.5 1.0124 0.00 0.0M
584040.000 1968 COM2 65 0R0 351 1.7 15.3 73.0 1.0124 0.00 0.0M
584100.000 1968 COM2 65 0R0 300 1.4 15.4 72.8 1.0123 0.00 0.0M
584160.000 1968 COM2 65 0R0 334 1.3 15.5 73.0 1.0124 0.00 0.0M
584220.000 1968 COM2 65 0R0 310 0.9 15.6 73.7 1.0123 0.00 0.0M
584280.000 1968 COM2 65 0R0 297 2.6 15.7 70.5 1.0123 0.00 0.0M
584340.000 1968 COM2 65 0R0 244 1.0 15.8 70.3 1.0123 0.00 0.0M
584400.000 1968 COM2 65 0R0 079 0.9 15.9 68.6 1.0123 0.00 0.0M
584460.000 1968 COM2 65 0R0 342 1.3 16.0 70.6 1.0123 0.00 0.0M
584520.000 1968 COM2 65 0R0 358 3.2 16.1 67.5 1.0124 0.00 0.0M
584580.000 1968 COM2 65 0R0 023 0.4 16.2 68.8 1.0124 0.00 0.0M
584640.000 1968 COM2 65 0R0 036 0.7 16.2 69.3 1.0124 0.00 0.0M
584700.000 1968 COM2 65 0R0 345 5.1 16.3 66.2 1.0124 0.00 0.0M
584760.000 1968 COM2 65 0R0 339 2.9 16.3 65.7 1.0124 0.00 0.0M
584820.000 1968 COM2 65 0R0 337 4.7 16.3 66.5 1.0125 0.00 0.0M
584880.000 1968 COM2 65 0R0 353 2.4 16.3 65.8 1.0125 0.00 0.0M
584940.000 1968 COM2 65 0R0 286 7.1 16.4 61.8 1.0124 0.00 0.0M
585000.000 1968 COM2 65 0R0 337 3.1 16.3 63.7 1.0124 0.00 0.0M
585060.000 1968 COM2 65 0R0 343 2.0 16.3 64.6 1.0125 0.00 0.0M
585120.000 1968 COM2 65 0R0 304 5.0 16.4 63.0 1.0125 0.00 0.0M
585180.000 1968 COM2 65 0R0 264 2.8 16.4 61.9 1.0124 0.00 0.0M
585240.000 1968 COM2 65 0R0 294 4.5 16.4 61.1 1.0124 0.00 0.0M
585300.000 1968 COM2 65 0R0 345 5.4 16.3 61.1 1.0125 0.00 0.0M
585360.000 1968 COM2 65 0R0 341 3.0 16.3 61.6 1.0126 0.00 0.0M
585420.000 1968 COM2 65 0R0 346 5.1 16.3 60.5 1.0126 0.00 0.0M
585480.000 1968 COM2 65 0R0 314 1.6 16.2 60.4 1.0125 0.00 0.0M
585540.000 1968 COM2 65 0R0 338 2.6 16.2 61.1 1.0126 0.00 0.0M
585600.000 1968 COM2 65 0R0 027 0.7 16.1 62.2 1.0126 0.00 0.0M
585660.000 1968 COM2 65 0R0 036 2.2 16.1 63.2 1.0126 0.00 0.0M
585720.000 1968 COM2 65 0R0 034 0.8 16.1 62.1 1.0126 0.00 0.0M
585780.000 1968 COM2 65 0R0 288 6.7 16.1 62.5 1.0126 0.00 0.0M
585840.000 1968 COM2 65 0R0 306 5.2 16.0 62.6 1.0126 0.00 0.0M
585900.000 1968 COM2 65 0R0 302 1.9 16.0 62.6 1.0126 0.00 0.0M
585960.000 1968 COM2 65 0R0 338 2.5 16.0 62.2 1.0126 0.00 0.0M
586020.000 1968 COM2 65 0R0 335 0.6 16.0 62.3 1.0126 0.00 0.0M
586080.000 1968 COM2 65 0R0 058 2.5 16.0 62.6 1.0126 0.00 0.0M
586140.000 1968 COM2 65 0R0 292 4.8 16.0 62.9 1.0126 0.00 0.0M
586200.000 1968 COM2 65 0R0 324 2.2 16.0 62.3 1.0126 0.00 0.0M
586260.000 1968 COM2 65 0R0 329 1.3 16.0 62.3 1.0127 0.00 0.0M
586320.000 1968 COM2 65 0R0 312 1.0 16.0 61.8 1.0126 0.00 0.0M
586380.000 1968 COM2 65 0R0 347 2.8 16.0 62.6 1.0126 0.00 0.0M
586440.000 1968 COM2 65 0R0 325 1.9 16.0 61.8 1.0126 0.00 0.0M
586500.000 1968 COM2 65 0R0 303 5.8 15.9 61.8 1.0126 0.00 0.0M
586560.000 1968 COM2 65 0R0 345 4.5 15.9 62.3 1.0127 0.00 0.0M
586620.000 1968 COM2 65 0R0 312 4.1 15.9 62.6 1.0127 0.00 0.0M
586680.000 1968 COM2 65 0R0 312 4.1 15.9 62.3 1.0126 0.00 0.0M
586740.000 1968 COM2 65 0R0 052 0.8 15.8 62.6 1.0127 0.00 0.0M
586800.000 1968 COM2 65 0R0 300 2.8 15.9 62.2 1.0127 0.00 0.0M
586860.000 1968 COM2 65 0R0 341 1.9 15.9 62.9 1.0127 0.00 0.0M
586920.000 1968 COM2 65 0R0 162 0.9 16.0 63.0 1.0127 0.00 0.0M
586980.000 1968 COM2 65 0R0 335 2.1 16.0 62.4 1.0128 0.00 0.0M
587040.000 1968 COM2 65 0R0 313 3.0 16.1 61.3 1.0128 0.00 0.0M
587100.000 1968 COM2 65 0R0 348 3.8 16.0 62.2 1.0128 0.00 0.0M
587160.000 1968 COM2 65 0R0 310 1.4 16.0 61.9 1.0127 0.00 0.0M
587220.000 1968 COM2 65 0R0 356 1.2 16.1 60.8 1.0127 0.00 0.0M
587280.000 1968 COM2 65 0R0 315 1.4 16.1 61.1 1.0128 0.00 0.0M
587340.000 1968 COM2 65 0R0 339 3.3 16.1 61.3 1.0128 0.00 0.0M
587400.000 1968 COM2 65 0R0 340 1.8 16.1 61.5 1.0128 0.00 0.0M
587460.000 1968 COM2 65 0R0 345 3.8 16.1 61.1 1.0129 0.00 0.0M
587520.000 1968 COM2 65 0R0 186 1.4 16.1 61.7 1.0128 0.00 0.0M
587580.000 1968 COM2 65 0R0 319 7.0 16.1 60.9 1.0128 0.00 0.0M
587640.000 1968 COM2 65 0R0 288 1.0 16.0 61.3 1.0128 0.00 0.0M
587700.000 1968 COM2 65 0R0 301 2.8 16.0 61.5 1.0129 0.00 0.0M
587760.000 1968 COM2 65 0R0 310 1.3 16.0 61.7 1.0129 0.00 0.0M
587820.000 1968 COM2 65 0R0 324 3.6 16.0 61.6 1.0129 0.00 0.0M
587880.000 1968 COM2 65 0R0 347 3.9 16.0 61.6 1.0130 0.00 0.0M
587940.000 1968 COM2 65 0R0 310 2.7 16.0 61.4 1.0130 0.00 0.0M
588000.000 1968 COM2 65 0R0 268 2.1 16.0 62.0 1.0130 0.00 0.0M
588060.000 1968 COM2 65 0R0 325 1.4 16.0 62.1 1.0130 0.00 0.0M
588120.000 1968 COM2 65 0R0 308 3.7 16.0 61.8 1.0130 0.00 0.0M
588180.000 1968 COM2 65 0R0 282 1.6 16.0 62.2 1.0131 0.00 0.0M
588240.000 1968 COM2 65 0R0 290 3.5 16.0 62.1 1.0131 0.00 0.0M
588300.000 1968 COM2 65 0R0 346 1.1 16.1 61.7 1.0131 0.00 0.0M
588360.000 1968 COM2 65 0R0 207 0.8 16.1 62.3 1.0131 0.00 0.0M
588420.000 1968 COM2 65 0R0 332 3.8 16.1 60.7 1.0130 0.00 0.0M
588480.000 1968 COM2 65 0R0 327 5.6 16.0 61.2 1.0131 0.00 0.0M
588540.000 1968 COM2 65 0R0 029 1.5 16.0 61.1 1.0130 0.00 0.0M
588600.000 1968 COM2 65 0R0 320 4.2 15.9 60.4 1.0131 0.00 0.0M
588660.000 1968 COM2 65 0R0 057 0.8 15.9 60.7 1.0131 0.00 0.0M
588720.000 1968 COM2 65 0R0 289 2.6 15.9 60.8 1.0130 0.00 0.0M
588780.000 1968 COM2 65 0R0 310 2.3 15.9 60.7 1.0131 0.00 0.0M
588840.000 1968 COM2 65 0R0 322 2.1 15.9 60.9 1.0131 0.00 0.0M
588900.100 1968 COM2 65 0R0 324 4.2 15.9 61.1 1.0131 0.00 0.0M
588960.000 1968 COM2 65 0R0 323 1.2 16.0 60.8 1.0131 0.00 0.0M
589020.000 1968 COM2 65 0R0 296 3.8 16.0 60.7 1.0131 0.00 0.0M
589080.000 1968 COM2 65 0R0 283 3.2 16.0 60.8 1.0131 0.00 0.0M
589140.000 1968 COM2 65 0R0 336 1.6 16.1 61.1 1.0131 0.00 0.0M
589200.000 1968 COM2 65 0R0 318 6.3 16.3 60.3 1.0131 0.00 0.0M
589260.000 1968 COM2 65 0R0 214 2.2 16.4 60.8 1.0131 0.00 0.0M
589320.000 1968 COM2 65 0R0 272 3.0 16.6 60.8 1.0132 0.00 0.0M
589380.000 1968 COM2 65 0R0 312 6.3 16.8 59.7 1.0131 0.00 0.0M
589440.000 1968 COM2 65 0R0 356 2.8 16.7 59.6 1.0131 0.00 0.0M
589500.000 1968 COM2 65 0R0 330 5.3 16.6 60.1 1.0131 0.00 0.0M
589560.000 1968 COM2 65 0R0 325 4.5 16.5 60.6 1.0132 0.00 0.0M
589620.000 1968 COM2 65 0R0 301 1.6 16.4 61.3 1.0132 0.00 0.0M
589680.000 1968 COM2 65 0R0 301 3.0 16.4 60.6 1.0132 0.00 0.0M
589740.000 1968 COM2 65 0R0 275 3.2 16.4 61.5 1.0132 0.00 0.0M
589800.000 1968 COM2 65 0R0 306 1.3 16.3 61.2 1.0133 0.00 0.0M
589860.000 1968 COM2 65 0R0 333 3.7 16.2 61.9 1.0133 0.00 0.0M
589920.000 1968 COM2 65 0R0 339 1.9 16.1 62.3 1.0132 0.00 0.0M
589980.000 1968 COM2 65 0R0 332 4.6 16.0 62.6 1.0133 0.00 0.0M
590040.000 1968 COM2 65 0R0 289 4.6 16.0 63.1 1.0132 0.00 0.0M
590100.000 1968 COM2 65 0R0 266 0.9 15.9 63.2 1.0132 0.00 0.0M
590160.000 1968 COM2 65 0R0 251 1.6 16.0 63.4 1.0131 0.00 0.0M
590220.000 1968 COM2 65 0R0 269 7.2 16.0 63.3 1.0132 0.00 0.0M
590280.000 1968 COM2 65 0R0 336 5.6 15.9 63.5 1.0133 0.00 0.0M
590340.000 1968 COM2 65 0R0 289 3.9 15.9 64.0 1.0133 0.00 0.0M
590400.000 1968 COM2 65 0R0 320 5.9 15.8 64.4 1.0133 0.00 0.0M
590460.000 1968 COM2 65 0R0 339 2.6 15.8 64.4 1.0133 0.00 0.0M
590520.000 1968 COM2 65 0R0 308 5.7 15.8 64.8 1.0134 0.00 0.0M
590580.000 1968 COM2 65 0R0 354 1.1 15.7 64.6 1.0134 0.00 0.0M
590640.000 1968 COM2 65 0R0 308 5.4 15.6 64.8 1.0134 0.00 0.0M
590700.000 1968 COM2 65 0R0 346 1.7 15.5 65.3 1.0134 0.00 0.0M
590760.000 1968 COM2 65 0R0 035 1.3 15.4 65.7 1.0134 0.00 0.0M
590820.000 1968 COM2 65 0R0 313 1.1 15.3 66.1 1.0135 0.00 0.0M
590880.000 1968 COM2 65 0R0 321 2.2 15.3 66.7 1.0135 0.00 0.0M
590940.000 1968 COM2 65 0R0 321 0.8 15.2 67.5 1.0136 0.00 0.0M
591000.000 1968 COM2 65 0R0 006 0.7 15.2 67.0 1.0136 0.00 0.0M
591060.300 1968 COM2 65 0R0 328 2.3 15.3 66.9 1.0136 0.00 0.0M
591120.300 1968 COM2 65 0R0 292 1.9 15.3 66.2 1.0136 0.00 0.0M
591180.000 1968 COM2 65 0R0 357 0.8 15.2 67.0 1.0136 0.00 0.0M
591240.000 1968 COM2 65 0R0 281 1.1 15.1 67.0 1.0136 0.00 0.0M
591300.300 1968 COM2 65 0R0 278 2.9 15.1 67.4 1.0137 0.00 0.0M
591360.000 1968 COM2 65 0R0 324 1.4 15.0 67.4 1.0137 0.00 0.0M
591420.000 1968 COM2 65 0R0 357 1.5 15.0 67.8 1.0136 0.00 0.0M
591480.000 1968 COM2 65 0R0 065 1.3 15.0 67.3 1.0136 0.00 0.0M
591540.000 1968 COM2 65 0R0 335 4.1 15.0 67.0 1.0137 0.00 0.0M
591600.000 1968 COM2 65 0R0 286 0.8 15.0 67.5 1.0136 0.00 0.0M
591660.000 1968 COM2 65 0R0 289 2.3 14.9 67.7 1.0137 0.00 0.0M
591720.000 1968 COM2 65 0R0 261 2.5 14.9 67.9 1.0137 0.00 0.0M
591780.100 1968 COM2 65 0R0 316 3.7 14.9 68.0 1.0136 0.00 0.0M
591840.100 1968 COM2 65 0R0 335 2.8 14.9 67.9 1.0137 0.00 0.0M
591900.000 1968 COM2 65 0R0 292 2.0 14.9 67.9 1.0137 0.00 0.0M
591960.000 1968 COM2 65 0R0 345 5.7 14.9 68.0 1.0137 0.00 0.0M
592020.000 1968 COM2 65 0R0 305 2.8 14.9 67.6 1.0138 0.00 0.0M
592080.000 1968 COM2 65 0R0 310 4.7 14.9 67.6 1.0137 0.00 0.0M
592140.000 1968 COM2 65 0R0 324 4.3 14.8 68.3 1.0137 0.00 0.0M
592200.000 1968 COM2 65 0R0 300 2.4 14.7 68.4 1.0138 0.00 0.0M
592260.000 1968 COM2 65 0R0 299 3.2 14.8 68.4 1.0138 0.00 0.0M
592320.000 1968 COM2 65 0R0 302 3.6 14.8 68.4 1.0138 0.00 0.0M
592380.000 1968 COM2 65 0R0 298 3.4 14.8 68.1 1.0138 0.00 0.0M
592440.000 1968 COM2 65 0R0 020 0.9 14.8 68.3 1.0138 0.00 0.0M
592500.000 1968 COM2 65 0R0 347 2.5 14.8 68.3 1.0139 0.00 0.0M
592560.000 1968 COM2 65 0R0 312 3.3 14.8 68.1 1.0138 0.00 0.0M
592620.000 1968 COM2 65 0R0 045 0.5 14.8 67.8 1.0138 0.00 0.0M
592680.000 1968 COM2 65 0R0 305 5.8 14.8 67.4 1.0139 0.00 0.0M
592740.000 1968 COM2 65 0R0 344 4.7 14.8 67.9 1.0139 0.00 0.0M
592800.000 1968 COM2 65 0R0 345 2.9 14.8 67.9 1.0139 0.00 0.0M
592860.000 1968 COM2 65 0R0 305 2.5 14.8 67.7 1.0139 0.00 0.0M
592920.000 1968 COM2 65 0R0 350 2.7 14.8 68.1 1.0139 0.00 0.0M
592980.000 1968 COM2 65 0R0 264 1.5 14.8 67.6 1.0139 0.00 0.0M
593040.000 1968 COM2 65 0R0 341 1.0 14.9 67.6 1.0139 0.00 0.0M
593100.000 1968 COM2 65 0R0 340 2.5 14.9 67.7 1.0139 0.00 0.0M
593160.000 1968 COM2 65 0R0 274 1.0 14.9 67.5 1.0140 0.00 0.0M
593220.000 1968 COM2 65 0R0 349 2.8 14.9 67.5 1.0140 0.00 0.0M
593280.000 1968 COM2 65 0R0 275 0.4 14.9 67.4 1.0140 0.00 0.0M
593340.000 1968 COM2 65 0R0 311 2.1 14.9 67.3 1.0140 0.00 0.0M
593400.000 1968 COM2 65 0R0 310 1.2 14.9 67.4 1.0140 0.00 0.0M
593460.000 1968 COM2 65 0R0 319 0.6 15.0 66.9 1.0140 0.00 0.0M
593520.000 1968 COM2 65 0R0 289 4.2 15.0 66.8 1.0140 0.00 0.0M
593580.000 1968 COM2 65 0R0 340 3.0 15.0 66.3 1.0140 0.00 0.0M
593640.000 1968 COM2 65 0R0 016 1.1 15.0 66.5 1.0140 0.00 0.0M
593700.000 1968 COM2 65 0R0 352 2.8 15.0 66.5 1.0140 0.00 0.0M
593760.000 1968 COM2 65 0R0 348 4.5 15.0 66.4 1.0140 0.00 0.0M
593820.000 1968 COM2 65 0R0 161 0.8 15.0 66.5 1.0140 0.00 0.0M
593880.000 1968 COM2 65 0R0 294 3.5 15.0 66.3 1.0140 0.00 0.0M
593940.000 1968 COM2 65 0R0 276 4.3 15.1 65.7 1.0141 0.00 0.0M
594000.000 1968 COM2 65 0R0 345 1.9 15.1 66.3 1.0141 0.00 0.0M
594060.000 1968 COM2 65 0R0 282 5.6 15.1 66.1 1.0141 0.00 0.0M
594120.000 1968 COM2 65 0R0 316 3.0 15.1 66.0 1.0141 0.00 0.0M
594180.000 1968 COM2 65 0R0 297 0.9 15.1 66.2 1.0141 0.00 0.0M
594240.000 1968 COM2 65 0R0 299 3.4 15.1 65.9 1.0142 0.00 0.0M
594300.000 1968 COM2 65 0R0 328 0.9 15.1 65.9 1.0142 0.00 0.0M
594360.000 1968 COM2 65 0R0 002 1.1 15.1 66.1 1.0141 0.00 0.0M
594420.000 1968 COM2 65 0R0 355 2.0 15.2 65.7 1.0142 0.00 0.0M
594480.000 1968 COM2 65 0R0 320 5.1 15.2 66.0 1.0142 0.00 0.0M
594540.000 1968 COM2 65 0R0 007 1.0 15.2 65.9 1.0143 0.00 0.0M
594600.000 1968 COM2 65 0R0 302 2.8 15.2 65.9 1.0143 0.00 0.0M
594660.000 1968 COM2 65 0R0 276 0.9 15.2 65.8 1.0143 0.00 0.0M
594720.000 1968 COM2 65 0R0 335 2.0 15.2 65.7 1.0143 0.00 0.0M
594780.000 1968 COM2 65 0R0 308 2.6 15.2 65.9 1.0143 0.00 0.0M
594840.200 1968 COM2 65 0R0 303 2.8 15.2 65.6 1.0144 0.00 0.0M
594900.000 1968 COM2 65 0R0 349 2.1 15.2 65.7 1.0144 0.00 0.0M
594960.000 1968 COM2 65 0R0 005 4.2 15.2 65.5 1.0144 0.00 0.0M
595020.200 1968 COM2 65 0R0 357 1.4 15.2 65.0 1.0144 0.00 0.0M
595080.000 1968 COM2 65 0R0 223 0.6 15.1 65.1 1.0144 0.00 0.0M
595140.000 1968 COM2 65 0R0 294 3.2 15.1 65.0 1.0144 0.00 0.0M
595200.000 1968 COM2 65 0R0 338 4.9 15.1 65.4 1.0144 0.00 0.0M
595260.000 1968 COM2 65 0R0 219 1.5 15.0 65.6 1.0144 0.00 0.0M
595320.000 1968 COM2 65 0R0 254 0.9 15.0 66.2 1.0145 0.00 0.0M
595380.000 1968 COM2 65 0R0 268 3.1 15.1 65.7 1.0145 0.00 0.0M
595440.000 1968 COM2 65 0R0 355 3.5 15.1 65.6 1.0146 0.00 0.0M
595500.000 1968 COM2 65 0R0 312 3.2 15.1 65.5 1.0145 0.00 0.0M
595560.000 1968 COM2 65 0R0 346 5.3 15.0 65.6 1.0146 0.00 0.0M
595620.000 1968 COM2 65 0R0 294 4.1 14.9 66.2 1.0146 0.00 0.0M
595680.000 1968 COM2 65 0R0 294 2.6 14.9 66.3 1.0146 0.00 0.0M
595740.000 1968 COM2 65 0R0 098 1.4 14.9 66.9 1.0146 0.00 0.0M
595800.000 1968 COM2 65 0R0 261 1.9 14.9 66.7 1.0147 0.00 0.0M
595860.000 1968 COM2 65 0R0 343 2.7 14.9 66.7 1.0147 0.00 0.0M
595920.000 1968 COM2 65 0R0 257 2.8 14.9 66.6 1.0147 0.00 0.0M
595980.000 1968 COM2 65 0R0 014 0.8 14.8 66.7 1.0147 0.00 0.0M
596040.000 1968 COM2 65 0R0 292 2.5 14.8 66.8 1.0147 0.00 0.0M
596100.000 1968 COM2 65 0R0 332 5.1 14.7 66.9 1.0148 0.00 0.0M
596160.000 1968 COM2 65 0R0 285 1.5 14.7 67.3 1.0148 0.00 0.0M
596220.000 1968 COM2 65 0R0 309 2.6 14.6 67.3 1.0148 0.00 0.0M
596280.000 1968 COM2 65 0R0 344 3.4 14.6 67.1 1.0148 0.00 0.0M
596340.000 1968 COM2 65 0R0 277 3.3 14.6 67.5 1.0148 0.00 0.0M
596400.000 1968 COM2 65 0R0 308 1.5 14.5 67.5 1.0149 0.00 0.0M
596460.000 1968 COM2 65 0R0 281 4.0 14.5 67.7 1.0149 0.00 0.0M
596520.000 1968 COM2 65 0R0 288 1.8 14.4 68.3 1.0149 0.00 0.0M
596580.000 1968 COM2 65 0R0 024 1.5 14.4 68.2 1.0148 0.00 0.0M
596640.000 1968 COM2 65 0R0 049 0.6 14.4 68.5 1.0149 0.00 0.0M
596700.000 1968 COM2 65 0R0 334 2.2 14.4 68.7 1.0150 0.00 0.0M
596760.000 1968 COM2 65 0R0 011 0.4 14.4 68.6 1.0149 0.00 0.0M
596820.000 1968 COM2 65 0R0 282 1.7 14.4 68.5 1.0150 0.00 0.0M
596880.000 1968 COM2 65 0R0 302 2.8 14.4 68.5 1.0150 0.00 0.0M
596940.000 1968 COM2 65 0R0 344 4.7 14.3 68.7 1.0150 0.00 0.0M
597000.000 1968 COM2 65 0R0 002 2.3 14.3 68.7 1.0150 0.00 0.0M
597060.000 1968 COM2 65 0R0 345 2.1 14.3 68.8 1.0150 0.00 0.0M
597120.000 1968 COM2 65 0R0 313 1.1 14.3 69.1 1.0150 0.00 0.0M
597180.000 1968 COM2 65 0R0 324 2.2 14.3 69.3 1.0151 0.00 0.0M
597240.000 1968 COM2 65 0R0 001 0.7 14.2 69.3 1.0151 0.00 0.0M
597300.000 1968 COM2 65 0R0 322 2.4 14.2 69.4 1.0151 0.00 0.0M
597360.100 1968 COM2 65 0R0 355 1.9 14.3 69.0 1.0151 0.00 0.0M
597420.000 1968 COM2 65 0R0 292 2.8 14.3 69.4 1.0151 0.00 0.0M
597480.000 1968 COM2 65 0R0 303 2.2 14.3 69.2 1.0151 0.00 0.0M
597540.000 1968 COM2 65 0R0 306 2.5 14.3 69.0 1.0152 0.00 0.0M
597600.000 1968 COM2 65 0R0 305 6.5 14.3 69.0 1.0152 0.00 0.0M
597660.000 1968 COM2 65 0R0 358 0.5 14.2 69.1 1.0152 0.00 0.0M
597720.000 1968 COM2 65 0R0 301 0.9 14.3 69.5 1.0153 0.00 0.0M
597780.000 1968 COM2 65 0R0 293 0.8 14.3 68.7 1.0153 0.00 0.0M
597840.000 1968 COM2 65 0R0 347 2.1 14.3 68.8 1.0153 0.00 0.0M
597900.000 1968 COM2 65 0R0 005 1.5 14.3 68.8 1.0153 0.00 0.0M
597960.000 1968 COM2 65 0R0 353 3.6 14.3 68.6 1.0153 0.00 0.0M
598020.000 1968 COM2 65 0R0 283 1.4 14.3 68.7 1.0154 0.00 0.0M
598080.000 1968 COM2 65 0R0 341 3.1 14.3 68.4 1.0154 0.00 0.0M
598140.000 1968 COM2 65 0R0 358 2.9 14.3 67.5 1.0154 0.00 0.0M
598200.000 1968 COM2 65 0R0 351 3.2 14.2 68.4 1.0154 0.00 0.0M
598260.000 1968 COM2 65 0R0 353 2.3 14.2 68.2 1.0154 0.00 0.0M
598320.000 1968 COM2 65 0R0 335 1.2 14.2 68.4 1.0154 0.00 0.0M
598380.000 1968 COM2 65 0R0 299 3.7 14.2 68.0 1.0154 0.00 0.0M
598440.000 1968 COM2 65 0R0 178 2.0 14.2 68.4 1.0155 0.00 0.0M
598500.000 1968 COM2 65 0R0 007 1.4 14.2 67.6 1.0154 0.00 0.0M
598560.000 1968 COM2 65 0R0 311 2.7 14.3 67.5 1.0154 0.00 0.0M
598620.000 1968 COM2 65 0R0 335 4.2 14.3 67.6 1.0155 0.00 0.0M
598680.000 1968 COM2 65 0R0 298 4.7 14.3 67.5 1.0155 0.00 0.0M
598740.000 1968 COM2 65 0R0 354 3.1 14.2 67.7 1.0155 0.00 0.0M
598800.000 1968 COM2 65 0R0 344 4.4 14.2 67.3 1.0155 0.00 0.0M
598860.000 1968 COM2 65 0R0 350 3.5 14.2 67.3 1.0155 0.00 0.0M
598920.000 1968 COM2 65 0R0 035 1.7 14.2 67.7 1.0155 0.00 0.0M
598980.000 1968 COM2 65 0R0 337 4.8 14.2 67.4 1.0156 0.00 0.0M
599040.000 1968 COM2 65 0R0 100 0.7 14.3 66.5 1.0156 0.00 0.0M
599100.000 1968 COM2 65 0R0 302 3.1 14.3 66.1 1.0156 0.00 0.0M
599160.000 1968 COM2 65 0R0 325 2.9 14.3 66.4 1.0156 0.00 0.0M
599220.000 1968 COM2 65 0R0 322 3.0 14.3 65.6 1.0156 0.00 0.0M
599280.000 1968 COM2 65 0R0 347 1.4 14.3 65.5 1.0156 0.00 0.0M
599340.000 1968 COM2 65 0R0 273 2.5 14.3 65.3 1.0155 0.00 0.0M
599400.000 1968 COM2 65 0R0 325 2.0 14.3 65.2 1.0156 0.00 0.0M
599460.000 1968 COM2 65 0R0 029 2.3 14.3 64.9 1.0156 0.00 0.0M
599520.000 1968 COM2 65 0R0 299 3.3 14.3 65.3 1.0156 0.00 0.0M
599580.000 1968 COM2 65 0R0 006 2.4 14.2 64.7 1.0156 0.00 0.0M
599640.000 1968 COM2 65 0R0 332 2.8 14.3 64.6 1.0156 0.00 0.0M
599700.000 1968 COM2 65 0R0 348 1.9 14.3 64.5 1.0156 0.00 0.0M
599760.000 1968 COM2 65 0R0 344 3.7 14.2 64.4 1.0156 0.00 0.0M
599820.000 1968 COM2 65 0R0 330 4.2 14.2 64.0 1.0156 0.00 0.0M
599880.000 1968 COM2 65 0R0 357 4.4 14.2 63.9 1.0156 0.00 0.0M
599940.000 1968 COM2 65 0R0 345 4.6 14.2 63.9 1.0156 0.00 0.0M
600000.000 1968 COM2 65 0R0 294 1.9 14.2 63.7 1.0156 0.00 0.0M
600060.000 1968 COM2 65 0R0 154 0.8 14.2 63.5 1.0156 0.00 0.0M
600120.000 1968 COM2 65 0R0 340 3.2 14.2 63.6 1.0157 0.00 0.0M
600180.000 1968 COM2 65 0R0 336 2.9 14.2 63.2 1.0157 0.00 0.0M
600240.000 1968 COM2 65 0R0 344 2.1 14.2 63.4 1.0157 0.00 0.0M
600300.000 1968 COM2 65 0R0 358 1.5 14.2 63.2 1.0157 0.00 0.0M
600360.000 1968 COM2 65 0R0 003 3.2 14.2 63.7 1.0157 0.00 0.0M
600420.000 1968 COM2 65 0R0 323 3.6 14.1 63.6 1.0158 0.00 0.0M
600480.000 1968 COM2 65 0R0 289 1.3 14.1 63.4 1.0158 0.00 0.0M
600540.000 1968 COM2 65 0R0 056 1.4 14.2 63.2 1.0158 0.00 0.0M
600600.000 1968 COM2 65 0R0 062 0.9 14.2 63.2 1.0158 0.00 0.0M
600660.000 1968 COM2 65 0R0 330 2.6 14.1 63.4 1.0158 0.00 0.0M
600720.000 1968 COM2 65 0R0 334 1.7 14.1 63.2 1.0158 0.00 0.0M
600780.000 1968 COM2 65 0R0 333 2.6 14.1 63.4 1.0158 0.00 0.0M
600840.000 1968 COM2 65 0R0 022 1.8 14.1 63.3 1.0158 0.00 0.0M
600900.000 1968 COM2 65 0R0 029 1.7 14.1 63.4 1.0158 0.00 0.0M
600960.000 1968 COM2 65 0R0 063 1.7 14.1 63.3 1.0158 0.00 0.0M
601020.000 1968 COM2 65 0R0 301 0.6 14.0 63.3 1.0158 0.00 0.0M
601080.000 1968 COM2 65 0R0 345 5.2 14.0 63.2 1.0158 0.00 0.0M
601140.000 1968 COM2 65 0R0 015 0.4 14.0 63.6 1.0158 0.00 0.0M
601200.000 1968 COM2 65 0R0 015 2.3 14.0 63.4 1.0158 0.00 0.0M
601260.000 1968 COM2 65 0R0 339 3.0 14.0 63.3 1.0158 0.00 0.0M
601320.000 1968 COM2 65 0R0 010 0.7 14.0 63.6 1.0158 0.00 0.0M
601380.000 1968 COM2 65 0R0 001 2.8 14.0 63.6 1.0159 0.00 0.0M
601440.000 1968 COM2 65 0R0 344 1.6 14.0 63.7 1.0159 0.00 0.0M
601500.000 1968 COM2 65 0R0 339 3.8 13.9 63.6 1.0159 0.00 0.0M
601560.000 1968 COM2 65 0R0 340 1.5 13.9 63.7 1.0159 0.00 0.0M
601620.000 1968 COM2 65 0R0 032 2.2 13.9 63.9 1.0159 0.00 0.0M
601680.000 1968 COM2 65 0R0 328 2.0 13.9 64.3 1.0159 0.00 0.0M
601740.000 1968 COM2 65 0R0 348 2.0 13.8 63.8 1.0159 0.00 0.0M
601800.000 1968 COM2 65 0R0 296 0.9 13.8 64.5 1.0159 0.00 0.0M
601860.000 1968 COM2 65 0R0 290 0.7 13.8 64.0 1.0159 0.00 0.0M
601920.000 1968 COM2 65 0R0 343 1.2 13.9 64.0 1.0160 0.00 0.0M
601980.000 1968 COM2 65 0R0 356 2.7 13.8 63.9 1.0160 0.00 0.0M
602040.000 1968 COM2 65 0R0 021 1.1 13.8 64.0 1.0160 0.00 0.0M
602100.000 1968 COM2 65 0R0 341 3.9 13.8 63.9 1.0160 0.00 0.0M
602160.000 1968 COM2 65 0R0 030 2.4 13.8 63.9 1.0160 0.00 0.0M
602220.000 1968 COM2 65 0R0 356 2.8 13.7 63.8 1.0160 0.00 0.0M
602280.000 1968 COM2 65 0R0 339 2.8 13.7 64.0 1.0161 0.00 0.0M
602340.000 1968 COM2 65 0R0 324 1.5 13.7 63.9 1.0160 0.00 0.0M
602400.000 1968 COM2 65 0R0 353 2.3 13.7 64.2 1.0161 0.00 0.0M
602460.000 1968 COM2 65 0R0 024 2.6 13.7 64.3 1.0160 0.00 0.0M
602520.000 1968 COM2 65 0R0 320 1.7 13.7 63.8 1.0160 0.00 0.0M
602580.000 1968 COM2 65 0R0 000 3.3 13.7 64.0 1.0161 0.00 0.0M
602640.000 1968 COM2 65 0R0 350 4.2 13.7 63.9 1.0161 0.00 0.0M
602700.000 1968 COM2 65 0R0 002 1.8 13.6 63.9 1.0161 0.00 0.0M
602760.000 1968 COM2 65 0R0 341 0.5 13.6 63.9 1.0161 0.00 0.0M
602820.000 1968 COM2 65 0R0 340 3.3 13.6 63.9 1.0161 0.00 0.0M
602880.000 1968 COM2 65 0R0 346 3.7 13.6 63.9 1.0161 0.00 0.0M
602940.000 1968 COM2 65 0R0 011 1.1 13.6 63.6 1.0160 0.00 0.0M
603000.000 1968 COM2 65 0R0 014 2.1 13.6 63.7 1.0161 0.00 0.0M
603060.000 1968 COM2 65 0R0 337 3.9 13.6 63.6 1.0161 0.00 0.0M
603120.000 1968 COM2 65 0R0 001 1.8 13.6 63.4 1.0161 0.00 0.0M
603180.000 1968 COM2 65 0R0 352 1.4 13.6 63.7 1.0161 0.00 0.0M
603240.000 1968 COM2 65 0R0 330 1.3 13.6 63.8 1.0161 0.00 0.0M
603300.000 1968 COM2 65 0R0 312 1.5 13.6 63.8 1.0162 0.00 0.0M
603360.000 1968 COM2 65 0R0 027 3.0 13.5 63.7 1.0161 0.00 0.0M
603420.000 1968 COM2 65 0R0 332 1.0 13.5 63.6 1.0161 0.00 0.0M
603480.000 1968 COM2 65 0R0 348 3.3 13.5 63.8 1.0162 0.00 0.0M
603540.000 1968 COM2 65 0R0 297 1.9 13.5 63.7 1.0162 0.00 0.0M
603600.000 1968 COM2 65 0R0 340 2.1 13.5 63.7 1.0162 0.00 0.0M
603660.000 1968 COM2 65 0R0 269 1.7 13.5 63.7 1.0162 0.00 0.0M
603720.000 1968 COM2 65 0R0 031 3.2 13.5 63.7 1.0162 0.00 0.0M
603780.100 1968 COM2 65 0R0 005 1.8 13.5 63.7 1.0162 0.00 0.0M
603840.000 1968 COM2 65 0R0 351 2.5 13.5 63.8 1.0163 0.00 0.0M
603900.000 1968 COM2 65 0R0 003 1.4 13.5 63.8 1.0162 0.00 0.0M
603960.000 1968 COM2 65 0R0 319 0.6 13.5 64.0 1.0163 0.00 0.0M
604020.000 1968 COM2 65 0R0 334 0.9 13.5 64.1 1.0163 0.00 0.0M
604080.000 1968 COM2 65 0R0 005 1.3 13.5 64.0 1.0163 0.00 0.0M
604140.000 1968 COM2 65 0R0 066 2.0 13.5 64.1 1.0163 0.00 0.0M
604200.000 1968 COM2 65 0R0 024 1.5 13.5 64.0 1.0164 0.00 0.0M
604260.000 1968 COM2 65 0R0 342 4.0 13.5 64.0 1.0164 0.00 0.0M
604320.000 1968 COM2 65 0R0 345 3.3 13.5 63.9 1.0164 0.00 0.0M
604380.000 1968 COM2 65 0R0 020 2.4 13.5 63.8 1.0164 0.00 0.0M
604440.000 1968 COM2 65 0R0 301 1.1 13.5 63.9 1.0164 0.00 0.0M
604500.000 1968 COM2 65 0R0 296 0.8 13.5 63.9 1.0164 0.00 0.0M
604560.000 1968 COM2 65 0R0 353 1.0 13.4 64.1 1.0164 0.00 0.0M
604620.000 1968 COM2 65 0R0 024 3.6 13.4 63.9 1.0164 0.00 0.0M
604680.000 1968 COM2 65 0R0 340 2.9 13.4 64.0 1.0164 0.00 0.0M
604740.000 1968 COM2 65 0R0 345 2.3 13.4 64.0 1.0164 0.00 0.0M
